21739.0	-0.037517536	-0.017263322257499998
37017.0	0.002990891485000001	0.0232451052275
5949.0	0.04349931897	0.0637535327125
4979.0	0.084007746455	0.1042619601975
11085.0	0.12451617394	0.1447703876825
21314.0	0.165024601425	0.1852788151675
24018.0	0.20553302891	0.2257872426525
15345.0	0.246041456395	0.2662956701375
6834.0	0.28654988387999997	0.30680409762249994
3766.0	0.32705831136499997	0.3473125251075
3755.0	0.36756673884999996	0.38782095259249993
5226.0	0.40807516633499996	0.4283293800775
7712.0	0.44858359381999996	0.4688378075625
10213.0	0.489092021305	0.5093462350475
11570.0	0.52960044879	0.5498546625325
10131.0	0.570108876275	0.5903630900175
7024.0	0.61061730376	0.6308715175025
3990.0	0.6511257312450001	0.6713799449875
1898.0	0.69163415873	0.7118883724725
1066.0	0.732142586215	0.7523967999575
780.0	0.7726510137	0.7929052274425
641.0	0.813159441185	0.8334136549275
711.0	0.85366786867	0.8739220824125
722.0	0.8941762961549999	0.9144305098975
742.0	0.93468472364	0.9549389373825
861.0	0.975193151125	0.9954473648675001
845.0	1.01570157861	1.0359557923525
927.0	1.056210006095	1.0764642198374998
918.0	1.09671843358	1.1169726473225001
884.0	1.137226861065	1.1574810748075
843.0	1.1777352885499999	1.1979895022924998
918.0	1.218243716035	1.2384979297775
794.0	1.25875214352	1.2790063572625
708.0	1.299260571005	1.3195147847475002
647.0	1.33976899849	1.3600232122325
633.0	1.380277425975	1.4005316397174998
562.0	1.42078585346	1.4410400672025
521.0	1.461294280945	1.4815484946875
493.0	1.5018027084299999	1.5220569221724998
440.0	1.542311135915	1.5625653496575
443.0	1.5828195634	1.6030737771424999
449.0	1.623327990885	1.6435822046275002
474.0	1.66383641837	1.6840906321125
554.0	1.704344845855	1.7245990595974998
674.0	1.74485327334	1.7651074870825
780.0	1.785361700825	1.8056159145675
889.0	1.8258701283099998	1.8461243420524998
1119.0	1.866378555795	1.8866327695375
1258.0	1.90688698328	1.9271411970224999
1392.0	1.947395410765	1.9676496245075001
1543.0	1.98790383825	2.0081580519925
1563.0	2.0284122657349997	2.0486664794775
1518.0	2.06892069322	2.0891749069624996
1594.0	2.1094291207049998	2.1296833344475
1541.0	2.1499375481899996	2.1701917619324997
1605.0	2.190445975675	2.2107001894174996
1827.0	2.2309544031599997	2.2512086169025
1970.0	2.2714628306449995	2.2917170443874997
2294.0	2.31197125813	2.3322254718724995
2356.0	2.3524796856149996	2.3727338993575
2606.0	2.3929881130999995	2.4132423268424996
2777.0	2.4334965405849998	2.4537507543274995
2582.0	2.4740049680699996	2.4942591818124997
2296.0	2.514513395555	2.5347676092975
2058.0	2.5550218230399997	2.5752760367824994
1616.0	2.5955302505249995	2.6157844642674997
1398.0	2.63603867801	2.6562928917525
945.0	2.6765471054949996	2.6968013192374998
683.0	2.71705553298	2.7373097467224996
515.0	2.7575639604649997	2.7778181742075
328.0	2.7980723879499996	2.8183266016924997
248.0	2.838580815435	2.8588350291774995
184.0	2.8790892429199997	2.8993434566625
118.0	2.9195976704049995	2.9398518841474996
78.0	2.96010609789	2.9803603116324995
49.0	3.0006145253749996	3.0208687391174998
41.0	3.0411229528599995	3.0613771666024996
36.0	3.0816313803449997	3.1018855940874994
40.0	3.1221398078299996	3.1423940215724997
23.0	3.162648235315	3.1829024490575
30.0	3.2031566627999997	3.2234108765424994
36.0	3.2436650902849995	3.2639193040274996
27.0	3.2841735177699998	3.3044277315125
22.0	3.3246819452549996	3.3449361589974997
25.0	3.36519037274	3.3854445864824996
24.0	3.4056988002249997	3.4259530139675
26.0	3.4462072277099995	3.4664614414524997
29.0	3.486715655195	3.5069698689374995
21.0	3.5272240826799997	3.5474782964225
30.0	3.5677325101649995	3.5879867239074996
27.0	3.6082409376499998	3.6284951513924995
26.0	3.6487493651349996	3.6690035788774997
25.0	3.6892577926199994	3.7095120063624996
24.0	3.7297662201049997	3.7500204338474994
24.0	3.7702746475899995	3.7905288613324997
21.0	3.810783075075	3.8310372888175
23.0	3.8512915025599996	3.8715457163024993
20.0	3.8917999300449995	3.9120541437874996
25.0	3.9323083575299997	3.9525625712725
17.0	3.9728167850149996	3.9930709987574997
18.0	4.0133252125	4.0335794262424995
18.0	4.053833639984999	4.0740878537275
25.0	4.0943420674699995	4.114596281212499
15.0	4.134850494955	4.1551047086975
16.0	4.17535892244	4.1956131361825
19.0	4.2158673499249995	4.236121563667499
18.0	4.25637577741	4.2766299911525
19.0	4.296884204895	4.3171384186375
16.0	4.337392632379999	4.357646846122499
13.0	4.377901059865	4.3981552736075
19.0	4.41840948735	4.4386637010925
17.0	4.458917914834999	4.479172128577499
22.0	4.49942634232	4.5196805560625
11.0	4.539934769805	4.5601889835475
11.0	4.580443197289999	4.600697411032499
8.0	4.6209516247749995	4.6412058385175
10.0	4.66146005226	4.6817142660024995
15.0	4.701968479744999	4.722222693487499
7.0	4.7424769072299995	4.7627311209725
17.0	4.782985334715	4.8032395484574995
11.0	4.823493762199999	4.843747975942499
7.0	4.864002189684999	4.8842564034275
11.0	4.90451061717	4.924764830912499
8.0	4.945019044655	4.9652732583975
8.0	4.985527472139999	5.0057816858825
10.0	5.026035899625	5.046290113367499
15.0	5.06654432711	5.0867985408525
9.0	5.107052754594999	5.1273069683375
4.0	5.14756118208	5.167815395822499
8.0	5.188069609565	5.2083238233074995
7.0	5.228578037049999	5.2488322507925
11.0	5.2690864645349995	5.289340678277499
8.0	5.30959489202	5.3298491057624995
6.0	5.350103319504999	5.3703575332475
5.0	5.3906117469899995	5.410865960732499
5.0	5.431120174475	5.4513743882175
7.0	5.47162860196	5.4918828157025
9.0	5.512137029444999	5.532391243187499
8.0	5.55264545693	5.5728996706725
9.0	5.593153884415	5.6134080981575
9.0	5.633662311899999	5.653916525642499
5.0	5.674170739385	5.6944249531275
6.0	5.71467916687	5.7349333806125
2.0	5.755187594354999	5.775441808097499
1.0	5.7956960218399995	5.8159502355825
5.0	5.836204449325	5.8564586630674995
5.0	5.876712876809999	5.896967090552499
2.0	5.9172213042949995	5.9374755180375
2.0	5.95772973178	5.9779839455224995
4.0	5.998238159264999	6.018492373007499
3.0	6.038746586749999	6.0590008004925
1.0	6.079255014235	6.099509227977499
2.0	6.119763441719999	6.140017655462499
1.0	6.160271869204999	6.1805260829475
0.0	6.20078029669	6.221034510432499
3.0	6.241288724175	6.2615429379175
3.0	6.281797151659999	6.3020513654025
0.0	6.322305579145	6.342559792887499
2.0	6.36281400663	6.3830682203724995
3.0	6.403322434114999	6.4235766478575
2.0	6.4438308615999995	6.464085075342499
2.0	6.484339289085	6.5045935028274995
4.0	6.524847716569999	6.5451019303125
2.0	6.5653561440549995	6.585610357797499
0.0	6.60586457154	6.626118785282499
1.0	6.646372999024999	6.6666272127675
1.0	6.686881426509999	6.707135640252499
0.0	6.727389853995	6.7476440677375
2.0	6.76789828148	6.7881524952225
0.0	6.808406708964999	6.828660922707499
0.0	6.84891513645	6.8691693501925
1.0	6.889423563935	6.9096777776775
0.0	6.929931991419999	6.950186205162499
0.0	6.9704404189049995	6.9906946326475
0.0	7.01094884639	7.0312030601324995
1.0	7.051457273874999	7.071711487617499
0.0	7.0919657013599995	7.1122199151025
1.0	7.132474128845	7.1527283425874995
0.0	7.172982556329999	7.193236770072499
3.0	7.213490983814999	7.2337451975575
1.0	7.2539994113	7.274253625042499
1.0	7.294507838784999	7.314762052527499
1.0	7.335016266269999	7.3552704800125
1.0	7.375524693755	7.395778907497499
0.0	7.416033121239999	7.436287334982499
3.0	7.456541548724999	7.4767957624675
0.0	7.49704997621	7.517304189952499
1.0	7.537558403695	7.5578126174374995
0.0	7.578066831179999	7.5983210449225
0.0	7.6185752586649995	7.638829472407499
0.0	7.65908368615	7.6793378998924995
0.0	7.699592113634999	7.7198463273775
0.0	7.7401005411199995	7.760354754862499
0.0	7.780608968605	7.800863182347499
0.0	7.821117396089999	7.8413716098325
0.0	7.861625823574999	7.881880037317499
0.0	7.90213425106	7.922388464802499
0.0	7.942642678544999	7.9628968922875
0.0	7.983151106029999	8.003405319772499
1.0	8.023659533515	8.0439137472575
