LECROYHDO9204-MSöv,30454,Waveform
Segments,1,SegmentSize,2002
Ampl
-0.0146551
-0.0160419
-0.0174837
-0.0182115
-0.0178682
-0.0166873
-0.015424
-0.0148336
-0.0150807
-0.0157673
-0.0164539
-0.0170443
-0.0175798
-0.0179643
-0.0177583
-0.0164951
-0.0143393
-0.0121285
-0.0109065
-0.0110987
-0.0124169
-0.0141882
-0.0157673
-0.0167697
-0.0170718
-0.0167285
-0.0159458
-0.0149846
-0.0142706
-0.0141745
-0.0147924
-0.0157398
-0.0164539
-0.0166736
-0.0165912
-0.0165912
-0.0168658
-0.0172091
-0.0172228
-0.0166736
-0.0157261
-0.0148748
-0.0146551
-0.0151906
-0.016193
-0.0171816
-0.0177034
-0.0176348
-0.0171954
-0.0168521
-0.0170306
-0.0177034
-0.0184861
-0.0189118
-0.0188294
-0.0183076
-0.0176622
-0.0172091
-0.017113
-0.0173052
-0.0174837
-0.0172777
-0.0165225
-0.0153416
-0.0141882
-0.0135429
-0.0134605
-0.0134467
-0.0130211
-0.0122796
-0.0119912
-0.0127327
-0.0142981
-0.0159321
-0.0168383
-0.016701
-0.0156987
-0.0144766
-0.0136527
-0.0135017
-0.0137626
-0.0140784
-0.0141882
-0.014202
-0.0142431
-0.0143805
-0.0146414
-0.0151082
-0.0158634
-0.0169345
-0.0179918
-0.0185273
-0.0180741
-0.0167422
-0.0151357
-0.0140234
-0.0138587
-0.0146139
-0.0158909
-0.0171679
-0.0180467
-0.0183076
-0.0178956
-0.0168521
-0.0155613
-0.0146276
-0.0144628
-0.0148336
-0.0150396
-0.0146414
-0.0139411
-0.0136939
-0.0144491
-0.0161381
-0.0181565
-0.0195708
-0.0196258
-0.0181016
-0.0154652
-0.0126778
-0.0106868
-0.0101238
-0.0109614
-0.0126229
-0.0142706
-0.0152867
-0.0155613
-0.0154103
-0.0152181
-0.0151906
-0.0153416
-0.0155476
-0.0157261
-0.0157948
-0.0156163
-0.0150533
-0.0143118
-0.0138724
-0.0141608
-0.0150807
-0.0160145
-0.0163166
-0.0158085
-0.014861
-0.0141745
-0.0142569
-0.014916
-0.015424
-0.0151494
-0.0141058
-0.01287
-0.0119638
-0.0116068
-0.0118814
-0.0126229
-0.0134055
-0.0136802
-0.0132408
-0.0125679
-0.0124856
-0.013433
-0.0149984
-0.0161792
-0.0161106
-0.0147787
-0.0128975
-0.0112635
-0.0103847
-0.0103572
-0.0111674
-0.0126641
-0.0144491
-0.0159321
-0.0167285
-0.0168383
-0.0165363
-0.0160557
-0.0155888
-0.0151219
-0.0145452
-0.0137626
-0.0130211
-0.0127602
-0.0132957
-0.0145178
-0.0160282
-0.0174288
-0.0183488
-0.0184449
-0.0177446
-0.0167422
-0.0160969
-0.0160419
-0.0163577
-0.0167422
-0.0171954
-0.0178819
-0.0187332
-0.01931
-0.0191726
-0.0182115
-0.016907
-0.0159595
-0.015781
-0.016193
-0.0166736
-0.016907
-0.0169757
-0.0171954
-0.017621
-0.0178819
-0.017621
-0.016907
-0.0163303
-0.016344
-0.0169482
-0.0179231
-0.0190903
-0.0201888
-0.0207655
-0.0205046
-0.019612
-0.0186921
-0.0181703
-0.0178819
-0.0174837
-0.0169345
-0.0164951
-0.0164127
-0.0166324
-0.0168795
-0.0169894
-0.0169894
-0.0170306
-0.0171954
-0.0174562
-0.0176897
-0.0178133
-0.0176485
-0.0171816
-0.0166049
-0.0163028
-0.0163166
-0.0162616
-0.0156987
-0.0147375
-0.0138861
-0.0135154
-0.0134742
-0.0134879
-0.0134742
-0.0135566
-0.0136527
-0.0135291
-0.0129799
-0.0120599
-0.0112086
-0.011085
-0.0120873
-0.0139411
-0.0158085
-0.0168246
-0.0165088
-0.0150121
-0.0130073
-0.0115106
-0.0110987
-0.0115518
-0.0121835
-0.0125267
-0.0125817
-0.012513
-0.0123208
-0.0121285
-0.0121011
-0.0122384
-0.0124032
-0.0125405
-0.0127464
-0.0129524
-0.0127602
-0.0120462
-0.0112086
-0.0110026
-0.0119226
-0.0136802
-0.0155064
-0.0166598
-0.0168109
-0.0161792
-0.0151631
-0.0140921
-0.0132408
-0.0127739
-0.0127327
-0.0130348
-0.0134467
-0.0138037
-0.0139823
-0.0138587
-0.0133369
-0.0125405
-0.0119638
-0.0120187
-0.0127876
-0.0139823
-0.0151219
-0.0157948
-0.0158909
-0.0156712
-0.015273
-0.0145452
-0.0133369
-0.0120324
-0.0112635
-0.0112909
-0.0116891
-0.0121148
-0.0127876
-0.0140509
-0.0157673
-0.0172091
-0.0177171
-0.0172228
-0.0161792
-0.0151219
-0.0143667
-0.0140784
-0.0142569
-0.0147649
-0.0151494
-0.0149709
-0.0141196
-0.0131584
-0.0129387
-0.0139548
-0.0158772
-0.0177309
-0.0185135
-0.0178819
-0.0162342
-0.0144079
-0.0131035
-0.012513
-0.0124581
-0.0127053
-0.0131858
-0.0137488
-0.0141745
-0.014353
-0.0143667
-0.0144766
-0.014861
-0.0155476
-0.0164264
-0.0172777
-0.0177446
-0.0175936
-0.0169207
-0.0161518
-0.0158085
-0.0161655
-0.0169207
-0.0175112
-0.0175524
-0.0170718
-0.0162891
-0.0155613
-0.0151494
-0.0153691
-0.0162479
-0.0174151
-0.0182938
-0.0184998
-0.0181428
-0.0176897
-0.0173739
-0.0171679
-0.0169345
-0.0167971
-0.0169894
-0.017621
-0.0185273
-0.0192688
-0.0195159
-0.0191315
-0.0182252
-0.0169619
-0.0157124
-0.0150258
-0.0152867
-0.0163303
-0.0174425
-0.0179643
-0.0176759
-0.0168109
-0.0158085
-0.0150945
-0.014916
-0.0152593
-0.0156987
-0.0158085
-0.0153966
-0.01471
-0.0141882
-0.0142569
-0.0149297
-0.0157673
-0.0161792
-0.0160831
-0.0158497
-0.015781
-0.015781
-0.0157536
-0.0159184
-0.0166324
-0.0177721
-0.0185685
-0.0183213
-0.017058
-0.0155476
-0.0146002
-0.0144491
-0.0149846
-0.0159184
-0.0169619
-0.0175661
-0.017264
-0.0161792
-0.0150258
-0.014559
-0.014916
-0.0156987
-0.0164264
-0.0167971
-0.0167148
-0.0161792
-0.0153828
-0.0146276
-0.0142157
-0.0142843
-0.0148199
-0.0155064
-0.0158909
-0.0157124
-0.0152455
-0.0149984
-0.0153691
-0.0164813
-0.018335
-0.020587
-0.0225231
-0.0233332
-0.0230036
-0.0225231
-0.023086
-0.0252144
-0.028551
-0.0322859
-0.0356913
-0.038616
-0.041582
-0.045207
-0.0495872
-0.0542421
-0.0586498
-0.0626731
-0.0664491
-0.07039
-0.0749762
-0.0804824
-0.0868949
-0.0939253
-0.101134
-0.107849
-0.113273
-0.117049
-0.11985
-0.122884
-0.127031
-0.132084
-0.137055
-0.140941
-0.143399
-0.144786
-0.145898
-0.147518
-0.150058
-0.153326
-0.1568
-0.159945
-0.162622
-0.164888
-0.166591
-0.167332
-0.16692
-0.165726
-0.164627
-0.16438
-0.164998
-0.165849
-0.166165
-0.165492
-0.163858
-0.161689
-0.159821
-0.15908
-0.159656
-0.160741
-0.161126
-0.160068
-0.157679
-0.154686
-0.152063
-0.150374
-0.149537
-0.148946
-0.14804
-0.146639
-0.144909
-0.143014
-0.141037
-0.139032
-0.137192
-0.13586
-0.135311
-0.135503
-0.136149
-0.136835
-0.137179
-0.136876
-0.135819
-0.134364
-0.133169
-0.132647
-0.132661
-0.13273
-0.132675
-0.132812
-0.13343
-0.134364
-0.135256
-0.136011
-0.136849
-0.137879
-0.138909
-0.139719
-0.140282
-0.140598
-0.140653
-0.140378
-0.139911
-0.139664
-0.139925
-0.140707
-0.141682
-0.142657
-0.143564
-0.144442
-0.145225
-0.145843
-0.146351
-0.146886
-0.147408
-0.147559
-0.146928
-0.145486
-0.143824
-0.142877
-0.143303
-0.144882
-0.146667
-0.147628
-0.147422
-0.146516
-0.145884
-0.146255
-0.147697
-0.149482
-0.150731
-0.150923
-0.150086
-0.148548
-0.146749
-0.145129
-0.144154
-0.144223
-0.145472
-0.147532
-0.149468
-0.150155
-0.148987
-0.146598
-0.144442
-0.143618
-0.143934
-0.144195
-0.143509
-0.142122
-0.141023
-0.140858
-0.141545
-0.142479
-0.143028
-0.142808
-0.141943
-0.14101
-0.140611
-0.140872
-0.141353
-0.141435
-0.140927
-0.140035
-0.139307
-0.139115
-0.139527
-0.140213
-0.140653
-0.140474
-0.139623
-0.138414
-0.137426
-0.13711
-0.137508
-0.138359
-0.139238
-0.13987
-0.140048
-0.139705
-0.139046
-0.138469
-0.138359
-0.13873
-0.13943
-0.140282
-0.141119
-0.14182
-0.142122
-0.141833
-0.141092
-0.140241
-0.139678
-0.139485
-0.139527
-0.139733
-0.140186
-0.140694
-0.140762
-0.139856
-0.138112
-0.136437
-0.135943
-0.137014
-0.138964
-0.140611
-0.141119
-0.140501
-0.139513
-0.138881
-0.138799
-0.138813
-0.138579
-0.138153
-0.137851
-0.137618
-0.13722
-0.136574
-0.135956
-0.135737
-0.135998
-0.136519
-0.136931
-0.136959
-0.136698
-0.136437
-0.136506
-0.137069
-0.13814
-0.139362
-0.140062
-0.139609
-0.137961
-0.135847
-0.13435
-0.134075
-0.134913
-0.13619
-0.137206
-0.137563
-0.13733
-0.136794
-0.136135
-0.135421
-0.134762
-0.134419
-0.13457
-0.135188
-0.136025
-0.136808
-0.137288
-0.137398
-0.137137
-0.136478
-0.135448
-0.134322
-0.133677
-0.133897
-0.134776
-0.135709
-0.136245
-0.136313
-0.136053
-0.135448
-0.134419
-0.133196
-0.132345
-0.132386
-0.133279
-0.134364
-0.134858
-0.134528
-0.133746
-0.132991
-0.132414
-0.132002
-0.131947
-0.132469
-0.133279
-0.133622
-0.132977
-0.131549
-0.130217
-0.129695
-0.12997
-0.130478
-0.130807
-0.131013
-0.13137
-0.131741
-0.131672
-0.130931
-0.129942
-0.129503
-0.12997
-0.13089
-0.131274
-0.130533
-0.12894
-0.127443
-0.126894
-0.127251
-0.127855
-0.128226
-0.128459
-0.128802
-0.129297
-0.129613
-0.129393
-0.128597
-0.127512
-0.126647
-0.126125
-0.125658
-0.124944
-0.124106
-0.12364
-0.123777
-0.124244
-0.124477
-0.124271
-0.123887
-0.123763
-0.124038
-0.124505
-0.124862
-0.125026
-0.125205
-0.125562
-0.125919
-0.125768
-0.124807
-0.123269
-0.12169
-0.12044
-0.119561
-0.119081
-0.119191
-0.119987
-0.121264
-0.1225
-0.123132
-0.123022
-0.122459
-0.122006
-0.121909
-0.122102
-0.12239
-0.122596
-0.122417
-0.121497
-0.119877
-0.118161
-0.116994
-0.116554
-0.116719
-0.117309
-0.118298
-0.119438
-0.120344
-0.120715
-0.120619
-0.120426
-0.120385
-0.120454
-0.120303
-0.119506
-0.117845
-0.115662
-0.113726
-0.11271
-0.112668
-0.112984
-0.113012
-0.112655
-0.112366
-0.112572
-0.11319
-0.113781
-0.114151
-0.114563
-0.11525
-0.115991
-0.116321
-0.116087
-0.115552
-0.114989
-0.114344
-0.113492
-0.1126
-0.112105
-0.112311
-0.113067
-0.113918
-0.11455
-0.114879
-0.114865
-0.11444
-0.113739
-0.113314
-0.113602
-0.114398
-0.114948
-0.114797
-0.114151
-0.113533
-0.11308
-0.112517
-0.11168
-0.110801
-0.110293
-0.110389
-0.110952
-0.111707
-0.112586
-0.11363
-0.114646
-0.115209
-0.114934
-0.113726
-0.111872
-0.109936
-0.108659
-0.108755
-0.110334
-0.112476
-0.113602
-0.112737
-0.11043
-0.108316
-0.107753
-0.108727
-0.110128
-0.110787
-0.110279
-0.109098
-0.108041
-0.107533
-0.10745
-0.107313
-0.10686
-0.106311
-0.106077
-0.106311
-0.106585
-0.10627
-0.105102
-0.103688
-0.102988
-0.103372
-0.104361
-0.105006
-0.104869
-0.104306
-0.104018
-0.104388
-0.105336
-0.106338
-0.106791
-0.106325
-0.105212
-0.104073
-0.103359
-0.103057
-0.102974
-0.103125
-0.103619
-0.10432
-0.104732
-0.104402
-0.103345
-0.10226
-0.102027
-0.102905
-0.104155
-0.104745
-0.104375
-0.103674
-0.10351
-0.10399
-0.104512
-0.104457
-0.103812
-0.103111
-0.102988
-0.103702
-0.105102
-0.10664
-0.107547
-0.107203
-0.105611
-0.10351
-0.101903
-0.101477
-0.102342
-0.103976
-0.105487
-0.105981
-0.105144
-0.103441
-0.101821
-0.100942
-0.100942
-0.10156
-0.102439
-0.103166
-0.103331
-0.102713
-0.101532
-0.100406
-0.0998434
-0.0999121
-0.100255
-0.100544
-0.100777
-0.10123
-0.102027
-0.102782
-0.102851
-0.101917
-0.100338
-0.0988136
-0.0978798
-0.0977151
-0.0982369
-0.0990745
-0.0995962
-0.0991843
-0.0978798
-0.0964106
-0.095724
-0.096136
-0.0971384
-0.0978524
-0.0976327
-0.0965205
-0.0951199
-0.0942136
-0.0941038
-0.0945294
-0.0948727
-0.0946805
-0.0939115
-0.0928954
-0.0921814
-0.0920716
-0.0925109
-0.0932387
-0.0941862
-0.0953396
-0.096493
-0.0971658
-0.097056
-0.0963282
-0.0953533
-0.094447
-0.093733
-0.0932524
-0.0930327
-0.0928817
-0.0924698
-0.091536
-0.0903689
-0.0897235
-0.0901355
-0.0914125
-0.0926895
-0.0932799
-0.0930739
-0.0924011
-0.0916322
-0.0908357
-0.0901629
-0.0898059
-0.0898746
-0.090314
-0.0907946
-0.0910142
-0.0907534
-0.0900393
-0.0892155
-0.0886662
-0.0885564
-0.0884877
-0.0880346
-0.0870185
-0.0856865
-0.0845469
-0.0841624
-0.0848901
-0.0867301
-0.0891468
-0.0913163
-0.0924835
-0.0924423
-0.0913987
-0.0899569
-0.0887211
-0.088117
-0.0881994
-0.0886388
-0.0888035
-0.0882405
-0.0870597
-0.0859612
-0.0856728
-0.0861671
-0.0867713
-0.086785
-0.0862495
-0.0858788
-0.0862907
-0.0874167
-0.0885152
-0.0887623
-0.0878012
-0.086071
-0.0844507
-0.0837779
-0.0842997
-0.0854668
-0.0861809
-0.0856591
-0.0841898
-0.0828442
-0.0824734
-0.0828442
-0.0829678
-0.0822537
-0.0808944
-0.0796311
-0.0790681
-0.0794389
-0.0806335
-0.0822812
-0.0837642
-0.0845743
-0.0845057
-0.0836681
-0.0822812
-0.080606
-0.0790544
-0.078203
-0.0783953
-0.0793153
-0.0801803
-0.0803451
-0.0799744
-0.0797821
-0.0801254
-0.0805648
-0.0804138
-0.0795075
-0.0783678
-0.0775714
-0.0773929
-0.0778323
-0.0788209
-0.0801117
-0.0811964
-0.0815947
-0.0811141
-0.0799744
-0.0785738
-0.0773242
-0.0763905
-0.075649
-0.0750037
-0.0746055
-0.0746879
-0.0753332
-0.0762807
-0.0772281
-0.0778048
-0.0777225
-0.0770222
-0.0761022
-0.0754843
-0.0754293
-0.0758687
-0.076569
-0.0772419
-0.0775989
-0.0775714
-0.0774753
-0.0777362
-0.0783816
-0.0789445
-0.0787248
-0.0774204
-0.0754705
-0.0737816
-0.0731088
-0.0734795
-0.0743308
-0.0748938
-0.0747977
-0.0741798
-0.0735756
-0.0734795
-0.0739738
-0.0747428
-0.0753195
-0.0754431
-0.0750998
-0.0744682
-0.0737267
-0.0732049
-0.0731912
-0.0736855
-0.0743034
-0.0745505
-0.0742897
-0.0737679
-0.07315
-0.0724085
-0.0716807
-0.0713786
-0.0717906
-0.0727792
-0.0740013
-0.0750998
-0.0758825
-0.0762807
-0.0763356
-0.076061
-0.0754431
-0.0746055
-0.0739738
-0.0738091
-0.0738915
-0.0737404
-0.0732324
-0.0727655
-0.0728479
-0.0734521
-0.0740974
-0.0743171
-0.0740837
-0.0737541
-0.0737679
-0.074427
-0.0756079
-0.076775
-0.0773792
-0.0770908
-0.0760061
-0.0745643
-0.0734521
-0.0730676
-0.0732324
-0.0733422
-0.0731362
-0.0729028
-0.073095
-0.0737267
-0.0743034
-0.0742622
-0.0733834
-0.0720652
-0.0710628
-0.0710628
-0.0721339
-0.073658
-0.0748938
-0.0754843
-0.0755255
-0.0753195
-0.0750174
-0.0745368
-0.0737953
-0.0729715
-0.0723673
-0.0720515
-0.0717357
-0.0712276
-0.070747
-0.0707333
-0.0713237
-0.0721613
-0.0726694
-0.0724771
-0.0715571
-0.0702664
-0.0692366
-0.0689757
-0.06947
-0.070239
-0.0706646
-0.070541
-0.070033
-0.0694425
-0.0689345
-0.0685088
-0.068042
-0.0675888
-0.0674653
-0.0679184
-0.0688109
-0.0697446
-0.0705273
-0.0712139
-0.0718592
-0.0722849
-0.0723124
-0.072024
-0.0716121
-0.0710628
-0.0703213
-0.0693602
-0.068344
-0.0675614
-0.0673279
-0.0676438
-0.068042
-0.0680557
-0.0676712
-0.0674241
-0.06763
-0.0680832
-0.0684127
-0.0684264
-0.0681655
-0.0676575
-0.0669847
-0.0662157
-0.0654742
-0.0649662
-0.065076
-0.0660921
-0.0677261
-0.069113
-0.0695249
-0.0690169
-0.0681793
-0.0674378
-0.06671
-0.0657763
-0.0647739
-0.0640874
-0.0640187
-0.064513
-0.0653232
-0.0661883
-0.066916
-0.0674515
-0.067836
-0.0682479
-0.0688933
-0.0697584
-0.0705548
-0.0710079
-0.0708843
-0.0701154
-0.068756
-0.067067
-0.0655017
-0.0644581
-0.0640874
-0.064211
-0.0645817
-0.0650074
-0.0654742
-0.0659686
-0.0665865
-0.0672593
-0.0677399
-0.0677948
-0.0674378
-0.0670533
-0.0670259
-0.0673279
-0.0677261
-0.0678772
-0.0675339
-0.0665865
-0.0653369
-0.0642384
-0.0635381
-0.0631399
-0.062934
-0.0630163
-0.0634146
-0.0638814
-0.0641148
-0.0641286
-0.0639775
-0.0634695
-0.0623572
-0.0609017
-0.0598307
-0.0597346
-0.0606546
-0.0620277
-0.0630575
-0.0631262
-0.0621238
-0.0604486
-0.0587459
-0.0575376
-0.0571531
-0.05762
-0.0586636
-0.059817
-0.060682
-0.0610802
-0.0610665
-0.0608331
-0.0606134
-0.0605997
-0.060737
-0.0607232
-0.0603937
-0.059817
-0.0590755
-0.0581555
-0.057263
-0.0569746
-0.0576749
-0.059048
-0.0601328
-0.0600641
-0.0587734
-0.0570158
-0.0558349
-0.0556839
-0.0560684
-0.0561507
-0.0556015
-0.0547914
-0.0541872
-0.0538988
-0.0538851
-0.0540499
-0.0542696
-0.0544481
-0.0548188
-0.0556839
-0.0569746
-0.058183
-0.0587597
-0.0587048
-0.0584027
-0.058128
-0.0580045
-0.0580731
-0.0583752
-0.0586224
-0.0583615
-0.0574552
-0.0563155
-0.055629
-0.0558075
-0.0567687
-0.058128
-0.0594325
-0.06038
-0.0607507
-0.0603113
-0.0590068
-0.0571669
-0.0553955
-0.0542284
-0.0538027
-0.0539812
-0.0546266
-0.0555603
-0.0564254
-0.0567412
-0.0563155
-0.0555054
-0.0549424
-0.0550111
-0.0556152
-0.0564666
-0.0573179
-0.0580457
-0.0583889
-0.0580594
-0.0569884
-0.0556564
-0.0547914
-0.0547227
-0.0550248
-0.0551209
-0.05486
-0.0544206
-0.0538988
-0.0534732
-0.0534594
-0.0541597
-0.0552857
-0.0560958
-0.0559036
-0.0546952
-0.053075
-0.051949
-0.0517842
-0.0524708
-0.0533496
-0.0538439
-0.053789
-0.0532397
-0.0523335
-0.0513586
-0.0506857
-0.050521
-0.050672
-0.050823
-0.0508642
-0.0507819
-0.0506583
-0.0507269
-0.0513448
-0.0527317
-0.0545167
-0.0559448
-0.0563842
-0.0557251
-0.0543245
-0.0527729
-0.0515508
-0.050823
-0.0504248
-0.0502326
-0.0503974
-0.0510565
-0.0518254
-0.0520177
-0.051235
-0.0498893
-0.0489419
-0.0491204
-0.0503699
-0.0518941
-0.0527729
-0.052718
-0.0520589
-0.0513036
-0.0507544
-0.0505759
-0.0508642
-0.0514409
-0.0518666
-0.0519765
-0.0519627
-0.0521687
-0.0525806
-0.0529102
-0.0528553
-0.052306
-0.051386
-0.0504935
-0.0500541
-0.0501639
-0.0504248
-0.0505072
-0.0503974
-0.0502875
-0.0501228
-0.0496147
-0.0486398
-0.0473079
-0.0459897
-0.045207
-0.0453031
-0.046127
-0.0469371
-0.0470882
-0.0465526
-0.0458249
-0.0454953
-0.0458112
-0.0466488
-0.0475413
-0.0478434
-0.0472392
-0.0459897
-0.0447539
-0.0439986
-0.0438476
-0.0441634
-0.0447127
-0.0450559
-0.0448088
-0.0440673
-0.0433395
-0.0431473
-0.0436966
-0.04485
-0.0462643
-0.0472529
-0.0472117
-0.0461956
-0.0448774
-0.044081
-0.0442046
-0.0449324
-0.0456327
-0.0458524
-0.0455915
-0.0451246
-0.0447676
-0.0446028
-0.0445342
-0.0444655
-0.0443831
-0.044438
-0.04485
-0.0456464
-0.0464977
-0.0468959
-0.0467174
-0.046278
-0.0459073
-0.0455365
-0.0448774
-0.0439025
-0.0429825
-0.0425431
-0.0428178
-0.0436142
-0.0444106
-0.0446577
-0.0442595
-0.0436828
-0.0435318
-0.0440124
-0.045001
-0.0462094
-0.0472392
-0.0475825
-0.0470058
-0.0458386
-0.0447676
-0.0442595
-0.0443145
-0.0445342
-0.0445479
-0.0442183
-0.0437515
-0.0435181
-0.0436554
-0.0439163
-0.0439163
-0.0435318
-0.0429413
-0.0423509
-0.041939
-0.0418154
-0.041939
-0.0421037
-0.0421449
-0.0421312
-0.0423234
-0.0428452
-0.0436142
-0.0443282
-0.0447951
-0.0449598
-0.045001
-0.0449873
-0.0447813
-0.0441909
-0.0434357
-0.0430375
-0.0432846
-0.0438613
-0.0442046
-0.044136
-0.0438476
-0.0434082
-0.0426118
-0.0413623
-0.0400715
-0.0393712
-0.0396184
-0.0405247
-0.0414172
-0.0416643
-0.0411837
-0.0402912
-0.0395085
-0.0390966
-0.0392339
-0.0397969
-0.0404148
-0.0407032
-0.0406894
-0.0407443
-0.0410464
-0.0413485
-0.041376
-0.0411288
-0.040964
-0.0411563
-0.0417467
-0.0424333
-0.0427628
-0.0424745
-0.0416506
-0.0406894
-0.0399067
-0.0395085
-0.0395085
-0.0397694
-0.0400715
-0.0401539
-0.0399891
-0.0398656
-0.0400578
-0.0404835
-0.0407032
-0.0403736
-0.039536
-0.0385336
-0.0377372
-0.0372841
-0.0370781
-0.0369408
-0.0368859
-0.0371056
-0.037696
-0.0383826
-0.0389318
-0.0393575
-0.0397282
-0.0398106
-0.0392339
-0.0380256
-0.0367348
-0.0359796
-0.0360483
-0.0367623
-0.0377098
-0.0384375
-0.0387671
-0.0387671
-0.0385886
-0.0382453
-0.0377921
-0.0373527
-0.0371056
-0.0371742
-0.0375862
-0.0381766
-0.0385474
-0.0384512
-0.0379569
-0.0372704
-0.0363229
-0.0350734
-0.0338788
-0.0334256
-0.0340161
-0.0352519
-0.0362954
-0.0365563
-0.0359659
-0.0349086
-0.0340161
-0.0339062
-0.0347438
-0.0361307
-0.037339
-0.0376274
-0.0366525
-0.0347987
-0.033151
-0.0327391
-0.0337414
-0.0354029
-0.0366662
-0.0368996
-0.0361856
-0.0350596
-0.0342907
-0.0343319
-0.0350596
-0.0358835
-0.0362405
-0.0360208
-0.0355265
-0.035142
-0.0350047
-0.0349772
-0.0347987
-0.034428
-0.0342083
-0.034634
-0.0358698
-0.0374901
-0.0387945
-0.0393712
-0.0391515
-0.0382865
-0.0370507
-0.0358011
-0.0349361
-0.0346202
-0.0347438
-0.0349635
-0.0348811
-0.0344143
-0.0339474
-0.0340161
-0.0346889
-0.0355677
-0.0362542
-0.0366936
-0.0370644
-0.0375038
-0.037902
-0.0380668
-0.0378333
-0.0371742
-0.0363504
-0.0356089
-0.0351008
-0.0348399
-0.0348674
-0.0350871
-0.0352381
-0.0350322
-0.0344005
-0.0336041
-0.0330411
-0.033
-0.0335217
-0.0343868
-0.0352793
-0.0359247
-0.0362954
-0.0365563
-0.036831
-0.0368996
-0.0364739
-0.0354716
-0.034222
-0.0331647
-0.0326429
-0.0328489
-0.0338101
-0.0352244
-0.0364602
-0.0369271
-0.0365151
-0.0356501
-0.0349772
-0.0348125
-0.0348537
-0.0347438
-0.0345104
-0.0343868
-0.0342358
-0.0337414
-0.032945
-0.0324095
-0.032588
-0.0334394
-0.0344829
-0.0352931
-0.0356363
-0.0355952
-0.0356363
-0.0361856
-0.0370507
-0.0374077
-0.0365975
-0.0349223
-0.033302
-0.032588
-0.0331373
-0.0345653
-0.0361032
-0.0369408
-0.0368584
-0.0362542
-0.0355952
-0.0350184
-0.0346202
-0.0347438
-0.0356775
-0.037133
-0.0383689
-0.0388494
-0.0387121
-0.0384512
-0.0383963
-0.0384238
-0.0382727
-0.0378471
-0.037339
-0.0369957
-0.0368859
-0.0367623
-0.0362542
-0.0352107
-0.0339611
-0.0331922
-0.033357
-0.0343182
-0.0355265
-0.0363641
-0.0365014
-0.0359384
-0.0349635
-0.0341534
-0.0340985
-0.0350047
-0.0364602
-0.0376548
-0.0379844
-0.0372154
-0.0355952
-0.0337964
-0.0327528
-0.032945
-0.0339337
-0.0346752
-0.0345928
-0.0339886
-0.0336041
-0.0338513
-0.0344967
-0.0349223
-0.034634
-0.0336591
-0.0325194
-0.0318877
-0.03208
-0.0329725
-0.0341396
-0.0350047
-0.0351146
-0.0344005
-0.0334805
-0.0331235
-0.0336728
-0.0346752
-0.0354441
-0.0356501
-0.0354441
-0.0351008
-0.0348262
-0.0345928
-0.034222
-0.0336453
-0.0331373
-0.0331922
-0.0339474
-0.0349086
-0.0354029
-0.0351832
-0.0345516
-0.0339062
-0.0334668
-0.0332746
-0.0332883
-0.0335492
-0.034071
-0.0347713
-0.035554
-0.0360757
-0.0359659
-0.0350871
-0.0337552
-0.0326018
-0.0322035
-0.0326704
-0.033714
-0.0348949
-0.0358286
-0.0361993
-0.0356501
-0.034222
-0.0325194
-0.0315307
-0.0316818
-0.0323958
-0.0326704
-0.0321349
-0.0312698
-0.0307892
-0.0309815
-0.0313522
-0.0312698
-0.0305421
-0.0296907
-0.0296084
-0.0307892
-0.0328901
-0.0350596
-0.0365563
-0.0370507
-0.0366525
-0.0356226
-0.0343182
-0.0330549
-0.0321624
-0.032025
-0.032794
-0.0342083
-0.0354853
-0.0358286
-0.034991
-0.0334668
-0.0319976
-0.03116
-0.0309677
-0.0310639
-0.0312149
-0.0314209
-0.0317641
-0.0320388
-0.0320113
-0.0317092
-0.0315719
-0.0319564
-0.0327528
-0.0335355
-0.0338376
-0.0335904
-0.033151
-0.033151
-0.0339611
-0.0352381
-0.0362268
-0.0363778
-0.0357462
-0.0348399
-0.034071
-0.0335629
-0.0332608
-0.0331647
-0.0334256
-0.0341534
-0.0350871
-0.0356913
-0.0355814
-0.0347987
-0.0337414
-0.0328764
-0.0325606
-0.0328764
-0.0335217
-0.0339474
-0.0338101
-0.0334119
-0.0331922
-0.033151
-0.0328764
-0.0322035
