LECROYHDO9204-MSöv,30454,Waveform
Segments,1,SegmentSize,2002
Ampl
-0.0137763
-0.0138037
-0.0140646
-0.0144079
-0.0146276
-0.0146688
-0.014559
-0.0144766
-0.0147375
-0.0156163
-0.0169482
-0.0180879
-0.01839
-0.0176759
-0.0162616
-0.0147787
-0.0138037
-0.0136115
-0.0141058
-0.0148473
-0.0153416
-0.0153691
-0.0149434
-0.014353
-0.0139136
-0.0139411
-0.014559
-0.0155476
-0.0164264
-0.0168246
-0.0166186
-0.0158222
-0.01471
-0.0137351
-0.0133094
-0.0135978
-0.0143667
-0.0153279
-0.0163303
-0.0174013
-0.0184724
-0.0192001
-0.0191177
-0.0180879
-0.0166461
-0.0157398
-0.0157948
-0.0164127
-0.0167422
-0.0163303
-0.0153691
-0.0143118
-0.0134742
-0.0129799
-0.0127464
-0.0125679
-0.0122521
-0.0119775
-0.0121423
-0.0129936
-0.014147
-0.0149572
-0.0148473
-0.0138449
-0.0125679
-0.0118127
-0.0119912
-0.0128563
-0.0139685
-0.0150945
-0.0161518
-0.0168383
-0.0167422
-0.0157124
-0.014147
-0.0127053
-0.0118402
-0.0116342
-0.0119638
-0.0126503
-0.0136252
-0.0147924
-0.0158497
-0.0163852
-0.0162342
-0.0156849
-0.0153416
-0.0155201
-0.0159458
-0.0160282
-0.0153691
-0.0141333
-0.012925
-0.0122933
-0.0122796
-0.0123345
-0.0119638
-0.0112772
-0.0109202
-0.0112909
-0.0121835
-0.0130897
-0.0137488
-0.0142569
-0.0149297
-0.0158497
-0.016756
-0.0170443
-0.0163028
-0.0148061
-0.0133094
-0.0124306
-0.0122384
-0.0125405
-0.0132682
-0.0144766
-0.0160419
-0.0175524
-0.0185135
-0.0186097
-0.0180604
-0.0172228
-0.0162479
-0.0149297
-0.0132545
-0.0118676
-0.0116205
-0.0126091
-0.013996
-0.0146551
-0.0141196
-0.0127602
-0.0113321
-0.010522
-0.010522
-0.0111674
-0.0120462
-0.0128426
-0.0134055
-0.0136939
-0.0136664
-0.0133781
-0.012925
-0.0123757
-0.0117715
-0.0112909
-0.0112497
-0.0118127
-0.0127739
-0.0137488
-0.0144079
-0.0145315
-0.0140372
-0.0131172
-0.0118814
-0.0103709
-0.00861336
-0.007048
-0.00637517
-0.00699308
-0.00851724
-0.0101238
-0.011236
-0.0119775
-0.0127739
-0.0138724
-0.0149434
-0.0154103
-0.0147924
-0.0132133
-0.0112909
-0.00983543
-0.00932738
-0.00971185
-0.0103847
-0.0107554
-0.0107829
-0.0110163
-0.0118951
-0.0131172
-0.0137214
-0.0131584
-0.0118676
-0.0109065
-0.0111262
-0.0124718
-0.0141058
-0.0150258
-0.0147924
-0.0138449
-0.0130623
-0.0130348
-0.0135978
-0.0142294
-0.0144491
-0.0142294
-0.0138175
-0.013584
-0.0138037
-0.0143942
-0.0150396
-0.0154378
-0.0154652
-0.0150396
-0.014147
-0.0131721
-0.0128563
-0.0136802
-0.0152181
-0.0165225
-0.0168795
-0.0162479
-0.0150121
-0.0137626
-0.0130897
-0.0133094
-0.014147
-0.0149984
-0.0153279
-0.0151631
-0.0148473
-0.0147375
-0.0149297
-0.0151769
-0.0150258
-0.0142706
-0.0131996
-0.0124306
-0.0125679
-0.0136252
-0.014861
-0.0152867
-0.0144766
-0.0129799
-0.0117578
-0.0113321
-0.0116068
-0.0123482
-0.0135017
-0.0149984
-0.0165088
-0.0174837
-0.0175249
-0.0165363
-0.0147787
-0.0128563
-0.0115106
-0.0112223
-0.0120736
-0.0137626
-0.01563
-0.0169482
-0.0171816
-0.0162479
-0.0146963
-0.0133369
-0.0128563
-0.013433
-0.0146963
-0.0158634
-0.0162754
-0.0157261
-0.0145864
-0.0134605
-0.0127464
-0.0125954
-0.0128014
-0.0131446
-0.0134055
-0.0136252
-0.0138449
-0.0141882
-0.0148336
-0.015987
-0.0175661
-0.0189667
-0.0193374
-0.0182664
-0.0161518
-0.0138861
-0.0124444
-0.0124032
-0.0137214
-0.0157398
-0.0173739
-0.0178956
-0.0173601
-0.0163715
-0.0155339
-0.0150258
-0.0146276
-0.0140921
-0.0134055
-0.0128563
-0.0126366
-0.0127876
-0.0132408
-0.013996
-0.0148885
-0.0154652
-0.0153142
-0.0145727
-0.0137626
-0.0133232
-0.0131996
-0.0131584
-0.0130211
-0.0127739
-0.0123757
-0.012005
-0.0118402
-0.0119088
-0.0120873
-0.0124581
-0.0131858
-0.0141058
-0.0146551
-0.0144491
-0.0136664
-0.0127739
-0.0121011
-0.0118814
-0.0120462
-0.0123208
-0.0123482
-0.0121011
-0.0119775
-0.0123482
-0.0133506
-0.014861
-0.0165363
-0.0180192
-0.0189255
-0.0190628
-0.0184998
-0.0175386
-0.0166049
-0.015987
-0.0157398
-0.0155613
-0.0151082
-0.0143942
-0.0137488
-0.0134605
-0.0134879
-0.0136802
-0.0141333
-0.0149434
-0.0159321
-0.0166461
-0.0168109
-0.0163989
-0.0155751
-0.0146825
-0.0142843
-0.01471
-0.0155476
-0.0158772
-0.0151082
-0.013584
-0.0122109
-0.0116205
-0.0116754
-0.0120599
-0.0126915
-0.0137076
-0.0150396
-0.0163028
-0.0169757
-0.0169757
-0.0165637
-0.0161655
-0.015987
-0.015987
-0.0160007
-0.0159458
-0.0158634
-0.0160419
-0.016701
-0.0177309
-0.018747
-0.0192001
-0.0187195
-0.0172228
-0.0150807
-0.0130623
-0.0121285
-0.01287
-0.0150533
-0.0176073
-0.01931
-0.0195434
-0.0185959
-0.0173876
-0.0167148
-0.0166598
-0.016756
-0.0166049
-0.0161106
-0.0155613
-0.0153279
-0.0156712
-0.0164401
-0.0171542
-0.0174013
-0.0173464
-0.0175249
-0.0181428
-0.0187332
-0.0186921
-0.0177446
-0.0162479
-0.014861
-0.0141333
-0.0141196
-0.014559
-0.0150533
-0.015424
-0.0155751
-0.0154515
-0.0150396
-0.0146139
-0.0146551
-0.0153279
-0.0162479
-0.0168933
-0.0170992
-0.0171267
-0.0172091
-0.0174425
-0.0175798
-0.0172915
-0.0164539
-0.015424
-0.014861
-0.0152318
-0.0164813
-0.0182252
-0.0198043
-0.0206556
-0.0204771
-0.0195846
-0.0185135
-0.0177171
-0.0173739
-0.0175661
-0.0183488
-0.0195159
-0.020532
-0.020889
-0.0206144
-0.0203398
-0.0207517
-0.0220837
-0.0239648
-0.0259833
-0.0279881
-0.03024
-0.0328489
-0.0356089
-0.038108
-0.0401814
-0.0422822
-0.0451795
-0.0495049
-0.0552033
-0.0615196
-0.0674378
-0.0723536
-0.0763768
-0.0800842
-0.0840251
-0.0885289
-0.0936918
-0.0993765
-0.105144
-0.110444
-0.114975
-0.118751
-0.122143
-0.125658
-0.129695
-0.134364
-0.13943
-0.14436
-0.148617
-0.151871
-0.154329
-0.156512
-0.15875
-0.160906
-0.162513
-0.163501
-0.164435
-0.16589
-0.167676
-0.168966
-0.169255
-0.16876
-0.167978
-0.167085
-0.166
-0.164778
-0.16368
-0.162883
-0.162087
-0.160851
-0.159107
-0.157226
-0.155757
-0.154892
-0.154384
-0.15378
-0.152791
-0.151349
-0.14944
-0.14723
-0.144992
-0.143001
-0.141353
-0.140199
-0.139719
-0.139829
-0.139911
-0.139252
-0.137549
-0.13516
-0.132675
-0.130725
-0.129832
-0.130272
-0.131768
-0.133485
-0.134377
-0.133869
-0.132139
-0.129956
-0.12824
-0.127677
-0.128404
-0.130025
-0.131906
-0.133622
-0.135174
-0.13667
-0.13803
-0.138909
-0.138909
-0.138112
-0.137192
-0.137096
-0.13814
-0.139842
-0.141298
-0.141957
-0.14182
-0.141284
-0.140968
-0.141339
-0.142451
-0.143852
-0.145046
-0.145774
-0.145953
-0.145719
-0.145307
-0.145033
-0.145143
-0.145609
-0.146351
-0.147202
-0.147971
-0.148328
-0.148081
-0.147408
-0.146708
-0.146378
-0.146461
-0.146681
-0.146626
-0.146049
-0.145019
-0.143824
-0.142877
-0.142616
-0.143371
-0.144923
-0.146543
-0.147395
-0.147175
-0.146269
-0.145294
-0.144731
-0.144552
-0.144538
-0.14447
-0.144401
-0.144415
-0.144484
-0.144332
-0.143811
-0.143014
-0.142163
-0.14138
-0.14079
-0.140611
-0.140955
-0.141614
-0.142094
-0.142177
-0.141875
-0.141312
-0.140598
-0.139993
-0.139911
-0.140625
-0.141971
-0.143385
-0.144195
-0.143975
-0.142808
-0.141312
-0.14035
-0.140598
-0.142149
-0.144374
-0.146241
-0.147024
-0.146626
-0.145541
-0.144223
-0.142959
-0.141902
-0.141353
-0.141504
-0.142259
-0.143083
-0.14344
-0.143193
-0.142451
-0.141435
-0.140488
-0.139925
-0.139911
-0.140405
-0.141188
-0.142081
-0.142891
-0.143412
-0.14355
-0.143385
-0.143124
-0.14285
-0.142424
-0.141614
-0.140433
-0.139293
-0.138854
-0.139417
-0.14046
-0.141174
-0.141243
-0.140927
-0.140419
-0.139623
-0.138593
-0.137796
-0.137659
-0.138126
-0.138689
-0.138854
-0.138579
-0.138044
-0.137481
-0.137041
-0.13678
-0.136698
-0.136753
-0.136835
-0.136904
-0.137096
-0.137604
-0.138401
-0.13895
-0.138607
-0.137316
-0.135805
-0.135036
-0.135229
-0.135805
-0.135874
-0.135105
-0.133938
-0.133224
-0.133361
-0.133979
-0.134391
-0.134322
-0.134034
-0.133952
-0.134281
-0.13505
-0.136025
-0.136808
-0.137041
-0.136808
-0.136574
-0.136712
-0.137179
-0.137604
-0.137714
-0.137563
-0.137288
-0.136918
-0.136313
-0.135558
-0.134885
-0.134487
-0.134309
-0.134075
-0.133567
-0.132812
-0.132002
-0.131466
-0.131521
-0.132208
-0.133183
-0.133759
-0.133499
-0.132579
-0.131645
-0.131178
-0.131096
-0.131027
-0.130684
-0.130189
-0.129805
-0.129709
-0.129791
-0.129887
-0.129764
-0.129379
-0.12894
-0.128802
-0.129118
-0.129736
-0.130231
-0.130285
-0.129791
-0.128981
-0.128157
-0.127567
-0.127306
-0.127333
-0.127457
-0.127333
-0.126743
-0.125946
-0.125466
-0.125837
-0.127072
-0.128665
-0.129846
-0.130134
-0.129585
-0.128734
-0.128198
-0.128349
-0.129105
-0.130025
-0.130739
-0.130917
-0.130409
-0.12916
-0.127374
-0.125534
-0.124134
-0.123653
-0.124395
-0.126221
-0.128459
-0.130203
-0.130601
-0.129297
-0.126729
-0.12412
-0.122761
-0.123104
-0.124409
-0.12548
-0.125534
-0.124532
-0.123104
-0.122074
-0.121964
-0.122651
-0.123489
-0.123763
-0.123337
-0.122637
-0.122088
-0.121594
-0.120797
-0.119781
-0.119095
-0.119246
-0.12022
-0.12147
-0.122472
-0.123022
-0.123035
-0.122486
-0.121552
-0.120756
-0.120523
-0.120783
-0.121072
-0.121044
-0.120797
-0.120729
-0.120907
-0.121044
-0.120687
-0.119712
-0.118463
-0.117474
-0.117158
-0.117529
-0.118229
-0.118916
-0.119452
-0.119932
-0.120399
-0.120715
-0.120742
-0.12044
-0.119918
-0.119342
-0.118902
-0.11871
-0.118875
-0.119369
-0.119973
-0.120303
-0.120124
-0.119644
-0.11941
-0.119644
-0.120001
-0.11985
-0.118943
-0.11768
-0.11676
-0.116595
-0.116994
-0.117406
-0.117406
-0.116925
-0.116225
-0.115511
-0.11481
-0.114069
-0.113355
-0.112819
-0.112572
-0.112655
-0.112902
-0.113053
-0.112929
-0.112737
-0.112861
-0.11341
-0.113904
-0.113684
-0.112613
-0.111281
-0.110499
-0.110595
-0.11113
-0.111309
-0.110636
-0.109442
-0.108659
-0.108961
-0.110101
-0.111076
-0.110952
-0.109881
-0.108892
-0.109002
-0.110348
-0.112064
-0.112957
-0.112394
-0.11076
-0.10892
-0.107505
-0.106476
-0.105569
-0.104787
-0.104416
-0.104677
-0.105418
-0.106215
-0.106668
-0.106682
-0.106434
-0.105995
-0.105391
-0.104553
-0.103468
-0.102301
-0.101546
-0.101711
-0.102892
-0.104485
-0.10572
-0.106228
-0.10605
-0.105432
-0.104581
-0.103894
-0.103825
-0.104539
-0.105679
-0.106489
-0.106256
-0.104869
-0.102796
-0.100887
-0.0998571
-0.0999121
-0.100791
-0.102095
-0.103468
-0.104553
-0.10502
-0.104704
-0.103757
-0.102631
-0.101834
-0.101752
-0.102233
-0.102658
-0.102466
-0.10156
-0.100365
-0.0994727
-0.0991294
-0.099253
-0.0997336
-0.100448
-0.101175
-0.101601
-0.101574
-0.101313
-0.101326
-0.101889
-0.102672
-0.102947
-0.102342
-0.101217
-0.100393
-0.100393
-0.100956
-0.101422
-0.101313
-0.100612
-0.0997198
-0.0990195
-0.0985939
-0.0982231
-0.0976601
-0.097056
-0.0966166
-0.0965067
-0.0965754
-0.0966166
-0.0964243
-0.0961497
-0.0961909
-0.0969599
-0.0983192
-0.0995001
-0.0998434
-0.0993216
-0.0984428
-0.0975915
-0.0967264
-0.0956554
-0.0944196
-0.0933348
-0.0927444
-0.0928405
-0.0935271
-0.094502
-0.095422
-0.0959987
-0.0960536
-0.0954357
-0.0942823
-0.0930739
-0.0923874
-0.0923736
-0.0928542
-0.0935683
-0.094447
-0.0953258
-0.0957652
-0.0954494
-0.0944745
-0.0933623
-0.0926483
-0.0924972
-0.0927169
-0.0930053
-0.0932524
-0.0934721
-0.0936232
-0.0935957
-0.0933348
-0.0929503
-0.0925933
-0.0923462
-0.0921539
-0.0921265
-0.0923187
-0.0926895
-0.0928954
-0.0924972
-0.0910417
-0.0885564
-0.0857552
-0.0839015
-0.0839839
-0.0859337
-0.088625
-0.0908083
-0.0917145
-0.0913026
-0.0899844
-0.0885976
-0.0880071
-0.0888035
-0.0907396
-0.0929503
-0.0942273
-0.0937742
-0.091742
-0.0891468
-0.0871832
-0.0865928
-0.0873892
-0.089188
-0.0911928
-0.0924972
-0.0924423
-0.0912614
-0.0898196
-0.0888447
-0.0885014
-0.0885564
-0.088831
-0.0893665
-0.0902178
-0.0912751
-0.0920578
-0.0919617
-0.0907946
-0.0889546
-0.0872107
-0.0861397
-0.0858651
-0.0861671
-0.0865791
-0.0867988
-0.0868949
-0.087348
-0.0883641
-0.0895862
-0.0902453
-0.089902
-0.0887211
-0.0873892
-0.0864555
-0.0860436
-0.0858101
-0.0852609
-0.0841212
-0.0826108
-0.0813338
-0.0808806
-0.0814024
-0.0825009
-0.0835307
-0.0839701
-0.0837916
-0.0833797
-0.0830227
-0.0826657
-0.0822126
-0.0819654
-0.082446
-0.0837093
-0.0850412
-0.0855355
-0.0847254
-0.082954
-0.0810591
-0.0799057
-0.0799332
-0.0808944
-0.0821576
-0.0830776
-0.083366
-0.0830364
-0.0823361
-0.0814436
-0.0803726
-0.0792054
-0.0783816
-0.0783953
-0.0793015
-0.080455
-0.0810866
-0.0810042
-0.0806197
-0.0802353
-0.079686
-0.0788759
-0.0782305
-0.0784777
-0.0798233
-0.0815397
-0.0824734
-0.0819929
-0.0803314
-0.0783678
-0.0770359
-0.0766789
-0.0770771
-0.0776675
-0.0779833
-0.0778323
-0.0774478
-0.0772144
-0.0772419
-0.0771732
-0.0765965
-0.0755529
-0.0745368
-0.074015
-0.0741523
-0.0748252
-0.0757589
-0.076569
-0.0768299
-0.0764455
-0.0756079
-0.0746192
-0.0736992
-0.0729577
-0.0725595
-0.0726282
-0.0731225
-0.0738503
-0.0745643
-0.0750861
-0.0753744
-0.0754843
-0.0753058
-0.0746055
-0.0733834
-0.0720789
-0.0712001
-0.0709392
-0.0710491
-0.07131
-0.0716945
-0.0721888
-0.0726419
-0.0729577
-0.0732598
-0.0736992
-0.0742073
-0.0745368
-0.0745505
-0.0742485
-0.0738228
-0.0734383
-0.0731225
-0.0729303
-0.072944
-0.0732186
-0.0737404
-0.0743171
-0.0748389
-0.0751685
-0.0750174
-0.0740837
-0.0725183
-0.0710903
-0.0705822
-0.0710079
-0.0717082
-0.0720377
-0.0718592
-0.071461
-0.0711177
-0.0709255
-0.0708294
-0.0706372
-0.0703213
-0.0702115
-0.0708569
-0.0722986
-0.0737541
-0.074221
-0.073301
-0.0716121
-0.0702939
-0.0703351
-0.0718043
-0.0739601
-0.0756765
-0.0762532
-0.0756216
-0.0741661
-0.0723536
-0.0706509
-0.0694151
-0.0688796
-0.0690443
-0.069676
-0.0703625
-0.0704861
-0.069621
-0.0680694
-0.0666963
-0.0662432
-0.0666276
-0.0673417
-0.0681518
-0.0692091
-0.0705822
-0.0717768
-0.0721476
-0.0714473
-0.0700742
-0.0687697
-0.0680282
-0.0676712
-0.0671769
-0.0663942
-0.0657214
-0.0657763
-0.0666002
-0.0675476
-0.0680008
-0.0679596
-0.067836
-0.0679596
-0.0679184
-0.0671494
-0.0655703
-0.0639913
-0.0634008
-0.0640325
-0.0652408
-0.0662157
-0.0665865
-0.0663942
-0.0658175
-0.065076
-0.0644719
-0.0642522
-0.064362
-0.0644032
-0.0641148
-0.0637578
-0.0638402
-0.0646092
-0.0657214
-0.066559
-0.0668062
-0.0667375
-0.0668336
-0.0671494
-0.0672318
-0.0667238
-0.0657626
-0.0648838
-0.0646092
-0.0652408
-0.0664629
-0.0673691
-0.0670533
-0.0654742
-0.0636068
-0.0626731
-0.0631674
-0.0645817
-0.0658038
-0.0659136
-0.0648014
-0.0633322
-0.0625907
-0.0631674
-0.0647739
-0.0666963
-0.0681381
-0.0684127
-0.067122
-0.0647053
-0.0622199
-0.0607644
-0.060682
-0.0615746
-0.0628516
-0.0640599
-0.064925
-0.0655292
-0.0660235
-0.0663805
-0.0662432
-0.0653095
-0.0639363
-0.0629065
-0.0627829
-0.0634832
-0.0644307
-0.0650898
-0.0652408
-0.0650211
-0.0646229
-0.0641423
-0.0636342
-0.0633459
-0.0634283
-0.0637716
-0.0640325
-0.0640599
-0.064005
-0.0641011
-0.0642522
-0.0644032
-0.0645954
-0.0649799
-0.0655154
-0.0660097
-0.0661745
-0.0657626
-0.0646641
-0.0632498
-0.0622337
-0.0620826
-0.0625495
-0.0629202
-0.0626731
-0.061808
-0.0607919
-0.0602015
-0.0604898
-0.0615334
-0.0626319
-0.0630438
-0.0625495
-0.0615196
-0.0605173
-0.0599406
-0.059817
-0.059968
-0.0601053
-0.0600504
-0.0598582
-0.0598444
-0.0603388
-0.0613823
-0.0624808
-0.0629202
-0.0623023
-0.0609704
-0.0596522
-0.0588146
-0.0584027
-0.0581967
-0.0582928
-0.0590343
-0.0604623
-0.0621375
-0.0633322
-0.0634283
-0.0623023
-0.0604898
-0.0587734
-0.0577024
-0.0573591
-0.0575925
-0.0582379
-0.0592952
-0.0604898
-0.0613823
-0.0615608
-0.0611352
-0.0605997
-0.0604898
-0.0608605
-0.0613411
-0.0613686
-0.0607782
-0.0599543
-0.0595012
-0.0598032
-0.0606958
-0.061657
-0.0620689
-0.0617393
-0.0610391
-0.0606683
-0.060888
-0.061451
-0.0619041
-0.0619865
-0.0616707
-0.0610665
-0.0604211
-0.0600779
-0.0602015
-0.0607232
-0.061451
-0.0622062
-0.0626044
-0.0622337
-0.0611489
-0.0598994
-0.0591716
-0.059254
-0.0599131
-0.0606546
-0.061094
-0.0610665
-0.0607644
-0.0605173
-0.0603937
-0.0602701
-0.0601465
-0.0602015
-0.0605173
-0.060682
-0.0601328
-0.0587185
-0.057057
-0.0560821
-0.0564528
-0.0580182
-0.0598582
-0.0608194
-0.0605035
-0.0594325
-0.0583889
-0.0577436
-0.0574552
-0.0575651
-0.0581143
-0.0589656
-0.0595835
-0.0595286
-0.0586773
-0.0573454
-0.055931
-0.05486
-0.0542558
-0.0540636
-0.0542558
-0.0548875
-0.0558212
-0.0565627
-0.0567549
-0.0564666
-0.0559722
-0.0553269
-0.0544481
-0.0534457
-0.0525669
-0.051949
-0.051592
-0.0516057
-0.0521412
-0.0531985
-0.0545717
-0.0558761
-0.0566176
-0.0563979
-0.0551758
-0.0534182
-0.0518254
-0.0509878
-0.0511251
-0.0518666
-0.0524021
-0.0519902
-0.0506445
-0.0490929
-0.0481043
-0.0479807
-0.0485711
-0.0496834
-0.0511938
-0.052718
-0.0536654
-0.0535006
-0.0522923
-0.0507269
-0.0497246
-0.0498069
-0.0507819
-0.0519627
-0.0527454
-0.052869
-0.0523884
-0.0516332
-0.0511114
-0.0512899
-0.0522236
-0.0534594
-0.0543657
-0.0545305
-0.0538576
-0.0525257
-0.0509741
-0.0498619
-0.0497383
-0.0506583
-0.0522374
-0.0538576
-0.0549699
-0.0552445
-0.0547227
-0.0538302
-0.0530612
-0.0525806
-0.0521824
-0.0516469
-0.0510702
-0.0508642
-0.0513998
-0.052512
-0.053432
-0.053432
-0.0525944
-0.0516744
-0.0512899
-0.0514821
-0.0520039
-0.052663
-0.0531573
-0.0529514
-0.0518254
-0.0503013
-0.0494499
-0.0498481
-0.0511251
-0.052155
-0.0520863
-0.0508917
-0.049395
-0.0486123
-0.0490792
-0.0503699
-0.0516606
-0.0522099
-0.051743
-0.0504111
-0.0488046
-0.0475276
-0.0468959
-0.0467311
-0.0468959
-0.0473628
-0.0480768
-0.0486947
-0.0489281
-0.0487634
-0.0484201
-0.0481592
-0.0482141
-0.0485574
-0.0490105
-0.0493675
-0.0495598
-0.0494499
-0.0487496
-0.0472941
-0.0455503
-0.0444518
-0.0445754
-0.0455365
-0.0464428
-0.0467723
-0.0467037
-0.0465526
-0.0463467
-0.0459897
-0.0454404
-0.0448088
-0.0442321
-0.0439437
-0.0441497
-0.0448362
-0.045564
-0.0457562
-0.0453992
-0.0450285
-0.0452894
-0.0462094
-0.0472667
-0.0480356
-0.0484475
-0.0486398
-0.0485574
-0.0479807
-0.047047
-0.0462506
-0.0459622
-0.0460583
-0.0463741
-0.0470058
-0.0480082
-0.0488595
-0.0489007
-0.0478708
-0.0462918
-0.0448088
-0.04393
-0.043724
-0.0439986
-0.0444106
-0.0447676
-0.0449736
-0.045001
-0.0448774
-0.0447676
-0.0448637
-0.0450834
-0.0451795
-0.0451383
-0.0452207
-0.0456052
-0.0460583
-0.0461956
-0.0458798
-0.0455365
-0.045715
-0.0466076
-0.0476923
-0.0481592
-0.0475688
-0.0463055
-0.0450697
-0.0442183
-0.0435318
-0.042804
-0.0420625
-0.0414996
-0.0411288
-0.040964
-0.0409915
-0.0411151
-0.0409503
-0.04025
-0.0394262
-0.0392476
-0.0402088
-0.0419527
-0.0435318
-0.0440948
-0.0435455
-0.0425569
-0.0419252
-0.0419527
-0.0422685
-0.0425569
-0.042804
-0.0432022
-0.0436966
-0.044136
-0.0445067
-0.0448362
-0.0449186
-0.0444518
-0.0433945
-0.0421449
-0.0412387
-0.040964
-0.0411563
-0.0414721
-0.0415133
-0.0411975
-0.0406757
-0.04025
-0.0400715
-0.0401951
-0.0404697
-0.0407581
-0.0409091
-0.0410052
-0.0412661
-0.0419115
-0.0428452
-0.0436828
-0.0437927
-0.0428452
-0.0410052
-0.038973
-0.0375038
-0.0368859
-0.0368722
-0.0371056
-0.0374763
-0.038053
-0.0386847
-0.038973
-0.0387396
-0.0382453
-0.0378333
-0.0375999
-0.0374489
-0.0372429
-0.0369957
-0.0368035
-0.0367211
-0.0367211
-0.0367623
-0.0368859
-0.0371468
-0.0375862
-0.0379844
-0.0381217
-0.0378471
-0.0373116
-0.0367898
-0.0365975
-0.0368859
-0.0376411
-0.0386297
-0.0394124
-0.0396047
-0.0391927
-0.0385474
-0.0382178
-0.0384787
-0.0391103
-0.0397008
-0.0399891
-0.040099
-0.0402638
-0.0404972
-0.040456
-0.0397557
-0.0384512
-0.0372154
-0.0369271
-0.0378883
-0.0394536
-0.0406345
-0.0409091
-0.040456
-0.0397969
-0.0393163
-0.0391927
-0.0394811
-0.0400853
-0.0407718
-0.0413623
-0.0418154
-0.0421175
-0.0421724
-0.0418978
-0.0412799
-0.0404835
-0.039742
-0.0393575
-0.0393712
-0.0394673
-0.0391103
-0.0380668
-0.0368172
-0.0362817
-0.0370644
-0.038973
-0.0411837
-0.0427354
-0.0430237
-0.0422136
-0.0409778
-0.0398793
-0.0390691
-0.0383551
-0.0376274
-0.0370232
-0.0368172
-0.037339
-0.0385748
-0.0400303
-0.0409366
-0.0407581
-0.0396321
-0.0381629
-0.0369545
-0.0363916
-0.0365838
-0.0374351
-0.0385062
-0.0392476
-0.0393163
-0.0388357
-0.0381903
-0.0377235
-0.0375175
-0.0374489
-0.0373116
-0.0369271
-0.0362817
-0.0356775
-0.0355402
-0.0361032
-0.037133
-0.0380393
-0.0383414
-0.0379569
-0.0370232
-0.0357187
-0.0343593
-0.0334805
-0.0335492
-0.0346065
-0.0361032
-0.0375175
-0.0385336
-0.0391927
-0.0395772
-0.0396184
-0.0391515
-0.0382453
-0.0372154
-0.0365701
-0.0365014
-0.0367211
-0.036776
-0.0365563
-0.0363504
-0.0363366
-0.0363229
-0.0361307
-0.0359659
-0.0363916
-0.0375175
-0.0387396
-0.0391653
-0.0383826
-0.0368996
-0.0358423
-0.0361307
-0.0377647
-0.0397557
-0.0409366
-0.0407993
-0.0396733
-0.0383551
-0.0374901
-0.0371193
-0.0367074
-0.0357737
-0.0345241
-0.0338101
-0.0342083
-0.0354304
-0.0366525
-0.0372292
-0.0370644
-0.0365289
-0.036062
-0.0358423
-0.0356638
-0.0351695
-0.034428
-0.0339749
-0.0343044
-0.0352107
-0.0359384
-0.0359659
-0.0355128
-0.0351832
-0.0353205
-0.0357187
-0.0361444
-0.0365563
-0.0370507
-0.037545
-0.0377372
-0.0373802
-0.0366113
-0.0358698
-0.0357187
-0.036268
-0.0372154
-0.0380118
-0.0382315
-0.0376823
-0.0365289
-0.0352381
-0.0344143
-0.0344143
-0.0352107
-0.0363916
-0.0374351
-0.037902
-0.0377235
-0.0370919
-0.0362542
-0.0353205
-0.0342907
-0.0333982
-0.0329313
-0.0331785
-0.0341534
-0.0355952
-0.037133
-0.0383002
-0.0387808
-0.0384924
-0.0376548
-0.0366113
-0.0356089
-0.0347026
-0.0337964
-0.0330686
-0.0329725
-0.0339199
-0.0355814
-0.036982
-0.0372978
-0.036419
-0.0348949
-0.0335217
-0.0328489
-0.0329313
-0.0333844
-0.0338513
-0.0341396
-0.0342358
-0.0341671
-0.0338513
-0.0333844
-0.0330686
-0.0331098
-0.033508
-0.0339611
-0.0341534
-0.0339199
-0.0333982
-0.0328489
-0.032588
-0.0326567
-0.0327803
-0.0326018
-0.0321486
-0.0317367
-0.0316543
-0.0319564
-0.0324095
-0.0326979
-0.0325331
-0.0319838
-0.0315307
-0.0315994
-0.0321898
-0.0328077
-0.0328764
-0.0320937
-0.0307068
-0.0292239
-0.0281117
-0.0275487
-0.0275487
-0.0280567
-0.0289493
-0.0300066
-0.0308854
-0.0314621
-0.0319015
-0.0326429
-0.0338925
-0.035348
-0.0362954
-0.0360345
-0.0345241
-0.0323409
-0.0303498
-0.0291552
-0.0288943
-0.0292239
