LECROYHDO9204-MSöv,30454,Waveform
Segments,1,SegmentSize,2002
Ampl
-0.0143118
-0.0142294
-0.0140784
-0.0139411
-0.0137626
-0.0134742
-0.0131309
-0.0130211
-0.0135429
-0.0146963
-0.0158634
-0.0161518
-0.0152867
-0.0140509
-0.013584
-0.0144766
-0.0161792
-0.0175386
-0.0177171
-0.0169345
-0.0160145
-0.0156025
-0.0157124
-0.015987
-0.0161655
-0.0162204
-0.0163577
-0.0168658
-0.0177995
-0.0187744
-0.0191864
-0.0186921
-0.0173739
-0.0156163
-0.0138312
-0.012513
-0.0122384
-0.0132682
-0.0151219
-0.0167697
-0.0174425
-0.0171542
-0.0165637
-0.0161792
-0.0159733
-0.0156437
-0.015067
-0.0145727
-0.0144628
-0.0147237
-0.0150807
-0.0152593
-0.0150807
-0.0144354
-0.0134193
-0.0124444
-0.01195
-0.0121285
-0.01287
-0.0140509
-0.0155888
-0.0171542
-0.0181977
-0.0182801
-0.0175524
-0.0166461
-0.0162067
-0.0164401
-0.0170718
-0.0177171
-0.0182252
-0.0185273
-0.0184998
-0.0180467
-0.0174562
-0.0173464
-0.0179643
-0.0188706
-0.0191726
-0.018541
-0.01747
-0.0167834
-0.0168933
-0.0175524
-0.0181016
-0.0178819
-0.016701
-0.0149434
-0.0132957
-0.0124032
-0.0124993
-0.013433
-0.0146551
-0.0154652
-0.0153554
-0.0145178
-0.0136252
-0.0133094
-0.0138449
-0.0149984
-0.0163028
-0.0171404
-0.0170306
-0.0159595
-0.0144354
-0.013227
-0.012925
-0.013584
-0.01471
-0.0156437
-0.0160419
-0.0160694
-0.0160419
-0.0160557
-0.0159733
-0.015781
-0.0156437
-0.0158497
-0.0164813
-0.0172915
-0.0177721
-0.0174013
-0.0161792
-0.0148061
-0.0141882
-0.0146551
-0.015781
-0.0167285
-0.0168658
-0.016193
-0.0152455
-0.01471
-0.0149984
-0.0160282
-0.0172777
-0.0181428
-0.0181428
-0.0171542
-0.0156025
-0.0144217
-0.0143393
-0.0154103
-0.0168246
-0.0176759
-0.017621
-0.0169757
-0.0162891
-0.0159733
-0.0160145
-0.0162479
-0.0165912
-0.017113
-0.0177583
-0.0182527
-0.0182664
-0.0179231
-0.0175524
-0.0174013
-0.0173464
-0.0170443
-0.0162067
-0.0147375
-0.0129524
-0.0115244
-0.0112772
-0.0124032
-0.0143393
-0.0160831
-0.0168658
-0.0165637
-0.0155201
-0.0143942
-0.0137351
-0.0136939
-0.0139823
-0.0141333
-0.0139136
-0.0134605
-0.0131996
-0.0135429
-0.014559
-0.0157398
-0.0164264
-0.0164264
-0.0160282
-0.0156025
-0.0153966
-0.0154515
-0.0157673
-0.0161792
-0.0164127
-0.0162891
-0.0158634
-0.0153416
-0.0148748
-0.0144354
-0.0140372
-0.0137488
-0.0136802
-0.013996
-0.0147787
-0.0159046
-0.0169757
-0.0175249
-0.0173052
-0.0164401
-0.0153554
-0.0146002
-0.0144354
-0.01471
-0.0150396
-0.0152043
-0.0151357
-0.0148061
-0.0142569
-0.0137214
-0.0136115
-0.0141745
-0.0151769
-0.0161655
-0.0167422
-0.0168383
-0.01655
-0.0160419
-0.0155339
-0.0152043
-0.0150945
-0.0152043
-0.0153142
-0.0152593
-0.015067
-0.0151494
-0.0158909
-0.0172365
-0.0185959
-0.0192688
-0.0188843
-0.0174425
-0.0153279
-0.0132682
-0.0118814
-0.0113871
-0.0115518
-0.0121423
-0.013076
-0.0143667
-0.0158497
-0.0171267
-0.0176759
-0.0171404
-0.0157124
-0.014147
-0.0133506
-0.0137626
-0.0151219
-0.0166324
-0.0175386
-0.0174425
-0.0166598
-0.0158497
-0.015479
-0.015479
-0.015479
-0.0152593
-0.0149434
-0.0148061
-0.0149709
-0.015424
-0.015987
-0.0164401
-0.0166186
-0.0164951
-0.0161518
-0.0156849
-0.0152043
-0.014861
-0.0146825
-0.0145727
-0.0144766
-0.0145727
-0.0151082
-0.0160419
-0.0170718
-0.0180192
-0.0189118
-0.0197219
-0.0199965
-0.0192962
-0.0175524
-0.0153966
-0.0138449
-0.0137488
-0.0149984
-0.0165088
-0.0169757
-0.0160007
-0.0142981
-0.0130348
-0.0129387
-0.0138999
-0.0151631
-0.0159595
-0.0160007
-0.0155064
-0.0148885
-0.014353
-0.0139136
-0.0135429
-0.0132133
-0.0129387
-0.0128563
-0.0131996
-0.013996
-0.014861
-0.0151631
-0.0146002
-0.0134742
-0.0124718
-0.0120599
-0.0121697
-0.0125954
-0.0131309
-0.0136802
-0.0142431
-0.014861
-0.0155064
-0.0159733
-0.0159595
-0.0153828
-0.0144628
-0.013639
-0.0132408
-0.0133781
-0.0139136
-0.0145727
-0.0150396
-0.015067
-0.0145315
-0.0135978
-0.0128151
-0.0126778
-0.0131035
-0.0136252
-0.0138312
-0.0136252
-0.0131309
-0.0124718
-0.0119363
-0.0117715
-0.0121972
-0.0131584
-0.014353
-0.0153279
-0.0156987
-0.0155613
-0.0153416
-0.0153691
-0.0153416
-0.0147787
-0.0135566
-0.0120599
-0.0109614
-0.0108241
-0.0118265
-0.0136527
-0.0155201
-0.0166873
-0.0169482
-0.0166873
-0.0162754
-0.0157398
-0.0149434
-0.0140646
-0.0136115
-0.0139685
-0.0149709
-0.0157261
-0.015424
-0.0140921
-0.0126778
-0.0120462
-0.0122659
-0.0129112
-0.0137763
-0.0149022
-0.0161518
-0.0170718
-0.0172091
-0.0165363
-0.0153966
-0.0142294
-0.0135154
-0.0136939
-0.0147512
-0.0161381
-0.017058
-0.0170443
-0.0160145
-0.0143667
-0.0126915
-0.0115244
-0.0110026
-0.0109614
-0.011236
-0.0117441
-0.0123482
-0.0127602
-0.0126778
-0.0120462
-0.0112223
-0.0105769
-0.0103023
-0.0102886
-0.0103572
-0.0104945
-0.0110712
-0.0124032
-0.0143393
-0.0161243
-0.0169207
-0.0164401
-0.015067
-0.0135429
-0.0126503
-0.0128563
-0.0138724
-0.0147924
-0.0148336
-0.0140372
-0.0131584
-0.0128563
-0.0132957
-0.0141196
-0.0148748
-0.0152043
-0.0150121
-0.0143942
-0.0136527
-0.013227
-0.013584
-0.0148061
-0.0162342
-0.0169894
-0.0166598
-0.0155751
-0.0143942
-0.0136802
-0.0137351
-0.0145315
-0.0157124
-0.0168658
-0.0179094
-0.0190491
-0.0202437
-0.0211225
-0.0214383
-0.0215619
-0.0220837
-0.0231547
-0.0244317
-0.0255439
-0.0265188
-0.0277272
-0.0294848
-0.0318053
-0.0343319
-0.0366525
-0.0386297
-0.0405384
-0.0427491
-0.0454953
-0.0488046
-0.0524159
-0.0557251
-0.058183
-0.0598719
-0.0614235
-0.0634008
-0.0657489
-0.0680008
-0.0698957
-0.0716533
-0.0736443
-0.076061
-0.078615
-0.0807708
-0.0821027
-0.0825833
-0.0826108
-0.082954
-0.0843958
-0.0872794
-0.0910005
-0.0941312
-0.0953808
-0.0946256
-0.0929503
-0.0915772
-0.0909456
-0.0906023
-0.0899295
-0.0887898
-0.0875403
-0.0866477
-0.0862083
-0.0860298
-0.0859474
-0.0860161
-0.0863868
-0.0869773
-0.0873206
-0.0870459
-0.0860848
-0.0845881
-0.0826794
-0.0805373
-0.0784639
-0.0768849
-0.0760884
-0.0760335
-0.0762532
-0.0762944
-0.0759786
-0.0756216
-0.075649
-0.0762944
-0.0771732
-0.0775714
-0.0768437
-0.0750861
-0.0731912
-0.0722574
-0.0726419
-0.0737404
-0.0745917
-0.0747702
-0.0745917
-0.0745368
-0.0747565
-0.0752096
-0.0758275
-0.0764317
-0.076775
-0.0767338
-0.0766102
-0.0768299
-0.0774341
-0.0781069
-0.078409
-0.0781069
-0.0774341
-0.0769398
-0.0771869
-0.0783816
-0.0801941
-0.0819654
-0.0830776
-0.08316
-0.0823224
-0.080963
-0.0796036
-0.0787111
-0.0786013
-0.079329
-0.0806335
-0.0820752
-0.0832424
-0.0839564
-0.0841624
-0.0838603
-0.0832699
-0.0829266
-0.0832287
-0.0839427
-0.0843821
-0.0843134
-0.0841761
-0.0845469
-0.0852197
-0.0853433
-0.084286
-0.0824048
-0.080757
-0.0801529
-0.0805648
-0.0814436
-0.0823087
-0.0830914
-0.0836406
-0.0834209
-0.081883
-0.0792466
-0.0767201
-0.0756216
-0.0762395
-0.077695
-0.0788072
-0.079123
-0.0788896
-0.0787111
-0.0789033
-0.0793977
-0.0799332
-0.080249
-0.0802078
-0.0796997
-0.0787248
-0.0775577
-0.0767475
-0.0768162
-0.0778598
-0.0793977
-0.0806472
-0.0809218
-0.0800842
-0.0785738
-0.0769535
-0.075649
-0.0749076
-0.0749899
-0.0760884
-0.0779284
-0.0797959
-0.0808944
-0.0810042
-0.0804687
-0.079892
-0.0796448
-0.0796723
-0.0795762
-0.0790956
-0.078409
-0.0780108
-0.0782168
-0.0789308
-0.0798783
-0.0809218
-0.081883
-0.0822675
-0.0815672
-0.079892
-0.0781207
-0.0773105
-0.0778186
-0.0791505
-0.0804138
-0.0810454
-0.0810729
-0.080812
-0.0805785
-0.0805236
-0.0807845
-0.0813475
-0.0819517
-0.082089
-0.0814711
-0.0802627
-0.0789583
-0.0781619
-0.0781481
-0.0787386
-0.0792878
-0.0792329
-0.0784639
-0.0773929
-0.0765828
-0.0764455
-0.0771732
-0.078615
-0.0803039
-0.0814985
-0.0816633
-0.0808257
-0.0795899
-0.0786699
-0.0784365
-0.0788896
-0.0796723
-0.0804275
-0.0808806
-0.0808669
-0.0802765
-0.0791642
-0.077901
-0.077132
-0.0772968
-0.0783129
-0.079535
-0.0802078
-0.0798371
-0.0785875
-0.0772556
-0.0767887
-0.0775028
-0.0787798
-0.0796723
-0.0795762
-0.0785601
-0.0770771
-0.0756216
-0.0746604
-0.0744819
-0.0751959
-0.0765004
-0.077695
-0.0780383
-0.0773792
-0.0762944
-0.0755529
-0.0755392
-0.076061
-0.0768025
-0.077489
-0.0778735
-0.0776538
-0.076775
-0.0756216
-0.0746467
-0.0741249
-0.07407
-0.0742897
-0.0745643
-0.0747565
-0.074935
-0.0752371
-0.0755255
-0.075498
-0.075141
-0.0749076
-0.0752096
-0.0759374
-0.0764729
-0.0763081
-0.075498
-0.0746467
-0.0743995
-0.0748114
-0.0753744
-0.0756079
-0.0755941
-0.0757177
-0.0760747
-0.0763493
-0.0762532
-0.0758413
-0.0752783
-0.0747702
-0.0744544
-0.074427
-0.0745643
-0.0745917
-0.0743995
-0.0740425
-0.073658
-0.0730676
-0.0720927
-0.0708569
-0.0700193
-0.0703488
-0.0720789
-0.0744682
-0.0762258
-0.0764592
-0.075347
-0.0739189
-0.0731912
-0.0734109
-0.0742347
-0.0750998
-0.0754705
-0.0750037
-0.0736855
-0.0719691
-0.0705273
-0.0698407
-0.0699643
-0.0705685
-0.0712139
-0.0715297
-0.0714336
-0.0710216
-0.0704449
-0.0698957
-0.0696897
-0.0700742
-0.0710216
-0.07223
-0.0732873
-0.0737816
-0.0733285
-0.0718867
-0.0700193
-0.0686187
-0.068344
-0.0691679
-0.0703763
-0.0711589
-0.0711727
-0.0705548
-0.0696897
-0.068907
-0.0683715
-0.0681655
-0.0682891
-0.0686187
-0.0689345
-0.0689757
-0.0687285
-0.0684402
-0.0683578
-0.068399
-0.0683715
-0.0682891
-0.0683166
-0.0683852
-0.0682342
-0.0677399
-0.0671769
-0.066916
-0.0671082
-0.0675888
-0.0679596
-0.067836
-0.0670396
-0.065845
-0.0648014
-0.0644307
-0.0649799
-0.0662569
-0.0677124
-0.0688246
-0.0694014
-0.0695799
-0.0695112
-0.0690718
-0.0680969
-0.0667787
-0.0656115
-0.0650898
-0.0653232
-0.0661333
-0.0672593
-0.068344
-0.068907
-0.0683303
-0.0663805
-0.0636754
-0.0615883
-0.0611626
-0.0622749
-0.0638814
-0.0649936
-0.0653644
-0.0651996
-0.0646504
-0.0638128
-0.0630987
-0.0630438
-0.0638951
-0.0653781
-0.066765
-0.0672867
-0.0666139
-0.0651584
-0.0638128
-0.0633184
-0.0637716
-0.0647327
-0.0655429
-0.0658038
-0.0654605
-0.064925
-0.0647465
-0.0650898
-0.0656939
-0.0661196
-0.0661883
-0.0659274
-0.0652683
-0.0641835
-0.0628928
-0.0619865
-0.0620277
-0.0631125
-0.0647465
-0.0661471
-0.0667512
-0.0666551
-0.0663256
-0.0660647
-0.065845
-0.0655017
-0.0649113
-0.0641286
-0.0633322
-0.0629477
-0.0632223
-0.0640187
-0.0647739
-0.0650348
-0.0648838
-0.0646778
-0.0646366
-0.0646504
-0.0644169
-0.0638677
-0.0634008
-0.0637029
-0.0650211
-0.06671
-0.0675476
-0.0669297
-0.0653781
-0.0639638
-0.0632086
-0.0628378
-0.0625495
-0.0623572
-0.062522
-0.0631674
-0.0641286
-0.0650486
-0.0656939
-0.065996
-0.0660097
-0.0657489
-0.0653095
-0.0647739
-0.0641423
-0.0630987
-0.0613549
-0.0592265
-0.0577024
-0.0576612
-0.0589931
-0.0605722
-0.0613274
-0.0609567
-0.0598307
-0.0586086
-0.0577573
-0.0574964
-0.0578671
-0.0588558
-0.0601465
-0.0610253
-0.0607644
-0.0594462
-0.0579083
-0.056906
-0.0565352
-0.0565352
-0.0568922
-0.0576749
-0.0587322
-0.0596934
-0.0602838
-0.0604898
-0.0603113
-0.0597621
-0.0588558
-0.057826
-0.0571806
-0.0573591
-0.0583615
-0.0595561
-0.0600504
-0.0595286
-0.0585537
-0.0579358
-0.0580182
-0.0584851
-0.0589107
-0.0590755
-0.0590755
-0.0591441
-0.0594462
-0.0599131
-0.0602838
-0.0602152
-0.0594874
-0.058183
-0.0564803
-0.0547639
-0.0534457
-0.0529239
-0.0533221
-0.0544481
-0.0558761
-0.0571394
-0.0577848
-0.05762
-0.0566039
-0.0550248
-0.0534182
-0.0524433
-0.0525394
-0.0536517
-0.0551484
-0.0562469
-0.0563979
-0.0555054
-0.0539675
-0.0524983
-0.0516195
-0.0512899
-0.0510016
-0.0505484
-0.0502326
-0.050466
-0.0513998
-0.0529102
-0.054709
-0.0563018
-0.0571531
-0.0569884
-0.0559585
-0.0544206
-0.0528553
-0.0518392
-0.051743
-0.0523884
-0.0529788
-0.0528553
-0.0519902
-0.051029
-0.0505896
-0.0509741
-0.051949
-0.0529376
-0.0534594
-0.053583
-0.0538439
-0.0546952
-0.0558899
-0.0565764
-0.0560272
-0.054146
-0.0516606
-0.0496971
-0.0490929
-0.0498207
-0.0510427
-0.0519078
-0.0522099
-0.0522923
-0.0524845
-0.0526768
-0.0524021
-0.0513448
-0.0496971
-0.0481043
-0.0472667
-0.0473628
-0.0480356
-0.0488732
-0.0496147
-0.0500953
-0.0501777
-0.0500404
-0.0500266
-0.0501365
-0.0500678
-0.0496559
-0.0492714
-0.0493263
-0.0498207
-0.0501639
-0.0498756
-0.0490792
-0.048324
-0.0481729
-0.0487222
-0.0496284
-0.050466
-0.0511389
-0.0517018
-0.0521
-0.0519765
-0.0512899
-0.0503562
-0.0496284
-0.0491753
-0.0487908
-0.0484338
-0.0482828
-0.0484887
-0.0489281
-0.0492165
-0.049038
-0.048475
-0.0479807
-0.047912
-0.048118
-0.0481455
-0.0478708
-0.0475688
-0.0474589
-0.0473902
-0.0470744
-0.0464428
-0.0456876
-0.0450148
-0.0445342
-0.0442733
-0.0443145
-0.0448088
-0.0457974
-0.0469646
-0.0477335
-0.0476099
-0.0467998
-0.0459622
-0.0456738
-0.045921
-0.0462231
-0.0462231
-0.0459485
-0.0456189
-0.0455091
-0.0457562
-0.0462368
-0.0466213
-0.0466625
-0.0463329
-0.0458112
-0.0452619
-0.0449049
-0.0448225
-0.0449736
-0.0452619
-0.0456464
-0.0461682
-0.0465938
-0.0465526
-0.045921
-0.0449736
-0.0441771
-0.0437652
-0.0437789
-0.0441497
-0.0446715
-0.045001
-0.0448088
-0.0440398
-0.0429551
-0.0419664
-0.0414172
-0.041582
-0.0425843
-0.0442046
-0.04577
-0.0465801
-0.0462506
-0.0450148
-0.0436966
-0.043161
-0.0437103
-0.0449736
-0.0462918
-0.0471568
-0.0472117
-0.0464016
-0.0450834
-0.0439025
-0.0433258
-0.0433533
-0.0435867
-0.0437927
-0.0439712
-0.0442458
-0.0446028
-0.0449873
-0.0452344
-0.0451383
-0.0445891
-0.0436966
-0.042653
-0.0416781
-0.0409915
-0.0407169
-0.0407581
-0.0410052
-0.0414858
-0.0423372
-0.0436554
-0.0453031
-0.0469508
-0.0479944
-0.0479395
-0.0467861
-0.0451795
-0.0439437
-0.0434906
-0.043573
-0.0437652
-0.0439163
-0.044287
-0.0450422
-0.0458935
-0.0462094
-0.0456464
-0.0445479
-0.0436828
-0.0435455
-0.0439574
-0.044287
-0.0441085
-0.0434082
-0.0424882
-0.0416781
-0.0413348
-0.041582
-0.0422136
-0.0427079
-0.0427491
-0.0424333
-0.0421037
-0.0418978
-0.041884
-0.0421724
-0.0428864
-0.04393
-0.0448774
-0.0451246
-0.0442046
-0.0423097
-0.04025
-0.0390554
-0.0391653
-0.0402226
-0.0414172
-0.0422273
-0.0425569
-0.0426393
-0.0428178
-0.0432984
-0.0439574
-0.044438
-0.0444792
-0.0440948
-0.0434906
-0.0428727
-0.0424333
-0.0423372
-0.0424745
-0.0423784
-0.0416643
-0.0404835
-0.0394948
-0.0393438
-0.0401676
-0.0415545
-0.0427766
-0.0432434
-0.0429001
-0.0420763
-0.0411151
-0.0402775
-0.0398656
-0.0401676
-0.0411014
-0.04209
-0.0424745
-0.0420488
-0.0412112
-0.0405796
-0.0406208
-0.0414172
-0.0425706
-0.0434769
-0.0436828
-0.0430787
-0.0418154
-0.0401539
-0.0385062
-0.0372841
-0.0367898
-0.0370919
-0.0379569
-0.0390005
-0.0399067
-0.0405521
-0.0409915
-0.0413073
-0.0413623
-0.0408405
-0.0396047
-0.0379569
-0.036625
-0.0361993
-0.036831
-0.0382315
-0.0397282
-0.0404835
-0.0400715
-0.0386847
-0.0369271
-0.0354029
-0.0345104
-0.0343319
-0.0346752
-0.035142
-0.0353892
-0.0352793
-0.034785
-0.0340573
-0.0334119
-0.0332608
-0.0337964
-0.0348399
-0.0360208
-0.0370919
-0.0379706
-0.0385336
-0.0386572
-0.0382041
-0.037188
-0.0359659
-0.0350184
-0.0346477
-0.0347713
-0.0351832
-0.0358011
-0.0365701
-0.0372704
-0.0375313
-0.037188
-0.0363366
-0.0352519
-0.0342358
-0.0336728
-0.0337689
-0.0342907
-0.0346889
-0.034634
-0.0342907
-0.0340298
-0.0340161
-0.0340847
-0.0339611
-0.0336591
-0.0335492
-0.0340161
-0.0350047
-0.0359796
-0.0363366
-0.0359796
-0.0355402
-0.0357462
-0.0366799
-0.0377921
-0.0384512
-0.0384238
-0.0378333
-0.0370644
-0.0363916
-0.0359796
-0.0357737
-0.0357462
-0.0359384
-0.0363504
-0.0368035
-0.0369683
-0.036625
-0.035911
-0.0352244
-0.0350184
-0.0354166
-0.0361169
-0.0365563
-0.0363641
-0.035554
-0.0344555
-0.0334531
-0.0329176
-0.0331785
-0.0343593
-0.0361719
-0.0378745
-0.0386297
-0.0381354
-0.0368447
-0.0356913
-0.0351832
-0.0351558
-0.0351146
-0.0350047
-0.0352244
-0.0361719
-0.0374901
-0.0383414
-0.0380393
-0.0365563
-0.0344967
-0.0327665
-0.0320937
-0.0327803
-0.0344417
-0.0362405
-0.0372704
-0.0370919
-0.0358972
-0.0343182
-0.0329725
-0.0321898
-0.0319976
-0.0322997
-0.0327665
-0.033
-0.0327253
-0.0321898
-0.0319427
-0.0322035
-0.0327253
-0.0331098
-0.0331373
-0.0327253
-0.0318603
-0.0307068
-0.0297869
-0.0294848
-0.029677
-0.0298967
-0.0300203
-0.0303361
-0.0311462
-0.0322722
-0.0331922
-0.0334805
-0.0331785
-0.0326979
-0.0324232
-0.0324782
-0.0328077
-0.0332746
-0.0336591
-0.0335904
-0.0329176
-0.03208
-0.0316955
-0.0319564
-0.0324782
-0.0327391
-0.0326018
-0.0323134
-0.0320113
-0.031723
-0.0313934
-0.0310227
-0.0306245
-0.0302537
-0.0300203
-0.0301164
-0.0306931
-0.0317504
-0.033
-0.0339474
-0.034222
-0.0339886
-0.0337002
-0.0336179
-0.0335767
-0.0334119
-0.0330411
-0.032437
-0.0315994
-0.0307068
-0.0301988
-0.030391
-0.0311737
-0.03208
-0.0327116
-0.0329862
-0.0330961
-0.0333158
-0.0336591
-0.0338513
-0.0335904
-0.0328352
-0.0319152
-0.0312561
-0.0311325
-0.0316818
-0.0326841
-0.0336453
-0.0340023
-0.0336865
-0.0330411
-0.0325468
-0.0323546
-0.0323546
-0.0322997
-0.0320388
-0.0316543
-0.0313934
-0.0314209
-0.0317504
-0.0322447
-0.0327116
-0.0329038
-0.0326567
-0.03208
-0.0315582
-0.0313797
-0.0314621
-0.0315994
-0.0317504
-0.0319427
-0.03208
-0.0319838
-0.0317779
-0.0318053
-0.0322173
-0.0326155
-0.0325331
-0.0319838
-0.0313522
-0.0311051
-0.0313385
-0.0318053
-0.0320113
-0.0317367
-0.0311188
-0.0306107
-0.0304734
-0.0305283
-0.0305421
-0.0305421
-0.0308167
-0.0313934
-0.0319152
-0.0319015
-0.0312149
-0.0302812
-0.0296907
-0.0296907
-0.0300752
-0.030391
-0.0303773
-0.0300066
-0.0294161
-0.028963
-0.029114
-0.0300477
-0.0312973
-0.032025
-0.0318328
-0.0310089
-0.0301164
-0.0295122
-0.0293887
-0.0297731
-0.0304597
-0.0310089
-0.0311462
-0.0310501
-0.0309265
-0.0307755
-0.0305009
-0.0301576
-0.029883
-0.0298143
-0.0298967
-0.030034
-0.0300889
-0.0299791
-0.0299242
-0.03024
-0.030954
-0.0314621
-0.0310501
-0.0295809
-0.027837
-0.0269033
-0.0273015
-0.0283176
-0.0286197
-0.0275349
-0.0258048
-0.0249672
-0.0258323
-0.0277684
-0.0295672
-0.0305695
-0.0308854
-0.0308579
-0.0306794
-0.030391
-0.0299654
-0.0292513
-0.0282902
-0.0274526
-0.0271642
-0.0275761
-0.0283725
-0.0291003
-0.0294848
-0.0294985
-0.0292925
-0.0289218
-0.0283039
-0.0274663
-0.0268072
-0.0266836
-0.0271093
-0.0277409
-0.0283039
-0.0287296
-0.0290316
-0.0291964
-0.0291964
-0.029114
-0.0290866
-0.0292376
-0.0296084
-0.0300889
-0.0304185
-0.0304597
-0.0302263
-0.0297457
-0.0289355
-0.0279743
-0.0275761
-0.0283725
-0.03024
-0.0322859
-0.0336179
-0.0340023
-0.0336453
-0.0328352
-0.0316955
-0.0302949
-0.0289355
-0.0280293
-0.0277546
-0.0277546
-0.0275075
-0.0268209
-0.0262305
-0.0264364
-0.0276311
-0.029169
-0.0302263
-0.0304185
-0.0299516
-0.0292925
-0.028963
-0.0291827
-0.0296907
-0.0298967
-0.0294024
-0.0284961
-0.027892
-0.0280979
-0.0289493
-0.0296084
-0.0291827
-0.0274663
-0.025283
-0.0239648
-0.0242944
-0.0259696
-0.0279331
-0.0291552
-0.0290728
-0.0276585
-0.0257224
-0.0244729
-0.0248162
-0.02656
-0.0286609
-0.0301439
-0.0306657
-0.030597
-0.0304597
-0.0304734
-0.030391
-0.0297731
-0.0285922
-0.0272191
-0.0262579
-0.0261206
-0.026917
-0.0283314
-0.0295534
-0.029677
-0.0284412
-0.0266561
-0.0255714
-0.0260245
-0.027837
-0.0299516
-0.0311325
-0.0307892
-0.0292925
-0.0275899
-0.0266561
-0.0268621
-0.0277684
-0.0284
-0.0280155
-0.0266424
-0.0252968
-0.0252006
-0.026615
-0.0285922
-0.0298967
-0.0300066
-0.0293063
-0.0284687
-0.027892
-0.0275761
-0.027274
-0.0267935
-0.0261893
-0.0256812
-0.0253242
-0.0249672
-0.0244866
-0.0240335
-0.0239511
-0.0245003
-0.0257362
-0.0274114
-0.0289355
-0.0296907
-0.0294298
-0.0283725
-0.0270269
-0.0259833
-0.0256675
-0.0262442
-0.0274114
-0.0285922
-0.0293749
-0.0295946
-0.0293063
-0.0287982
-0.0285236
-0.0286884
-0.0291827
-0.0296221
-0.0298967
-0.0301439
-0.0303361
-0.0301164
-0.0292239
-0.027837
-0.0264639
-0.0255302
-0.025132
-0.0250908
-0.0251869
-0.0251732
-0.0251045
-0.0252556
-0.0259009
-0.0268347
-0.0275075
-0.02748
-0.0269308
-0.0265188
-0.0268484
-0.0279469
-0.029169
-0.0297182
-0.02932
-0.028249
-0.0270406
-0.0261893
-0.0260932
-0.0269857
-0.0286334
-0.0303773
-0.0314758
-0.0315307
-0.0305421
-0.0289355
-0.0273427
-0.0263129
-0.025997
-0.0260932
-0.0262991
-0.0264639
-0.0267248
-0.0273015
-0.0283176
-0.0295122
-0.0303361
-0.0302812
-0.0294985
-0.0285236
-0.027837
-0.0273427
-0.0266699
-0.02564
-0.0245965
-0.0239786
-0.0240747
-0.02472
-0.0255165
-0.0260108
-0.026052
-0.0258735
-0.0258735
-0.0262854
-0.026972
-0.0274663
-0.0272329
-0.0261206
-0.0245278
-0.0231135
-0.0221249
-0.0214108
-0.0208478
-0.0207517
-0.0214795
-0.0229762
-0.0248024
-0.026409
-0.0273152
-0.0273839
-0.0269857
-0.0266287
-0.0265051
-0.0264227
-0.0261893
-0.0259147
-0.0258872
-0.0262717
-0.0270543
-0.0280705
-0.0290591
-0.0295946
-0.0293749
-0.0283314
-0.0266836
-0.0248162
-0.0233195
-0.0226329
-0.0228251
-0.023443
-0.0239099
-0.024006
-0.0239511
-0.0241845
-0.0249397
-0.026203
-0.0275761
-0.0284961
-0.0286197
-0.0279331
-0.0268072
-0.0257362
-0.0250908
-0.0249947
-0.0252006
-0.0254478
-0.025695
-0.0260108
-0.0263403
-0.0265188
-0.0265875
-0.0267248
-0.0269445
-0.026917
-0.0263953
-0.0256126
-0.0250221
-0.0248574
-0.0250359
-0.0253242
-0.0255165
-0.0255988
-0.0258323
-0.0263678
-0.0269994
-0.0271917
-0.026615
-0.025489
-0.024363
-0.0237314
-0.0238275
-0.0244729
-0.0252556
-0.0258185
-0.0261206
-0.0263129
-0.0263678
-0.0261893
-0.0258597
-0.0256675
-0.0257362
-0.0258735
-0.0259284
-0.0258323
-0.0256263
-0.0252693
-0.0248711
-0.0246514
-0.0247887
-0.0253379
-0.0261756
-0.026972
-0.0272466
-0.0266561
-0.0253242
-0.0238275
-0.0228114
-0.0226054
-0.0231272
-0.0239511
-0.0246102
-0.0247887
-0.0244317
-0.0237589
-0.0230448
-0.0224544
-0.0220562
-0.0218228
-0.0217404
-0.0217816
-0.0221523
-0.0230448
-0.0244592
-0.0259559
-0.0270132
-0.0273015
-0.0266561
-0.0251045
-0.0230723
-0.0213696
-0.020738
-0.0213971
-0.0229625
-0.02472
-0.025997
-0.0265463
-0.026615
-0.0264364
-0.0259147
-0.0246789
-0.0228526
-0.0212461
-0.0207105
-0.0214383
-0.0229213
-0.0243218
-0.0250771
-0.0250908
-0.0246926
-0.0242806
-0.024006
-0.0238687
-0.0238001
-0.0237314
-0.0236353
-0.0233881
-0.0228801
-0.0220425
-0.0210538
-0.0205183
-0.020944
-0.0223034
-0.0238001
-0.0244454
-0.0240609
-0.0234293
-0.0234156
-0.0239786
-0.0242944
-0.0237863
-0.0226878
-0.0215619
-0.0208616
-0.0207243
-0.0211499
-0.022015
-0.0230723
-0.0238138
-0.0237863
-0.0229213
-0.0218502
-0.0214246
-0.0220287
-0.0233332
-0.0244866
-0.0246926
-0.0237863
-0.022372
-0.0215756
-0.0219601
-0.0230723
-0.0239374
-0.0240335
-0.0235804
-0.0228938
-0.0220562
-0.021095
-0.0202437
-0.0199416
