LECROYHDO9204-MSöv,30454,Waveform
Segments,1,SegmentSize,2002
Ampl
-0.0140784
-0.014504
-0.0154103
-0.0162479
-0.0164264
-0.0157536
-0.0147237
-0.0141608
-0.0145178
-0.01563
-0.0169619
-0.0180879
-0.018898
-0.0194335
-0.0195846
-0.0193786
-0.0190353
-0.0189118
-0.0192688
-0.0198729
-0.0201338
-0.0196258
-0.0185822
-0.0177171
-0.0175524
-0.0181153
-0.0191864
-0.0203398
-0.0210264
-0.0208478
-0.0198729
-0.0186097
-0.0175524
-0.0169482
-0.0167834
-0.0169619
-0.0174288
-0.0180879
-0.018747
-0.0191177
-0.0190765
-0.0188431
-0.018898
-0.0193649
-0.0196807
-0.0191726
-0.0179094
-0.016701
-0.0163989
-0.0170306
-0.0178407
-0.0180467
-0.0173601
-0.0161106
-0.0150533
-0.0149572
-0.0161655
-0.0181428
-0.019667
-0.0197768
-0.0184861
-0.0166873
-0.0153966
-0.0149984
-0.0152043
-0.0154652
-0.0153828
-0.0149846
-0.0146002
-0.0145864
-0.0149984
-0.015479
-0.0155613
-0.0150807
-0.0143805
-0.0139136
-0.01379
-0.0138587
-0.0139548
-0.0139823
-0.0138175
-0.0135291
-0.013584
-0.0143118
-0.0154927
-0.0163852
-0.0164539
-0.0157536
-0.0148473
-0.0141882
-0.0139823
-0.0140646
-0.0140921
-0.0138312
-0.0134742
-0.0134742
-0.0140509
-0.0148061
-0.015273
-0.0153279
-0.0152867
-0.0154103
-0.0156163
-0.0155476
-0.0150121
-0.0141608
-0.0134742
-0.0133643
-0.0138999
-0.0147237
-0.0154378
-0.0160145
-0.0165363
-0.0168383
-0.01655
-0.015479
-0.0138999
-0.0124169
-0.0115656
-0.011593
-0.0124718
-0.0138037
-0.0150533
-0.0157261
-0.0155201
-0.014559
-0.0133369
-0.0124718
-0.0122109
-0.0122933
-0.0123482
-0.012156
-0.0117441
-0.0112909
-0.0111124
-0.0114145
-0.0121697
-0.0131858
-0.0142157
-0.015067
-0.0155613
-0.0153828
-0.014353
-0.0126915
-0.0112497
-0.0109751
-0.0122247
-0.0142431
-0.0157261
-0.0159321
-0.0151631
-0.0141882
-0.0134467
-0.0129936
-0.012925
-0.0133506
-0.0141333
-0.0146963
-0.0145864
-0.0138999
-0.0131721
-0.0128563
-0.0131172
-0.0136802
-0.0141196
-0.0140646
-0.0135291
-0.0128151
-0.0122521
-0.0119363
-0.0119363
-0.0124032
-0.0132682
-0.0140921
-0.0144217
-0.0140372
-0.0132408
-0.0124306
-0.0120187
-0.0121423
-0.0126641
-0.0133232
-0.0140097
-0.0145727
-0.0147649
-0.0143942
-0.0136802
-0.0133232
-0.0137763
-0.0146414
-0.0150807
-0.0146551
-0.0137488
-0.0130623
-0.0130623
-0.0135978
-0.0141608
-0.014202
-0.0134605
-0.0121011
-0.0104945
-0.00923126
-0.00891544
-0.00969812
-0.0109751
-0.0118127
-0.0117715
-0.0111536
-0.0105906
-0.0104533
-0.0107966
-0.0114145
-0.0118265
-0.0116479
-0.0110026
-0.0104259
-0.0103435
-0.0107692
-0.0114832
-0.0122659
-0.0129387
-0.0133643
-0.0135154
-0.0134605
-0.0132545
-0.0129936
-0.0128014
-0.0127327
-0.0126091
-0.0121835
-0.0114145
-0.0106318
-0.0102748
-0.0105906
-0.0114694
-0.0124993
-0.0131721
-0.0131996
-0.0127327
-0.0122384
-0.0122109
-0.0126778
-0.0134742
-0.0143667
-0.0152318
-0.0157948
-0.0157673
-0.015067
-0.0138861
-0.0125267
-0.0113321
-0.0105906
-0.0104671
-0.0108927
-0.0116205
-0.0124169
-0.0131446
-0.0136252
-0.0137626
-0.0135017
-0.012925
-0.0122384
-0.0118402
-0.0120736
-0.0129387
-0.0141333
-0.0153142
-0.0163028
-0.0169894
-0.0171542
-0.0166186
-0.0154515
-0.0139548
-0.0124856
-0.0114969
-0.011236
-0.0116068
-0.0121011
-0.0122384
-0.01195
-0.0116617
-0.0119088
-0.0130073
-0.0146139
-0.0159733
-0.0163852
-0.0156437
-0.0141882
-0.0129661
-0.0127602
-0.013639
-0.014916
-0.0155888
-0.0150945
-0.0136115
-0.0117578
-0.0102474
-0.00958827
-0.0100002
-0.0114008
-0.0132408
-0.0146963
-0.0152455
-0.0148199
-0.0137488
-0.0123894
-0.0112086
-0.0106044
-0.0107829
-0.0115518
-0.0125817
-0.0135154
-0.0140646
-0.0140372
-0.0134742
-0.0126915
-0.0121011
-0.0121011
-0.0128151
-0.01379
-0.014353
-0.014147
-0.0135978
-0.0133506
-0.0135566
-0.0137626
-0.0136939
-0.0136115
-0.0138587
-0.0142294
-0.0142706
-0.0136802
-0.0126915
-0.0118402
-0.0115518
-0.0119638
-0.0127602
-0.0135566
-0.0141745
-0.0145452
-0.0145864
-0.0142294
-0.0135291
-0.0126778
-0.0119088
-0.0113184
-0.0110163
-0.0110575
-0.0114008
-0.011799
-0.0120324
-0.0120462
-0.0119912
-0.0118951
-0.0116891
-0.0111811
-0.0103435
-0.0094235
-0.00891544
-0.00913514
-0.0100002
-0.0109614
-0.0114283
-0.0111262
-0.0103435
-0.00972558
-0.00973931
-0.0102748
-0.0108378
-0.0111948
-0.0115793
-0.0122109
-0.0130623
-0.0138449
-0.0144766
-0.0149846
-0.0153966
-0.0156025
-0.0155476
-0.0151906
-0.0146825
-0.0142294
-0.0141196
-0.014504
-0.0150945
-0.0153416
-0.0149434
-0.0140372
-0.0131035
-0.0124856
-0.0123482
-0.0125542
-0.0127739
-0.0127739
-0.0126503
-0.0127739
-0.0132408
-0.01379
-0.0140646
-0.0140372
-0.0140097
-0.0142431
-0.0148061
-0.0154378
-0.0156849
-0.0151906
-0.0140784
-0.01287
-0.0120873
-0.0120187
-0.012719
-0.0139411
-0.0151769
-0.0159733
-0.0161518
-0.0159046
-0.0154927
-0.0150396
-0.0144079
-0.0134055
-0.0119363
-0.0102886
-0.00917633
-0.00935484
-0.0110987
-0.0137626
-0.0161655
-0.0171267
-0.016344
-0.014504
-0.0127464
-0.01195
-0.0123208
-0.0134467
-0.0147512
-0.0156163
-0.0156712
-0.0149846
-0.014147
-0.0137626
-0.0138312
-0.0138861
-0.0137626
-0.0136527
-0.0137214
-0.0138449
-0.0138449
-0.0139823
-0.0148473
-0.0167422
-0.0192413
-0.0212872
-0.022015
-0.0215069
-0.0209989
-0.0219189
-0.0247475
-0.028551
-0.0320113
-0.0344555
-0.0361307
-0.0377921
-0.0401264
-0.0434906
-0.0479395
-0.0530612
-0.0582379
-0.0628241
-0.0666963
-0.0703763
-0.0746192
-0.0797409
-0.0854943
-0.0913026
-0.0968363
-0.102013
-0.106915
-0.111474
-0.115648
-0.119383
-0.122843
-0.126441
-0.130684
-0.135682
-0.140955
-0.145568
-0.148823
-0.150786
-0.1522
-0.153793
-0.155798
-0.157968
-0.159835
-0.161249
-0.16243
-0.163666
-0.165012
-0.166289
-0.16725
-0.167772
-0.167827
-0.16747
-0.166879
-0.166289
-0.165918
-0.165753
-0.165575
-0.165053
-0.163817
-0.161702
-0.159011
-0.156498
-0.154919
-0.15448
-0.154645
-0.154521
-0.15345
-0.15139
-0.148987
-0.146886
-0.14539
-0.144305
-0.143426
-0.142547
-0.141367
-0.139664
-0.137508
-0.135366
-0.133856
-0.133224
-0.133402
-0.134062
-0.134844
-0.135572
-0.136121
-0.136451
-0.136451
-0.136135
-0.135613
-0.135064
-0.13457
-0.134185
-0.134048
-0.134419
-0.13538
-0.136822
-0.138346
-0.139513
-0.139884
-0.139334
-0.138167
-0.137027
-0.136629
-0.137453
-0.139417
-0.141847
-0.143742
-0.144401
-0.144017
-0.143426
-0.143426
-0.144099
-0.145019
-0.145678
-0.145829
-0.145555
-0.145198
-0.145143
-0.145582
-0.146337
-0.14712
-0.147628
-0.147628
-0.14712
-0.146461
-0.146159
-0.146543
-0.147518
-0.148603
-0.149317
-0.149331
-0.148809
-0.14826
-0.148109
-0.148369
-0.148726
-0.148878
-0.148795
-0.148589
-0.148342
-0.148218
-0.148507
-0.149344
-0.150539
-0.151555
-0.151775
-0.15091
-0.149331
-0.147806
-0.147065
-0.147326
-0.148191
-0.148987
-0.149207
-0.148768
-0.148026
-0.14734
-0.146859
-0.146543
-0.146461
-0.146818
-0.147655
-0.148548
-0.148768
-0.147903
-0.146282
-0.144662
-0.143618
-0.14322
-0.143207
-0.143303
-0.143371
-0.143454
-0.143509
-0.143399
-0.143042
-0.142767
-0.143069
-0.144181
-0.145651
-0.146763
-0.147024
-0.146447
-0.145458
-0.144566
-0.144181
-0.144332
-0.144621
-0.144552
-0.144044
-0.143454
-0.143097
-0.142987
-0.14285
-0.142383
-0.141559
-0.140749
-0.140378
-0.140488
-0.14068
-0.140474
-0.139829
-0.139156
-0.139019
-0.139815
-0.141284
-0.14263
-0.143097
-0.142698
-0.142232
-0.142355
-0.142822
-0.142726
-0.141408
-0.139183
-0.137014
-0.135696
-0.135407
-0.135792
-0.136327
-0.136588
-0.136616
-0.136794
-0.137426
-0.138456
-0.139403
-0.139733
-0.139321
-0.138593
-0.138099
-0.137989
-0.137865
-0.137275
-0.136053
-0.134473
-0.1331
-0.13251
-0.132812
-0.133608
-0.134295
-0.134528
-0.13446
-0.134487
-0.134954
-0.135819
-0.136835
-0.137604
-0.137906
-0.137549
-0.136561
-0.135174
-0.13402
-0.133801
-0.134858
-0.136657
-0.138085
-0.138167
-0.136794
-0.134583
-0.132428
-0.131013
-0.130766
-0.131755
-0.133608
-0.135558
-0.136684
-0.136341
-0.134487
-0.131947
-0.129983
-0.129448
-0.130217
-0.131439
-0.132208
-0.132139
-0.131439
-0.130711
-0.130409
-0.130588
-0.131013
-0.131329
-0.131343
-0.131027
-0.130574
-0.130299
-0.130423
-0.13089
-0.131398
-0.131617
-0.131315
-0.130478
-0.129475
-0.128802
-0.128844
-0.129544
-0.130533
-0.131288
-0.131411
-0.130986
-0.130533
-0.130601
-0.131247
-0.131961
-0.132125
-0.131604
-0.130711
-0.129887
-0.129256
-0.12861
-0.127924
-0.127374
-0.127072
-0.126853
-0.126523
-0.126029
-0.125589
-0.125452
-0.125686
-0.126194
-0.126743
-0.127223
-0.127718
-0.128267
-0.128706
-0.128844
-0.128569
-0.127855
-0.126715
-0.125287
-0.1239
-0.123022
-0.12298
-0.123722
-0.124752
-0.125383
-0.125287
-0.124766
-0.124395
-0.124409
-0.124614
-0.124532
-0.123749
-0.122198
-0.120303
-0.118916
-0.118779
-0.119877
-0.121374
-0.122266
-0.122074
-0.12114
-0.120097
-0.119493
-0.11941
-0.119699
-0.120193
-0.12077
-0.121278
-0.121594
-0.121621
-0.121305
-0.120687
-0.119946
-0.119383
-0.119273
-0.119699
-0.120468
-0.121209
-0.121552
-0.121319
-0.120619
-0.119685
-0.118738
-0.117804
-0.116925
-0.116335
-0.116389
-0.117255
-0.11849
-0.119383
-0.119589
-0.119287
-0.118779
-0.118078
-0.11709
-0.115978
-0.115126
-0.11481
-0.114769
-0.114398
-0.1133
-0.111803
-0.110842
-0.111172
-0.112586
-0.114014
-0.114495
-0.113849
-0.112641
-0.11157
-0.11113
-0.111556
-0.112847
-0.114783
-0.116843
-0.118257
-0.118394
-0.117255
-0.115524
-0.113987
-0.112916
-0.112133
-0.111542
-0.11135
-0.111817
-0.112861
-0.113973
-0.114632
-0.114659
-0.114289
-0.113959
-0.113753
-0.113506
-0.113108
-0.112806
-0.112957
-0.113506
-0.114055
-0.114206
-0.113808
-0.112998
-0.112092
-0.111364
-0.110746
-0.109881
-0.108576
-0.107217
-0.106407
-0.106379
-0.106846
-0.107272
-0.107299
-0.106929
-0.106489
-0.106338
-0.106558
-0.106819
-0.10664
-0.105899
-0.104828
-0.103908
-0.103578
-0.104306
-0.10616
-0.108398
-0.109785
-0.109455
-0.107698
-0.105707
-0.104663
-0.104979
-0.106132
-0.107176
-0.107327
-0.106503
-0.105253
-0.10432
-0.104073
-0.104443
-0.105034
-0.10535
-0.105034
-0.104141
-0.10307
-0.102301
-0.10215
-0.102837
-0.104334
-0.106283
-0.108
-0.108892
-0.1087
-0.107656
-0.106256
-0.105061
-0.104402
-0.104306
-0.104567
-0.104951
-0.10524
-0.105308
-0.10524
-0.105226
-0.105295
-0.105212
-0.104773
-0.104114
-0.103716
-0.103922
-0.104691
-0.105446
-0.105501
-0.104622
-0.10329
-0.102356
-0.102288
-0.102892
-0.103482
-0.103537
-0.102933
-0.101944
-0.100983
-0.100393
-0.100351
-0.100805
-0.101464
-0.101985
-0.102205
-0.102123
-0.101834
-0.101422
-0.101011
-0.100708
-0.10053
-0.10031
-0.0998297
-0.0991431
-0.0986213
-0.0986076
-0.0988822
-0.0987586
-0.0977151
-0.0960673
-0.0948453
-0.0949688
-0.0964793
-0.0985252
-0.100008
-0.100338
-0.0995825
-0.0984016
-0.0973993
-0.0967127
-0.0960948
-0.0952709
-0.0942685
-0.0934584
-0.0933348
-0.0940214
-0.09501
-0.0953808
-0.0945981
-0.0929778
-0.0914262
-0.090671
-0.0908495
-0.0916596
-0.0926757
-0.0935683
-0.0942823
-0.0950238
-0.095779
-0.0962321
-0.09593
-0.0947491
-0.0929503
-0.0910005
-0.0893528
-0.0883504
-0.0881582
-0.0886662
-0.0895038
-0.0902041
-0.0903963
-0.0900943
-0.0895862
-0.0894214
-0.0898608
-0.0906435
-0.091179
-0.0912477
-0.0911516
-0.0911928
-0.0913987
-0.0915772
-0.0916047
-0.0913987
-0.0909731
-0.0903826
-0.0898471
-0.0895038
-0.0894489
-0.0897647
-0.0905062
-0.0915086
-0.0924148
-0.0928817
-0.0927444
-0.0920304
-0.0910005
-0.0900256
-0.089394
-0.088982
-0.0886662
-0.0886113
-0.0890782
-0.0898883
-0.0904925
-0.0904513
-0.0897235
-0.0886113
-0.0874991
-0.0868949
-0.0870185
-0.0876638
-0.0882268
-0.0883092
-0.0880346
-0.0878698
-0.0880758
-0.0885289
-0.0887898
-0.0883779
-0.0870597
-0.0852471
-0.0838328
-0.0836406
-0.0847528
-0.0864143
-0.0875952
-0.0878012
-0.0872794
-0.0865241
-0.0857415
-0.0847391
-0.0834072
-0.0821164
-0.0815672
-0.0821988
-0.0838603
-0.0857689
-0.0870047
-0.0869635
-0.0857689
-0.0842722
-0.083517
-0.0840388
-0.085563
-0.0872382
-0.0882131
-0.0882131
-0.0876364
-0.0871421
-0.0870734
-0.0872794
-0.0873892
-0.0871283
-0.086483
-0.0856591
-0.0848489
-0.0840525
-0.0830776
-0.0819517
-0.0809905
-0.0806747
-0.0809905
-0.0815123
-0.0817594
-0.0817732
-0.0819517
-0.0826108
-0.0835582
-0.0841212
-0.0836818
-0.0821439
-0.0802215
-0.0791505
-0.0797409
-0.0816633
-0.0836543
-0.0845743
-0.0841075
-0.082652
-0.0809356
-0.0797272
-0.079535
-0.0801803
-0.0809905
-0.0813475
-0.0812376
-0.0810179
-0.0809493
-0.0810179
-0.0810179
-0.0808669
-0.0807159
-0.080757
-0.0811553
-0.0818693
-0.0826657
-0.0832973
-0.0835033
-0.0830227
-0.0817045
-0.0797409
-0.0775714
-0.0759374
-0.0754431
-0.0762258
-0.0776538
-0.0786424
-0.078409
-0.0770908
-0.0755529
-0.0746604
-0.074935
-0.0762532
-0.0778323
-0.0785601
-0.0777362
-0.075855
-0.0741661
-0.0736855
-0.0743171
-0.0751547
-0.0754843
-0.0752646
-0.0750586
-0.0754156
-0.0764043
-0.077489
-0.0780795
-0.0780108
-0.0775851
-0.0771869
-0.0769398
-0.0767475
-0.0765141
-0.0761983
-0.0758962
-0.0756353
-0.0754156
-0.0751685
-0.0750449
-0.075292
-0.0759374
-0.076569
-0.0765965
-0.0759649
-0.0752096
-0.0749762
-0.0753744
-0.0761159
-0.0767613
-0.0769672
-0.0766514
-0.0760061
-0.075347
-0.0749625
-0.0748252
-0.074578
-0.0737541
-0.0721339
-0.0700742
-0.0685363
-0.0684539
-0.0698957
-0.072024
-0.0737404
-0.074427
-0.0742073
-0.0736855
-0.0734383
-0.0733834
-0.0731088
-0.0725046
-0.0720927
-0.0724085
-0.0732186
-0.0738091
-0.0738915
-0.0738777
-0.074221
-0.0748252
-0.0750311
-0.0743583
-0.0729989
-0.0717082
-0.0712688
-0.071818
-0.0726694
-0.0727106
-0.0714061
-0.0693602
-0.0679733
-0.0683303
-0.0703351
-0.0727792
-0.074372
-0.0746467
-0.0741798
-0.0738091
-0.0737129
-0.0734383
-0.0727518
-0.0721476
-0.0722712
-0.0731225
-0.0740288
-0.074372
-0.0739738
-0.0730676
-0.0720377
-0.0711864
-0.0707195
-0.0707745
-0.0714473
-0.0726968
-0.0741798
-0.075292
-0.0755255
-0.0746192
-0.0728479
-0.0708569
-0.0694837
-0.0691542
-0.0697034
-0.0706234
-0.0715983
-0.0723948
-0.0726694
-0.0722025
-0.0712963
-0.0704998
-0.0701291
-0.0699094
-0.0693602
-0.0683303
-0.067067
-0.0660784
-0.0657763
-0.0662706
-0.0672318
-0.0680694
-0.0684676
-0.0684951
-0.0684951
-0.0686461
-0.0689208
-0.0692228
-0.0695249
-0.0697584
-0.0696897
-0.0691405
-0.0682342
-0.0675614
-0.0676026
-0.0683029
-0.0691267
-0.0695387
-0.0695387
-0.0694014
-0.0692503
-0.068962
-0.0685088
-0.0680145
-0.0674515
-0.0666688
-0.065639
-0.0647053
-0.0642933
-0.0645268
-0.0651721
-0.0658724
-0.0663942
-0.0666002
-0.0663668
-0.06579
-0.0651996
-0.0649799
-0.065282
-0.0658038
-0.0660921
-0.0658999
-0.0655017
-0.0652957
-0.0654605
-0.0657077
-0.0656115
-0.0649387
-0.0638951
-0.0629065
-0.0623984
-0.0624671
-0.0628241
-0.0629202
-0.0623298
-0.0612176
-0.0601465
-0.0596934
-0.0600916
-0.0611077
-0.0622474
-0.0630301
-0.0631811
-0.0626456
-0.0615883
-0.0604211
-0.0596659
-0.0597758
-0.060737
-0.0620414
-0.062934
-0.0629202
-0.0620414
-0.0608468
-0.059968
-0.0595286
-0.0590892
-0.0582928
-0.0575239
-0.0575788
-0.0587048
-0.0602152
-0.0612038
-0.0613274
-0.0608605
-0.06038
-0.0603662
-0.0609704
-0.0617668
-0.0620277
-0.0613137
-0.0598994
-0.0584301
-0.0573591
-0.0567961
-0.0567687
-0.0571394
-0.0577573
-0.0585674
-0.0595973
-0.0606958
-0.0614785
-0.0615746
-0.0608194
-0.0593913
-0.0577436
-0.0564528
-0.0560546
-0.0566863
-0.0579083
-0.0589794
-0.0594874
-0.0595286
-0.0593776
-0.0591441
-0.0587048
-0.057826
-0.0565078
-0.0552445
-0.0547364
-0.055217
-0.0561645
-0.0568236
-0.0568648
-0.056494
-0.0560958
-0.0559448
-0.0561096
-0.0565627
-0.057263
-0.0581418
-0.0589244
-0.0591167
-0.058334
-0.0567824
-0.0551758
-0.0541735
-0.0538164
-0.0538164
-0.0538439
-0.0538851
-0.0540911
-0.0546403
-0.0553681
-0.0558349
-0.0555603
-0.0545305
-0.053377
-0.052869
-0.0532535
-0.0541735
-0.0550248
-0.0553543
-0.0550385
-0.054352
-0.0535693
-0.0527866
-0.0518941
-0.051029
-0.0504798
-0.0504386
-0.0507819
-0.0511663
-0.0512899
-0.0509878
-0.0504111
-0.0500953
-0.0506583
-0.0522099
-0.0541048
-0.0553131
-0.0550523
-0.0533221
-0.0509604
-0.0492165
-0.0489281
-0.0498619
-0.0511938
-0.0523335
-0.0531848
-0.0538439
-0.0541735
-0.0541185
-0.0537753
-0.0532672
-0.0525532
-0.0516606
-0.0509192
-0.0507819
-0.0513586
-0.052306
-0.0531024
-0.0533359
-0.0530063
-0.0523335
-0.0516744
-0.0512624
-0.0511801
-0.0514135
-0.0518392
-0.0521275
-0.0520039
-0.0515096
-0.0510153
-0.0507681
-0.0506583
-0.0503836
-0.0498893
-0.0493263
-0.0488183
-0.0484338
-0.0484201
-0.0490517
-0.0503699
-0.0520039
-0.053432
-0.0542009
-0.0541185
-0.0533221
-0.052306
-0.0516195
-0.0514821
-0.051743
-0.0521138
-0.0523747
-0.0524021
-0.0522099
-0.051949
-0.0517842
-0.0517156
-0.0516057
-0.0512624
-0.0505347
-0.0495049
-0.0487222
-0.0488183
-0.0499305
-0.0514409
-0.0525257
-0.0529788
-0.0530338
-0.0529788
-0.0527317
-0.0521275
-0.0511938
-0.0501365
-0.0492714
-0.0488595
-0.0490105
-0.0496834
-0.0505759
-0.0511526
-0.0508642
-0.0495186
-0.0477198
-0.0465664
-0.0469508
-0.0487908
-0.0509741
-0.0520314
-0.0512487
-0.0492302
-0.047555
-0.0474314
-0.0487084
-0.0500266
-0.0501365
-0.0489144
-0.0472667
-0.0462231
-0.0462231
-0.0471431
-0.0485574
-0.0499854
-0.0509741
-0.0512075
-0.0505347
-0.0490105
-0.0470332
-0.0453031
-0.0444655
-0.044644
-0.0454816
-0.0463604
-0.0467998
-0.0466213
-0.0461544
-0.0459759
-0.0462368
-0.0464565
-0.0459485
-0.0446028
-0.0431885
-0.0427491
-0.0438613
-0.0459347
-0.0476923
-0.047912
-0.0464977
-0.0445067
-0.0433121
-0.0434357
-0.0444655
-0.0456464
-0.0465801
-0.0473491
-0.0481455
-0.0489556
-0.0495186
-0.0496284
-0.0493401
-0.0488869
-0.0483514
-0.0474314
-0.0458935
-0.0439163
-0.0420351
-0.0407993
-0.0405796
-0.0414309
-0.0429551
-0.0443145
-0.0448637
-0.044493
-0.0436279
-0.0428178
-0.0424607
-0.042653
-0.043161
-0.0434357
-0.0431336
-0.0423097
-0.0414721
-0.0409915
-0.0410876
-0.0418017
-0.0429139
-0.04393
-0.0442183
-0.0434082
-0.0416918
-0.0397969
-0.0387945
-0.0395085
-0.0418291
-0.044644
-0.0465664
-0.0466625
-0.045001
-0.0424607
-0.0402226
-0.0391378
-0.03933
-0.0402363
-0.0411014
-0.0414584
-0.0412799
-0.0407718
-0.0402775
-0.0401127
-0.0404697
-0.0410876
-0.041527
-0.041376
-0.0406345
-0.0397832
-0.0394811
-0.0400578
-0.0411288
-0.0418154
-0.0414309
-0.040099
-0.0386709
-0.038108
-0.0388906
-0.0405109
-0.0416918
-0.0414034
-0.0397145
-0.0378333
-0.0369408
-0.037339
-0.0385199
-0.039742
-0.040607
-0.041019
-0.0408954
-0.040099
-0.038616
-0.0367898
-0.0354166
-0.0352793
-0.0364465
-0.0382727
-0.0398381
-0.040662
-0.0406757
-0.0399205
-0.0385748
-0.0371742
-0.0364602
-0.0368172
-0.0378745
-0.0387945
-0.0388494
-0.0379844
-0.0368447
-0.0362954
-0.0367211
-0.0378059
-0.0388357
-0.0391515
-0.0386709
-0.0379432
-0.037696
-0.0382041
-0.0389868
-0.0394948
-0.0396321
-0.039687
-0.0396184
-0.0389868
-0.0376136
-0.0360345
-0.0351695
-0.0353343
-0.0362268
-0.0372429
-0.0379706
-0.0383414
-0.0383963
-0.0382041
-0.0376686
-0.0367211
-0.0354716
-0.0342495
-0.0333432
-0.0329313
-0.0330686
-0.0336728
-0.0345104
-0.0352519
-0.0357599
-0.0360895
-0.0363778
-0.0366936
-0.0370369
-0.0373939
-0.0376274
-0.0375999
-0.0374626
-0.0375175
-0.0379706
-0.0386572
-0.0392065
-0.0391241
-0.0381217
-0.0364465
-0.0348949
-0.0343456
-0.034991
-0.0362268
-0.0373253
-0.0380118
-0.0384375
-0.0387808
-0.0391241
-0.0395497
-0.0400029
-0.0402775
-0.0401264
-0.0395909
-0.0389456
-0.0385336
-0.038465
-0.0385611
-0.0385062
-0.0381766
-0.0377921
-0.0377235
-0.0379706
-0.0383139
-0.0385748
-0.0388906
-0.0394124
-0.0399479
-0.0400578
-0.0394811
-0.0384238
-0.0373116
-0.0366113
-0.0365426
-0.0369957
-0.0376411
-0.0381903
-0.038616
-0.0389318
-0.0390966
-0.0389593
-0.0384787
-0.0376411
-0.0365151
-0.0353205
-0.0343319
-0.0339474
-0.0343868
-0.0357187
-0.0375038
-0.0390005
-0.0394399
-0.0387396
-0.0375724
-0.0367623
-0.0365563
-0.0366525
-0.0365563
-0.0360071
-0.0351832
-0.0345516
-0.0343731
-0.0345378
-0.034634
-0.0344005
-0.0339886
-0.0336179
-0.0332883
-0.0330137
-0.0331235
-0.0339611
-0.0353343
-0.0365701
-0.0370781
-0.0367623
-0.0359659
-0.0351283
-0.0345378
-0.034222
-0.0339062
-0.0335217
-0.0332197
-0.0331373
-0.0332334
-0.0333158
-0.0333432
-0.0333432
-0.0333295
-0.033302
-0.0333295
-0.0335492
-0.0339337
-0.034222
-0.034071
-0.0332883
-0.0321212
-0.0312973
-0.0315582
-0.0330549
-0.0350734
-0.0365563
-0.0368996
-0.0363229
-0.035499
-0.0350322
-0.034991
-0.0351695
-0.0351969
-0.0348399
-0.0341671
-0.0334943
-0.0332334
-0.0334531
-0.033865
-0.0340435
-0.0338513
-0.0333707
-0.0326841
-0.0317916
-0.0308442
-0.0301988
-0.0301576
-0.0304871
-0.030748
-0.0307343
-0.0306245
-0.0304871
-0.0301713
-0.0296358
-0.0291964
-0.0292376
-0.0299104
-0.0311051
-0.0326292
-0.0341122
-0.034991
-0.0349223
-0.0340435
-0.032945
-0.0322997
-0.0325194
-0.0334805
-0.0346065
-0.0352656
-0.0352793
-0.0349361
-0.0344143
-0.0336316
-0.0325743
-0.0315994
-0.0311325
-0.031311
-0.031874
-0.0324919
-0.0328489
-0.0328352
-0.0326841
-0.0327116
-0.0330823
-0.0335492
-0.0337689
-0.0336041
-0.0331785
-0.0326841
-0.0321486
-0.031517
-0.0308167
-0.0303224
-0.0304322
-0.0312149
-0.0322722
-0.0330274
-0.0331235
-0.0326292
-0.0317504
-0.0306107
-0.0293475
-0.0282764
-0.0276997
-0.0277134
-0.0281666
-0.0288531
-0.0295672
-0.03024
-0.0308716
-0.0315719
-0.0323134
-0.0328352
-0.0328901
-0.0324507
-0.0316955
-0.0309403
-0.0305146
-0.0305283
-0.0308304
-0.0310364
-0.0308167
-0.0301301
-0.029114
-0.028043
-0.027329
-0.0273976
-0.0284
-0.0298692
-0.0310776
-0.0314895
-0.0311874
-0.0306657
-0.0305146
-0.0310227
-0.0319838
-0.0329725
-0.0335217
-0.0333844
-0.0325606
-0.0315033
-0.0308304
-0.0307892
-0.0311051
-0.0314895
-0.0319976
-0.0329313
-0.0341808
-0.0350322
-0.034785
-0.0333982
-0.0315033
-0.0299516
-0.0293063
-0.029677
-0.0306519
-0.031517
-0.0317092
-0.0313248
-0.0309677
-0.0312973
-0.0323271
-0.0335492
-0.0341808
-0.0338376
-0.032794
-0.0317916
-0.0313248
-0.0312836
-0.0312012
-0.030748
-0.0300889
-0.0297731
-0.0302263
-0.0312836
-0.0322585
-0.0325194
