LECROYHDO9204-MSöv,30454,Waveform
Segments,1,SegmentSize,2002
Ampl
-0.0181016
-0.0168383
-0.0158772
-0.015424
-0.0155613
-0.0162342
-0.0171542
-0.0179094
-0.0180467
-0.0173052
-0.0157398
-0.0139136
-0.0127053
-0.0128563
-0.0143667
-0.0163577
-0.0176348
-0.0176485
-0.0167148
-0.0157124
-0.0152181
-0.0151631
-0.0150807
-0.0146963
-0.0142706
-0.0142706
-0.0148748
-0.0156437
-0.0159733
-0.0157261
-0.0152043
-0.01471
-0.0143393
-0.014202
-0.014504
-0.0153142
-0.0163577
-0.0171954
-0.0176348
-0.0177171
-0.0174425
-0.016756
-0.015781
-0.0147787
-0.0139273
-0.0132545
-0.0128288
-0.01287
-0.0135566
-0.0147512
-0.015987
-0.0167971
-0.0170306
-0.0168933
-0.0166324
-0.0163715
-0.0161518
-0.0160419
-0.0158634
-0.0152318
-0.0139685
-0.0125405
-0.0117715
-0.0120187
-0.012925
-0.0138312
-0.0142569
-0.013996
-0.0131858
-0.0122659
-0.0117578
-0.0118127
-0.0122521
-0.0129112
-0.0136664
-0.0142569
-0.0142843
-0.013639
-0.0127602
-0.0121835
-0.0120187
-0.01195
-0.011593
-0.0109065
-0.0100826
-0.00945096
-0.00927245
-0.00965693
-0.010522
-0.0116205
-0.0125817
-0.0131721
-0.0134467
-0.0135978
-0.0137488
-0.013639
-0.0130897
-0.0123345
-0.0119226
-0.0119775
-0.0121697
-0.0121835
-0.0120736
-0.0120873
-0.0121972
-0.0122109
-0.0120462
-0.01195
-0.0122247
-0.012925
-0.0137214
-0.014147
-0.0138449
-0.0130211
-0.0122109
-0.0118951
-0.0122109
-0.0129112
-0.013639
-0.0140646
-0.0141608
-0.0141058
-0.0142157
-0.0145452
-0.0149297
-0.0151219
-0.0148473
-0.0141333
-0.013282
-0.0128151
-0.0130073
-0.0137626
-0.01471
-0.0153554
-0.0153416
-0.0145452
-0.0131309
-0.0115381
-0.0103023
-0.00986289
-0.010316
-0.0114969
-0.0130073
-0.0142981
-0.0149297
-0.0148748
-0.0144766
-0.014147
-0.013996
-0.0140097
-0.0142431
-0.0147649
-0.0154515
-0.0160557
-0.0163852
-0.0162616
-0.0156025
-0.014504
-0.0132957
-0.0123208
-0.0117441
-0.0115793
-0.0118539
-0.0124169
-0.0129387
-0.0131446
-0.0131035
-0.0130897
-0.0131996
-0.0133506
-0.0133918
-0.0132545
-0.0128975
-0.0124169
-0.0119226
-0.0115244
-0.0112772
-0.0112635
-0.0115518
-0.0120599
-0.0124581
-0.0124993
-0.0121423
-0.0117029
-0.0116754
-0.0123345
-0.013433
-0.0143393
-0.0145452
-0.0141608
-0.0137076
-0.0136664
-0.0141608
-0.0149709
-0.015781
-0.0163028
-0.016344
-0.0158634
-0.0149984
-0.0139685
-0.0130897
-0.0127602
-0.0132133
-0.0142843
-0.0153691
-0.015781
-0.0152455
-0.0140234
-0.0126503
-0.0117166
-0.0114283
-0.0114969
-0.0115518
-0.0117303
-0.0124993
-0.0140234
-0.0156712
-0.0166461
-0.0165774
-0.0158085
-0.0149572
-0.0146002
-0.0149846
-0.0159046
-0.016756
-0.0168109
-0.0158634
-0.0143942
-0.0133643
-0.0135703
-0.0150396
-0.0170168
-0.018335
-0.0182801
-0.0169207
-0.015067
-0.0137351
-0.0135291
-0.014353
-0.0155339
-0.01655
-0.01747
-0.0186234
-0.0200377
-0.0214383
-0.0224956
-0.0228801
-0.0223308
-0.0208204
-0.0188843
-0.0172228
-0.0162891
-0.0160007
-0.0160145
-0.0159733
-0.01563
-0.0149846
-0.0143667
-0.0141608
-0.0143393
-0.0144628
-0.014147
-0.013433
-0.0125817
-0.0118814
-0.0117166
-0.0124444
-0.0139411
-0.0155751
-0.0166736
-0.0170855
-0.0169757
-0.0165225
-0.0156712
-0.0145727
-0.0137351
-0.0137351
-0.0146139
-0.0157261
-0.0163303
-0.016344
-0.0163303
-0.0167422
-0.017264
-0.0172915
-0.0166186
-0.0155888
-0.0145727
-0.0136527
-0.0129112
-0.0125267
-0.0127053
-0.0133781
-0.0143255
-0.0152318
-0.0157673
-0.0156163
-0.0148473
-0.0140097
-0.013639
-0.0139823
-0.0148885
-0.0158772
-0.0163166
-0.0157536
-0.0144628
-0.0132408
-0.0127739
-0.013076
-0.0136252
-0.0139273
-0.0139273
-0.0139411
-0.0141882
-0.0144354
-0.0141608
-0.0131446
-0.0119912
-0.0116479
-0.0126091
-0.0144079
-0.0160969
-0.0168933
-0.0166598
-0.0157673
-0.0148748
-0.0144354
-0.014504
-0.0147375
-0.0147237
-0.0142981
-0.013639
-0.013227
-0.013433
-0.0143255
-0.0153279
-0.0156163
-0.0149022
-0.0136802
-0.0127602
-0.0125267
-0.0128288
-0.0134879
-0.0144217
-0.0154103
-0.0160831
-0.0162067
-0.015836
-0.0152181
-0.0146276
-0.0141608
-0.0138999
-0.0139411
-0.0143667
-0.0149984
-0.0153554
-0.0151769
-0.0147649
-0.0144491
-0.0141058
-0.0133781
-0.0124444
-0.0120462
-0.0128288
-0.0146688
-0.0169619
-0.0190353
-0.0203123
-0.0203947
-0.0192413
-0.0173601
-0.0157261
-0.0152181
-0.0161518
-0.0179918
-0.0196807
-0.0202986
-0.0197631
-0.0185547
-0.0173052
-0.0164264
-0.0161792
-0.0165363
-0.0171679
-0.0176622
-0.0178819
-0.0180055
-0.0181016
-0.0180604
-0.0177858
-0.0174425
-0.017264
-0.0172228
-0.0171404
-0.0169345
-0.0168383
-0.0171267
-0.0179231
-0.0189804
-0.019818
-0.0199279
-0.0191864
-0.0179231
-0.0167422
-0.0161792
-0.0163303
-0.0169619
-0.0176348
-0.0181153
-0.0185547
-0.0193374
-0.0204222
-0.0212049
-0.0210813
-0.0200514
-0.0186371
-0.0173876
-0.0165774
-0.0162616
-0.0163028
-0.0162754
-0.0158085
-0.0148473
-0.0138587
-0.0135566
-0.0143667
-0.0160694
-0.0178819
-0.0189941
-0.0191177
-0.0184998
-0.0177171
-0.0173876
-0.0179643
-0.0192688
-0.0205595
-0.0211225
-0.0207929
-0.0199004
-0.0186646
-0.0171679
-0.01563
-0.0146551
-0.0148336
-0.0160969
-0.017827
-0.0192413
-0.0198729
-0.0197082
-0.0190628
-0.0184312
-0.0182664
-0.0188294
-0.0201613
-0.022015
-0.0241845
-0.0265326
-0.0290454
-0.0315307
-0.0336316
-0.0353068
-0.0371742
-0.040099
-0.0445067
-0.0499031
-0.0554367
-0.0604623
-0.0648701
-0.0690031
-0.0733422
-0.0781207
-0.0830639
-0.0877737
-0.0922638
-0.0970697
-0.102713
-0.109126
-0.115538
-0.120989
-0.125068
-0.128322
-0.131741
-0.135915
-0.140625
-0.145088
-0.148726
-0.151569
-0.154164
-0.15702
-0.160041
-0.162732
-0.164737
-0.166371
-0.168211
-0.170394
-0.172317
-0.173333
-0.17347
-0.173415
-0.173786
-0.174582
-0.1752
-0.174871
-0.173154
-0.170298
-0.16725
-0.165067
-0.164243
-0.164394
-0.164476
-0.163597
-0.161634
-0.159231
-0.15713
-0.155551
-0.154205
-0.152791
-0.151308
-0.149797
-0.148177
-0.146269
-0.144209
-0.142383
-0.141161
-0.140543
-0.140035
-0.139128
-0.1377
-0.136204
-0.135325
-0.135297
-0.135723
-0.135874
-0.135421
-0.134666
-0.134226
-0.13457
-0.135641
-0.136863
-0.137412
-0.136835
-0.135503
-0.134391
-0.134309
-0.135256
-0.136574
-0.137687
-0.13851
-0.13917
-0.139664
-0.139884
-0.140076
-0.140776
-0.1423
-0.144264
-0.145925
-0.146722
-0.146735
-0.146392
-0.146131
-0.1462
-0.146639
-0.147243
-0.147752
-0.148054
-0.148301
-0.14874
-0.149413
-0.149962
-0.150017
-0.149592
-0.149029
-0.14874
-0.148891
-0.149372
-0.149866
-0.150045
-0.149825
-0.149427
-0.149221
-0.149372
-0.149564
-0.149248
-0.148232
-0.146983
-0.146186
-0.146186
-0.146735
-0.147285
-0.1476
-0.147875
-0.148356
-0.148809
-0.148672
-0.147752
-0.146516
-0.145747
-0.145829
-0.146351
-0.146543
-0.145994
-0.144992
-0.144099
-0.143564
-0.14322
-0.142904
-0.142589
-0.142506
-0.142973
-0.144058
-0.145184
-0.14539
-0.144072
-0.141682
-0.13954
-0.13884
-0.139801
-0.141586
-0.142932
-0.143055
-0.14219
-0.141147
-0.140529
-0.140378
-0.140405
-0.140488
-0.140611
-0.140639
-0.140447
-0.140144
-0.139993
-0.140035
-0.139966
-0.139513
-0.138771
-0.138195
-0.138208
-0.138867
-0.13987
-0.140721
-0.141078
-0.140927
-0.14046
-0.139787
-0.139032
-0.138414
-0.138222
-0.138593
-0.139321
-0.140131
-0.140913
-0.141696
-0.142341
-0.142506
-0.141998
-0.141037
-0.140268
-0.140364
-0.141435
-0.142836
-0.14366
-0.143564
-0.142904
-0.142355
-0.142163
-0.142218
-0.142218
-0.142039
-0.141518
-0.140666
-0.139623
-0.138703
-0.138153
-0.138057
-0.138359
-0.139019
-0.140021
-0.141339
-0.142712
-0.143715
-0.143907
-0.143193
-0.14193
-0.140776
-0.140158
-0.140048
-0.140062
-0.139897
-0.139595
-0.139417
-0.139472
-0.139678
-0.139815
-0.139746
-0.139293
-0.138346
-0.137041
-0.13586
-0.135407
-0.135915
-0.137069
-0.138153
-0.138538
-0.138099
-0.13733
-0.136876
-0.137124
-0.137961
-0.138895
-0.139293
-0.138771
-0.137453
-0.135888
-0.134762
-0.134501
-0.13516
-0.136355
-0.137536
-0.138099
-0.137673
-0.1363
-0.13446
-0.132757
-0.131645
-0.131192
-0.131219
-0.131549
-0.132057
-0.132633
-0.133114
-0.133293
-0.132949
-0.132029
-0.130807
-0.12975
-0.129173
-0.129214
-0.129819
-0.130835
-0.131865
-0.13229
-0.131741
-0.130409
-0.128816
-0.127498
-0.126798
-0.126921
-0.127924
-0.129352
-0.13056
-0.130986
-0.13056
-0.12953
-0.128391
-0.127635
-0.127429
-0.127553
-0.127484
-0.126935
-0.126015
-0.125136
-0.124669
-0.124697
-0.124999
-0.12537
-0.125686
-0.125768
-0.125466
-0.124793
-0.124175
-0.124065
-0.124532
-0.125136
-0.125315
-0.124724
-0.123543
-0.122225
-0.12125
-0.120866
-0.121154
-0.122129
-0.123612
-0.12493
-0.125301
-0.124491
-0.1232
-0.122363
-0.122308
-0.122623
-0.122788
-0.122678
-0.1225
-0.122349
-0.12217
-0.121978
-0.121868
-0.121951
-0.122253
-0.12272
-0.123186
-0.12342
-0.123186
-0.122555
-0.1218
-0.121182
-0.120852
-0.120907
-0.121333
-0.121882
-0.122129
-0.121772
-0.121003
-0.120399
-0.120536
-0.121443
-0.122431
-0.122582
-0.121511
-0.119767
-0.118367
-0.117927
-0.118161
-0.118353
-0.118092
-0.117708
-0.117653
-0.117982
-0.118284
-0.118161
-0.117639
-0.117049
-0.116582
-0.116321
-0.116225
-0.116211
-0.116129
-0.115881
-0.115552
-0.115264
-0.115195
-0.115264
-0.115209
-0.114755
-0.114
-0.113341
-0.112929
-0.112613
-0.112325
-0.112366
-0.113067
-0.114151
-0.114838
-0.114577
-0.113533
-0.112353
-0.11146
-0.111034
-0.111144
-0.111762
-0.112586
-0.113094
-0.112902
-0.11205
-0.110856
-0.109689
-0.108906
-0.1087
-0.109002
-0.109304
-0.109112
-0.108316
-0.107299
-0.106668
-0.106695
-0.107093
-0.107299
-0.107093
-0.106791
-0.106682
-0.106572
-0.10605
-0.105226
-0.104691
-0.104869
-0.105611
-0.106393
-0.106791
-0.10664
-0.105926
-0.10491
-0.10399
-0.103674
-0.104347
-0.106009
-0.10811
-0.10984
-0.110526
-0.110046
-0.108714
-0.107107
-0.105803
-0.105212
-0.10535
-0.105899
-0.106448
-0.106846
-0.107231
-0.107725
-0.108137
-0.108151
-0.107684
-0.106929
-0.106228
-0.105871
-0.105926
-0.106283
-0.106709
-0.106984
-0.106915
-0.106352
-0.105473
-0.104704
-0.104347
-0.104402
-0.104636
-0.104855
-0.104951
-0.104732
-0.104196
-0.103688
-0.103606
-0.104018
-0.104567
-0.104883
-0.104704
-0.103976
-0.102837
-0.101766
-0.101299
-0.101587
-0.102082
-0.102191
-0.101725
-0.100942
-0.100159
-0.0994452
-0.0988822
-0.0986213
-0.0988822
-0.0997885
-0.101162
-0.102617
-0.103729
-0.104169
-0.103647
-0.102123
-0.0999807
-0.0979348
-0.0966303
-0.096287
-0.0968088
-0.097976
-0.0993903
-0.10042
-0.100557
-0.0997885
-0.0986076
-0.09777
-0.0977425
-0.0982781
-0.0985527
-0.0978524
-0.0962184
-0.0943921
-0.093376
-0.0937468
-0.0953808
-0.0975228
-0.0992392
-0.0998983
-0.0995413
-0.09869
-0.0977563
-0.0968637
-0.0959987
-0.0952847
-0.0948315
-0.0945706
-0.0944333
-0.0944333
-0.0946805
-0.0952572
-0.0961223
-0.0971658
-0.0980446
-0.0982918
-0.09777
-0.0968363
-0.0960811
-0.0956966
-0.0955318
-0.0954494
-0.0954769
-0.095573
-0.0955318
-0.0952297
-0.0947903
-0.0943372
-0.0939527
-0.0938017
-0.0941312
-0.0949826
-0.0959437
-0.0965205
-0.0965342
-0.0962046
-0.095779
-0.0953945
-0.0951748
-0.0952023
-0.0953945
-0.0953808
-0.0947491
-0.0935133
-0.0922363
-0.0915772
-0.0917283
-0.0923462
-0.0928817
-0.093019
-0.092662
-0.0919342
-0.0911653
-0.0908632
-0.0914811
-0.0929915
-0.0948864
-0.096493
-0.0973169
-0.0971109
-0.0960811
-0.0948178
-0.0938978
-0.0934859
-0.093225
-0.0926483
-0.0916184
-0.0904238
-0.0896549
-0.0897098
-0.0904101
-0.0912339
-0.0918381
-0.0922363
-0.0924423
-0.092305
-0.0918381
-0.0913575
-0.0912065
-0.0912477
-0.0910829
-0.090465
-0.0895175
-0.0886388
-0.0880895
-0.0879247
-0.0878149
-0.0874167
-0.0868537
-0.0867164
-0.0873618
-0.0884191
-0.0891331
-0.0893528
-0.0896686
-0.0904787
-0.0912614
-0.0910966
-0.0896823
-0.0878012
-0.0867027
-0.0871421
-0.0888173
-0.0905474
-0.0912065
-0.0906023
-0.0894352
-0.0885426
-0.0882131
-0.0881444
-0.0878561
-0.0871421
-0.0862495
-0.0856454
-0.085563
-0.0857689
-0.0858788
-0.0856865
-0.0853433
-0.0852471
-0.0855904
-0.0862221
-0.0866615
-0.0864143
-0.0853707
-0.083874
-0.0825009
-0.0818693
-0.0823911
-0.0841075
-0.0862358
-0.0876364
-0.0874853
-0.0860024
-0.0842997
-0.0834484
-0.0838191
-0.0850274
-0.0863182
-0.0871146
-0.0872382
-0.0869086
-0.0863594
-0.085714
-0.0850686
-0.0845194
-0.0840388
-0.083517
-0.0829128
-0.0824048
-0.0822675
-0.0825146
-0.0828305
-0.082803
-0.0823087
-0.0815123
-0.080812
-0.0804687
-0.0804962
-0.0805511
-0.0802902
-0.0796036
-0.078615
-0.0774478
-0.0763081
-0.0754843
-0.0750861
-0.0749762
-0.0748938
-0.0748252
-0.0750311
-0.0755667
-0.0761159
-0.0763905
-0.0763493
-0.0762532
-0.0762944
-0.0765004
-0.076926
-0.0775851
-0.0784227
-0.0792466
-0.0798645
-0.0800842
-0.0798371
-0.0791368
-0.0782442
-0.0776263
-0.0775439
-0.077846
-0.0781481
-0.0782305
-0.078203
-0.078409
-0.0790544
-0.0799606
-0.0806747
-0.0806884
-0.0797959
-0.0782168
-0.0764866
-0.0753058
-0.0751959
-0.0761434
-0.0775439
-0.0785601
-0.0787935
-0.0784777
-0.0781756
-0.0783266
-0.0788484
-0.0792878
-0.0792192
-0.0787798
-0.0784914
-0.078766
-0.0794938
-0.0801254
-0.080249
-0.0799332
-0.0795487
-0.0792878
-0.0789583
-0.0783129
-0.0773792
-0.0765141
-0.0762669
-0.0768574
-0.0780795
-0.0794251
-0.0802902
-0.0802215
-0.0791368
-0.0774478
-0.0758413
-0.0748938
-0.0747428
-0.075141
-0.0755941
-0.0755667
-0.0748938
-0.0741249
-0.0739052
-0.0743583
-0.0748938
-0.0750037
-0.0747565
-0.0745505
-0.0746467
-0.0751135
-0.0758825
-0.0766926
-0.0770222
-0.0764866
-0.0751959
-0.0738091
-0.0730401
-0.0732324
-0.0740837
-0.0749213
-0.0750586
-0.0742897
-0.0729303
-0.0715709
-0.0708706
-0.0711864
-0.0724085
-0.0737129
-0.0740562
-0.0731088
-0.0716258
-0.0707882
-0.071104
-0.0721476
-0.0730538
-0.0733697
-0.0732735
-0.0731362
-0.0729989
-0.0724909
-0.0713649
-0.070033
-0.0692091
-0.0691954
-0.0697721
-0.070541
-0.0712276
-0.0717494
-0.0720927
-0.0722986
-0.0722986
-0.071873
-0.0709392
-0.0698133
-0.0689345
-0.0685363
-0.0685775
-0.0689482
-0.0694563
-0.0697446
-0.06947
-0.0687011
-0.0677948
-0.0670396
-0.0665453
-0.0663805
-0.066559
-0.0668336
-0.066765
-0.0661883
-0.0653918
-0.0647739
-0.0646504
-0.0652408
-0.0665315
-0.0679596
-0.0687148
-0.0682754
-0.0670259
-0.0658862
-0.0655292
-0.0658999
-0.066408
-0.0664354
-0.065996
-0.0655566
-0.0656115
-0.0660235
-0.0661059
-0.0655154
-0.0645542
-0.0638814
-0.0636892
-0.0637166
-0.0636617
-0.0635244
-0.0634695
-0.0636342
-0.0640325
-0.0644719
-0.0646641
-0.064513
-0.0642796
-0.0644581
-0.0652683
-0.0664629
-0.067479
-0.0678497
-0.0673829
-0.0661883
-0.0645817
-0.0629752
-0.0617805
-0.0613411
-0.0618904
-0.0633322
-0.0650486
-0.0662706
-0.0666688
-0.0664491
-0.0660784
-0.0660235
-0.0665178
-0.0674515
-0.0683029
-0.0686049
-0.0682342
-0.0673966
-0.0661883
-0.0646641
-0.0630575
-0.0618629
-0.0614373
-0.0617393
-0.0623161
-0.0627555
-0.0628928
-0.0628104
-0.0625769
-0.0621375
-0.061602
-0.0613961
-0.0619179
-0.0629614
-0.0638402
-0.0640736
-0.0638402
-0.0636892
-0.0638402
-0.0639913
-0.063799
-0.0632635
-0.0626593
-0.0622062
-0.0619041
-0.0616707
-0.0614647
-0.0612176
-0.0608056
-0.0602564
-0.0597483
-0.0596522
-0.0599955
-0.0604761
-0.0606134
-0.0602838
-0.0597758
-0.0595149
-0.0595835
-0.0598444
-0.0601877
-0.0607095
-0.061451
-0.0621925
-0.0625632
-0.0622611
-0.0613137
-0.0600504
-0.0588421
-0.057826
-0.0568922
-0.0561507
-0.0559997
-0.0565764
-0.0575513
-0.0584713
-0.0592128
-0.0598994
-0.0604898
-0.060888
-0.0610116
-0.0606958
-0.0596385
-0.0578397
-0.0558761
-0.0546678
-0.0546678
-0.0556015
-0.0567549
-0.0575239
-0.057826
-0.0579633
-0.058128
-0.058128
-0.0576886
-0.0569884
-0.0566039
-0.0569197
-0.0578534
-0.0590618
-0.0600641
-0.06038
-0.0597483
-0.0584576
-0.0572081
-0.056494
-0.0561782
-0.0558349
-0.0552994
-0.0548737
-0.0550248
-0.055931
-0.0573591
-0.0587597
-0.0596522
-0.0598582
-0.0595012
-0.0588695
-0.0581692
-0.05762
-0.0573728
-0.0573454
-0.0572492
-0.0568785
-0.0562606
-0.0556564
-0.0553681
-0.0556839
-0.0567137
-0.0580182
-0.0587322
-0.0583065
-0.0569884
-0.0555603
-0.0547227
-0.0548051
-0.055629
-0.056549
-0.0568648
-0.0563293
-0.055423
-0.0548737
-0.0550523
-0.05578
-0.0565764
-0.0570021
-0.056906
-0.0565352
-0.0563018
-0.0562469
-0.0560272
-0.0553681
-0.054503
-0.0539126
-0.0537478
-0.0536929
-0.0533359
-0.0525669
-0.0517293
-0.0515508
-0.052512
-0.054297
-0.0559173
-0.0565901
-0.0563293
-0.0558075
-0.0555191
-0.0554093
-0.0551758
-0.0545717
-0.0536791
-0.0527729
-0.0521824
-0.0519902
-0.0520177
-0.0520726
-0.0521275
-0.0522374
-0.0524021
-0.0527729
-0.053377
-0.0539812
-0.0539675
-0.0529926
-0.0513448
-0.0499305
-0.0495323
-0.0502738
-0.0514821
-0.0522236
-0.0517842
-0.0502051
-0.0483102
-0.0471294
-0.0473353
-0.0490105
-0.0515783
-0.0540499
-0.0553543
-0.0551346
-0.0539538
-0.0528553
-0.0524021
-0.0524433
-0.0524433
-0.0521
-0.0515233
-0.0510839
-0.0509878
-0.0510702
-0.050878
-0.050109
-0.0489968
-0.0481043
-0.0477198
-0.0476649
-0.0475962
-0.0473902
-0.047404
-0.0481867
-0.0498207
-0.0516881
-0.0527866
-0.0526768
-0.0518254
-0.0512075
-0.0514272
-0.052306
-0.0531711
-0.0534045
-0.0528141
-0.0517018
-0.0504523
-0.0492852
-0.0483102
-0.0476923
-0.0476649
-0.048324
-0.0495598
-0.0510702
-0.0523747
-0.052718
-0.0515371
-0.0491478
-0.0467723
-0.0456189
-0.0459347
-0.0470058
-0.0479807
-0.0484338
-0.0484887
-0.0485849
-0.0491066
-0.0499305
-0.0505896
-0.0507544
-0.0504248
-0.0497932
-0.0489144
-0.047912
-0.047198
-0.0473079
-0.0484201
-0.0500404
-0.0513586
-0.0517156
-0.0510702
-0.0499168
-0.0489968
-0.0487908
-0.0494362
-0.0506857
-0.0520039
-0.052718
-0.0523747
-0.0512487
-0.0501777
-0.0498893
-0.0503562
-0.0509192
-0.0509466
-0.0502326
-0.0490792
-0.0480768
-0.0476511
-0.0477885
-0.0481455
-0.0484338
-0.0485574
-0.048475
-0.048118
-0.0475001
-0.0469234
-0.0467037
-0.0468547
-0.046992
-0.0467723
-0.0461819
-0.045413
-0.0447127
-0.0443145
-0.044287
-0.0446165
-0.0451246
-0.0457013
-0.0462643
-0.0468273
-0.0474589
-0.0482278
-0.048832
-0.0487084
-0.047555
-0.0459347
-0.0449873
-0.0455091
-0.0471705
-0.0486947
-0.0488183
-0.0471294
-0.0443694
-0.0418978
-0.040964
-0.0419115
-0.0440948
-0.0462918
-0.0475138
-0.0475138
-0.0467311
-0.0457425
-0.0449324
-0.0443557
-0.0439849
-0.0436966
-0.0433395
-0.0429963
-0.04301
-0.0437515
-0.0451521
-0.046635
-0.0475688
-0.0475688
-0.0466625
-0.0452207
-0.0438751
-0.0431198
-0.0429276
-0.0427903
-0.0423646
-0.0418703
-0.0418566
-0.0425157
-0.0435043
-0.0442046
-0.0442046
-0.0435455
-0.0426804
-0.04209
-0.0419115
-0.0418428
-0.0413897
-0.0402638
-0.0387945
-0.0378608
-0.03841
-0.040607
-0.0434357
-0.0454679
-0.0458386
-0.0447401
-0.0431336
-0.041939
-0.041527
-0.0416781
-0.0420488
-0.0424333
-0.0427766
-0.0427079
-0.041884
-0.0405109
-0.0393712
-0.0390966
-0.0395085
-0.0399754
-0.0400853
-0.0398244
-0.0395085
-0.0393438
-0.0395085
-0.0399617
-0.0404972
-0.0408542
-0.0411014
-0.0415545
-0.0422685
-0.0429139
-0.043161
-0.0429551
-0.0424058
-0.0415408
-0.0403599
-0.0391515
-0.0383689
-0.0384238
-0.0392614
-0.0403461
-0.0408405
-0.0403461
-0.0393163
-0.0384238
-0.0378745
-0.0373939
-0.0369133
-0.0369271
-0.0377509
-0.0390417
-0.0402363
-0.0410327
-0.0414309
-0.0413211
-0.0405796
-0.0393987
-0.0383139
-0.0377921
-0.0379432
-0.0385336
-0.0392339
-0.0398381
-0.0403187
-0.0407169
-0.0409229
-0.0407718
-0.0403873
-0.0401402
-0.0401951
-0.0402226
-0.0398106
-0.0388906
-0.0379981
-0.0376548
-0.0379295
-0.0383963
-0.0385611
-0.038259
-0.0377509
-0.0374763
-0.0376823
-0.0382178
-0.0387533
-0.0389868
-0.0389044
-0.0387259
-0.0388632
-0.0395497
-0.0405247
-0.0412387
-0.0413623
-0.0410739
-0.0406894
-0.0402226
-0.0393987
-0.0381217
-0.0367211
-0.0356089
-0.0350596
-0.0351283
-0.035705
-0.0365975
-0.0375724
-0.0382727
-0.0384924
-0.0381766
-0.0375038
-0.0366387
-0.0356363
-0.0348125
-0.0347164
-0.0356775
-0.0373116
-0.0387671
-0.0392339
-0.0384787
-0.0367623
-0.034785
-0.0334668
-0.0334394
-0.0345516
-0.0359247
-0.0365838
-0.0361032
-0.0346477
-0.0328901
-0.0316818
-0.0317367
-0.0332334
-0.0355952
-0.0377235
-0.0386847
-0.0382315
-0.0368859
-0.035554
-0.0349223
-0.0352244
-0.0362131
-0.0374077
-0.0381492
-0.0378608
-0.036268
-0.0338376
-0.0316543
-0.030748
-0.0314209
-0.0331098
-0.034785
-0.035554
-0.0351695
-0.0340847
-0.0330961
-0.0327528
-0.0330274
-0.0335492
-0.0340573
-0.0343182
-0.0341808
-0.0335904
-0.0328626
-0.0323683
-0.0323409
-0.0328626
-0.0340161
-0.0356913
-0.0372566
-0.037902
-0.0372292
-0.0355402
-0.0335492
-0.0320662
-0.031668
-0.0325468
-0.0341259
-0.0353755
-0.035499
-0.0344967
-0.0331922
-0.032437
-0.0325194
-0.033
-0.0334668
-0.0338925
-0.0343868
-0.0347026
-0.0343731
-0.0332746
-0.0318877
-0.030803
-0.03024
-0.03024
-0.0308442
-0.0318465
-0.0327253
-0.0329313
-0.0323134
-0.0311325
-0.029677
-0.0283863
-0.0277272
-0.0281117
-0.029471
-0.0312012
-0.0324507
-0.032794
-0.0325331
-0.0324507
-0.0329862
-0.0337277
-0.0339337
-0.0333707
-0.0324644
-0.0319152
-0.0320525
-0.0327665
-0.0335904
-0.0340023
-0.0337552
-0.0330686
-0.0324095
-0.0320937
-0.03208
-0.0322585
-0.0326979
-0.0334805
-0.0343731
-0.0349635
-0.0348674
-0.0340573
-0.0328489
-0.031668
-0.0308442
-0.030446
-0.0303498
-0.0304871
-0.0308716
-0.0314346
-0.0318603
-0.0318191
-0.0313248
-0.0306245
-0.0300203
-0.0297045
-0.0297869
-0.0301301
-0.0305146
-0.030803
-0.03116
-0.0317504
-0.032437
-0.0327803
-0.0325056
-0.0318465
-0.0312698
-0.0310639
-0.0310501
-0.0309815
-0.0308716
-0.0310913
-0.0317504
-0.0323821
-0.0321898
-0.0308991
-0.0290179
-0.0273839
-0.0265463
-0.0266424
-0.0276036
-0.0291552
-0.0308442
-0.0321349
-0.0325743
-0.0320937
-0.0310364
-0.0300066
-0.0293887
-0.029114
-0.028757
-0.0280293
-0.0270681
-0.0263266
-0.0262991
-0.0272878
-0.028963
-0.030597
-0.0315994
-0.031874
-0.0317367
-0.0314209
-0.0310227
-0.0307618
-0.0307343
-0.0308442
-0.0308442
-0.0308304
-0.0310913
-0.0317092
-0.0322035
-0.0321074
-0.0314346
-0.0307206
-0.0305009
-0.0309815
-0.0319152
-0.0329725
-0.0340161
-0.0350184
