LECROYHDO9204-MSöv,30454,Waveform
Segments,1,SegmentSize,2002
Ampl
-0.0151906
-0.0150258
-0.0139823
-0.0126778
-0.0118676
-0.0117853
-0.012156
-0.0126641
-0.0131446
-0.0135703
-0.0140509
-0.0148748
-0.0160282
-0.0170855
-0.0175249
-0.017264
-0.0165637
-0.0157398
-0.0150396
-0.0147512
-0.0150396
-0.01563
-0.0158909
-0.0153691
-0.0142431
-0.0131721
-0.012719
-0.0129524
-0.013433
-0.0135703
-0.0132545
-0.0131584
-0.0140234
-0.0157124
-0.0171679
-0.0174288
-0.0167697
-0.0162616
-0.01655
-0.0172365
-0.0173876
-0.016701
-0.01563
-0.0147375
-0.014147
-0.0136115
-0.0131446
-0.013076
-0.0135978
-0.0145178
-0.0152181
-0.0152593
-0.0146551
-0.0138449
-0.0132957
-0.0131858
-0.0133781
-0.0135978
-0.0137076
-0.0136527
-0.0134605
-0.013227
-0.0131172
-0.0132133
-0.0134193
-0.0133643
-0.0128151
-0.0120873
-0.0117303
-0.0120324
-0.01287
-0.0138999
-0.0147924
-0.0151631
-0.0148336
-0.0140372
-0.0132682
-0.0127602
-0.0122659
-0.0115381
-0.0107966
-0.0106318
-0.011593
-0.0136527
-0.0160694
-0.0177171
-0.0177034
-0.0160557
-0.0137763
-0.0121972
-0.012156
-0.0133506
-0.0146414
-0.0149022
-0.0139273
-0.0126366
-0.0121285
-0.0127602
-0.0140372
-0.0151494
-0.0155201
-0.0151082
-0.014202
-0.0132957
-0.0127739
-0.0127602
-0.0131446
-0.0137488
-0.0143942
-0.0149434
-0.0154103
-0.0158634
-0.016344
-0.0167422
-0.0169757
-0.017113
-0.0170718
-0.0165363
-0.0153004
-0.0136527
-0.0122247
-0.011593
-0.0118676
-0.0128426
-0.0140509
-0.0148885
-0.015067
-0.0147237
-0.0142294
-0.0137626
-0.0132682
-0.0129387
-0.0130623
-0.013639
-0.0140784
-0.0137488
-0.0124993
-0.0109065
-0.00986289
-0.00991782
-0.0109614
-0.0123208
-0.013282
-0.0136664
-0.0138175
-0.0141333
-0.0146414
-0.015067
-0.0149846
-0.0141608
-0.0127327
-0.0112635
-0.0105495
-0.0110438
-0.0123345
-0.0135429
-0.0139136
-0.0132682
-0.01195
-0.010522
-0.00945096
-0.0089841
-0.00919007
-0.0100963
-0.0116068
-0.0132133
-0.014147
-0.013996
-0.0129661
-0.0117853
-0.0111262
-0.0112635
-0.01195
-0.0127602
-0.0134193
-0.0139411
-0.0143255
-0.0142706
-0.0135978
-0.0126091
-0.0119775
-0.0121835
-0.0131446
-0.0143805
-0.0152867
-0.0155476
-0.0152455
-0.0148061
-0.0146002
-0.0145864
-0.0144766
-0.0140509
-0.0134055
-0.0128151
-0.0124444
-0.0123208
-0.0122384
-0.0120187
-0.0116891
-0.0115793
-0.0119912
-0.0127464
-0.0133232
-0.0134055
-0.0132682
-0.0134605
-0.0141882
-0.015273
-0.0162479
-0.0164951
-0.0157124
-0.0142157
-0.0129387
-0.0127464
-0.0137626
-0.0153691
-0.0164813
-0.0162067
-0.0143942
-0.0119363
-0.0101512
-0.0100002
-0.0114969
-0.0140784
-0.0167834
-0.0186234
-0.0188294
-0.0174562
-0.015424
-0.0138999
-0.013433
-0.0137351
-0.0141745
-0.0143805
-0.014504
-0.0148473
-0.0154378
-0.0159184
-0.0160831
-0.0160831
-0.0162479
-0.0166598
-0.0170855
-0.0172503
-0.0169482
-0.0161106
-0.0148885
-0.0139548
-0.0140509
-0.0153828
-0.017264
-0.0186921
-0.0190628
-0.0184174
-0.0171954
-0.0158909
-0.014916
-0.0144903
-0.0146963
-0.0155751
-0.0168933
-0.0180741
-0.0183213
-0.0171816
-0.0148885
-0.0124718
-0.0110438
-0.0111536
-0.012362
-0.0136939
-0.0146276
-0.0155339
-0.0169894
-0.0187744
-0.0199141
-0.0195983
-0.0180467
-0.0162479
-0.0151631
-0.0151082
-0.0157536
-0.0163852
-0.0163989
-0.0156575
-0.0145727
-0.01379
-0.0137488
-0.0144628
-0.015479
-0.0163989
-0.0170306
-0.01747
-0.0177309
-0.0175249
-0.0164676
-0.0146414
-0.0128151
-0.0118127
-0.0119226
-0.0127602
-0.0136802
-0.014202
-0.0142569
-0.0140234
-0.0137351
-0.0134193
-0.0130623
-0.0128288
-0.0129524
-0.0134467
-0.0140372
-0.0144766
-0.014559
-0.0140784
-0.013076
-0.0121011
-0.0120462
-0.0133369
-0.0154515
-0.0172777
-0.0178407
-0.0169619
-0.0152867
-0.0137351
-0.0129661
-0.0129799
-0.013433
-0.0140372
-0.0146551
-0.0151082
-0.0151494
-0.0146825
-0.0139273
-0.0131858
-0.0128563
-0.0131858
-0.0141608
-0.015479
-0.016701
-0.0175524
-0.0178407
-0.0174151
-0.0162479
-0.0148336
-0.0140372
-0.0143805
-0.0155201
-0.0165912
-0.0169482
-0.0165637
-0.0157948
-0.0150945
-0.0147237
-0.0146963
-0.0148199
-0.0149984
-0.0152181
-0.0154103
-0.0153691
-0.0150121
-0.0146276
-0.0146414
-0.015273
-0.0162754
-0.0171267
-0.0174013
-0.0171404
-0.0167834
-0.0165912
-0.0163303
-0.0156163
-0.0145864
-0.0137488
-0.0136252
-0.0143667
-0.015836
-0.01747
-0.0184174
-0.017978
-0.0163989
-0.0146688
-0.013584
-0.0131446
-0.01287
-0.0125542
-0.0122796
-0.0121423
-0.0120599
-0.0119363
-0.0118676
-0.0119775
-0.0123482
-0.0128426
-0.0131584
-0.0129524
-0.0121835
-0.011236
-0.0105632
-0.0104533
-0.010879
-0.0116479
-0.0124444
-0.0129661
-0.0130897
-0.0129661
-0.0127876
-0.0126503
-0.0126091
-0.0127053
-0.0131446
-0.0140372
-0.0150945
-0.0156163
-0.0151357
-0.0141058
-0.013584
-0.0139823
-0.0146276
-0.0145864
-0.0137076
-0.0126641
-0.0120599
-0.01195
-0.0121972
-0.0128288
-0.0138175
-0.014861
-0.0156437
-0.0162067
-0.0166873
-0.0169619
-0.0166736
-0.0157124
-0.0144903
-0.0135017
-0.0129524
-0.012719
-0.0128151
-0.0135429
-0.0150258
-0.0167148
-0.0175798
-0.0170031
-0.0153554
-0.0135566
-0.0122659
-0.0116342
-0.0116342
-0.0123345
-0.013639
-0.015067
-0.0160419
-0.0164264
-0.0166049
-0.0169207
-0.017264
-0.0173601
-0.017113
-0.0168246
-0.0168383
-0.0171542
-0.0176622
-0.0184312
-0.0198867
-0.0222072
-0.0249672
-0.0275624
-0.0298143
-0.0321761
-0.0349772
-0.0380256
-0.0408679
-0.0432572
-0.0453168
-0.0472804
-0.0493813
-0.0516195
-0.0538302
-0.0559036
-0.0580731
-0.0606134
-0.0634557
-0.0662294
-0.0687285
-0.0710628
-0.0733147
-0.0754293
-0.0773792
-0.0793153
-0.0813063
-0.0831188
-0.084437
-0.0852334
-0.0858513
-0.0866615
-0.0878973
-0.0894214
-0.090822
-0.0914948
-0.0911516
-0.0899569
-0.0884602
-0.0872931
-0.0869635
-0.0876089
-0.0887074
-0.0895175
-0.0895587
-0.0889546
-0.0882543
-0.0878149
-0.0876913
-0.0875128
-0.086785
-0.0852197
-0.0830227
-0.0808806
-0.0795212
-0.079123
-0.0793153
-0.0794663
-0.0791917
-0.0785326
-0.0777225
-0.0769398
-0.0762669
-0.0757314
-0.0753882
-0.0751959
-0.0750449
-0.0750037
-0.0752646
-0.0758687
-0.0764729
-0.0765965
-0.0762532
-0.075855
-0.0756353
-0.075292
-0.074427
-0.0730813
-0.071818
-0.0713237
-0.0719004
-0.0731912
-0.0745368
-0.0754431
-0.075855
-0.0760198
-0.0761159
-0.0761571
-0.0761571
-0.0761159
-0.0760884
-0.0759786
-0.0758413
-0.075855
-0.076212
-0.076926
-0.0778598
-0.0788347
-0.0797821
-0.0806609
-0.081526
-0.082446
-0.0832424
-0.0834621
-0.0827755
-0.0813475
-0.0798371
-0.0789445
-0.0790681
-0.0800568
-0.081375
-0.0822949
-0.0823773
-0.081526
-0.0800842
-0.0785875
-0.0777499
-0.0781069
-0.0796448
-0.0816908
-0.0832699
-0.0836406
-0.082803
-0.0813612
-0.0802215
-0.0800156
-0.0807433
-0.0818555
-0.082652
-0.0826657
-0.0817732
-0.0803039
-0.0788896
-0.0780657
-0.0779559
-0.0782854
-0.0787798
-0.079329
-0.0798508
-0.0802902
-0.0805785
-0.0806609
-0.0804962
-0.0801391
-0.0796036
-0.0788759
-0.0779559
-0.0770634
-0.076624
-0.0769123
-0.0779147
-0.0791917
-0.080098
-0.0801529
-0.0793427
-0.0781069
-0.0772281
-0.0772419
-0.0782305
-0.0796586
-0.0808257
-0.0810729
-0.0801117
-0.078258
-0.0763493
-0.0753058
-0.0755392
-0.0766377
-0.077695
-0.0780383
-0.0777087
-0.0771457
-0.0766652
-0.0761983
-0.0756079
-0.0750174
-0.0749762
-0.0758413
-0.0775165
-0.0793565
-0.0805236
-0.0803863
-0.0788896
-0.0768025
-0.0753195
-0.0753195
-0.0766377
-0.078258
-0.0791505
-0.0790269
-0.078409
-0.0780245
-0.0782305
-0.0788621
-0.0794251
-0.079535
-0.0792192
-0.0787111
-0.078203
-0.0778323
-0.0776813
-0.0776263
-0.0775028
-0.0772419
-0.0770771
-0.0772556
-0.0777911
-0.0784914
-0.0791368
-0.0794663
-0.0792054
-0.0782305
-0.0767613
-0.0753195
-0.074372
-0.07407
-0.0741935
-0.0744407
-0.0748389
-0.0756216
-0.076981
-0.0786287
-0.0798096
-0.0798233
-0.0785738
-0.0766789
-0.0749762
-0.0741798
-0.0746604
-0.0760747
-0.0775439
-0.0780795
-0.0772693
-0.0754293
-0.0733422
-0.0718867
-0.071667
-0.0726007
-0.073864
-0.0743858
-0.0737953
-0.0726145
-0.071667
-0.0712688
-0.0712413
-0.07131
-0.0714473
-0.0717082
-0.0719691
-0.0718867
-0.0712551
-0.0703351
-0.0699231
-0.0705822
-0.0721064
-0.0736031
-0.0743034
-0.0740288
-0.0730538
-0.0717768
-0.0705136
-0.0695936
-0.0693876
-0.0700193
-0.0712963
-0.0728753
-0.0743446
-0.075347
-0.075649
-0.0752096
-0.0742759
-0.0732598
-0.0725733
-0.0724085
-0.0726419
-0.072944
-0.0731774
-0.0733422
-0.073301
-0.0727655
-0.0715709
-0.0700467
-0.0688521
-0.0685775
-0.0693327
-0.070747
-0.0721476
-0.0729303
-0.0729715
-0.0724909
-0.0718455
-0.0712139
-0.0707195
-0.0707058
-0.0713924
-0.0725183
-0.0734383
-0.0735894
-0.0728067
-0.0713924
-0.0699369
-0.0690581
-0.0691267
-0.0700193
-0.0711727
-0.0719279
-0.0719004
-0.0711315
-0.0700604
-0.0692366
-0.068907
-0.0689345
-0.0691267
-0.0694151
-0.0697584
-0.0700055
-0.0699643
-0.0696348
-0.0690855
-0.0684676
-0.0679596
-0.0678772
-0.0682754
-0.0688658
-0.0690581
-0.0685775
-0.06763
-0.066765
-0.0665041
-0.0668611
-0.0673417
-0.0674378
-0.0670533
-0.0665727
-0.066202
-0.0658724
-0.0654468
-0.0651035
-0.0652545
-0.0659548
-0.0666963
-0.0668473
-0.066353
-0.0658312
-0.0659823
-0.066765
-0.0674378
-0.0672456
-0.066202
-0.0649936
-0.0643208
-0.0642933
-0.0645817
-0.0649662
-0.0653918
-0.0658175
-0.0661196
-0.0661333
-0.0658724
-0.0654193
-0.0649799
-0.0647877
-0.0649113
-0.0651859
-0.0652957
-0.0650074
-0.0643483
-0.0634969
-0.0627829
-0.0624671
-0.0625083
-0.0627417
-0.0630163
-0.063291
-0.0635381
-0.0637853
-0.064156
-0.0647327
-0.065433
-0.0660372
-0.0663805
-0.0663256
-0.0656665
-0.0643208
-0.0625358
-0.0609292
-0.0601191
-0.060174
-0.0608468
-0.061808
-0.0627966
-0.0635656
-0.0639775
-0.0640325
-0.0639089
-0.0636892
-0.0634557
-0.063085
-0.0624808
-0.0616982
-0.0610802
-0.0611077
-0.0618904
-0.0630301
-0.0639363
-0.0643483
-0.0644169
-0.0643757
-0.0642522
-0.0639913
-0.0636342
-0.0633184
-0.0632086
-0.0633871
-0.0637578
-0.0640325
-0.0640874
-0.0641011
-0.0642384
-0.0644169
-0.0643345
-0.0637304
-0.0627143
-0.0617256
-0.0614098
-0.0620689
-0.0633734
-0.0644444
-0.0647739
-0.0645268
-0.0642796
-0.0642659
-0.0642796
-0.0639501
-0.0631949
-0.0621925
-0.0611626
-0.0602152
-0.0593089
-0.0584439
-0.0578397
-0.0577985
-0.058334
-0.0590343
-0.0595149
-0.0598032
-0.0600916
-0.0603113
-0.0601053
-0.0593089
-0.0581143
-0.057057
-0.0567549
-0.0574277
-0.0585537
-0.059103
-0.0584027
-0.0567412
-0.0551209
-0.054503
-0.0551484
-0.0565352
-0.0577848
-0.058183
-0.057771
-0.0571943
-0.0570707
-0.0574277
-0.0579221
-0.0582791
-0.0584713
-0.0585262
-0.0584164
-0.057977
-0.0570433
-0.0556702
-0.0544481
-0.0541323
-0.0550934
-0.0570158
-0.0592128
-0.0609429
-0.061602
-0.0607919
-0.0587322
-0.0563567
-0.05486
-0.0548188
-0.0559585
-0.0575101
-0.0588421
-0.0596797
-0.0599543
-0.0596797
-0.059103
-0.0585674
-0.0583477
-0.0584439
-0.0586224
-0.0586498
-0.0584988
-0.0582242
-0.057771
-0.0571119
-0.0565215
-0.056494
-0.0571257
-0.0579083
-0.0583752
-0.0585674
-0.0587734
-0.0588283
-0.058183
-0.0566313
-0.0547639
-0.0536242
-0.053995
-0.0557663
-0.0580457
-0.0595835
-0.0597483
-0.0588009
-0.0575651
-0.0567275
-0.0565901
-0.0570158
-0.0574552
-0.0572492
-0.0560134
-0.0540636
-0.0521687
-0.0509604
-0.0505759
-0.050823
-0.0514959
-0.0524845
-0.0535144
-0.0542696
-0.0545717
-0.0544343
-0.0540087
-0.0533908
-0.0526493
-0.0520451
-0.051949
-0.0524708
-0.0532123
-0.0534594
-0.0529239
-0.0519215
-0.0510565
-0.0507544
-0.0510839
-0.0517842
-0.0525257
-0.0531162
-0.053583
-0.0540773
-0.0544618
-0.0544069
-0.0536654
-0.0524296
-0.0512762
-0.0506857
-0.0508368
-0.0516469
-0.0527454
-0.0535556
-0.0536379
-0.05302
-0.052155
-0.0514821
-0.0512624
-0.0515233
-0.0522374
-0.0532672
-0.0543382
-0.055066
-0.055217
-0.0548326
-0.0542284
-0.0537753
-0.0536929
-0.0538851
-0.0541872
-0.0545167
-0.0548326
-0.0548326
-0.0542558
-0.0532397
-0.0523335
-0.0520726
-0.0526218
-0.0536791
-0.0546129
-0.0546678
-0.0533496
-0.0508093
-0.0480768
-0.0464428
-0.0467723
-0.0488869
-0.0516332
-0.053432
-0.0533221
-0.0515371
-0.049244
-0.0476237
-0.0470882
-0.0473765
-0.0480356
-0.0487634
-0.0494637
-0.0498481
-0.0495872
-0.0486672
-0.0475688
-0.0469783
-0.0469783
-0.0471294
-0.046992
-0.0464703
-0.0456601
-0.044644
-0.0436691
-0.0432709
-0.0438613
-0.0452619
-0.0467449
-0.0476374
-0.0476649
-0.0469371
-0.0458935
-0.0450422
-0.0446852
-0.0448637
-0.0453992
-0.0460721
-0.0467311
-0.0473628
-0.0481043
-0.0489144
-0.0494225
-0.049189
-0.0483926
-0.0476237
-0.0472667
-0.0471431
-0.0468273
-0.0462918
-0.0458798
-0.0459485
-0.0464016
-0.0467586
-0.0466488
-0.0460858
-0.0452894
-0.0444792
-0.0437377
-0.0430924
-0.0426255
-0.042241
-0.0419527
-0.0419664
-0.0427766
-0.044493
-0.0463879
-0.0473765
-0.0470882
-0.046127
-0.0453443
-0.0450148
-0.0450148
-0.045207
-0.0455365
-0.0459759
-0.0464428
-0.0468135
-0.0469097
-0.0466762
-0.0462231
-0.0458386
-0.0457013
-0.0457837
-0.0460446
-0.0464153
-0.0467311
-0.0466076
-0.0457974
-0.0445204
-0.0434631
-0.0432297
-0.0439437
-0.0452207
-0.0465115
-0.0473902
-0.0477747
-0.0477335
-0.0472255
-0.0460446
-0.0441771
-0.0421175
-0.040662
-0.0401676
-0.0403873
-0.0408405
-0.0412387
-0.0415408
-0.0417879
-0.0419252
-0.0420214
-0.0422822
-0.0429139
-0.0438339
-0.0447401
-0.0452894
-0.0452756
-0.0445479
-0.0432572
-0.0420076
-0.0415682
-0.0421037
-0.0428727
-0.0427903
-0.041376
-0.0391653
-0.0371605
-0.0361856
-0.0365701
-0.0380805
-0.0400303
-0.0416094
-0.0423646
-0.0423784
-0.0420763
-0.041733
-0.0414584
-0.0412799
-0.0412249
-0.0411837
-0.0409229
-0.0402912
-0.0394124
-0.0386709
-0.0383826
-0.0386435
-0.0392065
-0.0398656
-0.040607
-0.041376
-0.0418428
-0.0415682
-0.0405109
-0.0392065
-0.0384512
-0.0387259
-0.0399342
-0.0413897
-0.0422548
-0.0421587
-0.0414996
-0.0410052
-0.0410739
-0.0413348
-0.0411975
-0.040456
-0.0394536
-0.0385886
-0.038053
-0.0378471
-0.0379295
-0.0382453
-0.0387671
-0.0393575
-0.0397557
-0.0398244
-0.0396596
-0.0394948
-0.0395085
-0.0398793
-0.0405247
-0.0411837
-0.0413211
-0.0406894
-0.0396596
-0.0389318
-0.0388357
-0.039179
-0.0395772
-0.0397557
-0.0395772
-0.0390417
-0.0384787
-0.0382865
-0.0385748
-0.0390005
-0.0391653
-0.0390691
-0.0389318
-0.0387396
-0.0382727
-0.0374626
-0.0366662
-0.0363366
-0.0366113
-0.0372429
-0.037902
-0.0384787
-0.0388769
-0.0388769
-0.0383002
-0.0372566
-0.0361856
-0.0355402
-0.0353205
-0.0352244
-0.035142
-0.0351558
-0.0351832
-0.0349086
-0.0341671
-0.0333432
-0.0330686
-0.0336316
-0.0348262
-0.0361444
-0.0370232
-0.0371056
-0.0365975
-0.0360757
-0.0360483
-0.0364328
-0.0368447
-0.0370781
-0.037339
-0.0378333
-0.0384924
-0.0390966
-0.0393575
-0.0391653
-0.0385474
-0.0376686
-0.0367211
-0.0358972
-0.0354578
-0.0356501
-0.0365289
-0.0377921
-0.0388494
-0.0392202
-0.0389044
-0.0383139
-0.0379432
-0.0378196
-0.037696
-0.0375724
-0.0377509
-0.0384375
-0.0393026
-0.0396733
-0.0392339
-0.0384787
-0.0382865
-0.0390691
-0.0404148
-0.0414034
-0.0414858
-0.0407306
-0.0395772
-0.038465
-0.0376274
-0.0372017
-0.0372292
-0.0376686
-0.03841
-0.0392751
-0.0401402
-0.0407443
-0.0408679
-0.0404697
-0.039742
-0.0389044
-0.0380118
-0.0371056
-0.0364328
-0.0363504
-0.036982
-0.0378745
-0.0383689
-0.038108
-0.0372154
-0.0361719
-0.035554
-0.0356775
-0.0362954
-0.0367348
-0.036625
-0.0361581
-0.0358698
-0.0360208
-0.0364602
-0.0368996
-0.037133
-0.0370369
-0.0365975
-0.0361581
-0.036268
-0.0370781
-0.0380942
-0.0385611
-0.0380942
-0.0369271
-0.0356226
-0.0346202
-0.0340847
-0.0340435
-0.0344555
-0.0350322
-0.0353892
-0.0353617
-0.0352107
-0.0352244
-0.0353892
-0.0355265
-0.0356501
-0.0358972
-0.0360895
-0.0357325
-0.0347301
-0.0336591
-0.0332471
-0.0336179
-0.0344555
-0.0354029
-0.0361856
-0.0365701
-0.0362954
-0.0354166
-0.0343593
-0.0336728
-0.0336316
-0.0340023
-0.0341671
-0.033714
-0.0327665
-0.0319152
-0.0316406
-0.0319427
-0.0324644
-0.0327116
-0.032231
-0.030954
-0.0293063
-0.0280979
-0.0279469
-0.0288531
-0.0302674
-0.031517
-0.0320662
-0.0317092
-0.0307755
-0.0300477
-0.0301301
-0.0309677
-0.0320113
-0.0327391
-0.033
-0.0328352
-0.0323683
-0.0317779
-0.03116
-0.0304734
-0.0298143
-0.0293475
-0.0292239
-0.0294436
-0.0301027
-0.031311
-0.0328489
-0.0339199
-0.0337826
-0.0325606
-0.0312561
-0.0309128
-0.0318465
-0.0335629
-0.0351146
-0.0356363
-0.0348537
-0.0332883
-0.031874
-0.0312561
-0.031517
-0.0322035
-0.032794
-0.0329588
-0.0327528
-0.0323683
-0.03208
-0.0320662
-0.0323683
-0.0328352
-0.0331922
-0.0333295
-0.0333982
-0.0335355
-0.0336453
-0.0335492
-0.0332608
-0.0328901
-0.0322859
-0.0312012
-0.0297869
-0.0285922
-0.028043
-0.0281254
-0.0287021
-0.0297731
-0.0312286
-0.0327803
-0.0340298
-0.0348125
-0.0350734
-0.0348125
-0.0341534
-0.0333295
-0.0324507
-0.0316543
-0.0312012
-0.0314483
-0.0323958
-0.0334394
-0.0338376
-0.0334256
-0.032794
-0.0326567
-0.0331373
-0.0336865
-0.0337277
-0.0331098
-0.0324232
-0.0324919
-0.0337552
-0.0357462
-0.0374626
-0.0380942
-0.0376686
-0.0368584
-0.0363641
-0.0365014
-0.0370095
-0.0372704
-0.0367348
-0.0353617
-0.0337002
-0.0324919
-0.0321624
-0.0324644
-0.0327665
-0.0326979
-0.0326292
-0.0332608
-0.0346477
-0.0360345
-0.0365975
-0.0361993
-0.035348
-0.0346065
-0.0340298
-0.0332608
-0.0319427
-0.0301713
-0.0286197
-0.0280293
-0.0286884
-0.0302125
-0.0318053
-0.0326292
-0.0323134
-0.0311462
-0.0297731
-0.0286472
-0.0278233
-0.027274
-0.027274
-0.028043
-0.02932
-0.0304185
-0.0309815
-0.0313522
-0.0321761
-0.0334668
-0.0345378
-0.0345516
-0.0333158
-0.0314071
-0.0297731
-0.0291552
-0.0296633
-0.0306931
-0.0314071
-0.0314209
-0.0310776
-0.0311462
-0.0321074
-0.0337002
-0.034991
-0.035142
-0.0341808
-0.0329862
-0.0323958
-0.0325468
-0.0327803
-0.0324232
-0.0314071
-0.0304185
-0.0304048
-0.0316818
-0.0336591
-0.035142
-0.0353755
-0.0345241
-0.0332334
-0.0319289
-0.0309265
-0.0303773
-0.0303086
-0.0305283
-0.0306657
-0.0305833
-0.0304597
-0.0304597
-0.030803
-0.0315856
-0.0325743
-0.0332883
-0.0334119
-0.0332471
-0.033302
-0.0336591
-0.0338788
-0.0335355
-0.0325743
-0.0312561
-0.029883
-0.0286884
-0.0279606
-0.0280705
-0.0293063
-0.0313385
-0.033151
-0.033714
-0.0328764
-0.0315444
-0.030748
-0.0306931
-0.0308854
-0.0308854
-0.030803
-0.0311874
-0.0324644
-0.0344005
-0.0358698
-0.035705
-0.0337826
-0.0313248
-0.0298967
-0.0301851
-0.031668
-0.0331098
-0.0334805
-0.0326429
-0.0313659
-0.0307068
-0.0310776
-0.0321212
-0.0330686
-0.0332746
-0.0325468
-0.0313385
-0.030391
-0.0301576
-0.0305695
-0.0311325
-0.031517
-0.0317367
-0.0319701
-0.0322859
-0.0326429
-0.032945
-0.0330823
-0.0328215
-0.0320113
-0.0307068
-0.0292239
-0.0281528
-0.0282352
-0.0297045
-0.0316955
-0.0327803
-0.0321212
-0.0302125
-0.0282902
-0.0274251
-0.0278782
-0.0291415
-0.0303498
-0.030803
-0.0303086
-0.0291415
-0.0279057
-0.0271505
-0.0271505
-0.0276585
-0.0281803
-0.0283314
-0.0281391
-0.027837
-0.0275761
-0.0273839
-0.0273976
-0.0276997
-0.0280567
-0.0280842
-0.0277684
-0.0275761
-0.0278508
-0.028249
-0.0281117
-0.0271642
-0.0258323
-0.0250221
-0.0255027
-0.0273427
-0.0296633
-0.0311737
-0.0310364
-0.0294161
-0.0271093
-0.0249123
-0.0233881
-0.022729
-0.0228938
-0.0236216
-0.0247338
-0.0261206
-0.0275487
-0.0285373
-0.0288531
-0.0286746
-0.0284
-0.028249
-0.028249
-0.0283451
-0.0285099
-0.0285373
-0.0281666
-0.0273152
-0.026203
-0.0253929
-0.0255027
-0.0266973
-0.0284275
-0.0297594
-0.0300615
-0.0293063
-0.0279881
-0.0266973
-0.0257911
-0.0252693
-0.024926
-0.0247063
-0.0248711
-0.0256538
-0.0267797
-0.0276173
-0.0278508
-0.0277409
-0.0277821
-0.0280293
-0.0281391
-0.027686
-0.0266561
-0.0254478
-0.0245827
-0.024418
-0.024926
-0.0257773
-0.0266287
-0.0272878
-0.0276723
-0.0278233
-0.0278096
-0.0275075
-0.0266424
-0.0250633
-0.0231684
-0.0217953
-0.0216168
-0.0226054
-0.0242257
-0.025846
-0.0269857
-0.0273702
-0.0269445
-0.0258597
-0.024569
-0.0235529
-0.0232645
-0.0238824
-0.025132
-0.0263953
-0.0272329
-0.0276311
-0.0277821
-0.0278096
-0.0277134
-0.0273702
-0.0268347
-0.0263678
-0.0263541
-0.0268072
-0.0272191
-0.0269582
-0.0260245
-0.0250084
-0.0243493
-0.0238687
-0.0231822
-0.0222484
-0.0215207
-0.0215344
-0.0223995
-0.0236078
-0.024418
-0.0245141
-0.0242806
-0.0243218
-0.0247063
-0.0250359
-0.0251045
-0.0251045
-0.0253791
-0.0259421
-0.0266012
-0.0270406
-0.0270132
-0.0266012
-0.0261756
-0.0260657
-0.0260657
-0.0256538
-0.0247063
-0.0237314
-0.0234156
-0.0239236
-0.0248711
-0.0258048
-0.0264639
-0.0267523
-0.0269033
-0.0272466
-0.0278645
-0.0284
-0.0283314
-0.0274251
-0.026052
-0.0248848
-0.0245278
-0.0250633
-0.0258735
-0.0261206
-0.0253654
-0.0238001
-0.0220699
-0.020944
-0.0210538
-0.0224269
-0.0243493
-0.0255851
-0.0253929
-0.0240884
-0.0228938
-0.0229075
-0.024212
-0.0259284
-0.026972
-0.0268621
-0.0259559
-0.0250359
-0.0247475
-0.0251732
-0.0258872
-0.0264227
-0.0264639
-0.0258735
-0.0247063
-0.0232371
-0.0219189
-0.0211774
-0.0211637
-0.0216031
-0.0220287
-0.0221935
-0.022372
-0.0228801
-0.0237314
-0.0246102
-0.0253242
-0.0257499
-0.025695
-0.0248162
-0.0231272
-0.0213284
-0.0202711
-0.020381
-0.0213422
-0.022578
-0.0236627
-0.024569
-0.0253929
-0.0260245
-0.0261069
-0.0254066
-0.0240884
-0.0226329
-0.0215069
-0.0210264
-0.021452
-0.0226878
-0.0242806
-0.0255714
-0.0261618
-0.0261206
-0.0258323
-0.0256812
-0.0260245
-0.0269857
-0.0282764
-0.0293887
-0.0300203
-0.0302949
-0.0304048
-0.0301988
-0.0293612
-0.0279469
-0.026615
-0.0262442
-0.0272191
-0.0290866
-0.0309677
-0.0319564
-0.0315994
-0.0299379
-0.0275761
-0.0255165
-0.02472
-0.0255439
-0.0274114
-0.0291415
-0.0297869
-0.0292376
-0.0280567
-0.0269994
-0.0265188
-0.0265326
-0.0266699
-0.026615
-0.0263266
-0.0259147
-0.0253929
-0.0248024
-0.0242669
-0.0238962
-0.0236627
-0.0235117
-0.0236627
-0.0242669
-0.0249672
-0.0250908
-0.0245553
-0.0239786
-0.0240472
-0.0246926
-0.0253517
-0.0254753
-0.024926
-0.0238824
-0.0227977
-0.0221523
-0.0221935
-0.0228526
-0.0238824
-0.0250496
-0.0262579
-0.0273015
-0.0278782
-0.0276585
-0.0265463
-0.0249809
-0.0237314
-0.0235254
-0.0244042
-0.0256812
-0.0265051
-0.0265188
-0.0260245
-0.0255988
-0.0255027
-0.0255027
-0.0252693
-0.0246514
-0.0238138
-0.0232233
-0.0233881
-0.0245415
-0.0262717
-0.0276448
-0.0277958
-0.0266424
-0.0250221
-0.0240335
-0.0241571
-0.0249672
-0.0255714
-0.025283
-0.0239923
-0.0223171
-0.0211774
-0.0211637
-0.0220974
-0.0233057
-0.0241296
-0.0241296
-0.023086
-0.0210813
-0.0187744
-0.0171542
-0.0169894
