LECROYHDO9204-MSöv,30454,Waveform
Segments,1,SegmentSize,2002
Ampl
-0.0165225
-0.0163715
-0.015836
-0.0152593
-0.015273
-0.0162067
-0.017621
-0.0186097
-0.0184037
-0.0170718
-0.0153828
-0.0141745
-0.0136115
-0.0133506
-0.0131309
-0.0131309
-0.0136252
-0.0145178
-0.0153966
-0.0160145
-0.01655
-0.0171679
-0.0177034
-0.017827
-0.0175249
-0.017113
-0.0168246
-0.0165637
-0.016193
-0.0156849
-0.0151219
-0.0145315
-0.013996
-0.0136939
-0.0137214
-0.013996
-0.0141745
-0.0139823
-0.0133643
-0.0125267
-0.0118676
-0.0117441
-0.0122109
-0.0129799
-0.0136939
-0.0140784
-0.0140372
-0.0136939
-0.0134605
-0.0136115
-0.0139823
-0.0140509
-0.0136939
-0.013282
-0.0132957
-0.0137214
-0.0141196
-0.0141196
-0.0137351
-0.0132133
-0.0128838
-0.0130211
-0.0136527
-0.014559
-0.0153142
-0.0155476
-0.0152455
-0.0148061
-0.0146551
-0.0147512
-0.0146139
-0.0139136
-0.0129661
-0.0123345
-0.0124169
-0.0129936
-0.0135429
-0.013639
-0.0132133
-0.0126091
-0.0123757
-0.0127739
-0.0136115
-0.0142706
-0.0143393
-0.0140372
-0.0140097
-0.0146414
-0.0157124
-0.0167148
-0.0173464
-0.0177446
-0.0182389
-0.018747
-0.0187607
-0.0176897
-0.0157398
-0.0137488
-0.012513
-0.0121285
-0.0122659
-0.0126366
-0.013227
-0.0140646
-0.0151082
-0.0162342
-0.0172091
-0.0177721
-0.0179368
-0.0179506
-0.0179643
-0.0178133
-0.0172228
-0.0163028
-0.0154927
-0.015067
-0.0149434
-0.0149572
-0.0150807
-0.0152455
-0.0153554
-0.0153004
-0.0152043
-0.0153004
-0.0156575
-0.0160145
-0.0160007
-0.015424
-0.0144628
-0.013584
-0.0132545
-0.0135154
-0.0140372
-0.0144079
-0.0144628
-0.0142981
-0.0141333
-0.0141058
-0.0142157
-0.0143118
-0.0142294
-0.0138861
-0.0133918
-0.0130348
-0.0129799
-0.0131584
-0.0131584
-0.0128426
-0.0125954
-0.0129936
-0.0141196
-0.0153828
-0.0160694
-0.0157536
-0.0146002
-0.0131584
-0.0120462
-0.0116342
-0.0118539
-0.0124581
-0.0133369
-0.0145315
-0.0159595
-0.0172091
-0.0177309
-0.0174837
-0.0171954
-0.0176622
-0.0188568
-0.0196944
-0.0190353
-0.0168383
-0.0142294
-0.0125405
-0.0122384
-0.0129936
-0.0142706
-0.0156712
-0.0168383
-0.0173739
-0.0171542
-0.0165637
-0.0162067
-0.016193
-0.0161792
-0.0158634
-0.0153691
-0.0149709
-0.0148473
-0.0149297
-0.015067
-0.0151494
-0.0151631
-0.0151082
-0.0150396
-0.0151357
-0.0156987
-0.016701
-0.0174151
-0.0169757
-0.0153004
-0.0133369
-0.0122659
-0.0126091
-0.0138999
-0.0151631
-0.0156575
-0.0153554
-0.0148199
-0.0145315
-0.0145727
-0.0146963
-0.0147237
-0.0145315
-0.0140234
-0.0131858
-0.0123482
-0.0121011
-0.0126366
-0.013584
-0.0142431
-0.0142981
-0.0138999
-0.0135291
-0.0135429
-0.0138724
-0.0141333
-0.0139548
-0.0135429
-0.0134467
-0.0141058
-0.0153966
-0.0167285
-0.0173739
-0.0169894
-0.0156712
-0.0139823
-0.0125679
-0.0119088
-0.0120736
-0.0128975
-0.0140509
-0.0151906
-0.0159733
-0.0162891
-0.0162342
-0.0161381
-0.0163715
-0.0170168
-0.0176073
-0.0173189
-0.0157261
-0.0135291
-0.0119912
-0.0119088
-0.0130348
-0.0144628
-0.0153691
-0.0156025
-0.0154652
-0.0154927
-0.0159184
-0.0165363
-0.0169894
-0.0170855
-0.0170306
-0.0170992
-0.01747
-0.0180467
-0.0185959
-0.0187058
-0.0181291
-0.0170443
-0.0160557
-0.0156849
-0.015836
-0.0160007
-0.0156712
-0.0148885
-0.0141196
-0.0138724
-0.0143255
-0.0150396
-0.0154378
-0.0153828
-0.0151906
-0.0153828
-0.0160969
-0.0171542
-0.0181153
-0.0186234
-0.0184586
-0.0177309
-0.0167285
-0.0158909
-0.0155476
-0.0157124
-0.0160007
-0.015836
-0.0151219
-0.0143393
-0.0140509
-0.0142431
-0.0144079
-0.0142981
-0.0141196
-0.0142294
-0.0146276
-0.0150258
-0.0151219
-0.0147512
-0.0140097
-0.013227
-0.0127876
-0.0128014
-0.0131858
-0.0138449
-0.0144628
-0.0146414
-0.0141196
-0.0131584
-0.012362
-0.012156
-0.0124306
-0.0127739
-0.012925
-0.0128975
-0.0130897
-0.0139273
-0.0153416
-0.01655
-0.0166736
-0.0155339
-0.0138449
-0.0125817
-0.0121423
-0.012307
-0.0126503
-0.012925
-0.0130623
-0.013076
-0.0131996
-0.0137076
-0.0146963
-0.0159184
-0.0167971
-0.016701
-0.0155064
-0.0138175
-0.0126915
-0.0127602
-0.0137351
-0.0146825
-0.0147512
-0.0137351
-0.0121285
-0.0109614
-0.0110987
-0.0126641
-0.0149846
-0.0168658
-0.0173052
-0.0160831
-0.0141196
-0.0128014
-0.0130073
-0.0144903
-0.0161792
-0.0171954
-0.0173189
-0.0169207
-0.0163577
-0.01563
-0.0145315
-0.0131858
-0.0122109
-0.012362
-0.0137626
-0.0157536
-0.0172503
-0.0174837
-0.0163852
-0.0144766
-0.0125954
-0.0113871
-0.0110712
-0.0114283
-0.0121148
-0.0129387
-0.0137626
-0.0142843
-0.0143118
-0.014147
-0.0142981
-0.0149297
-0.01563
-0.0158634
-0.015424
-0.0144491
-0.0133643
-0.0126641
-0.0126778
-0.0133918
-0.0143942
-0.0151082
-0.015067
-0.0141058
-0.0125405
-0.0110987
-0.0104396
-0.0108378
-0.0120873
-0.0137763
-0.015424
-0.0166049
-0.0170306
-0.0167971
-0.016344
-0.0162616
-0.0167971
-0.0176485
-0.0181016
-0.0175798
-0.0160419
-0.014202
-0.0128975
-0.0124718
-0.0127327
-0.0133506
-0.0141196
-0.0148885
-0.0154927
-0.015836
-0.015987
-0.015987
-0.015836
-0.0155201
-0.0150807
-0.0148061
-0.0150807
-0.0160419
-0.0172915
-0.0182664
-0.0186921
-0.0189667
-0.0196807
-0.0210675
-0.0227428
-0.0243768
-0.025997
-0.0280567
-0.0309403
-0.0347987
-0.0394811
-0.0446577
-0.0500541
-0.0558487
-0.062522
-0.0703213
-0.0789445
-0.0878561
-0.0967539
-0.10572
-0.114824
-0.124024
-0.133471
-0.143701
-0.155606
-0.169639
-0.185059
-0.200122
-0.213236
-0.224166
-0.233956
-0.244172
-0.25583
-0.268998
-0.282976
-0.296872
-0.309972
-0.321973
-0.332848
-0.342762
-0.351811
-0.360091
-0.367821
-0.375332
-0.382967
-0.390574
-0.397467
-0.403042
-0.407175
-0.410306
-0.412915
-0.415345
-0.417748
-0.420082
-0.421826
-0.422403
-0.421606
-0.419753
-0.417295
-0.414631
-0.411953
-0.409235
-0.406214
-0.402589
-0.398291
-0.393512
-0.388707
-0.384367
-0.380646
-0.377282
-0.373726
-0.369703
-0.365501
-0.36167
-0.358388
-0.355408
-0.35236
-0.349106
-0.3457
-0.342172
-0.338505
-0.335045
-0.33245
-0.3312
-0.331036
-0.331269
-0.331241
-0.330802
-0.330184
-0.329704
-0.329374
-0.328839
-0.327781
-0.326271
-0.324802
-0.323991
-0.324294
-0.325873
-0.328509
-0.33164
-0.334523
-0.336638
-0.337819
-0.338258
-0.338354
-0.338629
-0.33937
-0.340551
-0.341924
-0.343243
-0.344492
-0.345975
-0.347911
-0.350122
-0.352168
-0.353788
-0.354969
-0.355793
-0.356287
-0.356534
-0.356768
-0.357276
-0.358155
-0.35913
-0.359596
-0.359075
-0.357647
-0.356205
-0.355807
-0.35674
-0.358278
-0.359294
-0.359267
-0.358553
-0.357962
-0.358045
-0.358759
-0.359651
-0.360036
-0.359418
-0.357866
-0.356095
-0.355038
-0.355216
-0.356507
-0.358264
-0.359802
-0.360489
-0.359926
-0.35799
-0.354942
-0.351701
-0.349545
-0.349229
-0.3503
-0.35144
-0.351674
-0.351056
-0.350259
-0.349669
-0.349174
-0.348598
-0.34798
-0.347554
-0.347485
-0.347678
-0.347925
-0.348048
-0.34787
-0.347362
-0.346648
-0.346044
-0.345893
-0.346236
-0.346785
-0.347142
-0.347211
-0.347115
-0.347019
-0.346977
-0.346991
-0.347115
-0.347417
-0.347719
-0.347746
-0.347211
-0.346387
-0.346044
-0.346771
-0.348309
-0.3496
-0.349737
-0.348776
-0.347664
-0.34728
-0.347829
-0.34879
-0.349655
-0.350163
-0.350383
-0.350575
-0.350918
-0.35122
-0.351097
-0.35041
-0.34949
-0.348776
-0.348364
-0.348021
-0.347637
-0.347417
-0.347678
-0.348323
-0.34868
-0.348035
-0.34636
-0.344314
-0.342734
-0.341952
-0.341705
-0.341471
-0.340922
-0.340112
-0.339563
-0.3397
-0.340455
-0.341059
-0.340606
-0.338917
-0.336871
-0.335732
-0.33613
-0.337462
-0.338409
-0.337832
-0.335704
-0.333081
-0.331187
-0.330651
-0.331214
-0.332367
-0.333699
-0.33488
-0.335608
-0.335553
-0.334674
-0.33315
-0.331475
-0.330198
-0.329717
-0.330047
-0.330775
-0.331379
-0.331502
-0.331104
-0.330527
-0.330349
-0.330747
-0.331255
-0.331049
-0.3298
-0.328001
-0.326504
-0.325886
-0.326079
-0.326408
-0.326079
-0.324911
-0.323538
-0.322907
-0.323483
-0.324939
-0.326532
-0.327603
-0.327836
-0.327301
-0.326271
-0.32509
-0.323923
-0.322907
-0.322138
-0.321671
-0.3213
-0.320806
-0.320188
-0.319748
-0.319748
-0.32016
-0.320572
-0.320517
-0.319762
-0.318568
-0.31751
-0.317098
-0.317291
-0.317634
-0.317703
-0.317579
-0.317524
-0.317579
-0.317318
-0.316178
-0.314064
-0.311592
-0.30967
-0.308791
-0.308805
-0.309354
-0.310068
-0.310686
-0.310796
-0.310178
-0.309175
-0.308448
-0.308448
-0.308956
-0.309313
-0.308901
-0.307541
-0.305647
-0.304067
-0.303518
-0.303875
-0.304315
-0.304177
-0.303601
-0.303147
-0.303147
-0.303463
-0.303669
-0.303463
-0.30279
-0.301898
-0.300978
-0.300044
-0.299042
-0.298191
-0.297888
-0.298218
-0.298836
-0.299207
-0.299124
-0.298753
-0.298424
-0.298355
-0.298479
-0.298465
-0.298067
-0.297367
-0.296694
-0.296282
-0.295966
-0.295499
-0.294881
-0.294305
-0.293989
-0.293906
-0.293879
-0.293563
-0.292725
-0.291572
-0.290734
-0.290872
-0.292204
-0.294208
-0.295884
-0.296378
-0.295458
-0.293632
-0.291819
-0.290707
-0.290309
-0.289966
-0.288922
-0.287137
-0.285297
-0.284295
-0.284363
-0.284995
-0.285352
-0.285036
-0.284336
-0.283786
-0.28369
-0.283855
-0.283938
-0.283786
-0.283443
-0.282976
-0.282194
-0.280738
-0.27861
-0.276344
-0.274902
-0.275067
-0.27688
-0.279461
-0.281452
-0.281713
-0.280065
-0.277415
-0.275177
-0.274312
-0.274793
-0.275836
-0.276591
-0.276674
-0.276207
-0.275561
-0.274999
-0.274422
-0.273708
-0.272884
-0.272211
-0.271895
-0.271895
-0.271882
-0.271497
-0.27055
-0.269273
-0.268202
-0.267858
-0.268215
-0.268668
-0.268682
-0.268256
-0.267845
-0.26779
-0.267886
-0.26757
-0.266444
-0.264769
-0.263354
-0.262833
-0.263272
-0.264398
-0.26573
-0.266746
-0.266883
-0.265812
-0.263876
-0.26194
-0.260732
-0.260334
-0.260375
-0.260512
-0.260704
-0.261006
-0.261322
-0.261418
-0.261185
-0.260828
-0.260649
-0.260759
-0.26091
-0.260869
-0.260498
-0.259826
-0.258809
-0.257629
-0.256695
-0.256338
-0.25642
-0.256379
-0.255583
-0.25399
-0.252287
-0.251395
-0.251765
-0.253097
-0.254498
-0.255116
-0.254649
-0.253509
-0.252383
-0.251779
-0.251655
-0.251628
-0.251298
-0.250612
-0.249761
-0.248937
-0.248305
-0.248058
-0.248346
-0.249019
-0.249362
-0.248786
-0.247344
-0.245888
-0.245106
-0.244955
-0.2449
-0.244653
-0.244241
-0.243788
-0.243403
-0.243321
-0.243815
-0.244708
-0.245216
-0.244625
-0.242977
-0.241055
-0.239613
-0.238913
-0.238652
-0.238556
-0.238515
-0.23857
-0.238707
-0.238858
-0.238913
-0.238721
-0.238062
-0.236936
-0.235672
-0.234835
-0.234725
-0.235
-0.234986
-0.234313
-0.233173
-0.232267
-0.232157
-0.232775
-0.233462
-0.233613
-0.23316
-0.2325
-0.232075
-0.232157
-0.232844
-0.233874
-0.234574
-0.234231
-0.232679
-0.230578
-0.228903
-0.228395
-0.22904
-0.23029
-0.231333
-0.231553
-0.23077
-0.229342
-0.227859
-0.226816
-0.226184
-0.225649
-0.225017
-0.224536
-0.224646
-0.225401
-0.226308
-0.226569
-0.225717
-0.223932
-0.222024
-0.220898
-0.220925
-0.221612
-0.221955
-0.221282
-0.219772
-0.218179
-0.217053
-0.216545
-0.216655
-0.217355
-0.218302
-0.218769
-0.218138
-0.216641
-0.215185
-0.214554
-0.214691
-0.214979
-0.214856
-0.214293
-0.213593
-0.213002
-0.21248
-0.211931
-0.211505
-0.211574
-0.212384
-0.21362
-0.214513
-0.214485
-0.213634
-0.212453
-0.211464
-0.210888
-0.210723
-0.21075
-0.210627
-0.210009
-0.208883
-0.207578
-0.206658
-0.206494
-0.20718
-0.208471
-0.209817
-0.210448
-0.209762
-0.207853
-0.205656
-0.204338
-0.204448
-0.20556
-0.206864
-0.207743
-0.2081
-0.2081
-0.207853
-0.207537
-0.207263
-0.207015
-0.206466
-0.20512
-0.202896
-0.200548
-0.198996
-0.198557
-0.198777
-0.199092
-0.199312
-0.19934
-0.198983
-0.198159
-0.19728
-0.197033
-0.197788
-0.199244
-0.20063
-0.201166
-0.200603
-0.199381
-0.198392
-0.198145
-0.198392
-0.198324
-0.197211
-0.195001
-0.192282
-0.190057
-0.189028
-0.189247
-0.190112
-0.191032
-0.191842
-0.192625
-0.193161
-0.192996
-0.191925
-0.190456
-0.189481
-0.189632
-0.190826
-0.192323
-0.193325
-0.193408
-0.192721
-0.191719
-0.190826
-0.190195
-0.18981
-0.189687
-0.189865
-0.190305
-0.19084
-0.191362
-0.19176
-0.191856
-0.191609
-0.191142
-0.190703
-0.190565
-0.190881
-0.191472
-0.191939
-0.191815
-0.190977
-0.189632
-0.18819
-0.187064
-0.186446
-0.186295
-0.186254
-0.185911
-0.185114
-0.184167
-0.183453
-0.183151
-0.183151
-0.183425
-0.18392
-0.184579
-0.185197
-0.185444
-0.185032
-0.183974
-0.182766
-0.182066
-0.181997
-0.182176
-0.182231
-0.182299
-0.182574
-0.182972
-0.183109
-0.182725
-0.181942
-0.181091
-0.180446
-0.18002
-0.179786
-0.179677
-0.179512
-0.179059
-0.178221
-0.177109
-0.176065
-0.175475
-0.175324
-0.175159
-0.174486
-0.173374
-0.172495
-0.172481
-0.173305
-0.174363
-0.17498
-0.174733
-0.17369
-0.172344
-0.171438
-0.171603
-0.172715
-0.174006
-0.174418
-0.173443
-0.171493
-0.169406
-0.167772
-0.166714
-0.166138
-0.166055
-0.166495
-0.167277
-0.168019
-0.168376
-0.168197
-0.167524
-0.166618
-0.16589
-0.165698
-0.166028
-0.166536
-0.166865
-0.166742
-0.16611
-0.165025
-0.163762
-0.162609
-0.161675
-0.160988
-0.160618
-0.160522
-0.160508
-0.160439
-0.160453
-0.160947
-0.162128
-0.163845
-0.165643
-0.166852
-0.166893
-0.165616
-0.16357
-0.161812
-0.161222
-0.161977
-0.163487
-0.164751
-0.165025
-0.16416
-0.16265
-0.161167
-0.160178
-0.159917
-0.160398
-0.161263
-0.161963
-0.162018
-0.161332
-0.160165
-0.158888
-0.157817
-0.157116
-0.156745
-0.156636
-0.156842
-0.157501
-0.158585
-0.159698
-0.160329
-0.160151
-0.159148
-0.157652
-0.156196
-0.155317
-0.155098
-0.155043
-0.154494
-0.153505
-0.152709
-0.152777
-0.153642
-0.154754
-0.155661
-0.156251
-0.156636
-0.156855
-0.156691
-0.155853
-0.154274
-0.152393
-0.150855
-0.1501
-0.150141
-0.15058
-0.150937
-0.150896
-0.150429
-0.149852
-0.149454
-0.149413
-0.149674
-0.150155
-0.150663
-0.150882
-0.150539
-0.149701
-0.148809
-0.148411
-0.148754
-0.149619
-0.150429
-0.150566
-0.149839
-0.148644
-0.147546
-0.146941
-0.146763
-0.146735
-0.146639
-0.146433
-0.146131
-0.145733
-0.145184
-0.144442
-0.143509
-0.142616
-0.142081
-0.142163
-0.142795
-0.143715
-0.144552
-0.144992
-0.144786
-0.143948
-0.142712
-0.141367
-0.140172
-0.139348
-0.139073
-0.139362
-0.139938
-0.140447
-0.140653
-0.140515
-0.140186
-0.139993
-0.140296
-0.141106
-0.141847
-0.141765
-0.140584
-0.138758
-0.137014
-0.135888
-0.135572
-0.135998
-0.136918
-0.138016
-0.138977
-0.139513
-0.139499
-0.139087
-0.138661
-0.138469
-0.138414
-0.138085
-0.137247
-0.136025
-0.134899
-0.134377
-0.134762
-0.135902
-0.137165
-0.137865
-0.137673
-0.136835
-0.135654
-0.134171
-0.132414
-0.130766
-0.130025
-0.13056
-0.13181
-0.132428
-0.131411
-0.129036
-0.126702
-0.125823
-0.126729
-0.128651
-0.130505
-0.131562
-0.131672
-0.131027
-0.129997
-0.128981
-0.128157
-0.127443
-0.126853
-0.126564
-0.126811
-0.127457
-0.127924
-0.127539
-0.126125
-0.124244
-0.122871
-0.122637
-0.123489
-0.124807
-0.125891
-0.126331
-0.126166
-0.125878
-0.125891
-0.12618
-0.126262
-0.125576
-0.124093
-0.122349
-0.120989
-0.120495
-0.120907
-0.121882
-0.122761
-0.12298
-0.122294
-0.121003
-0.119795
-0.119191
-0.119232
-0.119465
-0.119493
-0.119218
-0.118916
-0.118847
-0.119122
-0.119685
-0.120399
-0.12088
-0.120591
-0.119232
-0.117117
-0.115099
-0.114014
-0.114165
-0.115126
-0.116156
-0.116678
-0.116595
-0.116197
-0.115881
-0.115827
-0.115881
-0.115675
-0.114961
-0.113959
-0.113204
-0.113121
-0.113643
-0.114344
-0.114948
-0.115483
-0.116197
-0.117117
-0.117845
-0.117859
-0.117117
-0.116129
-0.115648
-0.115895
-0.116499
-0.11687
-0.11676
-0.116266
-0.115621
-0.115058
-0.114824
-0.114975
-0.115346
-0.115744
-0.116101
-0.116417
-0.116568
-0.116252
-0.115305
-0.113835
-0.112215
-0.110924
-0.110265
-0.110279
-0.110636
-0.110815
-0.110471
-0.109702
-0.109057
-0.109126
-0.110059
-0.11135
-0.11227
-0.112462
-0.112256
-0.11227
-0.112682
-0.113094
-0.112984
-0.112311
-0.111446
-0.110705
-0.110252
-0.110169
-0.110375
-0.110609
-0.110567
-0.110265
-0.109922
-0.109661
-0.10929
-0.108618
-0.107876
-0.107794
-0.10892
-0.11087
-0.112531
-0.112929
-0.112078
-0.110677
-0.109332
-0.108082
-0.106791
-0.105542
-0.104855
-0.105336
-0.107203
-0.10984
-0.11205
-0.112957
-0.112696
-0.112133
-0.111817
-0.111446
-0.110485
-0.109016
-0.107698
-0.106997
-0.10675
-0.106366
-0.105597
-0.104718
-0.104265
-0.10443
-0.104896
-0.105253
-0.105501
-0.105816
-0.106201
-0.106338
-0.105926
-0.105102
-0.104196
-0.103523
-0.103166
-0.103043
-0.103029
-0.102878
-0.102384
-0.101464
-0.1002
-0.0989097
-0.0980446
-0.0980034
-0.0987724
-0.0998297
-0.100557
-0.100654
-0.100118
-0.0992667
-0.0986488
-0.0987037
-0.0993491
-0.099967
-0.0999395
-0.0991294
-0.0980172
-0.0973169
-0.0973718
-0.097921
-0.0983192
-0.0981133
-0.0974816
-0.0968363
-0.096287
-0.0956554
-0.0947903
-0.0938154
-0.0928542
-0.0918793
-0.0910829
-0.0909319
-0.0918793
-0.0936781
-0.0954357
-0.0963694
-0.0964381
-0.0961223
-0.0958888
-0.0956829
-0.0952572
-0.0946942
-0.0944196
-0.0946667
-0.0951199
-0.0951199
-0.0944745
-0.0935545
-0.0929503
-0.0929915
-0.093582
-0.0943647
-0.0948315
-0.0946256
-0.093788
-0.0926208
-0.0915223
-0.0908083
-0.090616
-0.0908495
-0.0913163
-0.0918519
-0.0923324
-0.0927306
-0.0929092
-0.092813
-0.0924972
-0.0920853
-0.0916322
-0.0910966
-0.0905749
-0.0902865
-0.0904375
-0.0910829
-0.0919342
-0.0926071
-0.0926895
-0.0921677
-0.0913987
-0.0908769
-0.0907534
-0.0907396
-0.0903826
-0.089545
-0.0885152
-0.0876913
-0.0872382
-0.0870459
-0.0868537
-0.0866477
-0.0866615
-0.0870047
-0.0875265
-0.0878423
-0.0876913
-0.086991
-0.0860298
-0.0851098
-0.0845881
-0.0846018
-0.0851373
-0.0859474
-0.0866203
-0.0868125
-0.0863731
-0.0854943
-0.084643
-0.0840937
-0.0837093
-0.0831325
-0.0823087
-0.0815535
-0.0812651
-0.0815672
-0.0822537
-0.0829403
-0.0833522
-0.0833248
-0.082803
-0.0819517
-0.0810591
-0.0804824
-0.0805923
-0.0815535
-0.0829815
-0.0840525
-0.0840937
-0.0831737
-0.0819654
-0.0811964
-0.0811415
-0.0815809
-0.0819379
-0.0815672
-0.0803451
-0.0787798
-0.0778048
-0.0781344
-0.0797821
-0.0819517
-0.0834484
-0.0834621
-0.0820066
-0.0798096
-0.0778598
-0.0770084
-0.0776126
-0.0790406
-0.0800293
-0.0795075
-0.0776675
-0.0756902
-0.0748526
-0.0755667
-0.0772693
-0.0790818
-0.0802902
-0.0806335
-0.0801666
-0.0790544
-0.0777087
-0.0767475
-0.0768162
-0.0779833
-0.0795075
-0.0804275
-0.0802627
-0.0793702
-0.0783541
-0.077695
-0.0774753
-0.0775989
-0.0779422
-0.078258
-0.0782854
-0.0780108
-0.0776538
-0.0775439
-0.0778598
-0.0785326
-0.0792878
-0.0797821
-0.0797547
-0.0791093
-0.0781893
-0.0774204
-0.0770908
-0.077132
-0.0770908
-0.0766377
-0.0758275
-0.075141
-0.0749488
-0.0751685
-0.0754705
-0.0756902
-0.0757452
-0.075498
-0.0749625
-0.0743995
-0.0742347
-0.0746467
-0.0754156
-0.0761708
-0.0765416
-0.0762807
-0.0753607
-0.0739738
-0.0725321
-0.0715571
-0.0715571
-0.072587
-0.0741112
-0.0754293
-0.0761708
-0.0764043
-0.0762669
-0.0757864
-0.0750037
-0.0740288
-0.0730538
-0.0721339
-0.0712825
-0.0705273
-0.0699231
-0.069621
-0.0699506
-0.0710903
-0.0725458
-0.0733834
-0.0729303
-0.0714473
-0.0698407
-0.0690718
-0.0696622
-0.0714885
-0.073864
-0.0758001
-0.0763905
-0.0754019
-0.0734932
-0.0719004
-0.0716121
-0.0725183
-0.0735619
-0.0736855
-0.0728479
-0.0718043
-0.0712276
-0.0711315
-0.0711177
-0.0710903
-0.0712001
-0.0715846
-0.0719691
-0.0719142
-0.0711177
-0.069676
-0.0681655
-0.0671632
-0.0669023
-0.0671357
-0.067479
-0.0677124
-0.0676712
-0.0673005
-0.0667924
-0.0665178
-0.0668611
-0.0678223
-0.0691542
-0.0704998
-0.0714336
-0.0715983
-0.0708431
-0.0695112
-0.0682067
-0.0674515
-0.0673554
-0.0675339
-0.0674927
-0.0671494
-0.0669435
-0.0675064
-0.0687972
-0.0701566
-0.0708981
-0.0709118
-0.0703488
-0.0692915
-0.0677673
-0.0662294
-0.0654056
-0.065639
-0.0667375
-0.0680282
-0.0687011
-0.0681243
-0.0664629
-0.0647053
-0.0641148
-0.0651035
-0.0669847
-0.0685226
-0.0688933
-0.0680557
-0.06671
-0.0656939
-0.0654605
-0.0658862
-0.0665178
-0.0670259
-0.0673554
-0.0676575
-0.067987
-0.0680557
-0.0675614
-0.0665315
-0.0654605
-0.0648426
-0.0647465
-0.0648701
-0.0649662
-0.0650486
-0.0650623
-0.0647877
-0.0641698
-0.0635793
-0.0634695
-0.0639089
-0.064568
-0.0651035
-0.0653232
-0.0653232
-0.0653232
-0.0655566
-0.0659548
-0.0662432
-0.0662294
-0.0659548
-0.065488
-0.0647739
-0.0639363
-0.0633871
-0.0633734
-0.0637441
-0.0640736
-0.0642522
-0.0643895
-0.0644719
-0.0642933
-0.0637441
-0.062879
-0.0618767
-0.0610665
-0.0608468
-0.0615196
-0.0627555
-0.0637304
-0.0638539
-0.0633596
-0.0629889
-0.0633596
-0.0643208
-0.0650623
-0.0647739
-0.0634283
-0.0618217
-0.0609017
-0.0609704
-0.0617393
-0.0628653
-0.0641698
-0.0652957
-0.065639
-0.0647739
-0.0629477
-0.0609841
-0.0597758
-0.0595973
-0.0599543
-0.0601603
-0.0598307
-0.0591167
-0.0582928
-0.0575513
-0.0571531
-0.0573866
-0.0583615
-0.0596797
-0.060682
-0.0607919
-0.0599955
-0.0585537
-0.0570295
-0.0559722
-0.0558212
-0.0566313
-0.0580319
-0.0593913
-0.0601877
-0.0602015
-0.0596659
-0.0590343
-0.0586498
-0.05854
-0.0585674
-0.0586498
-0.0587185
-0.0586498
-0.058334
-0.0578946
-0.0576886
-0.0579633
-0.0585949
-0.0592265
-0.0595698
-0.0595973
-0.0595561
-0.0596247
-0.0596522
-0.0592265
-0.0582242
-0.0571669
-0.0567961
-0.0573728
-0.0583889
-0.0591304
-0.0592128
-0.0587185
-0.0581692
-0.0580457
-0.0585674
-0.0595424
-0.060682
-0.0617531
-0.062522
-0.0628104
-0.0625358
-0.0615608
-0.0597621
-0.0573866
-0.0553131
-0.0546952
-0.0559448
-0.0581555
-0.0598994
-0.0602289
-0.0591579
-0.0573179
-0.055423
-0.0541735
