LECROYHDO9204-MSöv,30454,Waveform
Segments,1,SegmentSize,2002
Ampl
-0.0152867
-0.0152043
-0.0153004
-0.0153554
-0.0150807
-0.0144903
-0.0140509
-0.014202
-0.0148473
-0.0153004
-0.0149297
-0.0138724
-0.0128151
-0.0123482
-0.0125267
-0.0129524
-0.0130897
-0.0126778
-0.0117715
-0.0108653
-0.010522
-0.0109339
-0.0117303
-0.0122796
-0.0122384
-0.011799
-0.0114145
-0.0113047
-0.0113047
-0.0111536
-0.010879
-0.0107692
-0.0110026
-0.0114283
-0.0117166
-0.0117166
-0.0114283
-0.0109614
-0.0104396
-0.0100689
-0.00997274
-0.0101375
-0.0104259
-0.0107829
-0.0111674
-0.0114832
-0.0116342
-0.0118127
-0.012307
-0.0130897
-0.0137351
-0.0138037
-0.0133506
-0.0129387
-0.0130348
-0.0137076
-0.0145452
-0.0151082
-0.0152867
-0.0152318
-0.0152043
-0.0151631
-0.0148473
-0.0141333
-0.0133369
-0.0130623
-0.0136664
-0.0149297
-0.0161106
-0.0163715
-0.015424
-0.0136802
-0.01195
-0.0108515
-0.0104808
-0.0105906
-0.0110026
-0.0117441
-0.0128426
-0.0140509
-0.0149572
-0.0152181
-0.0148473
-0.0141882
-0.0135978
-0.0131172
-0.0125954
-0.012005
-0.0114694
-0.0111674
-0.0111124
-0.0111811
-0.0111948
-0.0111399
-0.0110987
-0.0111811
-0.0113047
-0.0112223
-0.0109477
-0.0108927
-0.0114008
-0.0121697
-0.0124444
-0.0118814
-0.010879
-0.0103023
-0.010728
-0.0121011
-0.01379
-0.0149846
-0.0151357
-0.0142706
-0.0130211
-0.0121972
-0.0122796
-0.0131309
-0.0141196
-0.0146002
-0.0142569
-0.013227
-0.0119638
-0.010879
-0.0102062
-0.0101512
-0.0108241
-0.0121423
-0.0135291
-0.0143255
-0.0143255
-0.01379
-0.013076
-0.0123208
-0.011593
-0.01103
-0.0107005
-0.010673
-0.0109202
-0.0113459
-0.0119638
-0.0127876
-0.0135703
-0.0138312
-0.0132957
-0.0122521
-0.0113184
-0.0109339
-0.0110026
-0.0112772
-0.0115244
-0.0117853
-0.0120599
-0.0122933
-0.0124718
-0.0127053
-0.0131172
-0.0136802
-0.0140921
-0.0139685
-0.013282
-0.012513
-0.0123482
-0.0128563
-0.0133918
-0.0132408
-0.0121972
-0.0107692
-0.00969812
-0.00951961
-0.0102336
-0.0113733
-0.0122384
-0.012362
-0.0117715
-0.0108653
-0.0102886
-0.0105906
-0.0118265
-0.0135154
-0.0149022
-0.0154927
-0.0152593
-0.0145315
-0.013584
-0.0126366
-0.0117303
-0.0109889
-0.0106456
-0.0107966
-0.0111399
-0.0110163
-0.00998648
-0.00844858
-0.00732262
-0.00725397
-0.00805038
-0.0092038
-0.0103709
-0.0115656
-0.0128563
-0.0141333
-0.0151219
-0.0154652
-0.0149709
-0.0137076
-0.01195
-0.0101101
-0.00872321
-0.00817396
-0.00859962
-0.00986289
-0.0115518
-0.0131858
-0.0143255
-0.0148336
-0.0149022
-0.0149022
-0.0150807
-0.0153966
-0.0155201
-0.0153004
-0.0147924
-0.0143118
-0.0139823
-0.0138312
-0.0138312
-0.0140372
-0.0144217
-0.0148061
-0.0148885
-0.0144354
-0.0135703
-0.0128288
-0.0126778
-0.0131172
-0.0137763
-0.014353
-0.0147237
-0.0147375
-0.0142569
-0.0134879
-0.0129524
-0.0131309
-0.0138587
-0.0145315
-0.0145452
-0.0138861
-0.0130211
-0.0125817
-0.01287
-0.0135154
-0.0138449
-0.0134055
-0.0122384
-0.010879
-0.0100689
-0.0103847
-0.0116342
-0.01287
-0.0132682
-0.0129112
-0.0124856
-0.0124032
-0.0124444
-0.0123208
-0.0121011
-0.0120599
-0.0122247
-0.012362
-0.0122933
-0.0119775
-0.0115106
-0.0110438
-0.0105906
-0.0101375
-0.00973931
-0.00961573
-0.00993155
-0.0104121
-0.0105495
-0.0100963
-0.00940977
-0.0089841
-0.00880559
-0.00850351
-0.00795426
-0.00756979
-0.0078856
-0.00910768
-0.0108378
-0.0122521
-0.0126366
-0.0118265
-0.0104945
-0.00961573
-0.00968439
-0.010522
-0.011593
-0.012513
-0.0130485
-0.0130211
-0.0123894
-0.0114557
-0.0106044
-0.0101924
-0.0102611
-0.010522
-0.0106044
-0.0103572
-0.00979424
-0.00906649
-0.00835246
-0.00789933
-0.00794053
-0.008325
-0.00851724
-0.00813276
-0.00729516
-0.00651248
-0.00627905
-0.00688323
-0.00816023
-0.00958827
-0.0106593
-0.011236
-0.0114694
-0.011442
-0.0111811
-0.0108378
-0.010673
-0.0106181
-0.0103984
-0.00991782
-0.00950588
-0.00957454
-0.0101787
-0.0110712
-0.0119088
-0.0125267
-0.0128288
-0.0128975
-0.012925
-0.0130348
-0.0132408
-0.0134467
-0.0135429
-0.0133781
-0.01287
-0.0123482
-0.0121285
-0.0122247
-0.0123208
-0.0121835
-0.0119088
-0.0116617
-0.0114694
-0.011442
-0.0118402
-0.0127739
-0.0138312
-0.0142981
-0.0139273
-0.013227
-0.0130073
-0.0136664
-0.0147375
-0.015424
-0.0153691
-0.014916
-0.0144628
-0.0139823
-0.0131584
-0.0120599
-0.0111811
-0.0109751
-0.0113596
-0.0120187
-0.0126091
-0.0129387
-0.0128563
-0.0125817
-0.0124444
-0.0126915
-0.0131996
-0.0137763
-0.0142569
-0.0145452
-0.0144217
-0.01379
-0.0126915
-0.0114694
-0.0105083
-0.0100551
-0.0101512
-0.0105495
-0.0109614
-0.0111811
-0.0111948
-0.0111262
-0.0111399
-0.0114008
-0.0118539
-0.0122521
-0.0123757
-0.0122109
-0.0119775
-0.0119363
-0.0123482
-0.0133918
-0.0148748
-0.0161792
-0.0167148
-0.0165912
-0.0164539
-0.0167285
-0.0173052
-0.0177995
-0.0178956
-0.0175249
-0.0167422
-0.0158222
-0.0151357
-0.0147924
-0.0146414
-0.0145864
-0.0148748
-0.0157536
-0.0170855
-0.0181703
-0.0182938
-0.0173876
-0.0161655
-0.0155476
-0.015781
-0.0162891
-0.0163852
-0.0160557
-0.015781
-0.0157673
-0.0158772
-0.0160557
-0.0165912
-0.017621
-0.0186234
-0.0189255
-0.0184998
-0.0179368
-0.017827
-0.0181016
-0.0184312
-0.0188431
-0.0199004
-0.0221111
-0.0252693
-0.0285236
-0.0311325
-0.0330961
-0.0351695
-0.0382727
-0.0430512
-0.0494911
-0.0568922
-0.0641698
-0.0705273
-0.0760884
-0.0816221
-0.0878423
-0.0947903
-0.101999
-0.10881
-0.114742
-0.119877
-0.124875
-0.13067
-0.137645
-0.145321
-0.152942
-0.16011
-0.167126
-0.1745
-0.182382
-0.190318
-0.197692
-0.2042
-0.209913
-0.215007
-0.219634
-0.223905
-0.227832
-0.231196
-0.233887
-0.236235
-0.238844
-0.242112
-0.24571
-0.248648
-0.250063
-0.249774
-0.248291
-0.246287
-0.24435
-0.242895
-0.242085
-0.241728
-0.241316
-0.24041
-0.239009
-0.23743
-0.235755
-0.233654
-0.230976
-0.228134
-0.225607
-0.223287
-0.220568
-0.217163
-0.213496
-0.210421
-0.20843
-0.2074
-0.206933
-0.206521
-0.205697
-0.204063
-0.201701
-0.199244
-0.197486
-0.196621
-0.196209
-0.195715
-0.195097
-0.194616
-0.194273
-0.193765
-0.193023
-0.192474
-0.192611
-0.193463
-0.194616
-0.195591
-0.196058
-0.19577
-0.194863
-0.194053
-0.194232
-0.195591
-0.197417
-0.198818
-0.199491
-0.19971
-0.199999
-0.200672
-0.201839
-0.203322
-0.204818
-0.206123
-0.207166
-0.207894
-0.208114
-0.207867
-0.207565
-0.207977
-0.209501
-0.211766
-0.21384
-0.215007
-0.215117
-0.214416
-0.213318
-0.212247
-0.21167
-0.211931
-0.213112
-0.21476
-0.216119
-0.216394
-0.215364
-0.213428
-0.211451
-0.210311
-0.21038
-0.211341
-0.212467
-0.213002
-0.212686
-0.211753
-0.210764
-0.210311
-0.210682
-0.211629
-0.212467
-0.212535
-0.211698
-0.210434
-0.209322
-0.208526
-0.207977
-0.207771
-0.208141
-0.208965
-0.209611
-0.209514
-0.208663
-0.207633
-0.206933
-0.206645
-0.206535
-0.206384
-0.206123
-0.205725
-0.205313
-0.205162
-0.205519
-0.206192
-0.206754
-0.206837
-0.206411
-0.205574
-0.20442
-0.203088
-0.20199
-0.201605
-0.202209
-0.203486
-0.204873
-0.205999
-0.20696
-0.207867
-0.208636
-0.208842
-0.208279
-0.207098
-0.205766
-0.204654
-0.203912
-0.20361
-0.203692
-0.20394
-0.204118
-0.204077
-0.203885
-0.203638
-0.203404
-0.203226
-0.203212
-0.203432
-0.203981
-0.204818
-0.205683
-0.20626
-0.20626
-0.205711
-0.204818
-0.203953
-0.203294
-0.202704
-0.201921
-0.20085
-0.199944
-0.199779
-0.200534
-0.201811
-0.202978
-0.203665
-0.204036
-0.204489
-0.205162
-0.205656
-0.205313
-0.203871
-0.20177
-0.199903
-0.198914
-0.19879
-0.198914
-0.198612
-0.197802
-0.197033
-0.19706
-0.198076
-0.199463
-0.200383
-0.200452
-0.199971
-0.199573
-0.199559
-0.199779
-0.199765
-0.199298
-0.198557
-0.197953
-0.197898
-0.19842
-0.198983
-0.198887
-0.197939
-0.196648
-0.195811
-0.195797
-0.19636
-0.197005
-0.197307
-0.196978
-0.195811
-0.194039
-0.192378
-0.191678
-0.192144
-0.193174
-0.193957
-0.19419
-0.194053
-0.193847
-0.193518
-0.192776
-0.19154
-0.190222
-0.189481
-0.189824
-0.191005
-0.192076
-0.192103
-0.190881
-0.18911
-0.187751
-0.187393
-0.188176
-0.189687
-0.191115
-0.191678
-0.191087
-0.189673
-0.188025
-0.186501
-0.185279
-0.184524
-0.184551
-0.185554
-0.187297
-0.189179
-0.190483
-0.190744
-0.189934
-0.188437
-0.186803
-0.185471
-0.184771
-0.184949
-0.18602
-0.187435
-0.188341
-0.188121
-0.187009
-0.185801
-0.185155
-0.185183
-0.185595
-0.186158
-0.186803
-0.187393
-0.187531
-0.186872
-0.185512
-0.184071
-0.18337
-0.183768
-0.184922
-0.185965
-0.186171
-0.185334
-0.183782
-0.182025
-0.180487
-0.17932
-0.178413
-0.177589
-0.176834
-0.176491
-0.176862
-0.177878
-0.179004
-0.17958
-0.179306
-0.178276
-0.176752
-0.175173
-0.174143
-0.174184
-0.175214
-0.176573
-0.177425
-0.177535
-0.177301
-0.177068
-0.176779
-0.176148
-0.175145
-0.174088
-0.173278
-0.172838
-0.172674
-0.172509
-0.172138
-0.171575
-0.171067
-0.170861
-0.171026
-0.171438
-0.172069
-0.172756
-0.173182
-0.173044
-0.172275
-0.171163
-0.17023
-0.169941
-0.170408
-0.171218
-0.171809
-0.171809
-0.171136
-0.169818
-0.16795
-0.165849
-0.164243
-0.163886
-0.164998
-0.166948
-0.168719
-0.16957
-0.169378
-0.168595
-0.167813
-0.167318
-0.167016
-0.166632
-0.166096
-0.165506
-0.165025
-0.164902
-0.165286
-0.166083
-0.166783
-0.166961
-0.166577
-0.166028
-0.165726
-0.165739
-0.165973
-0.16622
-0.166247
-0.165794
-0.164833
-0.16357
-0.162348
-0.161565
-0.1614
-0.161648
-0.161826
-0.161593
-0.161167
-0.160961
-0.161126
-0.161428
-0.161634
-0.161771
-0.161895
-0.161922
-0.16173
-0.161359
-0.16092
-0.16059
-0.160467
-0.16059
-0.160782
-0.160769
-0.160329
-0.159533
-0.158544
-0.157514
-0.156526
-0.155716
-0.155208
-0.155057
-0.155153
-0.155359
-0.155661
-0.156155
-0.156869
-0.157665
-0.158187
-0.158228
-0.157665
-0.156581
-0.155029
-0.153217
-0.151569
-0.150415
-0.149839
-0.149674
-0.149825
-0.150237
-0.150704
-0.15091
-0.1508
-0.150731
-0.151116
-0.151816
-0.152187
-0.151555
-0.14999
-0.148205
-0.147175
-0.147326
-0.148328
-0.149344
-0.149729
-0.149399
-0.148754
-0.148301
-0.148411
-0.149111
-0.150017
-0.150663
-0.15091
-0.150855
-0.150457
-0.149495
-0.147916
-0.14609
-0.144648
-0.144072
-0.144401
-0.145211
-0.145925
-0.1462
-0.146063
-0.145692
-0.144937
-0.143591
-0.141737
-0.140007
-0.139183
-0.139568
-0.140913
-0.142602
-0.143989
-0.144497
-0.143948
-0.142822
-0.141833
-0.141435
-0.141586
-0.142012
-0.142369
-0.142355
-0.141943
-0.141463
-0.141325
-0.141518
-0.141627
-0.141215
-0.140241
-0.139183
-0.138744
-0.139293
-0.14035
-0.140858
-0.140172
-0.138648
-0.137302
-0.13678
-0.136904
-0.137082
-0.136904
-0.136437
-0.136094
-0.136162
-0.136547
-0.136835
-0.13678
-0.136437
-0.136066
-0.136053
-0.136698
-0.138002
-0.13943
-0.140144
-0.139458
-0.137453
-0.135036
-0.13343
-0.133334
-0.13457
-0.136313
-0.137714
-0.138401
-0.138373
-0.13759
-0.136039
-0.134089
-0.132592
-0.132373
-0.133526
-0.13527
-0.136451
-0.136286
-0.134734
-0.132441
-0.130285
-0.129008
-0.128789
-0.129379
-0.13034
-0.131219
-0.131604
-0.131302
-0.130546
-0.129901
-0.129709
-0.129901
-0.130066
-0.129874
-0.129228
-0.128473
-0.128075
-0.128418
-0.129558
-0.131096
-0.132373
-0.132826
-0.132167
-0.130642
-0.12894
-0.1278
-0.127663
-0.128322
-0.129187
-0.129654
-0.129393
-0.128445
-0.127127
-0.125864
-0.124985
-0.124587
-0.124381
-0.12412
-0.123955
-0.124422
-0.125933
-0.128075
-0.129764
-0.130093
-0.129008
-0.12721
-0.125493
-0.124244
-0.123434
-0.122816
-0.122294
-0.122143
-0.122761
-0.124189
-0.125988
-0.127471
-0.12813
-0.1278
-0.126647
-0.125219
-0.124134
-0.123653
-0.123502
-0.123159
-0.122514
-0.121978
-0.121841
-0.122019
-0.122184
-0.122074
-0.121594
-0.12088
-0.120358
-0.120399
-0.120921
-0.121388
-0.121319
-0.120825
-0.120372
-0.120124
-0.119685
-0.118586
-0.116898
-0.115346
-0.114838
-0.115662
-0.117282
-0.118861
-0.119712
-0.11952
-0.118463
-0.117241
-0.116554
-0.116431
-0.116527
-0.116568
-0.116431
-0.115827
-0.11455
-0.112998
-0.112133
-0.112668
-0.114289
-0.115991
-0.116939
-0.11687
-0.116115
-0.115236
-0.114659
-0.114646
-0.115167
-0.116005
-0.116664
-0.116719
-0.11606
-0.115071
-0.114371
-0.114316
-0.114783
-0.115291
-0.115456
-0.115044
-0.114069
-0.112847
-0.111872
-0.11146
-0.111529
-0.11168
-0.111584
-0.111227
-0.110705
-0.110169
-0.109853
-0.110128
-0.111048
-0.11216
-0.112655
-0.112064
-0.110609
-0.108865
-0.107396
-0.106421
-0.106036
-0.106187
-0.106723
-0.107341
-0.107753
-0.107849
-0.107739
-0.107602
-0.107615
-0.107904
-0.108398
-0.108906
-0.109126
-0.108851
-0.108137
-0.107217
-0.106325
-0.105638
-0.105212
-0.105061
-0.105102
-0.105212
-0.105171
-0.104869
-0.104361
-0.103839
-0.103468
-0.103125
-0.102631
-0.102013
-0.101587
-0.101725
-0.102384
-0.103057
-0.10318
-0.102727
-0.10215
-0.101903
-0.101848
-0.101395
-0.100187
-0.0986351
-0.0976876
-0.0980446
-0.0996374
-0.10167
-0.103084
-0.103221
-0.10215
-0.100516
-0.0990195
-0.0978798
-0.0969187
-0.0960536
-0.0955318
-0.0955867
-0.0962184
-0.097207
-0.0983192
-0.0992255
-0.0995551
-0.0991019
-0.097921
-0.096342
-0.0948315
-0.0940763
-0.0945157
-0.0960673
-0.097976
-0.0994864
-0.100379
-0.100983
-0.101601
-0.102137
-0.102095
-0.101175
-0.0996237
-0.0982781
-0.0978524
-0.0983192
-0.0992255
-0.100036
-0.100503
-0.100557
-0.100351
-0.1002
-0.100283
-0.100406
-0.100104
-0.0991568
-0.0977975
-0.0964106
-0.0952709
-0.0945294
-0.0942273
-0.0943235
-0.0945569
-0.0946393
-0.0945157
-0.0944333
-0.0946393
-0.0951336
-0.0955867
-0.0956691
-0.0952297
-0.094502
-0.0938566
-0.093582
-0.0937193
-0.0940214
-0.0942548
-0.0942823
-0.0942273
-0.0943097
-0.0946118
-0.0949826
-0.0949826
-0.0943097
-0.0928954
-0.0910692
-0.0893253
-0.0883916
-0.0887898
-0.0904101
-0.0924148
-0.0937193
-0.0937056
-0.0924423
-0.0905886
-0.0891331
-0.0888035
-0.0896137
-0.0908495
-0.0916322
-0.0916596
-0.0913575
-0.0914399
-0.0921951
-0.0931838
-0.0937468
-0.0936232
-0.0932387
-0.0930053
-0.0928542
-0.0923462
-0.091385
-0.0903689
-0.0898196
-0.0898883
-0.0902728
-0.0905611
-0.0906984
-0.0909868
-0.0916871
-0.0926757
-0.0932387
-0.092662
-0.0907946
-0.0881719
-0.0857003
-0.0842997
-0.0845331
-0.086277
-0.0887349
-0.0909044
-0.0921539
-0.0922775
-0.091385
-0.0899569
-0.0887211
-0.0881994
-0.0883092
-0.0885014
-0.0883779
-0.0879797
-0.0876638
-0.0876226
-0.0877325
-0.0875265
-0.0866203
-0.0851922
-0.0839427
-0.0834758
-0.0838191
-0.0845331
-0.085357
-0.086483
-0.088062
-0.0896549
-0.0903826
-0.0898608
-0.0885426
-0.0873892
-0.0869498
-0.0870597
-0.0872656
-0.0872931
-0.0872107
-0.0870597
-0.0867301
-0.0860985
-0.0853158
-0.0846842
-0.0844507
-0.0846018
-0.0848764
-0.0848901
-0.0843821
-0.0835445
-0.0828579
-0.0826245
-0.0827618
-0.0829952
-0.0832287
-0.0834896
-0.0836406
-0.0834072
-0.0827343
-0.0819379
-0.081375
-0.0811553
-0.0812514
-0.0814985
-0.0817732
-0.0819242
-0.0819379
-0.0818418
-0.0814985
-0.080757
-0.0797135
-0.0788896
-0.0788072
-0.0795762
-0.0805648
-0.0808806
-0.0800018
-0.0782854
-0.0768162
-0.0765965
-0.0778048
-0.0796997
-0.0813338
-0.0820066
-0.0815672
-0.0802627
-0.0787523
-0.0777636
-0.0777636
-0.0786836
-0.0800842
-0.0814161
-0.0822537
-0.0824185
-0.0820066
-0.081375
-0.0808669
-0.0805785
-0.0803176
-0.079892
-0.0792878
-0.078615
-0.078052
-0.0777362
-0.0778048
-0.0783129
-0.0790681
-0.0796174
-0.0795487
-0.0788072
-0.0778872
-0.0774341
-0.0776126
-0.0780795
-0.0783129
-0.0780657
-0.0774066
-0.0764729
-0.0755392
-0.0748252
-0.074427
-0.0742759
-0.0742622
-0.0743171
-0.074427
-0.0746604
-0.0751135
-0.0758413
-0.0766926
-0.0772968
-0.077338
-0.0767338
-0.0757864
-0.0749899
-0.0747565
-0.0750998
-0.0755255
-0.0756216
-0.0754568
-0.0753332
-0.0753607
-0.0752508
-0.0749076
-0.074578
-0.0746055
-0.0750449
-0.0755941
-0.0758138
-0.0754019
-0.0745231
-0.0738228
-0.0738915
-0.0746467
-0.0753882
-0.0754431
-0.0748252
-0.0740837
-0.0737404
-0.0738228
-0.07407
-0.0740974
-0.073658
-0.072793
-0.071818
-0.0711727
-0.0710216
-0.0712276
-0.0716533
-0.0722849
-0.0731088
-0.0739189
-0.0743034
-0.0739876
-0.0732324
-0.0727655
-0.0730538
-0.0737816
-0.0741386
-0.0738228
-0.0732186
-0.0728204
-0.0726556
-0.0724634
-0.072024
-0.0714473
-0.0709942
-0.0709392
-0.0712825
-0.0715983
-0.071516
-0.0711727
-0.0712413
-0.0720377
-0.0730813
-0.0734795
-0.0728341
-0.0717219
-0.070953
-0.0709942
-0.0715983
-0.0722437
-0.0725321
-0.0724222
-0.072024
-0.07131
-0.0702252
-0.0689757
-0.0680832
-0.0680694
-0.0688796
-0.0700055
-0.0708019
-0.0708843
-0.0700879
-0.0686736
-0.0671632
-0.0660784
-0.0657214
-0.0660784
-0.0668062
-0.0672318
-0.0668473
-0.065845
-0.0649662
-0.0648151
-0.0653918
-0.0664629
-0.0677124
-0.0686736
-0.0687148
-0.0675888
-0.0657626
-0.0640325
-0.0629202
-0.0625632
-0.0629065
-0.0637166
-0.0643757
-0.0643483
-0.0636342
-0.0628104
-0.062522
-0.0630026
-0.0639363
-0.0647327
-0.064925
-0.0643071
-0.0630026
-0.0613823
-0.0599131
-0.0590892
-0.0591716
-0.0599818
-0.0609979
-0.0615883
-0.0614647
-0.0607782
-0.0599268
-0.0593227
-0.0592403
-0.0597209
-0.0604898
-0.0610528
-0.0610528
-0.0604349
-0.0594325
-0.0585537
-0.0584164
-0.0591716
-0.0602701
-0.0609704
-0.0609704
-0.0604898
-0.0599406
-0.059611
-0.0594737
-0.0593364
-0.0589794
-0.0585262
-0.05854
-0.0595149
-0.0613549
-0.0632772
-0.0643757
-0.0642247
-0.0630163
-0.0615196
-0.0605997
-0.0605997
-0.0611214
-0.061451
-0.0610116
-0.059817
-0.0584301
-0.0577298
-0.0583203
-0.0598444
-0.0611764
-0.0614098
-0.0605859
-0.0592952
-0.0579083
-0.0564391
-0.0550797
-0.0543932
-0.0547364
-0.0559448
-0.0574689
-0.058897
-0.0600779
-0.0608605
-0.0609017
-0.0599543
-0.0582379
-0.0566176
-0.0560409
-0.0567
-0.0580457
-0.0592677
-0.0598582
-0.0595698
-0.0583477
-0.056549
-0.0549149
-0.0540361
-0.053995
-0.0545167
-0.0553818
-0.0563842
-0.0571119
-0.0570982
-0.0562743
-0.0551896
-0.0544618
-0.0542421
-0.0542147
-0.053995
-0.0536105
-0.0535967
-0.054503
-0.0562194
-0.0579358
-0.0588421
-0.0587459
-0.0580045
-0.0570845
-0.0562057
-0.055423
-0.0546678
-0.0539263
-0.0533221
-0.05302
-0.0530612
-0.0533908
-0.053995
-0.0546952
-0.0550523
-0.0546403
-0.0535144
-0.0521687
-0.0511114
-0.050521
-0.0505072
-0.0511251
-0.0520863
-0.0528965
-0.0531299
-0.0529651
-0.0529788
-0.0536242
-0.0547639
-0.0556976
-0.0558349
-0.0552033
-0.054503
-0.0545167
-0.0554367
-0.0567
-0.0573591
-0.0567137
-0.0547502
-0.0521138
-0.0497932
-0.0485711
-0.0486535
-0.0495598
-0.0504935
-0.0509466
-0.0509466
-0.0508505
-0.0509878
-0.0514135
-0.0518529
-0.0519627
-0.0518803
-0.0519765
-0.0523335
-0.0526356
-0.0524983
-0.0519353
-0.0512487
-0.0507407
-0.0506171
-0.0510153
-0.0516469
-0.0518392
-0.0510839
-0.049601
-0.0482278
-0.0477747
-0.0483789
-0.0494774
-0.0501777
-0.0499031
-0.0489144
-0.0480768
-0.0479807
-0.0484338
-0.0488869
-0.0490792
-0.0491616
-0.0493263
-0.0495598
-0.0497383
-0.0497383
-0.0495598
-0.0492165
-0.0488046
-0.0484613
-0.0483652
-0.0486672
-0.0493401
-0.0500404
-0.0503013
-0.0499854
-0.0494362
-0.049038
-0.0489144
-0.0490243
-0.0493813
-0.049958
-0.0504935
-0.0506445
-0.0502738
-0.0495186
-0.0486261
-0.0477885
-0.0472392
-0.0471019
-0.0472117
-0.0472941
-0.0471705
-0.0468685
-0.0465389
-0.0463604
-0.0464291
-0.0465938
-0.046484
-0.0459485
-0.0451933
-0.0446303
-0.0444655
-0.044493
-0.0443968
-0.0441222
-0.0440261
-0.0444792
-0.0454541
-0.0465115
-0.0470607
-0.0469783
-0.0465938
-0.0463879
-0.0465664
-0.0470607
-0.0474726
-0.0474314
-0.0469371
-0.0465389
-0.0467861
-0.0476649
-0.0484613
-0.0485986
-0.0481592
-0.0477747
-0.0478846
-0.0484613
-0.0491478
-0.0494774
-0.0492165
-0.0485986
-0.0480905
-0.0479944
-0.0481729
-0.0483652
-0.0486123
-0.0489419
-0.0490517
-0.0484613
-0.0470882
-0.0455091
-0.0445479
-0.0446989
-0.0458112
-0.0471568
-0.0479807
-0.0480356
-0.0477198
-0.0476511
-0.0480768
-0.0487634
-0.0492577
-0.0492302
-0.0485849
-0.0475001
-0.0464703
-0.0460309
-0.0465115
-0.047761
-0.0490655
-0.049601
-0.0490517
-0.0479807
-0.0473902
-0.0477885
-0.0487496
-0.049395
-0.0491204
-0.0480631
-0.0468273
-0.0460721
-0.0461407
-0.0467311
-0.0470744
-0.0467311
-0.0459897
-0.0455228
-0.0455365
-0.0456052
-0.0451795
-0.0441909
-0.0430787
-0.0424607
-0.0425706
-0.0430787
-0.0434219
-0.0433533
-0.0430237
-0.0427491
-0.0428178
-0.0434906
-0.0448088
-0.0463329
-0.0473628
-0.0475688
-0.0471843
-0.0465938
-0.0459485
-0.0451658
-0.0443968
-0.04393
-0.04393
-0.0442595
-0.0445754
-0.0444243
-0.0435318
-0.0421175
-0.0408817
-0.0405384
-0.0411837
-0.0423097
-0.0433258
-0.0438476
-0.0438201
-0.0435181
-0.0433533
-0.0436828
-0.044438
-0.045358
-0.0461132
-0.0465389
-0.046484
-0.0457562
-0.0443419
-0.0425843
-0.0412112
-0.0410052
-0.0421587
-0.0438751
-0.0448912
-0.0446715
-0.0437789
-0.0432022
-0.043367
-0.0439574
-0.0443557
-0.0440948
-0.0430649
-0.0416094
-0.040456
-0.040305
-0.0413485
-0.0431198
-0.0447401
-0.0453306
-0.0447401
-0.0436004
-0.042859
-0.0429825
-0.0438064
-0.04485
-0.045564
-0.0456052
-0.0447951
-0.0433395
-0.0416781
-0.04025
-0.0392888
-0.0389318
-0.0392065
-0.0398656
-0.0404148
-0.0403873
-0.0398518
-0.0392476
-0.0390554
-0.0395635
-0.0407032
-0.0421175
-0.043161
-0.0434357
-0.0429413
-0.0421037
-0.04117
-0.04025
-0.0393438
-0.0385336
-0.0380256
-0.037902
-0.0381903
-0.038822
-0.0396733
-0.0406345
-0.0415682
-0.0421999
-0.0421724
-0.0412524
-0.0397557
-0.0384787
-0.0381903
-0.038973
-0.0401539
-0.0407993
-0.0404148
-0.039179
-0.0377098
-0.0367486
-0.0366525
-0.0373527
-0.0384375
-0.0393575
-0.0397832
-0.0397145
-0.0392614
-0.0383689
-0.0369271
-0.0352931
-0.0341946
-0.034222
-0.0352656
-0.0366799
-0.0378608
-0.038465
-0.0383963
-0.0377784
-0.0371056
-0.0368722
-0.0372154
-0.0378883
-0.0385199
-0.0387808
-0.0386572
-0.0384512
-0.0384924
-0.0388769
-0.039385
-0.0397557
-0.0397832
-0.0394124
-0.0386984
-0.0378333
-0.0370369
-0.0363504
