LECROYHDO9204-MSöv,30454,Waveform
Segments,1,SegmentSize,2002
Ampl
-0.0133094
-0.0136664
-0.014861
-0.0165774
-0.0180467
-0.01839
-0.017264
-0.0151357
-0.0131584
-0.0124581
-0.0133918
-0.015273
-0.0169757
-0.0177171
-0.0175249
-0.0168795
-0.0163166
-0.0160969
-0.0161655
-0.0164401
-0.0168795
-0.0173601
-0.0176622
-0.0174013
-0.0164401
-0.0149434
-0.0133369
-0.012156
-0.0117441
-0.0120736
-0.0129661
-0.0142431
-0.0155888
-0.0165225
-0.0165637
-0.0157398
-0.0146276
-0.0138999
-0.013639
-0.0135703
-0.0135017
-0.0134742
-0.0135154
-0.0134605
-0.0132545
-0.0131035
-0.0131721
-0.013282
-0.013227
-0.0129524
-0.0125954
-0.0121835
-0.0118265
-0.0117715
-0.0121423
-0.0127876
-0.013282
-0.0133781
-0.0132957
-0.013584
-0.0144903
-0.0157673
-0.016701
-0.0167697
-0.0159321
-0.014559
-0.0130623
-0.0117578
-0.0109339
-0.010879
-0.0116205
-0.01287
-0.0140921
-0.0148748
-0.0151906
-0.0153966
-0.015836
-0.0163852
-0.0165637
-0.0160831
-0.0153004
-0.0148061
-0.0148748
-0.0153691
-0.015987
-0.0164127
-0.0164401
-0.0160145
-0.0153004
-0.0145178
-0.0137763
-0.0132408
-0.0132545
-0.0141058
-0.0154515
-0.0165088
-0.0168383
-0.016701
-0.0167422
-0.017113
-0.01747
-0.0175524
-0.0174288
-0.0172503
-0.0170443
-0.0166873
-0.0162342
-0.0159321
-0.0160282
-0.0163989
-0.0164264
-0.0156025
-0.0141196
-0.0127876
-0.0124306
-0.0131584
-0.0144766
-0.015781
-0.0166186
-0.0168383
-0.0166186
-0.0162204
-0.0157398
-0.0151906
-0.0145727
-0.0139548
-0.0133781
-0.0129661
-0.0131446
-0.0142569
-0.0160557
-0.0177034
-0.0184724
-0.0183213
-0.0176759
-0.0169345
-0.0161243
-0.0153142
-0.0148336
-0.0150258
-0.0159046
-0.0170306
-0.0178407
-0.0179918
-0.0175386
-0.0167697
-0.0161106
-0.015781
-0.0156163
-0.0151494
-0.0140234
-0.0124581
-0.0111948
-0.010879
-0.0115518
-0.0127602
-0.0139685
-0.0148885
-0.015424
-0.0154103
-0.0147512
-0.013584
-0.012307
-0.0113321
-0.0108378
-0.010728
-0.0108378
-0.01103
-0.0113321
-0.0116342
-0.0118127
-0.0118676
-0.0121148
-0.0127739
-0.0136939
-0.0146414
-0.0156849
-0.0168933
-0.0178956
-0.0179231
-0.0166736
-0.0147649
-0.0133094
-0.0130897
-0.0139411
-0.0150258
-0.0154103
-0.0148336
-0.0137626
-0.01287
-0.0123894
-0.0121835
-0.0121835
-0.0124444
-0.0129387
-0.0133369
-0.0133643
-0.013076
-0.0127739
-0.0127876
-0.0133506
-0.0141745
-0.0146002
-0.0141058
-0.0129936
-0.0121972
-0.0124581
-0.0137076
-0.0153279
-0.0165363
-0.0168795
-0.0164401
-0.0158085
-0.0155201
-0.0156025
-0.0155613
-0.015067
-0.0143667
-0.014147
-0.0148336
-0.0160694
-0.0169482
-0.0167285
-0.0155339
-0.0142569
-0.0137626
-0.014147
-0.014861
-0.0153279
-0.0151769
-0.0144079
-0.0133781
-0.0126915
-0.0129524
-0.0140921
-0.0154378
-0.0163028
-0.0166049
-0.0167148
-0.0169482
-0.0171267
-0.0168933
-0.0159321
-0.0144766
-0.013227
-0.0130348
-0.0141058
-0.0158222
-0.0171267
-0.0173601
-0.0166736
-0.0158085
-0.0154378
-0.0155613
-0.0156987
-0.0154927
-0.0152043
-0.0153142
-0.0160557
-0.0172091
-0.0182801
-0.0186097
-0.0178133
-0.0160694
-0.0142569
-0.0134055
-0.0137763
-0.0147787
-0.0156163
-0.0159321
-0.0156987
-0.0151082
-0.0145178
-0.0144903
-0.0153004
-0.0166598
-0.0178133
-0.018184
-0.0177034
-0.0168246
-0.0160557
-0.01563
-0.0154103
-0.0151769
-0.0149022
-0.01471
-0.0146414
-0.0147512
-0.0151494
-0.0158909
-0.0168933
-0.0178819
-0.0186509
-0.0189941
-0.0186509
-0.0174562
-0.0158772
-0.0148061
-0.0148473
-0.0156712
-0.0163303
-0.0159595
-0.0144766
-0.0125817
-0.0114008
-0.0116754
-0.0131172
-0.01471
-0.0156712
-0.0160145
-0.0161518
-0.0161106
-0.0155888
-0.0146002
-0.0137214
-0.0134467
-0.0137076
-0.013996
-0.0139411
-0.0135566
-0.013227
-0.0133232
-0.013996
-0.0150396
-0.0159733
-0.0162754
-0.0157673
-0.0147649
-0.0138999
-0.0135703
-0.0136115
-0.0137214
-0.0138861
-0.0144217
-0.0155476
-0.0170031
-0.0181291
-0.0182252
-0.0170855
-0.0152593
-0.0137351
-0.0131446
-0.0135291
-0.0144217
-0.0153691
-0.0159733
-0.0158634
-0.0148885
-0.013282
-0.0116754
-0.0106593
-0.0106181
-0.0115518
-0.0131172
-0.0146002
-0.0152455
-0.0147512
-0.0134742
-0.0123482
-0.0123208
-0.0137488
-0.0160969
-0.0181977
-0.0190353
-0.0185135
-0.0173464
-0.0163577
-0.0158772
-0.0158085
-0.0159184
-0.0160145
-0.0158497
-0.0153966
-0.0149984
-0.0152318
-0.0162754
-0.0175524
-0.018184
-0.0177995
-0.0168383
-0.0161792
-0.0162204
-0.0166324
-0.016907
-0.0169207
-0.0168109
-0.0166186
-0.0164264
-0.0164951
-0.0169757
-0.0177583
-0.0185273
-0.0191589
-0.0195983
-0.0195159
-0.0184998
-0.0165774
-0.014504
-0.0131584
-0.0128838
-0.0134605
-0.0143942
-0.0152455
-0.0156025
-0.0152455
-0.0143255
-0.0133232
-0.0128151
-0.0130485
-0.0136802
-0.0140921
-0.0141196
-0.014202
-0.0147237
-0.0155201
-0.0159733
-0.0157536
-0.0150533
-0.0143667
-0.013996
-0.0141058
-0.0147237
-0.0157398
-0.0169619
-0.0182389
-0.0193923
-0.0200102
-0.0197494
-0.018747
-0.0176485
-0.0170992
-0.0171404
-0.0173601
-0.0173739
-0.0172777
-0.0174151
-0.0180192
-0.0187744
-0.019104
-0.0185547
-0.01747
-0.0166736
-0.0167422
-0.0176759
-0.0192138
-0.0210538
-0.0229899
-0.024775
-0.0261206
-0.0268758
-0.0272603
-0.028043
-0.0301027
-0.0336865
-0.0383139
-0.0434219
-0.0491066
-0.0558761
-0.0638402
-0.0725595
-0.0814573
-0.0904925
-0.100077
-0.110567
-0.121937
-0.133746
-0.145761
-0.158462
-0.172756
-0.18889
-0.205807
-0.221859
-0.236029
-0.248854
-0.262009
-0.277017
-0.294002
-0.311565
-0.327822
-0.341856
-0.3542
-0.366174
-0.378696
-0.391686
-0.404525
-0.416952
-0.429076
-0.44083
-0.451609
-0.460782
-0.468279
-0.474526
-0.480115
-0.485264
-0.489754
-0.49305
-0.494986
-0.495988
-0.497032
-0.498638
-0.500478
-0.501385
-0.500355
-0.497361
-0.493489
-0.489864
-0.48683
-0.483713
-0.479731
-0.474719
-0.469199
-0.463885
-0.458997
-0.454246
-0.449275
-0.444057
-0.438908
-0.434061
-0.429529
-0.425149
-0.420686
-0.416128
-0.411734
-0.407971
-0.404964
-0.402136
-0.398634
-0.394254
-0.389874
-0.386743
-0.385397
-0.38537
-0.385644
-0.38537
-0.384354
-0.382926
-0.381594
-0.380591
-0.379987
-0.379946
-0.380756
-0.382459
-0.384683
-0.386949
-0.38894
-0.390423
-0.391261
-0.391535
-0.391755
-0.3924
-0.393746
-0.395902
-0.399046
-0.403152
-0.407889
-0.412585
-0.416512
-0.419094
-0.420082
-0.41967
-0.418641
-0.418105
-0.419052
-0.421579
-0.424696
-0.426866
-0.427236
-0.426275
-0.4253
-0.425437
-0.426962
-0.42942
-0.432015
-0.433896
-0.434473
-0.433841
-0.432811
-0.432111
-0.431754
-0.431287
-0.430381
-0.429159
-0.428005
-0.427387
-0.427525
-0.428294
-0.429172
-0.429598
-0.429365
-0.428719
-0.42806
-0.427593
-0.427181
-0.426509
-0.425286
-0.423515
-0.421565
-0.419904
-0.418847
-0.418531
-0.418833
-0.419396
-0.419574
-0.418943
-0.417775
-0.416883
-0.416883
-0.417473
-0.417707
-0.416869
-0.415263
-0.413793
-0.413176
-0.413299
-0.413546
-0.413313
-0.412407
-0.411102
-0.410004
-0.409688
-0.410319
-0.411445
-0.412475
-0.41297
-0.412819
-0.412063
-0.411061
-0.410429
-0.410622
-0.411459
-0.412132
-0.411967
-0.410992
-0.409798
-0.408974
-0.408878
-0.409578
-0.4108
-0.411953
-0.41242
-0.412091
-0.411404
-0.41102
-0.411143
-0.4115
-0.411596
-0.411267
-0.410635
-0.410059
-0.409743
-0.409743
-0.409839
-0.409743
-0.409139
-0.407903
-0.406351
-0.405253
-0.405253
-0.406255
-0.407477
-0.408164
-0.408054
-0.40745
-0.406749
-0.406131
-0.405527
-0.404868
-0.404278
-0.403921
-0.403646
-0.403042
-0.40182
-0.400213
-0.398771
-0.398057
-0.398263
-0.399238
-0.400296
-0.400639
-0.399994
-0.398909
-0.398167
-0.398003
-0.398016
-0.397783
-0.397316
-0.396973
-0.397137
-0.39781
-0.398566
-0.398785
-0.398057
-0.39641
-0.394336
-0.392565
-0.391714
-0.392057
-0.39321
-0.394336
-0.394666
-0.393842
-0.392016
-0.389709
-0.387594
-0.386249
-0.385754
-0.385864
-0.386166
-0.386413
-0.386358
-0.385796
-0.384642
-0.383159
-0.381868
-0.381168
-0.381154
-0.381704
-0.382349
-0.382541
-0.382061
-0.381168
-0.380372
-0.380001
-0.380138
-0.380605
-0.381141
-0.381498
-0.381415
-0.380825
-0.379754
-0.378559
-0.377722
-0.377612
-0.378024
-0.378353
-0.377996
-0.376802
-0.375113
-0.373547
-0.372614
-0.372476
-0.372792
-0.372929
-0.372421
-0.371295
-0.370114
-0.369606
-0.370156
-0.371474
-0.372614
-0.372765
-0.371735
-0.370005
-0.368206
-0.366833
-0.366201
-0.366297
-0.366558
-0.366366
-0.365583
-0.364773
-0.364361
-0.364265
-0.364141
-0.363908
-0.363716
-0.363578
-0.363098
-0.361944
-0.360283
-0.358814
-0.358141
-0.358278
-0.35869
-0.358841
-0.358676
-0.358484
-0.358388
-0.35821
-0.35777
-0.357111
-0.356438
-0.355779
-0.35512
-0.354447
-0.353774
-0.353047
-0.352195
-0.351371
-0.35074
-0.350355
-0.350081
-0.349861
-0.349765
-0.349847
-0.34993
-0.349586
-0.348419
-0.346538
-0.344533
-0.343188
-0.342899
-0.34349
-0.344423
-0.345275
-0.345755
-0.345687
-0.345014
-0.343984
-0.343023
-0.342377
-0.342103
-0.341966
-0.34165
-0.340895
-0.339727
-0.338395
-0.337187
-0.336391
-0.336116
-0.336157
-0.33613
-0.335855
-0.335594
-0.335649
-0.335828
-0.335526
-0.334386
-0.332766
-0.331365
-0.33061
-0.330473
-0.330816
-0.331434
-0.331969
-0.331983
-0.331269
-0.33017
-0.329305
-0.329044
-0.32925
-0.329305
-0.328742
-0.327575
-0.326298
-0.325406
-0.325117
-0.325282
-0.325625
-0.325667
-0.325062
-0.323936
-0.32292
-0.322673
-0.323181
-0.32384
-0.323964
-0.323291
-0.321863
-0.320009
-0.318238
-0.316947
-0.316384
-0.316535
-0.317236
-0.318197
-0.318938
-0.319048
-0.318293
-0.316728
-0.314737
-0.312993
-0.312045
-0.31199
-0.312498
-0.31302
-0.31313
-0.312732
-0.312073
-0.311496
-0.311208
-0.31107
-0.310864
-0.310356
-0.309409
-0.308036
-0.306621
-0.305756
-0.305701
-0.306072
-0.306113
-0.305413
-0.304232
-0.303216
-0.302914
-0.303408
-0.304301
-0.304878
-0.304576
-0.303299
-0.301513
-0.299838
-0.298685
-0.298108
-0.297888
-0.297724
-0.297394
-0.297051
-0.297037
-0.297449
-0.297957
-0.297971
-0.297188
-0.295829
-0.294579
-0.294057
-0.294346
-0.294909
-0.295019
-0.294469
-0.293577
-0.292822
-0.292478
-0.292602
-0.293082
-0.293549
-0.293632
-0.29311
-0.292217
-0.291407
-0.290995
-0.290817
-0.290515
-0.289952
-0.289403
-0.289073
-0.288757
-0.287933
-0.286588
-0.285324
-0.28494
-0.285654
-0.28689
-0.287837
-0.287961
-0.287096
-0.285352
-0.28299
-0.280683
-0.279173
-0.278912
-0.279832
-0.281329
-0.282564
-0.282908
-0.282221
-0.281013
-0.279983
-0.279475
-0.27942
-0.279544
-0.279461
-0.278871
-0.277566
-0.275493
-0.273035
-0.27092
-0.269849
-0.270069
-0.271236
-0.272705
-0.273804
-0.2739
-0.272719
-0.270632
-0.268614
-0.267625
-0.267762
-0.268256
-0.268256
-0.267584
-0.266664
-0.265936
-0.265373
-0.264659
-0.263711
-0.26275
-0.262077
-0.261775
-0.261803
-0.262105
-0.262627
-0.263217
-0.263657
-0.263794
-0.263492
-0.262764
-0.261858
-0.26124
-0.261144
-0.261405
-0.261556
-0.261405
-0.261034
-0.26054
-0.259812
-0.258837
-0.257821
-0.257121
-0.256997
-0.257326
-0.257642
-0.257519
-0.256956
-0.256352
-0.256008
-0.255816
-0.25539
-0.254443
-0.253001
-0.251285
-0.249513
-0.248017
-0.247042
-0.246753
-0.247001
-0.247481
-0.247962
-0.248429
-0.248992
-0.249596
-0.249925
-0.249541
-0.24836
-0.246822
-0.245586
-0.245078
-0.245202
-0.245586
-0.24582
-0.245696
-0.245106
-0.244076
-0.243005
-0.242483
-0.242785
-0.243513
-0.244021
-0.243952
-0.243431
-0.242758
-0.24214
-0.241687
-0.241385
-0.241179
-0.241137
-0.241343
-0.241838
-0.242359
-0.242428
-0.241618
-0.240025
-0.238185
-0.236908
-0.236647
-0.237375
-0.23857
-0.239723
-0.240423
-0.240286
-0.239023
-0.23684
-0.234725
-0.23375
-0.234176
-0.235343
-0.236167
-0.236029
-0.235013
-0.233695
-0.232706
-0.232336
-0.232432
-0.23261
-0.232528
-0.232075
-0.231388
-0.23088
-0.230812
-0.231018
-0.230853
-0.229782
-0.228024
-0.226651
-0.226637
-0.227901
-0.229287
-0.229493
-0.228134
-0.226102
-0.224825
-0.225058
-0.226308
-0.227214
-0.226706
-0.224907
-0.222861
-0.221612
-0.221364
-0.221612
-0.221804
-0.221804
-0.221735
-0.22157
-0.221117
-0.220293
-0.21925
-0.218275
-0.217575
-0.217218
-0.217245
-0.217602
-0.218069
-0.218316
-0.218083
-0.217218
-0.215858
-0.21443
-0.213606
-0.213648
-0.214087
-0.214169
-0.213538
-0.212645
-0.212192
-0.21248
-0.213249
-0.213977
-0.214307
-0.214032
-0.213483
-0.213194
-0.213469
-0.214005
-0.214101
-0.213359
-0.211986
-0.210627
-0.209803
-0.209528
-0.209391
-0.208924
-0.2081
-0.207469
-0.207537
-0.208388
-0.209405
-0.209817
-0.209116
-0.207414
-0.205381
-0.203995
-0.203912
-0.205066
-0.206617
-0.207647
-0.207674
-0.206782
-0.205313
-0.203638
-0.202278
-0.201866
-0.202594
-0.203912
-0.204695
-0.204228
-0.202621
-0.200562
-0.198529
-0.196635
-0.194987
-0.193888
-0.193751
-0.194547
-0.195934
-0.197445
-0.198749
-0.199532
-0.199504
-0.198639
-0.197252
-0.195838
-0.194685
-0.19393
-0.193792
-0.194465
-0.195728
-0.196772
-0.196676
-0.195138
-0.192598
-0.190002
-0.188341
-0.188204
-0.189467
-0.191225
-0.192296
-0.191966
-0.190634
-0.189522
-0.189659
-0.191032
-0.192666
-0.193367
-0.192653
-0.190991
-0.189192
-0.187915
-0.187242
-0.186954
-0.186693
-0.186116
-0.184977
-0.183411
-0.182011
-0.18142
-0.181736
-0.182464
-0.183027
-0.183302
-0.183425
-0.183315
-0.18278
-0.181805
-0.180803
-0.180294
-0.180665
-0.181805
-0.183068
-0.183727
-0.183343
-0.182148
-0.180789
-0.179951
-0.179965
-0.180569
-0.181091
-0.180871
-0.179814
-0.178454
-0.177452
-0.177123
-0.177356
-0.177768
-0.178001
-0.177946
-0.177658
-0.177287
-0.176944
-0.176779
-0.176889
-0.177232
-0.177548
-0.177631
-0.177383
-0.176972
-0.176532
-0.176106
-0.175598
-0.174898
-0.174047
-0.173319
-0.172866
-0.172578
-0.172138
-0.171575
-0.171232
-0.171397
-0.17185
-0.172056
-0.171712
-0.170985
-0.170216
-0.169653
-0.169447
-0.16968
-0.170092
-0.170161
-0.16957
-0.168609
-0.167964
-0.168115
-0.16887
-0.169406
-0.168911
-0.167401
-0.165822
-0.165218
-0.165822
-0.16703
-0.168033
-0.168376
-0.168033
-0.167195
-0.16633
-0.165767
-0.165479
-0.165122
-0.164435
-0.16346
-0.162389
-0.161455
-0.161002
-0.161236
-0.161977
-0.16265
-0.162622
-0.161593
-0.159753
-0.157762
-0.156361
-0.156018
-0.156636
-0.157638
-0.158228
-0.15794
-0.156787
-0.155263
-0.153999
-0.153368
-0.153436
-0.154109
-0.155372
-0.157075
-0.158709
-0.159519
-0.158984
-0.157336
-0.155441
-0.15426
-0.154137
-0.154672
-0.155194
-0.155345
-0.155015
-0.154246
-0.153066
-0.151747
-0.150717
-0.150374
-0.150827
-0.151789
-0.152681
-0.153107
-0.152997
-0.152626
-0.152242
-0.151926
-0.15161
-0.151294
-0.151061
-0.150965
-0.150937
-0.150786
-0.150402
-0.149935
-0.149688
-0.150003
-0.150978
-0.15231
-0.153423
-0.153752
-0.153093
-0.151761
-0.150388
-0.149537
-0.149399
-0.149743
-0.150113
-0.150306
-0.150443
-0.150594
-0.150539
-0.14988
-0.148672
-0.147367
-0.146365
-0.145788
-0.145445
-0.145184
-0.144992
-0.144923
-0.144978
-0.145019
-0.144909
-0.14458
-0.144209
-0.143975
-0.143907
-0.143783
-0.14333
-0.142547
-0.141669
-0.141064
-0.141023
-0.141573
-0.142451
-0.143152
-0.143152
-0.142232
-0.140666
-0.138936
-0.1377
-0.137426
-0.138057
-0.138936
-0.139307
-0.138895
-0.13803
-0.137316
-0.137192
-0.137481
-0.137563
-0.136959
-0.135764
-0.134638
-0.134199
-0.134652
-0.135805
-0.137233
-0.138359
-0.138661
-0.137961
-0.136602
-0.135036
-0.13365
-0.132633
-0.132304
-0.132867
-0.134185
-0.135503
-0.135984
-0.135297
-0.133924
-0.132785
-0.13262
-0.133553
-0.134927
-0.135778
-0.135448
-0.134185
-0.132881
-0.132263
-0.132263
-0.132318
-0.132125
-0.131961
-0.132153
-0.132537
-0.132592
-0.132057
-0.131219
-0.130574
-0.130354
-0.130505
-0.130807
-0.131041
-0.131096
-0.130903
-0.130423
-0.129681
-0.128899
-0.128487
-0.128624
-0.129008
-0.129077
-0.128583
-0.127773
-0.127114
-0.126811
-0.126743
-0.126619
-0.126331
-0.125905
-0.125644
-0.125878
-0.126729
-0.12791
-0.128802
-0.128912
-0.128075
-0.126578
-0.125109
-0.124436
-0.12493
-0.126427
-0.12824
-0.129571
-0.129722
-0.128487
-0.126207
-0.123598
-0.121333
-0.119781
-0.119067
-0.119204
-0.120166
-0.121635
-0.122994
-0.123502
-0.122843
-0.121456
-0.120207
-0.119795
-0.120275
-0.121292
-0.122253
-0.122582
-0.121937
-0.12055
-0.119108
-0.118339
-0.118545
-0.119452
-0.120564
-0.121346
-0.121484
-0.120921
-0.120056
-0.119493
-0.119424
-0.119342
-0.118655
-0.117557
-0.116994
-0.117625
-0.119081
-0.120275
-0.12066
-0.120564
-0.12055
-0.120509
-0.119809
-0.118161
-0.116074
-0.114261
-0.113204
-0.113108
-0.114069
-0.115758
-0.117433
-0.118312
-0.118312
-0.117927
-0.117584
-0.117268
-0.116705
-0.115895
-0.115209
-0.114879
-0.114673
-0.114289
-0.113643
-0.112929
-0.112229
-0.111433
-0.110526
-0.10973
-0.109469
-0.109881
-0.110732
-0.111639
-0.112353
-0.112874
-0.113149
-0.112916
-0.112037
-0.110815
-0.109785
-0.109167
-0.108782
-0.108384
-0.107972
-0.107656
-0.107519
-0.107643
-0.108219
-0.109304
-0.110636
-0.111707
-0.111954
-0.111213
-0.109771
-0.108206
-0.107066
-0.106682
-0.107121
-0.108137
-0.109263
-0.110032
-0.110279
-0.110018
-0.109442
-0.108865
-0.108686
-0.109071
-0.109785
-0.110334
-0.110224
-0.109208
-0.107533
-0.105995
-0.105459
-0.106201
-0.107519
-0.108425
-0.108453
-0.107739
-0.106695
-0.10572
-0.105171
-0.105267
-0.105762
-0.106064
-0.105789
-0.10513
-0.104677
-0.104745
-0.104896
-0.104553
-0.103798
-0.103414
-0.104086
-0.10572
-0.107588
-0.10892
-0.1094
-0.109057
-0.108041
-0.10664
-0.105391
-0.104718
-0.104608
-0.104581
-0.104224
-0.103633
-0.103208
-0.103235
-0.103716
-0.104581
-0.105638
-0.106489
-0.106668
-0.105981
-0.104677
-0.103249
-0.102274
-0.102068
-0.10259
-0.103262
-0.103414
-0.102658
-0.101258
-0.100049
-0.0999258
-0.101065
-0.102645
-0.103482
-0.103057
-0.101821
-0.100818
-0.100667
-0.10123
-0.101766
-0.101615
-0.100654
-0.0993079
-0.0981957
-0.0976327
-0.0974679
-0.097413
-0.0972757
-0.0971796
-0.0972894
-0.0976464
-0.0980995
-0.0984016
-0.0984016
-0.0979897
-0.097207
-0.0961634
-0.0953258
-0.0952572
-0.0960536
-0.0971796
-0.09777
-0.0975091
-0.0967539
-0.0961497
-0.0961497
-0.0968363
-0.09777
-0.0981682
-0.0974679
-0.0958614
-0.0941587
-0.0931151
-0.0929503
-0.0934859
-0.0943509
-0.0950924
-0.095367
-0.0952023
-0.0947903
-0.0942411
-0.0935271
-0.0927856
-0.0923599
-0.0924698
-0.0930053
-0.0935957
-0.0939115
-0.0938566
-0.093582
-0.0934859
-0.093788
-0.0943097
-0.0945706
-0.0943372
-0.0937742
-0.09317
-0.0923874
-0.0911241
-0.089339
-0.0875265
-0.0863182
-0.0860985
-0.086785
-0.0878286
-0.0887074
-0.0892155
-0.0894214
-0.0894352
-0.0892979
-0.0890644
-0.0889134
-0.089037
-0.0894626
-0.089902
-0.0898883
-0.0890782
-0.0874991
-0.0857689
-0.0847254
-0.0846842
-0.0852746
-0.0858788
-0.0861946
-0.0863456
-0.0865104
-0.0865516
-0.0861259
-0.0851236
-0.0838878
-0.0830364
-0.0829128
-0.0834072
-0.0841487
-0.0848627
-0.0853433
-0.0854257
-0.0849039
-0.0839015
-0.082803
-0.0821576
-0.0822263
-0.0828717
-0.0838191
-0.0846567
-0.085
-0.0846292
-0.083723
-0.0827755
-0.08224
-0.0821988
-0.0823911
-0.0824323
-0.0821302
-0.0815397
-0.0809218
-0.0805099
-0.080455
-0.0806884
-0.0809905
-0.0811003
-0.0810866
-0.0812651
-0.0817869
-0.0824323
-0.0828167
-0.0828854
-0.0828579
-0.0829128
-0.0830502
-0.0831463
-0.0830914
-0.0827893
-0.0820203
-0.0807159
-0.0790681
-0.0776126
-0.0768986
-0.0771595
-0.0782305
-0.0795075
-0.0802902
-0.0801666
-0.0792054
-0.0778323
-0.0766514
-0.0761708
-0.0765416
-0.0772968
-0.0776675
-0.0772144
-0.0760747
-0.0748252
-0.0741112
-0.0744544
-0.0759511
-0.0781756
-0.0801666
-0.0809218
-0.0801529
-0.0785189
-0.0771457
-0.0766926
-0.0769123
-0.0770908
-0.0767475
-0.0759923
-0.0752783
-0.0749625
-0.0750723
-0.0754156
-0.0757177
-0.075704
-0.0753058
-0.074578
-0.0736855
-0.0728204
-0.0721751
-0.0719965
-0.0724085
-0.0732598
-0.0741523
-0.0747428
-0.0749762
-0.0750998
-0.075292
-0.0756216
-0.0760198
-0.0763493
-0.0765553
-0.076624
-0.0764317
-0.0758275
-0.0747977
-0.0737679
-0.0732735
-0.0734795
-0.0739464
-0.0741935
-0.0740013
-0.0734795
-0.0728753
-0.0724909
-0.0724771
-0.0727518
-0.0731225
-0.0733697
-0.0733971
-0.0730813
-0.072381
-0.0715297
-0.0709942
-0.0712276
-0.0722437
-0.0734658
-0.0741386
-0.0737953
-0.0726145
-0.07131
-0.070596
-0.0707058
-0.0712276
-0.0715846
-0.0715571
-0.0713237
-0.0711315
-0.0710079
-0.0708157
-0.0705548
-0.0704312
-0.0706646
-0.0711727
-0.0716258
-0.0717906
-0.071818
-0.0720103
-0.0723124
-0.0722437
-0.0714336
-0.0700055
-0.0685775
-0.0677811
-0.0677124
-0.0680008
-0.0681655
-0.0681381
-0.0682067
-0.0686599
-0.0694014
-0.0701428
-0.0709392
-0.0718867
-0.0727518
-0.0728891
-0.0720377
-0.0706646
-0.0695936
-0.0691267
-0.0690306
-0.0688933
-0.06855
-0.0680557
-0.0676438
-0.067685
-0.0683578
-0.0695249
-0.0707882
-0.0717631
-0.0723261
-0.0725321
-0.0724497
-0.0719691
-0.0710491
-0.0698545
-0.0688109
-0.0682205
-0.0680282
-0.0680282
-0.0681106
-0.0683166
-0.0686736
-0.0691679
-0.0698133
-0.0703763
-0.0704587
-0.0698682
-0.0689757
-0.0684264
-0.0685637
-0.0689208
-0.0687834
-0.0678223
-0.0663393
-0.0648975
-0.0640462
-0.0640736
-0.0649524
-0.0662432
-0.0675064
-0.0684951
-0.0691267
-0.069264
-0.0687972
-0.0679047
-0.0670808
-0.0666688
-0.0667924
-0.0672318
-0.0676712
-0.0679321
-0.0682067
-0.0686736
-0.0690169
-0.0684539
-0.0665315
-0.0638539
-0.0617943
-0.0613549
-0.0625769
-0.0646916
-0.06671
-0.067987
-0.0682891
-0.0677811
-0.0666963
-0.0652683
-0.0639775
-0.0633734
