LECROYHDO9204-MSöv,30454,Waveform
Segments,1,SegmentSize,2002
Ampl
-0.0134467
-0.0130073
-0.0123482
-0.0116479
-0.0111948
-0.0110712
-0.0112086
-0.0115518
-0.0120736
-0.0125679
-0.012719
-0.0124169
-0.0118539
-0.0113733
-0.0111399
-0.0111811
-0.0114557
-0.0119088
-0.0123482
-0.0124856
-0.0121423
-0.0113733
-0.0106181
-0.0103847
-0.0108515
-0.011799
-0.0127876
-0.0135429
-0.0140234
-0.0142569
-0.0142569
-0.0141333
-0.013996
-0.0139273
-0.0137488
-0.0134467
-0.0133232
-0.0137626
-0.0148748
-0.016193
-0.0170306
-0.0170718
-0.0163715
-0.0152867
-0.0141745
-0.0133918
-0.0132133
-0.0136527
-0.0144079
-0.0150121
-0.0152455
-0.0153828
-0.0158772
-0.0168521
-0.0178544
-0.0182389
-0.0176622
-0.0163166
-0.0147237
-0.0135703
-0.0132408
-0.0134742
-0.013639
-0.0134742
-0.0133643
-0.0137351
-0.0144628
-0.015067
-0.0152181
-0.0150396
-0.0148061
-0.0148473
-0.0152181
-0.0156437
-0.0156163
-0.014916
-0.0137626
-0.0124856
-0.0112497
-0.0102886
-0.00989036
-0.0102748
-0.0112772
-0.0124856
-0.0135429
-0.0142981
-0.0147924
-0.0149984
-0.0148473
-0.0143942
-0.0139273
-0.0138312
-0.014202
-0.0146139
-0.0144628
-0.0135978
-0.0125954
-0.0121148
-0.0123208
-0.0128151
-0.0131584
-0.0132408
-0.0132545
-0.0135291
-0.0142569
-0.0153279
-0.016344
-0.0168795
-0.0168109
-0.0163989
-0.0160282
-0.0159321
-0.0159595
-0.0157948
-0.0152455
-0.0143942
-0.013584
-0.013076
-0.0130348
-0.0134055
-0.0139273
-0.014202
-0.0140097
-0.013639
-0.0135978
-0.0140784
-0.0146002
-0.0146414
-0.0140234
-0.0130485
-0.0120599
-0.0113733
-0.0112635
-0.0118265
-0.0128288
-0.01379
-0.0142294
-0.0139273
-0.0129936
-0.0118951
-0.0110987
-0.0108653
-0.0112086
-0.0120324
-0.0130623
-0.0137626
-0.013639
-0.0128426
-0.0119775
-0.0115656
-0.0114969
-0.0115656
-0.0118539
-0.0126915
-0.0140372
-0.0153142
-0.0157124
-0.0149572
-0.0133643
-0.0116891
-0.010673
-0.010673
-0.011593
-0.0130623
-0.0146002
-0.01563
-0.0157536
-0.0149572
-0.013584
-0.0121835
-0.011236
-0.01103
-0.0115106
-0.0121697
-0.0124718
-0.012362
-0.0122384
-0.0126503
-0.0136939
-0.0149572
-0.0157398
-0.0154927
-0.0142981
-0.0128426
-0.0119638
-0.012005
-0.0125817
-0.0130073
-0.0129524
-0.0125679
-0.0121972
-0.01195
-0.0116205
-0.0108927
-0.0098217
-0.00892917
-0.00886052
-0.00973931
-0.01103
-0.012005
-0.0124856
-0.0127602
-0.0131446
-0.0136802
-0.0141608
-0.0143667
-0.0140921
-0.0134879
-0.0128975
-0.0125679
-0.0124581
-0.012513
-0.0126091
-0.0126091
-0.0124169
-0.0121835
-0.0121972
-0.0126229
-0.013227
-0.0138175
-0.0144217
-0.0151769
-0.0159458
-0.0162891
-0.0157536
-0.0143393
-0.0126229
-0.0114969
-0.0115656
-0.0126915
-0.0141333
-0.0151494
-0.0154103
-0.0151219
-0.0147237
-0.0145864
-0.0148748
-0.0154103
-0.0157948
-0.0155751
-0.0146414
-0.0133369
-0.0122109
-0.0117029
-0.0118539
-0.0124169
-0.0130348
-0.0135017
-0.0139136
-0.0144628
-0.015273
-0.0160694
-0.0163028
-0.0156163
-0.0141333
-0.0126091
-0.0118951
-0.0123208
-0.0135017
-0.0149022
-0.0161381
-0.0171404
-0.0177721
-0.0178407
-0.0172365
-0.0161792
-0.0151494
-0.0145864
-0.0146551
-0.0149984
-0.015067
-0.0144903
-0.0133506
-0.012005
-0.0109614
-0.0107142
-0.0113733
-0.0125542
-0.0135291
-0.0139273
-0.0139273
-0.0137214
-0.0131172
-0.0118539
-0.0101375
-0.00872321
-0.00828381
-0.00897037
-0.0103023
-0.0114283
-0.011799
-0.0115106
-0.0111399
-0.0111536
-0.0115381
-0.0120873
-0.0126366
-0.0129799
-0.0128838
-0.0122796
-0.0112772
-0.0101924
-0.00929992
-0.00888798
-0.0091626
-0.0101101
-0.0114145
-0.0126091
-0.013282
-0.0132408
-0.0126641
-0.0120736
-0.01195
-0.0122521
-0.0124993
-0.0122521
-0.0115244
-0.0107417
-0.0102886
-0.0101375
-0.00993155
-0.00950588
-0.00912141
-0.00924499
-0.00989036
-0.010673
-0.0111948
-0.0114008
-0.0114557
-0.0114557
-0.0114008
-0.0114008
-0.0118539
-0.0129936
-0.0145178
-0.0156849
-0.0157536
-0.0145727
-0.0125817
-0.0106181
-0.00949215
-0.00956081
-0.0105906
-0.0120736
-0.0134879
-0.0145315
-0.0151357
-0.0153828
-0.015273
-0.0146825
-0.0136252
-0.0124993
-0.0118265
-0.0117441
-0.0119088
-0.0120324
-0.0122796
-0.0129387
-0.0138449
-0.0143255
-0.0140097
-0.0132957
-0.0130485
-0.0138587
-0.0153004
-0.0163852
-0.0164264
-0.0155888
-0.014559
-0.0138861
-0.0136939
-0.0139685
-0.014504
-0.0149434
-0.0149022
-0.0143255
-0.0134879
-0.0128014
-0.0124856
-0.0126091
-0.013076
-0.0137351
-0.0143393
-0.0146963
-0.0147375
-0.0146414
-0.01471
-0.0151494
-0.0157948
-0.0162342
-0.0162204
-0.015836
-0.0153416
-0.0148199
-0.0142843
-0.0138175
-0.0135429
-0.0134467
-0.0134193
-0.0134605
-0.0137214
-0.0142706
-0.0149709
-0.0156849
-0.0162754
-0.0165088
-0.0161106
-0.0151631
-0.0142843
-0.0141196
-0.0148061
-0.0159458
-0.0169757
-0.0174013
-0.0169207
-0.0157948
-0.0148748
-0.0149022
-0.0157948
-0.016756
-0.0170306
-0.0166598
-0.0162479
-0.0164401
-0.0173739
-0.0186783
-0.0197356
-0.0201064
-0.0197082
-0.0187058
-0.0174288
-0.0163166
-0.0158085
-0.0161792
-0.0171816
-0.0183213
-0.0190903
-0.0191726
-0.0185273
-0.0174425
-0.0163989
-0.0158497
-0.0159184
-0.0164951
-0.0173052
-0.0180741
-0.0185685
-0.0186783
-0.0185547
-0.0184861
-0.0187882
-0.0198043
-0.0216717
-0.0241159
-0.0266287
-0.0289355
-0.0312836
-0.0341946
-0.0377784
-0.0417605
-0.045921
-0.0504798
-0.0558761
-0.062165
-0.0688796
-0.0753744
-0.0813887
-0.0872244
-0.0935271
-0.100667
-0.108425
-0.116307
-0.123846
-0.130903
-0.137604
-0.144181
-0.150827
-0.157734
-0.165135
-0.173154
-0.181393
-0.189082
-0.19544
-0.200438
-0.20475
-0.20935
-0.214746
-0.220747
-0.226651
-0.231635
-0.235233
-0.237471
-0.238885
-0.2403
-0.242346
-0.244955
-0.24744
-0.24906
-0.249623
-0.249486
-0.24906
-0.248456
-0.24766
-0.246726
-0.245655
-0.244296
-0.242346
-0.239778
-0.236936
-0.23434
-0.232349
-0.23099
-0.230015
-0.228917
-0.227118
-0.224275
-0.220815
-0.217602
-0.215282
-0.213593
-0.21167
-0.20902
-0.206027
-0.203624
-0.202237
-0.201399
-0.200205
-0.198351
-0.19636
-0.194904
-0.1943
-0.19452
-0.195316
-0.19636
-0.197362
-0.198131
-0.198722
-0.19934
-0.199985
-0.200342
-0.20004
-0.199079
-0.19809
-0.197678
-0.197994
-0.198735
-0.199601
-0.200397
-0.201029
-0.201495
-0.201962
-0.202663
-0.203775
-0.205285
-0.207098
-0.208938
-0.210613
-0.211972
-0.212961
-0.213634
-0.214087
-0.214416
-0.214801
-0.21535
-0.215817
-0.215831
-0.21524
-0.214568
-0.214609
-0.215735
-0.21752
-0.219071
-0.219607
-0.218989
-0.217918
-0.217314
-0.217616
-0.218344
-0.218632
-0.218055
-0.216888
-0.215693
-0.214966
-0.214938
-0.215515
-0.21627
-0.216559
-0.216078
-0.214993
-0.213785
-0.212906
-0.212508
-0.212357
-0.212014
-0.211121
-0.209762
-0.208567
-0.208224
-0.208828
-0.209624
-0.209514
-0.208059
-0.205821
-0.203953
-0.203157
-0.20339
-0.204297
-0.20556
-0.206782
-0.207455
-0.207125
-0.205958
-0.20464
-0.203912
-0.204022
-0.204516
-0.20464
-0.203926
-0.20269
-0.201743
-0.201756
-0.20269
-0.203912
-0.204763
-0.205038
-0.205052
-0.205189
-0.205464
-0.205464
-0.204928
-0.204022
-0.20328
-0.203143
-0.203665
-0.204626
-0.205725
-0.206864
-0.208073
-0.209061
-0.209157
-0.207867
-0.205642
-0.20361
-0.202772
-0.203102
-0.203857
-0.20431
-0.204406
-0.20453
-0.205038
-0.205876
-0.206549
-0.20659
-0.206054
-0.205381
-0.205107
-0.205395
-0.205958
-0.206274
-0.205958
-0.205011
-0.204008
-0.203651
-0.204255
-0.205258
-0.205574
-0.204557
-0.202676
-0.201056
-0.200479
-0.200864
-0.201482
-0.201633
-0.201152
-0.200493
-0.200328
-0.200905
-0.201839
-0.202429
-0.202306
-0.201839
-0.201495
-0.201386
-0.201193
-0.200713
-0.200067
-0.199491
-0.199134
-0.198887
-0.198598
-0.198269
-0.197953
-0.197774
-0.197802
-0.19809
-0.198447
-0.198557
-0.198076
-0.196882
-0.195316
-0.194039
-0.193559
-0.193765
-0.194287
-0.194904
-0.195756
-0.196758
-0.197307
-0.196827
-0.19555
-0.19441
-0.194204
-0.194946
-0.195934
-0.196511
-0.19636
-0.195509
-0.194328
-0.19327
-0.192762
-0.192927
-0.19371
-0.194781
-0.195605
-0.195605
-0.19463
-0.193119
-0.191746
-0.190867
-0.190634
-0.191032
-0.191925
-0.192913
-0.193545
-0.193504
-0.192721
-0.191279
-0.189453
-0.187819
-0.187091
-0.187503
-0.188657
-0.189742
-0.190181
-0.189714
-0.188368
-0.186446
-0.18451
-0.183096
-0.182491
-0.182615
-0.183247
-0.184304
-0.185828
-0.187696
-0.189398
-0.190195
-0.189577
-0.187778
-0.185677
-0.184084
-0.183288
-0.183
-0.182862
-0.182766
-0.182876
-0.183343
-0.184125
-0.185087
-0.185952
-0.186377
-0.186075
-0.1851
-0.183768
-0.182491
-0.181571
-0.181105
-0.181146
-0.181654
-0.182395
-0.183054
-0.183466
-0.183631
-0.183727
-0.183741
-0.18348
-0.182862
-0.182121
-0.181668
-0.181709
-0.182025
-0.18208
-0.181324
-0.17969
-0.17785
-0.176724
-0.176793
-0.177617
-0.178345
-0.178413
-0.177837
-0.177191
-0.176958
-0.17704
-0.176807
-0.175681
-0.173882
-0.172248
-0.171575
-0.172015
-0.173044
-0.174019
-0.174623
-0.174802
-0.174569
-0.173978
-0.173099
-0.172042
-0.170985
-0.170161
-0.169708
-0.169625
-0.169667
-0.169735
-0.169872
-0.170175
-0.170518
-0.170655
-0.170298
-0.169406
-0.168087
-0.166577
-0.165245
-0.164394
-0.164174
-0.164641
-0.165657
-0.166948
-0.168005
-0.16828
-0.167552
-0.166083
-0.164545
-0.163707
-0.163872
-0.1646
-0.165163
-0.165314
-0.165424
-0.165904
-0.166632
-0.167167
-0.167236
-0.166852
-0.16611
-0.165025
-0.163652
-0.162265
-0.161236
-0.160686
-0.160467
-0.160494
-0.160961
-0.162073
-0.16368
-0.165204
-0.165932
-0.165479
-0.163954
-0.161936
-0.160206
-0.159451
-0.159808
-0.160769
-0.161551
-0.161606
-0.160837
-0.159574
-0.158352
-0.157611
-0.157459
-0.157652
-0.157803
-0.157748
-0.157611
-0.157652
-0.158132
-0.159011
-0.159808
-0.159821
-0.158791
-0.157157
-0.155688
-0.154878
-0.154782
-0.155221
-0.155977
-0.156704
-0.156924
-0.156292
-0.154905
-0.153285
-0.152036
-0.151583
-0.151967
-0.152956
-0.154219
-0.155386
-0.15599
-0.155716
-0.1547
-0.153464
-0.152448
-0.151692
-0.151088
-0.150814
-0.151143
-0.15194
-0.15253
-0.152406
-0.151692
-0.150896
-0.150278
-0.149825
-0.149482
-0.149344
-0.149427
-0.14955
-0.149482
-0.149193
-0.148795
-0.148356
-0.147861
-0.147367
-0.147079
-0.147189
-0.147779
-0.148699
-0.14966
-0.150306
-0.150306
-0.149468
-0.147999
-0.146598
-0.145898
-0.14609
-0.146694
-0.147065
-0.1469
-0.146365
-0.145774
-0.145307
-0.144882
-0.144387
-0.143879
-0.143577
-0.143605
-0.143769
-0.143536
-0.142575
-0.141023
-0.139513
-0.138716
-0.138964
-0.140158
-0.141765
-0.143138
-0.143879
-0.143769
-0.142698
-0.14079
-0.138771
-0.137659
-0.137989
-0.139279
-0.140584
-0.141202
-0.141064
-0.140364
-0.13943
-0.138483
-0.137618
-0.13689
-0.136368
-0.136231
-0.136465
-0.136904
-0.137481
-0.138181
-0.138895
-0.139197
-0.138716
-0.137384
-0.135668
-0.134364
-0.134158
-0.135064
-0.136396
-0.137206
-0.136959
-0.135778
-0.134268
-0.133142
-0.132894
-0.13354
-0.134583
-0.135421
-0.135641
-0.135146
-0.134116
-0.132826
-0.131617
-0.130794
-0.130464
-0.130546
-0.130794
-0.131027
-0.131151
-0.131205
-0.131247
-0.131233
-0.130986
-0.130395
-0.129571
-0.128926
-0.128816
-0.129228
-0.129709
-0.129846
-0.129599
-0.129105
-0.128432
-0.127471
-0.12629
-0.125438
-0.125548
-0.126647
-0.128006
-0.128693
-0.128349
-0.12732
-0.126125
-0.125068
-0.124326
-0.124079
-0.12445
-0.125329
-0.126276
-0.126743
-0.126523
-0.125795
-0.124917
-0.124134
-0.123543
-0.123241
-0.123365
-0.123997
-0.124999
-0.126029
-0.126619
-0.126468
-0.125644
-0.124518
-0.12342
-0.122417
-0.121401
-0.120413
-0.119671
-0.119479
-0.11985
-0.120523
-0.12125
-0.121909
-0.122472
-0.122761
-0.122596
-0.12206
-0.12136
-0.12066
-0.120111
-0.119809
-0.11963
-0.119246
-0.11849
-0.117502
-0.116637
-0.116129
-0.115978
-0.116101
-0.116376
-0.116788
-0.117488
-0.118518
-0.119603
-0.120138
-0.11963
-0.118092
-0.116115
-0.114536
-0.113822
-0.113877
-0.114193
-0.114302
-0.114028
-0.113437
-0.112517
-0.11135
-0.110307
-0.109895
-0.11021
-0.11087
-0.111364
-0.111501
-0.11146
-0.111364
-0.111227
-0.110979
-0.110705
-0.110499
-0.110416
-0.110403
-0.110485
-0.110746
-0.111281
-0.111913
-0.11238
-0.112476
-0.112229
-0.111735
-0.111144
-0.110636
-0.110375
-0.110416
-0.110636
-0.110773
-0.110595
-0.110059
-0.109387
-0.109057
-0.109455
-0.11043
-0.111295
-0.111364
-0.110526
-0.109373
-0.108673
-0.108782
-0.10951
-0.110156
-0.110073
-0.109057
-0.107478
-0.106022
-0.105171
-0.104896
-0.104883
-0.10491
-0.105061
-0.105473
-0.106077
-0.106627
-0.107025
-0.107313
-0.107533
-0.107602
-0.107245
-0.106352
-0.105185
-0.104155
-0.103523
-0.10329
-0.103551
-0.104416
-0.105611
-0.106379
-0.106064
-0.104745
-0.103139
-0.102164
-0.102233
-0.103043
-0.103784
-0.103922
-0.103468
-0.102905
-0.102535
-0.10226
-0.101889
-0.10145
-0.101175
-0.101093
-0.101052
-0.101038
-0.101065
-0.101162
-0.101203
-0.101079
-0.100846
-0.100654
-0.100599
-0.100681
-0.100832
-0.101038
-0.101422
-0.102137
-0.103125
-0.104128
-0.104704
-0.104306
-0.102576
-0.0997198
-0.0967264
-0.0947903
-0.0946805
-0.0961772
-0.0984154
-0.100365
-0.101436
-0.101587
-0.101244
-0.100695
-0.0999533
-0.0989783
-0.0980446
-0.097619
-0.0977837
-0.0980446
-0.0978661
-0.0972757
-0.0969049
-0.0972894
-0.0983055
-0.0990882
-0.0989097
-0.0978387
-0.0966852
-0.0960399
-0.095779
-0.0954769
-0.0951473
-0.0952297
-0.0959849
-0.0970285
-0.0975503
-0.0969736
-0.0954632
-0.0936918
-0.0923736
-0.0918381
-0.0921127
-0.0930877
-0.0946256
-0.0962733
-0.0973581
-0.0972345
-0.0957378
-0.0934309
-0.0912889
-0.0902453
-0.0906572
-0.0919342
-0.092868
-0.0925109
-0.091028
-0.0896961
-0.0896823
-0.0910692
-0.0927444
-0.0934035
-0.0925247
-0.0906023
-0.0888035
-0.0882268
-0.0892704
-0.0914399
-0.0935545
-0.094447
-0.0936506
-0.0916596
-0.0896137
-0.0884465
-0.0885838
-0.0898196
-0.0915772
-0.0929503
-0.0930465
-0.0916047
-0.0892429
-0.0871558
-0.0862495
-0.086634
-0.0878698
-0.0895725
-0.091385
-0.0927718
-0.0930877
-0.0919754
-0.089751
-0.087348
-0.0857552
-0.0854943
-0.0864006
-0.0880071
-0.0896961
-0.090822
-0.0907808
-0.0894626
-0.0875677
-0.0861259
-0.0857964
-0.0864143
-0.0874716
-0.0884877
-0.0891056
-0.089037
-0.088268
-0.0872244
-0.0865516
-0.0865516
-0.0870871
-0.08776
-0.0883092
-0.0885838
-0.0885152
-0.0881444
-0.0876501
-0.087197
-0.0868674
-0.0866889
-0.0867576
-0.0870597
-0.0874029
-0.0875265
-0.0872794
-0.0866752
-0.0857552
-0.0844782
-0.082803
-0.0810591
-0.0798508
-0.0796723
-0.080455
-0.0817732
-0.0831188
-0.0840663
-0.0843546
-0.083874
-0.0828991
-0.082034
-0.0820066
-0.0830227
-0.0845469
-0.0854943
-0.0851098
-0.0835582
-0.0818281
-0.0808394
-0.080963
-0.0817869
-0.0825284
-0.0825421
-0.081732
-0.0805648
-0.0796448
-0.0793015
-0.0793153
-0.0793015
-0.0793015
-0.0796036
-0.0802078
-0.0805923
-0.0802765
-0.0794251
-0.0788072
-0.0790818
-0.0802215
-0.0815123
-0.0821714
-0.0818418
-0.0808944
-0.080043
-0.0798508
-0.0803039
-0.0808257
-0.0807845
-0.0799469
-0.0787248
-0.0778872
-0.0779147
-0.0786562
-0.0795487
-0.080098
-0.0801391
-0.0797409
-0.0790818
-0.0784777
-0.0780932
-0.0778323
-0.0773242
-0.076418
-0.0753882
-0.0747291
-0.0746879
-0.0751135
-0.075498
-0.0753607
-0.0746192
-0.0737129
-0.0731774
-0.07315
-0.0733422
-0.0735207
-0.0738091
-0.0743858
-0.0751547
-0.0756765
-0.0755392
-0.0747977
-0.0739464
-0.0735894
-0.0739052
-0.0745505
-0.0751135
-0.0754293
-0.0754431
-0.0750037
-0.0739738
-0.072738
-0.0719965
-0.0720789
-0.0726007
-0.0730264
-0.0731225
-0.0728341
-0.0721476
-0.0713786
-0.0712551
-0.0723124
-0.0741386
-0.0756628
-0.0760061
-0.075141
-0.0736855
-0.072381
-0.0717357
-0.0718592
-0.0725595
-0.0735344
-0.0744956
-0.0750998
-0.0750174
-0.0741798
-0.0729303
-0.0718867
-0.0716258
-0.0723261
-0.0736031
-0.0746741
-0.0748664
-0.0741386
-0.0730538
-0.0722849
-0.0721751
-0.0725733
-0.0730264
-0.0731362
-0.0728479
-0.0724634
-0.0722712
-0.0723673
-0.0727243
-0.0731912
-0.0733971
-0.0729715
-0.0719142
-0.0707195
-0.0699231
-0.0696897
-0.0698819
-0.0702664
-0.0706097
-0.0705548
-0.0698682
-0.0687148
-0.0677399
-0.0677124
-0.0687697
-0.0704861
-0.0720515
-0.0727792
-0.072381
-0.0711315
-0.0697309
-0.0688109
-0.0685226
-0.0686324
-0.0688796
-0.0691405
-0.0693739
-0.0695249
-0.069621
-0.0695799
-0.0692915
-0.0688246
-0.0684127
-0.0682891
-0.0683715
-0.068399
-0.0683029
-0.0682067
-0.0682617
-0.0684402
-0.0685637
-0.0684127
-0.0680282
-0.0677536
-0.0678772
-0.0683166
-0.0686187
-0.0685226
-0.068193
-0.0680282
-0.0681106
-0.0682205
-0.0680008
-0.0673966
-0.0667375
-0.0665727
-0.0671906
-0.068344
-0.0693464
-0.0695524
-0.0688521
-0.0677399
-0.0669709
-0.0670396
-0.0678635
-0.0687697
-0.0690443
-0.068399
-0.0671632
-0.0658312
-0.0647465
-0.0640736
-0.0638128
-0.0637578
-0.0637166
-0.0636754
-0.0636892
-0.0636205
-0.0632223
-0.0625632
-0.0620552
-0.0619179
-0.0619316
-0.0618767
-0.061808
-0.0618355
-0.061808
-0.0614922
-0.0609429
-0.0602838
-0.0595286
-0.058691
-0.0580182
-0.0579221
-0.0584439
-0.0591991
-0.059611
-0.0593638
-0.0585537
-0.057826
-0.0577298
-0.0581555
-0.0583752
-0.0579495
-0.0573316
-0.0573042
-0.0579633
-0.0587597
-0.059254
-0.0595561
-0.0599268
-0.0604349
-0.0609017
-0.0610253
-0.0606408
-0.0600367
-0.0597895
-0.0602838
-0.0614373
-0.062728
-0.0635656
-0.0635381
-0.0626456
-0.0614922
-0.0608605
-0.0611489
-0.0623161
-0.0639775
-0.065433
-0.0657214
-0.064211
-0.0612725
-0.0582516
-0.0563979
-0.0560546
-0.0567824
-0.0579907
-0.0592952
-0.0602015
-0.0603937
-0.0599543
-0.0591304
-0.0580868
-0.056851
-0.0556427
-0.05486
-0.0547639
-0.0552445
-0.0558349
-0.0558899
-0.0550111
-0.0536242
-0.0527042
-0.0531573
-0.0549149
-0.0570021
-0.0582104
-0.0578809
-0.0563018
-0.0544206
-0.0532535
-0.053226
-0.0540087
-0.0550797
-0.0560409
-0.0567687
-0.0572218
-0.0575101
-0.057826
-0.0580594
-0.0578122
-0.0567961
-0.055217
-0.0536517
-0.0526905
-0.0527317
-0.0537753
-0.0553681
-0.0566863
-0.0570433
-0.0562743
-0.0547776
-0.0531848
-0.0521412
-0.0520589
-0.0529651
-0.0543932
-0.0555328
-0.0558349
-0.0553681
-0.0546678
-0.054352
-0.0546815
-0.0553543
-0.0556976
-0.055272
-0.0543932
-0.0538576
-0.0541185
-0.0548875
-0.0555466
-0.0556152
-0.0550248
-0.0541872
-0.0537478
-0.0540361
-0.0547639
-0.0553681
-0.0554093
-0.0549699
-0.0544755
-0.0544069
-0.0547639
-0.055066
-0.0548463
-0.0542421
-0.053789
-0.0538302
-0.0543108
-0.0551209
-0.0560821
-0.0569197
-0.0573454
-0.0573316
-0.0571669
-0.0570982
-0.0570295
-0.0568373
-0.0564116
-0.0557388
-0.0546952
-0.0532947
-0.051743
-0.0503425
-0.0494362
-0.0492165
-0.0496147
-0.0502738
-0.050672
-0.0506583
-0.0506033
-0.0510153
-0.0519627
-0.0529926
-0.0535418
-0.0534045
-0.0528965
-0.0525532
-0.0527866
-0.0534732
-0.0541735
-0.0544618
-0.0542009
-0.0535556
-0.0527317
-0.0518666
-0.0509054
-0.0496559
-0.0481317
-0.046841
-0.0464291
-0.0471294
-0.0485437
-0.0501228
-0.0515233
-0.0524845
-0.0527591
-0.0522648
-0.0512487
-0.0502051
-0.049601
-0.0497657
-0.0507407
-0.0520726
-0.0529651
-0.0528141
-0.0516469
-0.0501228
-0.0489556
-0.0485986
-0.0490243
-0.049752
-0.0502051
-0.0502738
-0.0503699
-0.0509329
-0.0518803
-0.0527454
-0.053075
-0.0528415
-0.0523197
-0.0519215
-0.0517842
-0.0516469
-0.0510977
-0.0501365
-0.0492989
-0.0491204
-0.0496559
-0.0506033
-0.0516057
-0.0524571
-0.0529926
-0.0531299
-0.0529376
-0.052512
-0.0519765
-0.0514272
-0.0509329
-0.0503836
-0.0495186
-0.0483377
-0.0474864
-0.0476511
-0.0488458
-0.0503425
-0.0512075
-0.0510702
-0.0501639
-0.049038
-0.0480356
-0.0473353
-0.046992
-0.0470882
-0.0475688
-0.0480631
-0.0480631
-0.0474589
-0.0466076
-0.0460446
-0.0461956
-0.0472255
-0.0487771
-0.0499305
-0.0497795
-0.0482965
-0.0463879
-0.0450559
-0.0446303
-0.0447401
-0.0449186
-0.0448088
-0.0443694
-0.0438888
-0.0438613
-0.0444518
-0.0453031
-0.0458661
-0.0459073
-0.0455365
-0.0449186
-0.0442183
-0.0437652
-0.0438888
-0.0447264
-0.0460446
-0.0473628
-0.0481867
-0.0482828
-0.047967
-0.0477473
-0.0476923
-0.0472941
-0.0461544
-0.0445342
-0.0431061
-0.0423234
-0.0423097
-0.0430375
-0.0442321
-0.045358
-0.0459073
-0.0458798
-0.0456464
-0.0453168
-0.0448088
-0.0441771
-0.0438201
-0.0439163
-0.0442183
-0.0443282
-0.0441634
-0.0438613
-0.0436004
-0.043367
-0.0430375
-0.0425569
-0.0420076
-0.0414858
-0.0409915
-0.0406345
-0.0406757
-0.0412249
-0.041939
-0.0421999
-0.0417879
-0.0411975
-0.0410876
-0.0416781
-0.0427079
-0.0437789
-0.044493
-0.0443968
-0.0432572
-0.0413897
-0.0394811
-0.0381766
-0.037696
-0.0378059
-0.0380118
-0.0379432
-0.0376548
-0.037545
-0.0378471
-0.0382315
-0.0381492
-0.0373527
-0.0361307
-0.0349635
-0.034277
-0.0343731
-0.0353205
-0.0368447
-0.0384375
-0.0396047
-0.0402088
-0.0402912
-0.0399891
-0.0394124
-0.038822
-0.0385199
-0.0388357
-0.039742
-0.0407306
-0.0412249
-0.041019
-0.0403461
-0.0394673
-0.0384238
-0.0373253
-0.0365014
-0.036419
-0.0372978
-0.0388906
-0.0405247
-0.0415545
-0.0416643
-0.0411288
-0.0405109
-0.0400853
-0.0397282
-0.0392202
-0.0386709
-0.0385336
-0.0390554
-0.0400578
-0.0410876
-0.0418428
-0.04209
-0.0416781
-0.0405247
-0.0389181
-0.0375724
-0.037188
-0.0378471
-0.0388357
-0.0393438
-0.039179
-0.0388357
-0.0387396
-0.0388769
-0.0390142
-0.0390142
-0.0388357
-0.0382865
-0.0372017
-0.0357187
-0.0342907
-0.0333432
-0.0330961
-0.0335629
-0.0347164
-0.0364328
-0.0382865
-0.0395772
-0.0396184
-0.03841
-0.0368172
-0.035856
-0.0358698
-0.0364877
-0.037188
-0.0377372
-0.038108
-0.0382041
-0.038053
-0.0377921
-0.0374763
-0.0368584
-0.0357874
-0.0344967
-0.0335629
-0.033357
-0.0339062
-0.0350322
-0.0364053
-0.0374901
-0.0376411
-0.0365289
-0.0345378
-0.0327116
-0.0321624
-0.0332334
-0.035142
-0.036625
-0.0370507
-0.0367348
-0.0364328
-0.0364739
-0.0367348
-0.0370507
-0.0374489
-0.0378333
-0.038053
-0.0380668
-0.0379569
-0.037902
-0.0380668
-0.0384512
-0.0388769
