LECROYHDO9204-MSöv,30454,Waveform
Segments,1,SegmentSize,2002
Ampl
-0.0116342
-0.0133094
-0.0148748
-0.0156849
-0.0153416
-0.0140234
-0.0123894
-0.0110987
-0.0106593
-0.0112086
-0.0124856
-0.0140509
-0.0153554
-0.0159458
-0.0156712
-0.0147787
-0.0138037
-0.0131035
-0.0128426
-0.0129936
-0.0135017
-0.0141333
-0.0144903
-0.0142431
-0.0134055
-0.0124581
-0.0120599
-0.012719
-0.0143255
-0.0161243
-0.0171404
-0.0170031
-0.0162479
-0.0157124
-0.0156849
-0.0158497
-0.0158222
-0.0156025
-0.0153828
-0.0153142
-0.0154652
-0.0158634
-0.0163577
-0.0164813
-0.0158909
-0.0147512
-0.0136939
-0.013282
-0.013639
-0.0144354
-0.015424
-0.0164127
-0.0173052
-0.0178956
-0.0179231
-0.0174288
-0.0167971
-0.0165363
-0.0168246
-0.01747
-0.0180192
-0.0180467
-0.0173739
-0.0161655
-0.0148061
-0.0137076
-0.013076
-0.012925
-0.0131035
-0.0133918
-0.0137626
-0.0144079
-0.0156712
-0.0174837
-0.0191452
-0.0197356
-0.0189529
-0.0173876
-0.0159733
-0.0153416
-0.0155201
-0.0161106
-0.0165088
-0.0163577
-0.0159184
-0.0159321
-0.0168246
-0.0182115
-0.0193511
-0.0197082
-0.0191864
-0.0179643
-0.0165637
-0.0157261
-0.0159184
-0.0169207
-0.018033
-0.0186234
-0.0184449
-0.0176073
-0.0164264
-0.0153004
-0.014504
-0.014202
-0.0144903
-0.0154515
-0.0168658
-0.0181977
-0.0188843
-0.0185959
-0.0174151
-0.0156712
-0.0140784
-0.0133369
-0.0136939
-0.0148336
-0.0161243
-0.017058
-0.0175524
-0.0177721
-0.0178956
-0.0179643
-0.0179506
-0.0177583
-0.0173052
-0.0165637
-0.0156712
-0.0148885
-0.0145452
-0.0148336
-0.0155339
-0.0161243
-0.0160694
-0.0152593
-0.013996
-0.0128975
-0.0125954
-0.0132957
-0.0145727
-0.0155339
-0.0155888
-0.014916
-0.0140509
-0.0132545
-0.0126641
-0.0125542
-0.0131721
-0.0142157
-0.0148199
-0.014353
-0.0129799
-0.0116205
-0.0112635
-0.0122109
-0.0138587
-0.015273
-0.0158634
-0.0156849
-0.015067
-0.0144766
-0.0143118
-0.01471
-0.0153828
-0.0158085
-0.015781
-0.0154103
-0.014916
-0.0143805
-0.0139136
-0.0138449
-0.0145727
-0.0160969
-0.0177583
-0.0186646
-0.0181703
-0.0165088
-0.0146963
-0.0138449
-0.0144354
-0.0160419
-0.0178407
-0.0191315
-0.0196807
-0.0195708
-0.0189255
-0.0178133
-0.0162067
-0.0143805
-0.0128975
-0.0123345
-0.0128288
-0.0140372
-0.0153828
-0.0163989
-0.0167697
-0.0164951
-0.0161243
-0.0162891
-0.0171267
-0.0181291
-0.018541
-0.0180055
-0.016701
-0.0151357
-0.0139548
-0.0136115
-0.0141333
-0.0150807
-0.0159733
-0.0165774
-0.0169207
-0.0170443
-0.0167971
-0.0159184
-0.0146276
-0.0135703
-0.0133094
-0.0136115
-0.0136939
-0.0130485
-0.0120873
-0.0117029
-0.0123894
-0.0137626
-0.0150121
-0.0155201
-0.0151494
-0.0142157
-0.0133643
-0.013076
-0.0133094
-0.013584
-0.0135154
-0.0131035
-0.0125817
-0.0120736
-0.0116617
-0.0114969
-0.0117166
-0.0122384
-0.0128838
-0.0134605
-0.0138587
-0.0140097
-0.013996
-0.0138175
-0.0134193
-0.0127602
-0.0120324
-0.0116068
-0.0115793
-0.0117029
-0.0117715
-0.01195
-0.0125405
-0.0134055
-0.0140784
-0.0141196
-0.0134055
-0.0121011
-0.0106593
-0.00962946
-0.00928618
-0.00947842
-0.00989036
-0.0103298
-0.0107142
-0.01103
-0.0115381
-0.0124856
-0.0138175
-0.0150258
-0.0155751
-0.015273
-0.0143393
-0.0132545
-0.0125954
-0.0128563
-0.0139548
-0.0152455
-0.0160145
-0.0159733
-0.0153691
-0.0145178
-0.0135978
-0.0126778
-0.0120187
-0.0120736
-0.0130897
-0.0148199
-0.0165363
-0.017621
-0.0177858
-0.0169482
-0.0152593
-0.0131584
-0.011442
-0.0107554
-0.0110987
-0.0118951
-0.0124306
-0.0123757
-0.0119638
-0.0116205
-0.0116891
-0.0120736
-0.0123482
-0.0122384
-0.0119775
-0.0120599
-0.0126641
-0.0135703
-0.0143667
-0.0148473
-0.014916
-0.014353
-0.0131309
-0.011593
-0.0104259
-0.0102474
-0.0111124
-0.0124306
-0.0133643
-0.0135291
-0.0133094
-0.0132682
-0.013584
-0.0140234
-0.0144628
-0.0150396
-0.0157124
-0.0161243
-0.0159595
-0.0152043
-0.0141196
-0.0130485
-0.012362
-0.0122933
-0.0126641
-0.0130623
-0.0132408
-0.0134193
-0.0138724
-0.0145178
-0.0149984
-0.014916
-0.0142294
-0.013282
-0.0127053
-0.01287
-0.0135566
-0.014202
-0.0144766
-0.0144766
-0.0143393
-0.0139685
-0.0134193
-0.0129799
-0.0128426
-0.012925
-0.0131035
-0.0134605
-0.0140509
-0.014559
-0.0145864
-0.0140097
-0.0131035
-0.0122521
-0.0118127
-0.0118539
-0.0122384
-0.0127327
-0.0131996
-0.0135978
-0.0137626
-0.0136252
-0.0133918
-0.0134055
-0.0137351
-0.0142157
-0.0147375
-0.0151357
-0.0151082
-0.0144354
-0.0134467
-0.0128288
-0.0128838
-0.0131996
-0.0133369
-0.0132545
-0.0132133
-0.0134055
-0.0137626
-0.0140784
-0.0141058
-0.0137626
-0.0131996
-0.0126641
-0.0124032
-0.0125542
-0.0132545
-0.0144217
-0.0156025
-0.0162342
-0.0159321
-0.0147924
-0.013227
-0.0117166
-0.0109065
-0.0112635
-0.0128014
-0.0149572
-0.0170855
-0.0186783
-0.0193374
-0.0186921
-0.0167971
-0.0144217
-0.0126503
-0.0121423
-0.0128838
-0.0142569
-0.0153828
-0.0156712
-0.0151082
-0.014202
-0.0135566
-0.0134055
-0.0136252
-0.0140372
-0.0145452
-0.0151082
-0.015781
-0.0165363
-0.0170992
-0.0171267
-0.0166461
-0.0161792
-0.0162342
-0.0169482
-0.0180879
-0.019255
-0.0199416
-0.0197905
-0.0188019
-0.0174151
-0.0162891
-0.0160282
-0.0170306
-0.0191452
-0.0217541
-0.0242532
-0.0266287
-0.0292101
-0.0321349
-0.0351283
-0.0379981
-0.0411151
-0.0451933
-0.0507681
-0.0578946
-0.0661333
-0.0747291
-0.0829815
-0.090671
-0.0980858
-0.105803
-0.114206
-0.12331
-0.132785
-0.1423
-0.151926
-0.162046
-0.172935
-0.184345
-0.195605
-0.206164
-0.215899
-0.225058
-0.233901
-0.242456
-0.250735
-0.258974
-0.267446
-0.276042
-0.284253
-0.291586
-0.297875
-0.303216
-0.307844
-0.312086
-0.316233
-0.320339
-0.323923
-0.326518
-0.328234
-0.329745
-0.331379
-0.332642
-0.332917
-0.332326
-0.331585
-0.331063
-0.330514
-0.329264
-0.326861
-0.323346
-0.319144
-0.314956
-0.311331
-0.308489
-0.306264
-0.304205
-0.301706
-0.2983
-0.294112
-0.289787
-0.28597
-0.282908
-0.280436
-0.278115
-0.27552
-0.272458
-0.269149
-0.266073
-0.263725
-0.262187
-0.261309
-0.260828
-0.260443
-0.259798
-0.258686
-0.257203
-0.255747
-0.254649
-0.254017
-0.253784
-0.253798
-0.254058
-0.254649
-0.255624
-0.256887
-0.258137
-0.259084
-0.25962
-0.259963
-0.260526
-0.261583
-0.263272
-0.265524
-0.267899
-0.269739
-0.270536
-0.270426
-0.270206
-0.270687
-0.272252
-0.2746
-0.277031
-0.27872
-0.279365
-0.279241
-0.278926
-0.278857
-0.279228
-0.280038
-0.281068
-0.282001
-0.282537
-0.282523
-0.282166
-0.281905
-0.282098
-0.282715
-0.283388
-0.283663
-0.283429
-0.282949
-0.282578
-0.282331
-0.281933
-0.281123
-0.280203
-0.279791
-0.280189
-0.280889
-0.281068
-0.280354
-0.279118
-0.277978
-0.277333
-0.277099
-0.277072
-0.277003
-0.276811
-0.276481
-0.276097
-0.27574
-0.27541
-0.275026
-0.274559
-0.274147
-0.273969
-0.273996
-0.273927
-0.273433
-0.272554
-0.271621
-0.271071
-0.271126
-0.271854
-0.273035
-0.274133
-0.274436
-0.273502
-0.271511
-0.26941
-0.268298
-0.26871
-0.270344
-0.272431
-0.27423
-0.275232
-0.275081
-0.273859
-0.272074
-0.270357
-0.26908
-0.268311
-0.267954
-0.267899
-0.26816
-0.268902
-0.27022
-0.27195
-0.273722
-0.275108
-0.275795
-0.27563
-0.274655
-0.273255
-0.272005
-0.271264
-0.270962
-0.270811
-0.270673
-0.270673
-0.270989
-0.271525
-0.27195
-0.271936
-0.271442
-0.270824
-0.270508
-0.270714
-0.271332
-0.271936
-0.272088
-0.271511
-0.270302
-0.268847
-0.267597
-0.266979
-0.267282
-0.268284
-0.269314
-0.269698
-0.269259
-0.268298
-0.267282
-0.266403
-0.265661
-0.265167
-0.265016
-0.265167
-0.265318
-0.265318
-0.265291
-0.265442
-0.265634
-0.265414
-0.264659
-0.263835
-0.263519
-0.263629
-0.263396
-0.262256
-0.26043
-0.258645
-0.257436
-0.256887
-0.256805
-0.257134
-0.257999
-0.259427
-0.261075
-0.262297
-0.262517
-0.261597
-0.25999
-0.258494
-0.257766
-0.257697
-0.257519
-0.256709
-0.255638
-0.255116
-0.255363
-0.255802
-0.255692
-0.254814
-0.253495
-0.25226
-0.251367
-0.250941
-0.251189
-0.252273
-0.25388
-0.255184
-0.255308
-0.254004
-0.251834
-0.249747
-0.248539
-0.248456
-0.24917
-0.250049
-0.250543
-0.250612
-0.250557
-0.250681
-0.250845
-0.250584
-0.249555
-0.248003
-0.246753
-0.246479
-0.247042
-0.247646
-0.24766
-0.247179
-0.246561
-0.245902
-0.245119
-0.244392
-0.244268
-0.244982
-0.246053
-0.246657
-0.246287
-0.245161
-0.243856
-0.243142
-0.243279
-0.243884
-0.24409
-0.243417
-0.24214
-0.241096
-0.240918
-0.241453
-0.242099
-0.24225
-0.241742
-0.240876
-0.240108
-0.239627
-0.239284
-0.238913
-0.238638
-0.238803
-0.239476
-0.24019
-0.240272
-0.239421
-0.237938
-0.236647
-0.236167
-0.236469
-0.236908
-0.237004
-0.23673
-0.236386
-0.236098
-0.235672
-0.234917
-0.23386
-0.23283
-0.232075
-0.231608
-0.231278
-0.230949
-0.230702
-0.23066
-0.230825
-0.230921
-0.230564
-0.229603
-0.228422
-0.227681
-0.227749
-0.228422
-0.229095
-0.229397
-0.229411
-0.229507
-0.229823
-0.230235
-0.230455
-0.230235
-0.229507
-0.228505
-0.227695
-0.22742
-0.227736
-0.228299
-0.22856
-0.228134
-0.227022
-0.225415
-0.223671
-0.222202
-0.221461
-0.221735
-0.222861
-0.224193
-0.225044
-0.225141
-0.224729
-0.224166
-0.223713
-0.223369
-0.22315
-0.223108
-0.223342
-0.223658
-0.223534
-0.222532
-0.220719
-0.218701
-0.217067
-0.216009
-0.215364
-0.214842
-0.214224
-0.213373
-0.212439
-0.211835
-0.211986
-0.212906
-0.214183
-0.215158
-0.215268
-0.21432
-0.212769
-0.211574
-0.211519
-0.212631
-0.214114
-0.215007
-0.214815
-0.213593
-0.211835
-0.21016
-0.209006
-0.208402
-0.208183
-0.20821
-0.208512
-0.20913
-0.209858
-0.210242
-0.209995
-0.20913
-0.208004
-0.206892
-0.205889
-0.205107
-0.20475
-0.204997
-0.205711
-0.206411
-0.206631
-0.206137
-0.204997
-0.203432
-0.201798
-0.200617
-0.200315
-0.200878
-0.20188
-0.20269
-0.202937
-0.202649
-0.202223
-0.202072
-0.202333
-0.202718
-0.202814
-0.202429
-0.201633
-0.200493
-0.199092
-0.197651
-0.196635
-0.196442
-0.197047
-0.197994
-0.198653
-0.198612
-0.197857
-0.196799
-0.19603
-0.195893
-0.196305
-0.196772
-0.196676
-0.195701
-0.194108
-0.192611
-0.191884
-0.192035
-0.19268
-0.193243
-0.193298
-0.192859
-0.192186
-0.19154
-0.19106
-0.190881
-0.191101
-0.191595
-0.191925
-0.191664
-0.190881
-0.190208
-0.19014
-0.190387
-0.190167
-0.189014
-0.187462
-0.186391
-0.186103
-0.186144
-0.186075
-0.185828
-0.185485
-0.184977
-0.184222
-0.183329
-0.18267
-0.182505
-0.182862
-0.183562
-0.184263
-0.184606
-0.184386
-0.183604
-0.182464
-0.181311
-0.180281
-0.17932
-0.178468
-0.17818
-0.178935
-0.180542
-0.181983
-0.182272
-0.181214
-0.179471
-0.177933
-0.177191
-0.177383
-0.178166
-0.179045
-0.179594
-0.179498
-0.178715
-0.17748
-0.176244
-0.175461
-0.175296
-0.175571
-0.175804
-0.175763
-0.175598
-0.175585
-0.175777
-0.175846
-0.175612
-0.175159
-0.174706
-0.174253
-0.173758
-0.173346
-0.173278
-0.173635
-0.174047
-0.174019
-0.173278
-0.17196
-0.170449
-0.169131
-0.168335
-0.168142
-0.168417
-0.168747
-0.16876
-0.16839
-0.167827
-0.167332
-0.166865
-0.16622
-0.165327
-0.164572
-0.164641
-0.165753
-0.167209
-0.16784
-0.167044
-0.165314
-0.163611
-0.162554
-0.162114
-0.162128
-0.162526
-0.163185
-0.163666
-0.163446
-0.16221
-0.160233
-0.158201
-0.156828
-0.156471
-0.156951
-0.15783
-0.15875
-0.159574
-0.160357
-0.161098
-0.161744
-0.162142
-0.162032
-0.161222
-0.160027
-0.159052
-0.158627
-0.158599
-0.158531
-0.158077
-0.157391
-0.15691
-0.157075
-0.157885
-0.158929
-0.159698
-0.159917
-0.159602
-0.158942
-0.158297
-0.158022
-0.158283
-0.158956
-0.159794
-0.160508
-0.16092
-0.160906
-0.160357
-0.159203
-0.157611
-0.156004
-0.154919
-0.154768
-0.155523
-0.156787
-0.15794
-0.158476
-0.15827
-0.157597
-0.156759
-0.155963
-0.155276
-0.154741
-0.154274
-0.153656
-0.152736
-0.151665
-0.150717
-0.150058
-0.14977
-0.149907
-0.150415
-0.151006
-0.151212
-0.150923
-0.150443
-0.150278
-0.150608
-0.151184
-0.151596
-0.151486
-0.150635
-0.149111
-0.147395
-0.146241
-0.146282
-0.147422
-0.14885
-0.14977
-0.150031
-0.149894
-0.149633
-0.149207
-0.148548
-0.147628
-0.146598
-0.145719
-0.145156
-0.144923
-0.144758
-0.144278
-0.143248
-0.141902
-0.140913
-0.140982
-0.142177
-0.143975
-0.145678
-0.146777
-0.147024
-0.146475
-0.145445
-0.14436
-0.143481
-0.142781
-0.142204
-0.141957
-0.14219
-0.142644
-0.14274
-0.14219
-0.141394
-0.140955
-0.141023
-0.141243
-0.141339
-0.14127
-0.141064
-0.140707
-0.14035
-0.140323
-0.140762
-0.141367
-0.141531
-0.140968
-0.140035
-0.139334
-0.139183
-0.139403
-0.139664
-0.139705
-0.139403
-0.138744
-0.137865
-0.137
-0.136313
-0.13586
-0.135654
-0.135737
-0.136094
-0.136602
-0.137096
-0.137481
-0.137687
-0.137659
-0.137371
-0.136808
-0.13597
-0.134927
-0.133897
-0.133142
-0.132798
-0.132908
-0.133444
-0.134268
-0.134968
-0.135105
-0.134542
-0.133581
-0.132702
-0.132208
-0.132167
-0.132469
-0.132867
-0.133032
-0.132894
-0.132702
-0.132894
-0.133595
-0.134556
-0.135421
-0.135723
-0.135133
-0.133663
-0.132057
-0.131274
-0.131672
-0.132579
-0.1331
-0.132908
-0.132359
-0.131865
-0.131521
-0.131082
-0.130491
-0.129901
-0.129613
-0.129819
-0.130409
-0.131041
-0.131288
-0.130917
-0.12997
-0.128775
-0.127649
-0.126702
-0.125837
-0.124848
-0.123887
-0.123241
-0.123022
-0.123063
-0.123214
-0.123502
-0.123914
-0.12401
-0.123296
-0.121758
-0.120152
-0.119452
-0.120015
-0.121429
-0.122843
-0.123626
-0.123667
-0.123269
-0.122843
-0.122665
-0.122761
-0.12298
-0.1232
-0.123324
-0.123159
-0.122486
-0.121223
-0.119603
-0.118133
-0.117158
-0.116705
-0.116609
-0.116692
-0.11687
-0.116966
-0.116801
-0.116431
-0.116211
-0.116527
-0.117419
-0.118408
-0.118779
-0.118065
-0.116376
-0.11444
-0.113067
-0.11271
-0.113273
-0.11433
-0.115291
-0.115634
-0.115209
-0.114412
-0.113698
-0.113341
-0.113451
-0.114
-0.114701
-0.115016
-0.114563
-0.113465
-0.112037
-0.11054
-0.109153
-0.108329
-0.108673
-0.110375
-0.112668
-0.114234
-0.114275
-0.113094
-0.111666
-0.110636
-0.110004
-0.109442
-0.10881
-0.108192
-0.107602
-0.106956
-0.106311
-0.106064
-0.106572
-0.10778
-0.109277
-0.110513
-0.111295
-0.111652
-0.111762
-0.111693
-0.111474
-0.111144
-0.110787
-0.11032
-0.109496
-0.108302
-0.107025
-0.106119
-0.105707
-0.105528
-0.105377
-0.105281
-0.105377
-0.105707
-0.106146
-0.106682
-0.107409
-0.108467
-0.109757
-0.110828
-0.110897
-0.109538
-0.107121
-0.104691
-0.103194
-0.102864
-0.103249
-0.103633
-0.103496
-0.102823
-0.10204
-0.101834
-0.102342
-0.103111
-0.103606
-0.103688
-0.103729
-0.103922
-0.104018
-0.103606
-0.102507
-0.100873
-0.0992118
-0.098127
-0.0980721
-0.0989646
-0.100297
-0.10156
-0.102507
-0.103166
-0.103688
-0.104018
-0.103743
-0.102535
-0.100667
-0.0990745
-0.0986488
-0.0992667
-0.100118
-0.100475
-0.10053
-0.100928
-0.101944
-0.103111
-0.103565
-0.102741
-0.100791
-0.0985115
-0.0968637
-0.0963145
-0.0967127
-0.0975366
-0.0981819
-0.0982231
-0.0975503
-0.0965342
-0.0958064
-0.0956554
-0.0958476
-0.0959712
-0.0959712
-0.0960811
-0.0965342
-0.0972482
-0.0978387
-0.0978249
-0.0971109
-0.0961223
-0.0953945
-0.0951885
-0.0953121
-0.0954632
-0.0953808
-0.0950238
-0.0944882
-0.0938291
-0.0929366
-0.0917008
-0.0904375
-0.0898746
-0.0906435
-0.092456
-0.0939939
-0.09409
-0.0927032
-0.0910966
-0.0906572
-0.0917695
-0.0936918
-0.0952847
-0.095779
-0.0952435
-0.0943372
-0.0937605
-0.0937193
-0.0939253
-0.0938978
-0.0934584
-0.0928268
-0.0923187
-0.0920441
-0.0919068
-0.0919068
-0.0921677
-0.0927306
-0.0933486
-0.0936644
-0.0935133
-0.0928268
-0.0916459
-0.0900531
-0.0884191
-0.0872382
-0.0869635
-0.0877325
-0.089188
-0.0905886
-0.0913575
-0.0911653
-0.0901217
-0.0885426
-0.0869086
-0.0857277
-0.0853982
-0.0859062
-0.0869086
-0.0878698
-0.0884053
-0.0882405
-0.0873618
-0.0860985
-0.0849588
-0.0844095
-0.0845057
-0.0850686
-0.0857964
-0.0864143
-0.0866615
-0.0863594
-0.0855355
-0.0844233
-0.0833248
-0.0825421
-0.0823087
-0.0827343
-0.0836131
-0.0845606
-0.0853433
-0.0859612
-0.0864555
-0.0866752
-0.0863731
-0.0855355
-0.0843958
-0.0834209
-0.0830639
-0.0834484
-0.0842997
-0.085
-0.0851785
-0.0850274
-0.0851098
-0.0858101
-0.0869635
-0.0879385
-0.0881582
-0.0874991
-0.0863594
-0.0852471
-0.0843958
-0.0836818
-0.0829678
-0.0823087
-0.0819379
-0.0818418
-0.081732
-0.0813063
-0.0805785
-0.0798783
-0.0797409
-0.0805099
-0.0820478
-0.0838191
-0.0852471
-0.0858239
-0.0853433
-0.0840663
-0.0827206
-0.0819929
-0.0820752
-0.0826794
-0.083366
-0.0837093
-0.0832699
-0.0818693
-0.0799881
-0.0785738
-0.0781619
-0.0784777
-0.0789171
-0.0793153
-0.0798783
-0.0806609
-0.0813612
-0.0817182
-0.0818143
-0.0818967
-0.0819517
-0.0816084
-0.0805923
-0.0789171
-0.0770634
-0.0757452
-0.0755804
-0.0766377
-0.0783129
-0.0795624
-0.0796997
-0.0789033
-0.0779284
-0.0774066
-0.0773517
-0.0773792
-0.0770496
-0.0762395
-0.075141
-0.0743308
-0.074372
-0.0754293
-0.0770634
-0.0784639
-0.0790818
-0.0788621
-0.0781619
-0.0773792
-0.0768025
-0.076418
-0.0761434
-0.0760884
-0.0765141
-0.0775714
-0.0789995
-0.0803451
-0.0813338
-0.0818555
-0.0818418
-0.0811827
-0.0799606
-0.0783816
-0.076775
-0.0754431
-0.0746879
-0.0746879
-0.0753195
-0.0761571
-0.0768162
-0.077132
-0.0771732
-0.0772419
-0.0776813
-0.0786287
-0.0797959
-0.0807159
-0.0811964
-0.0814299
-0.0817045
-0.0820203
-0.0821988
-0.0819242
-0.0809905
-0.0795487
-0.078258
-0.0778735
-0.0785051
-0.0794663
-0.0798645
-0.0791368
-0.0773517
-0.0751685
-0.0736031
-0.0733559
-0.074427
-0.0761846
-0.0778872
-0.0789445
-0.0789857
-0.0779696
-0.0761983
-0.0741935
-0.0725046
-0.0715434
-0.071461
-0.07223
-0.0734932
-0.0746192
-0.0750311
-0.0746467
-0.0738228
-0.0730813
-0.0726968
-0.0726282
-0.072587
-0.07223
-0.0715022
-0.0706097
-0.0700193
-0.0699094
-0.0702252
-0.0707882
-0.0715571
-0.0724909
-0.0734246
-0.0740974
-0.0742485
-0.0738228
-0.073095
-0.0723536
-0.0716945
-0.0710628
-0.0705822
-0.0703763
-0.0704312
-0.0705273
-0.0706234
-0.0709255
-0.0715022
-0.0720515
-0.0721751
-0.0717219
-0.0708569
-0.069827
-0.0689482
-0.0685088
-0.0686873
-0.0693876
-0.0703351
-0.0710354
-0.0710216
-0.0702115
-0.0690718
-0.0683166
-0.068344
-0.0689482
-0.0695524
-0.0696622
-0.0692228
-0.0685775
-0.0682342
-0.0685088
-0.0691542
-0.0695249
-0.0691267
-0.0679184
-0.066353
-0.065076
-0.064568
-0.0647465
-0.0651721
-0.065488
-0.0658724
-0.0666002
-0.0675339
-0.068042
-0.0677536
-0.0669709
-0.0662981
-0.0658312
-0.065282
-0.0644581
-0.0636205
-0.0630438
-0.0628516
-0.0629752
-0.0634008
-0.0640599
-0.0648563
-0.0655292
-0.0658587
-0.0657214
-0.0652408
-0.0646916
-0.0644169
-0.064719
-0.0655292
-0.0664766
-0.0670121
-0.0667924
-0.0659823
-0.0649936
-0.0641286
-0.0635244
-0.0634695
-0.0642384
-0.0656939
-0.0670945
-0.0676438
-0.0669572
-0.065282
-0.0633047
-0.061959
-0.0619453
-0.0632223
-0.0649662
-0.066202
-0.0665315
-0.0660921
-0.0653369
-0.0647465
-0.0646229
-0.0648151
-0.0649799
-0.0649662
-0.0649387
-0.0650486
-0.0649936
-0.0643483
-0.0630438
-0.0615334
-0.0605997
-0.0608468
-0.0623847
-0.0646092
-0.066408
-0.0669435
-0.0661471
-0.0647739
-0.0636892
-0.0633047
-0.0633734
-0.0633871
-0.0630438
-0.0626593
-0.0628104
-0.0637029
-0.0649113
-0.065845
-0.066202
-0.0660647
-0.0656802
-0.0652545
-0.0648975
-0.0644993
-0.0638402
-0.0628653
-0.0617531
-0.0609017
-0.0606546
-0.0611077
-0.0620826
-0.0631125
-0.0636205
-0.0634695
-0.0629889
-0.0626456
-0.0625769
-0.0625495
-0.0622474
-0.0615746
-0.060682
-0.0597895
-0.0588558
-0.05762
-0.0560684
-0.0547227
-0.0544481
-0.0556702
-0.0578122
-0.0595424
-0.0598856
-0.0588421
-0.0572081
-0.0558899
-0.0553131
-0.0554093
-0.0558899
-0.0567275
-0.0579221
-0.0590892
-0.0594874
-0.0587048
-0.0570433
-0.0553543
-0.054352
-0.0543794
-0.055272
-0.056549
-0.0576063
-0.057977
-0.0577161
-0.0571943
-0.0567412
-0.0564116
-0.0561645
-0.0560272
-0.0560684
-0.0562606
-0.0564666
-0.0566451
-0.0567549
-0.0568098
-0.0567961
-0.0567
-0.0563979
-0.0557251
-0.0548188
-0.0539538
-0.0534182
-0.0533084
-0.0535006
-0.0537203
-0.0537478
-0.0535967
-0.0534732
-0.0535281
-0.0537341
-0.0540773
-0.054654
-0.0555191
-0.0563979
-0.0569472
-0.0570295
-0.056906
-0.0570158
-0.0575513
-0.0582516
-0.05854
-0.0579907
-0.056851
-0.0559448
-0.0559448
-0.0566451
-0.0572904
-0.0572218
-0.0562606
-0.0546952
-0.0531436
-0.0523335
-0.0524433
-0.0530475
-0.0535693
-0.0538714
-0.0542558
-0.0548737
-0.0555603
-0.0559722
-0.0559722
-0.0554917
-0.0545991
-0.053432
-0.052306
-0.0517842
-0.0523884
-0.0540361
-0.055931
-0.0571394
-0.0573316
-0.0569197
-0.0564254
-0.055931
-0.0553543
-0.0548737
-0.0547502
-0.0548326
-0.0545991
-0.0537478
-0.0525532
-0.0517842
-0.0520451
-0.0531985
-0.0545167
-0.0551896
-0.0550111
-0.0543245
-0.0536379
-0.0531162
-0.0527591
-0.0525806
-0.0526218
-0.052869
-0.0531711
-0.053377
-0.0534045
-0.0532535
-0.0529239
-0.0524433
-0.0518666
-0.0514272
-0.0515233
-0.0522099
-0.0529651
-0.053075
-0.0523747
-0.0514409
-0.0510565
-0.0515096
-0.0525394
-0.0535967
-0.0541872
-0.0540911
-0.0535967
-0.0531436
-0.0529926
-0.05302
-0.0531985
-0.0537478
-0.0547502
-0.0557251
-0.05578
-0.0544343
-0.0521138
-0.0499305
-0.0489831
-0.0495872
-0.0511526
-0.0525394
-0.0528827
-0.0521
-0.050672
-0.049244
-0.048324
-0.0481455
-0.0485849
-0.049244
-0.0497246
-0.0499442
-0.0501502
-0.0505072
-0.0509604
-0.0513998
-0.0520589
-0.0533359
-0.0552308
-0.0570021
-0.0576337
-0.0566725
-0.0545717
-0.0521962
-0.0503425
-0.0494499
-0.0497795
-0.0511389
-0.0527317
-0.0534594
-0.0528003
-0.0511114
-0.0492852
-0.0480631
-0.0478434
-0.0485574
-0.0497383
-0.0507544
-0.051235
-0.0511389
-0.0505896
-0.0498069
-0.049189
-0.0492165
-0.0499168
-0.0506308
-0.0505759
-0.0494911
-0.0479395
-0.0467723
-0.0466488
-0.0475276
