LECROYHDO9204-MSöv,30454,Waveform
Segments,1,SegmentSize,2002
Ampl
-0.0157948
-0.0164264
-0.0163028
-0.0154652
-0.0142843
-0.0133232
-0.0130073
-0.0135154
-0.0146139
-0.0158085
-0.0165088
-0.0164813
-0.0159595
-0.0154652
-0.0153691
-0.0156987
-0.0162204
-0.0166049
-0.0165912
-0.0160969
-0.0153004
-0.0146002
-0.0144217
-0.0149846
-0.0159733
-0.0168795
-0.0173601
-0.01747
-0.0172365
-0.0165363
-0.0153279
-0.013996
-0.0131446
-0.0131309
-0.0138175
-0.0147237
-0.0153142
-0.0153279
-0.014861
-0.0143667
-0.0142157
-0.0142706
-0.0140234
-0.0134055
-0.0128426
-0.0129524
-0.0139411
-0.0154103
-0.0166186
-0.0168383
-0.0157536
-0.0137076
-0.0114969
-0.00993155
-0.00935484
-0.00953335
-0.00998648
-0.0103572
-0.010728
-0.0115106
-0.0127876
-0.0141333
-0.0148748
-0.0147649
-0.014147
-0.0135154
-0.0130073
-0.0125542
-0.0120736
-0.0116205
-0.0112772
-0.0111262
-0.0111674
-0.0113321
-0.0115793
-0.0118951
-0.0122109
-0.012362
-0.012362
-0.0125679
-0.0133781
-0.0146139
-0.0156163
-0.0159321
-0.0155888
-0.0148885
-0.013996
-0.0130348
-0.0122384
-0.0118402
-0.0118676
-0.0121835
-0.0127053
-0.0133918
-0.014147
-0.0148061
-0.0153004
-0.0156712
-0.0160419
-0.0164539
-0.0167697
-0.0166873
-0.0161106
-0.015424
-0.0153142
-0.0159184
-0.0166598
-0.0168109
-0.0161518
-0.0150807
-0.0142981
-0.0142157
-0.0147512
-0.015424
-0.01563
-0.0151906
-0.0144491
-0.013996
-0.0141882
-0.0149022
-0.0156437
-0.0157673
-0.0148336
-0.013076
-0.0113733
-0.0107692
-0.0117578
-0.0138449
-0.0158634
-0.0167697
-0.0163303
-0.0150396
-0.0137214
-0.0129112
-0.0126778
-0.0127876
-0.0130211
-0.0132408
-0.0134467
-0.0138175
-0.0144217
-0.0150258
-0.0152181
-0.0147512
-0.0138175
-0.0128426
-0.0121835
-0.0119638
-0.0121423
-0.0126366
-0.013282
-0.0140097
-0.0146963
-0.0151082
-0.0150533
-0.0145864
-0.0140784
-0.0139411
-0.0142569
-0.0147924
-0.0151769
-0.0150807
-0.0144766
-0.0138175
-0.0138312
-0.0148199
-0.016344
-0.0175249
-0.0176622
-0.0165912
-0.0147787
-0.0129936
-0.0119088
-0.0118265
-0.0125405
-0.0136115
-0.0146276
-0.015273
-0.015424
-0.0151906
-0.0147649
-0.014353
-0.014202
-0.0145315
-0.0152181
-0.0156849
-0.0154515
-0.0146551
-0.0139685
-0.0139136
-0.0143805
-0.014916
-0.0151906
-0.0151769
-0.0150121
-0.0149297
-0.0150807
-0.0154378
-0.0157261
-0.0154927
-0.0145178
-0.0130348
-0.0117715
-0.0114283
-0.0120462
-0.012925
-0.0132545
-0.0128975
-0.0123757
-0.0122796
-0.0126915
-0.0133506
-0.0139548
-0.0144491
-0.014861
-0.0151769
-0.0152867
-0.0150258
-0.0142569
-0.013076
-0.0116891
-0.0104808
-0.00990409
-0.010316
-0.0116068
-0.0131584
-0.014353
-0.0150396
-0.0153691
-0.0153004
-0.0146963
-0.0137626
-0.0130485
-0.0128975
-0.0131309
-0.0133094
-0.0132408
-0.013227
-0.0137488
-0.0149572
-0.0165225
-0.0178133
-0.0182801
-0.0178407
-0.0168658
-0.0159184
-0.0152867
-0.0149572
-0.0148199
-0.0148336
-0.0149846
-0.0152455
-0.015424
-0.0152593
-0.0146825
-0.0139685
-0.0134193
-0.0131035
-0.0129112
-0.0129112
-0.0132545
-0.0138449
-0.0142843
-0.0143118
-0.0140097
-0.013639
-0.0134742
-0.0137214
-0.0144903
-0.0156163
-0.0165225
-0.0166461
-0.0156712
-0.0137763
-0.0115518
-0.00971185
-0.0087644
-0.00862709
-0.00892917
-0.00940977
-0.0100002
-0.0106456
-0.0112909
-0.0118951
-0.0125267
-0.0129936
-0.0128563
-0.0118402
-0.0102199
-0.00866828
-0.00780322
-0.00784441
-0.00862709
-0.00989036
-0.0112772
-0.012362
-0.012719
-0.0122933
-0.0115381
-0.0110987
-0.0113596
-0.0120736
-0.0128014
-0.0133643
-0.0139136
-0.0144628
-0.0147375
-0.014504
-0.0136939
-0.0124306
-0.0110438
-0.0100689
-0.0100826
-0.0112086
-0.0130485
-0.014916
-0.0160831
-0.0160282
-0.0148473
-0.0133094
-0.0122933
-0.0122521
-0.0129661
-0.0139411
-0.0146688
-0.0147512
-0.0140921
-0.013076
-0.0123345
-0.012362
-0.0130485
-0.0140372
-0.014916
-0.0154378
-0.0156163
-0.01563
-0.0156025
-0.015479
-0.0152318
-0.0150396
-0.0150807
-0.0151494
-0.0148473
-0.0140372
-0.0129661
-0.0122109
-0.0122521
-0.013282
-0.0149984
-0.0166873
-0.0176622
-0.0177583
-0.017264
-0.0164539
-0.015479
-0.014559
-0.0138861
-0.0135429
-0.0133232
-0.0130485
-0.0127464
-0.0124581
-0.0121423
-0.0118265
-0.0117303
-0.0119226
-0.0121972
-0.0123482
-0.0124032
-0.0126778
-0.0132957
-0.0141745
-0.0150396
-0.0156025
-0.0157398
-0.0153966
-0.0147512
-0.0140646
-0.0136115
-0.0134879
-0.0135978
-0.0135978
-0.0131721
-0.0122521
-0.0113321
-0.0110438
-0.0117578
-0.0132133
-0.0146139
-0.0151082
-0.0145178
-0.0134742
-0.012925
-0.0131721
-0.0137763
-0.0141882
-0.0143393
-0.014559
-0.0150396
-0.01563
-0.0160007
-0.0159184
-0.0155201
-0.0151769
-0.0150807
-0.0149572
-0.0144903
-0.0138175
-0.0133369
-0.0132408
-0.0133094
-0.0132408
-0.0129936
-0.012719
-0.0127327
-0.0133232
-0.0143118
-0.0152181
-0.0155064
-0.0152043
-0.0146276
-0.0140784
-0.0136252
-0.013282
-0.0131721
-0.0133918
-0.0138587
-0.0144217
-0.014861
-0.0150533
-0.0150121
-0.014916
-0.014916
-0.0150533
-0.0151906
-0.0151631
-0.0148748
-0.0142569
-0.0135017
-0.0131721
-0.0137351
-0.0149572
-0.0160007
-0.0163303
-0.016193
-0.0163028
-0.0171542
-0.0188294
-0.0210264
-0.0233607
-0.0258048
-0.0287021
-0.0322585
-0.0362542
-0.0402912
-0.0443007
-0.0488595
-0.0547639
-0.0624671
-0.0717082
-0.0817045
-0.0916733
-0.101285
-0.110787
-0.120578
-0.13089
-0.141586
-0.15253
-0.163845
-0.175749
-0.188204
-0.200754
-0.212796
-0.224083
-0.234739
-0.24527
-0.256242
-0.267968
-0.280244
-0.292492
-0.304287
-0.315629
-0.326683
-0.337297
-0.34706
-0.355765
-0.363551
-0.370732
-0.377392
-0.383379
-0.388583
-0.393114
-0.397083
-0.40057
-0.403674
-0.406667
-0.409674
-0.412379
-0.414123
-0.414535
-0.413725
-0.41205
-0.409592
-0.406543
-0.403248
-0.400117
-0.397275
-0.39446
-0.391233
-0.387484
-0.383434
-0.379534
-0.375909
-0.37238
-0.368686
-0.364636
-0.360228
-0.355628
-0.351248
-0.347705
-0.345494
-0.344423
-0.343435
-0.341238
-0.337324
-0.332477
-0.328111
-0.325035
-0.323085
-0.321822
-0.321177
-0.321259
-0.321918
-0.322728
-0.323113
-0.322824
-0.321987
-0.321135
-0.320971
-0.321932
-0.323772
-0.325818
-0.327438
-0.328468
-0.329044
-0.329402
-0.329827
-0.330637
-0.332093
-0.334111
-0.33624
-0.33808
-0.339398
-0.340222
-0.340949
-0.342117
-0.34397
-0.346181
-0.347966
-0.348653
-0.348351
-0.347939
-0.348378
-0.350012
-0.352278
-0.354324
-0.355559
-0.35593
-0.355779
-0.355505
-0.355353
-0.355546
-0.356232
-0.357276
-0.358182
-0.358361
-0.35766
-0.356603
-0.355999
-0.356191
-0.356768
-0.357042
-0.356644
-0.355752
-0.354749
-0.353912
-0.353362
-0.353129
-0.353198
-0.353527
-0.353898
-0.354104
-0.353912
-0.353184
-0.351948
-0.350602
-0.349669
-0.349394
-0.349477
-0.34938
-0.348859
-0.348062
-0.347293
-0.34673
-0.346442
-0.346483
-0.346868
-0.347472
-0.348048
-0.348364
-0.348309
-0.347774
-0.34673
-0.345192
-0.34349
-0.342185
-0.341897
-0.342748
-0.344327
-0.345838
-0.346579
-0.346263
-0.345069
-0.343421
-0.341746
-0.340386
-0.339521
-0.339109
-0.338807
-0.338409
-0.338327
-0.339151
-0.340963
-0.343146
-0.344753
-0.345288
-0.344739
-0.343545
-0.34224
-0.341252
-0.340826
-0.340949
-0.34154
-0.342446
-0.34327
-0.343586
-0.343064
-0.341801
-0.340359
-0.33937
-0.339192
-0.339508
-0.339755
-0.339563
-0.339123
-0.338849
-0.338917
-0.339274
-0.339727
-0.340167
-0.34051
-0.340702
-0.340496
-0.339563
-0.337819
-0.335814
-0.334564
-0.334674
-0.335732
-0.336652
-0.33672
-0.336061
-0.335141
-0.334221
-0.333301
-0.332656
-0.332683
-0.33337
-0.33407
-0.33407
-0.333205
-0.332065
-0.33142
-0.331475
-0.331695
-0.331338
-0.330184
-0.328825
-0.328221
-0.328825
-0.330157
-0.331036
-0.330445
-0.328536
-0.326504
-0.325571
-0.325914
-0.326655
-0.326861
-0.326394
-0.325831
-0.325831
-0.326449
-0.326999
-0.326696
-0.325447
-0.323882
-0.322907
-0.322907
-0.323538
-0.324239
-0.324651
-0.324568
-0.32384
-0.322508
-0.320929
-0.319735
-0.319597
-0.32071
-0.322399
-0.32325
-0.322234
-0.319625
-0.316934
-0.31556
-0.315959
-0.317442
-0.318883
-0.319282
-0.318348
-0.31659
-0.31497
-0.314077
-0.313899
-0.314064
-0.314229
-0.314146
-0.313693
-0.312869
-0.311867
-0.310768
-0.309519
-0.308063
-0.306786
-0.306278
-0.306827
-0.308063
-0.30923
-0.309629
-0.309052
-0.307871
-0.306704
-0.305976
-0.305798
-0.3061
-0.306786
-0.307596
-0.307967
-0.307281
-0.305358
-0.3029
-0.301074
-0.300868
-0.302282
-0.304136
-0.30485
-0.303587
-0.301019
-0.298753
-0.298204
-0.299577
-0.302022
-0.304164
-0.305125
-0.30474
-0.303408
-0.301623
-0.299976
-0.299028
-0.299152
-0.300085
-0.301198
-0.30187
-0.301774
-0.300868
-0.299289
-0.297504
-0.296323
-0.296227
-0.296968
-0.297682
-0.297573
-0.296364
-0.294318
-0.292053
-0.29024
-0.289526
-0.290158
-0.291778
-0.293659
-0.294991
-0.295307
-0.294579
-0.29311
-0.291339
-0.289787
-0.288867
-0.288702
-0.288881
-0.288867
-0.288345
-0.287425
-0.286464
-0.28575
-0.285352
-0.285242
-0.285297
-0.285393
-0.285448
-0.285434
-0.285434
-0.285558
-0.285709
-0.285503
-0.284597
-0.283018
-0.28126
-0.280065
-0.279914
-0.280628
-0.281425
-0.281493
-0.280656
-0.279434
-0.278473
-0.278143
-0.278459
-0.279035
-0.279255
-0.27872
-0.277594
-0.276578
-0.27633
-0.27688
-0.277484
-0.277305
-0.27607
-0.274353
-0.272788
-0.271593
-0.270605
-0.269849
-0.269616
-0.270206
-0.271607
-0.27331
-0.274449
-0.274339
-0.272994
-0.271044
-0.269259
-0.268133
-0.267707
-0.267597
-0.267295
-0.266677
-0.266101
-0.26606
-0.266568
-0.267185
-0.267446
-0.267117
-0.266211
-0.264865
-0.263437
-0.262476
-0.262366
-0.263011
-0.263876
-0.264439
-0.264329
-0.263464
-0.262077
-0.260567
-0.259386
-0.258851
-0.258892
-0.25896
-0.258425
-0.257203
-0.255747
-0.254621
-0.253962
-0.253537
-0.253125
-0.252644
-0.251999
-0.25123
-0.250584
-0.250488
-0.251038
-0.251765
-0.251985
-0.251326
-0.249953
-0.248319
-0.246836
-0.245765
-0.245284
-0.245476
-0.246177
-0.246891
-0.246932
-0.246039
-0.244556
-0.243252
-0.242758
-0.24317
-0.244117
-0.245065
-0.245641
-0.24571
-0.245353
-0.244817
-0.244433
-0.24435
-0.244474
-0.244598
-0.244556
-0.244364
-0.243993
-0.243376
-0.242552
-0.241838
-0.241632
-0.242153
-0.243115
-0.243897
-0.244035
-0.243499
-0.242565
-0.241687
-0.241247
-0.241288
-0.241316
-0.240739
-0.239352
-0.237732
-0.236565
-0.236139
-0.236112
-0.236126
-0.236126
-0.236153
-0.236139
-0.235933
-0.235549
-0.235109
-0.234794
-0.234725
-0.234931
-0.235384
-0.235878
-0.236029
-0.235466
-0.234189
-0.232789
-0.231979
-0.231951
-0.232116
-0.231883
-0.231223
-0.230564
-0.230029
-0.229425
-0.228656
-0.227955
-0.227571
-0.227475
-0.227434
-0.227296
-0.227132
-0.227022
-0.226884
-0.226527
-0.225896
-0.225072
-0.224303
-0.223822
-0.223767
-0.224028
-0.224317
-0.224083
-0.222971
-0.221145
-0.219319
-0.218055
-0.217396
-0.216984
-0.216627
-0.216408
-0.216408
-0.216655
-0.217067
-0.217492
-0.217822
-0.218028
-0.218289
-0.218714
-0.219181
-0.219346
-0.218907
-0.218096
-0.217479
-0.21752
-0.218042
-0.218289
-0.217547
-0.215707
-0.213304
-0.210984
-0.20913
-0.20799
-0.207908
-0.208979
-0.210654
-0.212014
-0.212398
-0.211835
-0.210819
-0.209762
-0.208883
-0.20821
-0.207716
-0.207345
-0.207208
-0.207414
-0.208031
-0.208897
-0.209652
-0.209858
-0.209336
-0.208334
-0.207345
-0.206576
-0.205972
-0.205354
-0.204763
-0.204379
-0.204063
-0.203445
-0.202429
-0.201482
-0.201303
-0.202072
-0.203432
-0.20464
-0.205024
-0.204269
-0.202553
-0.200397
-0.198502
-0.197362
-0.196992
-0.19695
-0.196717
-0.196127
-0.195358
-0.194712
-0.19452
-0.194904
-0.195618
-0.196113
-0.195989
-0.195303
-0.194465
-0.193792
-0.193353
-0.192955
-0.192474
-0.192035
-0.191884
-0.192103
-0.19246
-0.192625
-0.192529
-0.19235
-0.192199
-0.191829
-0.190895
-0.189371
-0.187654
-0.186226
-0.185238
-0.184702
-0.184702
-0.185238
-0.185924
-0.186199
-0.186007
-0.185814
-0.185979
-0.186391
-0.186666
-0.186693
-0.186707
-0.187036
-0.187682
-0.188149
-0.187627
-0.185746
-0.183164
-0.181187
-0.180803
-0.181819
-0.183123
-0.183576
-0.182931
-0.181846
-0.181214
-0.181379
-0.18197
-0.182354
-0.182231
-0.181681
-0.180844
-0.179731
-0.178454
-0.177342
-0.176807
-0.177026
-0.177795
-0.178647
-0.179086
-0.17877
-0.177892
-0.177068
-0.177054
-0.178043
-0.179416
-0.18024
-0.179896
-0.178606
-0.177095
-0.175804
-0.174829
-0.174225
-0.174335
-0.175283
-0.17656
-0.17726
-0.176793
-0.175296
-0.173401
-0.171905
-0.171397
-0.171946
-0.172948
-0.173456
-0.172976
-0.171836
-0.170641
-0.169969
-0.170188
-0.171259
-0.172426
-0.172536
-0.171067
-0.168692
-0.166701
-0.166
-0.166701
-0.168376
-0.17049
-0.172523
-0.173978
-0.174308
-0.173429
-0.17185
-0.170312
-0.169131
-0.168033
-0.166687
-0.165204
-0.16416
-0.164215
-0.165602
-0.167895
-0.17001
-0.170971
-0.170628
-0.169639
-0.168623
-0.167497
-0.165822
-0.16368
-0.161785
-0.160892
-0.161071
-0.161757
-0.162348
-0.162499
-0.162293
-0.161977
-0.161908
-0.162362
-0.163446
-0.164902
-0.166041
-0.16611
-0.164806
-0.162622
-0.160563
-0.159451
-0.159478
-0.160178
-0.160947
-0.161387
-0.161442
-0.161126
-0.160453
-0.159313
-0.15783
-0.156526
-0.156045
-0.156636
-0.157803
-0.158736
-0.158736
-0.157693
-0.156155
-0.154947
-0.154452
-0.154301
-0.153876
-0.152928
-0.151912
-0.151363
-0.151418
-0.15183
-0.152146
-0.152104
-0.151747
-0.151459
-0.151445
-0.151569
-0.151459
-0.150978
-0.150347
-0.149866
-0.149633
-0.149674
-0.150045
-0.150841
-0.151898
-0.152846
-0.153244
-0.152928
-0.152104
-0.151212
-0.15069
-0.15058
-0.150676
-0.150841
-0.151006
-0.151088
-0.150786
-0.14977
-0.14815
-0.146529
-0.145513
-0.145239
-0.145445
-0.145912
-0.146584
-0.147367
-0.147916
-0.147916
-0.147463
-0.146886
-0.14631
-0.145568
-0.144635
-0.143907
-0.143921
-0.144717
-0.145692
-0.146172
-0.145994
-0.145431
-0.144909
-0.144689
-0.144744
-0.144744
-0.144291
-0.143289
-0.142094
-0.141243
-0.141023
-0.141284
-0.141545
-0.141339
-0.140584
-0.139705
-0.139252
-0.139348
-0.139609
-0.139499
-0.138867
-0.137961
-0.137233
-0.136904
-0.136849
-0.136876
-0.137014
-0.137659
-0.138964
-0.140405
-0.141023
-0.140337
-0.138689
-0.137137
-0.136588
-0.137192
-0.138126
-0.138222
-0.137
-0.135201
-0.134048
-0.134103
-0.134885
-0.135517
-0.135503
-0.134995
-0.134336
-0.133828
-0.133581
-0.133526
-0.133526
-0.133526
-0.133746
-0.134268
-0.134927
-0.135297
-0.13505
-0.134309
-0.13354
-0.133293
-0.133732
-0.134611
-0.135435
-0.135668
-0.135036
-0.13365
-0.132043
-0.13089
-0.130533
-0.130848
-0.13137
-0.131727
-0.13181
-0.1317
-0.131604
-0.131714
-0.132084
-0.132318
-0.13181
-0.130285
-0.128308
-0.126976
-0.127031
-0.128391
-0.130285
-0.131645
-0.131521
-0.129585
-0.126509
-0.123612
-0.122129
-0.122321
-0.123434
-0.124477
-0.124862
-0.124683
-0.124271
-0.123763
-0.123077
-0.122266
-0.121621
-0.12147
-0.121951
-0.122884
-0.123818
-0.124189
-0.123653
-0.122335
-0.12088
-0.120083
-0.120303
-0.121223
-0.122198
-0.122665
-0.122555
-0.122115
-0.121511
-0.120852
-0.120372
-0.120426
-0.120948
-0.121346
-0.120948
-0.11985
-0.118985
-0.119163
-0.12033
-0.121758
-0.12261
-0.122555
-0.121772
-0.120715
-0.119699
-0.118751
-0.117831
-0.117049
-0.116719
-0.117117
-0.118271
-0.11974
-0.120715
-0.12055
-0.119314
-0.117763
-0.116637
-0.116197
-0.116252
-0.116513
-0.116939
-0.117515
-0.118147
-0.118614
-0.118669
-0.118216
-0.117351
-0.116444
-0.115868
-0.115579
-0.115291
-0.114838
-0.114467
-0.114646
-0.115566
-0.116788
-0.117515
-0.117227
-0.116197
-0.115167
-0.114659
-0.114604
-0.114687
-0.114742
-0.114769
-0.114769
-0.114673
-0.114618
-0.114783
-0.115016
-0.114879
-0.113959
-0.112353
-0.11065
-0.109524
-0.109345
-0.109853
-0.110444
-0.110567
-0.110238
-0.109908
-0.109895
-0.110032
-0.109812
-0.10903
-0.107945
-0.107093
-0.106915
-0.107602
-0.10892
-0.110334
-0.111158
-0.111007
-0.109867
-0.108274
-0.106984
-0.106613
-0.107217
-0.108384
-0.109551
-0.110293
-0.110334
-0.10951
-0.108137
-0.106778
-0.106091
-0.106228
-0.10686
-0.107396
-0.107382
-0.106723
-0.105693
-0.104732
-0.104196
-0.104196
-0.104691
-0.105418
-0.106036
-0.106228
-0.106077
-0.105816
-0.105638
-0.105446
-0.105185
-0.104965
-0.104965
-0.105322
-0.10583
-0.105981
-0.105418
-0.104375
-0.103455
-0.103084
-0.103166
-0.103262
-0.103111
-0.102837
-0.102631
-0.102521
-0.102452
-0.10237
-0.102342
-0.10248
-0.102864
-0.103304
-0.103359
-0.102631
-0.101217
-0.0997336
-0.0989234
-0.0990607
-0.0998434
-0.10064
-0.100928
-0.100544
-0.0997061
-0.0988136
-0.0982094
-0.0981819
-0.0988136
-0.0999945
-0.101258
-0.102054
-0.102054
-0.101326
-0.100365
-0.0996924
-0.0995551
-0.0997336
-0.0996512
-0.0989097
-0.0977013
-0.096699
-0.0965342
-0.0971796
-0.0980446
-0.098333
-0.0977013
-0.0965067
-0.0955044
-0.0952435
-0.095724
-0.0965891
-0.0973581
-0.0977013
-0.0975228
-0.0969736
-0.0963145
-0.0956829
-0.0952435
-0.0950238
-0.0950924
-0.0953945
-0.0959026
-0.0965205
-0.0971384
-0.0974542
-0.0969461
-0.0953808
-0.0932799
-0.0918244
-0.0918107
-0.0929778
-0.0943647
-0.0951611
-0.0952572
-0.0951061
-0.0950512
-0.0949551
-0.094502
-0.0937468
-0.0931838
-0.0931289
-0.0933897
-0.0935408
-0.0934859
-0.0935408
-0.093939
-0.0945432
-0.0948727
-0.094502
-0.0934996
-0.0925247
-0.0922913
-0.0927993
-0.0932112
-0.0926483
-0.0911653
-0.0896274
-0.0888722
-0.0888996
-0.0892017
-0.0892155
-0.0887761
-0.0882405
-0.088117
-0.0886525
-0.0895175
-0.0902178
-0.0904238
-0.090108
-0.0893802
-0.0885426
-0.0879385
-0.0876364
-0.0873618
-0.0867713
-0.0859886
-0.0855355
-0.0858239
-0.086785
-0.0880346
-0.0891743
-0.0898471
-0.0898196
-0.0890919
-0.0880346
-0.0871146
-0.0865653
-0.0863594
-0.0863594
-0.0864143
-0.0863456
-0.086071
-0.085714
-0.0854806
-0.0855492
-0.0858239
-0.0860161
-0.0859886
-0.0859062
-0.086071
-0.0864692
-0.0866889
-0.0863045
-0.0853982
-0.0844233
-0.0838466
-0.0839152
-0.0846704
-0.0857689
-0.0865791
-0.0867027
-0.0863182
-0.0858513
-0.085508
-0.085206
-0.0849863
-0.0850412
-0.0854257
-0.0860298
-0.0867576
-0.0874853
-0.088117
-0.0885701
-0.0889958
-0.0894489
-0.0895999
-0.0889271
-0.0873892
-0.0855492
-0.0842173
-0.0838466
-0.0843958
-0.0852197
-0.0854943
-0.0846842
-0.0830914
-0.0816496
-0.0812788
-0.0821714
-0.0835719
-0.0843546
-0.0838878
-0.0825421
-0.081375
-0.0810729
-0.0813612
-0.0812788
-0.0803176
-0.0787798
-0.0774616
-0.0768025
-0.0768025
-0.0772419
-0.0778186
-0.0782854
-0.0786424
-0.0791505
-0.0800156
-0.0811003
-0.082034
-0.0823087
-0.0816221
-0.0800293
-0.0781619
-0.0766652
-0.0757864
-0.0753195
-0.0750861
-0.075141
-0.0754705
-0.0757452
-0.0756628
-0.0752783
-0.0748801
-0.0746604
-0.0746329
-0.0748389
-0.0752371
-0.0756765
-0.0760061
-0.0761296
-0.0759237
-0.0750449
-0.0733147
-0.0710216
-0.0690581
-0.0684676
-0.0697446
-0.0724222
-0.0752234
-0.0768574
-0.0768986
-0.0757177
-0.0740837
-0.0726831
-0.0720789
-0.0724359
-0.0734932
-0.0746055
-0.0752646
-0.0753332
-0.0749076
-0.0742485
-0.0736306
-0.0732598
-0.07315
-0.0730813
-0.0730127
-0.0730401
-0.0732873
-0.0736306
-0.0739601
-0.0740288
-0.0734795
-0.0720927
-0.0702252
-0.0687285
-0.0683852
-0.0693327
-0.0709392
-0.0724359
-0.0732873
-0.0735207
-0.0734246
-0.0731362
-0.0725458
-0.0717357
-0.0712139
-0.0714198
-0.0721476
-0.0726694
-0.0724909
-0.0717219
-0.070953
-0.0707058
-0.0712413
-0.0724909
-0.0739464
-0.0750998
-0.0757314
-0.0758825
-0.075649
-0.0749488
-0.073864
-0.0727655
-0.072024
-0.0717082
-0.0716945
-0.071818
-0.0720377
-0.07223
-0.0721751
-0.0717219
-0.0709255
-0.0701016
-0.0695524
-0.0694014
-0.0695387
-0.0697034
-0.0697996
-0.0697172
-0.0692503
-0.0683029
-0.0672318
-0.0665865
-0.0666688
-0.0673417
-0.0682479
-0.0689894
-0.0692228
-0.0686599
-0.0673554
-0.0657489
-0.0645268
-0.0641835
-0.0646916
-0.0657077
-0.0668062
-0.0677536
-0.0684402
-0.0687697
-0.0687011
-0.0682754
-0.0678223
-0.0675888
-0.0676026
-0.0676987
-0.0676575
-0.0674378
-0.0670808
-0.0668611
-0.0670808
-0.0677536
-0.0684539
-0.0686599
-0.0683166
-0.0677948
-0.0674653
-0.0674378
-0.0675751
-0.0677536
-0.0678772
-0.0678085
-0.0674927
-0.0670396
-0.0666276
-0.0664491
-0.0664903
-0.0666551
-0.0668062
-0.0668748
-0.0668062
-0.0666139
-0.0663118
-0.0659136
-0.0653918
-0.0648426
-0.0644993
-0.0646504
-0.0653232
-0.0661745
-0.0667238
-0.06671
-0.0662157
-0.0655566
-0.0650211
-0.0648563
-0.0652408
-0.0660509
-0.0668062
-0.0670533
-0.0666826
-0.0659411
-0.0651721
-0.0646092
-0.0644307
-0.0645954
-0.0648975
-0.0651721
-0.0654605
-0.0657351
-0.0656527
-0.0648014
-0.0633047
-0.0618629
-0.0612038
-0.0615059
-0.0624122
-0.0633322
-0.0636754
-0.0630575
-0.0615059
-0.0596247
-0.0582379
-0.0579907
-0.0588695
-0.0603113
-0.0614098
-0.0614647
-0.0604898
-0.0592815
-0.0586773
-0.0589931
-0.0599406
-0.0610528
-0.0618767
-0.0619865
-0.061245
-0.0600092
-0.0588833
-0.0583065
-0.0582379
-0.0583889
-0.0584713
-0.0584988
-0.0587459
-0.0593089
-0.0599268
-0.0600092
-0.0592677
-0.0580868
-0.0571669
-0.0569197
-0.0573591
-0.0582654
-0.0593364
-0.0601877
-0.0604486
-0.0600504
-0.0594188
-0.0590892
-0.0591991
-0.059405
-0.0591716
-0.0584576
-0.0577298
-0.057414
-0.0572492
-0.0567
-0.0557251
-0.0549287
-0.0549424
-0.0557525
-0.0569746
-0.058334
-0.0595561
-0.0602701
-0.0600779
-0.0589656
-0.0575239
-0.0566039
-0.0566588
-0.0574003
-0.0581006
-0.0583752
-0.0583477
-0.0583477
-0.0583203
-0.0579495
-0.0572081
-0.056549
-0.0562469
-0.0560272
-0.0555191
-0.054709
-0.0540087
-0.053789
-0.0540636
-0.054503
-0.0545854
-0.0540087
-0.0531299
-0.052718
-0.0533084
