LECROYHDO9204-MSöv,30454,Waveform
Segments,1,SegmentSize,2002
Ampl
-0.0117578
-0.0135566
-0.0152455
-0.0159046
-0.0152455
-0.0139685
-0.0130073
-0.0128151
-0.0130623
-0.0133643
-0.0136664
-0.0140234
-0.0143393
-0.0143942
-0.0141058
-0.0135703
-0.0129936
-0.0126915
-0.0128838
-0.0137626
-0.0151494
-0.0166324
-0.0175936
-0.0177446
-0.0171816
-0.0163303
-0.0155613
-0.0150945
-0.0150945
-0.0155888
-0.0160831
-0.0158222
-0.0144217
-0.012513
-0.0113047
-0.0116342
-0.0131996
-0.0149434
-0.0159733
-0.0160282
-0.0155339
-0.0152455
-0.0156437
-0.0165363
-0.0170855
-0.016701
-0.0154927
-0.0141608
-0.0132682
-0.0130348
-0.0131996
-0.0132957
-0.013076
-0.0128426
-0.0131172
-0.0140509
-0.0151906
-0.0159046
-0.015836
-0.0150945
-0.0139273
-0.0126641
-0.0117578
-0.0115656
-0.0120736
-0.0129387
-0.0136252
-0.0138861
-0.0137763
-0.0135978
-0.0136527
-0.0140234
-0.0143942
-0.0143118
-0.0136939
-0.0128151
-0.0120873
-0.0116342
-0.0113596
-0.0112497
-0.0114145
-0.0118814
-0.0122659
-0.0122659
-0.0120736
-0.0121697
-0.0126915
-0.013227
-0.013433
-0.0133918
-0.0134055
-0.0134605
-0.0131721
-0.0122384
-0.0108515
-0.00968439
-0.0093823
-0.0102062
-0.0116891
-0.0129524
-0.0134879
-0.0134879
-0.0135017
-0.0138312
-0.0142569
-0.0145452
-0.0146688
-0.014559
-0.0140784
-0.0132133
-0.0123345
-0.0119363
-0.0123345
-0.0134879
-0.0147512
-0.0152455
-0.0144079
-0.0126229
-0.0108515
-0.00984916
-0.00971185
-0.0101787
-0.0110575
-0.0121285
-0.0131996
-0.0140234
-0.0144903
-0.014559
-0.0141058
-0.0131309
-0.0118265
-0.0106044
-0.00976678
-0.00945096
-0.00961573
-0.0100689
-0.0106868
-0.0114557
-0.0124169
-0.0133643
-0.0138449
-0.0135978
-0.0127739
-0.0118539
-0.011236
-0.0110712
-0.0112497
-0.0115106
-0.011593
-0.0115244
-0.0114145
-0.0113733
-0.0114008
-0.0115656
-0.0119226
-0.0123345
-0.0126503
-0.0128975
-0.0132682
-0.0138999
-0.0144628
-0.0145727
-0.0141058
-0.0132682
-0.0124993
-0.0122247
-0.0126503
-0.013584
-0.0145727
-0.0152181
-0.0153966
-0.0151219
-0.0143118
-0.0130211
-0.0115656
-0.0104945
-0.010165
-0.0105083
-0.0111674
-0.0116891
-0.0117303
-0.0113733
-0.0110026
-0.0109202
-0.0110987
-0.0113047
-0.0114008
-0.0113871
-0.0111948
-0.0107554
-0.0102336
-0.0101238
-0.0108515
-0.0123894
-0.0140372
-0.0148336
-0.0142981
-0.0128014
-0.0113459
-0.0107829
-0.0113596
-0.0127464
-0.0143805
-0.0156987
-0.0163166
-0.016193
-0.0155751
-0.0148199
-0.0140921
-0.0133781
-0.0125679
-0.0116342
-0.010673
-0.00991782
-0.00957454
-0.00978051
-0.0105357
-0.0117029
-0.0129936
-0.0140646
-0.0147649
-0.0152181
-0.0155064
-0.015424
-0.0147924
-0.0139685
-0.0136527
-0.0141608
-0.0150533
-0.0155201
-0.0150807
-0.0138861
-0.0124856
-0.011442
-0.0111399
-0.0115381
-0.0121011
-0.0122247
-0.0117715
-0.0111536
-0.0108927
-0.0111948
-0.0117303
-0.0120324
-0.0120324
-0.0122933
-0.0132408
-0.0146688
-0.015781
-0.0158772
-0.0149022
-0.0133781
-0.0118676
-0.0107829
-0.0101787
-0.0100002
-0.0101512
-0.0105495
-0.0110163
-0.0113596
-0.0114694
-0.0116068
-0.0121835
-0.0133781
-0.0148199
-0.0160282
-0.0166873
-0.0166873
-0.0160007
-0.0147512
-0.013227
-0.011799
-0.0108515
-0.0106868
-0.0115106
-0.0130897
-0.0147512
-0.0157673
-0.0157261
-0.0148473
-0.0137214
-0.0129799
-0.0127739
-0.0128151
-0.0126778
-0.0123482
-0.0121148
-0.0121423
-0.0123482
-0.0126366
-0.0129661
-0.013227
-0.0131996
-0.0127602
-0.0120873
-0.0114694
-0.0111536
-0.0112909
-0.0118951
-0.0126915
-0.013227
-0.0131996
-0.0127602
-0.0124169
-0.0125267
-0.0130073
-0.0134605
-0.0135291
-0.0132408
-0.0129387
-0.0128426
-0.0128014
-0.0125679
-0.012307
-0.012362
-0.0128975
-0.013584
-0.0139548
-0.0137076
-0.0129524
-0.0119775
-0.0113596
-0.011442
-0.0121697
-0.0130623
-0.0137488
-0.0140646
-0.0138999
-0.0131584
-0.012005
-0.0109751
-0.0106456
-0.0111674
-0.0122796
-0.013433
-0.0140372
-0.0137763
-0.0127602
-0.0114694
-0.0104945
-0.0102062
-0.0109065
-0.0126366
-0.014861
-0.0166186
-0.0171679
-0.0166324
-0.0158085
-0.0153691
-0.0153691
-0.0153828
-0.0149434
-0.0140234
-0.013076
-0.0126503
-0.0128288
-0.0131446
-0.0130211
-0.0123757
-0.0115244
-0.0109202
-0.0109889
-0.0118814
-0.0132408
-0.0142294
-0.0142706
-0.0134467
-0.0124581
-0.0118814
-0.0117853
-0.0119088
-0.0119638
-0.0118539
-0.0117303
-0.0116617
-0.0115656
-0.0112223
-0.0107829
-0.0105769
-0.0107829
-0.0113047
-0.012005
-0.0128288
-0.0137214
-0.0144628
-0.0146551
-0.0139685
-0.0124856
-0.0107692
-0.00972558
-0.0101101
-0.0119638
-0.014504
-0.0164264
-0.0167285
-0.0154378
-0.0134467
-0.0118539
-0.0111399
-0.0110575
-0.0111948
-0.0113733
-0.0117303
-0.0123345
-0.0130485
-0.0137076
-0.0142157
-0.0146276
-0.0150945
-0.0157948
-0.0166049
-0.017113
-0.0170031
-0.0163028
-0.0153966
-0.0148336
-0.0148336
-0.0152043
-0.015479
-0.0153554
-0.0150121
-0.0148336
-0.014916
-0.0150807
-0.0150533
-0.0148061
-0.0144354
-0.0140372
-0.0136664
-0.0135429
-0.0138037
-0.0142981
-0.0148061
-0.0153416
-0.0160557
-0.0169482
-0.017621
-0.0176073
-0.0166873
-0.0151906
-0.0137626
-0.0131172
-0.013433
-0.0142294
-0.0149297
-0.0156163
-0.0168795
-0.0191726
-0.0221523
-0.0250221
-0.0271642
-0.0285922
-0.0297594
-0.0313934
-0.0341396
-0.0383551
-0.0440398
-0.0509192
-0.0586086
-0.0668611
-0.075649
-0.0851373
-0.0952984
-0.105665
-0.115621
-0.124958
-0.134171
-0.144181
-0.155784
-0.169282
-0.184318
-0.199999
-0.215213
-0.229136
-0.241577
-0.253042
-0.264329
-0.275973
-0.288002
-0.300044
-0.311647
-0.322591
-0.332903
-0.342611
-0.351605
-0.359789
-0.367258
-0.374385
-0.381511
-0.388665
-0.395352
-0.400872
-0.404758
-0.407148
-0.408534
-0.409413
-0.410196
-0.411226
-0.412503
-0.413409
-0.413024
-0.410882
-0.407381
-0.403371
-0.399472
-0.395751
-0.391988
-0.387924
-0.383667
-0.379438
-0.375566
-0.372257
-0.3694
-0.366641
-0.363359
-0.359281
-0.354736
-0.350589
-0.34728
-0.344437
-0.34121
-0.337173
-0.332628
-0.328262
-0.324582
-0.321849
-0.319982
-0.318815
-0.318101
-0.317661
-0.317428
-0.317373
-0.317442
-0.317373
-0.316783
-0.315547
-0.31405
-0.313116
-0.313391
-0.31486
-0.316851
-0.318513
-0.31935
-0.319625
-0.320092
-0.321451
-0.323785
-0.3266
-0.329141
-0.330706
-0.331132
-0.331036
-0.331598
-0.333699
-0.337091
-0.340579
-0.342913
-0.343654
-0.343339
-0.342872
-0.342886
-0.343503
-0.34452
-0.345769
-0.347238
-0.348804
-0.350149
-0.350946
-0.351234
-0.35144
-0.351866
-0.352154
-0.351907
-0.351316
-0.351083
-0.351756
-0.353156
-0.354722
-0.355889
-0.356301
-0.355697
-0.353953
-0.351234
-0.3482
-0.345742
-0.344753
-0.345412
-0.34706
-0.348625
-0.349367
-0.34938
-0.349119
-0.348694
-0.347801
-0.346222
-0.344121
-0.342034
-0.340538
-0.339892
-0.340071
-0.340743
-0.341471
-0.341897
-0.341787
-0.34121
-0.340496
-0.339933
-0.339631
-0.339453
-0.339233
-0.338876
-0.338478
-0.338272
-0.338327
-0.338382
-0.338176
-0.337791
-0.337558
-0.337626
-0.33797
-0.338492
-0.339096
-0.339535
-0.339412
-0.338601
-0.337475
-0.336693
-0.336652
-0.337201
-0.337805
-0.338176
-0.338354
-0.33856
-0.338917
-0.339384
-0.339892
-0.340428
-0.340812
-0.340908
-0.340881
-0.341128
-0.341842
-0.342542
-0.342474
-0.341293
-0.339618
-0.338354
-0.337915
-0.33797
-0.337956
-0.337421
-0.336377
-0.335127
-0.33418
-0.334001
-0.334715
-0.335855
-0.336487
-0.335759
-0.333782
-0.331612
-0.330527
-0.331008
-0.332367
-0.333438
-0.33359
-0.33304
-0.332436
-0.33223
-0.332367
-0.332409
-0.331983
-0.331022
-0.329923
-0.329182
-0.329017
-0.329305
-0.329731
-0.329896
-0.329539
-0.328523
-0.32715
-0.325955
-0.325433
-0.325694
-0.326436
-0.327136
-0.327369
-0.327026
-0.326298
-0.325625
-0.325351
-0.325378
-0.325227
-0.32439
-0.322865
-0.32108
-0.31946
-0.318142
-0.317112
-0.316535
-0.3167
-0.31762
-0.318856
-0.319831
-0.320215
-0.320105
-0.319872
-0.31979
-0.319776
-0.31957
-0.318966
-0.318018
-0.316824
-0.315382
-0.313734
-0.3121
-0.310892
-0.31037
-0.310521
-0.31107
-0.31151
-0.311414
-0.310919
-0.310576
-0.310727
-0.311002
-0.310727
-0.309656
-0.308214
-0.307061
-0.306718
-0.307253
-0.308201
-0.308764
-0.308393
-0.307239
-0.305907
-0.304836
-0.304136
-0.303656
-0.303326
-0.303093
-0.302749
-0.302173
-0.301376
-0.300539
-0.299715
-0.299028
-0.298795
-0.299371
-0.300745
-0.302255
-0.303161
-0.303065
-0.302296
-0.3015
-0.301019
-0.300731
-0.30047
-0.300319
-0.300442
-0.300717
-0.300772
-0.300374
-0.299646
-0.298891
-0.298314
-0.297998
-0.297833
-0.297614
-0.297202
-0.296694
-0.296419
-0.296488
-0.296611
-0.296378
-0.295623
-0.294565
-0.293618
-0.293124
-0.293
-0.292849
-0.292314
-0.291654
-0.29149
-0.292121
-0.293028
-0.293275
-0.292314
-0.290474
-0.288743
-0.287974
-0.288249
-0.288881
-0.289073
-0.288592
-0.287782
-0.287164
-0.287041
-0.287233
-0.287247
-0.286643
-0.285475
-0.284281
-0.283635
-0.283649
-0.283924
-0.283951
-0.283553
-0.282825
-0.282056
-0.281576
-0.281493
-0.281548
-0.281287
-0.280601
-0.279942
-0.279942
-0.280669
-0.28148
-0.281603
-0.280779
-0.279351
-0.277964
-0.277141
-0.276935
-0.277031
-0.276976
-0.276715
-0.276509
-0.27666
-0.277113
-0.277456
-0.277237
-0.276413
-0.275465
-0.27515
-0.27574
-0.276852
-0.27769
-0.277745
-0.276893
-0.275507
-0.274065
-0.272953
-0.272142
-0.271401
-0.270632
-0.270042
-0.269726
-0.269437
-0.268861
-0.268119
-0.26768
-0.267776
-0.268092
-0.268119
-0.267721
-0.267268
-0.267185
-0.26746
-0.267666
-0.267405
-0.266815
-0.266403
-0.266526
-0.266897
-0.26676
-0.265634
-0.26378
-0.26205
-0.261185
-0.261432
-0.262489
-0.263904
-0.265002
-0.265167
-0.264055
-0.261858
-0.259359
-0.257478
-0.256681
-0.256805
-0.257217
-0.257423
-0.257299
-0.256997
-0.256736
-0.256558
-0.256242
-0.25539
-0.253798
-0.251875
-0.250502
-0.250227
-0.250763
-0.251257
-0.251024
-0.250104
-0.248923
-0.247907
-0.247289
-0.247207
-0.247577
-0.248058
-0.248278
-0.248154
-0.247838
-0.247536
-0.247262
-0.246891
-0.246355
-0.245765
-0.245339
-0.245161
-0.245078
-0.244804
-0.244103
-0.24306
-0.242002
-0.241343
-0.241302
-0.241824
-0.242565
-0.242977
-0.242785
-0.242071
-0.24122
-0.240547
-0.240094
-0.239764
-0.239476
-0.239215
-0.238872
-0.238405
-0.238075
-0.238377
-0.239284
-0.240149
-0.240286
-0.239737
-0.239091
-0.238693
-0.23824
-0.237238
-0.235823
-0.234629
-0.234107
-0.234176
-0.234382
-0.234409
-0.234244
-0.233997
-0.23353
-0.232404
-0.230386
-0.227832
-0.225649
-0.224632
-0.224962
-0.226102
-0.227283
-0.227955
-0.228093
-0.227983
-0.227942
-0.227997
-0.227832
-0.227035
-0.225374
-0.223287
-0.221625
-0.221104
-0.221667
-0.222587
-0.223122
-0.223067
-0.222696
-0.222298
-0.222037
-0.221955
-0.222106
-0.222339
-0.222298
-0.22168
-0.220486
-0.219044
-0.217849
-0.217122
-0.216792
-0.216627
-0.216325
-0.215858
-0.215309
-0.214856
-0.214622
-0.214677
-0.215007
-0.215501
-0.215872
-0.215831
-0.215213
-0.214073
-0.212755
-0.211835
-0.211808
-0.212604
-0.213496
-0.213812
-0.213387
-0.212631
-0.212055
-0.212
-0.212357
-0.212645
-0.212357
-0.211423
-0.210187
-0.209089
-0.208306
-0.207647
-0.206768
-0.205546
-0.204297
-0.203583
-0.203596
-0.204008
-0.204338
-0.204448
-0.204516
-0.20453
-0.2042
-0.203294
-0.202003
-0.200932
-0.200644
-0.201207
-0.202168
-0.202951
-0.203184
-0.202718
-0.201578
-0.199999
-0.198447
-0.197349
-0.19695
-0.19717
-0.197747
-0.198433
-0.199147
-0.199889
-0.200589
-0.201029
-0.200891
-0.199916
-0.198186
-0.196127
-0.194369
-0.193463
-0.1936
-0.19452
-0.195564
-0.196127
-0.196017
-0.195467
-0.194891
-0.194534
-0.19441
-0.194383
-0.194177
-0.1936
-0.192776
-0.192144
-0.192035
-0.192419
-0.193023
-0.1936
-0.193971
-0.193998
-0.193573
-0.192955
-0.192653
-0.193023
-0.193682
-0.193779
-0.192735
-0.19073
-0.188574
-0.187009
-0.186268
-0.186048
-0.185952
-0.185883
-0.18613
-0.186982
-0.188231
-0.189096
-0.188629
-0.186652
-0.184071
-0.182313
-0.182368
-0.184057
-0.186268
-0.187819
-0.18808
-0.187352
-0.186474
-0.185993
-0.185705
-0.185018
-0.18381
-0.182656
-0.182189
-0.18245
-0.182903
-0.182945
-0.18234
-0.181269
-0.180075
-0.179141
-0.178619
-0.178331
-0.177919
-0.177246
-0.176518
-0.176093
-0.176079
-0.17623
-0.176161
-0.175695
-0.175022
-0.1745
-0.17428
-0.174198
-0.173882
-0.17336
-0.173031
-0.173319
-0.174157
-0.175022
-0.175461
-0.17531
-0.174678
-0.173772
-0.172729
-0.171671
-0.170971
-0.171026
-0.171809
-0.172619
-0.172523
-0.171026
-0.168623
-0.166536
-0.165739
-0.166344
-0.167593
-0.168568
-0.168925
-0.168953
-0.168925
-0.168705
-0.168005
-0.166838
-0.165643
-0.164696
-0.163831
-0.162801
-0.16173
-0.161153
-0.161538
-0.16276
-0.163982
-0.164298
-0.163487
-0.162279
-0.161661
-0.162101
-0.163295
-0.164559
-0.165231
-0.16497
-0.163913
-0.162471
-0.161153
-0.160274
-0.159945
-0.160027
-0.160247
-0.160316
-0.16
-0.159245
-0.158187
-0.157185
-0.156732
-0.157075
-0.157981
-0.158833
-0.159135
-0.15886
-0.158311
-0.157762
-0.157308
-0.156979
-0.156704
-0.156416
-0.156128
-0.155963
-0.155977
-0.156059
-0.155963
-0.155468
-0.15448
-0.153093
-0.151665
-0.150621
-0.150182
-0.150306
-0.150635
-0.150786
-0.150566
-0.150155
-0.149866
-0.149811
-0.14988
-0.149976
-0.150141
-0.150484
-0.150937
-0.151184
-0.150951
-0.150127
-0.14896
-0.147793
-0.146914
-0.146475
-0.146502
-0.146928
-0.147449
-0.147587
-0.146914
-0.145431
-0.143728
-0.142534
-0.142149
-0.142451
-0.143124
-0.143824
-0.14414
-0.143783
-0.142932
-0.142232
-0.142122
-0.142534
-0.143069
-0.143467
-0.143522
-0.143124
-0.142369
-0.141724
-0.141751
-0.142438
-0.143179
-0.143412
-0.143124
-0.142685
-0.142204
-0.141463
-0.140254
-0.138758
-0.137453
-0.136835
-0.137165
-0.13825
-0.139485
-0.140213
-0.140103
-0.139238
-0.138071
-0.137124
-0.136849
-0.137371
-0.138414
-0.139403
-0.139787
-0.139403
-0.138483
-0.137604
-0.137261
-0.137604
-0.138346
-0.139046
-0.139334
-0.139115
-0.138442
-0.137563
-0.136698
-0.136011
-0.135723
-0.136039
-0.136863
-0.137577
-0.137398
-0.13619
-0.134679
-0.133759
-0.133581
-0.133608
-0.133402
-0.1331
-0.133073
-0.133444
-0.133924
-0.134158
-0.133979
-0.133622
-0.133567
-0.134089
-0.134858
-0.135091
-0.134226
-0.132428
-0.13045
-0.129173
-0.129022
-0.129764
-0.13089
-0.131865
-0.132345
-0.132276
-0.131892
-0.131576
-0.131714
-0.132331
-0.133004
-0.133087
-0.13218
-0.130615
-0.129187
-0.128624
-0.128912
-0.129489
-0.129681
-0.129256
-0.128308
-0.127251
-0.126454
-0.126221
-0.126606
-0.127388
-0.128185
-0.128569
-0.128349
-0.127608
-0.126592
-0.125466
-0.124326
-0.123283
-0.122596
-0.122541
-0.123145
-0.12412
-0.124862
-0.124999
-0.124614
-0.12412
-0.123749
-0.123296
-0.122417
-0.121058
-0.119658
-0.118943
-0.119397
-0.120852
-0.122623
-0.123955
-0.124354
-0.12364
-0.122129
-0.120578
-0.11974
-0.119699
-0.119987
-0.120207
-0.120303
-0.12022
-0.119767
-0.11882
-0.117708
-0.117213
-0.117914
-0.119465
-0.120797
-0.120825
-0.119438
-0.117653
-0.11676
-0.117447
-0.119342
-0.121346
-0.122308
-0.121813
-0.120413
-0.119163
-0.118751
-0.119026
-0.119424
-0.11952
-0.119259
-0.118779
-0.118161
-0.117474
-0.116925
-0.116801
-0.117172
-0.117886
-0.118738
-0.119534
-0.120015
-0.119836
-0.118943
-0.117818
-0.117049
-0.116925
-0.117241
-0.117612
-0.117708
-0.11757
-0.117364
-0.117186
-0.116801
-0.115923
-0.114536
-0.113025
-0.111913
-0.111405
-0.111378
-0.111639
-0.112174
-0.112957
-0.113712
-0.114014
-0.113726
-0.11319
-0.112888
-0.112957
-0.113204
-0.113369
-0.11341
-0.11341
-0.113533
-0.113849
-0.114302
-0.114604
-0.114453
-0.113726
-0.11249
-0.110924
-0.109373
-0.108137
-0.107409
-0.107093
-0.107121
-0.107492
-0.108343
-0.109593
-0.110911
-0.111652
-0.111185
-0.109442
-0.107093
-0.105322
-0.10491
-0.10572
-0.10697
-0.107917
-0.108288
-0.108274
-0.108151
-0.108137
-0.108425
-0.10903
-0.109771
-0.110279
-0.110087
-0.109043
-0.107423
-0.10583
-0.104814
-0.104636
-0.105102
-0.105789
-0.106379
-0.106599
-0.106297
-0.105542
-0.104704
-0.104237
-0.104265
-0.104485
-0.104457
-0.10399
-0.10318
-0.102274
-0.10145
-0.100791
-0.10042
-0.100434
-0.100805
-0.101326
-0.101807
-0.102205
-0.102672
-0.103208
-0.103551
-0.103523
-0.103125
-0.102603
-0.102068
-0.101656
-0.101546
-0.101876
-0.102425
-0.102727
-0.102507
-0.101944
-0.101519
-0.101381
-0.101217
-0.100736
-0.0999945
-0.0993216
-0.0990333
-0.0992392
-0.0997336
-0.100228
-0.100351
-0.0998846
-0.099047
-0.0983467
-0.0982506
-0.0989097
-0.0999807
-0.100901
-0.101162
-0.100626
-0.09961
-0.0985801
-0.0977837
-0.097207
-0.096699
-0.0961772
-0.095573
-0.0948315
-0.0940076
-0.0934035
-0.0932936
-0.0938017
-0.0946393
-0.0953258
-0.0955867
-0.0955867
-0.0956142
-0.0956691
-0.0954082
-0.0946256
-0.0935545
-0.0927032
-0.0923874
-0.0924286
-0.0924698
-0.0924972
-0.0928954
-0.0938154
-0.0949688
-0.0956691
-0.0954082
-0.0943097
-0.0930602
-0.092456
-0.0925521
-0.0926208
-0.0919205
-0.0903689
-0.0886937
-0.08776
-0.0880071
-0.0892292
-0.0907259
-0.0916322
-0.0916459
-0.0914262
-0.0919892
-0.0936369
-0.0955455
-0.0964381
-0.0956691
-0.0936644
-0.091536
-0.0902178
-0.0898883
-0.0900943
-0.0902178
-0.0898334
-0.0888173
-0.0874579
-0.0863594
-0.0861534
-0.0869498
-0.0882131
-0.0892429
-0.0897372
-0.0896137
-0.0888173
-0.0874991
-0.0863868
-0.0864006
-0.0876089
-0.0889546
-0.0892841
-0.0882405
-0.086483
-0.0848764
-0.0839152
-0.0835857
-0.0836543
-0.0839015
-0.0842997
-0.0849725
-0.0859337
-0.0868537
-0.0873068
-0.0871009
-0.0864967
-0.0859612
-0.0855492
-0.0849039
-0.083723
-0.0822949
-0.0814299
-0.0816358
-0.082597
-0.0834072
-0.0834072
-0.0826931
-0.0817732
-0.0810454
-0.0807021
-0.0808532
-0.081677
-0.0830227
-0.0843134
-0.0848215
-0.0841898
-0.0827069
-0.0810317
-0.0797959
-0.0792329
-0.0791505
-0.0793702
-0.0798508
-0.0806472
-0.0817045
-0.0827206
-0.0832561
-0.0830364
-0.0820615
-0.0806884
-0.0793153
-0.0781756
-0.0773929
-0.0771457
-0.0775302
-0.078409
-0.0793565
-0.0800018
-0.0801803
-0.0800018
-0.0797684
-0.0796036
-0.0793977
-0.0789171
-0.0782854
-0.0779147
-0.0780657
-0.0785326
-0.0788209
-0.0787935
-0.0787798
-0.0789857
-0.0791093
-0.0786013
-0.0771869
-0.0752371
-0.0735344
-0.0728616
-0.0735619
-0.0753882
-0.0776126
-0.0794389
-0.0804
-0.0804962
-0.0798645
-0.0788759
-0.0779559
-0.0774204
-0.0771595
-0.0768025
-0.0761296
-0.075292
-0.0746192
-0.0743308
-0.074372
-0.0744956
-0.0745231
-0.0746329
-0.0750586
-0.0758275
-0.0765278
-0.0766652
-0.0760747
-0.0749625
-0.073658
-0.0724222
-0.0715022
-0.0711589
-0.0716258
-0.072793
-0.0741935
-0.075141
-0.0751273
-0.0742073
-0.073095
-0.0728341
-0.0737953
-0.0754019
-0.0765278
-0.0764866
-0.0753195
-0.0736855
-0.0723124
-0.0717219
-0.0721064
-0.0731912
-0.0743995
-0.0750449
-0.0748114
-0.0739876
-0.0731362
-0.0726419
-0.0723948
-0.0721064
-0.0717219
-0.0714473
-0.071461
-0.0717768
-0.0722437
-0.0726831
-0.0729165
-0.0727792
-0.0721064
-0.0709804
-0.0698407
-0.069113
-0.0689208
-0.0689482
-0.0688384
-0.0686187
-0.0686324
-0.0692228
-0.0704312
-0.0719416
-0.0732598
-0.0739464
-0.0737267
-0.0727655
-0.0715434
-0.070541
-0.0699781
-0.0699231
-0.0704037
-0.0713649
-0.0724909
-0.0733147
-0.0735894
-0.0734521
-0.0732461
-0.0730264
-0.0726968
-0.0721339
-0.0714748
-0.0710079
-0.070953
-0.0711727
-0.0712688
-0.0708569
-0.0699094
-0.0687834
-0.0681243
-0.0684951
-0.069827
-0.0713649
-0.0721064
-0.0715709
-0.0701016
-0.0685088
-0.0674653
-0.0671906
-0.0672867
-0.0670396
-0.0661471
-0.0651447
-0.0648014
-0.0653095
-0.0661471
-0.0667238
-0.0668748
-0.0667238
-0.0662706
-0.065488
-0.0645817
-0.0638677
-0.0634557
-0.0631949
-0.0629889
-0.0628928
-0.0629752
-0.0631811
-0.0635107
-0.0640325
-0.0647877
-0.0655841
-0.0660647
-0.0659274
-0.0652271
-0.0643757
-0.0638951
-0.0639089
-0.0641011
-0.0641148
-0.0638265
-0.063291
-0.0625907
-0.0619179
-0.0615608
-0.0617943
-0.0624534
-0.0630987
-0.0634146
-0.0633734
-0.0630163
-0.0624259
-0.0617943
-0.0615334
-0.0618767
-0.0627143
-0.0635793
-0.0639775
-0.0635793
-0.062371
-0.0607095
-0.0591991
-0.058334
-0.0582791
-0.0588146
-0.0595424
-0.0601465
-0.0605173
-0.060737
-0.0608331
-0.0608331
-0.0608194
-0.0609567
-0.061245
-0.0613961
-0.0612999
-0.0612725
-0.0616432
-0.0623435
-0.062879
-0.0628378
-0.062165
-0.0610253
-0.0597621
-0.0587734
-0.0586224
-0.0596934
-0.0620002
-0.0648151
-0.0669297
-0.0672318
-0.0656802
-0.0633047
-0.0613137
-0.0602289
-0.059817
-0.0597209
-0.0599406
-0.0606134
-0.0617531
-0.0629477
-0.0635381
-0.0630575
-0.0616982
-0.060174
-0.0592128
-0.0589931
-0.0593227
-0.0600779
-0.0610802
-0.0618492
-0.0618355
-0.0611077
-0.06038
-0.0603662
-0.0610116
-0.0615334
-0.0612725
-0.06038
-0.0597621
-0.060174
-0.061451
-0.0626593
-0.0630438
-0.0625495
-0.0617393
-0.0610253
-0.0605447
-0.0601053
-0.0595698
-0.0590343
-0.0587459
-0.0588833
-0.0592815
-0.0595424
-0.0593913
-0.0589244
-0.0585537
-0.0585125
-0.0588558
-0.0594325
-0.0601191
-0.060737
-0.0611489
-0.0611489
-0.0607507
-0.0600779
-0.0593089
-0.0584576
-0.0574827
-0.0563979
-0.0555328
-0.055272
-0.0557114
-0.0565764
-0.05762
-0.0587734
-0.0598582
-0.0604623
-0.0602701
-0.0594874
-0.0587048
-0.0582516
-0.0579083
-0.0573728
-0.0566451
-0.0560546
-0.0558212
-0.0558624
-0.0557937
-0.0552994
-0.0545717
-0.0540773
-0.0539126
-0.0538164
-0.0536654
-0.0537203
-0.054146
-0.0548051
-0.0552582
-0.0551758
-0.0545717
-0.0538164
-0.0535006
-0.0538439
-0.0544893
-0.0547776
-0.0545167
-0.0540361
-0.0537615
-0.0536929
-0.0537478
-0.0541323
-0.0551758
-0.0567275
-0.058128
-0.058691
-0.0581418
-0.0567687
-0.0550248
