LECROYHDO9204-MSöv,30454,Waveform
Segments,1,SegmentSize,2002
Ampl
-0.0117853
-0.0126915
-0.0131446
-0.0130073
-0.0124718
-0.0116891
-0.0108378
-0.0102886
-0.0103298
-0.0110026
-0.0118951
-0.0124444
-0.0120462
-0.0105906
-0.00857216
-0.00696561
-0.00653995
-0.0074462
-0.00928618
-0.0113596
-0.0128975
-0.0133506
-0.0127876
-0.0118951
-0.0114283
-0.0114969
-0.0116479
-0.0113871
-0.0108927
-0.0108241
-0.0115656
-0.0127327
-0.0134055
-0.012925
-0.0114008
-0.00961573
-0.00850351
-0.00855843
-0.00973931
-0.0114008
-0.0126366
-0.0128838
-0.012362
-0.0118676
-0.012005
-0.0127602
-0.0136802
-0.0142981
-0.0143942
-0.0140097
-0.0134605
-0.0131446
-0.0132133
-0.0133781
-0.0132133
-0.0124856
-0.0114008
-0.0103709
-0.00995901
-0.0104671
-0.0116205
-0.0126091
-0.0126778
-0.0116342
-0.00975305
-0.00769337
-0.0062104
-0.00574354
-0.0061692
-0.00699308
-0.00781695
-0.00853097
-0.00910768
-0.00947842
-0.009602
-0.00967066
-0.0100826
-0.0111674
-0.0128288
-0.0144628
-0.0152043
-0.0145727
-0.01287
-0.0110163
-0.00975305
-0.00936857
-0.00979424
-0.0108515
-0.0121285
-0.0129387
-0.0128426
-0.012005
-0.01103
-0.0103709
-0.0100139
-0.00973931
-0.00940977
-0.00913514
-0.00902529
-0.00919007
-0.00965693
-0.0104121
-0.0114557
-0.0126091
-0.0135017
-0.0137488
-0.0134742
-0.0130211
-0.0127053
-0.0124718
-0.012156
-0.011799
-0.0114832
-0.0112635
-0.0110163
-0.0107966
-0.0107142
-0.0108378
-0.0110026
-0.0109202
-0.010522
-0.0102199
-0.0106044
-0.0118265
-0.0134055
-0.0146414
-0.0152043
-0.0151494
-0.014559
-0.0134605
-0.0120736
-0.0109339
-0.0105083
-0.0108103
-0.0114832
-0.012005
-0.0121148
-0.0117715
-0.0111536
-0.010522
-0.0101375
-0.0102062
-0.0108241
-0.0118402
-0.0127327
-0.012925
-0.0122384
-0.0110575
-0.00991782
-0.00903902
-0.00831127
-0.00769337
-0.00735009
-0.0074874
-0.00817396
-0.00924499
-0.0104533
-0.0115656
-0.0124581
-0.0130073
-0.0130623
-0.0125542
-0.0116754
-0.0108653
-0.0105632
-0.0109751
-0.0117441
-0.0121972
-0.0117715
-0.0105495
-0.0093823
-0.00908022
-0.00978051
-0.0108378
-0.0115381
-0.0116891
-0.0116205
-0.0117166
-0.0120736
-0.0123757
-0.0121285
-0.0112223
-0.0101512
-0.00967066
-0.0100551
-0.0108653
-0.0114283
-0.0113596
-0.010879
-0.0104396
-0.0104533
-0.0108927
-0.0114694
-0.0118814
-0.0121285
-0.0122521
-0.0121148
-0.0114969
-0.0105357
-0.00975305
-0.00961573
-0.0102474
-0.0115244
-0.0131172
-0.0143667
-0.014504
-0.0134879
-0.0121148
-0.0113184
-0.0113733
-0.0118814
-0.012362
-0.0126641
-0.01287
-0.0130348
-0.013076
-0.0128426
-0.0123208
-0.0117303
-0.0113184
-0.0112223
-0.011236
-0.0110575
-0.0106318
-0.010165
-0.0100963
-0.0106044
-0.0112497
-0.0113321
-0.0106181
-0.00967066
-0.00929992
-0.00972558
-0.0105083
-0.0111811
-0.0114969
-0.0113596
-0.0105632
-0.00932738
-0.00828381
-0.00809157
-0.00888798
-0.0102062
-0.0114008
-0.0120187
-0.0121011
-0.0120599
-0.0122659
-0.0126229
-0.0126641
-0.0119775
-0.0106456
-0.0091626
-0.00820142
-0.00816023
-0.00897037
-0.0101238
-0.01103
-0.0113321
-0.0109614
-0.00998648
-0.00869574
-0.0076659
-0.00743247
-0.0081053
-0.00925872
-0.010316
-0.0109339
-0.0111399
-0.0110438
-0.0108241
-0.0106318
-0.0104671
-0.0101924
-0.00976678
-0.00928618
-0.00892917
-0.00875067
-0.00877813
-0.00908022
-0.0096432
-0.0103298
-0.0110163
-0.0115793
-0.0118951
-0.0118951
-0.0117166
-0.0115381
-0.0114694
-0.0114832
-0.0116754
-0.0121011
-0.012719
-0.0132545
-0.0135017
-0.0135429
-0.013584
-0.0137626
-0.0141333
-0.0147375
-0.0154515
-0.0160557
-0.0163303
-0.0161381
-0.0154515
-0.014353
-0.0132545
-0.0126641
-0.0128426
-0.0134879
-0.0140509
-0.0142294
-0.0141196
-0.0138999
-0.0136802
-0.0133781
-0.0128151
-0.0119088
-0.010879
-0.0102748
-0.0105083
-0.0115656
-0.0129936
-0.0141196
-0.0143667
-0.0134879
-0.0119363
-0.010673
-0.0103847
-0.0110163
-0.0118814
-0.012362
-0.0122521
-0.0117715
-0.0113321
-0.0111948
-0.0113184
-0.011442
-0.011442
-0.0113733
-0.0113321
-0.0114008
-0.0116891
-0.0122521
-0.0128975
-0.0131446
-0.0125542
-0.0113047
-0.0102062
-0.010165
-0.0114283
-0.0133232
-0.0148061
-0.0152867
-0.0150396
-0.0146002
-0.0142294
-0.0137351
-0.0130485
-0.0123345
-0.0118127
-0.0115381
-0.0114832
-0.0116342
-0.0120462
-0.0126366
-0.0133232
-0.0138724
-0.0140097
-0.0137214
-0.0133369
-0.0132957
-0.0136802
-0.014202
-0.014504
-0.0143393
-0.0136527
-0.0125954
-0.0117166
-0.011593
-0.012307
-0.0132957
-0.0140372
-0.014559
-0.0152867
-0.0163989
-0.0175936
-0.0183488
-0.0182801
-0.0174562
-0.0164401
-0.0158772
-0.0159321
-0.0161243
-0.0159321
-0.0153142
-0.0147512
-0.0147512
-0.0154515
-0.01655
-0.0175936
-0.0180055
-0.0174288
-0.0160419
-0.0145315
-0.0136802
-0.0136664
-0.0140097
-0.0142569
-0.0143393
-0.0144491
-0.0146825
-0.0148885
-0.0149572
-0.0149572
-0.0149434
-0.0148199
-0.0144628
-0.0139411
-0.0136115
-0.01379
-0.0146139
-0.0158497
-0.0168933
-0.017058
-0.0161655
-0.0149434
-0.0143667
-0.0148473
-0.015987
-0.0172228
-0.0181153
-0.0184312
-0.0180055
-0.0170031
-0.0159458
-0.0153966
-0.0155888
-0.0163166
-0.0172777
-0.0180604
-0.0181565
-0.0173739
-0.0161243
-0.015273
-0.0155201
-0.0169757
-0.0189118
-0.0204359
-0.0211225
-0.0213834
-0.0220013
-0.0233881
-0.0253517
-0.0276723
-0.0304734
-0.0342083
-0.0392614
-0.0456601
-0.0529788
-0.0605722
-0.0680008
-0.0753744
-0.0830914
-0.0913163
-0.0997885
-0.108178
-0.116678
-0.125754
-0.135654
-0.146008
-0.156237
-0.166275
-0.17645
-0.187064
-0.197939
-0.208526
-0.218179
-0.226624
-0.23408
-0.241302
-0.24906
-0.25778
-0.267117
-0.276207
-0.284061
-0.290117
-0.294552
-0.298163
-0.302008
-0.306676
-0.311881
-0.316673
-0.320064
-0.321726
-0.321904
-0.321094
-0.3199
-0.318897
-0.318403
-0.318169
-0.31751
-0.315904
-0.313515
-0.311057
-0.309066
-0.307349
-0.305152
-0.301912
-0.297998
-0.294387
-0.291627
-0.289306
-0.286354
-0.282152
-0.277168
-0.272733
-0.27
-0.269094
-0.269012
-0.268408
-0.266471
-0.263272
-0.259647
-0.256612
-0.2548
-0.254031
-0.25355
-0.252562
-0.250914
-0.249047
-0.247481
-0.246493
-0.246122
-0.246245
-0.246575
-0.246795
-0.246808
-0.246918
-0.247467
-0.248497
-0.249623
-0.250406
-0.250928
-0.251655
-0.252919
-0.254621
-0.256255
-0.257491
-0.258411
-0.259317
-0.26032
-0.261185
-0.261817
-0.262558
-0.263904
-0.265867
-0.267941
-0.269492
-0.270206
-0.27033
-0.270453
-0.271236
-0.272788
-0.274449
-0.275342
-0.275177
-0.2746
-0.274642
-0.275699
-0.277237
-0.278239
-0.278088
-0.277031
-0.275987
-0.27574
-0.276399
-0.277511
-0.278486
-0.278912
-0.27861
-0.277731
-0.276742
-0.27607
-0.27574
-0.275301
-0.274353
-0.27309
-0.272129
-0.271799
-0.27173
-0.271291
-0.270344
-0.269479
-0.269341
-0.270165
-0.271648
-0.27331
-0.274559
-0.274861
-0.274106
-0.272815
-0.271909
-0.271882
-0.27239
-0.272499
-0.27173
-0.270522
-0.269808
-0.27
-0.270701
-0.271236
-0.271305
-0.271058
-0.270742
-0.270344
-0.269671
-0.268723
-0.267845
-0.267405
-0.267515
-0.268037
-0.268641
-0.268888
-0.268394
-0.267199
-0.265867
-0.265098
-0.265057
-0.265345
-0.265359
-0.26481
-0.26389
-0.263121
-0.263052
-0.263972
-0.26573
-0.26757
-0.268531
-0.268023
-0.266334
-0.264425
-0.263327
-0.263368
-0.264041
-0.264467
-0.264055
-0.262888
-0.261514
-0.260594
-0.26054
-0.261295
-0.262242
-0.262723
-0.262503
-0.262009
-0.261844
-0.26216
-0.262599
-0.26275
-0.262503
-0.262119
-0.261817
-0.261638
-0.261363
-0.2608
-0.260114
-0.259771
-0.260086
-0.260869
-0.261611
-0.261899
-0.261707
-0.261185
-0.260608
-0.2601
-0.259633
-0.259043
-0.258411
-0.258027
-0.258013
-0.257986
-0.257464
-0.256406
-0.255322
-0.254786
-0.254978
-0.255747
-0.256818
-0.257848
-0.258315
-0.25778
-0.256324
-0.254745
-0.253962
-0.254251
-0.255075
-0.255624
-0.255432
-0.25447
-0.253029
-0.251532
-0.250612
-0.250612
-0.251326
-0.252012
-0.252026
-0.251436
-0.250873
-0.2509
-0.251367
-0.251614
-0.251106
-0.249843
-0.24836
-0.247248
-0.246863
-0.247124
-0.247646
-0.247838
-0.247165
-0.245641
-0.24376
-0.242208
-0.241385
-0.241398
-0.24225
-0.243801
-0.245518
-0.246479
-0.246108
-0.244611
-0.242854
-0.241755
-0.241591
-0.241948
-0.242222
-0.242085
-0.241577
-0.240959
-0.240396
-0.239998
-0.239709
-0.239284
-0.238446
-0.237128
-0.235686
-0.234725
-0.234684
-0.235672
-0.237348
-0.239146
-0.240465
-0.241
-0.240849
-0.240286
-0.239503
-0.238542
-0.237485
-0.236537
-0.235974
-0.235906
-0.236373
-0.237183
-0.237993
-0.238364
-0.238158
-0.237581
-0.236949
-0.236551
-0.23651
-0.236853
-0.237375
-0.237677
-0.237361
-0.236318
-0.234876
-0.233695
-0.233311
-0.233901
-0.234972
-0.235645
-0.235206
-0.233736
-0.23202
-0.231045
-0.231265
-0.2325
-0.234121
-0.235398
-0.235878
-0.23537
-0.234066
-0.232514
-0.231278
-0.230729
-0.230743
-0.23088
-0.230647
-0.229905
-0.228848
-0.227873
-0.227283
-0.227132
-0.227283
-0.227516
-0.227791
-0.228065
-0.228216
-0.228106
-0.227818
-0.227598
-0.227475
-0.227228
-0.226569
-0.225498
-0.224221
-0.222985
-0.222147
-0.221982
-0.222326
-0.222518
-0.221914
-0.22039
-0.218522
-0.217108
-0.2166
-0.217067
-0.218261
-0.219689
-0.220637
-0.220486
-0.219181
-0.217314
-0.21579
-0.215103
-0.215076
-0.215144
-0.214897
-0.214293
-0.21362
-0.213167
-0.213071
-0.213236
-0.213565
-0.213936
-0.214293
-0.214458
-0.214265
-0.213648
-0.2127
-0.211739
-0.211162
-0.211217
-0.211725
-0.212096
-0.211766
-0.210709
-0.209405
-0.20854
-0.208347
-0.208622
-0.208814
-0.208416
-0.207441
-0.206343
-0.205697
-0.205587
-0.205848
-0.206301
-0.206906
-0.207592
-0.208183
-0.208512
-0.208594
-0.208402
-0.207894
-0.207166
-0.206384
-0.205656
-0.204956
-0.20431
-0.203953
-0.20394
-0.204063
-0.203926
-0.203418
-0.202869
-0.202718
-0.203075
-0.203651
-0.203953
-0.203706
-0.202814
-0.201509
-0.200191
-0.199216
-0.198735
-0.198708
-0.199051
-0.199724
-0.200548
-0.201138
-0.201207
-0.200672
-0.199793
-0.198941
-0.19842
-0.198255
-0.198186
-0.197857
-0.197143
-0.19614
-0.195207
-0.194685
-0.194698
-0.195001
-0.195124
-0.19474
-0.19393
-0.193147
-0.192941
-0.193504
-0.19452
-0.195261
-0.195124
-0.194218
-0.193216
-0.192749
-0.192804
-0.192735
-0.192035
-0.190813
-0.189563
-0.188629
-0.18797
-0.187517
-0.187462
-0.188011
-0.188835
-0.189192
-0.188533
-0.187119
-0.185677
-0.184785
-0.184565
-0.184881
-0.185567
-0.186377
-0.186982
-0.187256
-0.187284
-0.187242
-0.18716
-0.186954
-0.186583
-0.186048
-0.185361
-0.184537
-0.183645
-0.182794
-0.182134
-0.181709
-0.181544
-0.181626
-0.181942
-0.182437
-0.182903
-0.183192
-0.183302
-0.183343
-0.183274
-0.183013
-0.182464
-0.18164
-0.180569
-0.179361
-0.17829
-0.177699
-0.177686
-0.177892
-0.177672
-0.176573
-0.174706
-0.172619
-0.170916
-0.170078
-0.170312
-0.171397
-0.172687
-0.173429
-0.173141
-0.171932
-0.170504
-0.169625
-0.169557
-0.1699
-0.170092
-0.169927
-0.169584
-0.169227
-0.168829
-0.168321
-0.167648
-0.166783
-0.16563
-0.164435
-0.163652
-0.163584
-0.164133
-0.164984
-0.165767
-0.166179
-0.166193
-0.166069
-0.166151
-0.166577
-0.167113
-0.167332
-0.166907
-0.165836
-0.164476
-0.163378
-0.162938
-0.163089
-0.163309
-0.163103
-0.16243
-0.161428
-0.160288
-0.159135
-0.158283
-0.158119
-0.158778
-0.160041
-0.161524
-0.162746
-0.163199
-0.162554
-0.16092
-0.159011
-0.157817
-0.15783
-0.158764
-0.159862
-0.160522
-0.160508
-0.159945
-0.159121
-0.158379
-0.157899
-0.157542
-0.157171
-0.156951
-0.157171
-0.157748
-0.158174
-0.158022
-0.157391
-0.156704
-0.156292
-0.156018
-0.155565
-0.154754
-0.15378
-0.152956
-0.152654
-0.152887
-0.153354
-0.153766
-0.153972
-0.154082
-0.154095
-0.154027
-0.153848
-0.153532
-0.152997
-0.152214
-0.151377
-0.150759
-0.150498
-0.150566
-0.150786
-0.151006
-0.151143
-0.151198
-0.151129
-0.150841
-0.150237
-0.149495
-0.148946
-0.148891
-0.149248
-0.149564
-0.149523
-0.149221
-0.148987
-0.148987
-0.149042
-0.148768
-0.148026
-0.14701
-0.146063
-0.145404
-0.14506
-0.145005
-0.145225
-0.145582
-0.145843
-0.145802
-0.145527
-0.145266
-0.145252
-0.145527
-0.145966
-0.146406
-0.146681
-0.146612
-0.146172
-0.145417
-0.144552
-0.143742
-0.143069
-0.142575
-0.142273
-0.142122
-0.141957
-0.141518
-0.140707
-0.13976
-0.139211
-0.139485
-0.140433
-0.141449
-0.141861
-0.141394
-0.140117
-0.138373
-0.136808
-0.136011
-0.1363
-0.137412
-0.138675
-0.139362
-0.139032
-0.137728
-0.135984
-0.134693
-0.134446
-0.135174
-0.136176
-0.136876
-0.137179
-0.137316
-0.137522
-0.137645
-0.137426
-0.136657
-0.135462
-0.134116
-0.132936
-0.132208
-0.132098
-0.132441
-0.132826
-0.132853
-0.132482
-0.132002
-0.131521
-0.131054
-0.130711
-0.130697
-0.131137
-0.131741
-0.132263
-0.132647
-0.132867
-0.132785
-0.132373
-0.132002
-0.132139
-0.132894
-0.133952
-0.134679
-0.134625
-0.133705
-0.132318
-0.131096
-0.130437
-0.130437
-0.130807
-0.131192
-0.131274
-0.13089
-0.130093
-0.129077
-0.128088
-0.127388
-0.127127
-0.12732
-0.127786
-0.128185
-0.128088
-0.127388
-0.1264
-0.125548
-0.125095
-0.12504
-0.125315
-0.12574
-0.126043
-0.12596
-0.125493
-0.124985
-0.124793
-0.124917
-0.125054
-0.124807
-0.124065
-0.123035
-0.122019
-0.121292
-0.120921
-0.120838
-0.12088
-0.120935
-0.120976
-0.121099
-0.121443
-0.122129
-0.123159
-0.124381
-0.125397
-0.125837
-0.125631
-0.12493
-0.123983
-0.122926
-0.121937
-0.121209
-0.120742
-0.12033
-0.119877
-0.119438
-0.119273
-0.119479
-0.119891
-0.120179
-0.120015
-0.119342
-0.118408
-0.11779
-0.117996
-0.118998
-0.120248
-0.120976
-0.120742
-0.119767
-0.118641
-0.117845
-0.117392
-0.117049
-0.116637
-0.116321
-0.116431
-0.117131
-0.118106
-0.118559
-0.117941
-0.116527
-0.11514
-0.114412
-0.114412
-0.114714
-0.114907
-0.114701
-0.114069
-0.113273
-0.11271
-0.112668
-0.112902
-0.112929
-0.11249
-0.111886
-0.111776
-0.11249
-0.113739
-0.114783
-0.115112
-0.114728
-0.114234
-0.11422
-0.114838
-0.115717
-0.116293
-0.11617
-0.115305
-0.114096
-0.112998
-0.112215
-0.111597
-0.110993
-0.110567
-0.110622
-0.111007
-0.111048
-0.110307
-0.109139
-0.108467
-0.108851
-0.110018
-0.111227
-0.112092
-0.112723
-0.113286
-0.113684
-0.11352
-0.112655
-0.111281
-0.109799
-0.108563
-0.107753
-0.107615
-0.108192
-0.109126
-0.109661
-0.109194
-0.10778
-0.106228
-0.105405
-0.105665
-0.106695
-0.107766
-0.108165
-0.107588
-0.10627
-0.10491
-0.104265
-0.104718
-0.105981
-0.107382
-0.108316
-0.108618
-0.108425
-0.107904
-0.107025
-0.105816
-0.104471
-0.103249
-0.102452
-0.102137
-0.102178
-0.102548
-0.103359
-0.104581
-0.105858
-0.106462
-0.105926
-0.104539
-0.103166
-0.102796
-0.103798
-0.105624
-0.10708
-0.107135
-0.10583
-0.104224
-0.103345
-0.103249
-0.10329
-0.102919
-0.102288
-0.101931
-0.102329
-0.103496
-0.105089
-0.106434
-0.106929
-0.106544
-0.105762
-0.105116
-0.104704
-0.104279
-0.103592
-0.10259
-0.101381
-0.100214
-0.0993491
-0.0990333
-0.0992804
-0.0998846
-0.100461
-0.100599
-0.100145
-0.0994177
-0.0989646
-0.0991294
-0.0996649
-0.0999258
-0.0994177
-0.0981407
-0.0967539
-0.0960536
-0.096342
-0.097056
-0.0973031
-0.0968225
-0.0961772
-0.0960948
-0.0967264
-0.0976876
-0.0984703
-0.0987037
-0.0982369
-0.0972482
-0.096342
-0.0961497
-0.0967539
-0.097564
-0.0978661
-0.0975228
-0.0971109
-0.0972619
-0.097921
-0.0984428
-0.0981133
-0.0969187
-0.0955318
-0.0947217
-0.0946942
-0.0952709
-0.0961085
-0.0970834
-0.098127
-0.0990058
-0.0992392
-0.0983604
-0.0964381
-0.0942685
-0.0929503
-0.0931014
-0.0942411
-0.0952709
-0.0953121
-0.0944196
-0.093376
-0.0929915
-0.0934172
-0.0943097
-0.0952297
-0.0959437
-0.0962733
-0.096136
-0.0956691
-0.0951336
-0.0945569
-0.0936644
-0.0923187
-0.0908357
-0.0897784
-0.0894626
-0.0898059
-0.090465
-0.0911516
-0.0917008
-0.0921127
-0.0925384
-0.0931014
-0.093582
-0.0934996
-0.0925796
-0.0911104
-0.0896686
-0.0887211
-0.0883916
-0.0883916
-0.0882955
-0.0878286
-0.0871832
-0.0868125
-0.0868262
-0.0869498
-0.0869086
-0.0866065
-0.0861259
-0.0855904
-0.0852883
-0.0854394
-0.0860298
-0.086634
-0.0869498
-0.0869361
-0.0867576
-0.0864967
-0.0861534
-0.0857277
-0.0852334
-0.0846567
-0.0841624
-0.0841075
-0.0848078
-0.0860573
-0.0871421
-0.0872931
-0.0863319
-0.0846842
-0.0831875
-0.0824597
-0.0825696
-0.0831875
-0.0839564
-0.0846292
-0.0850686
-0.0851373
-0.0847803
-0.0840113
-0.0829815
-0.0819517
-0.0812651
-0.0810729
-0.0812514
-0.0814711
-0.0814573
-0.0813338
-0.0813887
-0.0816221
-0.0817594
-0.0815947
-0.0812514
-0.0809493
-0.0807982
-0.0809218
-0.0814299
-0.0822537
-0.0828991
-0.0826794
-0.0814024
-0.0795762
-0.0781207
-0.0776401
-0.0781756
-0.0792878
-0.0803039
-0.0805785
-0.080098
-0.0794526
-0.0794114
-0.080043
-0.080606
-0.0803451
-0.0792466
-0.0778872
-0.0768849
-0.0765004
-0.0768574
-0.0778048
-0.0788896
-0.0795212
-0.0794389
-0.0788621
-0.078258
-0.0778872
-0.0776401
-0.0772831
-0.0768025
-0.0765278
-0.0766789
-0.0770771
-0.0772693
-0.0770771
-0.0769123
-0.0772693
-0.0781207
-0.0789033
-0.078972
-0.0781893
-0.0769123
-0.0757452
-0.0752096
-0.0755392
-0.0764866
-0.0773654
-0.077489
-0.0766377
-0.0753332
-0.0744407
-0.0745094
-0.0753195
-0.0760335
-0.0760198
-0.075347
-0.0746467
-0.0744544
-0.0748252
-0.0754019
-0.0757864
-0.075855
-0.0757177
-0.0755529
-0.075498
-0.0755392
-0.0756216
-0.075704
-0.0756902
-0.0754843
-0.0750861
-0.0746741
-0.0744682
-0.0744544
-0.0743995
-0.0741523
-0.0738365
-0.0736168
-0.0735207
-0.0734658
-0.0735207
-0.0738503
-0.0745917
-0.075649
-0.076569
-0.0768299
-0.0761571
-0.0749213
-0.0736855
-0.072738
-0.071818
-0.0708431
-0.0701978
-0.07039
-0.0714473
-0.0726831
-0.0733285
-0.0729577
-0.0717494
-0.070239
-0.0690031
-0.0683166
-0.0681243
-0.068344
-0.0688521
-0.06947
-0.0697858
-0.0695249
-0.0688109
-0.0679321
-0.0670808
-0.0663256
-0.0657763
-0.0655292
-0.0655566
-0.0656253
-0.0654742
-0.0651172
-0.0648151
-0.0649524
-0.0657077
-0.0668611
-0.0677948
-0.0681243
-0.0680557
-0.0682205
-0.0688933
-0.0696897
-0.0697721
-0.0685775
-0.0663118
-0.0639913
-0.0628378
-0.063442
-0.0652683
-0.0672867
-0.0685775
-0.0688521
-0.0682342
-0.067067
-0.0658038
-0.0648838
-0.0646366
-0.065076
-0.0658999
-0.0665727
-0.0668748
-0.0670533
-0.0675064
-0.0682617
-0.0687697
-0.0684814
-0.0672867
-0.0656665
-0.0643895
-0.064005
-0.064568
-0.0655292
-0.0661196
-0.0659411
-0.0652271
-0.0644581
-0.0639363
-0.0637578
-0.0639501
-0.0645542
-0.0655292
-0.0666276
-0.0673417
-0.0669984
-0.0652271
-0.062522
-0.0602838
-0.0598307
-0.0613686
-0.0639775
-0.066408
-0.067836
-0.0681243
-0.0676987
-0.0671357
-0.0666551
-0.0660509
-0.0651309
-0.0642247
-0.0637716
-0.0639226
-0.0643757
-0.064719
-0.0647739
-0.0646916
-0.0647327
-0.0650348
-0.0654056
-0.0653369
-0.0645542
-0.0632498
-0.0619728
-0.0612862
-0.0615334
-0.0625495
-0.0636342
-0.0639775
-0.0634832
-0.0628653
-0.0628653
-0.0635107
-0.0641835
-0.0643895
-0.0641286
-0.0636892
-0.063291
-0.0629202
-0.0623984
-0.061657
-0.0609292
-0.0605997
-0.0608056
-0.0612588
-0.0615883
-0.0616707
-0.0615334
-0.061245
-0.0609841
-0.0610391
-0.0615608
-0.0622886
-0.0627555
-0.0627692
-0.0624946
-0.0620826
-0.0616982
-0.0614785
-0.0615883
-0.0620689
-0.0626868
-0.0631674
-0.0631949
-0.0626593
-0.0619179
-0.0615059
-0.0616844
-0.0620826
-0.0621238
-0.061602
-0.0609429
-0.060682
-0.0609841
-0.0614785
-0.0615471
-0.0608331
-0.0595835
-0.0585125
-0.0581967
-0.0585812
-0.0590892
-0.0592128
-0.0587871
-0.0580319
-0.0575513
-0.0579221
-0.0591167
-0.0603113
-0.0605997
-0.0598994
-0.0589107
-0.0582104
-0.0578534
-0.0575513
-0.0572081
-0.0569334
-0.0567824
-0.0567824
-0.0569334
-0.0573042
-0.0579495
-0.0585949
-0.0587322
-0.058183
-0.0573728
-0.0570982
-0.0574689
-0.057771
-0.0573316
-0.0562881
-0.0553818
-0.0551346
-0.0554917
-0.0560409
-0.0563018
-0.055931
-0.0550385
-0.0541597
-0.0538576
-0.0542147
-0.0547227
-0.0549973
-0.0550797
-0.0553681
-0.056137
-0.0572492
-0.0582516
-0.0585812
-0.0580868
-0.0571943
-0.0564666
-0.0561233
-0.0561096
-0.0561782
-0.0560134
-0.0553818
-0.0544206
-0.053789
-0.0542147
-0.0557114
-0.0575513
-0.0587322
-0.0587185
-0.0575101
-0.0556015
-0.0537066
-0.0523747
-0.0516744
-0.051235
-0.0507956
-0.0506171
-0.0511389
-0.0525394
-0.0544206
-0.0559997
-0.0566039
-0.0561507
-0.0552033
-0.0545305
-0.0545167
-0.0548326
-0.05486
-0.0540361
-0.0523884
-0.050672
-0.0499992
-0.0508642
-0.0525806
-0.0539263
-0.0541735
-0.0534869
-0.0524708
-0.0515371
-0.0507544
-0.0501914
-0.0500953
-0.0507269
-0.0520039
-0.053432
-0.0544069
-0.0547914
-0.0549012
-0.0551072
-0.0554093
-0.055629
-0.0554367
-0.0546266
-0.0532397
-0.0516881
-0.0505484
-0.0501228
-0.0503013
-0.0507407
-0.0512487
-0.0517156
-0.0521412
-0.052663
-0.053432
-0.0542009
-0.0545442
-0.0542696
-0.0536791
-0.0532123
-0.0530063
-0.0529102
-0.0528141
-0.0525257
-0.0519902
-0.0513174
-0.0507956
-0.0505896
-0.0505484
-0.0505484
-0.0506033
-0.0507819
-0.0508917
-0.0506995
-0.0502051
-0.0498069
-0.049958
-0.0509054
-0.0523335
-0.053432
-0.0533908
-0.0521138
-0.0503699
-0.0491204
-0.0487496
-0.0490929
-0.0498344
-0.0506583
-0.0511801
-0.0510839
-0.0502875
-0.0490655
-0.0480631
-0.0479807
-0.0490792
-0.050823
-0.0520726
-0.0520589
-0.0509466
-0.049601
-0.0487084
-0.0484887
-0.048681
-0.0489144
-0.0489281
-0.0488869
-0.0491478
-0.0497657
-0.0502875
-0.0503425
-0.0501639
-0.0502875
-0.0507681
-0.0510427
-0.050466
-0.0490243
-0.0474314
-0.0465115
-0.0466488
-0.0474177
-0.0480768
-0.0480219
-0.0471019
-0.0456052
-0.0441497
-0.0433395
-0.0435318
-0.0444792
-0.0454953
-0.0458935
-0.0454404
-0.0443694
-0.0431198
-0.0421587
-0.0420488
-0.0430924
-0.0449598
-0.0467449
-0.0475825
-0.0471156
-0.0455365
-0.043367
-0.0412661
-0.0398106
-0.0392751
-0.0397145
-0.0409229
-0.0423784
-0.043367
