LECROYHDO9204-MSöv,30454,Waveform
Segments,1,SegmentSize,2002
Ampl
-0.0131172
-0.0149434
-0.0162067
-0.0164813
-0.0158222
-0.0148061
-0.0140646
-0.0140097
-0.0147237
-0.0159733
-0.0173189
-0.0182527
-0.0185547
-0.0183213
-0.0177583
-0.0168521
-0.0156163
-0.0144903
-0.0141196
-0.014861
-0.0163852
-0.0179368
-0.0188156
-0.0188156
-0.0182115
-0.0174837
-0.0169345
-0.0166873
-0.0166873
-0.016756
-0.0165774
-0.0159184
-0.0150396
-0.0146551
-0.0152318
-0.0164676
-0.0176485
-0.0181428
-0.0177858
-0.016756
-0.0154378
-0.0144217
-0.0140921
-0.0143393
-0.0146825
-0.0147787
-0.0146551
-0.0146002
-0.0146825
-0.0147649
-0.0147375
-0.0148199
-0.0153554
-0.0164401
-0.0176759
-0.01839
-0.0181016
-0.0169619
-0.0156437
-0.0147512
-0.0145452
-0.014861
-0.0153554
-0.0157948
-0.0160282
-0.0160831
-0.0160145
-0.015781
-0.0154103
-0.0150258
-0.0147649
-0.0145452
-0.014202
-0.0138175
-0.0137214
-0.0142157
-0.015273
-0.0164951
-0.0173327
-0.0175386
-0.0172503
-0.0168795
-0.0165637
-0.0159321
-0.0144766
-0.0122796
-0.0100963
-0.00884679
-0.00892917
-0.0101375
-0.0118539
-0.0133643
-0.0141608
-0.0142157
-0.0138724
-0.0135566
-0.0133781
-0.0132545
-0.0131172
-0.012925
-0.012513
-0.0118265
-0.0109614
-0.0102336
-0.00995901
-0.0102062
-0.0107829
-0.0113321
-0.011593
-0.0117166
-0.0120462
-0.0128014
-0.01379
-0.0146002
-0.0148748
-0.0145864
-0.0141058
-0.0138449
-0.0138999
-0.0138999
-0.0135703
-0.0131172
-0.0130623
-0.0136802
-0.0147375
-0.0158222
-0.0166186
-0.0169619
-0.0167834
-0.0161243
-0.0151082
-0.0138175
-0.0124993
-0.0114832
-0.0111674
-0.0116754
-0.0126778
-0.0135978
-0.0139411
-0.0136802
-0.0131172
-0.0128151
-0.0130348
-0.0135154
-0.013584
-0.012925
-0.0119226
-0.0113596
-0.0117578
-0.0129112
-0.0139685
-0.0142431
-0.0136802
-0.0129524
-0.0127602
-0.0133232
-0.0141608
-0.0147237
-0.0147512
-0.0144766
-0.0142981
-0.0145178
-0.0150533
-0.0155613
-0.0159184
-0.0163028
-0.016756
-0.016907
-0.0163028
-0.0151219
-0.0140784
-0.0138724
-0.0145315
-0.0155339
-0.0160969
-0.0156575
-0.0143667
-0.0130897
-0.0128014
-0.0136939
-0.0150121
-0.0156987
-0.0153142
-0.0142431
-0.0132545
-0.0128838
-0.0132133
-0.013996
-0.0149022
-0.0156575
-0.0160282
-0.0159321
-0.0155888
-0.0153554
-0.0156575
-0.0164676
-0.0172365
-0.0171954
-0.0159046
-0.0138861
-0.012362
-0.0123208
-0.0135291
-0.0147649
-0.0151631
-0.0149297
-0.0148885
-0.0153691
-0.0158772
-0.0157536
-0.0149984
-0.0141058
-0.0137351
-0.0142294
-0.0154652
-0.0169482
-0.0179368
-0.0180467
-0.0174013
-0.0165225
-0.0160282
-0.0161106
-0.0164264
-0.016344
-0.0155476
-0.0143255
-0.0133232
-0.0130897
-0.0136664
-0.0146276
-0.0153828
-0.0156025
-0.0154515
-0.0155201
-0.0162616
-0.0175798
-0.0188568
-0.0194473
-0.0190628
-0.0178819
-0.0164951
-0.0155613
-0.0152455
-0.0151631
-0.0148061
-0.0141058
-0.013433
-0.0130348
-0.0131035
-0.0138587
-0.0153966
-0.0172915
-0.0186646
-0.0190079
-0.0184449
-0.01747
-0.0165363
-0.0159733
-0.0159321
-0.0163166
-0.0168109
-0.0170992
-0.0172777
-0.0177995
-0.0190765
-0.020944
-0.0226878
-0.023649
-0.0238824
-0.024006
-0.0244454
-0.0250633
-0.0256126
-0.0263678
-0.0278096
-0.0299928
-0.0325743
-0.0353617
-0.0384787
-0.0419664
-0.045413
-0.0483102
-0.0505484
-0.0526493
-0.0552445
-0.0586224
-0.0622886
-0.0654605
-0.0677261
-0.0694563
-0.0713374
-0.0736718
-0.0761296
-0.0781893
-0.0796997
-0.0808944
-0.0822263
-0.0839015
-0.0858376
-0.08776
-0.0893116
-0.0902865
-0.090822
-0.0912202
-0.0916733
-0.0921951
-0.0926345
-0.0928954
-0.0928542
-0.0925247
-0.0919617
-0.0911928
-0.0902178
-0.0890782
-0.088062
-0.0875128
-0.08776
-0.0886937
-0.0896961
-0.0898746
-0.0887761
-0.0866203
-0.0841349
-0.0819791
-0.0807433
-0.0807708
-0.0818281
-0.0829403
-0.0830227
-0.0818693
-0.0802078
-0.0788896
-0.0780245
-0.0772556
-0.0762944
-0.0753195
-0.074784
-0.074935
-0.0756353
-0.0763493
-0.076569
-0.0761983
-0.0755529
-0.0750174
-0.0746604
-0.0745505
-0.0747565
-0.0754019
-0.0762532
-0.0768986
-0.0769535
-0.0764317
-0.0755667
-0.0746055
-0.0737816
-0.0733422
-0.0736306
-0.0748114
-0.0765965
-0.0782854
-0.0792054
-0.0792054
-0.0786562
-0.0781207
-0.0779422
-0.0782305
-0.0787248
-0.0790544
-0.078972
-0.0785738
-0.0782717
-0.078409
-0.0790544
-0.0799469
-0.0807708
-0.0812788
-0.0815123
-0.0816358
-0.0818006
-0.0821576
-0.0827343
-0.0833797
-0.0836955
-0.0834209
-0.0827481
-0.08224
-0.0821988
-0.0824734
-0.0826657
-0.0825833
-0.0822675
-0.0817594
-0.0811278
-0.080606
-0.0804412
-0.080606
-0.0807296
-0.0805648
-0.0803176
-0.0803176
-0.0805236
-0.0805236
-0.0800705
-0.0793839
-0.0790269
-0.079535
-0.0808394
-0.0821988
-0.0827343
-0.0822675
-0.0814299
-0.0809767
-0.0811141
-0.0815397
-0.0819242
-0.0821302
-0.0820615
-0.0816908
-0.0810866
-0.0806609
-0.0806472
-0.0809218
-0.0809905
-0.0805236
-0.0797135
-0.0791093
-0.079123
-0.0797135
-0.0805923
-0.0814436
-0.0820066
-0.0821302
-0.0818693
-0.0816221
-0.0818418
-0.0827481
-0.0840388
-0.0850549
-0.0851648
-0.0843409
-0.0832561
-0.082803
-0.0832836
-0.084231
-0.0849588
-0.0852883
-0.0856179
-0.0863319
-0.0874167
-0.0885014
-0.0892841
-0.0899981
-0.0912751
-0.0937056
-0.0972345
-0.101354
-0.105652
-0.110101
-0.114865
-0.120001
-0.125397
-0.130958
-0.13667
-0.14263
-0.14907
-0.156169
-0.163845
-0.171699
-0.179388
-0.187023
-0.195165
-0.204146
-0.213675
-0.222944
-0.231265
-0.238528
-0.245161
-0.251669
-0.258439
-0.265551
-0.272774
-0.279585
-0.285544
-0.290542
-0.294881
-0.298863
-0.302598
-0.3061
-0.309478
-0.312732
-0.315602
-0.317703
-0.318966
-0.3199
-0.321094
-0.322811
-0.324637
-0.325722
-0.32531
-0.323222
-0.319996
-0.316618
-0.31394
-0.312375
-0.311716
-0.311318
-0.310246
-0.307912
-0.304479
-0.300841
-0.297888
-0.295842
-0.294071
-0.291696
-0.288208
-0.283814
-0.279406
-0.27596
-0.2739
-0.272802
-0.271785
-0.270248
-0.268256
-0.266279
-0.2647
-0.263602
-0.262943
-0.262613
-0.262462
-0.262283
-0.261995
-0.261624
-0.261295
-0.260938
-0.26043
-0.259771
-0.259166
-0.258988
-0.259359
-0.260114
-0.26091
-0.261487
-0.261899
-0.262489
-0.263602
-0.265359
-0.267515
-0.269588
-0.270893
-0.270989
-0.27011
-0.269094
-0.268874
-0.269685
-0.271195
-0.272925
-0.274724
-0.276619
-0.278349
-0.279626
-0.280354
-0.280766
-0.28104
-0.28115
-0.280985
-0.280628
-0.280148
-0.279434
-0.278486
-0.277717
-0.277896
-0.279351
-0.281397
-0.282839
-0.282866
-0.281878
-0.280958
-0.281054
-0.281933
-0.282331
-0.281068
-0.278198
-0.275136
-0.273625
-0.274394
-0.276742
-0.2792
-0.280587
-0.280532
-0.279338
-0.277621
-0.276083
-0.275204
-0.274875
-0.274573
-0.273955
-0.273117
-0.272335
-0.27173
-0.271305
-0.271181
-0.27147
-0.272005
-0.27239
-0.272184
-0.27114
-0.269382
-0.267501
-0.266224
-0.266032
-0.266732
-0.267611
-0.267941
-0.267515
-0.26676
-0.266307
-0.266471
-0.267117
-0.267707
-0.267721
-0.267021
-0.266197
-0.266211
-0.267611
-0.269849
-0.271648
-0.271909
-0.270508
-0.268174
-0.265826
-0.264137
-0.26356
-0.264247
-0.265799
-0.267172
-0.26735
-0.266101
-0.264247
-0.262901
-0.262668
-0.263382
-0.264398
-0.265071
-0.265181
-0.264906
-0.264783
-0.265236
-0.26632
-0.26757
-0.268476
-0.26871
-0.268215
-0.267076
-0.265483
-0.26389
-0.262764
-0.262283
-0.262187
-0.262064
-0.261775
-0.261556
-0.261748
-0.262503
-0.263711
-0.265016
-0.265895
-0.265922
-0.26503
-0.263574
-0.262187
-0.261322
-0.261185
-0.261638
-0.26238
-0.263039
-0.263272
-0.262805
-0.261693
-0.260237
-0.258851
-0.257725
-0.256887
-0.256214
-0.255761
-0.25572
-0.256146
-0.256736
-0.257038
-0.256791
-0.256173
-0.255486
-0.254924
-0.254361
-0.25366
-0.252891
-0.252136
-0.25145
-0.250859
-0.250461
-0.250337
-0.250502
-0.250928
-0.251642
-0.252589
-0.253413
-0.253715
-0.253372
-0.252727
-0.252177
-0.251916
-0.251971
-0.252315
-0.252891
-0.253482
-0.253894
-0.254045
-0.254058
-0.254127
-0.254388
-0.254814
-0.255253
-0.255555
-0.255885
-0.256544
-0.257711
-0.259153
-0.260375
-0.261171
-0.261679
-0.262256
-0.262846
-0.263052
-0.262407
-0.260965
-0.259331
-0.25826
-0.258178
-0.258974
-0.260169
-0.261199
-0.261789
-0.262064
-0.262256
-0.262421
-0.262407
-0.262064
-0.261418
-0.260842
-0.260718
-0.261144
-0.261707
-0.26183
-0.261185
-0.259963
-0.2587
-0.257876
-0.257656
-0.257862
-0.25815
-0.258164
-0.257793
-0.257148
-0.256489
-0.256132
-0.256269
-0.25675
-0.257189
-0.257313
-0.257175
-0.256915
-0.256489
-0.255747
-0.254745
-0.253756
-0.25285
-0.251985
-0.251189
-0.250804
-0.251065
-0.251669
-0.252081
-0.252122
-0.251834
-0.251298
-0.250488
-0.249349
-0.247948
-0.246451
-0.245174
-0.244708
-0.245435
-0.247138
-0.248854
-0.249596
-0.248937
-0.247275
-0.245422
-0.244021
-0.24317
-0.242675
-0.242359
-0.242456
-0.243293
-0.244817
-0.246438
-0.24744
-0.247646
-0.247426
-0.247165
-0.247028
-0.246753
-0.246081
-0.244955
-0.243636
-0.242442
-0.241632
-0.241165
-0.240876
-0.240561
-0.240176
-0.239915
-0.240066
-0.240602
-0.241082
-0.241055
-0.240574
-0.240025
-0.239531
-0.238762
-0.237416
-0.235727
-0.23434
-0.233681
-0.23364
-0.233709
-0.233585
-0.233366
-0.23305
-0.232542
-0.231883
-0.231471
-0.231663
-0.232226
-0.232528
-0.232157
-0.231416
-0.230853
-0.230715
-0.230702
-0.230276
-0.229329
-0.228381
-0.228161
-0.228889
-0.22996
-0.230441
-0.229837
-0.22845
-0.227063
-0.226349
-0.226404
-0.226802
-0.226994
-0.226788
-0.22639
-0.226061
-0.225937
-0.226047
-0.226418
-0.226981
-0.227392
-0.227269
-0.226459
-0.225099
-0.223658
-0.222669
-0.222353
-0.222504
-0.222751
-0.222998
-0.223273
-0.223507
-0.22341
-0.222724
-0.221612
-0.220554
-0.220046
-0.220252
-0.221062
-0.222147
-0.222971
-0.222847
-0.221461
-0.21936
-0.217616
-0.216916
-0.217094
-0.217492
-0.217657
-0.217602
-0.217465
-0.217341
-0.217231
-0.216998
-0.216435
-0.215474
-0.214334
-0.213414
-0.213085
-0.213345
-0.213895
-0.214375
-0.214622
-0.21465
-0.214348
-0.213469
-0.212027
-0.21038
-0.209034
-0.208292
-0.208059
-0.208224
-0.208704
-0.209391
-0.210023
-0.210311
-0.210009
-0.209199
-0.208086
-0.207029
-0.206246
-0.205697
-0.205244
-0.204777
-0.204448
-0.20442
-0.204695
-0.205079
-0.205409
-0.205615
-0.205519
-0.205038
-0.204338
-0.20372
-0.203239
-0.202772
-0.202155
-0.201358
-0.200424
-0.199436
-0.198502
-0.197747
-0.197294
-0.197198
-0.197349
-0.197692
-0.198145
-0.198488
-0.198324
-0.1975
-0.196429
-0.195742
-0.19566
-0.195797
-0.195632
-0.195014
-0.194122
-0.193106
-0.192117
-0.191307
-0.190867
-0.190909
-0.191321
-0.191774
-0.191856
-0.191307
-0.190428
-0.189879
-0.190167
-0.191225
-0.192502
-0.19338
-0.19338
-0.192392
-0.190662
-0.18878
-0.187311
-0.186515
-0.186309
-0.186583
-0.187407
-0.188767
-0.190222
-0.190936
-0.190277
-0.188327
-0.185938
-0.184235
-0.183892
-0.184798
-0.186089
-0.186817
-0.186474
-0.185306
-0.183933
-0.182711
-0.181819
-0.18142
-0.181668
-0.18245
-0.183384
-0.184043
-0.184153
-0.183521
-0.182066
-0.18002
-0.177864
-0.176216
-0.175502
-0.175942
-0.177397
-0.179374
-0.18105
-0.181805
-0.181379
-0.179951
-0.177905
-0.175763
-0.174115
-0.173346
-0.173429
-0.173882
-0.174212
-0.174376
-0.174527
-0.174775
-0.174967
-0.174829
-0.174143
-0.172825
-0.171163
-0.169859
-0.169667
-0.17071
-0.172344
-0.173539
-0.173731
-0.173141
-0.172358
-0.17174
-0.171053
-0.17012
-0.169337
-0.169378
-0.170353
-0.171493
-0.172015
-0.171891
-0.171603
-0.171397
-0.171095
-0.170504
-0.16957
-0.168431
-0.16725
-0.166426
-0.166344
-0.166989
-0.167676
-0.167758
-0.167167
-0.166385
-0.165918
-0.165959
-0.166357
-0.166783
-0.166948
-0.166673
-0.165836
-0.164421
-0.162622
-0.160879
-0.159547
-0.158819
-0.158819
-0.159588
-0.161112
-0.162938
-0.164421
-0.16508
-0.164723
-0.163446
-0.161606
-0.159931
-0.159176
-0.159629
-0.1607
-0.161442
-0.161139
-0.159876
-0.158297
-0.157185
-0.156993
-0.157528
-0.158077
-0.157871
-0.156663
-0.154768
-0.152763
-0.151212
-0.150484
-0.150635
-0.151473
-0.152612
-0.153628
-0.15415
-0.154013
-0.153354
-0.152571
-0.151994
-0.151747
-0.151775
-0.151871
-0.151789
-0.151349
-0.150717
-0.150278
-0.150333
-0.15069
-0.151102
-0.151418
-0.151665
-0.151885
-0.152063
-0.152173
-0.152077
-0.151665
-0.150937
-0.150168
-0.149605
-0.149317
-0.149262
-0.149235
-0.149056
-0.148726
-0.148424
-0.148246
-0.148122
-0.147916
-0.147642
-0.147491
-0.147614
-0.148054
-0.14874
-0.149482
-0.149825
-0.149344
-0.14815
-0.146886
-0.146433
-0.14712
-0.148548
-0.149935
-0.150759
-0.150937
-0.150635
-0.149866
-0.14863
-0.14712
-0.145774
-0.145019
-0.145005
-0.145582
-0.14642
-0.146996
-0.146914
-0.146076
-0.144909
-0.144085
-0.144017
-0.144566
-0.145198
-0.145404
-0.144992
-0.144195
-0.14344
-0.143083
-0.143234
-0.143852
-0.144676
-0.145486
-0.146008
-0.146063
-0.145568
-0.144621
-0.143591
-0.142904
-0.142822
-0.143097
-0.143083
-0.1423
-0.140858
-0.139417
-0.138579
-0.138552
-0.138977
-0.139334
-0.139101
-0.138085
-0.136698
-0.135668
-0.13549
-0.136066
-0.13689
-0.137439
-0.137467
-0.137055
-0.136341
-0.135476
-0.134679
-0.134336
-0.134652
-0.13516
-0.134995
-0.133746
-0.132084
-0.131302
-0.132002
-0.13354
-0.134734
-0.134954
-0.134405
-0.133663
-0.133155
-0.133059
-0.133306
-0.133595
-0.13365
-0.13343
-0.1331
-0.132867
-0.132675
-0.132276
-0.131521
-0.130588
-0.129956
-0.129887
-0.13034
-0.130986
-0.131631
-0.132153
-0.13229
-0.131741
-0.130533
-0.129214
-0.128391
-0.128308
-0.128816
-0.12953
-0.130203
-0.130629
-0.130684
-0.130437
-0.130107
-0.129846
-0.12964
-0.129379
-0.129118
-0.129063
-0.129201
-0.129214
-0.128816
-0.128226
-0.127951
-0.128253
-0.12883
-0.129118
-0.128761
-0.127745
-0.126372
-0.125136
-0.124505
-0.124628
-0.125177
-0.125589
-0.125603
-0.12537
-0.125246
-0.125205
-0.124944
-0.124367
-0.123681
-0.123008
-0.12217
-0.120962
-0.119644
-0.118806
-0.118957
-0.120028
-0.121484
-0.122582
-0.122843
-0.122239
-0.121044
-0.11963
-0.118339
-0.117461
-0.117158
-0.117392
-0.118065
-0.119012
-0.119946
-0.120385
-0.120015
-0.119026
-0.117927
-0.117076
-0.116431
-0.115827
-0.115318
-0.115181
-0.115511
-0.116101
-0.116678
-0.117158
-0.117557
-0.117639
-0.117021
-0.115607
-0.113987
-0.112957
-0.112902
-0.113643
-0.114907
-0.116417
-0.117694
-0.117818
-0.116362
-0.113987
-0.112133
-0.111762
-0.11271
-0.113973
-0.114714
-0.114673
-0.114179
-0.113712
-0.113739
-0.11433
-0.115264
-0.116142
-0.116623
-0.116472
-0.115703
-0.114481
-0.113149
-0.112009
-0.111213
-0.110801
-0.110801
-0.11113
-0.11146
-0.111336
-0.11054
-0.109387
-0.108535
-0.108412
-0.108824
-0.109208
-0.109043
-0.108288
-0.107409
-0.107245
-0.108274
-0.110156
-0.111776
-0.111941
-0.110224
-0.107299
-0.104553
-0.103194
-0.103551
-0.104965
-0.106489
-0.107423
-0.10756
-0.106997
-0.105871
-0.104334
-0.102727
-0.101546
-0.101271
-0.102054
-0.103468
-0.104677
-0.104883
-0.104004
-0.102754
-0.102246
-0.103111
-0.105185
-0.107574
-0.108906
-0.108151
-0.105405
-0.102123
-0.100187
-0.100365
-0.101752
-0.102768
-0.102603
-0.101752
-0.101258
-0.101546
-0.102095
-0.102109
-0.101422
-0.10075
-0.100969
-0.10226
-0.103963
-0.105171
-0.105322
-0.104361
-0.102603
-0.10075
-0.0995413
-0.0993628
-0.0999807
-0.10075
-0.101244
-0.101395
-0.10134
-0.10112
-0.100708
-0.100145
-0.0996924
-0.0995413
-0.0996649
-0.0997061
-0.0994177
-0.098896
-0.0985664
-0.0987312
-0.0992392
-0.0995413
-0.0992392
-0.0984978
-0.0979073
-0.097921
-0.0984566
-0.099047
-0.099198
-0.0987312
-0.0978798
-0.0970834
-0.0965617
-0.0962596
-0.0960536
-0.0958614
-0.0956142
-0.0953945
-0.0953121
-0.095422
-0.0957378
-0.0962733
-0.0970285
-0.0977151
-0.0979073
-0.0972757
-0.0959026
-0.0943372
-0.0932799
-0.0930602
-0.0934309
-0.0939115
-0.0941587
-0.094145
-0.0938703
-0.0933348
-0.092662
-0.0921951
-0.0921539
-0.0924972
-0.0929778
-0.0933211
-0.0934309
-0.0933623
-0.0932662
-0.0932387
-0.0931151
-0.0927032
-0.0920853
-0.0916047
-0.0916459
-0.0921677
-0.0928268
-0.0933623
-0.0936506
-0.0935408
-0.0929366
-0.0920441
-0.0912202
-0.0907259
-0.0904375
-0.0902178
-0.0899844
-0.089751
-0.0895038
-0.0893116
-0.089339
-0.0895175
-0.089545
-0.0892017
-0.0886799
-0.0883092
-0.0881856
-0.0881444
-0.0880895
-0.0880483
-0.0880758
-0.0881307
-0.0881444
-0.0880483
-0.0878012
-0.0873618
-0.0867164
-0.0859337
-0.0851373
-0.0844919
-0.0841761
-0.0842997
-0.0848078
-0.0853021
-0.0852334
-0.0843684
-0.0831051
-0.0822675
-0.0823911
-0.0832287
-0.0839564
-0.0839564
-0.083311
-0.0826657
-0.0825421
-0.0829815
-0.0836406
-0.0842448
-0.084794
-0.0852883
-0.0853295
-0.0844782
-0.0828442
-0.0813338
-0.0811003
-0.0825146
-0.0848215
-0.0866615
-0.0870322
-0.0858651
-0.0839976
-0.0826657
-0.0827618
-0.0841487
-0.0858513
-0.0867164
-0.0861671
-0.0844507
-0.0824185
-0.0809767
-0.0805785
-0.0811827
-0.0822812
-0.0833248
-0.0838878
-0.0838054
-0.0832973
-0.082954
-0.0833797
-0.0846155
-0.08592
-0.0864006
-0.0856728
-0.0842585
-0.0829815
-0.0823911
-0.0824048
-0.0826382
-0.0828167
-0.0827893
-0.0824872
-0.0818281
-0.0809356
-0.0801529
-0.0797821
-0.0799057
-0.0803588
-0.0810179
-0.0818967
-0.0829815
-0.0838191
-0.0838603
-0.0828167
-0.0811003
-0.079535
-0.0787111
-0.0788072
-0.0795762
-0.0805373
-0.0811964
-0.0812514
-0.080812
-0.080249
-0.080043
-0.0803863
-0.0810317
-0.0814299
-0.0812926
-0.0808394
-0.0805648
-0.0805648
-0.0804962
-0.0800568
-0.0792329
-0.0784639
-0.0782442
-0.0786699
-0.0793839
-0.0798371
-0.0798783
-0.0797409
-0.0797547
-0.0798783
-0.0798645
-0.0793565
-0.0781756
-0.0767063
-0.0757314
-0.0758825
-0.0769672
-0.0780932
-0.0785463
-0.0783953
-0.078258
-0.0784639
-0.0788347
-0.0788759
-0.0783816
-0.0774753
-0.076569
-0.0760198
-0.0759786
-0.0762807
-0.076569
-0.0764729
-0.0758413
-0.0747977
-0.0736855
-0.0728479
-0.0724222
-0.0724085
-0.072793
-0.0736031
-0.0745231
-0.0750174
-0.074784
-0.0741798
-0.0738915
-0.0743171
-0.0752096
-0.0759374
-0.0759923
-0.0754019
-0.0746467
-0.0742073
-0.0743034
-0.0748389
-0.0755804
-0.0761846
-0.0761022
-0.0748664
-0.0726419
-0.0703488
-0.0689757
-0.0688658
-0.0696485
-0.0707333
-0.0717494
-0.0726145
-0.0734795
-0.0743446
-0.074935
-0.0748526
-0.0740974
-0.0732049
-0.072738
-0.0727243
-0.0726968
-0.0722574
-0.0714336
-0.070541
-0.0698957
-0.0694975
-0.0691267
-0.0685637
-0.0679184
-0.0675614
-0.0676987
-0.0681106
-0.0685088
-0.0688521
-0.0692503
-0.0697309
-0.0702115
-0.0706372
-0.0710079
-0.0714061
-0.0719828
-0.0727106
-0.073301
-0.0731912
-0.0720789
-0.0704037
-0.0689894
-0.0685363
-0.0690718
-0.0701978
-0.0714473
-0.0724085
-0.0727518
-0.0722025
-0.0708981
-0.0694563
-0.0686187
-0.0686187
-0.068962
-0.0688246
-0.0677948
-0.0663118
-0.0651309
-0.0647465
-0.0651996
-0.066202
-0.0674103
-0.068399
-0.0688658
-0.0687834
-0.0682754
-0.0675614
-0.0668748
-0.0665041
-0.0666688
-0.0672181
-0.0677536
-0.0679047
-0.0676163
-0.0671494
-0.066765
-0.0664629
-0.065996
-0.0652683
-0.0647053
-0.064925
-0.0662157
-0.0680557
-0.0694288
-0.0694837
-0.068193
-0.0662569
-0.0645817
-0.0636205
-0.0633459
-0.0636205
-0.0644856
-0.065845
-0.0672456
-0.0677948
-0.0669572
-0.0651035
-0.0633734
-0.0626044
-0.0627417
-0.0631537
-0.0632772
-0.063085
-0.0627966
-0.0625495
-0.0621513
-0.0614235
-0.0605722
-0.0602564
-0.0608605
-0.0620277
-0.0630026
-0.0632086
-0.0626593
-0.0618217
-0.0613411
-0.0617119
-0.0628653
-0.0641286
-0.064719
-0.064568
-0.064156
-0.0639226
-0.0638265
-0.0635931
-0.0631674
-0.0626868
-0.0623298
-0.0620552
-0.0618217
-0.0615471
-0.0611489
-0.0605035
-0.0595561
-0.0586361
-0.0582516
-0.05854
-0.0589656
-0.0586361
-0.0572767
-0.0554505
-0.0541735
-0.0542009
-0.0557388
-0.0583065
-0.060737
-0.061657
-0.0605173
-0.0580731
-0.0558624
-0.0549287
-0.0553818
-0.0567137
-0.0582791
-0.0595286
-0.0600916
-0.0599955
-0.0595424
-0.0588833
-0.0578809
-0.0564666
-0.0549561
-0.053995
-0.0540499
-0.0550248
-0.0562881
-0.0571806
-0.0575513
-0.0577161
-0.0580319
-0.0584576
-0.0587459
-0.0588558
-0.0589244
-0.059048
-0.0591853
-0.0592265
-0.059103
-0.0587734
-0.0582379
-0.0575239
-0.0566039
-0.0554779
-0.0543382
-0.0536517
-0.0537753
-0.0545579
-0.0553269
-0.0556015
-0.0555466
-0.0557251
-0.0564666
-0.0575239
-0.0583752
-0.0587185
-0.0587048
-0.0586498
-0.0586224
-0.0583889
-0.0577985
-0.0570433
-0.0564391
-0.056137
-0.0562057
-0.0567412
-0.0578946
-0.0594325
-0.0605722
-0.0604761
-0.0588283
-0.0562743
-0.0540911
-0.0532809
-0.0538302
-0.0548463
-0.0555191
-0.0557114
-0.0557663
-0.0559036
-0.0561096
-0.0563018
-0.0564254
-0.0564254
-0.056343
-0.0562606
-0.0562881
-0.0563842
-0.0564254
-0.0563979
-0.0562331
-0.0558075
-0.0550797
-0.0542421
-0.0536105
-0.0533633
-0.0535693
-0.054146
-0.0549012
-0.0555328
-0.0558899
-0.0559448
-0.0557251
-0.0552033
-0.054503
-0.0539126
-0.0534457
-0.0529102
-0.0522374
-0.0516332
-0.0513448
-0.051386
-0.0516744
-0.0522648
-0.053075
-0.0536517
-0.0535418
-0.0528003
-0.0519765
-0.0514959
-0.0514409
-0.0515645
-0.0516744
-0.0517705
-0.0519902
-0.0524983
-0.0532947
-0.0540773
-0.0544618
-0.0543245
-0.0539126
-0.0536105
-0.0535967
-0.053789
-0.0539812
-0.0540361
-0.053995
-0.0539263
-0.053583
-0.0525944
-0.0510016
-0.0495186
-0.0491066
-0.0501502
-0.0522236
-0.0542421
-0.0551896
-0.054654
-0.0530887
-0.0514409
-0.0504935
-0.050521
-0.0513311
-0.0525394
-0.0535693
-0.0539126
-0.0533633
-0.0521138
-0.0506857
-0.0496696
-0.0495598
-0.0504111
-0.0516606
-0.0522648
-0.0515645
-0.0498756
-0.0481729
-0.047198
-0.0471019
-0.0476374
-0.0483789
-0.0487634
-0.0483102
-0.0470195
-0.0454679
-0.0443968
-0.0442046
-0.0447676
-0.0455503
-0.0458935
-0.0455365
