LECROYHDO9204-MSöv,30454,Waveform
Segments,1,SegmentSize,2002
Ampl
-0.0129936
-0.0150945
-0.0166461
-0.0170306
-0.0162342
-0.014861
-0.0135978
-0.0128426
-0.0126915
-0.0130623
-0.0137488
-0.0142431
-0.0140646
-0.0131996
-0.0120599
-0.0112223
-0.0108653
-0.0109889
-0.0114145
-0.01195
-0.012362
-0.0125679
-0.0127327
-0.013227
-0.0142569
-0.0156163
-0.0165637
-0.0163166
-0.0149572
-0.0135017
-0.0131172
-0.0140646
-0.0153828
-0.0158085
-0.014861
-0.0131584
-0.0117715
-0.0114694
-0.0122521
-0.0135429
-0.0145315
-0.0148748
-0.0146963
-0.0144079
-0.0142157
-0.0140372
-0.0137214
-0.0132682
-0.0130211
-0.0133369
-0.0142157
-0.0150258
-0.0150258
-0.0141058
-0.0129387
-0.0123345
-0.0125542
-0.0134193
-0.0144079
-0.0149709
-0.014861
-0.0143667
-0.0140646
-0.0142294
-0.0146139
-0.0147237
-0.014353
-0.0135566
-0.0125267
-0.0114557
-0.0105769
-0.0101787
-0.0104396
-0.0113459
-0.0124718
-0.013433
-0.0141196
-0.0148336
-0.0156849
-0.0163577
-0.0163303
-0.0154652
-0.0141196
-0.0128151
-0.0118539
-0.0115244
-0.012156
-0.0137351
-0.0155339
-0.0164401
-0.0159733
-0.0147787
-0.0140372
-0.0144079
-0.0155201
-0.0165637
-0.0170443
-0.0169894
-0.0165774
-0.0158222
-0.0148199
-0.0139823
-0.0138037
-0.0143805
-0.0153554
-0.0161381
-0.0164127
-0.0162891
-0.0160557
-0.0158772
-0.0156987
-0.015479
-0.0153554
-0.0153828
-0.0152867
-0.0147924
-0.0140509
-0.0136802
-0.0140372
-0.0147649
-0.0152181
-0.0151769
-0.0148336
-0.0144217
-0.0140784
-0.013996
-0.0144079
-0.0152318
-0.0159733
-0.0162342
-0.0159321
-0.0152181
-0.014202
-0.0130348
-0.0119088
-0.0111262
-0.0108103
-0.0110438
-0.0116617
-0.012307
-0.0125954
-0.0125405
-0.0124444
-0.0124718
-0.0124169
-0.012156
-0.0117578
-0.0114283
-0.0112497
-0.0112086
-0.0113459
-0.0116754
-0.0120736
-0.0123757
-0.0124581
-0.0124856
-0.0127739
-0.0135154
-0.0143118
-0.0146825
-0.0144903
-0.0141196
-0.0139548
-0.0138449
-0.013584
-0.0132408
-0.0131035
-0.0132408
-0.0134467
-0.0136527
-0.0140372
-0.0146963
-0.0153691
-0.0158085
-0.0160282
-0.0161106
-0.0159733
-0.015424
-0.0146414
-0.0141196
-0.0143393
-0.0153691
-0.0168383
-0.018184
-0.0188706
-0.0185547
-0.0172091
-0.0150945
-0.0128151
-0.0112772
-0.0113184
-0.0130211
-0.0154927
-0.0174151
-0.0179094
-0.0170168
-0.0153828
-0.0138724
-0.0131858
-0.0135978
-0.0147375
-0.0158909
-0.0163715
-0.015987
-0.0150945
-0.0142157
-0.013639
-0.0134467
-0.0136252
-0.0141882
-0.0148473
-0.0152181
-0.0151769
-0.0150396
-0.0151494
-0.015479
-0.0156987
-0.0155064
-0.0147649
-0.0135154
-0.0121011
-0.0112635
-0.011593
-0.0130623
-0.0147787
-0.0156712
-0.0153828
-0.0145864
-0.014202
-0.0145727
-0.0151357
-0.0151357
-0.0144766
-0.0138175
-0.0138175
-0.0145178
-0.0153416
-0.0156849
-0.0153966
-0.0148748
-0.0146414
-0.0150258
-0.0157673
-0.0163028
-0.0162067
-0.0155613
-0.0147649
-0.0141333
-0.0138312
-0.0139136
-0.0144079
-0.0150121
-0.0151494
-0.0146139
-0.0138724
-0.0136939
-0.0143805
-0.0154927
-0.0160969
-0.0155751
-0.0141882
-0.0129387
-0.0126778
-0.013433
-0.0144079
-0.0148199
-0.0144217
-0.0134879
-0.012513
-0.0120462
-0.012307
-0.0129661
-0.0132545
-0.0128838
-0.0122933
-0.0123208
-0.0131996
-0.0144217
-0.0150945
-0.0147512
-0.0136664
-0.012513
-0.0119088
-0.0119775
-0.0125405
-0.0133232
-0.0140784
-0.0145178
-0.014559
-0.0143667
-0.0141745
-0.0140372
-0.0139411
-0.0139136
-0.0140372
-0.0143942
-0.0150121
-0.0157948
-0.0163715
-0.0163715
-0.015781
-0.0150121
-0.0143667
-0.0137626
-0.0130623
-0.0124169
-0.0120324
-0.0118814
-0.0117441
-0.0116479
-0.0118539
-0.0125405
-0.0135291
-0.0144217
-0.0149297
-0.0150121
-0.0147512
-0.0143667
-0.0140921
-0.0140646
-0.0141333
-0.0140646
-0.0138312
-0.013584
-0.013584
-0.0140921
-0.0150396
-0.0160419
-0.0164813
-0.0161518
-0.0153691
-0.0145452
-0.0137488
-0.0128838
-0.0120324
-0.0114832
-0.0114694
-0.01195
-0.0127327
-0.0135429
-0.0142843
-0.0149434
-0.015479
-0.0157398
-0.0156712
-0.0155476
-0.0156712
-0.0159733
-0.0160694
-0.015781
-0.015424
-0.0153966
-0.0158222
-0.0165088
-0.0171954
-0.0176348
-0.01747
-0.0163303
-0.014353
-0.0123894
-0.0115656
-0.0123345
-0.0139273
-0.0150533
-0.0149984
-0.0141745
-0.0135017
-0.0135429
-0.0140097
-0.014202
-0.0136939
-0.0126091
-0.0115381
-0.0111811
-0.0119363
-0.013433
-0.0147375
-0.0150533
-0.0144079
-0.0135429
-0.0131721
-0.0135291
-0.0142431
-0.0147375
-0.0146414
-0.014147
-0.0136527
-0.0134605
-0.0134605
-0.0134055
-0.0131584
-0.0127464
-0.012307
-0.0119775
-0.01195
-0.0123894
-0.0133918
-0.0148336
-0.0162479
-0.0169894
-0.0166873
-0.0155613
-0.0142843
-0.0135703
-0.0138175
-0.0148885
-0.0160694
-0.0164127
-0.0156437
-0.0144217
-0.013584
-0.0133781
-0.0133643
-0.013227
-0.0130485
-0.0129936
-0.0131584
-0.013584
-0.0142981
-0.0151631
-0.0157536
-0.015836
-0.0156025
-0.0155201
-0.0157536
-0.0160419
-0.0160007
-0.01563
-0.015424
-0.015836
-0.0168521
-0.0179094
-0.0184312
-0.0183213
-0.0177171
-0.0167971
-0.0156163
-0.0144766
-0.0138861
-0.0140921
-0.0149846
-0.0160969
-0.0169619
-0.0172915
-0.017264
-0.01747
-0.0184998
-0.0204085
-0.0226466
-0.0245141
-0.0256126
-0.0259696
-0.0260794
-0.0267935
-0.0287845
-0.0321349
-0.0362817
-0.0404697
-0.0442595
-0.0476374
-0.0509192
-0.0544481
-0.05854
-0.0634283
-0.0690993
-0.0753058
-0.0816633
-0.0879247
-0.0941724
-0.100722
-0.107807
-0.115428
-0.123241
-0.130725
-0.137481
-0.143385
-0.148575
-0.153436
-0.158476
-0.164298
-0.171301
-0.179333
-0.187572
-0.19485
-0.200328
-0.204036
-0.206727
-0.209473
-0.212988
-0.217451
-0.222353
-0.226884
-0.230372
-0.23283
-0.234739
-0.236414
-0.237663
-0.238199
-0.238336
-0.238748
-0.239641
-0.240423
-0.240327
-0.239325
-0.23802
-0.236991
-0.23618
-0.235192
-0.233819
-0.232034
-0.229809
-0.227173
-0.224358
-0.221776
-0.219785
-0.218385
-0.217286
-0.216105
-0.21465
-0.212947
-0.211011
-0.208759
-0.206178
-0.203624
-0.201605
-0.200452
-0.20004
-0.20004
-0.200109
-0.199834
-0.1989
-0.197266
-0.195522
-0.194561
-0.19485
-0.195975
-0.197101
-0.197555
-0.197101
-0.19603
-0.19485
-0.194136
-0.194273
-0.195303
-0.196882
-0.198598
-0.200164
-0.201537
-0.202841
-0.204091
-0.20512
-0.205642
-0.205574
-0.205189
-0.205024
-0.205464
-0.206535
-0.207963
-0.209295
-0.210064
-0.210036
-0.209514
-0.209281
-0.209954
-0.211409
-0.212988
-0.214059
-0.214403
-0.214142
-0.213496
-0.2127
-0.212068
-0.212027
-0.212796
-0.214183
-0.215556
-0.21627
-0.21616
-0.215488
-0.214691
-0.214183
-0.214334
-0.215227
-0.216394
-0.217025
-0.216476
-0.214691
-0.212302
-0.210187
-0.208924
-0.208512
-0.208622
-0.20902
-0.209748
-0.210833
-0.212068
-0.212961
-0.212988
-0.212
-0.210462
-0.209144
-0.20854
-0.208608
-0.208814
-0.208553
-0.207633
-0.206288
-0.204997
-0.204146
-0.203857
-0.204104
-0.204599
-0.204818
-0.204228
-0.202718
-0.200891
-0.19971
-0.199642
-0.200356
-0.201138
-0.201646
-0.202031
-0.202525
-0.203212
-0.203761
-0.203734
-0.203047
-0.202278
-0.202278
-0.203294
-0.204544
-0.204873
-0.203816
-0.202168
-0.201193
-0.20155
-0.202772
-0.203926
-0.204379
-0.204228
-0.204036
-0.20431
-0.205217
-0.206452
-0.207345
-0.20718
-0.205697
-0.203473
-0.201564
-0.200809
-0.201276
-0.202553
-0.204132
-0.20556
-0.206384
-0.206315
-0.205354
-0.203857
-0.202223
-0.200672
-0.199463
-0.198983
-0.199422
-0.20063
-0.202031
-0.20302
-0.203184
-0.202539
-0.201441
-0.200328
-0.199518
-0.199147
-0.199202
-0.199628
-0.200342
-0.201221
-0.202003
-0.202264
-0.201578
-0.199889
-0.197802
-0.196264
-0.195907
-0.19647
-0.19706
-0.196937
-0.196195
-0.195632
-0.195962
-0.196964
-0.197637
-0.197156
-0.195824
-0.194712
-0.194657
-0.195591
-0.196744
-0.197252
-0.196841
-0.195866
-0.194877
-0.194122
-0.193325
-0.192199
-0.190867
-0.189975
-0.190126
-0.191376
-0.193133
-0.194534
-0.194904
-0.194273
-0.193284
-0.192872
-0.193421
-0.194506
-0.19522
-0.194904
-0.193463
-0.191348
-0.189275
-0.188011
-0.188011
-0.189137
-0.190826
-0.192364
-0.193229
-0.193284
-0.192707
-0.191829
-0.190936
-0.19014
-0.189412
-0.188849
-0.188574
-0.188753
-0.189343
-0.190057
-0.190538
-0.190483
-0.189755
-0.188616
-0.187531
-0.186844
-0.186377
-0.185828
-0.185142
-0.18462
-0.184579
-0.185004
-0.185526
-0.185718
-0.185402
-0.184647
-0.183686
-0.18267
-0.181846
-0.181393
-0.181434
-0.18186
-0.18245
-0.182972
-0.183315
-0.183604
-0.183974
-0.184235
-0.183974
-0.182986
-0.18175
-0.180995
-0.181022
-0.181558
-0.182052
-0.182066
-0.181338
-0.179992
-0.178619
-0.177919
-0.178262
-0.179388
-0.180542
-0.180954
-0.180336
-0.178935
-0.177438
-0.176518
-0.176422
-0.176972
-0.177837
-0.178592
-0.178674
-0.177507
-0.175228
-0.172825
-0.171561
-0.17196
-0.173525
-0.1752
-0.176216
-0.176436
-0.17623
-0.17612
-0.176326
-0.176491
-0.176079
-0.174775
-0.172784
-0.170655
-0.168994
-0.168184
-0.16828
-0.169104
-0.170339
-0.17152
-0.172166
-0.172015
-0.171218
-0.17023
-0.169337
-0.168568
-0.167936
-0.167511
-0.167524
-0.168101
-0.169213
-0.170559
-0.171507
-0.17163
-0.170944
-0.169886
-0.168788
-0.16773
-0.166783
-0.16622
-0.166234
-0.166604
-0.166701
-0.166083
-0.164943
-0.163954
-0.163845
-0.164874
-0.166632
-0.168087
-0.16839
-0.167524
-0.166206
-0.165163
-0.164531
-0.164105
-0.16346
-0.162307
-0.160879
-0.16
-0.160535
-0.162499
-0.164984
-0.166838
-0.167291
-0.16622
-0.164092
-0.16195
-0.160837
-0.161236
-0.162677
-0.164311
-0.165437
-0.165781
-0.165327
-0.16427
-0.162952
-0.161826
-0.161222
-0.161236
-0.161565
-0.161826
-0.16184
-0.161757
-0.16162
-0.161359
-0.160755
-0.159711
-0.158228
-0.156526
-0.155084
-0.154494
-0.154919
-0.155771
-0.156169
-0.155702
-0.154658
-0.153862
-0.154164
-0.155798
-0.158091
-0.159753
-0.15978
-0.15816
-0.155729
-0.15367
-0.152832
-0.153423
-0.154823
-0.156018
-0.156334
-0.155784
-0.154837
-0.153862
-0.153038
-0.15253
-0.152434
-0.152489
-0.1522
-0.151445
-0.150676
-0.150553
-0.151129
-0.151871
-0.1522
-0.151994
-0.151473
-0.150841
-0.150086
-0.149317
-0.148823
-0.148768
-0.149097
-0.149605
-0.150278
-0.150992
-0.151253
-0.150512
-0.148781
-0.146886
-0.145925
-0.146502
-0.148177
-0.149949
-0.150772
-0.150196
-0.148479
-0.146433
-0.144868
-0.144168
-0.144127
-0.144387
-0.144731
-0.145211
-0.145939
-0.146804
-0.147436
-0.147353
-0.146365
-0.144758
-0.14322
-0.1423
-0.142177
-0.142589
-0.143055
-0.143138
-0.14263
-0.141669
-0.140666
-0.139993
-0.139842
-0.140309
-0.141298
-0.142506
-0.14355
-0.144044
-0.143742
-0.142492
-0.14057
-0.138826
-0.13814
-0.138826
-0.140323
-0.141669
-0.142218
-0.14182
-0.140817
-0.139856
-0.139499
-0.139884
-0.140707
-0.141559
-0.142287
-0.142904
-0.143412
-0.143756
-0.144003
-0.14447
-0.145596
-0.147532
-0.149839
-0.151679
-0.152448
-0.152146
-0.151418
-0.151129
-0.151843
-0.153615
-0.155977
-0.158283
-0.160068
-0.161236
-0.161936
-0.162458
-0.163185
-0.164353
-0.165918
-0.167456
-0.168527
-0.168953
-0.169007
-0.169049
-0.169392
-0.170188
-0.171355
-0.172564
-0.17325
-0.173031
-0.172069
-0.171026
-0.170587
-0.170902
-0.171383
-0.171273
-0.170271
-0.168705
-0.167085
-0.165877
-0.165327
-0.16552
-0.166289
-0.167167
-0.167676
-0.167538
-0.166907
-0.166
-0.16497
-0.163872
-0.16276
-0.161689
-0.160741
-0.160082
-0.159986
-0.160398
-0.16081
-0.160549
-0.159327
-0.157446
-0.155592
-0.154411
-0.154191
-0.154837
-0.155935
-0.157034
-0.157652
-0.157569
-0.156979
-0.15643
-0.156196
-0.156045
-0.155565
-0.154617
-0.153505
-0.152599
-0.1522
-0.15242
-0.153066
-0.153532
-0.153368
-0.152681
-0.152049
-0.151871
-0.152008
-0.152091
-0.151871
-0.151377
-0.150814
-0.150498
-0.15069
-0.151308
-0.152022
-0.152338
-0.151994
-0.151129
-0.150292
-0.150141
-0.150937
-0.152283
-0.153258
-0.153148
-0.152008
-0.150484
-0.149523
-0.149756
-0.151088
-0.152681
-0.153587
-0.153436
-0.15264
-0.151967
-0.151967
-0.152709
-0.153711
-0.154288
-0.154178
-0.153752
-0.153574
-0.15367
-0.15356
-0.152887
-0.151816
-0.15091
-0.150525
-0.150594
-0.150676
-0.150484
-0.150017
-0.149523
-0.149193
-0.14896
-0.148644
-0.148109
-0.147381
-0.146653
-0.146227
-0.146323
-0.146804
-0.147189
-0.146941
-0.145966
-0.144703
-0.143646
-0.142877
-0.142245
-0.141627
-0.141215
-0.141284
-0.141943
-0.142904
-0.143618
-0.143811
-0.143632
-0.143522
-0.143673
-0.144017
-0.144319
-0.144374
-0.144085
-0.143591
-0.14311
-0.142863
-0.142753
-0.14252
-0.141902
-0.1409
-0.139746
-0.138716
-0.13803
-0.137838
-0.138153
-0.138826
-0.139691
-0.14057
-0.141078
-0.140749
-0.139499
-0.137934
-0.136849
-0.136588
-0.136835
-0.136931
-0.136561
-0.135929
-0.135545
-0.13575
-0.136547
-0.137618
-0.138593
-0.139142
-0.139128
-0.138593
-0.137824
-0.137165
-0.136876
-0.136945
-0.137082
-0.13689
-0.136135
-0.134968
-0.133718
-0.132757
-0.132331
-0.132524
-0.133293
-0.134309
-0.135146
-0.135613
-0.135764
-0.135805
-0.135888
-0.135902
-0.135641
-0.135036
-0.134158
-0.133279
-0.132743
-0.132743
-0.133169
-0.133636
-0.133773
-0.133471
-0.132826
-0.132071
-0.131439
-0.131137
-0.131164
-0.131315
-0.131439
-0.131562
-0.1317
-0.131768
-0.131659
-0.131453
-0.13137
-0.131549
-0.131878
-0.131919
-0.131233
-0.129736
-0.127924
-0.126482
-0.125878
-0.126084
-0.12688
-0.12791
-0.128748
-0.128912
-0.128157
-0.126757
-0.125301
-0.124271
-0.123791
-0.123736
-0.124079
-0.124875
-0.125891
-0.126509
-0.126125
-0.12493
-0.123873
-0.1239
-0.125095
-0.126715
-0.127814
-0.127965
-0.127374
-0.126509
-0.125699
-0.124903
-0.124024
-0.123186
-0.122582
-0.122363
-0.122486
-0.122747
-0.122967
-0.123035
-0.123035
-0.123022
-0.123035
-0.122994
-0.122788
-0.122417
-0.122157
-0.122184
-0.122445
-0.122692
-0.122775
-0.122775
-0.122829
-0.122994
-0.123063
-0.122747
-0.121951
-0.12088
-0.120028
-0.119726
-0.119973
-0.120344
-0.120372
-0.11996
-0.119452
-0.119095
-0.118792
-0.118312
-0.117598
-0.116843
-0.116307
-0.116129
-0.116362
-0.116952
-0.117735
-0.118381
-0.118463
-0.117763
-0.116499
-0.115305
-0.114728
-0.114948
-0.115785
-0.116856
-0.117708
-0.117982
-0.117543
-0.116513
-0.115264
-0.114165
-0.11341
-0.112819
-0.11205
-0.111076
-0.110389
-0.110622
-0.111803
-0.113218
-0.114151
-0.114453
-0.114316
-0.113945
-0.11319
-0.112064
-0.110897
-0.110252
-0.11043
-0.111295
-0.112476
-0.113451
-0.113739
-0.113135
-0.111968
-0.110897
-0.110362
-0.110375
-0.110842
-0.111721
-0.112778
-0.113492
-0.113437
-0.112586
-0.111268
-0.10962
-0.10767
-0.105583
-0.10388
-0.10318
-0.103674
-0.105048
-0.106736
-0.108329
-0.1094
-0.109647
-0.109057
-0.108096
-0.107423
-0.107313
-0.107382
-0.106956
-0.105707
-0.104141
-0.10318
-0.103235
-0.103839
-0.10421
-0.104004
-0.103578
-0.103359
-0.103441
-0.103729
-0.104073
-0.10432
-0.104347
-0.104141
-0.103674
-0.103057
-0.102548
-0.102548
-0.103208
-0.10421
-0.104855
-0.104677
-0.103729
-0.10248
-0.101477
-0.101024
-0.101162
-0.10178
-0.102809
-0.104031
-0.104965
-0.104951
-0.103688
-0.101601
-0.0996924
-0.0987586
-0.0988685
-0.0994177
-0.0996786
-0.0993903
-0.0987861
-0.0982094
-0.09777
-0.0973718
-0.0969461
-0.0966715
-0.0967539
-0.0973581
-0.0983467
-0.0993628
-0.099967
-0.0998297
-0.0989234
-0.0976464
-0.0965205
-0.0959712
-0.0961223
-0.0967676
-0.0974679
-0.0978661
-0.0979073
-0.0978112
-0.0976464
-0.0972894
-0.096644
-0.0958888
-0.0954082
-0.0953945
-0.0957378
-0.096136
-0.0962733
-0.0960261
-0.0955044
-0.0949963
-0.0948315
-0.0951061
-0.0956417
-0.0961223
-0.0963557
-0.0962733
-0.0960261
-0.0959026
-0.096136
-0.0965754
-0.0968225
-0.0967539
-0.0966028
-0.0966028
-0.0965067
-0.0958888
-0.0946256
-0.0932799
-0.0925933
-0.0929778
-0.0941587
-0.0953808
-0.0959163
-0.095422
-0.0941312
-0.0927032
-0.0918107
-0.0916047
-0.0918107
-0.0920166
-0.0920441
-0.0919068
-0.0914674
-0.0907259
-0.0898196
-0.089037
-0.0886388
-0.0886937
-0.0890507
-0.0894214
-0.0895038
-0.0892429
-0.0889134
-0.088831
-0.0890507
-0.0894352
-0.0898059
-0.0901766
-0.0904925
-0.0906023
-0.0902453
-0.0894214
-0.0884191
-0.0877325
-0.0878149
-0.0888585
-0.0906298
-0.0924835
-0.0936506
-0.0935957
-0.0924286
-0.0907946
-0.0894626
-0.0888173
-0.0886799
-0.0887486
-0.0889546
-0.0894489
-0.0900393
-0.0901492
-0.0892704
-0.0876776
-0.0862358
-0.0856865
-0.086071
-0.0869224
-0.0876501
-0.0878835
-0.0876226
-0.0871283
-0.0867027
-0.0864418
-0.0862633
-0.086071
-0.0858513
-0.0857827
-0.0860848
-0.0868537
-0.0878286
-0.0884602
-0.0883092
-0.0873618
-0.0861534
-0.0852609
-0.0849176
-0.0849313
-0.0848764
-0.0844919
-0.0838328
-0.0831463
-0.0826245
-0.0822675
-0.0821164
-0.0823361
-0.0830639
-0.0840937
-0.0848489
-0.0847666
-0.0837642
-0.0823087
-0.0811827
-0.0808944
-0.0812926
-0.0816221
-0.0812376
-0.0801803
-0.079178
-0.079123
-0.0802215
-0.0818693
-0.0832149
-0.0837642
-0.0835582
-0.0828442
-0.0817594
-0.0805373
-0.0796036
-0.0796311
-0.0807845
-0.0825696
-0.0840113
-0.0844507
-0.0838054
-0.0822949
-0.0804687
-0.0790818
-0.0787935
-0.0796448
-0.0809767
-0.0820478
-0.0825009
-0.0823773
-0.0817869
-0.0808944
-0.0800018
-0.0794938
-0.07948
-0.0798233
-0.0802627
-0.0805923
-0.080757
-0.080757
-0.080606
-0.0804687
-0.0804
-0.0803726
-0.080249
-0.0799881
-0.079686
-0.0794526
-0.0793153
-0.0793702
-0.0796174
-0.0800018
-0.0803588
-0.0805785
-0.0805923
-0.0803726
-0.0798783
-0.0791505
-0.0782854
-0.0774616
-0.0769123
-0.0769398
-0.0776675
-0.0789171
-0.0801941
-0.0808806
-0.0806609
-0.0797821
-0.0789995
-0.0788759
-0.0793977
-0.0800568
-0.0802078
-0.0796723
-0.0787935
-0.0780245
-0.0775302
-0.0771183
-0.0765553
-0.0759374
-0.0754568
-0.0751822
-0.0749762
-0.0747428
-0.0746055
-0.0745643
-0.0745231
-0.0743446
-0.0739876
-0.0736168
-0.0734658
-0.0737541
-0.0744682
-0.0751685
-0.0753882
-0.0750449
-0.0744544
-0.07407
-0.0740837
-0.074372
-0.0747291
-0.0749213
-0.0747565
-0.0742759
-0.0737679
-0.0733697
-0.0729989
-0.0725595
-0.0721476
-0.0719279
-0.0717906
-0.0714473
-0.0707058
-0.069621
-0.0684814
-0.0677124
-0.0675614
-0.0679047
-0.0684264
-0.0690031
-0.0697446
-0.0705548
-0.0710903
-0.0710354
-0.0704175
-0.0695936
-0.0690031
-0.068962
-0.0694975
-0.0702115
-0.0705822
-0.0704998
-0.0703213
-0.0704449
-0.0708706
-0.0711452
-0.0708843
-0.070184
-0.0694975
-0.0693052
-0.0698133
-0.0706784
-0.0712276
-0.0710491
-0.070239
-0.0690993
-0.0678085
-0.0666002
-0.0659548
-0.0662432
-0.0672044
-0.0681243
-0.068399
-0.0680282
-0.0673554
-0.066765
-0.0664354
-0.0665315
-0.067122
-0.0681381
-0.0692778
-0.0700879
-0.0701978
-0.0695661
-0.0684127
-0.0672456
-0.0665178
-0.0664629
-0.0669435
-0.0675476
-0.0677948
-0.0675614
-0.0671632
-0.0671357
-0.067685
-0.0685775
-0.0692503
-0.0692503
-0.0684676
-0.0671082
-0.0654742
-0.064005
-0.063236
-0.0633871
-0.0640325
-0.0644307
-0.0641835
-0.0636068
-0.063236
-0.063236
-0.0633459
-0.0633871
-0.0633871
-0.0633047
-0.0629752
-0.0623984
-0.062014
-0.0622611
-0.0631811
-0.0643345
-0.065076
-0.0649799
-0.064005
-0.0625907
-0.0614373
-0.0609567
-0.0611489
-0.061657
-0.0620964
-0.0622337
-0.0620002
-0.0615334
-0.0610802
-0.0608056
-0.0607507
-0.0608468
-0.0611352
-0.0615746
-0.0619865
-0.0622474
-0.0623161
-0.0621238
-0.0616295
-0.0609979
-0.0607232
-0.0611626
-0.0621513
-0.0631949
-0.0640187
-0.064513
-0.064513
-0.0639089
-0.0630438
-0.0625907
-0.0629065
-0.0637304
-0.0644719
-0.0646916
-0.0641972
-0.0630713
-0.0616158
-0.0603525
-0.0597621
-0.0600641
-0.0609979
-0.0620826
-0.0628104
-0.0630026
-0.0627966
-0.0625083
-0.0622337
-0.0618492
-0.0613411
-0.0609017
-0.0607232
-0.0607507
-0.0606546
-0.060325
-0.0599268
-0.0598719
-0.0602564
-0.060737
-0.0606546
-0.0595973
-0.0577985
-0.0560821
-0.055272
-0.0556702
-0.0569609
-0.0584576
-0.0595286
-0.0598307
-0.0593364
-0.0583203
-0.0570845
-0.0559997
-0.0553543
-0.0553543
-0.0560409
-0.0573179
-0.0589382
-0.0604898
-0.0614373
-0.0615196
-0.0607507
-0.0592952
-0.057414
-0.0556427
-0.054654
-0.0548051
-0.0556839
-0.0564528
-0.0564116
-0.055423
-0.05394
-0.0527591
-0.0525669
-0.0534182
-0.0545991
-0.055272
-0.0550385
-0.0541735
-0.053226
-0.0526356
-0.0523197
-0.0519078
-0.051235
-0.050823
-0.0513586
-0.0528553
-0.0544206
-0.0550523
-0.0545442
-0.0535418
-0.0527729
-0.0525394
-0.0527317
-0.0529926
-0.0530887
-0.053075
-0.0533084
-0.0539538
-0.0546266
-0.0547227
-0.0542147
-0.0538302
-0.0543108
-0.0556427
-0.056906
-0.0570295
-0.0557388
-0.0537066
-0.0521687
-0.0521
-0.0535556
-0.0556976
-0.0573316
-0.05762
-0.0566039
-0.0551072
-0.0541735
-0.0542696
-0.0549973
-0.0557114
-0.0560958
-0.0562743
-0.0563979
-0.056494
-0.0565078
-0.0562606
-0.055629
-0.054709
-0.0538851
-0.0534732
-0.0535144
-0.0538851
-0.0543382
-0.0544343
-0.0538851
-0.0529651
-0.0525257
-0.0530475
-0.053995
-0.0544618
-0.0540773
-0.0531299
-0.051949
-0.0506583
-0.0492714
-0.048118
-0.0475688
-0.0478708
-0.0488595
-0.0499305
-0.0504798
-0.0504798
-0.0504111
-0.0506445
-0.0509878
-0.051029
-0.0507544
-0.0504248
-0.0501639
-0.0497657
-0.0491066
-0.0484064
-0.047967
-0.0480219
-0.0486261
-0.049601
-0.0505759
-0.0510702
-0.0509604
-0.0505622
-0.0501777
-0.0499031
-0.049546
-0.0491478
-0.0491478
-0.0501365
-0.0520589
-0.0540224
-0.0548463
-0.0541185
-0.0523335
-0.0503287
-0.0487359
-0.0479532
-0.0480631
-0.0486535
-0.0489831
-0.0485986
-0.0478022
-0.0472529
-0.0473353
-0.0479395
-0.0487359
-0.049601
-0.0505484
-0.0514272
-0.0518254
-0.0514409
-0.0503013
-0.0488732
-0.0476923
-0.0471568
-0.047555
-0.0489419
-0.0508368
-0.0521824
-0.0521275
-0.0507956
-0.0491478
-0.0480905
-0.0480082
-0.0488458
-0.0503287
-0.0518392
-0.0525394
-0.0519765
-0.0505072
-0.0490655
-0.0483789
-0.0483926
