LECROYHDO9204-MSöv,30454,Waveform
Segments,1,SegmentSize,2002
Ampl
-0.0172365
-0.0175798
-0.0163715
-0.0142294
-0.012513
-0.0122521
-0.0132957
-0.0145452
-0.015067
-0.0147924
-0.0144217
-0.01471
-0.0157261
-0.0167834
-0.0169619
-0.015987
-0.0143393
-0.0128288
-0.0122109
-0.0127876
-0.014202
-0.0155201
-0.0159733
-0.0156575
-0.0152318
-0.0153004
-0.0156987
-0.0158909
-0.0155201
-0.0147237
-0.014147
-0.0144628
-0.015836
-0.0176348
-0.0186921
-0.0182527
-0.0165363
-0.0145864
-0.0135154
-0.0136664
-0.014504
-0.0151769
-0.0153279
-0.0153828
-0.0159046
-0.0169757
-0.0181016
-0.0189255
-0.0192138
-0.0187607
-0.0174562
-0.0156575
-0.0141882
-0.0136664
-0.0138587
-0.0141745
-0.0144217
-0.0149022
-0.0158634
-0.0170718
-0.0180192
-0.0183625
-0.0180741
-0.0174562
-0.0168109
-0.0162891
-0.0159458
-0.015836
-0.015987
-0.0163989
-0.0169207
-0.0173189
-0.0173739
-0.0168383
-0.0157398
-0.0145315
-0.0138724
-0.0140646
-0.0146551
-0.0149297
-0.0146414
-0.0142157
-0.0144354
-0.0156987
-0.0176759
-0.0193374
-0.0196532
-0.0184037
-0.0164127
-0.0149022
-0.0146551
-0.0156025
-0.0170992
-0.0183488
-0.0188019
-0.0184724
-0.0178407
-0.0174562
-0.0174425
-0.0175661
-0.0175112
-0.0171267
-0.0164951
-0.0157673
-0.0151082
-0.0146414
-0.0145452
-0.0149022
-0.0155339
-0.0160007
-0.0159046
-0.0153416
-0.0147787
-0.0146002
-0.0149572
-0.0157124
-0.0164401
-0.0166461
-0.016193
-0.0155064
-0.0151769
-0.0154927
-0.0162754
-0.0170443
-0.017264
-0.0167148
-0.0156025
-0.0144217
-0.0135978
-0.0132957
-0.0135154
-0.0140509
-0.014504
-0.0144628
-0.0138449
-0.0130897
-0.0126503
-0.0126778
-0.0129387
-0.013227
-0.0135291
-0.0138999
-0.0142431
-0.0144766
-0.0146276
-0.0146825
-0.0146551
-0.0146002
-0.0144628
-0.0140646
-0.0133232
-0.012513
-0.0120599
-0.0120599
-0.0121148
-0.0118127
-0.011085
-0.0103023
-0.00995901
-0.0103984
-0.0114557
-0.0125267
-0.0129936
-0.0126915
-0.0120873
-0.0117029
-0.0116617
-0.0117303
-0.0116617
-0.0113871
-0.0109751
-0.0106868
-0.0107417
-0.0111124
-0.0115656
-0.0120324
-0.0126366
-0.0135017
-0.0144903
-0.0152455
-0.0153691
-0.0147375
-0.0137214
-0.0131584
-0.0135566
-0.0146414
-0.015479
-0.0155064
-0.0147924
-0.0137763
-0.0127053
-0.0118402
-0.0114008
-0.0115106
-0.0119363
-0.0124581
-0.0130485
-0.0138312
-0.0146963
-0.0153004
-0.0154652
-0.0153828
-0.015424
-0.015781
-0.0163166
-0.0166598
-0.0164539
-0.0157673
-0.0149572
-0.0145452
-0.0148061
-0.0156575
-0.016701
-0.0173876
-0.0173189
-0.0166598
-0.015987
-0.0158497
-0.0162479
-0.016701
-0.0167148
-0.0163577
-0.0161655
-0.0166598
-0.0177446
-0.0186371
-0.0186371
-0.0177858
-0.0168246
-0.0164264
-0.0165912
-0.0168658
-0.016907
-0.016701
-0.0165225
-0.0166873
-0.0170306
-0.0170306
-0.0162479
-0.0149022
-0.01379
-0.0136115
-0.0143942
-0.0156712
-0.0169757
-0.0179918
-0.0186509
-0.0189118
-0.0187195
-0.0179094
-0.0163303
-0.0142157
-0.0121835
-0.0109477
-0.0108515
-0.0118402
-0.013433
-0.014916
-0.0155888
-0.015273
-0.0145178
-0.0141608
-0.0146963
-0.0159184
-0.0170306
-0.0174013
-0.0170031
-0.0163852
-0.0160419
-0.0159046
-0.0154103
-0.014202
-0.0126091
-0.0114283
-0.0113871
-0.0125679
-0.0144217
-0.0160282
-0.0166461
-0.0161655
-0.0152455
-0.01471
-0.014861
-0.0154378
-0.0160007
-0.0163166
-0.0163166
-0.0160007
-0.0155751
-0.0152867
-0.0153828
-0.0158772
-0.0165088
-0.0169207
-0.0168521
-0.0163989
-0.015781
-0.015273
-0.0150945
-0.0154515
-0.0162891
-0.0172777
-0.0180192
-0.0182938
-0.0181016
-0.0175936
-0.0170306
-0.016701
-0.0167697
-0.0170992
-0.0174562
-0.0178133
-0.0181565
-0.0183213
-0.0180055
-0.0172365
-0.0163577
-0.0156987
-0.0153554
-0.0153279
-0.0156575
-0.0162754
-0.0168933
-0.0172503
-0.0173601
-0.0174288
-0.0175798
-0.0176073
-0.017113
-0.0159046
-0.014353
-0.0132133
-0.0129936
-0.013433
-0.0137214
-0.0133232
-0.0124718
-0.0118814
-0.0120736
-0.0130485
-0.0143393
-0.0153004
-0.0155201
-0.0152043
-0.0148061
-0.0145864
-0.0144354
-0.0140097
-0.0131584
-0.0120462
-0.0111262
-0.0109477
-0.011799
-0.0132957
-0.0144903
-0.0146276
-0.01379
-0.0127053
-0.0120324
-0.0119226
-0.0122109
-0.0125405
-0.0124444
-0.0116754
-0.0104533
-0.00943723
-0.00928618
-0.0102199
-0.0116754
-0.0126091
-0.0121972
-0.0105769
-0.00875067
-0.0077071
-0.0078856
-0.0091626
-0.0111124
-0.0130897
-0.0144079
-0.0146963
-0.0141608
-0.0132957
-0.012513
-0.0121423
-0.0122247
-0.0125267
-0.0126229
-0.0123345
-0.0118127
-0.0114694
-0.0115381
-0.0120324
-0.0126366
-0.012925
-0.0126091
-0.011799
-0.0110026
-0.010673
-0.0108927
-0.0113596
-0.0115106
-0.011085
-0.0102336
-0.00949215
-0.00940977
-0.0101787
-0.0115106
-0.0129387
-0.0139273
-0.0141745
-0.0136802
-0.0128014
-0.0120462
-0.0116342
-0.0114008
-0.0110712
-0.0105495
-0.0100139
-0.00980797
-0.0102886
-0.0113871
-0.0126503
-0.0135429
-0.0138312
-0.0135978
-0.0131035
-0.0125405
-0.0121972
-0.0122933
-0.0126915
-0.0130211
-0.0131446
-0.0131584
-0.0131446
-0.0129112
-0.012307
-0.011442
-0.010728
-0.0105906
-0.0111811
-0.0122796
-0.0132682
-0.0135017
-0.0128151
-0.0117029
-0.0110712
-0.0116205
-0.0133643
-0.0156163
-0.0175112
-0.0186921
-0.0193511
-0.0198729
-0.0204634
-0.0211362
-0.0220837
-0.0235254
-0.0254066
-0.027329
-0.0290728
-0.0309128
-0.0332883
-0.0362542
-0.0394811
-0.0425981
-0.0453992
-0.047912
-0.050315
-0.0528003
-0.0552994
-0.0574689
-0.0591853
-0.0608194
-0.0628378
-0.0653781
-0.0682617
-0.0713649
-0.0746055
-0.0778323
-0.0807708
-0.0831188
-0.0845881
-0.0850686
-0.0849588
-0.0849725
-0.0856316
-0.0869224
-0.0885014
-0.0899707
-0.0911378
-0.0920441
-0.0928954
-0.0937742
-0.0945157
-0.094859
-0.0946942
-0.0940763
-0.09317
-0.0922638
-0.091591
-0.0911241
-0.0904375
-0.0891468
-0.0874441
-0.0859612
-0.0853021
-0.0853845
-0.0856865
-0.0858376
-0.0858239
-0.0856179
-0.0849588
-0.0835445
-0.081375
-0.0789171
-0.076981
-0.0759923
-0.075855
-0.0760335
-0.0761434
-0.0762807
-0.0767201
-0.0774341
-0.0779833
-0.0777636
-0.076569
-0.074784
-0.0732735
-0.0726556
-0.072738
-0.0726556
-0.0717082
-0.070033
-0.0685363
-0.0680969
-0.0689208
-0.07039
-0.0716121
-0.0720789
-0.0719416
-0.0715434
-0.070953
-0.0701428
-0.0694837
-0.0697034
-0.0712001
-0.073658
-0.0761159
-0.0775714
-0.0775165
-0.0763356
-0.075141
-0.0749899
-0.0760747
-0.0777087
-0.079123
-0.0800293
-0.0805785
-0.0808669
-0.080757
-0.0800842
-0.0789171
-0.0775028
-0.0762807
-0.0758275
-0.0764729
-0.0780795
-0.0801803
-0.0823224
-0.0842448
-0.085714
-0.086428
-0.0864006
-0.0861946
-0.086634
-0.0882131
-0.0906435
-0.0930602
-0.0948864
-0.0962046
-0.097564
-0.0994589
-0.102109
-0.105501
-0.109469
-0.113492
-0.116939
-0.119671
-0.122212
-0.125164
-0.128418
-0.131288
-0.133238
-0.134446
-0.135778
-0.137961
-0.140941
-0.143975
-0.146296
-0.147765
-0.148726
-0.149592
-0.150498
-0.151322
-0.15194
-0.152503
-0.15334
-0.154548
-0.155716
-0.15621
-0.155867
-0.155235
-0.154974
-0.155235
-0.155729
-0.156279
-0.156979
-0.158009
-0.159121
-0.15978
-0.159396
-0.157789
-0.155304
-0.152736
-0.150869
-0.149907
-0.149454
-0.14896
-0.148218
-0.147436
-0.146996
-0.147038
-0.147312
-0.147408
-0.147038
-0.146214
-0.145198
-0.144278
-0.143577
-0.143097
-0.142808
-0.142726
-0.142767
-0.14274
-0.142438
-0.141792
-0.140996
-0.140433
-0.14035
-0.140598
-0.140804
-0.140666
-0.140241
-0.139815
-0.139705
-0.140007
-0.140529
-0.140831
-0.14057
-0.139801
-0.139046
-0.138854
-0.13943
-0.140488
-0.141573
-0.142259
-0.142369
-0.141971
-0.141408
-0.141229
-0.14193
-0.143481
-0.145101
-0.145761
-0.145088
-0.143811
-0.143179
-0.143893
-0.1455
-0.147038
-0.147793
-0.147628
-0.146722
-0.145376
-0.143852
-0.142616
-0.142218
-0.142959
-0.144484
-0.145939
-0.146667
-0.146612
-0.146131
-0.145609
-0.145184
-0.144868
-0.144662
-0.144607
-0.144813
-0.14528
-0.145774
-0.146008
-0.145788
-0.145143
-0.144195
-0.143138
-0.142163
-0.141463
-0.141064
-0.140941
-0.141037
-0.141449
-0.142135
-0.142767
-0.142946
-0.142451
-0.141504
-0.14046
-0.139636
-0.139115
-0.138826
-0.138661
-0.138401
-0.137893
-0.137179
-0.136629
-0.136574
-0.136959
-0.137247
-0.136945
-0.136039
-0.13516
-0.135078
-0.136135
-0.137824
-0.139128
-0.139238
-0.138112
-0.136451
-0.135146
-0.134721
-0.135133
-0.135998
-0.13689
-0.137343
-0.137151
-0.136492
-0.135874
-0.135668
-0.135696
-0.135572
-0.135119
-0.134336
-0.133334
-0.13251
-0.132414
-0.133293
-0.134707
-0.135998
-0.136931
-0.137659
-0.138291
-0.138716
-0.138675
-0.137975
-0.13667
-0.135188
-0.134144
-0.133965
-0.134446
-0.134968
-0.135119
-0.134995
-0.134817
-0.134666
-0.134542
-0.134419
-0.134295
-0.134062
-0.133732
-0.133457
-0.133636
-0.134542
-0.135943
-0.137137
-0.137467
-0.13689
-0.136066
-0.135682
-0.135874
-0.136135
-0.135929
-0.135174
-0.134226
-0.133567
-0.133416
-0.133801
-0.134542
-0.13527
-0.135613
-0.135654
-0.135929
-0.13689
-0.138414
-0.139938
-0.141051
-0.141792
-0.142383
-0.142904
-0.143234
-0.14322
-0.143042
-0.143261
-0.14447
-0.146804
-0.14988
-0.153189
-0.156567
-0.160219
-0.16405
-0.167442
-0.169625
-0.170463
-0.170669
-0.171204
-0.17266
-0.175241
-0.178894
-0.183096
-0.186803
-0.188945
-0.189302
-0.188753
-0.188698
-0.189879
-0.192007
-0.194314
-0.196264
-0.197747
-0.198749
-0.199092
-0.198749
-0.197994
-0.197335
-0.197266
-0.197925
-0.199065
-0.199999
-0.199916
-0.198447
-0.196003
-0.193531
-0.19187
-0.191307
-0.191678
-0.192584
-0.193573
-0.194245
-0.194369
-0.194067
-0.193696
-0.193421
-0.193078
-0.192309
-0.190854
-0.188904
-0.186803
-0.184936
-0.183549
-0.182807
-0.182697
-0.183109
-0.183851
-0.184634
-0.185073
-0.184826
-0.183796
-0.182176
-0.180267
-0.178537
-0.177466
-0.177466
-0.178564
-0.180171
-0.181311
-0.181242
-0.180089
-0.178784
-0.17818
-0.178413
-0.178921
-0.179169
-0.179059
-0.17888
-0.179004
-0.179594
-0.180446
-0.181008
-0.180857
-0.180047
-0.178949
-0.17796
-0.177493
-0.177768
-0.178482
-0.178894
-0.178441
-0.17748
-0.176875
-0.177191
-0.178043
-0.178633
-0.178454
-0.177603
-0.176477
-0.175516
-0.174994
-0.174994
-0.175324
-0.175832
-0.17656
-0.177713
-0.179223
-0.180651
-0.181366
-0.180954
-0.179374
-0.177013
-0.174514
-0.172619
-0.171712
-0.171685
-0.172001
-0.172152
-0.172015
-0.171973
-0.17255
-0.173964
-0.175846
-0.17748
-0.178262
-0.178001
-0.177026
-0.175859
-0.174761
-0.173539
-0.172097
-0.170792
-0.170161
-0.170394
-0.171053
-0.171424
-0.171149
-0.170532
-0.170312
-0.170957
-0.172234
-0.173539
-0.17439
-0.174637
-0.174225
-0.172989
-0.171081
-0.169186
-0.168225
-0.168568
-0.16957
-0.170188
-0.169763
-0.168568
-0.167497
-0.167387
-0.168156
-0.168911
-0.168637
-0.167085
-0.165122
-0.163968
-0.16438
-0.166124
-0.168211
-0.169488
-0.16957
-0.169035
-0.168678
-0.168692
-0.168499
-0.167662
-0.166426
-0.165396
-0.164792
-0.164366
-0.164009
-0.16405
-0.164861
-0.166289
-0.167607
-0.167978
-0.167236
-0.166028
-0.165163
-0.165025
-0.16541
-0.165726
-0.165492
-0.164641
-0.163597
-0.162979
-0.162911
-0.162993
-0.162581
-0.161414
-0.159862
-0.158654
-0.158434
-0.159286
-0.160714
-0.16195
-0.162568
-0.162705
-0.162636
-0.162334
-0.161469
-0.160123
-0.158819
-0.158009
-0.157624
-0.157295
-0.156965
-0.157048
-0.157789
-0.158901
-0.159602
-0.159286
-0.157899
-0.156059
-0.154535
-0.153807
-0.153917
-0.154823
-0.156141
-0.157116
-0.156883
-0.155249
-0.153011
-0.151445
-0.151253
-0.152173
-0.153354
-0.154027
-0.153848
-0.152887
-0.151528
-0.150429
-0.150182
-0.150882
-0.152008
-0.152846
-0.153107
-0.152983
-0.152818
-0.152626
-0.15231
-0.151816
-0.151226
-0.150745
-0.150566
-0.1508
-0.151555
-0.152695
-0.153807
-0.15448
-0.154548
-0.154164
-0.153519
-0.152681
-0.151706
-0.150731
-0.14999
-0.149784
-0.150237
-0.151088
-0.151843
-0.152063
-0.151734
-0.151171
-0.150745
-0.150663
-0.150855
-0.151129
-0.151335
-0.151473
-0.151432
-0.150978
-0.149907
-0.148424
-0.147024
-0.146159
-0.145788
-0.145623
-0.14539
-0.145033
-0.144415
-0.143454
-0.142383
-0.14182
-0.142259
-0.143426
-0.144456
-0.144662
-0.144264
-0.143962
-0.143948
-0.143701
-0.142726
-0.141243
-0.139897
-0.13906
-0.138552
-0.138126
-0.13792
-0.13814
-0.138689
-0.139156
-0.139115
-0.13851
-0.137604
-0.136822
-0.136423
-0.136437
-0.136753
-0.137261
-0.137796
-0.138085
-0.137906
-0.137357
-0.136794
-0.136616
-0.136931
-0.137549
-0.138153
-0.138469
-0.138181
-0.137151
-0.135641
-0.134309
-0.13365
-0.133718
-0.13402
-0.134075
-0.133773
-0.133416
-0.133416
-0.133814
-0.134322
-0.134487
-0.134103
-0.133224
-0.132057
-0.130972
-0.130327
-0.130299
-0.130835
-0.131714
-0.132771
-0.133814
-0.134487
-0.13446
-0.133485
-0.131714
-0.129805
-0.128638
-0.12883
-0.130134
-0.131645
-0.132441
-0.132139
-0.131041
-0.129668
-0.128555
-0.128075
-0.128212
-0.128583
-0.12883
-0.12894
-0.129118
-0.129407
-0.129626
-0.129558
-0.129256
-0.128912
-0.128665
-0.128377
-0.127759
-0.126921
-0.126482
-0.12699
-0.128267
-0.129407
-0.129599
-0.128816
-0.127663
-0.126702
-0.126111
-0.125589
-0.124793
-0.123667
-0.122637
-0.122527
-0.123804
-0.125988
-0.1278
-0.128102
-0.126784
-0.124848
-0.123516
-0.123269
-0.123612
-0.123612
-0.122898
-0.121896
-0.121346
-0.121566
-0.122321
-0.123035
-0.123324
-0.123077
-0.122486
-0.121813
-0.121305
-0.12114
-0.121182
-0.121031
-0.120317
-0.119122
-0.118037
-0.117639
-0.118024
-0.118806
-0.119589
-0.120042
-0.119905
-0.118985
-0.117488
-0.116005
-0.115085
-0.114948
-0.115524
-0.116527
-0.11757
-0.118147
-0.118037
-0.117461
-0.116843
-0.116403
-0.116005
-0.115497
-0.115071
-0.114989
-0.115318
-0.115827
-0.116225
-0.116376
-0.116184
-0.115621
-0.114742
-0.11389
-0.113424
-0.11341
-0.113698
-0.114041
-0.114302
-0.114344
-0.11422
-0.114165
-0.114385
-0.114824
-0.115154
-0.115099
-0.114687
-0.114193
-0.113973
-0.11422
-0.11481
-0.115346
-0.115332
-0.114673
-0.113739
-0.113025
-0.112655
-0.112435
-0.112078
-0.111597
-0.111117
-0.110691
-0.11032
-0.109977
-0.109785
-0.109936
-0.110458
-0.111144
-0.11157
-0.111419
-0.110664
-0.109538
-0.108535
-0.108041
-0.108178
-0.108769
-0.109414
-0.109812
-0.109771
-0.109236
-0.108398
-0.107753
-0.107725
-0.10837
-0.109208
-0.10962
-0.109249
-0.108041
-0.10616
-0.104031
-0.102384
-0.101821
-0.102288
-0.103111
-0.103619
-0.103674
-0.103619
-0.10388
-0.104608
-0.105789
-0.107121
-0.108151
-0.108384
-0.107492
-0.105652
-0.103551
-0.102095
-0.101972
-0.103111
-0.104704
-0.105775
-0.105762
-0.104814
-0.103441
-0.102205
-0.10156
-0.10156
-0.102013
-0.102562
-0.102837
-0.102603
-0.101903
-0.10112
-0.100708
-0.100722
-0.100873
-0.101052
-0.101546
-0.102494
-0.103578
-0.104237
-0.10421
-0.103647
-0.102796
-0.101848
-0.100983
-0.100351
-0.0999807
-0.0995276
-0.0983879
-0.0964655
-0.0944333
-0.0933897
-0.0939115
-0.0955181
-0.0971658
-0.098127
-0.0984428
-0.0985664
-0.0987449
-0.0989234
-0.0989509
-0.0987861
-0.0985389
-0.0983604
-0.0982918
-0.0982643
-0.0982231
-0.0983055
-0.0986076
-0.0989646
-0.0989509
-0.0984016
-0.0976327
-0.0971384
-0.0970422
-0.0968912
-0.0962184
-0.0949826
-0.0937056
-0.0930465
-0.0933211
-0.0943372
-0.095573
-0.0964243
-0.096493
-0.0956691
-0.0943097
-0.0931426
-0.092868
-0.0936369
-0.0949414
-0.09593
-0.09593
-0.0947491
-0.0927306
-0.0905749
-0.0890095
-0.0884602
-0.0888585
-0.0897784
-0.0905611
-0.0907259
-0.0902453
-0.0896137
-0.0893528
-0.0896549
-0.0903689
-0.0912065
-0.091742
-0.0916733
-0.0910829
-0.090465
-0.090314
-0.0906435
-0.0909044
-0.0907396
-0.0902041
-0.0896411
-0.089394
-0.0897235
-0.090822
-0.0923462
-0.0933074
-0.0929366
-0.0914399
-0.0900393
-0.0897922
-0.0906572
-0.0916596
-0.0917969
-0.0908907
-0.0896549
-0.0889546
-0.0890232
-0.0895038
-0.0898059
-0.0896549
-0.0890782
-0.0883641
-0.08776
-0.0874441
-0.0874029
-0.0876226
-0.0881856
-0.0890232
-0.0898196
-0.0901355
-0.0898883
-0.0894764
-0.089339
-0.0895038
-0.0896549
-0.0894901
-0.0889683
-0.0883641
-0.0881444
-0.0884328
-0.0887623
-0.0884877
-0.0875128
-0.0863868
-0.0858376
-0.0861671
-0.0872244
-0.0884328
-0.0891056
-0.0885976
-0.0868949
-0.084643
-0.0827755
-0.0817732
-0.0815535
-0.0816633
-0.0817457
-0.0816084
-0.0813887
-0.08132
-0.0814985
-0.0818006
-0.0821576
-0.0826657
-0.083311
-0.0838191
-0.083874
-0.0835857
-0.0832836
-0.0832287
-0.0834484
-0.0838191
-0.0841487
-0.0841349
-0.0835033
-0.0821851
-0.0805511
-0.0792878
-0.0788621
-0.0793153
-0.0802765
-0.0812788
-0.0819242
-0.0818555
-0.0809905
-0.0797272
-0.0788072
-0.0787386
-0.079329
-0.0799881
-0.0802353
-0.0800568
-0.0797272
-0.079329
-0.0787386
-0.0779833
-0.0773792
-0.077338
-0.0779833
-0.0789857
-0.0798371
-0.0801254
-0.0797821
-0.0788621
-0.0776126
-0.0764729
-0.0759923
-0.0764043
-0.0774341
-0.078615
-0.079686
-0.0804275
-0.0805373
-0.0796036
-0.077846
-0.0761983
-0.0758275
-0.0770771
-0.0790956
-0.0805923
-0.0808944
-0.0803039
-0.0796174
-0.0792466
-0.078972
-0.0783816
-0.0775577
-0.0769398
-0.076775
-0.0768711
-0.0770634
-0.0773792
-0.0778048
-0.0780383
-0.0777362
-0.0768025
-0.0755255
-0.0743308
-0.073658
-0.0737816
-0.0747702
-0.0764317
-0.0782992
-0.0797684
-0.0803451
-0.0799057
-0.0787248
-0.0772968
-0.0759786
-0.075141
-0.0750998
-0.0759511
-0.0770771
-0.0776126
-0.0770908
-0.0758413
-0.0746329
-0.0739601
-0.0739189
-0.0743583
-0.0749625
-0.075347
-0.0751135
-0.0741935
-0.0729989
-0.0721888
-0.072024
-0.0721751
-0.0721064
-0.0717082
-0.0713924
-0.0716533
-0.0725183
-0.0735207
-0.0741112
-0.0739876
-0.0733285
-0.0725733
-0.0720377
-0.0715983
-0.0708294
-0.0695661
-0.0682205
-0.0675888
-0.0680145
-0.0689757
-0.0695524
-0.069264
-0.0683852
-0.0676575
-0.0675476
-0.067987
-0.0685088
-0.0688521
-0.0691405
-0.0695387
-0.070033
-0.0704998
-0.0709392
-0.0712413
-0.0711177
-0.0703351
-0.0691954
-0.0683029
-0.0679458
-0.068042
-0.0684951
-0.0692915
-0.0701703
-0.0704175
-0.0697858
-0.0688933
-0.0687285
-0.0695524
-0.0707058
-0.0712139
-0.0706509
-0.0693327
-0.0680694
-0.0675614
-0.0679458
-0.0686049
-0.0687972
-0.0682342
-0.0673829
-0.0670259
-0.0675751
-0.0686599
-0.069319
-0.0688658
-0.0675614
-0.0663668
-0.0658724
-0.0658862
-0.0658312
-0.0655703
-0.065433
-0.0657763
-0.0667375
-0.0679596
-0.0687834
-0.0684127
-0.0666551
-0.0642522
-0.0624396
-0.0620552
-0.0630575
-0.0648014
-0.0665041
-0.06763
-0.0680008
-0.0677261
-0.0670121
-0.0660921
-0.0651859
-0.0645268
-0.0641011
-0.0637029
-0.0631537
-0.0626181
-0.0624671
-0.0629065
-0.0636892
-0.0644444
-0.0650074
-0.0655017
-0.0661059
-0.0665865
-0.0664491
-0.0655017
-0.0642796
-0.0636342
-0.0639501
-0.0647877
-0.0653918
-0.0653781
-0.0647877
-0.0638677
-0.0629065
-0.0621787
-0.0619316
-0.0622611
-0.0628378
-0.0631399
-0.0629202
-0.062371
-0.0620689
-0.0624122
-0.0633184
-0.0643757
-0.0651309
-0.0653644
-0.0650211
-0.0640599
-0.0626593
-0.0613549
-0.0607644
-0.0611214
-0.0620826
-0.0630575
-0.0634832
-0.0631399
-0.0622886
-0.0615196
-0.0613686
-0.0618355
-0.0623572
-0.0624122
-0.0619453
-0.0613411
-0.061245
-0.0620552
-0.0635107
-0.0648426
-0.0653644
-0.0649662
-0.0638814
-0.0623023
-0.0604761
-0.058897
-0.0582104
-0.0587048
-0.059968
-0.0610391
-0.0611489
-0.0602426
-0.0589656
-0.0581418
-0.0581967
-0.0589382
-0.059968
-0.0608194
-0.0612176
-0.0610253
-0.0604486
-0.0598307
-0.0593638
-0.0589382
-0.0584301
-0.0580182
-0.0579907
-0.058334
-0.0587597
-0.0588695
-0.0585125
-0.0579221
-0.0576474
-0.058128
-0.0591991
-0.0601191
-0.0603113
-0.0597758
-0.059103
-0.0587597
-0.0587734
-0.0587597
-0.058334
-0.0573591
-0.056137
-0.0551621
-0.0547914
-0.0550248
-0.0556839
-0.0566725
-0.0578534
-0.0588283
-0.0591304
-0.0585812
-0.0573316
-0.0557114
-0.0542284
-0.0534869
-0.0536517
-0.0543245
-0.05486
-0.0550111
-0.0549699
-0.0548326
-0.0544069
-0.0535967
-0.0528003
-0.052663
-0.0534457
-0.0545991
-0.0553406
-0.0555191
-0.0557525
-0.0566725
-0.0580319
-0.0587048
-0.057826
-0.0557525
-0.053789
-0.0531711
-0.0541735
-0.0560684
-0.0577161
-0.0583065
-0.0577573
-0.0565764
-0.0553543
-0.0543382
-0.0537753
-0.0539263
-0.0547639
-0.0557114
-0.0560272
-0.055423
-0.0541185
-0.0526218
-0.0516057
-0.0516606
-0.0529514
-0.0548875
-0.056549
-0.0573454
-0.057263
-0.0564803
-0.0551758
-0.0535006
-0.051743
-0.0503699
-0.0498893
-0.0504248
-0.0515096
-0.0523197
-0.0522786
-0.051386
-0.0500953
-0.0490792
-0.0489831
-0.0500266
-0.051743
-0.053226
-0.0538027
-0.0533908
-0.0523884
-0.0513998
-0.0507681
-0.0505759
-0.0507407
-0.0510702
-0.0513311
-0.0511389
-0.0502051
-0.0485849
-0.046841
-0.0457288
-0.0457837
-0.0469371
-0.0486672
-0.0503287
-0.0513311
-0.0512899
-0.0503425
-0.0490243
-0.0480905
-0.0478708
-0.0481592
-0.0483926
-0.0481867
-0.0476511
-0.0472667
-0.0473628
-0.0477061
-0.0477885
-0.0474314
-0.0468685
-0.0464291
-0.0462506
-0.0463055
-0.0464565
-0.0465664
-0.0465526
-0.046484
-0.0466625
-0.0473216
-0.0483102
-0.0492577
-0.0497932
-0.0498344
-0.0494774
-0.0489556
-0.048475
-0.0480905
-0.0477335
-0.0473765
-0.0471019
-0.0470332
-0.0471156
-0.0475001
-0.048324
-0.0495186
-0.050521
-0.0506171
-0.049546
-0.0477747
-0.0463329
-0.046278
-0.0479532
-0.0504798
-0.052155
-0.0518254
-0.0498207
-0.047555
-0.0462506
-0.0460858
-0.0462918
-0.0460995
-0.0454267
-0.0449461
-0.0452482
-0.0462094
-0.0471843
-0.0477747
-0.0481317
-0.048475
-0.0487496
-0.0487634
-0.0484338
-0.0477747
-0.0468822
-0.0460034
-0.0455365
-0.045564
-0.0457425
-0.0456052
-0.0449049
-0.0436279
-0.0420625
-0.0406345
-0.0398106
-0.0399617
-0.04117
-0.0431198
-0.0450422
-0.046127
-0.0460171
-0.0451521
-0.0443007
-0.0439986
-0.0442458
-0.0447127
-0.0449736
-0.0446989
-0.0438201
-0.0426393
-0.0417055
-0.0414172
-0.0417605
-0.0424196
-0.0430649
-0.0436142
-0.0440398
-0.0443557
-0.0444243
-0.0441085
-0.0433807
-0.0424745
-0.0418017
-0.0416643
