LECROYHDO9204-MSöv,30454,Waveform
Segments,1,SegmentSize,2002
Ampl
-0.0123345
-0.0125954
-0.0132408
-0.014147
-0.0150121
-0.0155064
-0.0156025
-0.0154515
-0.015067
-0.0143942
-0.0135154
-0.0127602
-0.0122933
-0.0120187
-0.0118814
-0.01195
-0.0121423
-0.012307
-0.0124032
-0.0125405
-0.0126503
-0.0123482
-0.0113871
-0.0100414
-0.00902529
-0.00892917
-0.00987663
-0.0115244
-0.013227
-0.0144491
-0.014861
-0.0144903
-0.0137076
-0.0129387
-0.0126503
-0.0130348
-0.0139273
-0.0148748
-0.015479
-0.0155476
-0.0151631
-0.0144628
-0.0136802
-0.0130211
-0.0125817
-0.012362
-0.0125542
-0.0133918
-0.0146963
-0.015781
-0.0160419
-0.0155064
-0.01471
-0.0141882
-0.0140234
-0.0138861
-0.0133232
-0.0121423
-0.0106593
-0.00945096
-0.00901156
-0.00943723
-0.010522
-0.0118127
-0.0127602
-0.0130211
-0.0127739
-0.0124444
-0.0123208
-0.0122933
-0.0123345
-0.0125679
-0.0129936
-0.0133506
-0.0134467
-0.013433
-0.0136115
-0.0139685
-0.014202
-0.0140234
-0.0134467
-0.0128014
-0.0126091
-0.0131446
-0.0140097
-0.0144217
-0.0138999
-0.0126778
-0.0114008
-0.0106593
-0.0107829
-0.0117578
-0.0131721
-0.0143805
-0.0148748
-0.0145452
-0.0137351
-0.012925
-0.0125542
-0.0126366
-0.0128288
-0.0127739
-0.0125542
-0.0124718
-0.0127053
-0.0131721
-0.0137214
-0.0142294
-0.0144079
-0.0138861
-0.0127464
-0.011593
-0.0111811
-0.0118265
-0.0132545
-0.014861
-0.0159733
-0.0160969
-0.0151906
-0.0137488
-0.0126503
-0.0124993
-0.013433
-0.0150396
-0.0165774
-0.0173052
-0.016907
-0.0156712
-0.0142843
-0.0133094
-0.0129936
-0.0132682
-0.0138861
-0.0145315
-0.0149846
-0.015067
-0.0147375
-0.0140921
-0.0133918
-0.0129524
-0.01287
-0.0129936
-0.0131721
-0.0133232
-0.0134467
-0.0134055
-0.0131446
-0.0126366
-0.0119638
-0.0113596
-0.0111948
-0.0117715
-0.0129524
-0.0141333
-0.0147375
-0.0145727
-0.0139685
-0.0133643
-0.0130485
-0.0129799
-0.0129661
-0.0128014
-0.0125405
-0.0124032
-0.0126366
-0.0133643
-0.0143667
-0.0151906
-0.0153828
-0.0149572
-0.0143805
-0.0140646
-0.0139685
-0.01379
-0.0134879
-0.0133232
-0.0135429
-0.0140509
-0.0146276
-0.0151494
-0.0153966
-0.0149984
-0.0137488
-0.0119088
-0.0102336
-0.00946469
-0.00993155
-0.0113596
-0.0130897
-0.0144079
-0.0149846
-0.0147787
-0.0140372
-0.013227
-0.01287
-0.0130348
-0.0132408
-0.0129936
-0.0123894
-0.0119638
-0.0120736
-0.0125679
-0.0131584
-0.0137214
-0.0142294
-0.0145727
-0.0145864
-0.014202
-0.0134742
-0.012513
-0.0116479
-0.0113596
-0.01195
-0.0132545
-0.0147512
-0.0159458
-0.0166049
-0.0166461
-0.0162754
-0.0158085
-0.0155339
-0.0153279
-0.0148748
-0.0140921
-0.0133232
-0.013076
-0.0135154
-0.0143393
-0.0150807
-0.0155064
-0.0156849
-0.0159046
-0.0163989
-0.0171679
-0.0180192
-0.0186371
-0.0187058
-0.018184
-0.0173464
-0.0165774
-0.0160282
-0.01563
-0.0152867
-0.0150807
-0.0151769
-0.0155064
-0.0159321
-0.0162616
-0.0163577
-0.0161381
-0.0158085
-0.0156849
-0.0159595
-0.01655
-0.0172503
-0.0178682
-0.0181703
-0.0180467
-0.0176348
-0.0171954
-0.0170031
-0.017264
-0.018033
-0.0190765
-0.0198729
-0.0198317
-0.018747
-0.0169757
-0.0151494
-0.01379
-0.0130623
-0.01287
-0.0132133
-0.0140921
-0.0154378
-0.0167971
-0.0176485
-0.0177858
-0.0176348
-0.0176759
-0.0179094
-0.0177583
-0.016756
-0.0150258
-0.0131309
-0.0117303
-0.0112635
-0.0118265
-0.0129799
-0.0140784
-0.0147512
-0.0150258
-0.015067
-0.014916
-0.0145178
-0.0139548
-0.0133918
-0.0129799
-0.0128975
-0.0132682
-0.0141058
-0.0151082
-0.0160145
-0.0167971
-0.0175936
-0.0183213
-0.0186371
-0.0181153
-0.0167285
-0.0149297
-0.013639
-0.0135154
-0.0144766
-0.0158772
-0.0170718
-0.0177446
-0.0179368
-0.0177995
-0.0174837
-0.0169757
-0.0162479
-0.0154927
-0.0151082
-0.0152043
-0.0155888
-0.0159595
-0.0162891
-0.016701
-0.0172915
-0.0178819
-0.0182115
-0.0180741
-0.0174425
-0.0164264
-0.0152455
-0.0141882
-0.0134742
-0.0131584
-0.0130485
-0.0127464
-0.0120736
-0.011236
-0.0107966
-0.0112635
-0.0127464
-0.0148473
-0.0168795
-0.0182527
-0.0185547
-0.0177309
-0.0161792
-0.0146276
-0.013639
-0.013282
-0.0133643
-0.0138037
-0.0147512
-0.0161655
-0.0176348
-0.0185135
-0.0182527
-0.0168109
-0.0147649
-0.0129936
-0.0121148
-0.0121835
-0.0129112
-0.0138037
-0.0142981
-0.0140784
-0.0134742
-0.0131996
-0.0134742
-0.0138449
-0.0138999
-0.0139136
-0.0144903
-0.0157261
-0.0169894
-0.0175524
-0.017264
-0.0166049
-0.0160969
-0.0159595
-0.0160969
-0.0163028
-0.0163715
-0.0161106
-0.015479
-0.0148473
-0.0147375
-0.015273
-0.0160557
-0.0165637
-0.016701
-0.0166186
-0.0164127
-0.0161243
-0.0159733
-0.0162754
-0.0169757
-0.0175524
-0.0176073
-0.0172365
-0.0169482
-0.017113
-0.0178133
-0.018747
-0.0194198
-0.0192688
-0.0181977
-0.0167834
-0.0159595
-0.0163852
-0.017827
-0.0193237
-0.0200652
-0.0200377
-0.0200102
-0.0205046
-0.0212598
-0.0216305
-0.0214383
-0.020944
-0.0203535
-0.0194198
-0.0180879
-0.0169757
-0.0169345
-0.0181428
-0.0198317
-0.0209165
-0.0207517
-0.0194335
-0.0175249
-0.0158634
-0.0151631
-0.0156025
-0.0166598
-0.0175386
-0.0176622
-0.0170718
-0.0162891
-0.0159046
-0.016193
-0.0170718
-0.0182801
-0.0193923
-0.0199691
-0.0198729
-0.0194747
-0.0192413
-0.0193374
-0.0197494
-0.0204222
-0.0214108
-0.0226604
-0.0240747
-0.0258735
-0.028606
-0.0327528
-0.0382453
-0.0444655
-0.0506995
-0.0565352
-0.061959
-0.0673554
-0.0731912
-0.0797409
-0.0870047
-0.0949139
-0.103317
-0.111831
-0.120056
-0.12791
-0.135599
-0.143289
-0.150855
-0.158187
-0.165588
-0.173676
-0.182615
-0.191691
-0.199491
-0.205038
-0.208663
-0.211945
-0.2166
-0.223095
-0.2304
-0.236881
-0.241494
-0.244378
-0.246479
-0.248841
-0.252012
-0.255596
-0.258535
-0.259935
-0.259757
-0.258713
-0.257546
-0.25664
-0.256022
-0.255555
-0.254924
-0.253811
-0.252067
-0.24998
-0.247852
-0.245861
-0.243829
-0.241522
-0.238913
-0.236304
-0.234025
-0.23191
-0.229397
-0.225937
-0.221708
-0.21763
-0.21465
-0.213002
-0.212096
-0.211135
-0.209762
-0.208224
-0.206823
-0.205381
-0.203486
-0.20118
-0.199216
-0.19831
-0.198516
-0.199312
-0.200136
-0.200768
-0.201111
-0.201015
-0.200479
-0.19971
-0.199161
-0.199051
-0.199189
-0.199326
-0.199628
-0.200383
-0.201537
-0.202663
-0.203569
-0.204503
-0.205697
-0.206988
-0.207894
-0.20821
-0.208265
-0.208746
-0.209926
-0.211423
-0.212508
-0.212851
-0.212645
-0.212425
-0.212577
-0.213277
-0.214458
-0.215872
-0.217314
-0.218687
-0.219991
-0.221104
-0.221763
-0.221831
-0.221378
-0.220678
-0.220005
-0.219676
-0.219978
-0.221062
-0.222683
-0.224138
-0.224619
-0.223781
-0.221927
-0.219882
-0.218385
-0.217753
-0.217808
-0.21822
-0.218673
-0.21903
-0.219126
-0.218646
-0.217533
-0.216133
-0.215062
-0.214622
-0.214609
-0.214581
-0.214279
-0.213881
-0.213826
-0.214416
-0.215309
-0.215762
-0.215172
-0.213661
-0.212096
-0.211478
-0.212192
-0.213771
-0.215172
-0.215584
-0.214801
-0.213332
-0.211876
-0.210819
-0.210064
-0.209405
-0.208787
-0.208224
-0.207729
-0.207249
-0.206919
-0.207057
-0.207949
-0.209569
-0.211437
-0.212824
-0.213126
-0.212371
-0.2113
-0.210888
-0.211437
-0.212398
-0.212975
-0.212879
-0.212371
-0.211739
-0.21086
-0.209611
-0.208141
-0.206933
-0.206384
-0.206686
-0.207633
-0.208732
-0.20946
-0.209693
-0.209762
-0.210036
-0.210599
-0.211203
-0.211492
-0.211272
-0.210544
-0.209542
-0.208732
-0.208608
-0.209185
-0.209899
-0.210105
-0.209707
-0.209144
-0.208814
-0.208691
-0.208594
-0.208512
-0.208594
-0.208718
-0.208677
-0.208237
-0.207372
-0.20626
-0.205313
-0.205024
-0.205532
-0.206452
-0.207084
-0.207002
-0.20637
-0.205629
-0.205024
-0.204448
-0.203665
-0.202786
-0.202196
-0.202155
-0.202402
-0.202319
-0.20166
-0.200672
-0.199875
-0.199587
-0.199765
-0.20015
-0.200397
-0.200246
-0.199587
-0.198667
-0.197994
-0.197898
-0.198296
-0.198887
-0.199477
-0.199971
-0.200191
-0.19993
-0.199189
-0.198118
-0.196909
-0.19577
-0.194959
-0.194767
-0.19522
-0.196003
-0.19669
-0.197101
-0.197417
-0.197843
-0.198269
-0.198241
-0.197431
-0.196195
-0.195385
-0.195673
-0.196882
-0.198063
-0.198241
-0.197239
-0.195756
-0.194726
-0.194534
-0.194877
-0.19511
-0.194836
-0.194122
-0.193312
-0.192721
-0.192378
-0.192199
-0.192323
-0.192982
-0.194094
-0.195056
-0.195152
-0.194245
-0.192996
-0.192337
-0.192543
-0.192982
-0.192653
-0.191211
-0.189316
-0.188011
-0.187792
-0.188245
-0.188725
-0.189014
-0.189357
-0.190085
-0.191156
-0.192048
-0.192241
-0.19143
-0.189851
-0.188011
-0.186419
-0.185389
-0.185032
-0.185306
-0.185897
-0.186419
-0.186666
-0.186762
-0.186789
-0.186652
-0.186158
-0.185554
-0.185293
-0.185581
-0.186103
-0.186446
-0.186528
-0.186556
-0.186556
-0.186432
-0.186199
-0.186144
-0.186528
-0.187174
-0.187503
-0.186954
-0.185499
-0.183755
-0.182519
-0.182121
-0.182327
-0.182643
-0.182752
-0.182615
-0.182327
-0.182134
-0.182231
-0.182629
-0.183041
-0.183054
-0.182546
-0.181819
-0.181475
-0.18186
-0.18278
-0.183576
-0.183686
-0.183054
-0.182189
-0.181489
-0.180995
-0.180514
-0.180143
-0.180157
-0.180638
-0.181118
-0.180926
-0.179635
-0.177562
-0.175653
-0.174775
-0.174994
-0.175571
-0.17553
-0.174596
-0.173305
-0.172468
-0.172481
-0.173278
-0.17439
-0.175214
-0.175365
-0.174761
-0.173786
-0.172976
-0.172701
-0.17288
-0.173099
-0.173003
-0.172468
-0.171644
-0.170683
-0.169708
-0.168843
-0.168211
-0.168005
-0.168293
-0.168911
-0.169543
-0.169969
-0.170092
-0.169969
-0.169667
-0.169282
-0.16909
-0.169213
-0.169461
-0.169419
-0.168829
-0.167991
-0.167401
-0.167401
-0.167909
-0.168541
-0.168911
-0.168856
-0.168444
-0.167923
-0.167401
-0.166728
-0.165794
-0.164861
-0.164435
-0.164806
-0.165739
-0.166659
-0.166948
-0.166179
-0.164449
-0.162458
-0.161153
-0.161153
-0.162293
-0.163817
-0.164751
-0.164462
-0.163007
-0.161071
-0.159464
-0.158544
-0.158132
-0.157885
-0.157775
-0.158077
-0.158888
-0.159725
-0.159904
-0.159245
-0.158146
-0.157185
-0.156471
-0.155839
-0.155276
-0.155043
-0.155194
-0.155317
-0.154905
-0.153958
-0.153066
-0.152901
-0.15367
-0.155043
-0.156416
-0.157171
-0.157006
-0.156128
-0.155002
-0.15404
-0.153436
-0.153175
-0.153189
-0.153395
-0.153807
-0.154452
-0.155125
-0.155331
-0.1547
-0.153436
-0.152146
-0.151226
-0.150621
-0.150155
-0.149866
-0.149976
-0.15058
-0.151555
-0.152516
-0.152997
-0.15264
-0.151528
-0.150141
-0.149097
-0.148658
-0.148795
-0.149331
-0.150155
-0.151074
-0.151665
-0.151473
-0.150306
-0.148548
-0.146955
-0.146063
-0.145843
-0.145939
-0.145994
-0.145898
-0.145582
-0.145115
-0.144484
-0.143728
-0.143001
-0.142575
-0.142616
-0.143097
-0.143783
-0.144278
-0.144291
-0.143673
-0.142575
-0.141408
-0.140666
-0.140433
-0.140227
-0.139595
-0.13884
-0.138867
-0.140144
-0.142067
-0.14333
-0.143042
-0.141298
-0.139019
-0.13733
-0.136698
-0.136918
-0.137288
-0.137343
-0.136931
-0.136286
-0.135778
-0.135709
-0.136039
-0.13641
-0.136451
-0.136053
-0.135517
-0.135256
-0.135517
-0.136135
-0.136657
-0.136767
-0.136547
-0.136396
-0.136588
-0.136931
-0.137124
-0.137041
-0.13678
-0.136492
-0.136135
-0.135572
-0.13457
-0.133142
-0.131617
-0.130546
-0.130313
-0.130999
-0.13229
-0.133553
-0.134034
-0.13343
-0.132125
-0.130876
-0.130285
-0.130409
-0.130903
-0.131453
-0.131837
-0.132002
-0.131947
-0.131714
-0.131425
-0.131192
-0.131068
-0.131027
-0.131041
-0.131027
-0.130972
-0.130945
-0.131041
-0.131219
-0.131151
-0.130423
-0.128926
-0.127237
-0.12629
-0.126647
-0.127896
-0.129146
-0.129764
-0.129791
-0.129599
-0.129448
-0.12942
-0.129571
-0.129983
-0.130656
-0.131384
-0.131865
-0.131823
-0.131041
-0.129558
-0.127759
-0.126248
-0.125562
-0.12585
-0.12688
-0.12824
-0.129517
-0.130437
-0.130821
-0.130588
-0.12964
-0.128143
-0.126592
-0.125672
-0.125768
-0.126688
-0.127773
-0.128445
-0.1285
-0.127979
-0.127004
-0.125768
-0.124491
-0.123461
-0.122898
-0.122912
-0.12342
-0.123983
-0.123955
-0.122926
-0.121127
-0.119452
-0.118765
-0.119301
-0.120385
-0.121168
-0.121264
-0.120866
-0.120372
-0.119987
-0.119781
-0.119877
-0.120344
-0.120921
-0.121264
-0.121278
-0.121154
-0.121072
-0.120948
-0.120619
-0.120056
-0.119465
-0.119177
-0.119383
-0.119973
-0.120468
-0.120317
-0.119232
-0.117433
-0.115607
-0.114453
-0.114302
-0.115058
-0.116238
-0.117337
-0.117996
-0.118024
-0.117461
-0.116637
-0.116005
-0.115881
-0.11617
-0.116417
-0.116184
-0.115387
-0.11422
-0.112957
-0.111927
-0.111433
-0.111693
-0.112558
-0.113767
-0.115126
-0.116554
-0.117776
-0.118298
-0.117845
-0.116458
-0.11455
-0.112504
-0.11065
-0.10929
-0.108796
-0.10929
-0.110403
-0.111419
-0.111803
-0.111433
-0.110595
-0.109524
-0.108508
-0.107959
-0.10811
-0.108727
-0.109167
-0.108906
-0.108027
-0.107011
-0.106242
-0.105816
-0.10572
-0.105968
-0.106517
-0.107107
-0.107286
-0.106668
-0.105295
-0.103812
-0.103057
-0.103455
-0.104732
-0.106022
-0.106489
-0.105775
-0.104155
-0.10248
-0.101766
-0.102466
-0.104155
-0.105624
-0.105844
-0.104704
-0.103125
-0.102274
-0.102672
-0.103867
-0.104924
-0.105144
-0.104457
-0.103262
-0.102123
-0.101395
-0.101175
-0.101381
-0.101944
-0.102782
-0.103674
-0.104196
-0.103908
-0.102796
-0.101422
-0.100393
-0.0998983
-0.0996237
-0.0993628
-0.0993903
-0.100132
-0.101491
-0.102754
-0.103098
-0.102329
-0.100928
-0.0997473
-0.0995825
-0.100681
-0.102521
-0.103935
-0.103867
-0.102191
-0.0997061
-0.0975366
-0.0964655
-0.0966715
-0.0977563
-0.0989646
-0.0995551
-0.0993216
-0.098484
-0.0974679
-0.0965754
-0.0960811
-0.0960673
-0.096342
-0.0965891
-0.0966852
-0.0967676
-0.0969049
-0.0968775
-0.0964106
-0.095367
-0.0939665
-0.0927032
-0.0921677
-0.0926483
-0.0938291
-0.0952297
-0.0964655
-0.0973855
-0.0977837
-0.0975366
-0.0967951
-0.0960124
-0.0955181
-0.0953533
-0.095367
-0.0954769
-0.0957103
-0.0959849
-0.0960124
-0.0955181
-0.0944608
-0.0931289
-0.0921265
-0.0918244
-0.0920304
-0.0920166
-0.091385
-0.0904513
-0.0901217
-0.0908769
-0.0924286
-0.0939115
-0.0945981
-0.0942411
-0.0932387
-0.0922089
-0.091591
-0.091385
-0.0913575
-0.0913575
-0.0911653
-0.0906984
-0.0900668
-0.0897372
-0.0902041
-0.0915086
-0.0932662
-0.0949002
-0.0957515
-0.095367
-0.0936918
-0.0912751
-0.0891056
-0.0881307
-0.0888173
-0.0908357
-0.0930327
-0.0942273
-0.0940763
-0.0931838
-0.0924286
-0.0922501
-0.0924698
-0.0926895
-0.092456
-0.0915498
-0.0902178
-0.0891743
-0.0891468
-0.090314
-0.0921402
-0.0937605
-0.0943921
-0.093733
-0.0921402
-0.0903963
-0.0890644
-0.0881582
-0.0873618
-0.0865379
-0.0858788
-0.0856865
-0.0860298
-0.0866752
-0.0873206
-0.0878561
-0.0884602
-0.0892017
-0.0898334
-0.0899432
-0.0894214
-0.0885289
-0.0875677
-0.0866889
-0.0859749
-0.0855904
-0.0855767
-0.0857827
-0.0859612
-0.0859337
-0.0856728
-0.0851098
-0.084231
-0.08316
-0.08224
-0.0818281
-0.0821439
-0.0831051
-0.0842585
-0.085
-0.0849176
-0.0840113
-0.0826108
-0.0812376
-0.0804
-0.0804275
-0.0813063
-0.082652
-0.0838466
-0.0844233
-0.084231
-0.0835445
-0.0828305
-0.0824872
-0.0825696
-0.082803
-0.083009
-0.0831325
-0.0831051
-0.0827893
-0.0821027
-0.0811964
-0.080455
-0.0802078
-0.0805236
-0.0812239
-0.0818693
-0.0821851
-0.082089
-0.0816633
-0.0809767
-0.0801803
-0.0795487
-0.0792466
-0.0790818
-0.0786013
-0.0775439
-0.0760747
-0.0748114
-0.0744132
-0.075347
-0.0775714
-0.0804412
-0.0828579
-0.083929
-0.0834621
-0.0819379
-0.0800018
-0.0780795
-0.0765416
-0.0757589
-0.0758687
-0.0766789
-0.0775989
-0.0780383
-0.0778323
-0.0772281
-0.0765416
-0.0758413
-0.0751822
-0.0748664
-0.0751822
-0.0760198
-0.0767201
-0.0767201
-0.0759649
-0.0749899
-0.0744407
-0.0746879
-0.0756216
-0.0767338
-0.0774616
-0.0776538
-0.0775302
-0.0773242
-0.0770359
-0.0765965
-0.0760198
-0.0754431
-0.0750311
-0.0748801
-0.0749899
-0.0751685
-0.075141
-0.0748252
-0.0744132
-0.07407
-0.0737816
-0.0734932
-0.0733559
-0.0736168
-0.0744132
-0.0756216
-0.0768986
-0.0777087
-0.0775714
-0.0763905
-0.0746467
-0.0730676
-0.0721888
-0.0720377
-0.0723948
-0.0730538
-0.0740013
-0.075141
-0.0761022
-0.0763219
-0.0755529
-0.0741798
-0.072944
-0.0722712
-0.0720515
-0.0720789
-0.0723398
-0.072944
-0.0738228
-0.0747291
-0.0753332
-0.0753195
-0.0744956
-0.0730264
-0.0712963
-0.0698957
-0.0693052
-0.0699506
-0.071818
-0.074221
-0.0761022
-0.0767338
-0.0762258
-0.0752646
-0.0742759
-0.0733285
-0.0722574
-0.0712139
-0.0704312
-0.070033
-0.0699094
-0.0699369
-0.0700742
-0.0703488
-0.0707882
-0.0711864
-0.07131
-0.0710628
-0.070596
-0.070184
-0.0700604
-0.0703488
-0.0708431
-0.0711589
-0.0710903
-0.0708706
-0.0708843
-0.0712001
-0.0715709
-0.0717631
-0.0717357
-0.0713649
-0.0704449
-0.0688796
-0.0670121
-0.065488
-0.0648426
-0.0652271
-0.066353
-0.0677124
-0.068756
-0.0690993
-0.0686187
-0.067479
-0.0660097
-0.0647602
-0.0642247
-0.064568
-0.0654056
-0.0661608
-0.0663668
-0.0658587
-0.0648289
-0.0637578
-0.0630987
-0.0630713
-0.063442
-0.0638677
-0.0641698
-0.0643345
-0.0643757
-0.0643071
-0.0641698
-0.064005
-0.0637853
-0.0634283
-0.062879
-0.062165
-0.0612313
-0.0601603
-0.0592815
-0.0592265
-0.0602289
-0.0618355
-0.0630987
-0.0633871
-0.0628104
-0.0621238
-0.0620826
-0.0627417
-0.0634969
-0.0636754
-0.0630438
-0.0619865
-0.0611764
-0.0610391
-0.0615059
-0.0621925
-0.0628104
-0.0633459
-0.0638677
-0.0641423
-0.0638402
-0.0628516
-0.0615608
-0.0604623
-0.0597758
-0.0595835
-0.0598994
-0.0605859
-0.0613274
-0.0617805
-0.0618767
-0.061657
-0.0611489
-0.0603388
-0.0593227
-0.0583889
-0.0577298
-0.0573179
-0.0571394
-0.0572081
-0.0576886
-0.0586773
-0.0599406
-0.0607919
-0.0606271
-0.0595424
-0.0581967
-0.0572218
-0.0568098
-0.0568922
-0.0573728
-0.0580045
-0.0583477
-0.0582379
-0.0579083
-0.057977
-0.0587185
-0.0598994
-0.0607919
-0.0606683
-0.0593089
-0.0572904
-0.0555466
-0.0547502
-0.0550111
-0.0559448
-0.0569472
-0.0574827
-0.0572767
-0.0566039
-0.0561233
-0.0563155
-0.0570707
-0.0579633
-0.0586086
-0.0588558
-0.0585262
-0.0574827
-0.0558624
-0.0541735
-0.0528827
-0.0522648
-0.0522511
-0.0526218
-0.0531848
-0.05394
-0.0549561
-0.0560546
-0.0567549
-0.0567549
-0.0563293
-0.0560821
-0.0564528
-0.0572355
-0.0578809
-0.0578397
-0.0568785
-0.0553955
-0.0541872
-0.0539126
-0.0546403
-0.0557251
-0.0563842
-0.0562057
-0.0554093
-0.0546266
-0.0543794
-0.0546815
-0.0551484
-0.0554093
-0.0553681
-0.0550248
-0.0544618
-0.05394
-0.0538576
-0.054352
-0.0550523
-0.0555328
-0.0557388
-0.0557937
-0.0556152
-0.055066
-0.0542284
-0.0534457
-0.0529376
-0.0525532
-0.0522374
-0.0521275
-0.0523884
-0.0528003
-0.0528278
-0.0520177
-0.0505347
-0.0490105
-0.0481317
-0.0481455
-0.0488732
-0.0499305
-0.0509466
-0.0515645
-0.0515371
-0.0509329
-0.0502051
-0.0498207
-0.0499854
-0.0506583
-0.0515233
-0.0519902
-0.0514684
-0.0499442
-0.0480219
-0.0466076
-0.0462643
-0.0468822
-0.0477473
-0.0480082
-0.0473491
-0.0464428
-0.0463329
-0.0473902
-0.0489144
-0.0498481
-0.0498481
-0.0492714
-0.0486398
-0.0483102
-0.048324
-0.0485986
-0.0488732
-0.0489556
-0.0487222
-0.0482828
-0.0477061
-0.0471568
-0.0467586
-0.046635
-0.0469097
-0.0475962
-0.0485162
-0.049244
-0.0492989
-0.0486261
-0.0476923
-0.0470332
-0.0469371
-0.0474452
-0.0486123
-0.0502326
-0.0517018
-0.0523747
-0.0520726
-0.0511663
-0.0500541
-0.0489831
-0.0479944
-0.0472804
-0.0471156
-0.0476649
-0.0486261
-0.0494087
-0.0497108
-0.0497246
-0.0497657
-0.0498069
-0.0494499
-0.0485437
-0.0475276
-0.0470607
-0.0473902
-0.0483102
-0.0494499
-0.0504798
-0.0510565
-0.0508505
-0.0498481
-0.0485986
-0.0479395
-0.0483926
-0.049546
-0.0504111
-0.0503013
-0.0494774
-0.0487908
-0.0487359
-0.0491066
-0.049395
-0.0494774
-0.0496147
-0.0500266
-0.050672
-0.0511663
-0.051235
-0.0509466
-0.0507132
-0.0507819
-0.0508642
-0.0502738
-0.0488732
-0.0473353
-0.0465938
-0.0468959
-0.0478434
-0.0487359
-0.0490792
-0.0488046
-0.0481592
-0.0474177
-0.0465526
-0.045564
-0.0448362
-0.0449324
-0.0459073
-0.0470882
-0.0475413
-0.0469234
-0.0455777
-0.0441085
-0.0431336
-0.0430924
-0.0441222
-0.0458661
-0.0476099
-0.0485849
-0.0482553
-0.0466213
-0.0443145
-0.0424058
-0.0417193
-0.0423234
-0.0436279
-0.0448912
-0.0456876
-0.0459759
-0.045921
-0.0457837
-0.0457562
-0.045921
-0.0463192
-0.0470058
-0.0479532
-0.0487634
-0.0488046
-0.0477198
-0.0457837
-0.0438476
-0.0427628
-0.0428727
-0.0439163
-0.0452482
-0.0463467
-0.0470607
-0.0473628
-0.0472117
-0.0464977
-0.0452756
-0.0439163
-0.04301
-0.0430787
-0.044081
-0.0454541
-0.0463467
-0.0462231
-0.0452344
-0.044081
-0.0435181
-0.0439025
-0.0450148
-0.0463055
-0.0470607
-0.0468685
-0.0458249
-0.0445616
-0.0437789
-0.043724
-0.0440673
-0.0443419
-0.0443419
-0.0442595
-0.0442321
-0.0442046
-0.0441222
-0.0439986
-0.0438339
-0.0434082
-0.0425843
-0.0416918
-0.0413897
-0.0419252
-0.0427766
-0.0431748
-0.0429139
-0.0424196
-0.0421861
-0.0423646
-0.0426393
-0.0427079
-0.0425019
-0.0423509
-0.042653
-0.0435867
-0.04485
-0.0458112
-0.0459622
-0.0451658
-0.0436691
-0.0420625
-0.0408817
-0.0403461
-0.0404148
-0.0408954
-0.0414996
-0.041884
-0.0418291
-0.0416231
-0.0418703
-0.0427216
-0.0436966
-0.044081
-0.043573
-0.0424196
-0.0411563
-0.0402775
-0.0400578
-0.0404835
-0.0412112
-0.0419664
-0.0425294
-0.0427628
-0.0426393
-0.0424745
-0.0426393
-0.0432572
-0.0439712
-0.0443694
-0.044287
-0.0438613
-0.0432022
-0.0423921
-0.0417467
-0.0417193
-0.0423784
-0.0432984
-0.0438888
-0.0439163
-0.0434494
-0.0428452
-0.0425019
-0.0425157
-0.0426667
-0.0427491
-0.0427903
-0.04301
-0.0434357
-0.04393
-0.0442733
-0.0442321
-0.0436279
-0.0425706
-0.041376
-0.0404835
-0.0401264
-0.0403324
-0.0408542
-0.0413073
-0.041376
-0.0412661
-0.0414721
-0.0421312
-0.0429001
-0.0432984
-0.0430924
-0.0423646
-0.0413897
-0.0405109
-0.0400441
-0.0400303
-0.0401264
-0.0399754
-0.039536
-0.0391103
-0.039028
-0.0394262
-0.0402088
-0.04117
-0.0418978
-0.0419252
-0.040964
-0.0392476
-0.0374901
-0.0364739
-0.0364877
-0.0371605
-0.0378608
