LECROYHDO9204-MSöv,30454,Waveform
Segments,1,SegmentSize,2002
Ampl
-0.0106868
-0.0113733
-0.0112223
-0.0103435
-0.00919007
-0.00836619
-0.00835246
-0.0093823
-0.0111399
-0.0127464
-0.013227
-0.0123208
-0.0106593
-0.00927245
-0.00883306
-0.00936857
-0.0104808
-0.0115793
-0.0122521
-0.0124993
-0.0126366
-0.0128975
-0.0131584
-0.0130623
-0.0124032
-0.0114283
-0.0106318
-0.0104259
-0.0107966
-0.0113047
-0.0114145
-0.0110575
-0.0106868
-0.0108515
-0.0116617
-0.0127053
-0.0134605
-0.0136252
-0.0132545
-0.0126641
-0.0121423
-0.0119363
-0.0122521
-0.013227
-0.0146276
-0.0159046
-0.0163989
-0.0158222
-0.0144217
-0.0127739
-0.0114832
-0.0108241
-0.010673
-0.0106593
-0.0105083
-0.0101787
-0.00976678
-0.00943723
-0.00935484
-0.0096432
-0.010165
-0.0105769
-0.0106593
-0.0106044
-0.0107966
-0.0114008
-0.0122933
-0.0131035
-0.013433
-0.0130623
-0.0120873
-0.0110712
-0.0105769
-0.010728
-0.0111948
-0.0115793
-0.0117166
-0.0116205
-0.0114283
-0.0114008
-0.0117715
-0.0124856
-0.0133506
-0.014202
-0.014861
-0.0151631
-0.0148748
-0.0141608
-0.0134605
-0.0131446
-0.0132408
-0.0135154
-0.0138861
-0.014353
-0.014861
-0.0152455
-0.0154103
-0.0153966
-0.0151906
-0.0146551
-0.0137214
-0.0125679
-0.011593
-0.0111948
-0.0114557
-0.0120736
-0.0125954
-0.0128426
-0.0129524
-0.0131584
-0.0133232
-0.0130211
-0.0119088
-0.0100963
-0.00825634
-0.00721277
-0.00735009
-0.00839366
-0.00951961
-0.0100963
-0.00998648
-0.00967066
-0.00971185
-0.0103023
-0.0111811
-0.0119088
-0.0121148
-0.0117441
-0.0110987
-0.0105769
-0.0104259
-0.0105357
-0.0105495
-0.0102611
-0.009602
-0.00879186
-0.00798172
-0.00740501
-0.00743247
-0.00847604
-0.0103847
-0.0124032
-0.0134605
-0.0130623
-0.0116068
-0.0100551
-0.00936857
-0.00983543
-0.0108241
-0.0113047
-0.0107005
-0.00940977
-0.00843485
-0.00843485
-0.00928618
-0.0102474
-0.010522
-0.0100689
-0.00954708
-0.00967066
-0.0104396
-0.0112223
-0.0113733
-0.0108378
-0.0100414
-0.00953335
-0.00972558
-0.0107692
-0.0123894
-0.0138449
-0.0144766
-0.0141333
-0.0133094
-0.0126091
-0.0124169
-0.0128426
-0.0135978
-0.0140509
-0.0136527
-0.012513
-0.0113184
-0.0107142
-0.0107005
-0.0108378
-0.0107142
-0.0103847
-0.0102062
-0.010316
-0.0104671
-0.0103023
-0.00990409
-0.00975305
-0.0102474
-0.0112909
-0.0123894
-0.0130623
-0.0130897
-0.0126091
-0.0118814
-0.0113184
-0.0111536
-0.0113321
-0.0115793
-0.0117029
-0.0116617
-0.0113596
-0.0106868
-0.00978051
-0.00902529
-0.00883306
-0.00925872
-0.00990409
-0.0102886
-0.010165
-0.00958827
-0.0089841
-0.00873694
-0.0089841
-0.00951961
-0.0101101
-0.010673
-0.0111262
-0.0114008
-0.0115381
-0.0117715
-0.0122659
-0.0129112
-0.0134742
-0.0138037
-0.0139273
-0.0137488
-0.0131172
-0.0119638
-0.0105495
-0.00934111
-0.00881932
-0.00908022
-0.00993155
-0.0110575
-0.0122384
-0.0132545
-0.0138999
-0.013996
-0.0136115
-0.012925
-0.0121697
-0.0115656
-0.0113871
-0.0116891
-0.0122521
-0.0126503
-0.0127053
-0.0125954
-0.0124993
-0.0122796
-0.0117029
-0.0108378
-0.0102199
-0.0104121
-0.0113733
-0.012362
-0.0125405
-0.0118127
-0.0108378
-0.0102336
-0.0101375
-0.0102336
-0.0102886
-0.0102611
-0.0102336
-0.0102611
-0.0104671
-0.0109614
-0.0115656
-0.0118402
-0.011593
-0.0111399
-0.0109339
-0.0110438
-0.0112909
-0.0114694
-0.0114283
-0.0109202
-0.00993155
-0.00892917
-0.00865455
-0.00949215
-0.0111262
-0.0127327
-0.0135703
-0.0133643
-0.0124856
-0.0116205
-0.0113596
-0.0117715
-0.0126229
-0.0134467
-0.0137626
-0.013282
-0.0121423
-0.0108515
-0.00997274
-0.00983543
-0.0104671
-0.0115656
-0.0126915
-0.0134055
-0.0136527
-0.0137488
-0.0141058
-0.0148336
-0.0156025
-0.0158497
-0.0151219
-0.013584
-0.0120736
-0.0112909
-0.0111948
-0.0112772
-0.0113184
-0.0116068
-0.0123208
-0.0130623
-0.013227
-0.0126091
-0.0116617
-0.0111124
-0.0115244
-0.0130073
-0.0151494
-0.0170306
-0.0177995
-0.017264
-0.0160145
-0.0148885
-0.0143667
-0.014202
-0.0138037
-0.0129387
-0.0120324
-0.0117441
-0.0122796
-0.0132133
-0.0140646
-0.0146276
-0.0149434
-0.0148748
-0.0142706
-0.0132682
-0.0123894
-0.0122933
-0.0131996
-0.0145452
-0.0154378
-0.0153828
-0.0148748
-0.0147787
-0.0155751
-0.0169482
-0.0181977
-0.0187332
-0.0184861
-0.0177171
-0.0167971
-0.0158085
-0.0146688
-0.0133094
-0.0120736
-0.0114694
-0.0116891
-0.0124718
-0.0132682
-0.0138312
-0.0143667
-0.0152043
-0.0163303
-0.0171679
-0.0170168
-0.0157261
-0.0138999
-0.0124444
-0.0119088
-0.0124169
-0.0137763
-0.0154652
-0.0167422
-0.0170443
-0.0164401
-0.0155476
-0.0149572
-0.0148336
-0.0149572
-0.0149846
-0.0147649
-0.0143118
-0.0138037
-0.0134605
-0.0134742
-0.0138312
-0.0142569
-0.014202
-0.0133506
-0.0119226
-0.0105769
-0.00984916
-0.00986289
-0.010522
-0.0117166
-0.0130897
-0.0140097
-0.0140372
-0.0134055
-0.0128838
-0.0128975
-0.0131721
-0.0132133
-0.0130073
-0.0130485
-0.0137076
-0.0148473
-0.0159595
-0.0165637
-0.0164401
-0.0159595
-0.0156987
-0.0160557
-0.0168933
-0.0176622
-0.0179094
-0.0173739
-0.0161106
-0.0146002
-0.0135291
-0.013433
-0.0142157
-0.0153554
-0.0163303
-0.0169482
-0.0171954
-0.0170718
-0.0166186
-0.0159733
-0.015424
-0.0152043
-0.0153142
-0.0154652
-0.0155201
-0.0155888
-0.015781
-0.0160694
-0.0162479
-0.0162479
-0.0161655
-0.0162342
-0.0166049
-0.0172777
-0.0181565
-0.0192962
-0.0207929
-0.0227565
-0.0250633
-0.0273976
-0.0294024
-0.0309265
-0.0322173
-0.0336591
-0.0355814
-0.0379981
-0.0406894
-0.0433121
-0.04577
-0.0483652
-0.0515508
-0.0553955
-0.059254
-0.0623161
-0.0641148
-0.0649113
-0.0654056
-0.066353
-0.0681243
-0.0704449
-0.0726694
-0.0743995
-0.075704
-0.0768711
-0.0782168
-0.0801391
-0.0828442
-0.0860436
-0.0889546
-0.0907946
-0.0911241
-0.0902041
-0.0887761
-0.0877325
-0.0876776
-0.0885289
-0.0896549
-0.090314
-0.0901904
-0.0896274
-0.0892567
-0.0893528
-0.0895313
-0.0889683
-0.087348
-0.0852883
-0.0839152
-0.0839015
-0.084794
-0.0855492
-0.0853845
-0.0842722
-0.082597
-0.0808394
-0.0792878
-0.078203
-0.0776263
-0.0774204
-0.0774066
-0.0774753
-0.0774478
-0.0771595
-0.0765416
-0.075704
-0.0747702
-0.0738915
-0.0732324
-0.0730127
-0.073301
-0.0741112
-0.0753882
-0.0768299
-0.077901
-0.0780795
-0.0772281
-0.0756628
-0.0740425
-0.07315
-0.0733697
-0.0743583
-0.0753882
-0.0759511
-0.0760747
-0.0759786
-0.0757726
-0.075498
-0.0751822
-0.0749213
-0.0747977
-0.0750586
-0.076061
-0.077846
-0.0799744
-0.0816633
-0.0821302
-0.0811003
-0.0789583
-0.076775
-0.0757177
-0.076061
-0.0771869
-0.0781344
-0.0783404
-0.077901
-0.0773105
-0.0773105
-0.078409
-0.0803039
-0.0819517
-0.0822675
-0.0810866
-0.0792466
-0.0780795
-0.078409
-0.0798783
-0.0811964
-0.0811964
-0.0798783
-0.0785051
-0.0784639
-0.0798783
-0.0816496
-0.0825284
-0.0821576
-0.0810729
-0.0799744
-0.0791505
-0.078615
-0.0784227
-0.0787386
-0.079535
-0.0802902
-0.0803726
-0.0796036
-0.0783953
-0.0773929
-0.0769535
-0.0771046
-0.0776813
-0.0784777
-0.0793015
-0.0799606
-0.0802627
-0.0801391
-0.0795899
-0.0785738
-0.0772144
-0.0759374
-0.0754156
-0.0759923
-0.0773242
-0.0786699
-0.0795212
-0.0799332
-0.0800568
-0.0798645
-0.0791093
-0.0779147
-0.0768162
-0.0763905
-0.0768437
-0.0778598
-0.0786562
-0.0785189
-0.0773105
-0.0755804
-0.0742622
-0.0739326
-0.0744682
-0.0752783
-0.0758138
-0.0759237
-0.0758138
-0.075855
-0.0761159
-0.0764592
-0.076624
-0.0766514
-0.076775
-0.0772007
-0.0778048
-0.0782992
-0.0783404
-0.0777911
-0.0768849
-0.0761434
-0.076061
-0.0766102
-0.0772693
-0.0775302
-0.0772831
-0.0768849
-0.0768437
-0.0774066
-0.0783541
-0.0789995
-0.0787798
-0.077695
-0.0763768
-0.0754843
-0.0751685
-0.0752234
-0.0754019
-0.075704
-0.076061
-0.0762669
-0.0762258
-0.076212
-0.0767201
-0.0778186
-0.0787386
-0.0784639
-0.0766926
-0.0743995
-0.0730264
-0.0732461
-0.0744956
-0.0757314
-0.0763081
-0.0762258
-0.0757864
-0.0752646
-0.0748526
-0.0747702
-0.0752508
-0.0762669
-0.0775028
-0.0784227
-0.0786287
-0.0781756
-0.0774341
-0.0767613
-0.0764592
-0.0767475
-0.077489
-0.0780795
-0.0777911
-0.0763905
-0.0744132
-0.072738
-0.072024
-0.0722986
-0.07315
-0.0740288
-0.0746329
-0.0749899
-0.0752646
-0.0754705
-0.0754705
-0.0752096
-0.074784
-0.0744544
-0.0743995
-0.0745505
-0.0746192
-0.0741386
-0.0728479
-0.0710766
-0.0696485
-0.0693464
-0.0703763
-0.0721613
-0.0736855
-0.0741523
-0.0734521
-0.0722574
-0.0714061
-0.0712688
-0.071667
-0.0721476
-0.0723536
-0.0720927
-0.0714061
-0.0706646
-0.0702664
-0.0702527
-0.0702252
-0.069827
-0.0690031
-0.0680282
-0.0670808
-0.0661333
-0.0651309
-0.0642933
-0.0640462
-0.0646504
-0.0657351
-0.0664903
-0.0662706
-0.0654193
-0.0648975
-0.0654056
-0.0666963
-0.0680008
-0.0687697
-0.0689208
-0.0685363
-0.0678223
-0.0670259
-0.0663668
-0.0657626
-0.0650348
-0.0643345
-0.0641011
-0.0644993
-0.0652133
-0.0658175
-0.0661745
-0.0664217
-0.0667924
-0.067273
-0.0675064
-0.0671082
-0.0660921
-0.0649662
-0.0644032
-0.0646916
-0.0655566
-0.0664354
-0.0668062
-0.0665041
-0.0659548
-0.0656939
-0.0657489
-0.0653781
-0.064005
-0.0621375
-0.0609979
-0.0613686
-0.0629477
-0.0648701
-0.0663805
-0.0670945
-0.0670396
-0.0665727
-0.0661333
-0.0659686
-0.0659823
-0.0658312
-0.065282
-0.0644719
-0.063799
-0.0635519
-0.0637716
-0.0642659
-0.0648563
-0.0653369
-0.0654056
-0.0647602
-0.0635519
-0.0625083
-0.0624259
-0.0635107
-0.065076
-0.0661608
-0.0662844
-0.0655841
-0.0645954
-0.0638265
-0.0634969
-0.0634557
-0.063442
-0.0632498
-0.0626868
-0.0616158
-0.0601465
-0.0587459
-0.0579907
-0.0581555
-0.059103
-0.0602564
-0.0610528
-0.0611764
-0.0607644
-0.0601191
-0.0596247
-0.0595012
-0.0597071
-0.0599955
-0.060174
-0.0603113
-0.0607644
-0.0617668
-0.063085
-0.0640599
-0.064156
-0.0633322
-0.0619179
-0.0603525
-0.0591304
-0.0586636
-0.0589519
-0.059611
-0.060174
-0.0605585
-0.0610802
-0.0620277
-0.063291
-0.0643757
-0.0646366
-0.0638814
-0.0626731
-0.0618492
-0.0618217
-0.0623572
-0.0630026
-0.0634557
-0.0635931
-0.0634008
-0.0629752
-0.0625907
-0.0625083
-0.0627555
-0.0631125
-0.0633871
-0.0634008
-0.0630163
-0.0623161
-0.061657
-0.061451
-0.0616158
-0.0617943
-0.0617256
-0.0614922
-0.0612862
-0.0611352
-0.0607507
-0.0599268
-0.0588146
-0.0578946
-0.0573866
-0.0571119
-0.0567549
-0.0565352
-0.0569746
-0.0583889
-0.0603662
-0.0620414
-0.0626868
-0.0620552
-0.0605585
-0.0589244
-0.0576886
-0.0569609
-0.056549
-0.0564803
-0.0570158
-0.0580868
-0.0589519
-0.058897
-0.0579221
-0.0567961
-0.0562469
-0.0563979
-0.0568922
-0.0572767
-0.0573866
-0.0574827
-0.0579358
-0.0586498
-0.0590618
-0.0587734
-0.0580868
-0.0576749
-0.0578946
-0.0585125
-0.0589931
-0.0591853
-0.0592815
-0.0594874
-0.0595561
-0.059048
-0.0577298
-0.056137
-0.0551621
-0.0554505
-0.0569334
-0.059103
-0.0613137
-0.0630713
-0.0638951
-0.0635107
-0.0620826
-0.0602838
-0.0589382
-0.05854
-0.0590068
-0.0598307
-0.060531
-0.0610391
-0.0613961
-0.061602
-0.061602
-0.0614373
-0.0612999
-0.0612176
-0.0610665
-0.0607232
-0.0602426
-0.0598032
-0.05946
-0.0590618
-0.0584439
-0.0577298
-0.0571669
-0.0568785
-0.0567
-0.0565215
-0.0564391
-0.0566725
-0.0572218
-0.0578122
-0.0580457
-0.0579083
-0.0576337
-0.0574827
-0.0574415
-0.057414
-0.0572081
-0.0566725
-0.0558899
-0.055217
-0.0549699
-0.0549149
-0.0543657
-0.0531573
-0.0519765
-0.0517568
-0.0527866
-0.0545579
-0.0561645
-0.0568648
-0.056494
-0.0554917
-0.0546403
-0.0543108
-0.054297
-0.054352
-0.0545579
-0.0551209
-0.0558899
-0.0563842
-0.0562194
-0.0552994
-0.0537615
-0.0521687
-0.051235
-0.051386
-0.052306
-0.0533359
-0.053995
-0.054352
-0.0547502
-0.0554505
-0.0561919
-0.0562881
-0.0551621
-0.0529926
-0.0506857
-0.0493126
-0.0492989
-0.0504935
-0.0522786
-0.0538439
-0.0545167
-0.0541048
-0.0530612
-0.0521687
-0.0519353
-0.052306
-0.0529102
-0.0532672
-0.0531024
-0.0525806
-0.0520589
-0.0518254
-0.0517156
-0.0514684
-0.0510839
-0.0508368
-0.050878
-0.0509054
-0.0505347
-0.0496834
-0.0486672
-0.047967
-0.0477473
-0.0477473
-0.0475688
-0.0472117
-0.0470607
-0.0474864
-0.0484338
-0.0494362
-0.0499854
-0.0498344
-0.0491204
-0.0482004
-0.0473491
-0.0467174
-0.046484
-0.0468959
-0.0479944
-0.0494087
-0.0505484
-0.0509741
-0.0506033
-0.0495735
-0.048269
-0.047404
-0.047555
-0.0487084
-0.050109
-0.0509741
-0.0510702
-0.050823
-0.0508093
-0.0513311
-0.0521412
-0.0527591
-0.0529239
-0.0528415
-0.0526493
-0.0521138
-0.0508917
-0.0492714
-0.0481317
-0.0482141
-0.0492577
-0.0505072
-0.0513174
-0.0513311
-0.0503974
-0.0488458
-0.0476786
-0.0480631
-0.0502463
-0.0532809
-0.055574
-0.0559173
-0.0541735
-0.0514272
-0.0492714
-0.0487222
-0.0495049
-0.0505072
-0.050878
-0.0505759
-0.0501228
-0.0499992
-0.0503699
-0.0509466
-0.0511938
-0.0508093
-0.0500266
-0.0493126
-0.0488869
-0.0487084
-0.0486672
-0.0487084
-0.048681
-0.048324
-0.0476649
-0.0470058
-0.0467861
-0.047198
-0.0479807
-0.0485299
-0.0482141
-0.0468822
-0.0450559
-0.0435318
-0.0428452
-0.0430237
-0.0436828
-0.0443419
-0.0447127
-0.0447539
-0.0445754
-0.0443007
-0.0440673
-0.0439849
-0.0441497
-0.0446028
-0.0452344
-0.0456876
-0.0455365
-0.0446852
-0.0437377
-0.0435455
-0.0445067
-0.0460171
-0.0470332
-0.0469234
-0.0458798
-0.0445342
-0.043367
-0.0426118
-0.0425157
-0.0433121
-0.0448637
-0.0465526
-0.0476511
-0.0478159
-0.047198
-0.0463879
-0.0458935
-0.04577
-0.045715
-0.0455503
-0.0453306
-0.0451521
-0.0449598
-0.0447951
-0.0447951
-0.0449049
-0.0447539
-0.0440398
-0.0429276
-0.0419939
-0.0416643
-0.0420351
-0.0428864
-0.0438201
-0.0444106
-0.0445204
-0.0443145
-0.0440536
-0.043724
-0.0432709
-0.0427354
-0.0423509
-0.0421724
-0.0421175
-0.0419527
-0.0414721
-0.0406208
-0.0397008
-0.0390966
-0.0390829
-0.0396733
-0.0406757
-0.0418017
-0.0425843
-0.0427079
-0.0422685
-0.0418428
-0.0419527
-0.0426393
-0.0435592
-0.0441771
-0.0441771
-0.0434769
-0.0424058
-0.0414996
-0.0411563
-0.0412936
-0.0414584
-0.0413348
-0.0408542
-0.0401676
-0.0395497
-0.0392476
-0.0393163
-0.0395497
-0.0398656
-0.0403873
-0.0411837
-0.041939
-0.0420763
-0.041376
-0.040305
-0.0397282
-0.0401127
-0.0411426
-0.041884
-0.0416369
-0.040456
-0.0390005
-0.0378196
-0.0370644
-0.0367898
-0.0369683
-0.0374351
-0.0378196
-0.0379295
-0.0378745
-0.0378471
-0.0378333
-0.0377098
-0.0375038
-0.0373802
-0.0374489
-0.0376686
-0.0379157
-0.038053
-0.0379981
-0.0378333
-0.0376274
-0.0374077
-0.0372154
-0.0374763
-0.0384375
-0.0397694
-0.0405933
-0.0403187
-0.0391103
-0.0377235
-0.036776
-0.0363778
-0.0362817
-0.0361993
-0.0359934
-0.035705
-0.0354441
-0.0354029
-0.0357599
-0.0365563
-0.0374489
-0.0378471
-0.0374489
-0.0365563
-0.0358423
-0.0357737
-0.0363092
-0.0370781
-0.0377098
-0.0379157
-0.0374489
-0.0363366
-0.0350871
-0.034428
-0.0346889
-0.0356226
-0.0367211
-0.0375175
-0.037696
-0.0372292
-0.0363229
-0.0353892
-0.0348262
-0.0347164
-0.0348537
-0.0350322
-0.0352107
-0.0355677
-0.0361719
-0.0368035
-0.0371468
-0.0370644
-0.0366525
-0.0361169
-0.0357187
-0.0357599
-0.0363366
-0.0372841
-0.0381903
-0.0387533
-0.0389456
-0.038822
-0.0384512
-0.0379844
-0.0376274
-0.0375313
-0.0373802
-0.0367898
-0.0356913
-0.034579
-0.0341808
-0.0348674
-0.0364053
-0.0380256
-0.0390417
-0.0392476
-0.0388769
-0.0383414
-0.0378883
-0.0375862
-0.0374626
-0.0373939
-0.0372566
-0.0369683
-0.036625
-0.0364328
-0.0364877
-0.0366936
-0.0368584
-0.0368996
-0.0368859
-0.0371056
-0.0378608
-0.0390554
-0.0401264
-0.0405247
-0.0402088
-0.039536
-0.0388357
-0.0381766
-0.0374626
-0.0368447
-0.0366799
-0.0372566
-0.03841
-0.0396047
-0.0401951
-0.0400441
-0.0394399
-0.0388083
-0.0383689
-0.0380942
-0.037902
-0.0376136
-0.0370369
-0.0362542
-0.0356089
-0.0354578
-0.0358149
-0.0363778
-0.0368996
-0.0373665
-0.0377509
-0.0379844
-0.0379844
-0.0379432
-0.0380805
-0.038465
-0.0389318
-0.0392202
-0.0391241
-0.0386297
-0.0378196
-0.0367486
-0.0354578
-0.0342358
-0.0336591
-0.034222
-0.0357187
-0.0373253
-0.0382315
-0.0382727
-0.0378883
-0.0377647
-0.0383139
-0.03933
-0.0400578
-0.0398244
-0.0387121
-0.0374763
-0.0369133
-0.0372704
-0.0381492
-0.0388494
-0.038822
-0.0379981
-0.0367898
-0.0357325
-0.0351969
-0.0354166
-0.0363916
-0.0378471
-0.0392065
-0.0399205
-0.0397557
-0.0389456
-0.0379844
-0.0373802
-0.0375038
-0.0382041
-0.0389318
-0.0391927
-0.0388906
-0.0382041
-0.0373939
-0.0367211
-0.0364602
-0.0367898
-0.0374763
-0.0380805
-0.0382178
-0.0377509
-0.0368035
-0.0356363
-0.0347026
-0.0343319
-0.0344555
-0.0346614
-0.0345516
-0.0341534
-0.0338513
-0.0339611
-0.034579
-0.0356226
-0.036831
-0.0377098
-0.0376686
-0.0365701
-0.0350184
-0.0338376
-0.0334394
-0.0336728
-0.0341396
-0.0345104
-0.034634
-0.0344417
-0.0339611
-0.0333844
-0.032945
-0.0328901
-0.0334943
-0.0347987
-0.0363504
-0.0373253
-0.0371468
-0.0359796
-0.0344829
-0.033302
-0.0326292
-0.0323409
-0.0322859
-0.032231
-0.0319838
-0.0315994
-0.031517
-0.0321212
-0.033357
-0.0346477
-0.0352107
-0.0346752
-0.0333432
-0.0319976
-0.0313248
-0.0315033
-0.0322173
-0.0330961
-0.0339749
-0.0347438
-0.0352931
-0.0354716
-0.0352244
-0.0346889
-0.0342495
-0.0343593
-0.0350871
-0.0358835
-0.0359934
-0.035142
-0.033714
-0.0323134
-0.0312424
-0.030597
-0.0303636
-0.0305558
-0.0310089
-0.031517
-0.0318603
-0.0319289
-0.0317367
-0.0314071
-0.0310776
-0.0308442
-0.0306107
-0.030391
-0.0303361
-0.0307206
-0.0313659
-0.0317916
-0.0315307
-0.0307068
-0.0298967
-0.0296358
-0.0301027
-0.0311188
-0.0322859
-0.0331098
-0.0332471
-0.0326841
-0.0318465
-0.0313385
-0.0315033
-0.0321624
-0.0327803
-0.0329038
-0.0324782
-0.0316818
-0.0307206
-0.0298418
-0.0292651
-0.0291278
-0.0292788
-0.029471
-0.0294161
-0.0289904
-0.0283176
-0.0277821
-0.0278645
-0.0286746
-0.0297869
-0.0305421
-0.030597
-0.0302949
-0.0303224
-0.0311325
-0.0324507
-0.033357
-0.0331235
-0.0319015
-0.0304734
-0.0295534
-0.0292925
-0.0295534
-0.0302263
-0.0312561
-0.0323271
-0.0330137
-0.0330961
-0.0327391
-0.0322585
-0.0319564
-0.0319976
-0.0323683
-0.0328077
-0.0329313
-0.0326018
-0.0319701
-0.0314483
-0.0313522
-0.0316955
-0.0322997
-0.0328077
-0.0328764
-0.0322997
-0.0313522
-0.0307068
-0.0308991
-0.0318465
-0.0329038
-0.0334805
-0.0335217
-0.0333432
-0.0331098
-0.0327391
-0.0321486
-0.0313934
-0.030597
-0.0298692
-0.0294298
-0.0294436
-0.0298143
-0.0301988
-0.03024
-0.0299654
-0.0296358
-0.0295672
-0.0299242
-0.0305695
-0.0310501
-0.030954
-0.0303773
-0.0298418
-0.0295809
-0.0293475
-0.0286472
-0.0274526
-0.0263403
-0.0260382
-0.0268347
-0.0283725
-0.0297869
-0.0303498
-0.0298967
-0.0288257
-0.0276585
-0.0268347
-0.0266287
-0.0271642
-0.0283588
-0.0297869
-0.0308579
-0.0310913
-0.0303498
-0.0291003
-0.0281117
-0.0278782
-0.0281666
-0.0282764
-0.0278233
-0.0270543
-0.0265188
-0.0264227
-0.026766
-0.0273839
-0.0280979
-0.0287158
-0.0290042
-0.0288257
-0.0282215
-0.0273702
-0.0266287
-0.0263541
-0.0266699
-0.0274114
-0.028194
-0.0287433
-0.0289767
-0.0290454
-0.0290728
-0.028963
-0.0284412
-0.0273839
-0.0262305
-0.0257224
-0.0262991
-0.0277546
-0.0295397
-0.0311051
-0.0320113
-0.0319701
-0.0308304
-0.0288669
-0.0266973
-0.0250496
-0.0245141
-0.0251869
-0.0265463
-0.027837
-0.0284824
-0.0284687
-0.0281254
-0.0277546
-0.0275487
-0.027686
-0.028194
-0.028963
-0.0297045
-0.0301851
-0.0302949
-0.0300477
-0.0295809
-0.0290866
-0.0287021
-0.0284824
-0.028551
-0.0288806
-0.0291415
-0.0289218
-0.0281666
-0.0273152
-0.0270269
-0.0276173
-0.0288257
-0.0299242
-0.0302263
-0.0294161
-0.0277958
-0.0259696
-0.0246239
-0.0241433
-0.0243905
-0.024775
-0.0248574
-0.0248711
-0.0254615
-0.0267385
-0.0279606
-0.0282764
-0.0277821
-0.0274114
-0.0278782
-0.029114
-0.0303773
-0.0308304
-0.0302125
-0.0289355
-0.0278782
-0.0275349
-0.0276173
-0.0275487
-0.0273427
-0.0275212
-0.0283863
-0.0296221
-0.0305695
-0.0308167
-0.0303773
-0.0294298
-0.0283176
-0.0274663
-0.027123
-0.027274
-0.0276311
-0.0279194
-0.027837
-0.0272878
-0.02656
-0.0260657
-0.0259833
-0.0260932
-0.0261618
-0.0261206
-0.0259559
-0.0257773
-0.0257224
-0.0258185
-0.0257636
-0.0253105
-0.0245827
-0.0239511
-0.0236216
-0.0236078
-0.0238824
-0.0243493
-0.0247338
-0.0246377
-0.0239511
-0.0232096
-0.0232096
-0.0243081
-0.0261069
-0.0277684
-0.0285099
-0.0279469
-0.0262991
-0.0241983
-0.0224681
-0.0218502
-0.0226741
-0.0246239
-0.0268621
-0.0284824
-0.0290866
-0.0289218
-0.0284549
-0.0277821
-0.026766
-0.0254478
-0.0244454
-0.0244866
-0.02564
-0.027123
-0.0279881
-0.0279057
-0.0272191
-0.0263541
-0.0254478
-0.0245141
-0.0238001
-0.0236765
-0.0241708
-0.0249947
-0.0258323
-0.0265738
-0.0272054
-0.0275899
-0.0275075
-0.0268484
-0.0257499
-0.0246239
-0.0239923
-0.0241021
-0.024775
-0.0256263
-0.0263678
-0.0268484
-0.0270543
-0.0269994
-0.026766
-0.0264364
-0.026052
-0.0257499
-0.0257362
-0.0260794
-0.026409
-0.0262167
-0.025283
-0.0239786
-0.0228114
-0.0221386
-0.0220837
-0.022372
-0.0226329
-0.0225917
-0.0224819
-0.0228663
-0.0240747
-0.0258735
-0.0276723
-0.0289355
-0.0293063
-0.0285648
-0.0267385
-0.0243218
-0.0222072
-0.0210675
-0.0210401
-0.0216305
-0.022221
-0.0223995
-0.0221386
-0.0216168
-0.0209714
-0.0202437
-0.0197768
-0.0200652
-0.0213834
-0.0233469
-0.0250359
-0.0255302
-0.0244592
-0.0222484
-0.0198867
-0.0184586
-0.0185959
-0.020024
-0.0216443
-0.0222759
-0.0215481
-0.0202025
-0.0193786
-0.0195846
-0.0204222
-0.0211911
-0.0215893
-0.0218365
-0.0220425
-0.0220699
-0.0217678
-0.0212049
-0.0205183
-0.0198317
-0.0192413
-0.0190216
-0.0193786
-0.0203398
-0.0216305
-0.0228663
-0.0237039
-0.0240198
-0.0238962
-0.0233744
-0.0225505
-0.0215893
-0.0207929
-0.0204359
-0.0205595
-0.0209302
-0.0213559
-0.0215893
-0.0214795
-0.0210538
-0.0207517
-0.0209577
-0.0215207
-0.0217678
-0.0211637
-0.0198729
-0.0187195
-0.0183488
-0.0188843
-0.019818
-0.0205458
-0.0208204
-0.0206968
-0.0201338
-0.0190079
-0.0176073
-0.0169207
-0.0177446
-0.0197356
-0.0216443
-0.0225368
-0.0224544
-0.0219601
-0.0215893
-0.0214932
-0.0216305
-0.021809
-0.0217678
-0.0214932
-0.0213559
-0.0217129
-0.0224544
-0.0229899
-0.0226741
-0.0214932
-0.0201888
-0.019667
-0.0203261
-0.0217816
-0.0232371
-0.024006
-0.0237177
-0.022372
-0.0203947
-0.0188019
-0.0185685
-0.0199965
-0.0224269
-0.0247063
-0.0259147
-0.025695
-0.0244317
-0.0231684
-0.0229762
-0.0239923
-0.0252144
-0.0254478
-0.0243905
-0.0227428
-0.0214932
-0.0212323
-0.0218777
-0.0227702
-0.0232096
-0.0229899
-0.0224544
-0.022166
-0.0223308
-0.0226466
-0.0226329
-0.022015
-0.0209852
-0.0201201
-0.019818
-0.0200102
-0.0204634
-0.0211637
-0.0222622
-0.0235666
-0.0244592
-0.0243905
-0.0234293
-0.0221935
-0.0213559
-0.0210675
-0.0210401
-0.0209852
-0.0209989
-0.0213284
-0.022015
-0.0227428
