LECROYHDO9204-MSöv,30454,Waveform
Segments,1,SegmentSize,2002
Ampl
-0.0146688
-0.0156575
-0.0160145
-0.015781
-0.015479
-0.0154927
-0.0158222
-0.0161243
-0.0158909
-0.0149434
-0.0136115
-0.0124581
-0.0117853
-0.0115106
-0.0115106
-0.01195
-0.013076
-0.0147787
-0.0165637
-0.0178819
-0.0184449
-0.0184037
-0.0180467
-0.0175661
-0.017113
-0.0168658
-0.0170031
-0.0173876
-0.0175524
-0.0171404
-0.0163852
-0.0158222
-0.0160007
-0.0170168
-0.0186234
-0.0201613
-0.0208753
-0.020381
-0.0189392
-0.0171404
-0.0156163
-0.0146825
-0.014504
-0.0150121
-0.0158085
-0.0163303
-0.0162067
-0.0154927
-0.0145452
-0.0136664
-0.013076
-0.0129661
-0.0135291
-0.0146551
-0.0158222
-0.0163577
-0.0159046
-0.0146963
-0.0134193
-0.0126229
-0.0122796
-0.0120873
-0.0119638
-0.0121423
-0.012719
-0.0134605
-0.0140372
-0.0142157
-0.0139136
-0.0131996
-0.0124169
-0.0119912
-0.0120462
-0.0122247
-0.012156
-0.0116891
-0.0109889
-0.0102886
-0.00983543
-0.00967066
-0.00967066
-0.00972558
-0.00997274
-0.0105357
-0.0111948
-0.0115106
-0.0112497
-0.010728
-0.0104671
-0.0107554
-0.0114145
-0.0120462
-0.0123482
-0.0122933
-0.0120324
-0.0115793
-0.0109477
-0.0103572
-0.0102199
-0.0108378
-0.0121011
-0.0135017
-0.0145864
-0.0150533
-0.0147649
-0.0137488
-0.0124306
-0.0113733
-0.0109065
-0.0109614
-0.0112223
-0.0114832
-0.0116068
-0.0115518
-0.0114145
-0.0113321
-0.0113733
-0.0115381
-0.011799
-0.0120873
-0.0121148
-0.0115793
-0.0104945
-0.00932738
-0.00873694
-0.00897037
-0.00990409
-0.0111948
-0.0125817
-0.0139273
-0.015067
-0.0157948
-0.0159184
-0.0155064
-0.0148748
-0.0142981
-0.01379
-0.0132545
-0.0127053
-0.0123482
-0.0123757
-0.0127327
-0.013282
-0.0139273
-0.0146825
-0.0155201
-0.0162754
-0.0166049
-0.0162754
-0.0153691
-0.0143255
-0.0134605
-0.0127876
-0.0121011
-0.0112909
-0.0104671
-0.00990409
-0.00975305
-0.0100551
-0.0107692
-0.011799
-0.0129524
-0.0140372
-0.0147787
-0.0149572
-0.0144354
-0.0134467
-0.0125405
-0.0121423
-0.0121423
-0.0120462
-0.0115244
-0.0107005
-0.0100826
-0.0101787
-0.011085
-0.0124032
-0.013639
-0.0145178
-0.014861
-0.0145727
-0.0136664
-0.0125679
-0.0118127
-0.0117029
-0.0122247
-0.013227
-0.0144766
-0.0156163
-0.0161792
-0.0159046
-0.0149297
-0.0135291
-0.0119226
-0.0103709
-0.0092038
-0.0087644
-0.00914887
-0.0101101
-0.0111399
-0.011799
-0.0119226
-0.0116891
-0.0114283
-0.0113596
-0.0115518
-0.0118951
-0.0122109
-0.0124718
-0.0128151
-0.0133781
-0.0140646
-0.014504
-0.0144079
-0.0138312
-0.0129661
-0.0119088
-0.0107966
-0.00984916
-0.00936857
-0.0096432
-0.0107829
-0.0125679
-0.0144491
-0.0156849
-0.0157673
-0.0146414
-0.0127053
-0.0105769
-0.00887425
-0.00821515
-0.00879186
-0.0100689
-0.0110987
-0.0113184
-0.0108653
-0.0104533
-0.010673
-0.0116754
-0.0130485
-0.013996
-0.0139685
-0.013076
-0.0119638
-0.0112086
-0.0109751
-0.0110712
-0.0112497
-0.0113871
-0.0115518
-0.0120187
-0.0129524
-0.0140234
-0.0147237
-0.0148473
-0.0145727
-0.0140509
-0.013227
-0.0120736
-0.010879
-0.0100277
-0.00979424
-0.010165
-0.0109065
-0.0117166
-0.012307
-0.0126091
-0.0126366
-0.0125267
-0.0124856
-0.0126778
-0.0130073
-0.0132133
-0.013076
-0.0127327
-0.0125267
-0.0124856
-0.0121835
-0.011236
-0.0098217
-0.00866828
-0.00851724
-0.00950588
-0.0111948
-0.01287
-0.0140921
-0.0148885
-0.0155201
-0.0161243
-0.0165912
-0.016701
-0.0163577
-0.0155888
-0.0144491
-0.0131446
-0.0119638
-0.0111674
-0.0108653
-0.011085
-0.0116205
-0.0120187
-0.0119363
-0.0116617
-0.0117715
-0.0123757
-0.0129936
-0.0131996
-0.0130485
-0.012925
-0.0130211
-0.0132957
-0.0134879
-0.0133369
-0.0125954
-0.011442
-0.0104396
-0.0101787
-0.0107417
-0.0115793
-0.012005
-0.0118951
-0.011593
-0.011593
-0.0119363
-0.0122659
-0.0122659
-0.012005
-0.0116068
-0.0109889
-0.00991782
-0.00868201
-0.00800918
-0.00844858
-0.00975305
-0.0111811
-0.0120736
-0.0122247
-0.0119088
-0.0116342
-0.0117578
-0.0122384
-0.0128014
-0.0132682
-0.013639
-0.0138724
-0.0138312
-0.013433
-0.0128426
-0.0124718
-0.0126366
-0.013282
-0.0139136
-0.0140372
-0.0136252
-0.0131584
-0.0130485
-0.0131996
-0.013076
-0.0124169
-0.0115793
-0.0112223
-0.0117578
-0.0131996
-0.0149709
-0.0163028
-0.0166598
-0.0160145
-0.0148061
-0.0135566
-0.0126503
-0.0122521
-0.0122521
-0.012307
-0.0122659
-0.0123208
-0.0127053
-0.0133506
-0.0138037
-0.0138175
-0.0134605
-0.0131172
-0.0130623
-0.0133094
-0.0135566
-0.013433
-0.0130485
-0.013076
-0.0140784
-0.0157261
-0.0169482
-0.017058
-0.0162616
-0.0153416
-0.0147375
-0.0144766
-0.0144217
-0.0144766
-0.0145178
-0.014559
-0.0148199
-0.0155476
-0.0166186
-0.01747
-0.0175112
-0.0166049
-0.0153828
-0.0147237
-0.0149022
-0.0153004
-0.0150807
-0.0141608
-0.0132957
-0.0132133
-0.0139136
-0.0149297
-0.0156712
-0.0157398
-0.0150258
-0.0138037
-0.0126778
-0.0122109
-0.0125817
-0.0136252
-0.0149572
-0.0161106
-0.0166598
-0.0164539
-0.0157536
-0.0150396
-0.0146002
-0.0144354
-0.0144491
-0.0144903
-0.014504
-0.014559
-0.0147375
-0.0149984
-0.0151494
-0.0152043
-0.0154378
-0.0160969
-0.0171542
-0.0183076
-0.0190353
-0.0191177
-0.0187607
-0.0185547
-0.0188843
-0.019818
-0.0212049
-0.022935
-0.0248986
-0.0268347
-0.0285373
-0.0302125
-0.0324507
-0.0356226
-0.0397145
-0.0445342
-0.0498893
-0.0555191
-0.0609979
-0.0660372
-0.0708157
-0.0758275
-0.0815535
-0.0881994
-0.0955867
-0.103262
-0.110719
-0.117735
-0.12445
-0.131274
-0.138428
-0.145788
-0.153052
-0.16011
-0.167305
-0.175118
-0.183535
-0.192007
-0.199834
-0.206645
-0.212522
-0.21763
-0.221955
-0.225566
-0.228711
-0.231704
-0.234766
-0.238048
-0.241783
-0.245985
-0.250173
-0.253537
-0.255624
-0.256654
-0.257162
-0.257381
-0.257299
-0.256956
-0.256448
-0.25561
-0.254045
-0.251532
-0.248456
-0.245559
-0.243321
-0.241659
-0.240162
-0.23868
-0.237334
-0.236208
-0.235096
-0.233448
-0.230812
-0.227283
-0.223795
-0.221502
-0.220637
-0.22017
-0.218701
-0.215762
-0.212055
-0.208759
-0.206562
-0.205532
-0.205299
-0.20534
-0.20523
-0.20486
-0.204324
-0.203692
-0.202841
-0.201646
-0.200342
-0.199422
-0.199189
-0.199491
-0.19982
-0.199958
-0.200273
-0.201289
-0.203075
-0.205093
-0.206741
-0.207894
-0.2088
-0.209528
-0.209899
-0.209954
-0.210187
-0.211121
-0.212673
-0.214334
-0.215611
-0.216435
-0.216861
-0.216916
-0.216641
-0.216311
-0.216449
-0.217451
-0.219305
-0.221557
-0.223589
-0.224838
-0.225017
-0.224468
-0.224042
-0.22455
-0.225868
-0.227008
-0.22709
-0.226267
-0.225484
-0.22547
-0.226006
-0.226239
-0.225511
-0.22396
-0.222312
-0.221419
-0.22179
-0.223287
-0.224976
-0.225731
-0.224962
-0.223012
-0.22087
-0.21947
-0.219195
-0.21973
-0.220568
-0.221378
-0.221886
-0.221914
-0.221337
-0.220266
-0.219195
-0.218769
-0.219277
-0.220376
-0.221268
-0.22131
-0.220362
-0.218907
-0.217588
-0.216819
-0.216572
-0.216572
-0.216559
-0.216339
-0.215941
-0.215666
-0.215707
-0.215996
-0.216119
-0.215872
-0.21546
-0.215295
-0.215529
-0.216023
-0.216517
-0.216778
-0.216641
-0.216188
-0.215707
-0.215652
-0.21616
-0.217025
-0.217726
-0.217863
-0.217328
-0.216229
-0.21487
-0.213648
-0.212906
-0.21281
-0.213112
-0.213345
-0.213071
-0.212357
-0.211753
-0.211753
-0.212384
-0.213139
-0.213469
-0.213373
-0.213194
-0.213345
-0.213634
-0.213469
-0.212343
-0.210434
-0.208553
-0.20751
-0.207482
-0.208114
-0.208979
-0.209926
-0.210984
-0.212027
-0.212714
-0.212755
-0.212192
-0.211313
-0.210338
-0.209391
-0.208471
-0.20762
-0.206933
-0.206549
-0.206617
-0.207221
-0.208292
-0.209514
-0.210283
-0.210201
-0.209336
-0.208155
-0.207208
-0.206768
-0.206809
-0.207084
-0.207427
-0.207729
-0.207894
-0.207743
-0.207166
-0.20626
-0.205381
-0.204983
-0.205381
-0.20637
-0.207317
-0.207688
-0.207414
-0.206796
-0.20604
-0.205203
-0.204406
-0.203816
-0.203445
-0.203184
-0.202896
-0.202608
-0.20236
-0.202155
-0.201976
-0.201798
-0.201592
-0.201468
-0.201633
-0.202086
-0.20247
-0.20236
-0.201674
-0.200878
-0.200479
-0.200534
-0.200685
-0.200575
-0.200177
-0.199697
-0.199395
-0.199408
-0.199614
-0.19982
-0.199875
-0.199628
-0.198914
-0.197857
-0.196909
-0.19658
-0.196923
-0.197513
-0.197774
-0.197637
-0.197307
-0.196923
-0.196387
-0.195687
-0.195056
-0.194836
-0.195042
-0.195261
-0.195124
-0.194822
-0.194808
-0.195069
-0.195028
-0.194355
-0.193435
-0.192996
-0.193119
-0.193161
-0.192337
-0.19062
-0.18878
-0.187751
-0.187956
-0.189055
-0.19025
-0.190703
-0.189989
-0.1883
-0.186281
-0.18473
-0.184125
-0.184524
-0.185485
-0.186322
-0.186583
-0.186281
-0.185787
-0.185389
-0.185197
-0.185169
-0.185224
-0.185265
-0.185032
-0.184249
-0.182835
-0.181228
-0.180281
-0.180665
-0.182313
-0.184318
-0.185554
-0.185348
-0.183878
-0.181928
-0.180349
-0.179786
-0.180267
-0.181214
-0.18164
-0.180789
-0.178921
-0.177095
-0.176381
-0.177013
-0.178413
-0.179731
-0.180363
-0.180089
-0.179031
-0.177686
-0.176628
-0.176189
-0.176312
-0.176724
-0.177109
-0.177383
-0.177617
-0.178001
-0.178633
-0.179416
-0.18002
-0.179979
-0.179114
-0.177768
-0.17656
-0.175804
-0.175283
-0.174761
-0.174294
-0.174115
-0.174294
-0.174582
-0.174582
-0.174239
-0.173813
-0.173566
-0.173319
-0.172687
-0.171644
-0.170889
-0.171204
-0.172715
-0.174706
-0.176244
-0.176683
-0.175736
-0.173525
-0.170696
-0.168293
-0.167181
-0.167373
-0.168225
-0.16898
-0.169351
-0.169378
-0.169172
-0.168678
-0.16784
-0.166783
-0.165918
-0.165602
-0.165863
-0.16644
-0.166879
-0.166893
-0.166591
-0.166467
-0.166961
-0.16784
-0.168238
-0.167291
-0.165094
-0.162732
-0.161483
-0.161826
-0.163268
-0.164696
-0.165094
-0.164174
-0.162471
-0.160961
-0.160329
-0.160439
-0.160769
-0.16092
-0.16092
-0.160961
-0.161167
-0.16151
-0.16184
-0.161977
-0.161757
-0.161167
-0.160563
-0.160453
-0.161002
-0.161744
-0.162018
-0.161496
-0.160425
-0.159437
-0.159121
-0.15978
-0.161153
-0.162595
-0.16357
-0.16405
-0.164476
-0.165218
-0.166275
-0.16725
-0.167991
-0.168815
-0.17001
-0.171397
-0.172495
-0.173209
-0.173992
-0.17531
-0.177164
-0.179127
-0.180871
-0.182231
-0.183096
-0.183343
-0.183151
-0.183096
-0.183782
-0.185389
-0.187627
-0.189893
-0.191691
-0.19268
-0.192831
-0.192323
-0.19154
-0.190895
-0.19073
-0.191183
-0.192103
-0.193037
-0.193655
-0.19382
-0.193449
-0.19246
-0.191046
-0.189783
-0.189288
-0.1897
-0.190359
-0.190332
-0.189137
-0.187242
-0.185718
-0.185375
-0.186144
-0.187188
-0.187627
-0.186954
-0.185142
-0.182601
-0.180116
-0.178468
-0.178056
-0.178509
-0.179086
-0.179127
-0.178468
-0.17737
-0.176285
-0.175489
-0.17509
-0.175063
-0.175269
-0.175667
-0.17623
-0.17682
-0.17704
-0.176656
-0.175763
-0.174747
-0.1738
-0.172907
-0.172069
-0.171534
-0.171603
-0.172221
-0.172962
-0.173415
-0.173401
-0.172935
-0.172124
-0.171053
-0.169776
-0.168554
-0.167881
-0.168211
-0.169447
-0.170985
-0.172124
-0.172523
-0.172207
-0.171548
-0.171067
-0.171191
-0.171987
-0.173017
-0.17358
-0.17325
-0.172221
-0.171149
-0.17071
-0.171053
-0.171781
-0.172275
-0.172179
-0.171465
-0.170381
-0.169255
-0.16839
-0.16806
-0.168293
-0.168829
-0.169158
-0.168884
-0.168005
-0.167003
-0.16655
-0.16692
-0.167634
-0.167936
-0.167483
-0.16644
-0.165163
-0.164023
-0.163268
-0.162883
-0.162595
-0.162334
-0.16243
-0.163254
-0.164449
-0.165163
-0.164764
-0.16346
-0.161922
-0.160673
-0.159821
-0.159382
-0.159464
-0.160123
-0.161194
-0.16221
-0.162719
-0.162581
-0.161867
-0.160673
-0.159203
-0.157913
-0.157226
-0.15713
-0.157185
-0.156993
-0.156636
-0.15654
-0.157048
-0.158105
-0.159341
-0.160371
-0.160988
-0.161112
-0.16081
-0.160123
-0.159286
-0.158558
-0.158228
-0.158407
-0.158846
-0.15919
-0.159107
-0.158599
-0.15783
-0.156951
-0.156169
-0.155702
-0.155688
-0.156004
-0.156224
-0.155839
-0.154672
-0.153148
-0.152049
-0.15194
-0.15275
-0.153958
-0.155057
-0.155812
-0.156155
-0.1561
-0.155647
-0.154796
-0.153628
-0.152406
-0.151679
-0.151953
-0.153189
-0.154686
-0.155496
-0.15507
-0.153615
-0.151761
-0.150141
-0.149083
-0.148617
-0.148562
-0.148672
-0.148768
-0.14896
-0.149317
-0.149619
-0.149509
-0.148823
-0.147985
-0.147628
-0.148067
-0.148946
-0.149633
-0.149729
-0.149193
-0.148218
-0.147065
-0.145953
-0.144992
-0.144181
-0.143701
-0.143838
-0.144689
-0.145953
-0.147092
-0.147765
-0.147903
-0.147628
-0.147202
-0.1469
-0.146763
-0.146667
-0.146461
-0.146172
-0.14587
-0.145596
-0.145239
-0.144744
-0.144017
-0.143001
-0.141847
-0.140872
-0.14046
-0.14079
-0.141737
-0.142946
-0.143975
-0.144429
-0.144044
-0.142863
-0.141202
-0.139513
-0.138236
-0.137632
-0.1377
-0.138153
-0.138456
-0.138291
-0.137673
-0.136973
-0.136533
-0.136492
-0.136712
-0.137
-0.137137
-0.136986
-0.136574
-0.136107
-0.135792
-0.135668
-0.135599
-0.135352
-0.134817
-0.133993
-0.132977
-0.131961
-0.131096
-0.130533
-0.130395
-0.130862
-0.131947
-0.133499
-0.13505
-0.135998
-0.135915
-0.13494
-0.133663
-0.132675
-0.132249
-0.132235
-0.13229
-0.132098
-0.131535
-0.130862
-0.130437
-0.130382
-0.13056
-0.130752
-0.130876
-0.130876
-0.130752
-0.130629
-0.130862
-0.131562
-0.132551
-0.13343
-0.133869
-0.133526
-0.132208
-0.130038
-0.127704
-0.126097
-0.125795
-0.12688
-0.128967
-0.131178
-0.132414
-0.131961
-0.12997
-0.127553
-0.125946
-0.125754
-0.126606
-0.127649
-0.128157
-0.1278
-0.126715
-0.12526
-0.123887
-0.122884
-0.12239
-0.122349
-0.122527
-0.122747
-0.122871
-0.122857
-0.122678
-0.122486
-0.1225
-0.122829
-0.123255
-0.123502
-0.123434
-0.123145
-0.122761
-0.122321
-0.121855
-0.121401
-0.121003
-0.120536
-0.119973
-0.119548
-0.119616
-0.120248
-0.121223
-0.122239
-0.123241
-0.124244
-0.12493
-0.124697
-0.123241
-0.121072
-0.119369
-0.119012
-0.119836
-0.120893
-0.121346
-0.121113
-0.120783
-0.121072
-0.122198
-0.123653
-0.124436
-0.123791
-0.121786
-0.119301
-0.117351
-0.116499
-0.116692
-0.117433
-0.117996
-0.117804
-0.116582
-0.114618
-0.112737
-0.111913
-0.112449
-0.113739
-0.114728
-0.114838
-0.114179
-0.113204
-0.112298
-0.111721
-0.111597
-0.111996
-0.112764
-0.113588
-0.114014
-0.113863
-0.113369
-0.112916
-0.11249
-0.111652
-0.110156
-0.108425
-0.107286
-0.107217
-0.108055
-0.10929
-0.110513
-0.111556
-0.112339
-0.112668
-0.11227
-0.111144
-0.109675
-0.108343
-0.107341
-0.106654
-0.10627
-0.106256
-0.10664
-0.107382
-0.108329
-0.109263
-0.109826
-0.109675
-0.108714
-0.107313
-0.10605
-0.105226
-0.104732
-0.104347
-0.10399
-0.103578
-0.102988
-0.102288
-0.101766
-0.101711
-0.102178
-0.103029
-0.104004
-0.104759
-0.10491
-0.104471
-0.103716
-0.103015
-0.102535
-0.102191
-0.101889
-0.101628
-0.101519
-0.101683
-0.102205
-0.102933
-0.103606
-0.104018
-0.104128
-0.104031
-0.103812
-0.10351
-0.103125
-0.102754
-0.102576
-0.102631
-0.102809
-0.103015
-0.103249
-0.103661
-0.104292
-0.104993
-0.105418
-0.10535
-0.104787
-0.104031
-0.103372
-0.102947
-0.102672
-0.10237
-0.101862
-0.101093
-0.100255
-0.0995139
-0.0990058
-0.0988822
-0.0992942
-0.100118
-0.100722
-0.100393
-0.098896
-0.0966578
-0.0945432
-0.0934035
-0.0936232
-0.0949414
-0.0964793
-0.0973169
-0.0970422
-0.095779
-0.0939939
-0.0923187
-0.091179
-0.090822
-0.0912477
-0.0922913
-0.093582
-0.0945569
-0.094859
-0.0946118
-0.094145
-0.0936781
-0.0931838
-0.0927718
-0.0927032
-0.0930877
-0.0937056
-0.0942136
-0.0943235
-0.093939
-0.0931426
-0.0920853
-0.0911104
-0.0905749
-0.0907396
-0.0916322
-0.0928817
-0.0939939
-0.0945981
-0.0945294
-0.0936918
-0.0922226
-0.090822
-0.0904513
-0.0916047
-0.093733
-0.0956691
-0.0965891
-0.0962321
-0.0948453
-0.0929229
-0.0911378
-0.0901904
-0.090259
-0.0908907
-0.0913713
-0.0912477
-0.0905749
-0.0898608
-0.0896686
-0.0902728
-0.0912477
-0.091893
-0.0915772
-0.0902178
-0.0882131
-0.0863731
-0.0855218
-0.0859474
-0.0869773
-0.0874853
-0.0870185
-0.0861671
-0.08592
-0.0865928
-0.0876226
-0.088117
-0.0876776
-0.0867301
-0.0861671
-0.0865241
-0.0874441
-0.087911
-0.0872794
-0.0858239
-0.0844919
-0.0841487
-0.0849588
-0.0862083
-0.0868674
-0.0863594
-0.085151
-0.0843272
-0.0845606
-0.085563
-0.0864967
-0.0867027
-0.0860436
-0.084643
-0.0828717
-0.0813612
-0.080812
-0.0814848
-0.0829815
-0.0845469
-0.0854668
-0.0854531
-0.0847254
-0.083874
-0.0834758
-0.0838603
-0.0849588
-0.0862358
-0.0869773
-0.0867027
-0.0855904
-0.084231
-0.0831051
-0.0822675
-0.081677
-0.0813612
-0.0814985
-0.082089
-0.0828579
-0.0834621
-0.0836818
-0.0834209
-0.0827343
-0.0818006
-0.0811003
-0.0810866
-0.0818418
-0.0829952
-0.0840113
-0.0845194
-0.0843958
-0.0837642
-0.0828167
-0.0818006
-0.0809081
-0.0802765
-0.080043
-0.0803314
-0.0811003
-0.0818418
-0.0817869
-0.0805511
-0.0785463
-0.0768437
-0.0763356
-0.077132
-0.0785051
-0.0795075
-0.0796036
-0.0789445
-0.0781207
-0.0776401
-0.0777225
-0.078203
-0.0789033
-0.0796448
-0.0801254
-0.0799332
-0.0790544
-0.0781069
-0.0778186
-0.0783266
-0.0792878
-0.0801117
-0.0804275
-0.0800568
-0.0790681
-0.0778323
-0.0768711
-0.0765141
-0.0769535
-0.0780108
-0.0792329
-0.0799744
-0.0799469
-0.07948
-0.0790544
-0.0789033
-0.0789445
-0.0790681
-0.0792192
-0.0794389
-0.0796311
-0.0795762
-0.0792603
-0.0789583
-0.0789583
-0.0791368
-0.0790132
-0.0783404
-0.077489
-0.0770908
-0.077338
-0.0779422
-0.0785189
-0.0789033
-0.078972
-0.078615
-0.0778186
-0.076926
-0.0766102
-0.0773517
-0.0790406
-0.0808394
-0.0817182
-0.0811964
-0.0797547
-0.078258
-0.0773242
-0.0770359
-0.0772556
-0.0776538
-0.0776263
-0.0766926
-0.0751273
-0.0738365
-0.0736031
-0.0743858
-0.0755392
-0.0764043
-0.0766102
-0.0759923
-0.0747016
-0.0731912
-0.072024
-0.0714473
-0.0714748
-0.072024
-0.0729303
-0.0739052
-0.0746741
-0.0750449
-0.0749625
-0.0744407
-0.0736718
-0.072944
-0.0724359
-0.0721064
-0.0717219
-0.0711315
-0.0704175
-0.0699918
-0.0701566
-0.0706372
-0.0707195
-0.0699781
-0.0688246
-0.0682067
-0.0686187
-0.0695799
-0.0701703
-0.0700055
-0.0694151
-0.0688384
-0.0684127
-0.0680008
-0.0675202
-0.067067
-0.0668748
-0.067273
-0.068399
-0.0699369
-0.0713374
-0.0719691
-0.071461
-0.069827
-0.0676712
-0.0659548
-0.0654193
-0.0660784
-0.067273
-0.0682067
-0.0684676
-0.0681106
-0.0676026
-0.0673554
-0.0675888
-0.0681381
-0.0686736
-0.0689345
-0.0688796
-0.0687423
-0.0688109
-0.0692091
-0.0696622
-0.0697858
-0.0694563
-0.0688246
-0.0680282
-0.0670396
-0.0660372
-0.0655292
-0.0659274
-0.0671082
-0.0685226
-0.0697034
-0.0704861
-0.0707882
-0.0705273
-0.0697584
-0.068756
-0.0679047
-0.0675888
-0.0677811
-0.0679321
-0.0674515
-0.0662981
-0.0651859
-0.0648426
-0.0653369
-0.0660509
-0.0664217
-0.0664217
-0.0662706
-0.0661059
-0.0658587
-0.0655978
-0.0656939
-0.0666414
-0.0683715
-0.0701154
-0.0708843
-0.0702115
-0.0683852
-0.0661745
-0.0643345
-0.0635244
-0.0639363
-0.0651447
-0.066353
-0.0669572
-0.0668611
-0.066408
-0.0660372
-0.0660097
-0.0662157
-0.066408
-0.0664217
-0.0663805
-0.0663805
-0.0662569
-0.0657763
-0.0650623
-0.064513
-0.0644719
-0.0647465
-0.0650211
-0.0649662
-0.0644581
-0.0635381
-0.062522
-0.0617805
-0.0613274
-0.0608605
-0.0602701
-0.0599131
-0.0603388
-0.0616844
-0.0636205
-0.0654056
-0.0664354
-0.0662844
-0.065076
-0.0634008
-0.0620689
-0.061602
-0.0621238
-0.0633047
-0.0644993
-0.0650486
-0.0646641
-0.0636205
-0.0624259
-0.0614235
-0.0608743
-0.0611352
-0.0624259
-0.064362
-0.0661196
-0.0670533
-0.0669572
-0.065996
-0.0645405
-0.063085
-0.0620552
-0.0615746
-0.0614785
-0.0615334
-0.0616295
-0.0617393
-0.0618629
-0.0619453
-0.061959
-0.061808
-0.0615059
-0.0612176
-0.061094
-0.0610391
-0.0608743
-0.0605173
-0.0600779
-0.0597895
-0.0599131
-0.0607507
-0.0623298
-0.0640462
-0.0649113
-0.0642384
-0.0624671
-0.0607644
-0.0600779
-0.0603937
-0.0610253
-0.0612862
-0.0610665
-0.0606683
-0.060325
-0.0599955
-0.0597209
-0.0597071
-0.0601877
-0.0609979
-0.0616158
-0.0615608
-0.0607507
-0.0595286
-0.0585674
-0.0583615
-0.0589931
-0.0600229
-0.0608605
-0.0610116
-0.0602838
-0.0589107
-0.0574552
-0.0566039
-0.0567961
-0.0578809
-0.0592952
-0.060174
-0.0598994
-0.0585537
-0.0569746
-0.0560546
-0.0560409
-0.0564803
-0.0568098
-0.0567412
-0.0562194
-0.0554505
-0.0549287
-0.0550385
-0.0555878
-0.0559722
-0.0558899
-0.0556015
-0.055574
-0.0558075
-0.055931
-0.0556152
-0.0549561
-0.0544206
-0.0543657
-0.0547502
-0.0550934
-0.0549287
-0.0543657
-0.0539263
-0.0540499
-0.0545442
-0.0548875
-0.05486
-0.054709
-0.0547639
-0.0550523
-0.0552033
-0.0549149
-0.0542421
-0.0535967
-0.0532672
-0.053075
-0.0526081
-0.0518941
-0.0514547
-0.0518254
-0.0529376
-0.0543794
-0.0558349
-0.0570982
-0.0577985
-0.0575651
-0.0563567
-0.0546129
-0.0528415
-0.0514821
-0.0506583
-0.0503013
-0.0501914
-0.0502738
-0.0505484
-0.0509466
-0.0512487
-0.0514821
-0.0518941
-0.0527317
-0.0538439
-0.0547364
-0.0550523
-0.054709
-0.0538714
-0.0529514
-0.0523472
-0.0522511
-0.0524433
-0.0526905
-0.0529788
-0.0533633
-0.0535693
-0.0532947
-0.0526493
-0.0521
-0.0518941
-0.0518666
-0.0516057
-0.0510565
-0.0504248
-0.0498756
-0.0493675
-0.0487634
-0.0482278
-0.0481729
-0.0489144
-0.0502738
-0.0515508
-0.0521824
-0.0521687
-0.0519765
-0.051949
-0.0522511
-0.052718
-0.0529651
-0.0525669
-0.0514409
-0.0499717
-0.0487496
-0.0480768
-0.0478846
-0.0479944
-0.0482416
-0.0485574
-0.0489968
-0.049601
-0.0502326
-0.0505484
-0.050315
-0.0496559
-0.0488869
-0.0482416
-0.0477747
-0.0473491
-0.0468685
-0.0464565
-0.0465115
-0.0474314
-0.0489556
-0.0502463
-0.0505072
-0.0497932
-0.0488595
-0.0483377
-0.0481043
-0.0476099
-0.0467586
-0.0461956
-0.046635
-0.0480493
-0.049546
-0.0501914
-0.0497108
-0.0484338
-0.0468959
-0.0457288
-0.0455503
-0.046635
-0.0486261
-0.0504935
-0.0513311
-0.0509192
-0.0497657
-0.0483789
-0.0470332
-0.0457425
-0.0446028
-0.0438064
