LECROYHDO9204-MSöv,30454,Waveform
Segments,1,SegmentSize,2002
Ampl
-0.0164264
-0.0151219
-0.0146825
-0.0151906
-0.0161655
-0.0170443
-0.0174425
-0.0172915
-0.016756
-0.016193
-0.0158634
-0.0158085
-0.0158772
-0.0159733
-0.0161243
-0.0164539
-0.0169482
-0.0174151
-0.0175249
-0.0169757
-0.015836
-0.0145864
-0.0139273
-0.0141196
-0.0149984
-0.0160831
-0.0169207
-0.0171816
-0.0167148
-0.015836
-0.0150121
-0.0145864
-0.0146825
-0.0151769
-0.0159046
-0.0165774
-0.0168933
-0.016701
-0.0160557
-0.0151769
-0.0141333
-0.0131172
-0.0123894
-0.0122521
-0.0128288
-0.0140646
-0.0155064
-0.0163989
-0.0161106
-0.0147924
-0.0131858
-0.0119912
-0.0114145
-0.0113871
-0.0118951
-0.0128838
-0.0140784
-0.0151357
-0.0159184
-0.0163577
-0.0162479
-0.0154103
-0.0140097
-0.0127053
-0.0122109
-0.0127327
-0.0138449
-0.0148336
-0.0151494
-0.0147512
-0.0139273
-0.0130073
-0.0123208
-0.0122109
-0.0128151
-0.0139548
-0.0150533
-0.0156575
-0.0156712
-0.0152593
-0.0145452
-0.013584
-0.0124718
-0.0114283
-0.0107966
-0.0108103
-0.0114008
-0.0121148
-0.0124993
-0.012513
-0.0126091
-0.0131172
-0.0138587
-0.0143942
-0.0144354
-0.0140784
-0.0135291
-0.0129661
-0.0124306
-0.0118951
-0.0113459
-0.0110026
-0.0111811
-0.0120873
-0.013433
-0.0145178
-0.0147512
-0.0142843
-0.0137626
-0.0135703
-0.0134193
-0.0128975
-0.0121285
-0.0117441
-0.0121285
-0.01287
-0.0132133
-0.0129799
-0.012719
-0.0129387
-0.0135566
-0.014147
-0.0144354
-0.0145178
-0.0146276
-0.0148885
-0.0151631
-0.0151357
-0.014559
-0.013584
-0.0128014
-0.0127327
-0.0132682
-0.0139685
-0.0144491
-0.0146963
-0.0147375
-0.0144628
-0.0136527
-0.0123482
-0.0110712
-0.0105083
-0.0110438
-0.0123345
-0.0135566
-0.0140372
-0.0135566
-0.0124032
-0.0112635
-0.0108653
-0.0114008
-0.0122933
-0.0126091
-0.0117853
-0.0102611
-0.00903902
-0.00901156
-0.010316
-0.0124032
-0.0143393
-0.0154103
-0.0154515
-0.0147512
-0.0137214
-0.0125817
-0.0114694
-0.0106181
-0.0102474
-0.0104396
-0.0111536
-0.0120736
-0.0126915
-0.0125679
-0.0117029
-0.0106593
-0.0102474
-0.0107966
-0.012005
-0.0132545
-0.0140234
-0.0140646
-0.0135703
-0.0128288
-0.0120873
-0.0115518
-0.0113871
-0.0116754
-0.0121285
-0.0123757
-0.0124169
-0.0126091
-0.0132133
-0.0140372
-0.0145727
-0.0144628
-0.0137626
-0.01287
-0.0123208
-0.0124444
-0.0132682
-0.0145452
-0.0159595
-0.0171954
-0.0178819
-0.0177995
-0.0169894
-0.0156987
-0.0142157
-0.0128838
-0.0120599
-0.012005
-0.012719
-0.0139273
-0.0152318
-0.0160145
-0.0157948
-0.014559
-0.0131172
-0.0123757
-0.0125542
-0.0129799
-0.0129524
-0.0124032
-0.0117029
-0.0111674
-0.0108241
-0.0104671
-0.0100414
-0.00971185
-0.00984916
-0.0106456
-0.01195
-0.0133094
-0.0143255
-0.0147924
-0.0147787
-0.0145727
-0.0143805
-0.0142294
-0.0139823
-0.013584
-0.0132545
-0.013227
-0.0134605
-0.0135978
-0.0134193
-0.0130211
-0.0126778
-0.0124718
-0.0122933
-0.0119775
-0.0114694
-0.0109339
-0.0106593
-0.0108515
-0.0114557
-0.0121972
-0.01287
-0.0132408
-0.0132408
-0.0129661
-0.0128288
-0.0132545
-0.0142569
-0.0153828
-0.0160007
-0.0159184
-0.0153416
-0.0146276
-0.013996
-0.0135017
-0.0130623
-0.0126641
-0.0125542
-0.0128563
-0.0133643
-0.0136939
-0.0137214
-0.0136252
-0.0136252
-0.0136664
-0.013639
-0.0135429
-0.0135291
-0.0137076
-0.0139411
-0.0140784
-0.014147
-0.0143805
-0.0149846
-0.0158222
-0.0164127
-0.0163166
-0.0155064
-0.0142981
-0.0132133
-0.0126366
-0.0127464
-0.0133094
-0.01379
-0.0136664
-0.0129387
-0.0121011
-0.0116479
-0.0116479
-0.0120736
-0.0128975
-0.0141745
-0.0156163
-0.0166461
-0.0167834
-0.0160831
-0.0151082
-0.0144217
-0.0142431
-0.0142706
-0.0140372
-0.013433
-0.0126091
-0.0118127
-0.0112223
-0.0109477
-0.0109751
-0.0111536
-0.0113596
-0.0116205
-0.0120324
-0.0124856
-0.0126778
-0.0124306
-0.01195
-0.0114969
-0.011236
-0.0111674
-0.0112909
-0.0116068
-0.0120736
-0.0126503
-0.0131996
-0.0134055
-0.0131446
-0.0125954
-0.012156
-0.0119638
-0.0118951
-0.0119363
-0.0123345
-0.013433
-0.0151082
-0.016701
-0.0173739
-0.0166598
-0.0148473
-0.012925
-0.0117853
-0.0116891
-0.0122247
-0.012925
-0.0134605
-0.0135429
-0.0130485
-0.0122796
-0.0119363
-0.012513
-0.0137076
-0.0146276
-0.014504
-0.0133781
-0.0119363
-0.0110438
-0.0110987
-0.011799
-0.0126229
-0.0133369
-0.013996
-0.014504
-0.0144628
-0.013584
-0.0120599
-0.0105632
-0.00975305
-0.0100002
-0.0111124
-0.0126091
-0.0140509
-0.0152867
-0.0161518
-0.0163303
-0.0155751
-0.0141745
-0.012925
-0.0125954
-0.0133369
-0.0146551
-0.0156025
-0.0155888
-0.0147787
-0.0140509
-0.0140646
-0.0145727
-0.01471
-0.0141333
-0.0133781
-0.0133232
-0.0142294
-0.0156437
-0.016907
-0.0176348
-0.0178133
-0.0175936
-0.017058
-0.0163166
-0.0155751
-0.0150258
-0.01471
-0.0144903
-0.0142431
-0.013996
-0.0138861
-0.0139548
-0.0142294
-0.0146551
-0.0151219
-0.0153142
-0.015067
-0.0146002
-0.0143942
-0.0145864
-0.0149022
-0.0149846
-0.0147237
-0.0143393
-0.0140509
-0.0140646
-0.0144079
-0.0147924
-0.0147512
-0.0140097
-0.0128426
-0.0117578
-0.0111811
-0.0113184
-0.0121972
-0.0135154
-0.0148061
-0.0157673
-0.0163166
-0.0166461
-0.0168795
-0.0171542
-0.0174562
-0.0177721
-0.0181565
-0.0187058
-0.0194198
-0.0201064
-0.0206556
-0.0213971
-0.0227977
-0.0248162
-0.0268896
-0.0286884
-0.0305833
-0.0330686
-0.0360345
-0.0387259
-0.0405658
-0.0417055
-0.0429001
-0.0449049
-0.047912
-0.0514959
-0.0550797
-0.0583752
-0.0612038
-0.0633871
-0.0648014
-0.0658724
-0.0674241
-0.0699369
-0.0729989
-0.0758275
-0.0779971
-0.0795762
-0.0807296
-0.0816908
-0.0827343
-0.0840937
-0.0857827
-0.0874441
-0.0886937
-0.0892429
-0.0891193
-0.0886662
-0.0882543
-0.0880895
-0.088117
-0.0881856
-0.0882405
-0.0882268
-0.0879934
-0.0874304
-0.0866752
-0.0861534
-0.0861671
-0.0866203
-0.0869361
-0.0865653
-0.0853021
-0.0835857
-0.0820615
-0.0812376
-0.0811141
-0.0814024
-0.0816358
-0.0814299
-0.0806335
-0.079535
-0.0786699
-0.0782992
-0.0781207
-0.0776675
-0.0766789
-0.0752646
-0.0737404
-0.0725321
-0.0718455
-0.0717768
-0.0722437
-0.0730401
-0.0736443
-0.0734109
-0.0720789
-0.0702801
-0.0690993
-0.0692915
-0.0707195
-0.072738
-0.0745643
-0.0756628
-0.0758413
-0.0753058
-0.0745917
-0.0741249
-0.07407
-0.0744132
-0.0749625
-0.0753882
-0.0754019
-0.0749762
-0.0744682
-0.0742073
-0.0742622
-0.0745094
-0.0748938
-0.0753195
-0.075704
-0.0760335
-0.0765278
-0.0772556
-0.0778598
-0.0777362
-0.0765553
-0.0746741
-0.0730264
-0.072587
-0.073658
-0.0757726
-0.0780932
-0.0799606
-0.0811141
-0.0814711
-0.0809218
-0.0797409
-0.0785326
-0.0778186
-0.0778323
-0.0784227
-0.0792329
-0.0798645
-0.0798783
-0.0792466
-0.0784502
-0.0783404
-0.0793839
-0.0813612
-0.0835307
-0.0850137
-0.0853158
-0.0844645
-0.0830776
-0.0818693
-0.0811827
-0.0809218
-0.0806609
-0.0801391
-0.0795487
-0.0794114
-0.0801117
-0.0814985
-0.0828579
-0.083517
-0.0832836
-0.0824048
-0.0812788
-0.0802902
-0.0797959
-0.0799057
-0.0802765
-0.0804412
-0.0801529
-0.0795212
-0.0789033
-0.0785463
-0.0784914
-0.0786562
-0.0790956
-0.0799057
-0.0809905
-0.0819517
-0.0824048
-0.0821714
-0.0815397
-0.0809493
-0.0806884
-0.0807708
-0.0809905
-0.0810866
-0.080757
-0.0799469
-0.0788621
-0.0778598
-0.077132
-0.0767338
-0.0766377
-0.0768299
-0.0772968
-0.0780108
-0.0789033
-0.0797684
-0.0803176
-0.0803588
-0.0798645
-0.0789857
-0.0780383
-0.0773517
-0.077132
-0.0772556
-0.0774478
-0.0775851
-0.0777636
-0.0781756
-0.0789445
-0.0800705
-0.08132
-0.0822675
-0.0823636
-0.0814299
-0.0799057
-0.0786974
-0.0785463
-0.07948
-0.0807708
-0.0816496
-0.0818555
-0.0817045
-0.0815809
-0.081526
-0.0812788
-0.0807296
-0.0800568
-0.0795762
-0.0794389
-0.0795762
-0.0796997
-0.079535
-0.0789171
-0.0781069
-0.0775302
-0.0775302
-0.0779696
-0.0783266
-0.0781756
-0.077489
-0.0765828
-0.0759237
-0.0758825
-0.0765278
-0.0775714
-0.0784777
-0.0787523
-0.0783678
-0.0777087
-0.0773792
-0.0776263
-0.0782168
-0.0786287
-0.0784777
-0.0777362
-0.0766926
-0.0757314
-0.075292
-0.0755667
-0.0763493
-0.0770359
-0.0770496
-0.0762669
-0.0750723
-0.07407
-0.073864
-0.0746604
-0.0762258
-0.078052
-0.0794938
-0.0800156
-0.079329
-0.0776126
-0.0756765
-0.0745094
-0.0744544
-0.0751135
-0.0757314
-0.0757589
-0.0750174
-0.0738365
-0.0728479
-0.0726282
-0.0731774
-0.0739464
-0.074427
-0.0745094
-0.0742347
-0.073658
-0.072944
-0.0724359
-0.072381
-0.0727792
-0.0736168
-0.0748389
-0.0759786
-0.0762807
-0.0753332
-0.0735207
-0.0716807
-0.0704861
-0.0702527
-0.0709255
-0.0721476
-0.0732735
-0.0737404
-0.0733559
-0.0723124
-0.0710903
-0.0702252
-0.0701291
-0.0708294
-0.071818
-0.0725595
-0.0729303
-0.0732186
-0.0736443
-0.0741523
-0.0744956
-0.074578
-0.0743171
-0.0736855
-0.0728616
-0.0723261
-0.0724497
-0.0730813
-0.0736718
-0.0736992
-0.0731225
-0.0722849
-0.0716533
-0.071461
-0.0718043
-0.0725595
-0.0734246
-0.0739464
-0.0738228
-0.0730813
-0.0720103
-0.070747
-0.069319
-0.067987
-0.0673005
-0.0676575
-0.0688384
-0.0701566
-0.0710216
-0.0712276
-0.0709255
-0.0704587
-0.0701703
-0.0702115
-0.0703488
-0.0702252
-0.0696622
-0.0688658
-0.0681243
-0.06763
-0.0673554
-0.0671769
-0.0668748
-0.066353
-0.0657763
-0.0654605
-0.065639
-0.066202
-0.0667924
-0.0671632
-0.0671906
-0.0670121
-0.06671
-0.0663393
-0.0660372
-0.0661196
-0.0668473
-0.0679184
-0.0686873
-0.0686187
-0.0677948
-0.0668885
-0.0665865
-0.0670808
-0.067836
-0.0680557
-0.0675064
-0.0668062
-0.06671
-0.0673005
-0.0679733
-0.0681243
-0.0676163
-0.0667924
-0.0660647
-0.0656527
-0.0654605
-0.0651309
-0.0643757
-0.0634283
-0.0629065
-0.0633734
-0.0648014
-0.0664766
-0.0674378
-0.067122
-0.0656802
-0.0638814
-0.0625495
-0.061959
-0.0618492
-0.0620964
-0.0629065
-0.0643208
-0.0658312
-0.0665865
-0.0661059
-0.064719
-0.0630438
-0.0616158
-0.0605722
-0.0598032
-0.0592952
-0.0590755
-0.0591167
-0.0592952
-0.0595698
-0.0601328
-0.0611626
-0.0623847
-0.0631262
-0.0629889
-0.0621238
-0.0610116
-0.0601465
-0.0599543
-0.0605722
-0.0617531
-0.0628241
-0.0632772
-0.0629065
-0.0617805
-0.0599818
-0.0579358
-0.0565215
-0.0565627
-0.0580594
-0.0601191
-0.0616844
-0.062165
-0.061808
-0.0612313
-0.0608331
-0.0605859
-0.0602976
-0.0601328
-0.0605447
-0.0616707
-0.0629752
-0.0637716
-0.063799
-0.0633184
-0.0626044
-0.0618767
-0.0614098
-0.061451
-0.0619179
-0.0624671
-0.0627555
-0.0626044
-0.0621375
-0.0615608
-0.0610391
-0.0606134
-0.0603388
-0.060325
-0.0606134
-0.0610116
-0.0611214
-0.0608743
-0.0605997
-0.0606134
-0.0607644
-0.0608056
-0.0609292
-0.0615059
-0.0624259
-0.0630163
-0.0626868
-0.0614647
-0.0598582
-0.0584988
-0.0578534
-0.0580731
-0.0589794
-0.0600779
-0.0607095
-0.0604623
-0.0594462
-0.0583615
-0.0578809
-0.0581967
-0.0588558
-0.05946
-0.0599955
-0.0605585
-0.0610528
-0.061245
-0.0611077
-0.0607644
-0.0600779
-0.0589107
-0.0574827
-0.0563979
-0.056137
-0.0566039
-0.0572081
-0.0574003
-0.057057
-0.056549
-0.0562331
-0.0561233
-0.0559722
-0.0557663
-0.0555191
-0.0551072
-0.0541872
-0.052869
-0.0517705
-0.0516057
-0.0524159
-0.0535556
-0.0542284
-0.0542421
-0.0540224
-0.0542284
-0.0552033
-0.0565352
-0.0573042
-0.0568373
-0.055217
-0.0531573
-0.0514821
-0.0506171
-0.050521
-0.0507132
-0.050878
-0.0510702
-0.0516744
-0.052869
-0.054352
-0.0556427
-0.0564528
-0.0567137
-0.0563842
-0.0555878
-0.0546129
-0.0539538
-0.0538439
-0.0541735
-0.0545579
-0.0547364
-0.0546952
-0.0545717
-0.0544343
-0.0542284
-0.0539538
-0.0538439
-0.0540224
-0.0542009
-0.0540224
-0.0536654
-0.0536654
-0.0543382
-0.055217
-0.055574
-0.0551346
-0.0542009
-0.0533633
-0.0529788
-0.0531573
-0.0537066
-0.054352
-0.0548463
-0.0549836
-0.054654
-0.0539538
-0.0532809
-0.0529514
-0.0528278
-0.0525257
-0.0520726
-0.0519078
-0.0523197
-0.0530338
-0.0536105
-0.0539538
-0.0542696
-0.0545854
-0.0546678
-0.054297
-0.0535006
-0.0526493
-0.0522648
-0.052512
-0.0530338
-0.0532397
-0.0529514
-0.0523747
-0.0517293
-0.0510153
-0.0502189
-0.0496284
-0.0496696
-0.0504386
-0.0516195
-0.052663
-0.0532123
-0.0532123
-0.0529102
-0.0525944
-0.0522099
-0.0515371
-0.0505896
-0.0499305
-0.0500953
-0.0510702
-0.0522236
-0.0527866
-0.0524845
-0.0516469
-0.0509192
-0.050823
-0.0513036
-0.0519765
-0.0526081
-0.0533084
-0.0540636
-0.0544893
-0.0541597
-0.0530887
-0.0516744
-0.0502463
-0.0489968
-0.048269
-0.0483789
-0.0492577
-0.050315
-0.0509741
-0.0509741
-0.050466
-0.0498619
-0.049546
-0.0495735
-0.0496147
-0.049395
-0.0489144
-0.0483926
-0.0479532
-0.0477335
-0.0480768
-0.0492302
-0.0508642
-0.0522374
-0.0526081
-0.0517568
-0.0500678
-0.0484201
-0.047555
-0.0474589
-0.0475413
-0.0472255
-0.0465252
-0.0458661
-0.0456052
-0.0458386
-0.0463604
-0.0468822
-0.0471705
-0.0471019
-0.0464291
-0.0449598
-0.0429688
-0.041376
-0.0412387
-0.0427766
-0.0451246
-0.0470607
-0.0478434
-0.0473902
-0.0461132
-0.0448088
-0.0441909
-0.0445342
-0.0453855
-0.0460721
-0.0461682
-0.0456601
-0.0447676
-0.0439163
-0.0436279
-0.0441771
-0.0452344
-0.0461132
-0.0463055
-0.0460309
-0.0459759
-0.0466213
-0.0477335
-0.0486535
-0.0488869
-0.0485299
-0.047967
-0.0475138
-0.0472667
-0.0472667
-0.0474452
-0.0475688
-0.0474314
-0.0470882
-0.0468685
-0.0468822
-0.046841
-0.0464428
-0.0457288
-0.0449873
-0.0445479
-0.0445754
-0.0450285
-0.0455365
-0.0457288
-0.0456327
-0.0456876
-0.0461956
-0.0468822
-0.0471294
-0.0464291
-0.04485
-0.0430787
-0.0420076
-0.0422136
-0.0434357
-0.0447401
-0.0453306
-0.0451109
-0.0445204
-0.0440261
-0.0438339
-0.0439025
-0.0442183
-0.0448637
-0.0459759
-0.0475825
-0.0491616
-0.0498481
-0.0490655
-0.0470332
-0.0446577
-0.0429139
-0.0424196
-0.0432984
-0.0450148
-0.0464291
-0.0466488
-0.0457562
-0.0446028
-0.0438613
-0.0434494
-0.0428315
-0.0417467
-0.040456
-0.0396459
-0.0399891
-0.0416369
-0.0440398
-0.0461956
-0.0472117
-0.0466762
-0.0447951
-0.0423234
-0.0404011
-0.0399067
-0.0409366
-0.0426667
-0.0439025
-0.04393
-0.0429963
-0.0420763
-0.0421449
-0.0432297
-0.0444106
-0.0446303
-0.0434906
-0.0415408
-0.0397969
-0.0390417
-0.039385
-0.0404423
-0.041527
-0.0420763
-0.041884
-0.0411426
-0.0404697
-0.0406894
-0.04209
-0.0440398
-0.0452619
-0.0449049
-0.0430649
-0.0406482
-0.0388083
-0.0383551
-0.039385
-0.0412661
-0.0429688
-0.0437789
-0.0436554
-0.0429688
-0.0420763
-0.0412387
-0.0406894
-0.040607
-0.0409778
-0.0416506
-0.0422822
-0.042653
-0.0428315
-0.0430512
-0.0433258
-0.0432434
-0.042447
-0.0412661
-0.0403736
-0.0402638
-0.0409229
-0.0418703
-0.0424607
-0.0422685
-0.0413211
-0.0402775
-0.0399479
-0.0405933
-0.0416918
-0.0424333
-0.0425431
-0.0422685
-0.0419527
-0.0416918
-0.0414309
-0.0412112
-0.0413073
-0.0419527
-0.0430375
-0.0439712
-0.0441222
-0.0431885
-0.0415957
-0.0402226
-0.0399067
-0.0409091
-0.0425981
-0.0436966
-0.043161
-0.0409915
-0.0383139
-0.0365563
-0.0363916
-0.0376548
-0.0394673
-0.0409366
-0.0415408
-0.0414721
-0.0412799
-0.0411975
-0.040964
-0.0403599
-0.0394811
-0.0387533
-0.0383414
-0.0380942
-0.0378471
-0.0376686
-0.0376136
-0.0376136
-0.0374763
-0.0371742
-0.0368447
-0.0367074
-0.0368447
-0.0370919
-0.0372017
-0.0372154
-0.0373665
-0.0379295
-0.0387671
-0.0395909
-0.0401539
-0.0402638
-0.0397694
-0.0387945
-0.0377235
-0.0371468
-0.0374351
-0.0385474
-0.0400303
-0.0411837
-0.0414309
-0.040662
-0.0392339
-0.0378745
-0.037133
-0.0371605
-0.0376274
-0.0379157
-0.0377098
-0.037188
-0.0367898
-0.0368996
-0.0376686
-0.0389593
-0.0403873
-0.0413623
-0.0412799
-0.0399754
-0.0379981
-0.0363092
-0.0356363
-0.0360071
-0.036776
-0.0372292
-0.0371605
-0.0369271
-0.0370507
-0.0376411
-0.0382727
-0.0383139
-0.0375038
-0.0363092
-0.0355402
-0.0358149
-0.0370232
-0.0383826
-0.0390829
-0.0389044
-0.0380805
-0.0368584
-0.0352793
-0.0336591
-0.0326704
-0.0328352
-0.0338376
-0.0349086
-0.0355128
-0.0357187
-0.0357737
-0.0358698
-0.0358972
-0.0356363
-0.0349635
-0.0341534
-0.0337414
-0.0341534
-0.0352519
-0.0364602
-0.0370095
-0.0364053
-0.0348125
-0.0330137
-0.0318603
-0.0317092
-0.0324507
-0.033865
-0.0356501
-0.0372292
-0.0378196
-0.0372017
-0.0359934
-0.035142
-0.0350596
-0.035348
-0.0352931
-0.0344143
-0.032945
-0.0315994
-0.0310776
-0.031668
-0.033
-0.0344555
-0.035554
-0.036268
-0.0365838
-0.0363504
-0.0353205
-0.0337964
-0.0325606
-0.0325056
-0.0337277
-0.035499
-0.0368035
-0.0371193
-0.036625
-0.0357462
-0.0348811
-0.0342632
-0.0339474
-0.0337964
-0.0337277
-0.0338101
-0.0340985
-0.0344005
-0.0344967
-0.0343868
-0.0342632
-0.0341946
-0.0340573
-0.0340023
-0.0343044
-0.0350596
-0.0359522
-0.0366113
-0.0368172
-0.0364465
-0.035499
-0.0342358
-0.0332059
-0.0329313
-0.0335217
-0.0345241
-0.035348
-0.0356913
-0.0356913
-0.0357187
-0.0358698
-0.0357599
-0.0349635
-0.033714
-0.0328489
-0.0328626
-0.0335217
-0.0341671
-0.0344692
-0.0345104
-0.0343456
-0.0338513
-0.0328489
-0.0315307
-0.0303773
-0.0299928
-0.0305421
-0.0316818
-0.0326155
-0.0327116
-0.0318465
-0.0305833
-0.0296084
-0.0292239
-0.0290866
-0.0287021
-0.0280155
-0.0275761
-0.0278508
-0.0286197
-0.0290866
-0.0287296
-0.0279469
-0.0275899
-0.0282078
-0.0294848
-0.0304871
-0.0303773
-0.0291278
-0.0276311
-0.0270132
-0.0276997
-0.0291415
-0.0303086
-0.0304185
-0.0292925
-0.0274114
-0.0255851
-0.0246651
-0.025132
-0.0268072
-0.0291278
-0.0314895
-0.0334394
-0.0345378
-0.0344829
-0.0333982
-0.0319564
-0.0310639
-0.0313385
-0.0325056
-0.0335629
-0.0336453
-0.032794
-0.0318053
-0.0311462
-0.0304871
-0.0293887
-0.028194
-0.0276997
-0.028249
-0.0294985
-0.0308167
-0.0317367
-0.0322035
-0.0323546
-0.0322997
-0.0319152
-0.0310089
-0.0296633
-0.0282352
-0.0272054
-0.0269857
-0.0277409
-0.0293475
-0.0312698
-0.0327528
-0.0332471
-0.0327528
-0.031723
-0.0306382
-0.0297182
-0.0288943
-0.0280018
-0.0270818
-0.0263541
-0.026052
-0.0260794
-0.0261756
-0.0261481
-0.0261618
-0.0265875
-0.0275075
-0.0284824
-0.0289493
-0.0288257
-0.0285785
-0.0288669
-0.0299242
-0.0312698
-0.0322585
-0.0325331
-0.0321212
-0.0311462
-0.0297869
-0.0285373
-0.0280567
-0.0287296
-0.0303361
-0.0321898
-0.0334531
-0.0335217
-0.0324232
-0.0308991
-0.0299242
-0.0300066
-0.0308854
-0.0318603
-0.0323546
-0.0321761
-0.0315856
-0.0309128
-0.0301988
-0.0292239
-0.0279469
-0.0268072
-0.0263129
-0.026615
-0.0274937
-0.0285922
-0.0296358
-0.0303636
-0.0305695
-0.0302812
-0.0295809
-0.0285922
-0.0274663
-0.0265051
-0.0258872
-0.0255851
-0.0255988
-0.0259421
-0.0265738
-0.0272466
-0.0277821
-0.0283451
-0.02932
-0.030748
-0.0320662
-0.0325743
-0.032025
-0.030748
-0.0292101
-0.0278096
-0.0268209
-0.0263266
-0.0262991
-0.0265875
-0.0269857
-0.0272878
-0.0273702
-0.0272191
-0.0269308
-0.0267111
-0.0267797
-0.0272603
-0.0279881
-0.0286334
-0.0288943
-0.0287845
-0.0283863
-0.0277409
-0.0269308
-0.0262854
-0.026203
-0.0266836
-0.0272329
-0.0274114
-0.0272603
-0.0271367
-0.0272329
-0.0273427
-0.0271093
-0.026409
-0.0255302
-0.0248986
-0.0247338
-0.0248299
-0.0248299
-0.0244729
-0.0238001
-0.0233469
-0.0238138
-0.0254615
-0.0275349
-0.0287296
-0.0283039
-0.0266424
-0.0249809
-0.0242669
-0.0246377
-0.0255851
-0.026615
-0.0274114
-0.0277272
-0.0274663
-0.0269308
-0.0267385
-0.0273839
-0.0288257
-0.0302674
-0.0305695
-0.0291003
-0.0264364
-0.0241021
-0.0233607
-0.0242669
-0.0258735
-0.026972
-0.0269445
-0.0259559
-0.0247338
-0.0240884
-0.0243905
-0.0252418
-0.0258872
-0.0258185
-0.0250496
-0.0239786
-0.0230586
-0.0226329
-0.0227839
-0.0234705
-0.0245553
-0.0258048
-0.0268209
-0.0272329
-0.0268484
-0.0256538
-0.0238412
-0.0219738
-0.0208616
-0.0211362
-0.0225231
-0.0241021
-0.024926
-0.0246102
-0.023498
-0.0224544
-0.0223445
-0.0233744
-0.0249535
-0.0261618
-0.0264502
-0.0258872
-0.0248299
-0.0237314
-0.0229213
-0.0225368
-0.022578
-0.0229899
-0.0238275
-0.0250084
-0.0260932
-0.0264364
-0.0258048
-0.0245827
-0.0233332
-0.0223583
-0.0218502
-0.0219463
-0.0226741
-0.0237451
-0.0246651
-0.0250771
-0.0249535
-0.0244866
-0.0239923
-0.0238824
-0.024363
-0.0252006
-0.0258872
-0.025997
-0.0256263
-0.0251183
-0.0246926
-0.0241708
-0.0232508
-0.0219875
-0.0209852
-0.0206968
-0.0209577
-0.0211499
-0.0209028
-0.020381
-0.020024
-0.0202162
-0.0211911
-0.0228526
-0.0247887
-0.0263266
-0.0272329
-0.0277409
-0.0280155
-0.0277546
-0.026615
-0.0247887
-0.0229075
-0.0215619
-0.0209989
-0.0211774
-0.0219326
-0.0229899
-0.0239511
-0.0244729
-0.0244042
-0.0238412
-0.0232096
-0.0231135
-0.0237863
-0.0249535
-0.025997
-0.0266012
-0.0268209
-0.0268758
-0.0268484
-0.0267248
-0.0265463
-0.0264502
-0.0266699
-0.0271367
-0.0273702
-0.026917
-0.0259421
-0.0251869
-0.0251045
-0.0255027
-0.0259696
-0.0264914
-0.0272878
-0.028249
-0.0287707
-0.0282764
-0.0267797
-0.0250221
-0.0238687
-0.0235392
-0.0236765
-0.023855
-0.0241708
-0.0249397
-0.0260932
-0.0270543
-0.0273015
-0.0268072
-0.0260382
-0.0255165
-0.0254615
-0.0256675
-0.0258048
-0.0256263
-0.0251869
-0.0245827
-0.0238138
-0.0229762
-0.0224132
-0.0225093
-0.0234019
-0.0247063
-0.0257499
-0.0259147
-0.0249809
-0.0234019
-0.0219875
-0.0213834
-0.0216168
-0.022166
-0.022578
-0.0227016
-0.0226192
-0.0225642
-0.0227702
-0.0232371
-0.0236902
-0.0238962
-0.0241021
-0.024775
-0.0258323
-0.0265738
-0.0262717
-0.0248711
-0.0230311
-0.0214795
-0.0206419
-0.0205183
-0.020944
-0.0216992
-0.0224544
-0.0227153
-0.0221111
-0.0207792
-0.0195159
-0.0192688
-0.020381
-0.0221386
-0.023292
-0.0229213
-0.0211087
-0.0187882
-0.0171404
-0.016907
-0.0182115
-0.020587
-0.0233607
-0.0256538
-0.0266424
-0.0258735
-0.0236902
-0.0210401
-0.0188843
-0.0177309
-0.0177446
-0.0189667
-0.0209989
-0.0228114
-0.0232508
-0.0219463
-0.0197082
-0.0178819
-0.0174013
-0.0182527
-0.0197905
-0.0213284
-0.0225505
-0.0234019
-0.023855
-0.0239786
-0.0239099
-0.0237177
-0.0232783
-0.0225093
-0.0216443
-0.0210126
-0.0206693
-0.0204359
-0.0203261
-0.020587
-0.0213559
-0.0223171
-0.0228251
-0.0225093
-0.0217129
-0.0210813
-0.0210401
-0.0213696
-0.0214795
-0.0209852
-0.0200926
-0.0192962
-0.0189255
-0.0190216
-0.0196395
-0.0208753
-0.0224544
-0.0237863
-0.0244454
-0.0243768
-0.0238275
-0.0230174
-0.0221386
-0.0214795
-0.0212735
-0.0215481
-0.0220562
-0.0225505
-0.0229625
-0.0233744
-0.0238138
-0.0239374
-0.0233744
-0.0222072
-0.021095
-0.0206968
-0.0211087
-0.0218914
-0.0226329
-0.0231135
-0.0231272
-0.0225231
-0.0214795
-0.0206419
-0.0205595
-0.0212598
-0.0222072
-0.0228114
-0.0227702
-0.0221935
-0.0215207
-0.021301
-0.0216443
-0.0222484
-0.0227428
-0.0229487
-0.0227839
-0.0221523
-0.0211774
-0.020381
-0.0203398
-0.0212049
-0.0225642
-0.023649
-0.0239648
-0.0234293
-0.0223995
-0.0214932
-0.0211637
-0.0215893
-0.0227153
