LECROYHDO9204-MSöv,30454,Waveform
Segments,1,SegmentSize,2002
Ampl
-0.0156025
-0.0147924
-0.0138449
-0.0131172
-0.0129799
-0.013639
-0.01471
-0.0154378
-0.0152318
-0.0142569
-0.0131721
-0.0125542
-0.0125267
-0.0129387
-0.0136115
-0.0144217
-0.0150396
-0.0150807
-0.0143393
-0.0132408
-0.0126778
-0.0133918
-0.0151769
-0.016907
-0.0174837
-0.0167834
-0.0157398
-0.0153828
-0.015987
-0.0170855
-0.0180055
-0.0182389
-0.0175936
-0.0162891
-0.0150121
-0.0145178
-0.0152043
-0.0167285
-0.018184
-0.0185822
-0.0175249
-0.0155888
-0.0140372
-0.01379
-0.01471
-0.015781
-0.0162067
-0.0159595
-0.015479
-0.0151494
-0.0148885
-0.0146002
-0.0142843
-0.0141882
-0.014504
-0.0150945
-0.0155888
-0.0156575
-0.0152867
-0.0146963
-0.014202
-0.013996
-0.0138587
-0.0134879
-0.0128288
-0.012307
-0.0123482
-0.0129936
-0.0139823
-0.0149572
-0.0156437
-0.0156987
-0.0150533
-0.0140372
-0.0131309
-0.0125405
-0.0121148
-0.0117441
-0.0116068
-0.01195
-0.0127053
-0.0135154
-0.0140784
-0.0142431
-0.0140646
-0.0137351
-0.0135017
-0.0135154
-0.0136252
-0.0135566
-0.0131584
-0.0126091
-0.0122247
-0.0123208
-0.0127602
-0.0130897
-0.0128975
-0.0122247
-0.0114832
-0.0111124
-0.0112635
-0.0118265
-0.0124718
-0.0128151
-0.0126366
-0.0120462
-0.0113184
-0.0107005
-0.0102474
-0.00997274
-0.00987663
-0.00995901
-0.0102611
-0.0109339
-0.0119912
-0.0131996
-0.0141333
-0.0145452
-0.0144354
-0.0139823
-0.0133643
-0.0129524
-0.0129799
-0.0133369
-0.013639
-0.0137076
-0.0137214
-0.0138449
-0.0140234
-0.0140646
-0.013996
-0.0140509
-0.0144766
-0.0152867
-0.0161518
-0.0166736
-0.0165912
-0.0159458
-0.0149709
-0.0139685
-0.0132133
-0.0128838
-0.012925
-0.0131858
-0.0134742
-0.0138037
-0.0141058
-0.0142431
-0.014147
-0.0140921
-0.0144491
-0.0153004
-0.016193
-0.0167148
-0.0166736
-0.0162204
-0.0155339
-0.0148061
-0.0142843
-0.0142294
-0.0146825
-0.015424
-0.0162067
-0.0169207
-0.0175112
-0.0177583
-0.0173464
-0.0161655
-0.014559
-0.0131584
-0.0123345
-0.0120187
-0.0117715
-0.0112772
-0.0106181
-0.0100689
-0.00987663
-0.010165
-0.0108653
-0.0117166
-0.0124993
-0.0130485
-0.0131721
-0.0127739
-0.0119638
-0.0112772
-0.0112635
-0.0119638
-0.0127739
-0.0131446
-0.012925
-0.0123757
-0.0118127
-0.0114145
-0.0112086
-0.0112635
-0.0117029
-0.0126915
-0.0139411
-0.0147787
-0.0147237
-0.0139548
-0.0131309
-0.0126503
-0.0123208
-0.01195
-0.0117029
-0.0119638
-0.0128975
-0.0142294
-0.0153142
-0.0155064
-0.0144628
-0.0125542
-0.0107142
-0.00980797
-0.0101375
-0.0113871
-0.0128014
-0.013584
-0.0134605
-0.0128014
-0.0122521
-0.0120736
-0.0120324
-0.0118676
-0.0116479
-0.0117303
-0.0124032
-0.0135566
-0.0147375
-0.0154652
-0.01563
-0.015479
-0.0152455
-0.014861
-0.0140784
-0.0129112
-0.0117029
-0.0109065
-0.0107829
-0.011442
-0.0127739
-0.0144079
-0.0158634
-0.0167971
-0.0171267
-0.0168246
-0.0159184
-0.0146276
-0.0133232
-0.012362
-0.0118539
-0.0117715
-0.012005
-0.0123345
-0.012362
-0.0120187
-0.0115381
-0.0113321
-0.0115381
-0.0120599
-0.0127053
-0.0133232
-0.0137626
-0.0138175
-0.0133506
-0.0124718
-0.0114832
-0.0108515
-0.0109889
-0.0120462
-0.0136802
-0.0151082
-0.0156025
-0.0150533
-0.0140509
-0.0134467
-0.0135154
-0.0137214
-0.0133094
-0.0122109
-0.0112635
-0.0114832
-0.0129799
-0.014861
-0.0159321
-0.0155888
-0.0141196
-0.0122933
-0.0109065
-0.0104396
-0.0109202
-0.01195
-0.0129936
-0.0136664
-0.0139548
-0.0140921
-0.0142431
-0.0143667
-0.0143255
-0.0141333
-0.0137763
-0.0131721
-0.012307
-0.0114557
-0.0109477
-0.0109065
-0.0111536
-0.0115518
-0.0120187
-0.0124032
-0.012513
-0.0124169
-0.0123894
-0.0124993
-0.0125542
-0.0123482
-0.011799
-0.0109751
-0.0100414
-0.00934111
-0.0092038
-0.0096432
-0.0104396
-0.0114283
-0.0124993
-0.0134467
-0.0138861
-0.0136252
-0.0129524
-0.0123757
-0.0120736
-0.0119088
-0.0117578
-0.011799
-0.0120736
-0.0122933
-0.012005
-0.0111948
-0.0104121
-0.0103023
-0.0109477
-0.0117578
-0.0121011
-0.0117578
-0.0110438
-0.0104396
-0.0102748
-0.0105495
-0.0109339
-0.011085
-0.0108515
-0.0103847
-0.00989036
-0.00956081
-0.0094235
-0.00949215
-0.009602
-0.00962946
-0.0096432
-0.00991782
-0.0105632
-0.0113871
-0.0119775
-0.0121011
-0.0117715
-0.0112086
-0.0106181
-0.0102748
-0.0103847
-0.0109202
-0.0115793
-0.0120736
-0.0123345
-0.0126091
-0.0132133
-0.0142569
-0.0153279
-0.0157398
-0.0151082
-0.0138449
-0.0127739
-0.0124856
-0.0128975
-0.013639
-0.014353
-0.0147924
-0.01471
-0.0140921
-0.0131035
-0.0119638
-0.0107966
-0.00989036
-0.00957454
-0.0100551
-0.01103
-0.0120187
-0.0126091
-0.0126366
-0.0122247
-0.0117853
-0.0117715
-0.0123482
-0.0131721
-0.0137214
-0.0136527
-0.0129387
-0.0118539
-0.0108927
-0.0105357
-0.0108927
-0.0117441
-0.012719
-0.0133643
-0.013227
-0.0122247
-0.0110163
-0.0105357
-0.0111948
-0.0125405
-0.0138037
-0.0145452
-0.0146963
-0.0144217
-0.0140372
-0.0137351
-0.0135154
-0.0131996
-0.0128426
-0.012513
-0.0122933
-0.0121972
-0.0122521
-0.0124444
-0.0126091
-0.0125817
-0.0123894
-0.0122247
-0.0122659
-0.0124581
-0.0127053
-0.0129112
-0.0131035
-0.0133506
-0.0137076
-0.0142157
-0.0150258
-0.0164813
-0.0189255
-0.0222896
-0.0259559
-0.0291827
-0.0319564
-0.0350322
-0.0393575
-0.0451383
-0.0518529
-0.0587597
-0.0655841
-0.0725046
-0.0799194
-0.0878835
-0.0961634
-0.104553
-0.113286
-0.122761
-0.133128
-0.144017
-0.154905
-0.165533
-0.17612
-0.186968
-0.198131
-0.209267
-0.219964
-0.229974
-0.239448
-0.24847
-0.256777
-0.263986
-0.270234
-0.276481
-0.283649
-0.291572
-0.299028
-0.304754
-0.308585
-0.311565
-0.31508
-0.319707
-0.324925
-0.329539
-0.332546
-0.333672
-0.333246
-0.331928
-0.330335
-0.328935
-0.328028
-0.32752
-0.326793
-0.324966
-0.321739
-0.317881
-0.314435
-0.311743
-0.309203
-0.306168
-0.302475
-0.298479
-0.294744
-0.291833
-0.289966
-0.288757
-0.287302
-0.284761
-0.281027
-0.276742
-0.272843
-0.269822
-0.267584
-0.265867
-0.264618
-0.263863
-0.263382
-0.26275
-0.261844
-0.260965
-0.260334
-0.259729
-0.258631
-0.256915
-0.254992
-0.253592
-0.253111
-0.253564
-0.254663
-0.256036
-0.257368
-0.258425
-0.259208
-0.259949
-0.260842
-0.261789
-0.262476
-0.262874
-0.263423
-0.264686
-0.266801
-0.269204
-0.271264
-0.272856
-0.274477
-0.276454
-0.27861
-0.280354
-0.281342
-0.281795
-0.282166
-0.282674
-0.283251
-0.283855
-0.284555
-0.285462
-0.286437
-0.287151
-0.287192
-0.286464
-0.285324
-0.284473
-0.284528
-0.285572
-0.286986
-0.287865
-0.287672
-0.286423
-0.284569
-0.282564
-0.280779
-0.279585
-0.2792
-0.279585
-0.280436
-0.281438
-0.282441
-0.283292
-0.283635
-0.283031
-0.281493
-0.279571
-0.278019
-0.277141
-0.276701
-0.276262
-0.275658
-0.27504
-0.274724
-0.27482
-0.275232
-0.275726
-0.276152
-0.276385
-0.276317
-0.275877
-0.275204
-0.274587
-0.274271
-0.274106
-0.273653
-0.272637
-0.271483
-0.271099
-0.27195
-0.27368
-0.275273
-0.275987
-0.275575
-0.274367
-0.272953
-0.271991
-0.271936
-0.272705
-0.273708
-0.274312
-0.274353
-0.274202
-0.274284
-0.274587
-0.274793
-0.274765
-0.274806
-0.275232
-0.276056
-0.276866
-0.277196
-0.276784
-0.275781
-0.274614
-0.273653
-0.273049
-0.272856
-0.273213
-0.274037
-0.274806
-0.27504
-0.274861
-0.274696
-0.274765
-0.274793
-0.274367
-0.273461
-0.272513
-0.272019
-0.272046
-0.272266
-0.272348
-0.272197
-0.271772
-0.271003
-0.269918
-0.268806
-0.268174
-0.268462
-0.269561
-0.270714
-0.271003
-0.270193
-0.268806
-0.267666
-0.267158
-0.267199
-0.267748
-0.268943
-0.270865
-0.273007
-0.274326
-0.273859
-0.271621
-0.268655
-0.266224
-0.264961
-0.264673
-0.264879
-0.265153
-0.265208
-0.264851
-0.26411
-0.263231
-0.262503
-0.261968
-0.261569
-0.261405
-0.261693
-0.262421
-0.263272
-0.263794
-0.263739
-0.263231
-0.262695
-0.262517
-0.262723
-0.26286
-0.262489
-0.261487
-0.26021
-0.259221
-0.258878
-0.259098
-0.2594
-0.259263
-0.25848
-0.25734
-0.256393
-0.255898
-0.255692
-0.255377
-0.2548
-0.254182
-0.25388
-0.254058
-0.254484
-0.254814
-0.254786
-0.254347
-0.253647
-0.25285
-0.252109
-0.251504
-0.251065
-0.250804
-0.250694
-0.250681
-0.250777
-0.251147
-0.251971
-0.253166
-0.254306
-0.254759
-0.254017
-0.252095
-0.249664
-0.247838
-0.247399
-0.248072
-0.248731
-0.248195
-0.246369
-0.244378
-0.243691
-0.244982
-0.247646
-0.250406
-0.252012
-0.25193
-0.250378
-0.248195
-0.246424
-0.245696
-0.245971
-0.246781
-0.247673
-0.248223
-0.248072
-0.247001
-0.245298
-0.24365
-0.242689
-0.242497
-0.242744
-0.242964
-0.242799
-0.242153
-0.241275
-0.240616
-0.240561
-0.241096
-0.241865
-0.242524
-0.242991
-0.243376
-0.243623
-0.243499
-0.24284
-0.241742
-0.240657
-0.239943
-0.239682
-0.239572
-0.239242
-0.238528
-0.237567
-0.23673
-0.236496
-0.237018
-0.237924
-0.238405
-0.237924
-0.236743
-0.235782
-0.235714
-0.236263
-0.236524
-0.235727
-0.234011
-0.232267
-0.231539
-0.232322
-0.234217
-0.236112
-0.236785
-0.235741
-0.233585
-0.231553
-0.230537
-0.230482
-0.230551
-0.22996
-0.228642
-0.227269
-0.226569
-0.226788
-0.227434
-0.227791
-0.227392
-0.226225
-0.224701
-0.223314
-0.22249
-0.222284
-0.222463
-0.222683
-0.222628
-0.222326
-0.222175
-0.222669
-0.223767
-0.224756
-0.224797
-0.223671
-0.221886
-0.220225
-0.219181
-0.218907
-0.219236
-0.219868
-0.22028
-0.220101
-0.219442
-0.218769
-0.218371
-0.218193
-0.217973
-0.217575
-0.216916
-0.215941
-0.214828
-0.214018
-0.213908
-0.214375
-0.21476
-0.214568
-0.213799
-0.213002
-0.212631
-0.212755
-0.212892
-0.212522
-0.211437
-0.209926
-0.208594
-0.207949
-0.208183
-0.209171
-0.210434
-0.211423
-0.211794
-0.211602
-0.211052
-0.210325
-0.209597
-0.209075
-0.208938
-0.209103
-0.209281
-0.209281
-0.209061
-0.208732
-0.208443
-0.208375
-0.208498
-0.208334
-0.207331
-0.205477
-0.203555
-0.202525
-0.202663
-0.203349
-0.203583
-0.202855
-0.201413
-0.200026
-0.199298
-0.199326
-0.199738
-0.199958
-0.199601
-0.198914
-0.198406
-0.198351
-0.198461
-0.198392
-0.198214
-0.198255
-0.198571
-0.198832
-0.198667
-0.198063
-0.197115
-0.195989
-0.194904
-0.194067
-0.193682
-0.193943
-0.19485
-0.196003
-0.19669
-0.196484
-0.195673
-0.195014
-0.194877
-0.195056
-0.195001
-0.194575
-0.194039
-0.193792
-0.193984
-0.194451
-0.194822
-0.194795
-0.194355
-0.193792
-0.193339
-0.192982
-0.192666
-0.192419
-0.192323
-0.192323
-0.19235
-0.192254
-0.191842
-0.190977
-0.18992
-0.189247
-0.189316
-0.189948
-0.190634
-0.191087
-0.191266
-0.191211
-0.190936
-0.190483
-0.190002
-0.189632
-0.18933
-0.188959
-0.188327
-0.187517
-0.186789
-0.186336
-0.186062
-0.185677
-0.1851
-0.184565
-0.184331
-0.184359
-0.184235
-0.183645
-0.182821
-0.182299
-0.182272
-0.182464
-0.182395
-0.181791
-0.180748
-0.179663
-0.17899
-0.17877
-0.178578
-0.178111
-0.177521
-0.17715
-0.176999
-0.176615
-0.175736
-0.174623
-0.173964
-0.174253
-0.175296
-0.176518
-0.177342
-0.177548
-0.177095
-0.17612
-0.174994
-0.174074
-0.173415
-0.172811
-0.172138
-0.171699
-0.171809
-0.172344
-0.172674
-0.172262
-0.171108
-0.170024
-0.169927
-0.170985
-0.172234
-0.172385
-0.171095
-0.169268
-0.168115
-0.168197
-0.169145
-0.170216
-0.170683
-0.170147
-0.168815
-0.167524
-0.167085
-0.167566
-0.168376
-0.168953
-0.169145
-0.168925
-0.168266
-0.167126
-0.165753
-0.1646
-0.164064
-0.164147
-0.164353
-0.16405
-0.163117
-0.162032
-0.161414
-0.161483
-0.162046
-0.162815
-0.163693
-0.164613
-0.165396
-0.165643
-0.165012
-0.163529
-0.161538
-0.159547
-0.157913
-0.156842
-0.156512
-0.157102
-0.158434
-0.159904
-0.160796
-0.160618
-0.159382
-0.157734
-0.156581
-0.156375
-0.156787
-0.157061
-0.1568
-0.156196
-0.155647
-0.155427
-0.155661
-0.156334
-0.157295
-0.158174
-0.158599
-0.15827
-0.157157
-0.155523
-0.153972
-0.153107
-0.153134
-0.153834
-0.154617
-0.154933
-0.154452
-0.153299
-0.152077
-0.151486
-0.151747
-0.152406
-0.152901
-0.153038
-0.153038
-0.153079
-0.153134
-0.153052
-0.152818
-0.152544
-0.152255
-0.151734
-0.150745
-0.149427
-0.148315
-0.147958
-0.148218
-0.148369
-0.147779
-0.146461
-0.14506
-0.144264
-0.144374
-0.145101
-0.145843
-0.146118
-0.146021
-0.145925
-0.145912
-0.145609
-0.144731
-0.143564
-0.142795
-0.142781
-0.143316
-0.143879
-0.14403
-0.143536
-0.1423
-0.140529
-0.138758
-0.137536
-0.137096
-0.137302
-0.137824
-0.138346
-0.138689
-0.138648
-0.138167
-0.137522
-0.13722
-0.137618
-0.138689
-0.13998
-0.140955
-0.141353
-0.141215
-0.140817
-0.140309
-0.139609
-0.138538
-0.137124
-0.135778
-0.135023
-0.135078
-0.135627
-0.136066
-0.135956
-0.135448
-0.135133
-0.135545
-0.136767
-0.138236
-0.139252
-0.139293
-0.138332
-0.13667
-0.134954
-0.133938
-0.134158
-0.135448
-0.137041
-0.138085
-0.138263
-0.137755
-0.136918
-0.135998
-0.135188
-0.134803
-0.135078
-0.135888
-0.13678
-0.137357
-0.137494
-0.137384
-0.137261
-0.13722
-0.137137
-0.136863
-0.136313
-0.135599
-0.135105
-0.135325
-0.136506
-0.138112
-0.139019
-0.138304
-0.136149
-0.133677
-0.131974
-0.131233
-0.130958
-0.130615
-0.130052
-0.129379
-0.128761
-0.128459
-0.128665
-0.129379
-0.130244
-0.13089
-0.131068
-0.130725
-0.130025
-0.129311
-0.128871
-0.128789
-0.12883
-0.128706
-0.128418
-0.128267
-0.128583
-0.129352
-0.130079
-0.130189
-0.12964
-0.12894
-0.128583
-0.128542
-0.128336
-0.12769
-0.126908
-0.126386
-0.126029
-0.12537
-0.12412
-0.122692
-0.121813
-0.121882
-0.122582
-0.123241
-0.123406
-0.123118
-0.122706
-0.122541
-0.122898
-0.123777
-0.124862
-0.12548
-0.125068
-0.123585
-0.121621
-0.120111
-0.11963
-0.120179
-0.121333
-0.1225
-0.123241
-0.123296
-0.122747
-0.121896
-0.121154
-0.120783
-0.120825
-0.121099
-0.121415
-0.121594
-0.121539
-0.121044
-0.119987
-0.11849
-0.117076
-0.116225
-0.11606
-0.116184
-0.116032
-0.115524
-0.115112
-0.11525
-0.115964
-0.116925
-0.117914
-0.118806
-0.119328
-0.119163
-0.11812
-0.116458
-0.114618
-0.112984
-0.111748
-0.110952
-0.11065
-0.110924
-0.111693
-0.112531
-0.113067
-0.113121
-0.112819
-0.112256
-0.111501
-0.110677
-0.110073
-0.10995
-0.110362
-0.110938
-0.111172
-0.110787
-0.110046
-0.10951
-0.109538
-0.110004
-0.110499
-0.110691
-0.11054
-0.110073
-0.109359
-0.10848
-0.107574
-0.106764
-0.106064
-0.105446
-0.104855
-0.10443
-0.104526
-0.105377
-0.106805
-0.108165
-0.108727
-0.108247
-0.107121
-0.105858
-0.1048
-0.103976
-0.103304
-0.102672
-0.10204
-0.101574
-0.101587
-0.102356
-0.10388
-0.105885
-0.107766
-0.108604
-0.107849
-0.105913
-0.103922
-0.102837
-0.102741
-0.103125
-0.10351
-0.103729
-0.10388
-0.104141
-0.104732
-0.105569
-0.106215
-0.106146
-0.105253
-0.103976
-0.102919
-0.102329
-0.102137
-0.102054
-0.101862
-0.101766
-0.102301
-0.103757
-0.105638
-0.106888
-0.106846
-0.105803
-0.104622
-0.103922
-0.103729
-0.103784
-0.103867
-0.103853
-0.103674
-0.103208
-0.102452
-0.101546
-0.100777
-0.100503
-0.101011
-0.102439
-0.104402
-0.106022
-0.106325
-0.105157
-0.103276
-0.101752
-0.101065
-0.101052
-0.101271
-0.101519
-0.101738
-0.101972
-0.102137
-0.101944
-0.101107
-0.0996786
-0.0982781
-0.0975228
-0.0975091
-0.0977151
-0.0977151
-0.097564
-0.0974954
-0.0973993
-0.0969873
-0.0961909
-0.0953945
-0.0949963
-0.0951061
-0.0956279
-0.0964793
-0.0975091
-0.0984154
-0.0986351
-0.0978112
-0.0962458
-0.0946667
-0.0936644
-0.0932387
-0.0929915
-0.0926345
-0.0922089
-0.0918793
-0.0917008
-0.0916596
-0.0918107
-0.0922775
-0.0930327
-0.0939253
-0.094653
-0.094859
-0.0943235
-0.0933486
-0.0925933
-0.0924972
-0.092868
-0.0929229
-0.0920441
-0.0903277
-0.0885426
-0.0876501
-0.088117
-0.0896549
-0.0914948
-0.0928817
-0.0934721
-0.0932524
-0.0925384
-0.0918381
-0.091591
-0.0919205
-0.0925933
-0.0932662
-0.0934584
-0.0926757
-0.091028
-0.0893802
-0.0886525
-0.0889546
-0.0896274
-0.0899707
-0.0898608
-0.0894214
-0.0888035
-0.0883229
-0.0884053
-0.0891193
-0.0898471
-0.0898471
-0.0889683
-0.0877325
-0.0869086
-0.0868674
-0.0873068
-0.0877325
-0.0878698
-0.0878149
-0.0878698
-0.0882131
-0.0886937
-0.089037
-0.0890782
-0.088831
-0.0884191
-0.0878973
-0.0871283
-0.0860024
-0.0846842
-0.0836131
-0.0832012
-0.0835445
-0.0842997
-0.0849725
-0.0852197
-0.0849313
-0.0844095
-0.0840251
-0.0839976
-0.084231
-0.0844507
-0.0846292
-0.0848764
-0.0850412
-0.0846567
-0.0835857
-0.0824185
-0.0821027
-0.082954
-0.0843546
-0.0852471
-0.085151
-0.0845194
-0.0842448
-0.0848215
-0.0857003
-0.0858651
-0.0849039
-0.083366
-0.0821851
-0.0817594
-0.081883
-0.0822126
-0.0824872
-0.0827069
-0.083009
-0.0835857
-0.0844919
-0.0854394
-0.0859612
-0.0856316
-0.0844645
-0.0829128
-0.0815535
-0.0807433
-0.0804412
-0.0804138
-0.080606
-0.0810179
-0.0813475
-0.0811141
-0.0802353
-0.0791642
-0.0784502
-0.0782854
-0.078615
-0.0792603
-0.0801666
-0.0812651
-0.0824323
-0.0832973
-0.083517
-0.0828854
-0.0816221
-0.0803176
-0.0795075
-0.0794251
-0.080098
-0.0812651
-0.0824048
-0.0828167
-0.0822263
-0.0809767
-0.0798371
-0.079329
-0.079329
-0.079329
-0.0790132
-0.0786562
-0.0788621
-0.0798096
-0.0809767
-0.081677
-0.0817457
-0.0815672
-0.0814024
-0.081169
-0.080812
-0.0805648
-0.0806197
-0.0808532
-0.0808806
-0.0804138
-0.0795075
-0.0784777
-0.0778048
-0.0778598
-0.0786013
-0.0794114
-0.0796036
-0.0788347
-0.077338
-0.0757314
-0.0747153
-0.0746192
-0.0751135
-0.0755117
-0.0754156
-0.0749076
-0.074372
-0.0741112
-0.0744132
-0.0752783
-0.0764043
-0.0771732
-0.0770222
-0.0758413
-0.074015
-0.0721751
-0.0709392
-0.070541
-0.0708294
-0.0716121
-0.0728204
-0.0742897
-0.0756628
-0.0765004
-0.0767613
-0.0767201
-0.0765278
-0.0760472
-0.0751959
-0.0743308
-0.0741112
-0.0748664
-0.0761846
-0.0772007
-0.0771595
-0.0759786
-0.0743858
-0.0733971
-0.0734658
-0.0740837
-0.0743995
-0.0739738
-0.0729852
-0.0718867
-0.0710354
-0.0707333
-0.0710216
-0.0716807
-0.0723398
-0.072793
-0.073095
-0.0732186
-0.0730401
-0.0723948
-0.0713786
-0.0702939
-0.0694425
-0.0689482
-0.0686461
-0.0682342
-0.0676438
-0.0671632
-0.0671632
-0.06763
-0.068193
-0.0683715
-0.0679184
-0.0670259
-0.0662981
-0.0663256
-0.0672181
-0.0683852
-0.0691267
-0.0690718
-0.0682342
-0.0669572
-0.0657489
-0.0651172
-0.0651447
-0.0654605
-0.0657763
-0.0661333
-0.0666139
-0.0670121
-0.0670533
-0.0667238
-0.0662844
-0.0658724
-0.0655978
-0.0655566
-0.0657626
-0.0660921
-0.0664217
-0.0668062
-0.0672044
-0.0675202
-0.0676987
-0.0677948
-0.0678772
-0.0680694
-0.0683852
-0.0685775
-0.0683029
-0.0674241
-0.0663805
-0.0658038
-0.0659823
-0.0665865
-0.0669984
-0.0668062
-0.0659686
-0.0647877
-0.0637166
-0.0631125
-0.0629889
-0.0631399
-0.0634695
-0.0640187
-0.0646504
-0.0648426
-0.0643895
-0.0635793
-0.0630026
-0.0627829
-0.0627417
-0.0627692
-0.0630987
-0.0638539
-0.0647877
-0.0654056
-0.0653506
-0.064719
-0.0640462
-0.0639501
-0.0645817
-0.0655429
-0.066202
-0.0662157
-0.065488
-0.0641286
-0.0625358
-0.0612313
-0.060682
-0.0607782
-0.0611626
-0.0614647
-0.0615059
-0.061094
-0.0600641
-0.0585812
-0.0572218
-0.0566313
-0.0573316
-0.0591716
-0.0612862
-0.0624396
-0.061959
-0.0602152
-0.0583752
-0.0573866
-0.0575101
-0.0584027
-0.05946
-0.0602426
-0.0607232
-0.0611077
-0.0615608
-0.0619316
-0.062014
-0.0616844
-0.0609567
-0.0599543
-0.0590343
-0.0586636
-0.0590618
-0.0599818
-0.0609567
-0.0616982
-0.062165
-0.0622749
-0.062014
-0.0616432
-0.0616295
-0.0621238
-0.0627005
-0.0627829
-0.0622474
-0.0613823
-0.0605997
-0.0599406
-0.0591991
-0.058334
-0.0577848
-0.0579358
-0.0586224
-0.0591304
-0.059048
-0.0586361
-0.05854
-0.059103
-0.0600641
-0.0607782
-0.0606408
-0.0595561
-0.0580868
-0.057057
-0.056851
-0.0570845
-0.0572218
-0.0571943
-0.0573728
-0.0579358
-0.0584988
-0.0584027
-0.0574964
-0.0562057
-0.0552857
-0.0552582
-0.0560546
-0.0570982
-0.0577024
-0.0574415
-0.0563018
-0.0547914
-0.0537615
-0.0539675
-0.0553406
-0.0569334
-0.0576612
-0.0571806
-0.0560684
-0.0551072
-0.0547502
-0.0550111
-0.0557114
-0.0564528
-0.0569609
-0.0570982
-0.0569197
-0.0564254
-0.0556427
-0.0546678
-0.0536929
-0.0528415
-0.052306
-0.0522648
-0.0527591
-0.0535418
-0.0543108
-0.0548737
-0.0549424
-0.0543245
-0.0532535
-0.0524845
-0.052663
-0.0536791
-0.0549149
-0.0556564
-0.0555878
-0.0547776
-0.0537615
-0.0532809
-0.0535967
-0.0543245
-0.0548875
-0.0550797
-0.0549012
-0.0541597
-0.0526905
-0.0507407
-0.0490517
-0.0482416
-0.048475
-0.0494911
-0.0507956
-0.0519627
-0.052869
-0.0535144
-0.0537753
-0.0535144
-0.0529376
-0.0526081
-0.0528827
-0.0536105
-0.0542147
-0.0542421
-0.0536242
-0.0526356
-0.0517705
-0.0513998
-0.0514821
-0.0517018
-0.0517842
-0.0516332
-0.0511938
-0.050466
-0.0496696
-0.0491753
-0.0490929
-0.0490655
-0.0488046
-0.0484475
-0.0483514
-0.0485574
-0.0489007
-0.049244
-0.0496284
-0.0500404
-0.0503699
-0.0505347
-0.0505484
-0.0504386
-0.0503425
-0.0505347
-0.0512213
-0.0521275
-0.0526905
-0.0524983
-0.0517293
-0.0508917
-0.050521
-0.0507681
-0.0514547
-0.0521824
-0.0526218
-0.0526493
-0.0522236
-0.0514135
-0.0505484
-0.0500816
-0.0502326
-0.0508505
-0.0515508
-0.0521138
-0.0524845
-0.0526218
-0.0525532
-0.0522923
-0.0518666
-0.051235
-0.0503013
-0.0492028
-0.048269
-0.0478708
-0.0482278
-0.0492714
-0.0505484
-0.051386
-0.051386
-0.0507681
-0.0501502
-0.0500129
-0.050315
-0.0505347
-0.050109
-0.0488458
-0.0470882
-0.0454816
-0.0446577
-0.04485
-0.0458661
-0.0471431
-0.0479258
-0.0478434
-0.0471431
-0.0463604
-0.0460171
-0.0462094
-0.046841
-0.0478159
-0.0490105
-0.0500816
-0.0505622
-0.0502189
-0.0493263
-0.0485437
-0.0484201
-0.0488869
-0.049395
-0.0492989
-0.0482553
-0.0465664
-0.0450422
-0.0445754
-0.0454679
-0.0471294
-0.0484613
-0.0487908
-0.0483377
-0.0478708
-0.047761
-0.0478296
-0.047912
-0.0481455
-0.0486672
-0.049189
-0.049189
-0.0485711
-0.0476786
-0.047047
-0.0469783
