LECROYHDO9204-MSöv,30454,Waveform
Segments,1,SegmentSize,2002
Ampl
-0.0081053
-0.00769337
-0.00839366
-0.0100002
-0.0118676
-0.0132682
-0.0137214
-0.0131721
-0.0120324
-0.0108927
-0.0102611
-0.0102886
-0.0109889
-0.0123208
-0.013996
-0.015424
-0.0160007
-0.0154652
-0.014147
-0.0127739
-0.0120873
-0.0124581
-0.013639
-0.0149572
-0.015781
-0.0158772
-0.0154515
-0.0147924
-0.0140234
-0.0131721
-0.0122659
-0.0114145
-0.0107417
-0.010316
-0.0101512
-0.0102748
-0.0107417
-0.0114832
-0.0122247
-0.012719
-0.0130897
-0.0136939
-0.01471
-0.0158222
-0.0163715
-0.015836
-0.014353
-0.0128288
-0.0123894
-0.0134879
-0.0154515
-0.0169482
-0.0169345
-0.0154103
-0.0133094
-0.0118127
-0.011593
-0.0124444
-0.0135566
-0.0141608
-0.014147
-0.0138587
-0.0136115
-0.0133369
-0.0128975
-0.0123894
-0.0121835
-0.0124993
-0.0132545
-0.0139411
-0.0141196
-0.0137626
-0.0133781
-0.0134742
-0.0139411
-0.0142843
-0.0141745
-0.0138449
-0.0136939
-0.0138312
-0.0141196
-0.0143805
-0.0145452
-0.014504
-0.0140646
-0.0131858
-0.0120736
-0.011236
-0.0111811
-0.0120736
-0.0134193
-0.014353
-0.0142843
-0.0133369
-0.0121423
-0.0114283
-0.0116891
-0.0127602
-0.0138175
-0.0139411
-0.0130073
-0.0118402
-0.0113184
-0.0115793
-0.0119638
-0.0117853
-0.0109202
-0.0098217
-0.00912141
-0.00914887
-0.00980797
-0.0107966
-0.0118539
-0.0127739
-0.0133232
-0.0132133
-0.0125954
-0.0119088
-0.0115656
-0.0115381
-0.0114145
-0.0109614
-0.0103709
-0.0101512
-0.0105357
-0.0112223
-0.0116617
-0.0115793
-0.0112223
-0.0110026
-0.0111674
-0.0116754
-0.0123482
-0.012925
-0.0130485
-0.0124032
-0.011085
-0.00968439
-0.00891544
-0.00914887
-0.0102886
-0.011799
-0.0128838
-0.0129524
-0.0120873
-0.011085
-0.010728
-0.0112223
-0.0121285
-0.01287
-0.0131309
-0.0129661
-0.0127327
-0.0128426
-0.0133506
-0.0138449
-0.0137763
-0.0129112
-0.0115793
-0.0103847
-0.00987663
-0.0101512
-0.0109065
-0.0116342
-0.0118814
-0.0115656
-0.0109477
-0.0104808
-0.0105083
-0.0109889
-0.0115381
-0.0116754
-0.0112772
-0.010673
-0.0103435
-0.0104533
-0.0108927
-0.0114145
-0.0117853
-0.0120187
-0.0121972
-0.0123894
-0.0124581
-0.012307
-0.0121285
-0.0122384
-0.0126778
-0.0129936
-0.0126091
-0.0114969
-0.0102611
-0.00956081
-0.00961573
-0.0100826
-0.0105495
-0.0109065
-0.0113321
-0.0119363
-0.0126366
-0.0133506
-0.0140646
-0.0146688
-0.0147512
-0.0139685
-0.0124032
-0.0106044
-0.00931365
-0.00912141
-0.0102062
-0.0121285
-0.0139273
-0.0146551
-0.0140784
-0.0126915
-0.0113321
-0.0106318
-0.0108927
-0.0121148
-0.0138861
-0.0154103
-0.0160694
-0.0158497
-0.0152318
-0.0146825
-0.0144354
-0.0144766
-0.0146414
-0.0146963
-0.0146551
-0.0146414
-0.0146825
-0.0146276
-0.0144354
-0.0143942
-0.0146825
-0.0150396
-0.0149846
-0.0142981
-0.0131721
-0.0120324
-0.0112772
-0.0110438
-0.0111948
-0.0113596
-0.0112635
-0.010879
-0.0104533
-0.0101512
-0.0100963
-0.0102336
-0.0105906
-0.0112086
-0.0121285
-0.0130897
-0.0136252
-0.0133643
-0.0123757
-0.0111536
-0.0102748
-0.0100551
-0.0103847
-0.0108241
-0.0109614
-0.0107692
-0.0105495
-0.0106593
-0.011085
-0.0114969
-0.0116754
-0.0116205
-0.0114557
-0.0114283
-0.011799
-0.0127464
-0.0139411
-0.0147787
-0.0150121
-0.0150258
-0.0153142
-0.0158772
-0.0163166
-0.0162067
-0.015424
-0.0141196
-0.01287
-0.0124856
-0.0134742
-0.0155339
-0.0176485
-0.0187607
-0.0183625
-0.016701
-0.0145864
-0.0127464
-0.0115656
-0.0110163
-0.0109065
-0.0109339
-0.0107966
-0.0104808
-0.0102336
-0.0103572
-0.0107966
-0.0112772
-0.0117578
-0.0124581
-0.0134055
-0.0142294
-0.0145315
-0.0143393
-0.0139548
-0.013639
-0.0135017
-0.0134879
-0.0135154
-0.0134055
-0.0130348
-0.0125679
-0.0122109
-0.0119363
-0.0115656
-0.0110712
-0.010673
-0.0105632
-0.0107966
-0.0111674
-0.011442
-0.0115106
-0.0116754
-0.0122933
-0.0133781
-0.0144079
-0.0147237
-0.0141058
-0.0128426
-0.0115656
-0.0108515
-0.0109202
-0.0115244
-0.0122247
-0.0128563
-0.0135429
-0.0144354
-0.0154378
-0.0163028
-0.0169207
-0.0173052
-0.0174837
-0.0175524
-0.0176622
-0.0178819
-0.0181153
-0.0182115
-0.0180467
-0.0174562
-0.0162754
-0.0147375
-0.013584
-0.0134605
-0.014353
-0.0155339
-0.0161792
-0.0158222
-0.0146276
-0.0132408
-0.0124169
-0.0124444
-0.0130623
-0.0138861
-0.0146002
-0.0150121
-0.0150258
-0.0147924
-0.0146825
-0.0149572
-0.0155613
-0.0161381
-0.0163715
-0.0161655
-0.015836
-0.0157398
-0.0159184
-0.0160282
-0.0157673
-0.0151219
-0.0142843
-0.0134605
-0.0128975
-0.012925
-0.0135017
-0.0141882
-0.0145315
-0.0146825
-0.0151357
-0.0159458
-0.0165225
-0.0163028
-0.0154103
-0.0146276
-0.0146139
-0.0154378
-0.0164401
-0.0167285
-0.0157536
-0.0138587
-0.0120462
-0.0113733
-0.0123757
-0.0145864
-0.0167971
-0.0177034
-0.0168246
-0.0148748
-0.0131584
-0.0124993
-0.012719
-0.0130348
-0.0128151
-0.0120324
-0.0111948
-0.0108515
-0.0111399
-0.0117303
-0.0122247
-0.0124032
-0.0123757
-0.0122933
-0.0121972
-0.0121285
-0.0121148
-0.012156
-0.0122384
-0.0124718
-0.0130623
-0.0138999
-0.0146139
-0.0149297
-0.014861
-0.0145864
-0.0141882
-0.0136664
-0.0130623
-0.0124993
-0.0120873
-0.0119363
-0.0120736
-0.0125542
-0.0133094
-0.0142569
-0.0150807
-0.0154103
-0.0152867
-0.0153828
-0.0165225
-0.0188843
-0.021809
-0.0244729
-0.0264914
-0.027837
-0.0287707
-0.0296633
-0.0309128
-0.0326704
-0.0349361
-0.0378471
-0.0415957
-0.0462506
-0.0513586
-0.0562743
-0.0607232
-0.065076
-0.0699369
-0.0755529
-0.081526
-0.0870871
-0.0917008
-0.0956279
-0.0997336
-0.104732
-0.110458
-0.116074
-0.12077
-0.124518
-0.127979
-0.131878
-0.136396
-0.141188
-0.145678
-0.149495
-0.152585
-0.155139
-0.15724
-0.158929
-0.160165
-0.160988
-0.161551
-0.162197
-0.16313
-0.164202
-0.164998
-0.165122
-0.164586
-0.163652
-0.162705
-0.162128
-0.162183
-0.162691
-0.162856
-0.161853
-0.159451
-0.156416
-0.153958
-0.152805
-0.152763
-0.152983
-0.152626
-0.15139
-0.149399
-0.146955
-0.144401
-0.142094
-0.140405
-0.139472
-0.139073
-0.138689
-0.137728
-0.135956
-0.133746
-0.131865
-0.13089
-0.13089
-0.131356
-0.131768
-0.13181
-0.131453
-0.130752
-0.12997
-0.129448
-0.129365
-0.129681
-0.130176
-0.130752
-0.131453
-0.132373
-0.133334
-0.133952
-0.133801
-0.132894
-0.131768
-0.131109
-0.131315
-0.13229
-0.133746
-0.135325
-0.136698
-0.137618
-0.138044
-0.13825
-0.13851
-0.139019
-0.139829
-0.140817
-0.141724
-0.14219
-0.142039
-0.141435
-0.140872
-0.140804
-0.141367
-0.142465
-0.143838
-0.145184
-0.1462
-0.146681
-0.146475
-0.145664
-0.144662
-0.144113
-0.14436
-0.145198
-0.146008
-0.14631
-0.146049
-0.145431
-0.144662
-0.143907
-0.143303
-0.143124
-0.14355
-0.144332
-0.144964
-0.144964
-0.144374
-0.143811
-0.143824
-0.144538
-0.145623
-0.146639
-0.147312
-0.147546
-0.147216
-0.146282
-0.14495
-0.143632
-0.142808
-0.14263
-0.142836
-0.142795
-0.142163
-0.141188
-0.140447
-0.140268
-0.140419
-0.14046
-0.140158
-0.139705
-0.139472
-0.13954
-0.139664
-0.139568
-0.139211
-0.138758
-0.138469
-0.138538
-0.138964
-0.139554
-0.139897
-0.139664
-0.13884
-0.137742
-0.13678
-0.136382
-0.136945
-0.138524
-0.140694
-0.142657
-0.143728
-0.14366
-0.142657
-0.141215
-0.140103
-0.139993
-0.14101
-0.14263
-0.144072
-0.144841
-0.144882
-0.144415
-0.143728
-0.143001
-0.142341
-0.141902
-0.141943
-0.142685
-0.143934
-0.14506
-0.145266
-0.144236
-0.142424
-0.140831
-0.140282
-0.140707
-0.141229
-0.140982
-0.139884
-0.138456
-0.137343
-0.136835
-0.136876
-0.137233
-0.137673
-0.137989
-0.13825
-0.13862
-0.138991
-0.139073
-0.138758
-0.138222
-0.13781
-0.137851
-0.138497
-0.139568
-0.140447
-0.140501
-0.139746
-0.138771
-0.138016
-0.137439
-0.136739
-0.135956
-0.135572
-0.136066
-0.137481
-0.139101
-0.140007
-0.139691
-0.138483
-0.137247
-0.136767
-0.137179
-0.138002
-0.138428
-0.137947
-0.136657
-0.135325
-0.134817
-0.135558
-0.137206
-0.139046
-0.14035
-0.140694
-0.139925
-0.138291
-0.136382
-0.134817
-0.133869
-0.133485
-0.133375
-0.133279
-0.132991
-0.132469
-0.131878
-0.131343
-0.130958
-0.130684
-0.130519
-0.130574
-0.131082
-0.132153
-0.133499
-0.134336
-0.133993
-0.13262
-0.131082
-0.130162
-0.130038
-0.130395
-0.130876
-0.131123
-0.130876
-0.130093
-0.129118
-0.128528
-0.128638
-0.129311
-0.130066
-0.13056
-0.130601
-0.130134
-0.129077
-0.12769
-0.126523
-0.126235
-0.126949
-0.12813
-0.12894
-0.128802
-0.127869
-0.126715
-0.125919
-0.125727
-0.125919
-0.126303
-0.126839
-0.127594
-0.128377
-0.128624
-0.127855
-0.126207
-0.124395
-0.123269
-0.123283
-0.124285
-0.125521
-0.126152
-0.125795
-0.124807
-0.123928
-0.123543
-0.123379
-0.122884
-0.1218
-0.120509
-0.11974
-0.120001
-0.121168
-0.122514
-0.123283
-0.123159
-0.122527
-0.121978
-0.121813
-0.121951
-0.122143
-0.122157
-0.121896
-0.121429
-0.120811
-0.120097
-0.119369
-0.118875
-0.118943
-0.119712
-0.120701
-0.121127
-0.120468
-0.118985
-0.117639
-0.117282
-0.117914
-0.118765
-0.118998
-0.118435
-0.117694
-0.117515
-0.118106
-0.119095
-0.119781
-0.119781
-0.119259
-0.118834
-0.119053
-0.119891
-0.120687
-0.120907
-0.120509
-0.119781
-0.119012
-0.118298
-0.117666
-0.117117
-0.11665
-0.116458
-0.116719
-0.117351
-0.117886
-0.117927
-0.117447
-0.116692
-0.115909
-0.115195
-0.114632
-0.114302
-0.114055
-0.113616
-0.112792
-0.111941
-0.11168
-0.112462
-0.114041
-0.115511
-0.116046
-0.115497
-0.114453
-0.113616
-0.113163
-0.112874
-0.112668
-0.112792
-0.113575
-0.114893
-0.116087
-0.116389
-0.115607
-0.114165
-0.112792
-0.11216
-0.112517
-0.113684
-0.115058
-0.115881
-0.115758
-0.114893
-0.113698
-0.112462
-0.111364
-0.110485
-0.110046
-0.110183
-0.110993
-0.112201
-0.113341
-0.113918
-0.113822
-0.113369
-0.112929
-0.112558
-0.111941
-0.110911
-0.109853
-0.109565
-0.110485
-0.112188
-0.113657
-0.114124
-0.113492
-0.112229
-0.11087
-0.109799
-0.109194
-0.109043
-0.109153
-0.109236
-0.109194
-0.109043
-0.108865
-0.10859
-0.108165
-0.107725
-0.107478
-0.107519
-0.107766
-0.108206
-0.109016
-0.110059
-0.110705
-0.110293
-0.108824
-0.107176
-0.106366
-0.106709
-0.107478
-0.107588
-0.106421
-0.104471
-0.102754
-0.10204
-0.10237
-0.103166
-0.103757
-0.103716
-0.103139
-0.102507
-0.102219
-0.102384
-0.102837
-0.1034
-0.103825
-0.103922
-0.103565
-0.102988
-0.102631
-0.102796
-0.103345
-0.103729
-0.103359
-0.102068
-0.100283
-0.0987861
-0.0982369
-0.09869
-0.0995551
-0.100077
-0.099761
-0.0987724
-0.0978249
-0.0976601
-0.0983604
-0.0992804
-0.0996786
-0.0992804
-0.0984291
-0.0976327
-0.0972207
-0.0973443
-0.0978524
-0.0984016
-0.0986351
-0.0985389
-0.098333
-0.0980995
-0.097619
-0.096644
-0.0952984
-0.0940351
-0.0931563
-0.0925796
-0.0921127
-0.0918793
-0.0921677
-0.0930465
-0.0941587
-0.09501
-0.095216
-0.0947766
-0.0940076
-0.0933897
-0.093225
-0.093376
-0.0932387
-0.0923462
-0.0909456
-0.0898883
-0.0898196
-0.0906023
-0.0915223
-0.0919617
-0.0918244
-0.0914399
-0.0912339
-0.0913713
-0.0916596
-0.0918107
-0.0917145
-0.0915635
-0.0916047
-0.091742
-0.0916871
-0.0914399
-0.0912751
-0.0913026
-0.0913987
-0.0912751
-0.0908083
-0.0899981
-0.089037
-0.088268
-0.088062
-0.0885701
-0.089751
-0.0913987
-0.0930877
-0.094145
-0.0938703
-0.0920166
-0.0890095
-0.0858376
-0.0836406
-0.0830639
-0.0839152
-0.0854394
-0.0868262
-0.08776
-0.0883504
-0.0888173
-0.0891468
-0.0891056
-0.0885152
-0.0875815
-0.0869224
-0.0872244
-0.0885838
-0.0903689
-0.0915086
-0.0914536
-0.0904925
-0.0893253
-0.0884053
-0.0877188
-0.0870734
-0.0865104
-0.0862495
-0.0864692
-0.0871421
-0.0880208
-0.088625
-0.0885701
-0.0877462
-0.0864967
-0.0854806
-0.0851373
-0.0853707
-0.0857003
-0.0857277
-0.0854531
-0.0851236
-0.0849176
-0.0848215
-0.0848078
-0.0851373
-0.0860985
-0.0875815
-0.0890095
-0.0897647
-0.0895587
-0.0886525
-0.0876226
-0.0868262
-0.0862633
-0.0857415
-0.0850961
-0.0843409
-0.0835994
-0.08316
-0.0832836
-0.0838603
-0.0844095
-0.0846018
-0.0845469
-0.0845469
-0.0844782
-0.08408
-0.0834072
-0.0828854
-0.0827893
-0.0831737
-0.0839015
-0.0847254
-0.0850961
-0.0844507
-0.0829128
-0.0813338
-0.0806335
-0.080963
-0.0817182
-0.0822812
-0.0824872
-0.0826108
-0.082954
-0.0834484
-0.0836543
-0.0830914
-0.0817457
-0.0801666
-0.0791917
-0.0793839
-0.080606
-0.0820203
-0.0827618
-0.0826382
-0.0821439
-0.081732
-0.0812788
-0.0804412
-0.0794114
-0.0790406
-0.0798233
-0.081169
-0.0820066
-0.0817732
-0.0808532
-0.0799881
-0.0795075
-0.079178
-0.0786562
-0.0780932
-0.0779422
-0.0784777
-0.0794251
-0.0801941
-0.0803726
-0.0799057
-0.0789583
-0.0777362
-0.0765416
-0.0756628
-0.075292
-0.0754568
-0.0762258
-0.0775028
-0.0788484
-0.0795624
-0.0792878
-0.0783404
-0.0774478
-0.0771457
-0.077489
-0.078052
-0.0783129
-0.0779971
-0.0772693
-0.0765553
-0.0761708
-0.076061
-0.0760198
-0.0759511
-0.0759237
-0.0761434
-0.0766926
-0.077338
-0.0776538
-0.0772419
-0.0760884
-0.0744682
-0.0729989
-0.0722712
-0.0725458
-0.0737816
-0.0756628
-0.0777362
-0.0794114
-0.0800156
-0.0790681
-0.0767338
-0.0739876
-0.0721476
-0.0718043
-0.0724222
-0.0730401
-0.0731774
-0.0729715
-0.072738
-0.0726968
-0.072944
-0.0734521
-0.0740974
-0.0747291
-0.0752096
-0.0752646
-0.0746192
-0.0734383
-0.0723398
-0.0719142
-0.0721201
-0.0722849
-0.0717494
-0.0703763
-0.0687834
-0.0679321
-0.0683578
-0.0697034
-0.0711589
-0.0720789
-0.0722712
-0.0718455
-0.0710216
-0.0703076
-0.0702252
-0.0708706
-0.0716945
-0.0719554
-0.0712001
-0.069621
-0.0678909
-0.0668748
-0.0672181
-0.068907
-0.0712825
-0.073301
-0.0739738
-0.0729577
-0.0709255
-0.0692915
-0.0692228
-0.0707882
-0.0729028
-0.0741523
-0.073864
-0.0723948
-0.0707882
-0.0699918
-0.0700742
-0.0703213
-0.0701016
-0.0693876
-0.0686324
-0.0681518
-0.0679321
-0.0677673
-0.0675064
-0.0670396
-0.0663118
-0.065488
-0.064925
-0.065076
-0.0661059
-0.0677399
-0.069319
-0.0701566
-0.0699369
-0.0689482
-0.0678635
-0.0671769
-0.0669847
-0.067122
-0.0675064
-0.068193
-0.0690855
-0.0698682
-0.0701154
-0.0695661
-0.0683166
-0.0668199
-0.0656527
-0.0651584
-0.0652545
-0.0655292
-0.0656665
-0.0657489
-0.0660784
-0.0668885
-0.0679596
-0.0686736
-0.0684676
-0.067273
-0.0655841
-0.0639501
-0.0627417
-0.0623847
-0.0631674
-0.064925
-0.0669023
-0.0680694
-0.0677948
-0.066202
-0.0641286
-0.0625769
-0.0621238
-0.0625907
-0.0634695
-0.0642933
-0.0648563
-0.0651584
-0.0652957
-0.0652683
-0.0649662
-0.0643071
-0.0634969
-0.0629477
-0.0628928
-0.063085
-0.0630438
-0.0626044
-0.0619865
-0.0615746
-0.0615196
-0.0617668
-0.0621787
-0.0626593
-0.0630987
-0.0634146
-0.0635381
-0.0634695
-0.063236
-0.0630301
-0.0630163
-0.0632223
-0.0633734
-0.0631674
-0.0626593
-0.0621787
-0.0620414
-0.062371
-0.0630026
-0.0635931
-0.0636754
-0.0629614
-0.0616707
-0.06038
-0.0595561
-0.0593364
-0.0595286
-0.0599131
-0.0602152
-0.0602426
-0.0599268
-0.059405
-0.0589382
-0.0588009
-0.0590755
-0.0596247
-0.0601191
-0.0603113
-0.0601053
-0.0594325
-0.0582516
-0.0566725
-0.0549973
-0.0537478
-0.0534732
-0.0544343
-0.0563567
-0.0583615
-0.0594874
-0.0595149
-0.0589931
-0.0584164
-0.057771
-0.0568785
-0.0560272
-0.0558761
-0.0567412
-0.0581555
-0.0592952
-0.0596385
-0.0592128
-0.0584164
-0.0575925
-0.0567961
-0.0558899
-0.055066
-0.05486
-0.0555603
-0.0568648
-0.0581006
-0.0587597
-0.0587322
-0.0581555
-0.0573316
-0.0567275
-0.0567687
-0.0574964
-0.0584988
-0.0591441
-0.0588695
-0.0575788
-0.0559448
-0.0549287
-0.0549561
-0.0555878
-0.0560821
-0.0561782
-0.0561507
-0.0563567
-0.0567549
-0.0570021
-0.0566588
-0.0556702
-0.0546129
-0.0542696
-0.0549012
-0.0558624
-0.0562057
-0.0554917
-0.0541323
-0.05302
-0.0527729
-0.0532947
-0.053995
-0.0543108
-0.0541872
-0.0540224
-0.0543108
-0.0551209
-0.0560958
-0.0567412
-0.0567687
-0.0563018
-0.0557525
-0.0554093
-0.0550797
-0.0543108
-0.0530612
-0.0519902
-0.051798
-0.0525394
-0.0536105
-0.0543245
-0.0542833
-0.0534732
-0.0522511
-0.051386
-0.0517018
-0.0534045
-0.0557663
-0.0575788
-0.0580594
-0.0571531
-0.055574
-0.0543245
-0.0540087
-0.0545305
-0.0552582
-0.0556702
-0.0556976
-0.0555328
-0.0555328
-0.0558212
-0.0563293
-0.0567687
-0.0568785
-0.0564803
-0.0555328
-0.0541872
-0.0528827
-0.0521138
-0.0520726
-0.0525394
-0.0532397
-0.0538714
-0.0540911
-0.0536517
-0.0527317
-0.0518392
-0.0513586
-0.0513448
-0.0517156
-0.0523335
-0.0529376
-0.0532397
-0.0533084
-0.053583
-0.0544343
-0.0557114
-0.0567137
-0.056851
-0.0561096
-0.0549561
-0.0538302
-0.052869
-0.0519902
-0.0511801
-0.0506033
-0.0504798
-0.0509192
-0.0517842
-0.0528827
-0.0538988
-0.0544206
-0.0539675
-0.0524708
-0.0505072
-0.0489968
-0.0485849
-0.0493675
-0.0510016
-0.0528553
-0.0541597
-0.0544343
-0.0539126
-0.053377
-0.0534594
-0.0540911
-0.0546266
-0.0544206
-0.0534045
-0.0520314
-0.0508505
-0.0501365
-0.0499031
-0.0499854
-0.0501502
-0.0501502
-0.0499442
-0.0497246
-0.0496559
-0.0495186
-0.0490243
-0.0483514
-0.0482553
-0.049395
-0.0514409
-0.0533908
-0.0543245
-0.0540499
-0.0529514
-0.0516057
-0.0505347
-0.0499168
-0.0497246
-0.0498207
-0.0499854
-0.0498893
-0.0492852
-0.0483926
-0.0478022
-0.0478983
-0.0485162
-0.049189
-0.0495872
-0.0496422
-0.0492989
-0.0485437
-0.0476649
-0.0470332
-0.0468273
-0.0468685
-0.0468547
-0.0466625
-0.0464016
-0.0464428
-0.0470744
-0.0480768
-0.0488046
-0.0487359
-0.0479395
-0.0468547
-0.0460721
-0.0459622
-0.0465938
-0.0476786
-0.0487359
-0.0493813
-0.0493675
-0.0485437
-0.047047
-0.0453855
-0.0443007
-0.0441909
-0.0447401
-0.045413
-0.0459485
-0.0465526
-0.0473491
-0.0479258
-0.0476923
-0.0465526
-0.0451521
-0.0443145
-0.0443831
-0.045001
-0.045413
-0.045207
-0.0446028
-0.0442458
-0.0445891
-0.0454541
-0.0462506
-0.0464703
-0.0460446
-0.0453168
-0.0448088
-0.0447676
-0.0449736
-0.0450697
-0.0450422
-0.0450422
-0.0449324
-0.0443557
-0.0431473
-0.0417055
-0.0406894
-0.0406208
-0.041527
-0.0430512
-0.0446165
-0.04577
-0.0462643
-0.0460995
-0.0454679
-0.0447813
-0.0443831
-0.0443282
-0.0443145
-0.0439849
-0.0431885
-0.04209
-0.0410876
-0.0405521
-0.0406894
-0.0413073
-0.0419115
-0.0420076
-0.0413897
-0.0401264
-0.0386984
-0.0379157
-0.03841
-0.0401127
-0.0421449
-0.0435181
-0.0436966
-0.0428315
-0.0414309
-0.040099
-0.0394124
-0.0395635
-0.04025
-0.0408267
-0.040813
-0.0402226
-0.0394262
-0.038973
-0.0392339
-0.0401951
-0.0412799
-0.0417742
-0.0412661
-0.0400029
-0.0387121
-0.0379569
-0.0379295
-0.0384512
-0.0392614
-0.0400715
-0.0405933
-0.0406894
-0.0404148
-0.0400029
-0.0396184
-0.0393438
-0.0392614
-0.0396047
-0.0404285
-0.0414721
-0.042296
-0.0425294
-0.0420488
-0.0410464
-0.0400029
-0.0394399
-0.039536
-0.0399754
-0.0402226
-0.0400578
-0.0397145
-0.0394811
-0.0394399
-0.039536
-0.0396733
-0.039687
-0.0393987
-0.0387396
-0.0379844
-0.0375587
-0.037696
-0.0382041
-0.0386297
-0.0385611
-0.0380668
-0.0377098
-0.0381354
-0.0394536
-0.0411014
-0.0421999
-0.0421861
-0.0410739
-0.0394399
-0.0381492
-0.0378059
-0.0383689
-0.0392065
-0.0396321
-0.0394124
-0.0387259
-0.0379569
-0.0374763
-0.0374077
-0.0375587
-0.0375724
-0.0372017
-0.0366662
-0.0364739
-0.0368447
-0.0376411
-0.0383414
-0.0385748
-0.0383139
-0.0378333
-0.0373527
-0.0368996
-0.0363778
-0.0359659
-0.0360208
-0.0367074
-0.0376686
-0.0382178
-0.0378608
-0.036776
-0.0356913
-0.035348
-0.0360071
-0.0372978
-0.0384375
-0.0386572
-0.0375862
-0.0355677
-0.0334943
-0.0323134
-0.0324507
-0.0334943
-0.034579
-0.0350596
-0.0350184
-0.0349086
-0.034991
-0.0352519
-0.0356226
-0.0362268
-0.0371193
-0.038108
-0.0389456
-0.0394948
-0.0397145
-0.0395497
-0.0388357
-0.0377235
-0.0367211
-0.0363504
-0.0366662
-0.0371056
-0.0372292
-0.0370919
-0.0370644
-0.0372978
-0.0376686
-0.038108
-0.0386709
-0.0393163
-0.039687
-0.0394536
-0.0386572
-0.0374763
-0.0361169
-0.0348811
-0.0342495
-0.0345653
-0.0355677
-0.036625
-0.0372704
-0.0374351
-0.0372841
-0.0370095
-0.0367074
-0.0364053
-0.0361169
-0.0357874
-0.0354029
-0.0350459
-0.0347713
-0.0347026
-0.0348537
-0.0353068
-0.0361032
-0.0370781
-0.0377647
-0.0375175
-0.0361032
-0.0340847
-0.0326429
-0.0325194
-0.0333982
-0.0342907
-0.0345104
-0.0340847
-0.0334531
-0.0329588
-0.0327391
-0.0328352
-0.0331785
-0.0335492
-0.0336865
-0.0332608
-0.0323271
-0.0313934
-0.0310089
-0.0313522
-0.0320662
-0.0326704
-0.0329038
-0.0327803
-0.0324644
-0.0322447
-0.0324232
-0.0332059
-0.0343868
-0.0354578
-0.0359934
-0.0359384
-0.0355402
-0.035142
-0.0349361
-0.0349498
-0.0352381
-0.0360345
-0.0372292
-0.038108
-0.0378608
-0.0364465
-0.0347987
-0.0340023
-0.0343044
-0.0351283
-0.0356226
-0.0354441
-0.0348262
-0.0343868
-0.034579
-0.0352519
-0.0357874
-0.0356226
-0.0347164
-0.0336591
-0.0332197
-0.0336865
-0.0346614
-0.0352381
-0.0348949
-0.0340435
-0.0336179
-0.0340023
-0.0346889
-0.0349635
-0.0345653
-0.0337002
-0.0326704
-0.031723
-0.0311051
-0.0309677
-0.0312149
-0.0317367
-0.0325194
-0.0337002
-0.0351969
-0.0365014
-0.0369271
-0.036268
-0.0349361
-0.0335904
-0.0326292
-0.0321624
-0.0322035
-0.0328077
-0.0338101
-0.0347301
-0.035142
-0.0349498
-0.0343593
-0.0336041
-0.0328901
-0.0325056
-0.0326841
-0.0333982
-0.0343731
-0.0352931
-0.0359659
-0.0361581
-0.0356913
-0.0348125
-0.034071
-0.033865
-0.0341122
-0.0344417
-0.0345928
-0.0346889
-0.0348811
-0.0352519
-0.0356913
-0.0359796
-0.0359522
-0.0354853
-0.0345241
-0.0332334
-0.0320937
-0.0316543
-0.0320525
-0.0328489
-0.0334394
-0.0337002
-0.0338513
-0.0341122
-0.0343593
-0.0343593
-0.0341122
-0.0336591
-0.0330137
-0.0321212
-0.0311325
-0.0304597
-0.0304322
-0.0310639
-0.0319701
-0.0326979
-0.0329588
-0.0328215
-0.0326155
-0.0325194
-0.0324782
-0.0323546
-0.03208
-0.0317367
-0.0314895
-0.0314071
-0.0315033
-0.031668
-0.0318328
-0.0319289
-0.0317916
-0.0311462
-0.0298967
-0.028249
-0.026766
-0.0260245
-0.0262305
-0.0272329
-0.0287158
-0.0304597
-0.0321624
-0.0333295
-0.0334531
-0.0323409
-0.0304597
-0.0288257
-0.0282764
-0.0289767
-0.0303361
-0.0315033
-0.0319015
-0.0314209
-0.0304185
-0.0295122
-0.0292376
-0.0296633
-0.0303636
-0.0308579
-0.030954
-0.0307206
-0.0301851
-0.0293749
-0.0285236
-0.0279606
-0.0278645
-0.028249
-0.028963
-0.0297594
-0.0303086
-0.0304871
-0.0303498
-0.0299379
-0.0291964
-0.0282078
-0.0273427
