LECROYHDO9204-MSöv,30454,Waveform
Segments,1,SegmentSize,2002
Ampl
-0.0122247
-0.0122796
-0.0123482
-0.0121423
-0.0117441
-0.0114832
-0.0116479
-0.0122933
-0.013282
-0.0142431
-0.0147787
-0.0146688
-0.0140646
-0.0133369
-0.0128426
-0.0129799
-0.0140097
-0.0156849
-0.0171954
-0.0176897
-0.0169207
-0.0155064
-0.014353
-0.0139548
-0.0141608
-0.0146002
-0.0149434
-0.0151219
-0.0150807
-0.0147924
-0.0144628
-0.0145315
-0.015273
-0.0164127
-0.0172777
-0.0174013
-0.0169345
-0.0164264
-0.0162754
-0.0163577
-0.0161381
-0.0152043
-0.0136115
-0.0120873
-0.0114557
-0.0119088
-0.0129524
-0.0138999
-0.0143118
-0.014202
-0.0137351
-0.013227
-0.0128975
-0.0129524
-0.013433
-0.0143118
-0.015273
-0.0158634
-0.0157948
-0.015273
-0.0146825
-0.014202
-0.0136527
-0.0128838
-0.0119638
-0.0112086
-0.0110163
-0.0117166
-0.0131172
-0.0145864
-0.0153828
-0.015424
-0.0152593
-0.0153691
-0.0157536
-0.0161243
-0.0162891
-0.0163028
-0.0162204
-0.0160007
-0.0156437
-0.0151769
-0.0147375
-0.0145727
-0.0148748
-0.0156163
-0.0164264
-0.0168383
-0.0166873
-0.016193
-0.0156025
-0.0152181
-0.0151494
-0.0152867
-0.0153142
-0.0150533
-0.0146139
-0.0142981
-0.014147
-0.0139685
-0.0134605
-0.0125679
-0.0117166
-0.0115656
-0.0124169
-0.0138861
-0.0151631
-0.0157398
-0.0155751
-0.0149434
-0.0142431
-0.0139823
-0.014559
-0.0158085
-0.0169207
-0.0170443
-0.0160419
-0.0145864
-0.0135703
-0.0134605
-0.0140921
-0.0148885
-0.0153416
-0.0153691
-0.0151906
-0.0149984
-0.0147512
-0.0144354
-0.0140921
-0.01379
-0.0134467
-0.0130348
-0.0126915
-0.0125817
-0.0127464
-0.0130623
-0.0133232
-0.0133643
-0.0130073
-0.0123345
-0.0114694
-0.0104945
-0.00950588
-0.00872321
-0.008325
-0.00839366
-0.00892917
-0.00998648
-0.0113184
-0.0123757
-0.0125405
-0.0117853
-0.0106868
-0.00990409
-0.00973931
-0.0101787
-0.0109477
-0.0115793
-0.0117029
-0.0111948
-0.0103572
-0.00961573
-0.00939603
-0.00993155
-0.011085
-0.0122796
-0.012925
-0.0130211
-0.0130211
-0.0131858
-0.0133094
-0.013076
-0.0124306
-0.0116479
-0.0109065
-0.0103298
-0.0100139
-0.0100963
-0.0106044
-0.0114969
-0.0124993
-0.0131996
-0.0133643
-0.0131309
-0.012925
-0.0129387
-0.0130073
-0.0129936
-0.012925
-0.0129387
-0.0129936
-0.0129799
-0.0128838
-0.0128288
-0.0128838
-0.0130073
-0.0130623
-0.0128563
-0.0122933
-0.0114832
-0.0106868
-0.0102199
-0.0101512
-0.0104121
-0.010728
-0.0109477
-0.0111811
-0.0116479
-0.0124856
-0.0133918
-0.0138724
-0.0135429
-0.0124581
-0.0111399
-0.0102336
-0.0102474
-0.0111811
-0.0124993
-0.0135291
-0.0139548
-0.0138037
-0.0132682
-0.0125817
-0.0120324
-0.0119363
-0.0123482
-0.0129936
-0.0135154
-0.0136802
-0.013433
-0.0128014
-0.0120324
-0.011442
-0.0111811
-0.0111674
-0.0112497
-0.0113047
-0.0113184
-0.0112909
-0.0113596
-0.0116891
-0.0122521
-0.012719
-0.0127327
-0.0121423
-0.0111536
-0.0102062
-0.0098217
-0.0102336
-0.0112909
-0.012362
-0.01287
-0.012513
-0.0115106
-0.0103572
-0.009602
-0.00954708
-0.0103023
-0.0116479
-0.0130485
-0.0137763
-0.0134193
-0.012307
-0.0113047
-0.0109065
-0.0109477
-0.0109751
-0.0110438
-0.0115518
-0.0125267
-0.0134467
-0.0138449
-0.0136939
-0.0133232
-0.0128838
-0.0123208
-0.0116342
-0.0110163
-0.0107005
-0.0108241
-0.0112223
-0.0116205
-0.0117578
-0.0115793
-0.0111399
-0.0105906
-0.0101787
-0.0103847
-0.0114283
-0.0128975
-0.0138861
-0.0137488
-0.0125954
-0.0111536
-0.0102062
-0.00998648
-0.0101238
-0.0100277
-0.00946469
-0.00886052
-0.00886052
-0.00962946
-0.0106181
-0.0111674
-0.0111399
-0.010879
-0.0107692
-0.0109889
-0.0113871
-0.0116891
-0.0117853
-0.0118539
-0.0120873
-0.0124444
-0.0126229
-0.0126091
-0.0125679
-0.0125267
-0.0121972
-0.0114145
-0.0103984
-0.00945096
-0.00869574
-0.00816023
-0.00802291
-0.00847604
-0.00951961
-0.0108103
-0.0117578
-0.0117303
-0.010522
-0.00877813
-0.00763844
-0.00776202
-0.00883306
-0.00994528
-0.0104259
-0.0102886
-0.0100277
-0.0102336
-0.0110712
-0.0121697
-0.0129524
-0.0131721
-0.0130897
-0.0131035
-0.0134467
-0.0139823
-0.0143118
-0.0140646
-0.0132682
-0.0124032
-0.0119775
-0.0121423
-0.0124993
-0.0125542
-0.0119638
-0.0109065
-0.00991782
-0.00971185
-0.0105083
-0.0118402
-0.0129524
-0.0133918
-0.013282
-0.0129799
-0.0128151
-0.012925
-0.0131996
-0.0133643
-0.0131996
-0.0127876
-0.0122659
-0.0116891
-0.011085
-0.0106593
-0.0105632
-0.0107554
-0.0111124
-0.0117303
-0.0127053
-0.01379
-0.0146688
-0.0151631
-0.0152593
-0.0149572
-0.0143667
-0.0137763
-0.0134055
-0.0131035
-0.0125954
-0.0119775
-0.0115244
-0.0113321
-0.0112223
-0.01103
-0.0108103
-0.0106318
-0.0105769
-0.0108515
-0.0115656
-0.0126641
-0.0138037
-0.01471
-0.0151494
-0.0149297
-0.0139823
-0.0127739
-0.0121423
-0.0126229
-0.0138724
-0.015067
-0.0154927
-0.0149709
-0.0139136
-0.0131035
-0.0131035
-0.0138312
-0.0145727
-0.0146276
-0.0139411
-0.0130348
-0.0125267
-0.0127876
-0.0137351
-0.014916
-0.0156712
-0.0156849
-0.0150258
-0.0141882
-0.0137076
-0.0139136
-0.0147375
-0.01563
-0.0159321
-0.0154103
-0.0143942
-0.0135703
-0.013433
-0.013996
-0.0148473
-0.0154378
-0.0154515
-0.0150121
-0.0145178
-0.0142706
-0.0144628
-0.0152593
-0.0167834
-0.0188431
-0.0210675
-0.0231684
-0.0250221
-0.0266973
-0.0283314
-0.0302125
-0.0326155
-0.0359522
-0.0404972
-0.0463055
-0.0529651
-0.0596934
-0.0658587
-0.071667
-0.0780657
-0.0857964
-0.0947079
-0.103922
-0.112682
-0.120935
-0.129173
-0.137893
-0.147353
-0.157542
-0.168431
-0.179979
-0.192048
-0.204173
-0.215652
-0.225813
-0.234313
-0.241398
-0.247907
-0.254786
-0.262654
-0.27147
-0.28056
-0.288991
-0.296021
-0.301651
-0.306539
-0.311441
-0.316343
-0.320586
-0.323511
-0.325351
-0.326944
-0.328907
-0.331118
-0.332848
-0.333466
-0.332903
-0.331516
-0.329759
-0.32785
-0.325722
-0.323168
-0.320009
-0.316274
-0.312361
-0.309079
-0.307075
-0.306237
-0.305578
-0.30393
-0.300772
-0.296323
-0.291325
-0.286574
-0.282812
-0.280285
-0.278582
-0.276825
-0.274449
-0.271552
-0.268655
-0.266348
-0.26492
-0.264123
-0.2633
-0.261899
-0.259949
-0.257986
-0.256448
-0.255486
-0.255006
-0.2548
-0.254704
-0.254731
-0.255088
-0.255912
-0.256997
-0.257944
-0.25848
-0.258631
-0.258837
-0.259551
-0.260938
-0.262819
-0.264865
-0.266664
-0.267886
-0.268517
-0.268943
-0.269561
-0.270536
-0.271854
-0.273323
-0.274696
-0.27574
-0.27644
-0.277168
-0.278253
-0.279667
-0.281027
-0.28196
-0.282482
-0.283004
-0.283814
-0.284858
-0.285791
-0.286395
-0.286725
-0.287055
-0.287576
-0.288249
-0.288785
-0.288908
-0.288455
-0.287494
-0.286299
-0.285228
-0.284569
-0.284377
-0.284501
-0.284693
-0.284706
-0.284404
-0.283773
-0.282963
-0.282152
-0.281576
-0.281246
-0.281054
-0.280903
-0.280985
-0.281425
-0.281988
-0.282207
-0.281631
-0.280271
-0.278582
-0.277223
-0.276756
-0.277223
-0.277896
-0.277786
-0.27644
-0.274381
-0.272664
-0.271936
-0.272101
-0.272582
-0.272898
-0.272815
-0.272417
-0.271923
-0.271497
-0.271126
-0.270714
-0.270412
-0.270522
-0.271277
-0.272527
-0.273859
-0.274875
-0.275232
-0.274834
-0.273818
-0.272692
-0.272101
-0.272486
-0.27379
-0.275438
-0.276633
-0.276893
-0.276344
-0.275493
-0.27471
-0.273886
-0.27265
-0.271003
-0.269396
-0.268504
-0.26871
-0.269987
-0.271882
-0.273653
-0.274545
-0.274243
-0.27309
-0.271868
-0.271236
-0.271456
-0.272252
-0.272953
-0.272843
-0.271483
-0.269053
-0.266348
-0.264412
-0.263917
-0.2647
-0.26595
-0.266705
-0.266348
-0.264947
-0.263121
-0.261734
-0.261542
-0.262778
-0.26503
-0.267378
-0.268737
-0.26849
-0.266801
-0.264673
-0.263231
-0.263025
-0.263835
-0.26492
-0.265593
-0.265661
-0.265359
-0.265126
-0.265291
-0.265854
-0.266485
-0.266787
-0.266526
-0.265689
-0.264412
-0.262997
-0.261926
-0.261446
-0.261405
-0.261254
-0.260732
-0.260004
-0.259496
-0.259441
-0.259757
-0.260128
-0.260155
-0.25951
-0.258137
-0.256475
-0.255281
-0.255184
-0.255995
-0.256873
-0.257038
-0.256379
-0.255322
-0.254333
-0.253647
-0.253468
-0.254045
-0.255432
-0.257148
-0.258356
-0.25859
-0.258027
-0.25734
-0.256901
-0.256503
-0.255665
-0.254292
-0.25274
-0.251436
-0.250516
-0.250035
-0.250021
-0.250406
-0.250914
-0.251367
-0.251765
-0.25215
-0.252383
-0.252287
-0.251848
-0.251202
-0.250475
-0.249664
-0.248744
-0.247715
-0.246767
-0.246136
-0.245888
-0.245916
-0.246026
-0.246067
-0.245765
-0.244845
-0.243389
-0.241989
-0.241357
-0.241742
-0.242799
-0.243939
-0.244625
-0.244529
-0.243678
-0.242538
-0.241769
-0.241742
-0.242153
-0.242442
-0.242195
-0.241481
-0.240739
-0.240341
-0.2403
-0.240286
-0.23997
-0.23927
-0.238419
-0.237718
-0.237279
-0.237169
-0.237471
-0.238295
-0.23938
-0.240094
-0.239805
-0.238377
-0.236373
-0.234643
-0.23375
-0.23364
-0.233942
-0.234272
-0.23434
-0.234134
-0.233929
-0.233901
-0.233874
-0.233448
-0.232404
-0.230921
-0.229397
-0.228189
-0.227667
-0.228203
-0.229782
-0.231759
-0.23305
-0.232995
-0.231745
-0.230125
-0.22893
-0.22856
-0.22893
-0.229438
-0.229287
-0.228024
-0.225909
-0.223905
-0.222971
-0.223479
-0.224962
-0.226555
-0.22764
-0.227914
-0.227392
-0.226363
-0.225333
-0.224962
-0.225401
-0.226115
-0.226239
-0.225374
-0.223754
-0.221914
-0.220211
-0.218893
-0.218247
-0.218605
-0.219827
-0.2212
-0.221886
-0.221598
-0.22065
-0.219717
-0.219264
-0.219291
-0.219373
-0.219016
-0.218014
-0.216723
-0.215666
-0.215213
-0.215336
-0.21579
-0.216284
-0.216559
-0.216339
-0.215625
-0.21476
-0.214169
-0.213963
-0.214005
-0.214073
-0.214114
-0.214032
-0.213702
-0.213139
-0.212604
-0.212467
-0.212879
-0.213538
-0.213812
-0.213153
-0.21167
-0.210077
-0.209212
-0.209336
-0.209926
-0.210297
-0.209954
-0.208938
-0.207729
-0.206974
-0.207098
-0.20788
-0.208649
-0.208663
-0.207839
-0.206631
-0.205697
-0.205395
-0.205697
-0.20626
-0.206617
-0.206301
-0.205326
-0.204146
-0.203404
-0.203404
-0.203967
-0.204599
-0.204763
-0.204104
-0.202896
-0.201866
-0.201633
-0.202196
-0.202896
-0.202978
-0.202031
-0.200301
-0.198722
-0.198227
-0.198969
-0.200054
-0.200397
-0.199655
-0.198433
-0.197623
-0.19761
-0.198063
-0.19842
-0.198351
-0.197994
-0.197623
-0.197376
-0.197225
-0.197129
-0.197101
-0.197252
-0.197706
-0.198365
-0.198804
-0.198708
-0.198172
-0.197623
-0.197294
-0.197143
-0.196964
-0.196607
-0.195989
-0.195138
-0.194232
-0.193573
-0.193394
-0.193806
-0.194644
-0.195605
-0.196223
-0.196223
-0.19577
-0.19522
-0.194753
-0.194136
-0.192996
-0.191499
-0.190236
-0.189687
-0.189906
-0.19051
-0.191019
-0.191019
-0.190346
-0.189124
-0.187627
-0.186103
-0.184592
-0.183192
-0.182148
-0.181791
-0.182285
-0.183398
-0.184606
-0.185402
-0.185636
-0.185567
-0.185595
-0.185856
-0.186116
-0.186158
-0.185869
-0.185265
-0.184373
-0.183137
-0.18153
-0.179855
-0.178784
-0.178812
-0.179759
-0.18072
-0.180912
-0.180267
-0.179361
-0.178702
-0.178413
-0.178441
-0.178647
-0.178908
-0.179004
-0.178729
-0.178084
-0.177342
-0.176985
-0.177287
-0.177864
-0.178056
-0.177562
-0.176697
-0.175942
-0.175434
-0.175077
-0.174926
-0.175063
-0.175379
-0.175736
-0.176038
-0.176093
-0.175557
-0.174349
-0.172935
-0.172069
-0.172124
-0.172825
-0.173525
-0.173662
-0.173017
-0.171809
-0.170738
-0.170573
-0.17152
-0.172866
-0.17347
-0.172701
-0.170834
-0.168939
-0.168142
-0.168856
-0.170477
-0.171864
-0.17233
-0.171836
-0.170696
-0.16909
-0.167387
-0.166124
-0.165684
-0.165808
-0.165822
-0.165341
-0.164668
-0.164421
-0.164916
-0.165959
-0.167071
-0.167772
-0.167648
-0.166426
-0.164243
-0.161826
-0.160288
-0.160261
-0.161428
-0.162897
-0.163982
-0.164449
-0.164243
-0.163542
-0.162691
-0.162018
-0.161606
-0.161442
-0.161648
-0.162197
-0.162732
-0.162732
-0.161991
-0.160769
-0.159588
-0.158846
-0.15886
-0.159698
-0.161167
-0.162746
-0.163735
-0.163584
-0.162389
-0.160837
-0.159725
-0.159409
-0.159725
-0.160302
-0.160837
-0.161085
-0.16081
-0.160041
-0.15919
-0.158723
-0.158695
-0.158723
-0.158572
-0.158228
-0.157693
-0.156828
-0.155496
-0.153903
-0.152516
-0.151692
-0.151651
-0.152351
-0.153477
-0.154494
-0.154864
-0.154356
-0.153134
-0.151789
-0.150882
-0.150594
-0.150594
-0.150319
-0.14944
-0.147999
-0.146488
-0.145513
-0.145527
-0.146543
-0.148136
-0.149674
-0.150594
-0.150566
-0.14955
-0.147916
-0.146269
-0.145252
-0.14517
-0.145912
-0.146983
-0.147614
-0.147161
-0.145609
-0.14355
-0.141806
-0.140749
-0.140296
-0.140268
-0.140735
-0.141682
-0.142808
-0.143605
-0.143811
-0.14355
-0.143083
-0.142602
-0.142108
-0.141504
-0.140913
-0.140666
-0.140982
-0.141696
-0.142369
-0.142602
-0.142492
-0.142396
-0.142492
-0.142671
-0.142657
-0.142204
-0.141215
-0.139884
-0.138579
-0.1377
-0.137453
-0.137906
-0.138881
-0.13987
-0.140131
-0.139238
-0.137494
-0.135778
-0.134844
-0.13483
-0.135311
-0.135833
-0.136107
-0.136176
-0.136149
-0.136039
-0.135956
-0.13608
-0.136478
-0.137
-0.137233
-0.13678
-0.135627
-0.134185
-0.133059
-0.132757
-0.133416
-0.134789
-0.136341
-0.137508
-0.137879
-0.137453
-0.136492
-0.135188
-0.133595
-0.131919
-0.13078
-0.13078
-0.131906
-0.133224
-0.133732
-0.133073
-0.131768
-0.13056
-0.129928
-0.130066
-0.130903
-0.132153
-0.133293
-0.133787
-0.133361
-0.132084
-0.13034
-0.128775
-0.127937
-0.127979
-0.128555
-0.129283
-0.12997
-0.130285
-0.12986
-0.128706
-0.127498
-0.127031
-0.127553
-0.1285
-0.129036
-0.12883
-0.128226
-0.127841
-0.127965
-0.128226
-0.127992
-0.127155
-0.126166
-0.125699
-0.12607
-0.127168
-0.12861
-0.129901
-0.130533
-0.130244
-0.12905
-0.127333
-0.125562
-0.124216
-0.123557
-0.123598
-0.124065
-0.124532
-0.124697
-0.124601
-0.124491
-0.124752
-0.125631
-0.126908
-0.127937
-0.12802
-0.127155
-0.126043
-0.125507
-0.125809
-0.126537
-0.127017
-0.127017
-0.126757
-0.126509
-0.126276
-0.125837
-0.125054
-0.124052
-0.123049
-0.122308
-0.122006
-0.121909
-0.121511
-0.120509
-0.119095
-0.117886
-0.117488
-0.118051
-0.119204
-0.120193
-0.120372
-0.119754
-0.119053
-0.118971
-0.119465
-0.11985
-0.119671
-0.119095
-0.118614
-0.118504
-0.118655
-0.118834
-0.11882
-0.118435
-0.117598
-0.116541
-0.115717
-0.115552
-0.116087
-0.116815
-0.117021
-0.116335
-0.11492
-0.113314
-0.112092
-0.111666
-0.112078
-0.112916
-0.113547
-0.113616
-0.113231
-0.112696
-0.112215
-0.111886
-0.111858
-0.112119
-0.112298
-0.111968
-0.111213
-0.110348
-0.109538
-0.108727
-0.10789
-0.10719
-0.106874
-0.107011
-0.107547
-0.108219
-0.108892
-0.109634
-0.110787
-0.112449
-0.11411
-0.114907
-0.114275
-0.112298
-0.109661
-0.107327
-0.105995
-0.105762
-0.106077
-0.10616
-0.105597
-0.104553
-0.103578
-0.103153
-0.103565
-0.104828
-0.106613
-0.108165
-0.108741
-0.108178
-0.107025
-0.106187
-0.106242
-0.106942
-0.107396
-0.106668
-0.104745
-0.102494
-0.100969
-0.100475
-0.100708
-0.10123
-0.101917
-0.102768
-0.103784
-0.104663
-0.10502
-0.104512
-0.103221
-0.101615
-0.100228
-0.0994864
-0.099404
-0.0997748
-0.100283
-0.100736
-0.100997
-0.101024
-0.100736
-0.100269
-0.099761
-0.0993765
-0.0991019
-0.0988136
-0.0983467
-0.0977837
-0.0973855
-0.0974816
-0.0980034
-0.0982781
-0.0976876
-0.096287
-0.0949002
-0.0942823
-0.0944059
-0.0946942
-0.0947217
-0.0946118
-0.0947766
-0.0954769
-0.0967264
-0.0981819
-0.0993216
-0.0996237
-0.0988685
-0.0972619
-0.0953533
-0.0937605
-0.0929366
-0.0930053
-0.0938429
-0.0950375
-0.0960124
-0.0963008
-0.0958888
-0.0952572
-0.095065
-0.0954769
-0.0960673
-0.0962458
-0.0958476
-0.0951473
-0.094447
-0.0938017
-0.0931838
-0.0925933
-0.0920441
-0.0916047
-0.0914811
-0.0917008
-0.0919617
-0.0918656
-0.0914948
-0.0914125
-0.0919754
-0.0929092
-0.0935271
-0.0934309
-0.0927444
-0.0919205
-0.0915086
-0.091893
-0.0931975
-0.0949551
-0.096287
-0.0962458
-0.0945569
-0.0918519
-0.0894489
-0.0885426
-0.0894764
-0.0915498
-0.093582
-0.0947903
-0.0949826
-0.0943647
-0.0931563
-0.091385
-0.0892429
-0.0871421
-0.0858376
-0.0858376
-0.0869224
-0.0883229
-0.0892292
-0.0892704
-0.0884465
-0.0870734
-0.0856454
-0.0846979
-0.0844507
-0.0848078
-0.0854943
-0.0861671
-0.0864143
-0.0860161
-0.0853433
-0.0849588
-0.0850961
-0.0852609
-0.0849588
-0.0842997
-0.0838466
-0.0839427
-0.0843821
-0.0846979
-0.0844782
-0.0836818
-0.0826931
-0.0820752
-0.0821988
-0.0827893
-0.0832287
-0.0831325
-0.0826657
-0.0823499
-0.082446
-0.0828854
-0.0834758
-0.08408
-0.0845057
-0.0845194
-0.0839701
-0.0830364
-0.0821302
-0.0816084
-0.0815672
-0.0817182
-0.0818143
-0.081677
-0.081169
-0.0803039
-0.0794251
-0.0791642
-0.0799057
-0.0814436
-0.0832836
-0.0849725
-0.0862221
-0.0867438
-0.0863319
-0.085206
-0.083874
-0.0826382
-0.0814573
-0.0801666
-0.0788072
-0.0776538
-0.0771046
-0.0773929
-0.0783541
-0.0794663
-0.0802078
-0.0804412
-0.0803863
-0.0802902
-0.0801941
-0.079892
-0.0791505
-0.0779971
-0.0768025
-0.0760884
-0.0760472
-0.0763768
-0.0765416
-0.0762944
-0.0757864
-0.075347
-0.0752234
-0.0752783
-0.0752234
-0.074935
-0.0745231
-0.0743308
-0.0745368
-0.0750723
-0.0756628
-0.0761571
-0.0765278
-0.0767201
-0.076624
-0.0762258
-0.0756902
-0.0754293
-0.0757314
-0.0765278
-0.0772968
-0.0772281
-0.0759099
-0.0737953
-0.0720515
-0.0717906
-0.0732324
-0.0754019
-0.0768849
-0.0767613
-0.0752508
-0.0733147
-0.0718318
-0.0711727
-0.0712001
-0.0718043
-0.0730538
-0.0748938
-0.0770496
-0.0787798
-0.079329
-0.0783404
-0.0761434
-0.0735344
-0.0714061
-0.0702939
-0.0702801
-0.0710354
-0.0719142
-0.0722849
-0.0720377
-0.0714748
-0.0709942
-0.0707745
-0.0708706
-0.0712139
-0.0715434
-0.0715983
-0.071461
-0.071516
-0.0720652
-0.072944
-0.0738228
-0.0744682
-0.0747702
-0.0746055
-0.0738777
-0.072793
-0.0719004
-0.0719004
-0.0731774
-0.0752096
-0.0767338
-0.0766789
-0.0751822
-0.0733834
-0.0723673
-0.0722025
-0.0721888
-0.0717494
-0.0709804
-0.0705136
-0.0709255
-0.0721751
-0.0736443
-0.074578
-0.0744956
-0.0733422
-0.0713786
-0.0691405
-0.0674103
-0.0669023
-0.067836
-0.0696622
-0.0713649
-0.0719691
-0.0709118
-0.0683166
-0.0651035
-0.0627692
-0.0624671
-0.0642384
-0.0669572
-0.0691267
-0.069827
-0.0691679
-0.067836
-0.0666002
-0.0657763
-0.0654742
-0.06579
-0.0667924
-0.0682342
-0.0694837
-0.0698682
-0.0691679
-0.0677811
-0.0663393
-0.0653781
-0.0649936
-0.0648289
-0.0645268
-0.0641423
-0.064005
-0.0643208
-0.0650074
-0.0658175
-0.0664766
-0.0668199
-0.0669297
-0.0670121
-0.0672456
-0.0673829
-0.0670259
-0.0660784
-0.0651309
-0.0649799
-0.0659136
-0.0673417
-0.0683303
-0.0683578
-0.0675476
-0.0664766
-0.0655292
-0.0647602
-0.0640462
-0.0633184
-0.0626319
-0.0620002
-0.0615059
-0.0614373
-0.0619865
-0.062934
-0.0637716
-0.0642796
-0.0646366
-0.0649387
-0.0648563
-0.0640599
-0.0628104
-0.0618217
-0.0615471
-0.0618492
-0.0622474
-0.0624396
-0.0624671
-0.0625083
-0.0627417
-0.0631949
-0.0636754
-0.0640187
-0.0641972
-0.0641972
-0.0639226
-0.0633459
-0.062728
-0.0624259
-0.0625632
-0.0629752
-0.063291
-0.0631262
-0.0623435
-0.0612725
-0.0606271
-0.0609155
-0.0618492
-0.0627966
-0.0633047
-0.0633596
-0.0630713
-0.0625769
-0.0620414
-0.0616432
-0.0614922
-0.0615608
-0.0617668
-0.0621238
-0.0626868
-0.0634008
-0.0641286
-0.0645405
-0.0644169
-0.0638951
-0.0634832
-0.0636068
-0.064211
-0.0648426
-0.0651447
-0.0651447
-0.0650486
-0.0650623
-0.0651035
-0.0649524
-0.0645954
-0.0642247
-0.0640736
-0.0640736
-0.0638128
-0.0631262
-0.0622886
-0.0617393
-0.0615746
-0.0615746
-0.0616295
-0.0617805
-0.0619179
-0.0618492
-0.0615059
-0.0611352
-0.0610665
-0.0614647
-0.0621101
-0.0627143
-0.0631949
-0.0636342
-0.0638265
-0.0632498
-0.0616844
-0.0598582
-0.0588833
-0.0590755
-0.0596385
-0.0596659
-0.0590892
-0.0584301
-0.0579358
-0.0573728
-0.056494
-0.0556015
-0.0553131
-0.0561233
-0.0580045
-0.0603525
-0.0621238
-0.0624396
-0.0612588
-0.0593501
-0.0578122
-0.0573866
-0.0581143
-0.0593501
-0.060325
-0.0605997
-0.0601465
-0.0590343
-0.0574415
-0.0559173
-0.0551758
-0.0553543
-0.0560134
-0.0565764
-0.0569197
-0.0571119
-0.0570158
-0.0565764
-0.056137
-0.0561645
-0.0567549
-0.0574827
-0.0580045
-0.058334
-0.0587048
-0.0591716
-0.0593364
-0.0587048
-0.0573591
-0.0560272
-0.0555191
-0.055931
-0.0566588
-0.0571669
-0.0574689
-0.0578946
-0.058334
-0.0582654
-0.057414
-0.0561645
-0.0550797
-0.0544069
-0.0541048
-0.0541597
-0.0545442
-0.0552582
-0.0561233
-0.0568648
-0.0571394
-0.0568373
-0.0562606
-0.0557114
-0.0551209
-0.0543382
-0.0535006
-0.0529102
-0.0528003
-0.0532397
-0.0541735
-0.0553406
-0.0564116
-0.0571394
-0.0574827
-0.0574689
-0.0571257
-0.0566725
-0.0563842
-0.0564116
-0.0566176
-0.0566313
-0.0562194
-0.0552582
-0.0538576
-0.0523747
-0.0513448
-0.0512762
-0.0521824
-0.0536517
-0.0550111
-0.0556702
-0.055272
-0.0539538
-0.0521687
-0.0505347
-0.049546
-0.0494637
-0.0500541
-0.0506308
-0.0506308
-0.0501914
-0.0498207
-0.0498207
-0.0499168
-0.0498481
-0.0496284
-0.0492714
-0.0486947
-0.0478983
-0.0472667
-0.0472392
-0.0478708
-0.0489281
-0.0501639
-0.0513586
-0.0522511
-0.0525944
-0.0521962
-0.0510565
-0.049601
-0.0486535
-0.0488183
-0.049752
-0.0503562
-0.0498893
-0.0487222
-0.0477747
-0.0475688
-0.0479532
-0.0485574
-0.0490792
-0.0492165
-0.0487084
-0.0476923
-0.0467311
-0.0462368
-0.0462643
-0.0465389
-0.0469371
-0.0476099
-0.0487359
-0.0501502
-0.0512075
-0.0512624
-0.050109
-0.0482965
-0.0466488
-0.0457837
-0.0458661
-0.04669
-0.0477473
-0.0484064
-0.0482828
-0.0474726
-0.0465389
-0.0461544
-0.0465938
-0.0475001
-0.0481455
-0.0480768
-0.0475276
-0.0472667
-0.047912
-0.0492577
-0.0503836
-0.0502875
-0.0487359
-0.0465664
-0.0452207
-0.0456464
-0.047555
-0.0495872
-0.0505759
-0.0502738
-0.0494087
-0.0488458
-0.0490929
-0.0498344
-0.050315
-0.0498893
-0.0485437
-0.0468685
-0.0454404
-0.0445342
-0.0442733
-0.0446165
-0.0451658
-0.0453855
-0.0451933
-0.0450559
-0.0454267
-0.0460446
-0.0463467
-0.0459897
-0.0451246
