LECROYHDO9204-MSöv,30454,Waveform
Segments,1,SegmentSize,2002
Ampl
-0.00802291
-0.00908022
-0.0107005
-0.0121148
-0.012925
-0.0131035
-0.0128426
-0.0124856
-0.0123208
-0.0123894
-0.0124718
-0.0124581
-0.0124306
-0.0124032
-0.0122933
-0.0121697
-0.0122384
-0.0126091
-0.0131172
-0.0135017
-0.013584
-0.0132545
-0.0125817
-0.0119912
-0.0121011
-0.0131309
-0.0146276
-0.015781
-0.015987
-0.015273
-0.014147
-0.0132545
-0.0130348
-0.013584
-0.01471
-0.0160007
-0.0168383
-0.0166736
-0.0153691
-0.0135017
-0.01195
-0.0114832
-0.0122521
-0.0138175
-0.0153828
-0.0161518
-0.015836
-0.0148061
-0.0138587
-0.0137351
-0.0144903
-0.0155888
-0.0164127
-0.0166186
-0.0163028
-0.0157398
-0.0151219
-0.0145178
-0.0137488
-0.0128288
-0.0119226
-0.011236
-0.0109339
-0.011085
-0.011593
-0.0121423
-0.012362
-0.0123345
-0.0125542
-0.013433
-0.0147375
-0.0156849
-0.0155476
-0.0142294
-0.0122796
-0.0105357
-0.00957454
-0.00946469
-0.0098217
-0.0102199
-0.0104396
-0.0106868
-0.0113047
-0.0124856
-0.0138449
-0.0146002
-0.0142706
-0.0132545
-0.0123345
-0.0119912
-0.012005
-0.0120187
-0.0120187
-0.0122659
-0.0127739
-0.013227
-0.0133643
-0.0132957
-0.0133094
-0.0134193
-0.0131996
-0.012307
-0.0109614
-0.0100139
-0.0103023
-0.0119226
-0.0141608
-0.0159046
-0.0164127
-0.0156712
-0.0143805
-0.0134467
-0.0134742
-0.0144354
-0.0159184
-0.0174151
-0.0184724
-0.0186371
-0.0177446
-0.0160419
-0.014147
-0.0126641
-0.0119775
-0.0121285
-0.0129112
-0.0138587
-0.0143667
-0.014147
-0.0134193
-0.0128426
-0.0130485
-0.0142706
-0.0161106
-0.0175661
-0.0176348
-0.016193
-0.0142294
-0.0132133
-0.0140097
-0.0163028
-0.0188568
-0.0203261
-0.0200652
-0.0184724
-0.0164539
-0.0147237
-0.013584
-0.0131172
-0.0133369
-0.014202
-0.0154378
-0.0165774
-0.0172091
-0.0172365
-0.0169757
-0.0168795
-0.0170718
-0.017264
-0.0169619
-0.0158634
-0.0139685
-0.0117441
-0.00991782
-0.00940977
-0.0106044
-0.0129387
-0.0151494
-0.0161106
-0.0156025
-0.0142981
-0.0131035
-0.0126641
-0.0129799
-0.0136115
-0.0139136
-0.0136802
-0.0131172
-0.0125267
-0.0120873
-0.0118676
-0.0118951
-0.0120324
-0.0120462
-0.0120736
-0.0125267
-0.0136664
-0.0151357
-0.0162616
-0.01655
-0.0160145
-0.0149434
-0.0138312
-0.0131309
-0.0128426
-0.0126229
-0.012156
-0.0115518
-0.0112772
-0.0116754
-0.0125954
-0.0134879
-0.01379
-0.0132957
-0.0123482
-0.0115244
-0.0111262
-0.0111124
-0.0112909
-0.0114832
-0.011593
-0.0115793
-0.0114969
-0.0114283
-0.0114145
-0.0113733
-0.0113047
-0.0112909
-0.0115106
-0.0119638
-0.0126503
-0.0134742
-0.0142843
-0.0147924
-0.0146688
-0.0138724
-0.0126915
-0.0115793
-0.010879
-0.0105083
-0.0102336
-0.0101101
-0.0104533
-0.0113733
-0.0124306
-0.013076
-0.013227
-0.0131996
-0.0132408
-0.013433
-0.0138999
-0.0146825
-0.0154927
-0.015781
-0.015273
-0.0142569
-0.0133506
-0.0130073
-0.0133232
-0.0139273
-0.0143393
-0.0143393
-0.0141058
-0.0139273
-0.0140784
-0.0146688
-0.0156575
-0.0168109
-0.0177583
-0.0180879
-0.0177171
-0.0168933
-0.0161381
-0.0158909
-0.0162616
-0.0167971
-0.0169345
-0.0163989
-0.0155064
-0.0148061
-0.014559
-0.0145452
-0.0143942
-0.0138999
-0.0131721
-0.0125405
-0.0123757
-0.0128288
-0.0136252
-0.0144217
-0.015067
-0.0156575
-0.0160694
-0.0162204
-0.016193
-0.0159733
-0.0152318
-0.0136252
-0.0116068
-0.0103023
-0.0105357
-0.0120736
-0.0140234
-0.0155888
-0.0164539
-0.0166873
-0.0165363
-0.0162204
-0.0158634
-0.0156163
-0.0156025
-0.0156712
-0.0154927
-0.0149434
-0.014353
-0.0141333
-0.0142431
-0.0143118
-0.0141196
-0.0137351
-0.0134055
-0.0132682
-0.0135566
-0.0144217
-0.0158222
-0.0173327
-0.0183076
-0.0181703
-0.0168658
-0.0151082
-0.0140921
-0.0144766
-0.0158909
-0.0171816
-0.0176485
-0.0174151
-0.0170031
-0.0166873
-0.0164539
-0.0163577
-0.0165363
-0.0169894
-0.0174974
-0.0178682
-0.017978
-0.0177721
-0.0172503
-0.0164951
-0.0156163
-0.0149022
-0.0146825
-0.0150533
-0.015781
-0.0164676
-0.0168246
-0.0167148
-0.0162204
-0.0156712
-0.0155751
-0.0162891
-0.0176073
-0.018898
-0.0195297
-0.0192276
-0.0180741
-0.0164951
-0.0150945
-0.0143255
-0.0141196
-0.0139823
-0.0136527
-0.0134605
-0.0138175
-0.0145452
-0.0150396
-0.0148199
-0.0140921
-0.0134605
-0.0135017
-0.0141745
-0.0149022
-0.0150396
-0.0144354
-0.0134605
-0.0126778
-0.0125679
-0.0133781
-0.014861
-0.0163166
-0.0169894
-0.0167422
-0.0160557
-0.0155476
-0.0155476
-0.0160145
-0.0165912
-0.0168109
-0.0163715
-0.0154927
-0.014916
-0.0152043
-0.0161655
-0.0169207
-0.016756
-0.0156712
-0.0144217
-0.0139548
-0.0145864
-0.0159321
-0.0171954
-0.0177995
-0.0176622
-0.0169619
-0.0161518
-0.0156575
-0.0156575
-0.0159046
-0.0160145
-0.0158772
-0.0157536
-0.0159184
-0.0164264
-0.0170718
-0.0173876
-0.0169345
-0.0157398
-0.0144217
-0.0137626
-0.0141745
-0.0155888
-0.0177171
-0.0199416
-0.0213559
-0.0213147
-0.0201338
-0.018747
-0.017978
-0.0179231
-0.018335
-0.018747
-0.018747
-0.0182801
-0.0177721
-0.0176897
-0.0179918
-0.0182664
-0.018335
-0.018335
-0.0185135
-0.018898
-0.0193649
-0.0196807
-0.0197905
-0.0198455
-0.0201476
-0.0207517
-0.0214795
-0.0221111
-0.0227428
-0.0236627
-0.0248024
-0.0258597
-0.0268484
-0.0283588
-0.0309952
-0.0349361
-0.039893
-0.0454541
-0.0514272
-0.0576749
-0.0642247
-0.0712963
-0.0792741
-0.0884877
-0.0990195
-0.110581
-0.122459
-0.133952
-0.144868
-0.155894
-0.167964
-0.18153
-0.196072
-0.210352
-0.223273
-0.234588
-0.245119
-0.256269
-0.269012
-0.283223
-0.297833
-0.311606
-0.323854
-0.334468
-0.343751
-0.352085
-0.359816
-0.367245
-0.374714
-0.3825
-0.390505
-0.398195
-0.404951
-0.410429
-0.414796
-0.418393
-0.421249
-0.422966
-0.423323
-0.422678
-0.421963
-0.421812
-0.422073
-0.422101
-0.421195
-0.419052
-0.415894
-0.412324
-0.408823
-0.405102
-0.400557
-0.395064
-0.389242
-0.383791
-0.378793
-0.373959
-0.369153
-0.364704
-0.36097
-0.357853
-0.3549
-0.351756
-0.348543
-0.345673
-0.343421
-0.341581
-0.339604
-0.337132
-0.334304
-0.331571
-0.329484
-0.328193
-0.327438
-0.326683
-0.325529
-0.323895
-0.322083
-0.320668
-0.320202
-0.320916
-0.322426
-0.324005
-0.325145
-0.325873
-0.326545
-0.327575
-0.328976
-0.330486
-0.331914
-0.333356
-0.335141
-0.337462
-0.340084
-0.342487
-0.3443
-0.345508
-0.346236
-0.346675
-0.347115
-0.347842
-0.349037
-0.350602
-0.352264
-0.353706
-0.354873
-0.355889
-0.357097
-0.358649
-0.360352
-0.361821
-0.362755
-0.362933
-0.362109
-0.360283
-0.358086
-0.356658
-0.35685
-0.358416
-0.360269
-0.361381
-0.361478
-0.36086
-0.359926
-0.358965
-0.358347
-0.358361
-0.359047
-0.360104
-0.361121
-0.361738
-0.361656
-0.360764
-0.359212
-0.357399
-0.355779
-0.354598
-0.354035
-0.354049
-0.354475
-0.354942
-0.354942
-0.354063
-0.352346
-0.350534
-0.349696
-0.350328
-0.351797
-0.352772
-0.352305
-0.350616
-0.348817
-0.348021
-0.348405
-0.349257
-0.349669
-0.349325
-0.348598
-0.348007
-0.347733
-0.347637
-0.347499
-0.347238
-0.34695
-0.346758
-0.346758
-0.346881
-0.346964
-0.34695
-0.346909
-0.346923
-0.347101
-0.347472
-0.347925
-0.348392
-0.348872
-0.349339
-0.349504
-0.34901
-0.347897
-0.346771
-0.346277
-0.346662
-0.347637
-0.348762
-0.349628
-0.349902
-0.34949
-0.348598
-0.347623
-0.346854
-0.346332
-0.345989
-0.34592
-0.346277
-0.346881
-0.347142
-0.346456
-0.34478
-0.342831
-0.341512
-0.341224
-0.341691
-0.342487
-0.343435
-0.344423
-0.345096
-0.345055
-0.3443
-0.343366
-0.342748
-0.342487
-0.342254
-0.341718
-0.34073
-0.339508
-0.338492
-0.338025
-0.338011
-0.337956
-0.337668
-0.337448
-0.337668
-0.33808
-0.338025
-0.337091
-0.335512
-0.333892
-0.332711
-0.332203
-0.332354
-0.332917
-0.333452
-0.333631
-0.333631
-0.333933
-0.33477
-0.335814
-0.336267
-0.335649
-0.334125
-0.332395
-0.33109
-0.330431
-0.330349
-0.330624
-0.331022
-0.33131
-0.33131
-0.330926
-0.330061
-0.328797
-0.327479
-0.326532
-0.326106
-0.326092
-0.326298
-0.32649
-0.326353
-0.325639
-0.324499
-0.323346
-0.322467
-0.322
-0.32211
-0.322824
-0.323868
-0.324664
-0.324705
-0.323895
-0.322508
-0.321039
-0.320119
-0.320188
-0.320984
-0.321726
-0.321726
-0.320971
-0.319954
-0.319117
-0.318499
-0.31806
-0.317799
-0.317675
-0.317579
-0.317483
-0.317346
-0.317167
-0.316879
-0.316439
-0.315712
-0.314599
-0.31324
-0.3121
-0.311537
-0.311523
-0.31162
-0.311414
-0.310809
-0.310082
-0.309601
-0.309574
-0.309903
-0.310164
-0.309835
-0.308599
-0.306649
-0.304768
-0.303944
-0.304383
-0.305262
-0.305509
-0.304974
-0.304521
-0.305015
-0.306539
-0.308159
-0.308667
-0.307377
-0.304727
-0.30209
-0.300731
-0.300978
-0.302063
-0.302832
-0.302598
-0.301362
-0.299577
-0.297806
-0.296474
-0.295897
-0.296254
-0.29749
-0.299344
-0.301225
-0.302324
-0.302049
-0.300511
-0.298506
-0.296872
-0.296021
-0.295815
-0.295801
-0.295554
-0.295019
-0.294456
-0.294236
-0.294511
-0.295101
-0.295527
-0.295252
-0.294195
-0.292877
-0.29208
-0.292039
-0.292341
-0.292478
-0.292382
-0.292259
-0.292149
-0.291819
-0.291023
-0.289856
-0.288675
-0.287769
-0.287027
-0.286107
-0.284803
-0.283306
-0.282152
-0.281727
-0.282139
-0.282963
-0.283402
-0.282825
-0.281356
-0.279777
-0.278678
-0.278033
-0.277607
-0.277415
-0.277731
-0.278624
-0.27964
-0.280161
-0.279722
-0.278418
-0.276825
-0.275575
-0.274875
-0.274394
-0.273722
-0.272815
-0.272033
-0.271785
-0.272142
-0.27298
-0.274202
-0.27563
-0.276852
-0.277333
-0.276756
-0.275287
-0.273419
-0.271703
-0.270618
-0.270302
-0.270481
-0.270495
-0.269863
-0.268531
-0.267007
-0.265936
-0.265867
-0.266856
-0.268325
-0.269176
-0.268435
-0.266032
-0.26297
-0.260718
-0.260045
-0.260636
-0.261391
-0.261487
-0.260883
-0.260183
-0.259908
-0.260128
-0.260553
-0.260869
-0.260924
-0.260526
-0.259565
-0.258164
-0.256956
-0.256599
-0.257285
-0.258535
-0.25951
-0.259675
-0.258933
-0.257519
-0.255857
-0.25447
-0.253729
-0.253647
-0.253935
-0.254278
-0.254415
-0.2541
-0.253358
-0.252452
-0.251724
-0.251147
-0.250543
-0.249898
-0.249417
-0.249253
-0.249321
-0.249431
-0.249458
-0.24928
-0.24895
-0.248607
-0.248264
-0.24766
-0.246534
-0.245023
-0.24376
-0.243279
-0.243582
-0.244131
-0.244337
-0.243925
-0.243101
-0.242318
-0.241824
-0.241549
-0.241343
-0.241206
-0.241398
-0.242016
-0.24273
-0.24295
-0.242263
-0.240808
-0.239146
-0.238062
-0.238199
-0.239572
-0.241275
-0.242071
-0.241398
-0.239847
-0.23846
-0.237883
-0.237979
-0.238117
-0.237773
-0.236936
-0.235906
-0.234903
-0.233777
-0.232418
-0.231169
-0.230606
-0.23099
-0.232089
-0.233517
-0.234794
-0.235329
-0.234546
-0.23261
-0.230564
-0.229562
-0.229919
-0.231059
-0.232171
-0.232926
-0.233256
-0.233091
-0.232336
-0.230935
-0.229054
-0.227132
-0.225758
-0.225415
-0.226006
-0.226871
-0.2272
-0.226706
-0.225649
-0.224591
-0.223918
-0.223589
-0.223342
-0.22293
-0.222298
-0.221584
-0.220856
-0.220225
-0.219813
-0.219607
-0.21947
-0.219236
-0.218893
-0.218728
-0.218975
-0.219579
-0.220033
-0.219909
-0.219167
-0.218042
-0.216723
-0.215378
-0.21443
-0.214348
-0.215089
-0.215941
-0.215982
-0.215007
-0.213716
-0.213126
-0.213606
-0.214471
-0.214568
-0.213318
-0.211313
-0.209762
-0.209377
-0.21005
-0.21108
-0.21189
-0.212233
-0.212137
-0.211753
-0.211245
-0.210888
-0.21086
-0.21108
-0.211245
-0.210956
-0.210174
-0.209061
-0.207963
-0.20718
-0.206851
-0.206892
-0.206974
-0.206809
-0.206288
-0.205395
-0.204159
-0.202731
-0.201646
-0.201413
-0.202017
-0.202704
-0.202663
-0.201729
-0.200479
-0.199683
-0.199655
-0.200109
-0.200466
-0.200356
-0.199971
-0.199738
-0.199971
-0.200658
-0.201317
-0.201344
-0.200452
-0.199092
-0.198172
-0.198269
-0.199106
-0.199958
-0.200273
-0.200081
-0.199738
-0.199573
-0.199642
-0.199779
-0.19971
-0.199092
-0.197898
-0.196442
-0.195289
-0.19474
-0.194753
-0.194987
-0.195069
-0.194671
-0.19371
-0.192405
-0.191211
-0.190607
-0.190867
-0.19187
-0.193119
-0.193847
-0.193531
-0.192254
-0.190826
-0.18992
-0.189673
-0.189604
-0.189371
-0.188931
-0.188465
-0.188094
-0.187902
-0.188135
-0.188863
-0.189742
-0.190167
-0.189728
-0.188643
-0.187517
-0.186831
-0.18657
-0.186446
-0.186295
-0.186116
-0.185979
-0.185965
-0.186062
-0.186185
-0.18613
-0.185663
-0.184757
-0.183576
-0.182395
-0.181311
-0.180322
-0.179594
-0.17932
-0.179484
-0.179828
-0.180034
-0.17991
-0.179443
-0.178674
-0.17785
-0.177315
-0.177425
-0.178276
-0.179484
-0.180432
-0.180569
-0.179855
-0.178757
-0.177823
-0.177219
-0.176779
-0.17623
-0.175516
-0.174775
-0.174294
-0.174225
-0.17439
-0.174404
-0.174115
-0.173758
-0.17369
-0.173964
-0.174266
-0.174198
-0.173594
-0.172701
-0.171973
-0.171781
-0.172221
-0.173044
-0.173896
-0.174445
-0.174486
-0.173882
-0.172715
-0.171355
-0.170188
-0.169474
-0.169227
-0.169296
-0.169323
-0.168953
-0.168197
-0.167552
-0.167497
-0.16795
-0.168444
-0.168486
-0.167923
-0.166948
-0.165918
-0.16508
-0.164407
-0.163666
-0.162815
-0.162265
-0.162568
-0.163721
-0.165108
-0.165836
-0.165437
-0.163913
-0.161853
-0.160274
-0.160027
-0.161249
-0.163199
-0.164819
-0.165327
-0.164682
-0.163364
-0.162101
-0.161318
-0.161167
-0.16151
-0.16195
-0.162073
-0.161716
-0.160988
-0.16
-0.15886
-0.157707
-0.156745
-0.156059
-0.155633
-0.155386
-0.155414
-0.155784
-0.156443
-0.157185
-0.157803
-0.15827
-0.158572
-0.158585
-0.158022
-0.156814
-0.155304
-0.154082
-0.153574
-0.153615
-0.153519
-0.152612
-0.150772
-0.148603
-0.14701
-0.146502
-0.14701
-0.148067
-0.149289
-0.15058
-0.151912
-0.153134
-0.153903
-0.153862
-0.152997
-0.151802
-0.150869
-0.150525
-0.150663
-0.151006
-0.151239
-0.151074
-0.150484
-0.149605
-0.148699
-0.147916
-0.147422
-0.147326
-0.147642
-0.148232
-0.148919
-0.149523
-0.149839
-0.149537
-0.148589
-0.147491
-0.146955
-0.147243
-0.148012
-0.14863
-0.148795
-0.14863
-0.148438
-0.148356
-0.148397
-0.148562
-0.14874
-0.148672
-0.148012
-0.146763
-0.145404
-0.144525
-0.144291
-0.144305
-0.144044
-0.143371
-0.142479
-0.141586
-0.140735
-0.140021
-0.139664
-0.139911
-0.140776
-0.14193
-0.14274
-0.142506
-0.140831
-0.138085
-0.135256
-0.133444
-0.133114
-0.133993
-0.135325
-0.136327
-0.136643
-0.136382
-0.135888
-0.135352
-0.134858
-0.134473
-0.134295
-0.13424
-0.133993
-0.133402
-0.132647
-0.132208
-0.132537
-0.133636
-0.134899
-0.135517
-0.13505
-0.134048
-0.133485
-0.133883
-0.134638
-0.13483
-0.134103
-0.133018
-0.132331
-0.132345
-0.132826
-0.133402
-0.133691
-0.13332
-0.13218
-0.130615
-0.12942
-0.129256
-0.130025
-0.131013
-0.131549
-0.131494
-0.131192
-0.130903
-0.130574
-0.129983
-0.129283
-0.128816
-0.128734
-0.128912
-0.129146
-0.129283
-0.129201
-0.128734
-0.127731
-0.126413
-0.125274
-0.124807
-0.125068
-0.125672
-0.12618
-0.126509
-0.126976
-0.1278
-0.128693
-0.128981
-0.128088
-0.126166
-0.124175
-0.123077
-0.123063
-0.123489
-0.123653
-0.123475
-0.123296
-0.123228
-0.122898
-0.122102
-0.121044
-0.120303
-0.120179
-0.120619
-0.121319
-0.121992
-0.122417
-0.122486
-0.122294
-0.121951
-0.121539
-0.121086
-0.120687
-0.120509
-0.120564
-0.120742
-0.120948
-0.121237
-0.121594
-0.121745
-0.121223
-0.119809
-0.117831
-0.11606
-0.11525
-0.115689
-0.117007
-0.118367
-0.118957
-0.118614
-0.117941
-0.11768
-0.118092
-0.118738
-0.118985
-0.118751
-0.118532
-0.11871
-0.118971
-0.118655
-0.11768
-0.116747
-0.116499
-0.11687
-0.117213
-0.117076
-0.11665
-0.116458
-0.116719
-0.117104
-0.11709
-0.116554
-0.115827
-0.115415
-0.115511
-0.115799
-0.115689
-0.114783
-0.113341
-0.112147
-0.111927
-0.112641
-0.11352
-0.113671
-0.112874
-0.111735
-0.111199
-0.111735
-0.112984
-0.114028
-0.114179
-0.113424
-0.112366
-0.11157
-0.111185
-0.110897
-0.110389
-0.109757
-0.109167
-0.108727
-0.108384
-0.108247
-0.108576
-0.109455
-0.110416
-0.110595
-0.109538
-0.107574
-0.105679
-0.104677
-0.104979
-0.106393
-0.108288
-0.109757
-0.110197
-0.109716
-0.108906
-0.108288
-0.108027
-0.107959
-0.107807
-0.107396
-0.106846
-0.106462
-0.106338
-0.106379
-0.106599
-0.107162
-0.108055
-0.109002
-0.109689
-0.110004
-0.109895
-0.109263
-0.10811
-0.10686
-0.105981
-0.105652
-0.105569
-0.105569
-0.105679
-0.106022
-0.106599
-0.107286
-0.107945
-0.108343
-0.108233
-0.107588
-0.106654
-0.105652
-0.104594
-0.103606
-0.102947
-0.102809
-0.103002
-0.103221
-0.103414
-0.103771
-0.104443
-0.105336
-0.10605
-0.106201
-0.105707
-0.104979
-0.104622
-0.104869
-0.105336
-0.105432
-0.104938
-0.104265
-0.103894
-0.10399
-0.104251
-0.104375
-0.104375
-0.104457
-0.104581
-0.104402
-0.103633
-0.102425
-0.101436
-0.101313
-0.102068
-0.103029
-0.103482
-0.103235
-0.102617
-0.101999
-0.101381
-0.100448
-0.0990333
-0.0973993
-0.0960536
-0.0953258
-0.0952847
-0.0957378
-0.0963694
-0.0968637
-0.0970285
-0.0968637
-0.0965891
-0.0964793
-0.0967402
-0.0972894
-0.0976464
-0.0973031
-0.0961772
-0.0946118
-0.09317
-0.0922775
-0.0921402
-0.092662
-0.0934447
-0.0939665
-0.0939665
-0.0936644
-0.0934447
-0.0934721
-0.0935133
-0.0932524
-0.0924835
-0.0914811
-0.0908357
-0.0912477
-0.0929092
-0.0952297
-0.0970148
-0.0971658
-0.0953533
-0.0923462
-0.0896274
-0.0886937
-0.0898883
-0.0922226
-0.0940626
-0.0944608
-0.0935408
-0.0921402
-0.0908632
-0.0899158
-0.0893253
-0.0893253
-0.0901766
-0.091742
-0.0932524
-0.0938291
-0.093225
-0.092099
-0.0912751
-0.0910005
-0.0909181
-0.090616
-0.0900119
-0.0892704
-0.0885701
-0.0880895
-0.0879797
-0.0881032
-0.0881719
-0.0880071
-0.0878012
-0.0878423
-0.0880895
-0.0882131
-0.0879385
-0.0874167
-0.0868949
-0.0866477
-0.0867027
-0.0869635
-0.0872519
-0.0874029
-0.0872244
-0.0866203
-0.0858239
-0.0852471
-0.0850412
-0.0849863
-0.0848352
-0.0846704
-0.0848352
-0.0854668
-0.0863868
-0.0872656
-0.0878286
-0.0879247
-0.0874441
-0.0865928
-0.0857552
-0.0853433
-0.0854119
-0.0856454
-0.085714
-0.0856316
-0.0856316
-0.08592
-0.0864143
-0.0868262
-0.0868949
-0.0865928
-0.0859337
-0.0850549
-0.0840663
-0.0831463
-0.0824734
-0.0820752
-0.0819105
-0.0819654
-0.0822263
-0.0825421
-0.082597
-0.0823636
-0.0821164
-0.0821576
-0.082446
-0.0827481
-0.0829815
-0.0831325
-0.0832836
-0.0835033
-0.083874
-0.0842036
-0.0841898
-0.0835719
-0.0824185
-0.0810866
-0.0801117
-0.0798233
-0.0802353
-0.0810317
-0.0817457
-0.0820203
-0.0816496
-0.0805511
-0.0789171
-0.0773792
-0.0767201
-0.0772968
-0.0786013
-0.0796036
-0.0795075
-0.0785463
-0.0778048
-0.0783404
-0.0801117
-0.0819791
-0.0825284
-0.08132
-0.0790269
-0.0769672
-0.0760335
-0.0763631
-0.0773792
-0.0783129
-0.0786974
-0.0785601
-0.0782168
-0.0779559
-0.0778598
-0.0778735
-0.0780795
-0.0785189
-0.0790818
-0.0794114
-0.0792054
-0.0783816
-0.0771183
-0.0758001
-0.0748114
-0.0745094
-0.074935
-0.0758962
-0.0768574
-0.0771046
-0.0762944
-0.0748526
-0.0735894
-0.0730264
-0.0730538
-0.0733971
-0.0739464
-0.0745643
-0.0749625
-0.0748664
-0.0743308
-0.073658
-0.0732049
-0.0732461
-0.0737404
-0.0743858
-0.0748252
-0.0749488
-0.0748938
-0.0748526
-0.0748252
-0.0746879
-0.0743446
-0.0736855
-0.0726556
-0.0715434
-0.0708157
-0.0708569
-0.0715022
-0.0723261
-0.072944
-0.0732461
-0.0731637
-0.0726145
-0.0715846
-0.0703625
-0.0694563
-0.0692915
-0.0698819
-0.070747
-0.0713237
-0.0714885
-0.071516
-0.0717494
-0.0722574
-0.0728204
-0.0731362
-0.0729303
-0.0722574
-0.0713786
-0.0706097
-0.0700467
-0.0697309
-0.0697996
-0.0704861
-0.0716807
-0.0727792
-0.0731637
-0.0726145
-0.0714061
-0.0700193
-0.0688384
-0.0680145
-0.0674927
-0.0669847
-0.0663393
-0.0657077
-0.0655566
-0.0660784
-0.067122
-0.0681518
-0.0687285
-0.0687011
-0.0684814
-0.0685637
-0.0690718
-0.0694837
-0.0692091
-0.0682205
-0.0669023
-0.0656802
-0.0647602
-0.0643483
-0.0645954
-0.0654605
-0.0666002
-0.067479
-0.06763
-0.0670121
-0.0660784
-0.0655292
-0.0656527
-0.0660921
-0.0662706
-0.0658175
-0.0648563
-0.0637441
-0.0628928
-0.0626731
-0.0631811
-0.0640599
-0.0648426
-0.0653506
-0.0657351
-0.0661196
-0.0662981
-0.0659274
-0.0648563
-0.0633734
-0.0621787
-0.061808
-0.0621925
-0.0628516
-0.0634146
-0.0638814
-0.0644444
-0.0651859
-0.0659823
-0.0666139
-0.066765
-0.0661883
-0.0650623
-0.0639363
-0.0633322
-0.0633459
-0.0637029
-0.0641148
-0.0644856
-0.0647877
-0.0650898
-0.0653918
-0.0656115
-0.065639
-0.0654605
-0.065076
-0.0644444
-0.063442
-0.0622337
-0.0612038
-0.060737
-0.0608331
-0.0613274
-0.0620552
-0.0628241
-0.0632086
-0.0628378
-0.0618355
-0.0608056
-0.0603388
-0.0605585
-0.061094
-0.0615471
-0.0618217
-0.0621513
-0.0626731
-0.0631262
-0.0629065
-0.0617256
-0.0599955
-0.0586224
-0.058334
-0.0591441
-0.0603113
-0.0607095
-0.0596797
-0.0577024
-0.0561507
-0.0561096
-0.0574964
-0.0594462
-0.0611626
-0.0622062
-0.0624534
-0.0620414
-0.0614647
-0.0611626
-0.0612999
-0.0616295
-0.061808
-0.0615059
-0.0605997
-0.0593776
-0.0584027
-0.0581418
-0.0585812
-0.0593501
-0.0600779
-0.0605997
-0.0609841
-0.0613274
-0.0616707
-0.0618492
-0.0617119
-0.0612999
-0.0607644
-0.0602838
-0.059968
-0.0599268
-0.0601465
-0.0603525
-0.060174
-0.0595149
-0.0588695
-0.0587734
-0.0593501
-0.0602152
-0.0608605
-0.0609292
-0.0603388
-0.0595424
-0.0591716
-0.0595012
-0.0601465
-0.0604349
-0.0599131
-0.058691
-0.0573179
-0.056549
-0.0568922
-0.0581555
-0.0593776
-0.05946
-0.0580319
-0.0558349
-0.0541185
-0.0536791
-0.0544481
-0.055629
-0.0564254
-0.0565764
-0.056343
-0.0560958
-0.0558487
-0.0555603
-0.0554917
-0.0561645
-0.0578397
-0.0600092
-0.0615334
-0.061451
-0.0596934
-0.0572081
-0.0552582
-0.0544893
-0.0545167
-0.0546129
-0.0544893
-0.0543932
-0.0546266
-0.0552582
-0.0562194
-0.0571943
-0.0577298
-0.0574964
-0.0566176
-0.0556564
