LECROYHDO9204-MSöv,30454,Waveform
Segments,1,SegmentSize,2002
Ampl
-0.0123757
-0.0112772
-0.0107005
-0.0107829
-0.0113047
-0.0119226
-0.0124169
-0.0126778
-0.0126229
-0.0124032
-0.0122521
-0.0122659
-0.0122521
-0.0121423
-0.0120324
-0.0121148
-0.0122933
-0.0123482
-0.0121423
-0.0117441
-0.0114008
-0.0114008
-0.0118127
-0.0123482
-0.0125542
-0.0123208
-0.0119912
-0.0119638
-0.0122796
-0.012719
-0.0130211
-0.0130348
-0.0126641
-0.0120187
-0.0113871
-0.011085
-0.0113047
-0.0120599
-0.0131035
-0.0139685
-0.0141608
-0.0136252
-0.012719
-0.0121148
-0.0123757
-0.0135703
-0.0150121
-0.0156437
-0.0148473
-0.0131172
-0.0116068
-0.0112909
-0.012156
-0.0134605
-0.0144217
-0.0149434
-0.0154103
-0.0161655
-0.0169619
-0.017264
-0.0166736
-0.0154652
-0.0142157
-0.0134879
-0.0134742
-0.0140921
-0.0150121
-0.0157124
-0.0158085
-0.015273
-0.0144217
-0.0137763
-0.0137076
-0.014353
-0.0153691
-0.015987
-0.0154927
-0.013996
-0.012362
-0.0116342
-0.012156
-0.0134879
-0.014861
-0.01563
-0.0156849
-0.0153691
-0.0151494
-0.0152318
-0.0154103
-0.0153004
-0.0147375
-0.0139685
-0.0134193
-0.0134055
-0.0137763
-0.0140097
-0.0136527
-0.012925
-0.0126503
-0.0133781
-0.0147512
-0.0158634
-0.0161106
-0.0154927
-0.0144491
-0.0135154
-0.0130623
-0.0131446
-0.0135291
-0.0138861
-0.013996
-0.0136802
-0.0129661
-0.0122247
-0.0120599
-0.0126778
-0.0137626
-0.0146963
-0.0150258
-0.0146688
-0.0138449
-0.0131858
-0.0133369
-0.0144354
-0.0159733
-0.0171542
-0.0173464
-0.0164813
-0.0149572
-0.0135154
-0.0126366
-0.0122796
-0.0120873
-0.0119363
-0.0120736
-0.0128014
-0.0141058
-0.0155751
-0.0166598
-0.0168383
-0.0160557
-0.0146963
-0.0133094
-0.0121972
-0.0116479
-0.0119363
-0.0131996
-0.0150533
-0.0168246
-0.0178407
-0.0177446
-0.0166049
-0.0148885
-0.0134605
-0.0129936
-0.0135291
-0.0145727
-0.0155339
-0.0161381
-0.0164676
-0.0167148
-0.0170443
-0.0173876
-0.0174013
-0.0168383
-0.0158222
-0.014916
-0.01471
-0.0153416
-0.0164813
-0.0175249
-0.0178407
-0.0171816
-0.0159184
-0.0148199
-0.0146139
-0.0154515
-0.0168246
-0.0179231
-0.0181153
-0.0173739
-0.0161792
-0.0150533
-0.0142157
-0.0136802
-0.0135154
-0.0138449
-0.0145315
-0.0153279
-0.0159595
-0.016193
-0.0158085
-0.0147649
-0.0134467
-0.0124169
-0.012156
-0.0125679
-0.0133094
-0.013996
-0.0143255
-0.0142431
-0.0138037
-0.0131309
-0.0123757
-0.0117029
-0.011442
-0.0118539
-0.0127602
-0.0134742
-0.0134742
-0.0128014
-0.0120462
-0.0116891
-0.0118402
-0.0121972
-0.012513
-0.0126229
-0.0126229
-0.012513
-0.0121972
-0.0116068
-0.0109339
-0.0104945
-0.010522
-0.0110163
-0.011799
-0.0127327
-0.0136252
-0.0142706
-0.0145178
-0.0144491
-0.0142569
-0.014147
-0.0144354
-0.0152181
-0.016193
-0.016756
-0.0164951
-0.0156163
-0.0148336
-0.0147375
-0.0153004
-0.015987
-0.0163028
-0.0160145
-0.0152593
-0.0142431
-0.0133369
-0.0130073
-0.013584
-0.0149022
-0.0161792
-0.0164539
-0.015479
-0.0138999
-0.0129112
-0.0131721
-0.0144491
-0.015836
-0.0165363
-0.0163715
-0.0157536
-0.0153279
-0.0155339
-0.0163303
-0.0172777
-0.0177309
-0.0171679
-0.0155476
-0.0135429
-0.0120873
-0.0117166
-0.0122109
-0.0130073
-0.0135566
-0.0135429
-0.0128563
-0.011799
-0.010879
-0.0105769
-0.0109202
-0.0115656
-0.0120462
-0.0120873
-0.0117303
-0.0112635
-0.0110026
-0.01103
-0.0114145
-0.0121972
-0.0133643
-0.0145727
-0.0152318
-0.0149709
-0.0138999
-0.0126091
-0.0116479
-0.0112772
-0.0112635
-0.0112086
-0.0109614
-0.0108515
-0.0113596
-0.0127464
-0.0147649
-0.016907
-0.0186509
-0.019667
-0.0199416
-0.0196395
-0.0188156
-0.0174837
-0.0157261
-0.0141058
-0.0132408
-0.0133506
-0.0141196
-0.0150533
-0.0155888
-0.0152181
-0.0139411
-0.0124993
-0.0119088
-0.0127464
-0.0145727
-0.0164264
-0.0174837
-0.0176759
-0.0174425
-0.0171954
-0.0168246
-0.0158772
-0.014202
-0.0124032
-0.011442
-0.0117853
-0.0129936
-0.0140646
-0.014202
-0.0132682
-0.0118539
-0.0109614
-0.0111536
-0.0122933
-0.0137351
-0.0149709
-0.0157398
-0.0158497
-0.0151906
-0.0140097
-0.0128563
-0.0121972
-0.01195
-0.0118265
-0.0116342
-0.0113184
-0.0108241
-0.010316
-0.0102611
-0.0110987
-0.0127602
-0.0144766
-0.0153828
-0.0151631
-0.0143255
-0.0137076
-0.0138175
-0.0145178
-0.0153828
-0.0161792
-0.0168521
-0.0172777
-0.0171267
-0.0162479
-0.0148336
-0.0133094
-0.0120462
-0.0113733
-0.0115106
-0.0124444
-0.0138449
-0.0152318
-0.0161518
-0.0163577
-0.0158497
-0.0149297
-0.0140784
-0.0137351
-0.0139136
-0.014202
-0.0140921
-0.0133643
-0.0123208
-0.0116342
-0.0116891
-0.0122521
-0.0127053
-0.0126778
-0.0122384
-0.0117578
-0.0114969
-0.0116068
-0.0121011
-0.0128151
-0.0134742
-0.0141333
-0.0150396
-0.0161792
-0.0170168
-0.0169482
-0.0159184
-0.014504
-0.0133918
-0.0129387
-0.0130485
-0.013433
-0.0139411
-0.0145864
-0.015424
-0.0162891
-0.0168521
-0.0168246
-0.0161243
-0.014916
-0.0135429
-0.0124306
-0.011593
-0.0108378
-0.0102336
-0.0103435
-0.0114145
-0.012925
-0.0139273
-0.013996
-0.0135429
-0.0134055
-0.0140509
-0.0153279
-0.0165774
-0.0170443
-0.0163989
-0.0150121
-0.0137351
-0.0132545
-0.0136527
-0.0144766
-0.0151631
-0.0155613
-0.0159458
-0.0167148
-0.0178819
-0.0190765
-0.0199965
-0.0207655
-0.0219052
-0.0237589
-0.026203
-0.0288806
-0.0315033
-0.0339886
-0.036419
-0.0390966
-0.0424607
-0.0467037
-0.0517156
-0.0572355
-0.0630301
-0.0688246
-0.0743171
-0.0792329
-0.0835445
-0.0876226
-0.0919892
-0.0968775
-0.102068
-0.107148
-0.111927
-0.116541
-0.121086
-0.125507
-0.12964
-0.133512
-0.137206
-0.14068
-0.143783
-0.146475
-0.148891
-0.151212
-0.153656
-0.156457
-0.159629
-0.162801
-0.165327
-0.166742
-0.167058
-0.166728
-0.166234
-0.165932
-0.16589
-0.166028
-0.166055
-0.165836
-0.165396
-0.164819
-0.164037
-0.162925
-0.161551
-0.160247
-0.159464
-0.159341
-0.159396
-0.158695
-0.156553
-0.153189
-0.149633
-0.146928
-0.145349
-0.144456
-0.143728
-0.142891
-0.141861
-0.14068
-0.139554
-0.138799
-0.138552
-0.138634
-0.138703
-0.138373
-0.137371
-0.135668
-0.133663
-0.131919
-0.130835
-0.130464
-0.130588
-0.130999
-0.131576
-0.132441
-0.133636
-0.134872
-0.135654
-0.135819
-0.135586
-0.135339
-0.135366
-0.135902
-0.137069
-0.13851
-0.139485
-0.139403
-0.138401
-0.137137
-0.136313
-0.1363
-0.137165
-0.138799
-0.140927
-0.143042
-0.144525
-0.14495
-0.144305
-0.143193
-0.142506
-0.142918
-0.144538
-0.146653
-0.148122
-0.148054
-0.146571
-0.144648
-0.143248
-0.142698
-0.142657
-0.142808
-0.143234
-0.144195
-0.145747
-0.147326
-0.148177
-0.147834
-0.146557
-0.145198
-0.144621
-0.145211
-0.146571
-0.147889
-0.148383
-0.147793
-0.146475
-0.145129
-0.144374
-0.144278
-0.144497
-0.144799
-0.145156
-0.145637
-0.14609
-0.146392
-0.146488
-0.146378
-0.146008
-0.1455
-0.145088
-0.14506
-0.145431
-0.145884
-0.146021
-0.145513
-0.144401
-0.143152
-0.1423
-0.141998
-0.141902
-0.141655
-0.141353
-0.141243
-0.14127
-0.141078
-0.140474
-0.139829
-0.139609
-0.139856
-0.140213
-0.140241
-0.139897
-0.139376
-0.138854
-0.138497
-0.138497
-0.138936
-0.13954
-0.139801
-0.139279
-0.138167
-0.137014
-0.136451
-0.136684
-0.137577
-0.13884
-0.140309
-0.141751
-0.142836
-0.143124
-0.142438
-0.140913
-0.138991
-0.137316
-0.136533
-0.136876
-0.138071
-0.139362
-0.140103
-0.140199
-0.140117
-0.140241
-0.140529
-0.140474
-0.139664
-0.138153
-0.136506
-0.135448
-0.135393
-0.136176
-0.137082
-0.137316
-0.136547
-0.135256
-0.13435
-0.134391
-0.135242
-0.136272
-0.136794
-0.136574
-0.135888
-0.135174
-0.134748
-0.134762
-0.135366
-0.136547
-0.137838
-0.138689
-0.138758
-0.138236
-0.137467
-0.136657
-0.135819
-0.135009
-0.134322
-0.133814
-0.133499
-0.133196
-0.132688
-0.131851
-0.130807
-0.129668
-0.128528
-0.127608
-0.127223
-0.12758
-0.128569
-0.129901
-0.131233
-0.132222
-0.132524
-0.132057
-0.13126
-0.130848
-0.131247
-0.132249
-0.133334
-0.134048
-0.134103
-0.133375
-0.132029
-0.130574
-0.12964
-0.129475
-0.129819
-0.130217
-0.13034
-0.130066
-0.129489
-0.128761
-0.128102
-0.127635
-0.127525
-0.127937
-0.128748
-0.129434
-0.129475
-0.128871
-0.128075
-0.127429
-0.127072
-0.127045
-0.127361
-0.127731
-0.127649
-0.126921
-0.125864
-0.125095
-0.125026
-0.125603
-0.126262
-0.12629
-0.125397
-0.124052
-0.123173
-0.123461
-0.124738
-0.12607
-0.126715
-0.126688
-0.126523
-0.126592
-0.126729
-0.126647
-0.126317
-0.125933
-0.125589
-0.125095
-0.12423
-0.123035
-0.121855
-0.121237
-0.121649
-0.122994
-0.12456
-0.125466
-0.125411
-0.124779
-0.124106
-0.123598
-0.123118
-0.122459
-0.121607
-0.120852
-0.120591
-0.121127
-0.122198
-0.12309
-0.123283
-0.122871
-0.122459
-0.1225
-0.122857
-0.123104
-0.123008
-0.122706
-0.122486
-0.122582
-0.122898
-0.123035
-0.12272
-0.122225
-0.122225
-0.123145
-0.124711
-0.126139
-0.126729
-0.126303
-0.125287
-0.124409
-0.124106
-0.12434
-0.12456
-0.124244
-0.123351
-0.12228
-0.121443
-0.120948
-0.120729
-0.120715
-0.12088
-0.121113
-0.121429
-0.121964
-0.122692
-0.123159
-0.122857
-0.121662
-0.120001
-0.118435
-0.117323
-0.116774
-0.116788
-0.117117
-0.117461
-0.117529
-0.117323
-0.117213
-0.117653
-0.118696
-0.119781
-0.120124
-0.119493
-0.118339
-0.117351
-0.11665
-0.115923
-0.114948
-0.114014
-0.113465
-0.113424
-0.113739
-0.11422
-0.114755
-0.115305
-0.115785
-0.116019
-0.115799
-0.115181
-0.114536
-0.114247
-0.114234
-0.114055
-0.113286
-0.111982
-0.11065
-0.110018
-0.110609
-0.112353
-0.114591
-0.116362
-0.116952
-0.11628
-0.115003
-0.113945
-0.113547
-0.113712
-0.114096
-0.114289
-0.113945
-0.112943
-0.11157
-0.110444
-0.110018
-0.110403
-0.111446
-0.112723
-0.11352
-0.113259
-0.111968
-0.110375
-0.109414
-0.109606
-0.110856
-0.112682
-0.114371
-0.115126
-0.114385
-0.112394
-0.110265
-0.109222
-0.109744
-0.111199
-0.11249
-0.112737
-0.111584
-0.109428
-0.107203
-0.106022
-0.106489
-0.108261
-0.110279
-0.111542
-0.111666
-0.111021
-0.110224
-0.109785
-0.109867
-0.110389
-0.11113
-0.111556
-0.110966
-0.109194
-0.107052
-0.105679
-0.105514
-0.106091
-0.106668
-0.106942
-0.106956
-0.10686
-0.106682
-0.106421
-0.10594
-0.105061
-0.103839
-0.102672
-0.102013
-0.101972
-0.102274
-0.102603
-0.102823
-0.102905
-0.102823
-0.102548
-0.102095
-0.10156
-0.101052
-0.100736
-0.100612
-0.100544
-0.100255
-0.0996924
-0.099047
-0.09869
-0.0989234
-0.0997061
-0.100695
-0.101436
-0.101628
-0.10134
-0.100832
-0.100283
-0.0997885
-0.0994864
-0.0995688
-0.100049
-0.100777
-0.101683
-0.102658
-0.103235
-0.102823
-0.10134
-0.099404
-0.0978387
-0.0970285
-0.0968088
-0.0967264
-0.0963831
-0.0958888
-0.0957515
-0.0964655
-0.0978249
-0.0991019
-0.0996512
-0.099404
-0.0988273
-0.0984978
-0.0986076
-0.0988273
-0.0985115
-0.0973031
-0.0956554
-0.0945157
-0.0944608
-0.0951473
-0.095779
-0.0957378
-0.0950924
-0.0943784
-0.0942548
-0.0948041
-0.095422
-0.0952435
-0.0939802
-0.0921951
-0.0908357
-0.0904375
-0.0909044
-0.091742
-0.0926345
-0.0934035
-0.0939115
-0.0939253
-0.0932799
-0.0921539
-0.0910692
-0.0905611
-0.0907396
-0.0912477
-0.0915772
-0.0914262
-0.0907808
-0.0899158
-0.0892017
-0.0888173
-0.088625
-0.0883779
-0.0881307
-0.0882131
-0.0887486
-0.0895175
-0.0901217
-0.0903826
-0.0902865
-0.0898746
-0.089339
-0.0888585
-0.0885976
-0.0885426
-0.088625
-0.0887074
-0.0886388
-0.0882817
-0.0878012
-0.0874029
-0.0871832
-0.0870322
-0.0869086
-0.0869635
-0.0873068
-0.0879247
-0.0887074
-0.0896137
-0.0904238
-0.0907671
-0.0904101
-0.0894352
-0.0881719
-0.0868812
-0.0857003
-0.0846292
-0.083723
-0.0830914
-0.0828717
-0.08316
-0.0837642
-0.0842585
-0.0842036
-0.0835719
-0.0828442
-0.0827481
-0.0836269
-0.0848627
-0.0853433
-0.0845194
-0.0831188
-0.0824323
-0.0829678
-0.0840113
-0.0844782
-0.0839015
-0.082597
-0.0812239
-0.0805099
-0.0808394
-0.0819929
-0.0832012
-0.0838328
-0.0839564
-0.0840663
-0.084437
-0.0848764
-0.085
-0.084643
-0.0839701
-0.0833385
-0.0828854
-0.082597
-0.0824323
-0.0825009
-0.0827755
-0.0830776
-0.0831737
-0.0831051
-0.0831325
-0.0834621
-0.0841349
-0.0849176
-0.0852471
-0.0845331
-0.082597
-0.0801391
-0.078203
-0.0774753
-0.0779833
-0.0793565
-0.0811003
-0.082652
-0.0835719
-0.0838603
-0.0838466
-0.0837093
-0.0832287
-0.0821027
-0.0804138
-0.0786699
-0.0773792
-0.0769123
-0.0774204
-0.0787386
-0.0804
-0.0817182
-0.0821164
-0.0814024
-0.0799332
-0.0783541
-0.0773654
-0.0772419
-0.0777087
-0.0781344
-0.0780932
-0.0776813
-0.0773242
-0.0774066
-0.0778872
-0.0784502
-0.0786974
-0.0785051
-0.0779559
-0.0772556
-0.076569
-0.0760335
-0.075704
-0.0755255
-0.075292
-0.0747153
-0.0736718
-0.0724634
-0.0717219
-0.0719142
-0.0729989
-0.0743308
-0.0752371
-0.0754568
-0.0752783
-0.0749625
-0.0745368
-0.0739052
-0.0731774
-0.0726007
-0.0723124
-0.072381
-0.0726831
-0.0731088
-0.0735207
-0.0737953
-0.0738365
-0.0736306
-0.0732324
-0.0728067
-0.0724909
-0.0723398
-0.0722712
-0.0722849
-0.0724222
-0.0725458
-0.0723673
-0.0717631
-0.0708843
-0.070033
-0.069319
-0.0687285
-0.0683303
-0.0682342
-0.0683303
-0.0684127
-0.0683029
-0.067987
-0.0675888
-0.0673142
-0.067273
-0.0674103
-0.0676438
-0.068042
-0.0686049
-0.0690581
-0.069113
-0.0688384
-0.0686873
-0.0689757
-0.0695387
-0.070033
-0.0702527
-0.0703763
-0.070596
-0.0708843
-0.0708157
-0.0700193
-0.0687834
-0.068042
-0.0685775
-0.0702527
-0.0720927
-0.0731774
-0.0731774
-0.0722437
-0.0708157
-0.0695249
-0.0688796
-0.0689208
-0.0690306
-0.0686324
-0.0677948
-0.0670945
-0.0669297
-0.0671632
-0.0673554
-0.067273
-0.067122
-0.0673279
-0.0681518
-0.0695112
-0.0708569
-0.0715846
-0.0713237
-0.070184
-0.0687011
-0.0676438
-0.0674653
-0.0679458
-0.0684402
-0.0686187
-0.0685912
-0.0685775
-0.0686461
-0.0687834
-0.0690443
-0.0693464
-0.06947
-0.0692228
-0.06855
-0.0676163
-0.0665727
-0.0654742
-0.0642796
-0.0630713
-0.0622886
-0.0625083
-0.0638402
-0.0656253
-0.0669435
-0.0672593
-0.0666688
-0.065639
-0.0646366
-0.0640599
-0.0639775
-0.0641423
-0.0641286
-0.0636754
-0.0628653
-0.061959
-0.0612588
-0.0611214
-0.0618492
-0.0631125
-0.0639775
-0.0635931
-0.0621238
-0.0607507
-0.0606546
-0.0620689
-0.0641011
-0.0655429
-0.0657626
-0.0648838
-0.0634695
-0.0620826
-0.0611214
-0.0608468
-0.0612725
-0.0619865
-0.0623572
-0.0620964
-0.0614373
-0.0609292
-0.0608605
-0.0611626
-0.0614922
-0.0616844
-0.0616707
-0.061602
-0.0616707
-0.0620002
-0.0624946
-0.0628241
-0.0627143
-0.0622199
-0.0616295
-0.0611489
-0.0607507
-0.06038
-0.0603662
-0.0612176
-0.0630163
-0.0650486
-0.0662844
-0.0661745
-0.0648975
-0.0631399
-0.0615883
-0.060737
-0.0607782
-0.0615334
-0.0623984
-0.0627143
-0.0621513
-0.0609704
-0.0598582
-0.0593501
-0.0593776
-0.0594325
-0.0591991
-0.0589107
-0.0590068
-0.0594325
-0.0594737
-0.0586636
-0.057263
-0.0561645
-0.0559585
-0.0566451
-0.0578397
-0.0591716
-0.0604486
-0.061451
-0.0616707
-0.0606271
-0.0583203
-0.0556152
-0.0537478
-0.0535418
-0.054709
-0.0562881
-0.0574415
-0.0579907
-0.0582379
-0.0586224
-0.0592265
-0.059817
-0.0600779
-0.0600229
-0.0598582
-0.0596385
-0.0591991
-0.05854
-0.0579495
-0.0576474
-0.0575101
-0.0572767
-0.0568373
-0.0563155
-0.0559173
-0.0559448
-0.0565901
-0.0575239
-0.0579907
-0.0574964
-0.056343
-0.0552994
-0.0550248
-0.0557525
-0.0573454
-0.0591579
-0.0602838
-0.0602426
-0.0593501
-0.0582928
-0.0575513
-0.0570982
-0.0566863
-0.0560546
-0.0550934
-0.0540636
-0.0533908
-0.053226
-0.0533359
-0.0535693
-0.0540361
-0.0547776
-0.0553269
-0.0551758
-0.0543108
-0.0533633
-0.0529788
-0.0532535
-0.0536379
-0.0536105
-0.0531436
-0.0526493
-0.0526081
-0.0531985
-0.0544481
-0.056137
-0.0577848
-0.0587597
-0.0585812
-0.0575101
-0.0563979
-0.0560272
-0.0564803
-0.0571806
-0.0574827
-0.0570845
-0.056137
-0.0549287
-0.0536791
-0.0525806
-0.0518392
-0.051743
-0.0525257
-0.0541048
-0.0559585
-0.0572904
-0.0575376
-0.0565627
-0.0547914
-0.0529926
-0.0518941
-0.0516881
-0.0520863
-0.0527317
-0.0535693
-0.0544893
-0.055066
-0.0549012
-0.0540087
-0.0528141
-0.0517568
-0.0510977
-0.0509329
-0.0513448
-0.0521824
-0.0530338
-0.0534457
-0.0533496
-0.0531024
-0.0531573
-0.053377
-0.0531985
-0.0522236
-0.0508917
-0.0501777
-0.0507407
-0.0523197
-0.0539675
-0.0546815
-0.0540499
-0.052512
-0.0511114
-0.050672
-0.0511526
-0.051743
-0.0518666
-0.0516057
-0.0513311
-0.0511526
-0.0510016
-0.0508505
-0.0508093
-0.0509878
-0.0514272
-0.0520451
-0.0526768
-0.0530612
-0.0531436
-0.0530475
-0.05302
-0.0530338
-0.0528278
-0.052155
-0.0510839
-0.0499854
-0.0492714
-0.0492028
-0.0497246
-0.0506445
-0.0517842
-0.0529651
-0.0538851
-0.0542696
-0.0543108
-0.0543108
-0.0542696
-0.0539263
-0.0531436
-0.0521412
-0.0511801
-0.0501777
-0.0490517
-0.047967
-0.0472941
-0.0471843
-0.047555
-0.0482141
-0.0489144
-0.0494087
-0.0496422
-0.049752
-0.0498207
-0.0495735
-0.0489007
-0.0480356
-0.0474864
-0.047404
-0.0476374
-0.0478708
-0.0478846
-0.0475688
-0.0471294
-0.0469097
-0.0470195
-0.0471294
-0.0468685
-0.0462506
-0.0456876
-0.0455777
-0.0461132
-0.0470744
-0.0478846
-0.047912
-0.0470882
-0.0459622
-0.0451933
-0.045001
-0.0452619
-0.0458112
-0.0465389
-0.0472117
-0.0474314
-0.0469646
-0.0459897
-0.045001
-0.0445479
-0.0447539
-0.0452482
-0.0454541
-0.0450697
-0.0442595
-0.0435455
-0.0434631
-0.0442183
-0.045564
-0.0469783
-0.0478983
-0.0480768
-0.0476511
-0.0470607
-0.0467311
-0.0469508
-0.0476786
-0.0485299
-0.0489831
-0.0488595
-0.0483514
-0.0477885
-0.047404
-0.0472529
-0.0472255
-0.0470744
-0.0465389
-0.0456601
-0.0447813
-0.0441909
-0.0439437
-0.0439986
-0.0442183
-0.0443557
-0.044136
-0.0435043
-0.0427354
-0.0423509
-0.0428452
-0.0443282
-0.0463604
-0.0480768
-0.0487359
-0.0483102
-0.0473765
-0.0465938
-0.0462506
-0.0463055
-0.0465664
-0.0468135
-0.0467998
-0.0464977
-0.0460171
-0.0455365
-0.0451383
-0.0449324
-0.0450285
-0.0455228
-0.046278
-0.0470744
-0.0477335
-0.0481455
-0.0480631
-0.0472255
-0.0456327
-0.043724
-0.041939
-0.0406208
-0.039893
-0.0397694
-0.0400853
-0.0406894
-0.0414034
-0.0419115
-0.0419252
-0.041527
-0.0410876
-0.0409366
-0.0410052
-0.0411563
-0.0415545
-0.0423234
-0.0431748
-0.0435043
-0.04301
-0.0420351
-0.0412387
-0.04117
-0.0418978
-0.0430375
-0.04393
-0.0441222
-0.0435592
-0.0425431
-0.041527
-0.0408954
-0.0407032
-0.0407306
-0.0407443
-0.0408405
-0.04117
-0.0417193
-0.0421724
-0.0422685
-0.041939
-0.0413211
-0.040662
-0.040456
-0.0410739
-0.0425431
-0.0443007
-0.045564
-0.045715
-0.0447127
-0.0431198
-0.0417879
-0.0413485
-0.0417193
-0.0423234
-0.0425981
-0.0424882
-0.0423372
-0.0424058
-0.0426667
-0.0428452
-0.0426942
-0.0422822
-0.041939
-0.0419664
-0.0423784
-0.0429001
-0.0432572
-0.0432022
-0.0426118
-0.0415957
-0.040662
-0.0403736
-0.0409091
-0.0418566
-0.0425706
-0.0426255
-0.0419802
-0.0407718
-0.039385
-0.0382865
-0.0377372
-0.0376274
-0.0376823
-0.0377784
-0.0379569
-0.0382315
-0.0385199
-0.0386984
-0.0386984
-0.0385748
-0.038465
-0.0385474
-0.0387671
-0.0387396
-0.0380805
-0.0368035
-0.0354716
-0.034785
-0.0350184
-0.0357737
-0.0362268
-0.035911
-0.0351695
-0.0348125
-0.0353755
-0.0365426
-0.0377098
-0.0384375
-0.0387259
-0.0386435
-0.0383139
-0.0379295
-0.0377098
-0.0377098
-0.0377921
-0.0378059
-0.0378196
-0.0380118
-0.0383002
-0.0384924
-0.0385336
-0.0386297
-0.0388494
-0.0389593
-0.0385336
-0.0375862
-0.0366662
-0.0364465
-0.0370232
-0.0379844
-0.0389318
-0.0396596
-0.0400853
-0.0399617
-0.0390554
-0.0374214
-0.0355402
-0.0340298
-0.0334394
-0.0338925
-0.034991
-0.0361169
-0.0367898
-0.0368859
-0.0365563
-0.0361032
-0.0358149
-0.0357874
-0.0359247
-0.0360208
-0.0360208
-0.036062
-0.0363092
-0.0366936
-0.0370507
-0.0372292
-0.0372154
-0.0369545
-0.0364328
-0.0357462
-0.0349635
-0.0340298
-0.0328352
-0.0314209
-0.0302263
-0.0298555
-0.0306794
-0.032437
-0.0343319
-0.0353755
-0.035142
-0.0339749
-0.0326155
-0.0316268
-0.0310913
-0.0308716
-0.0307892
-0.0307618
-0.0308854
-0.0312698
-0.0319427
-0.0327528
-0.0333982
-0.0336041
-0.0333982
-0.0331235
-0.0330549
-0.0332059
-0.0332883
-0.0330961
-0.0327253
-0.0324232
-0.0323409
-0.0323958
-0.0325056
-0.0327803
-0.0331922
-0.0334256
-0.0331922
-0.0325743
-0.0319427
-0.0316955
-0.0318465
-0.0320662
-0.03208
-0.0320388
-0.0322997
-0.0329588
-0.0335629
-0.0337002
-0.0336041
-0.0337552
-0.0342495
-0.0347575
-0.0350322
-0.0351008
-0.0350734
-0.0348399
-0.0342358
-0.0333982
-0.0326018
-0.0320937
-0.0319838
-0.0323134
-0.032945
-0.0334805
-0.0336728
-0.0336453
-0.0337277
-0.0340161
-0.0343593
-0.0344829
-0.0343456
-0.0341396
-0.0340985
-0.0343182
-0.0345378
-0.0343868
-0.0336591
-0.0325606
-0.0316131
-0.0313385
-0.0318191
-0.0326018
-0.0329862
-0.0326841
-0.0321349
-0.0320113
-0.0325743
-0.0332746
-0.0334256
-0.0328489
-0.0321761
-0.0322585
-0.0333432
-0.0347438
-0.035499
-0.0351283
-0.0339611
-0.0327665
-0.0320662
-0.0319427
-0.0322173
-0.0327803
-0.0334394
-0.0337414
-0.0332608
-0.0319289
-0.0301713
-0.0286197
-0.0277821
-0.0277958
-0.0284961
-0.0296221
-0.030954
-0.0321898
-0.0328626
-0.0326018
-0.031517
-0.0301713
-0.029169
-0.028963
-0.0296907
-0.0311325
-0.0327391
-0.0337414
-0.0337002
-0.0326704
-0.0311737
-0.0298967
-0.0293475
-0.0298555
-0.0312286
-0.032794
-0.033714
-0.0335767
-0.0325606
-0.0312561
-0.0302125
-0.0295122
-0.0288394
-0.0279331
-0.0271093
-0.0270543
-0.0282215
-0.030391
-0.0327116
-0.0341259
-0.0339611
-0.0324507
-0.0306657
-0.0295946
-0.02932
-0.0292239
-0.0289904
-0.0288806
-0.0293337
-0.0303224
-0.0313797
-0.0319289
-0.0316131
-0.0303773
-0.0288119
-0.0277272
-0.0275899
-0.0281391
-0.0289218
-0.0295534
-0.0298281
-0.0296633
-0.0291552
-0.028606
-0.0283725
-0.0285922
-0.0291552
-0.0297319
-0.0300615
-0.0301988
-0.0303361
-0.0304322
-0.0300477
-0.0288119
-0.0269582
-0.0253517
-0.0249123
-0.0258597
-0.0275899
-0.029114
-0.0298967
-0.0301576
-0.0305421
-0.0314621
-0.0327665
-0.0338788
-0.0343182
-0.0339474
-0.0330137
-0.0319701
-0.0310639
-0.0302949
-0.0295397
-0.0287845
-0.0282215
-0.0280842
-0.0283176
-0.0286746
-0.0289493
-0.0291552
-0.0293612
-0.0296084
-0.0299791
-0.0305146
-0.0310364
-0.0312012
-0.030803
-0.0298281
-0.0284137
-0.0269033
-0.0259284
