LECROYHDO9204-MSöv,30454,Waveform
Segments,1,SegmentSize,2002
Ampl
-0.0162479
-0.01471
-0.013282
-0.0123208
-0.0120873
-0.0125542
-0.0133781
-0.0140921
-0.0143942
-0.0141882
-0.0135566
-0.0128014
-0.0124993
-0.0130623
-0.014559
-0.0165088
-0.0181565
-0.0189255
-0.0188019
-0.0183076
-0.0179506
-0.0177034
-0.0172503
-0.0164951
-0.0157948
-0.0155064
-0.0155751
-0.0157673
-0.0158909
-0.0157536
-0.0151906
-0.0143393
-0.0137626
-0.0138861
-0.0143942
-0.0145178
-0.0139823
-0.0132957
-0.0131446
-0.0135703
-0.0141333
-0.0143942
-0.0141882
-0.0135429
-0.0127602
-0.0123345
-0.012719
-0.0137626
-0.0148199
-0.0152318
-0.014916
-0.0143667
-0.0142294
-0.01471
-0.0154515
-0.015987
-0.0161518
-0.0160694
-0.0158085
-0.0152593
-0.0143667
-0.013227
-0.0121011
-0.0112223
-0.0107417
-0.0106868
-0.0109065
-0.0113184
-0.012005
-0.0130485
-0.0142843
-0.0153004
-0.0157948
-0.015781
-0.0154652
-0.0149709
-0.0144628
-0.0140509
-0.0138312
-0.0137488
-0.01379
-0.01379
-0.0135566
-0.0130073
-0.0124581
-0.0123482
-0.0127876
-0.0135017
-0.0142706
-0.0149709
-0.0154652
-0.0154927
-0.0151219
-0.0146551
-0.0145178
-0.0148473
-0.0155064
-0.0160694
-0.0161381
-0.0156575
-0.015067
-0.0148199
-0.0148748
-0.0147787
-0.0142843
-0.013639
-0.0131721
-0.0130348
-0.0133094
-0.0141058
-0.0153966
-0.0167697
-0.0175386
-0.0171954
-0.0157398
-0.0138587
-0.0125817
-0.012513
-0.0133643
-0.0141608
-0.0141333
-0.0135154
-0.0131996
-0.0138037
-0.0150533
-0.0160419
-0.0160831
-0.0152593
-0.0141058
-0.0131446
-0.0124169
-0.0118127
-0.0115244
-0.0118676
-0.0129112
-0.0140784
-0.0147237
-0.0145315
-0.0136252
-0.0124581
-0.0116891
-0.0117715
-0.012719
-0.0139548
-0.0149297
-0.0153828
-0.0153554
-0.0148336
-0.0139548
-0.0130623
-0.0125405
-0.012513
-0.0128151
-0.0131309
-0.0131996
-0.0130348
-0.0129524
-0.0131309
-0.0133506
-0.0132133
-0.012719
-0.0121972
-0.0119775
-0.0121285
-0.0126503
-0.013433
-0.0142569
-0.0147649
-0.0148336
-0.0146002
-0.0142981
-0.014202
-0.0145727
-0.0155201
-0.0167422
-0.017621
-0.0177171
-0.0169757
-0.0156437
-0.0141608
-0.0130623
-0.0126915
-0.0130211
-0.0136527
-0.0142294
-0.0144766
-0.0141882
-0.0133506
-0.0124032
-0.0119363
-0.0121835
-0.0128563
-0.0134193
-0.0134193
-0.0127464
-0.0117166
-0.0110163
-0.011236
-0.0122384
-0.013282
-0.0137076
-0.0135017
-0.0131172
-0.0128975
-0.0129112
-0.013076
-0.0131996
-0.0131996
-0.0132408
-0.0137076
-0.0146139
-0.0154515
-0.0155201
-0.0145315
-0.0128975
-0.0113733
-0.0105769
-0.0106181
-0.0112635
-0.012005
-0.012362
-0.0121423
-0.0116205
-0.0112772
-0.0113733
-0.011799
-0.0122659
-0.0127053
-0.0133094
-0.014147
-0.0150396
-0.0156437
-0.015987
-0.0161518
-0.0160969
-0.0154652
-0.0142431
-0.0129936
-0.0124306
-0.0127876
-0.0136252
-0.0143255
-0.0146002
-0.014504
-0.0142981
-0.0141058
-0.0138587
-0.0135154
-0.0131996
-0.0130485
-0.0130897
-0.0131858
-0.0133094
-0.0135291
-0.0137488
-0.0137214
-0.0133918
-0.0129524
-0.012719
-0.0126915
-0.0127327
-0.0128426
-0.0130485
-0.0133781
-0.0137076
-0.0138312
-0.0135154
-0.0128151
-0.0121011
-0.0118402
-0.0121972
-0.0129524
-0.0137763
-0.0143942
-0.0147375
-0.0149434
-0.0152593
-0.015781
-0.0163303
-0.0165225
-0.0162204
-0.0155888
-0.0151906
-0.0154927
-0.0166873
-0.0183076
-0.0195159
-0.0195297
-0.0182252
-0.0162204
-0.014353
-0.0131858
-0.0128426
-0.0131584
-0.0137214
-0.0141333
-0.0142981
-0.0144628
-0.0149434
-0.0156575
-0.0163028
-0.0167285
-0.017058
-0.01747
-0.0178819
-0.0180192
-0.0176897
-0.0170031
-0.0162342
-0.0154515
-0.0144903
-0.0134467
-0.01287
-0.0131996
-0.0141608
-0.0149022
-0.0149572
-0.0146414
-0.0146002
-0.0151494
-0.0160969
-0.0168521
-0.0169207
-0.0162204
-0.0153142
-0.0149709
-0.015479
-0.0164264
-0.0171542
-0.0172503
-0.0165637
-0.0153142
-0.0140784
-0.0135429
-0.0141333
-0.0156163
-0.0172915
-0.0183488
-0.018335
-0.0174974
-0.0166186
-0.0164676
-0.017113
-0.0178819
-0.018184
-0.0180879
-0.0179918
-0.018033
-0.0179231
-0.0173327
-0.0163028
-0.0153416
-0.0149846
-0.015273
-0.0156437
-0.0155339
-0.0149709
-0.0144903
-0.0145178
-0.0149434
-0.0153966
-0.0156987
-0.0158222
-0.0156987
-0.0153004
-0.0149434
-0.0150807
-0.0157948
-0.0166186
-0.0169482
-0.0166186
-0.0160557
-0.0158909
-0.0162342
-0.01655
-0.0161792
-0.0151357
-0.0139273
-0.0129936
-0.0124032
-0.0120462
-0.0118265
-0.0117578
-0.0118814
-0.0122796
-0.0129387
-0.0136664
-0.0143393
-0.0150396
-0.0158222
-0.0165363
-0.0168383
-0.0166598
-0.0162754
-0.0160145
-0.0160419
-0.0163577
-0.0169482
-0.0177858
-0.0186783
-0.0191177
-0.0187332
-0.0175936
-0.0163989
-0.0158909
-0.0162479
-0.0168521
-0.0169345
-0.0164127
-0.0158772
-0.0158772
-0.0162891
-0.0164401
-0.0159184
-0.0148748
-0.0138861
-0.0136252
-0.0143805
-0.0158222
-0.0172503
-0.0181428
-0.0183076
-0.0179094
-0.0171954
-0.0165774
-0.0164127
-0.0166873
-0.0171679
-0.0177034
-0.0182801
-0.0186646
-0.018541
-0.0179231
-0.0173189
-0.0172365
-0.0175661
-0.0177858
-0.01747
-0.016756
-0.0161792
-0.0162616
-0.0171267
-0.018335
-0.0192001
-0.0194747
-0.0195297
-0.0201201
-0.0217678
-0.0245278
-0.0276723
-0.0301713
-0.0314895
-0.0320525
-0.0329588
-0.0351008
-0.0387396
-0.0436966
-0.0495598
-0.0559585
-0.0627005
-0.0699506
-0.0780932
-0.0874441
-0.0980446
-0.109661
-0.121868
-0.134034
-0.145623
-0.156745
-0.16828
-0.181366
-0.196552
-0.213249
-0.23018
-0.246328
-0.261611
-0.276646
-0.291957
-0.307473
-0.32255
-0.336638
-0.349737
-0.362452
-0.375511
-0.389256
-0.403303
-0.416842
-0.428994
-0.439265
-0.447847
-0.455275
-0.46221
-0.469089
-0.475982
-0.482587
-0.488285
-0.492459
-0.49489
-0.496043
-0.496744
-0.497609
-0.498419
-0.498309
-0.49662
-0.493695
-0.490592
-0.488079
-0.486033
-0.483713
-0.480417
-0.475968
-0.470599
-0.464681
-0.458543
-0.452666
-0.447517
-0.443013
-0.43851
-0.433402
-0.42795
-0.42298
-0.419025
-0.415743
-0.412338
-0.408315
-0.403866
-0.399582
-0.396108
-0.393801
-0.392496
-0.391521
-0.390203
-0.388391
-0.386413
-0.384573
-0.382967
-0.381621
-0.380839
-0.381058
-0.382225
-0.38353
-0.383969
-0.383379
-0.382692
-0.383022
-0.384601
-0.386729
-0.388665
-0.390341
-0.392029
-0.393842
-0.395737
-0.397783
-0.400158
-0.40296
-0.405925
-0.408603
-0.410594
-0.411871
-0.412846
-0.414137
-0.416059
-0.418393
-0.420481
-0.421661
-0.42173
-0.421195
-0.421112
-0.422279
-0.424586
-0.427113
-0.428802
-0.429117
-0.428143
-0.426509
-0.424957
-0.424092
-0.424202
-0.425163
-0.426591
-0.427991
-0.428898
-0.429021
-0.428376
-0.427511
-0.427017
-0.427085
-0.427277
-0.426962
-0.425836
-0.424229
-0.422801
-0.422046
-0.42195
-0.422032
-0.421909
-0.421538
-0.421126
-0.420755
-0.420302
-0.419643
-0.418805
-0.417927
-0.417075
-0.416169
-0.41518
-0.414384
-0.414178
-0.414631
-0.415167
-0.41507
-0.414205
-0.413011
-0.411899
-0.410855
-0.409839
-0.409042
-0.408727
-0.409001
-0.409605
-0.410127
-0.410223
-0.409825
-0.409276
-0.409097
-0.409372
-0.409729
-0.40966
-0.409084
-0.408383
-0.40804
-0.408164
-0.408713
-0.409523
-0.410443
-0.411226
-0.41161
-0.411487
-0.410951
-0.410319
-0.409756
-0.409358
-0.409248
-0.409605
-0.410525
-0.411665
-0.412558
-0.412887
-0.41264
-0.411857
-0.410594
-0.409001
-0.407381
-0.406173
-0.405733
-0.406186
-0.407312
-0.408425
-0.408713
-0.40782
-0.406076
-0.404264
-0.403042
-0.402479
-0.402204
-0.40182
-0.401312
-0.40101
-0.401037
-0.400927
-0.39998
-0.398112
-0.396012
-0.394762
-0.394899
-0.396245
-0.398071
-0.39965
-0.400515
-0.400598
-0.400103
-0.39928
-0.398346
-0.397343
-0.396382
-0.395668
-0.395352
-0.395256
-0.395105
-0.394638
-0.393815
-0.392853
-0.392084
-0.391659
-0.391439
-0.391288
-0.391219
-0.391384
-0.391824
-0.392414
-0.392812
-0.392771
-0.392098
-0.390835
-0.389132
-0.387306
-0.385892
-0.385493
-0.386304
-0.387828
-0.389022
-0.389132
-0.388089
-0.386372
-0.384683
-0.38353
-0.383132
-0.383269
-0.383571
-0.383708
-0.383557
-0.383187
-0.382775
-0.382596
-0.382747
-0.382994
-0.382912
-0.382239
-0.381113
-0.379822
-0.378587
-0.377543
-0.37676
-0.376335
-0.376321
-0.376541
-0.376651
-0.376403
-0.375882
-0.375387
-0.375168
-0.375195
-0.375044
-0.374481
-0.373643
-0.372792
-0.371968
-0.37098
-0.369854
-0.368975
-0.368796
-0.369359
-0.369963
-0.36973
-0.368439
-0.366586
-0.36491
-0.363798
-0.363249
-0.363112
-0.363249
-0.363441
-0.363469
-0.363235
-0.362864
-0.362425
-0.362013
-0.361835
-0.362082
-0.362658
-0.363167
-0.363153
-0.362466
-0.36134
-0.360269
-0.359665
-0.359541
-0.359322
-0.358347
-0.356479
-0.354392
-0.352868
-0.35236
-0.352923
-0.354365
-0.356081
-0.357235
-0.357193
-0.356081
-0.354598
-0.353459
-0.352951
-0.352841
-0.352799
-0.352539
-0.351989
-0.351248
-0.350438
-0.349573
-0.348749
-0.347966
-0.347183
-0.346318
-0.345426
-0.344629
-0.343874
-0.34305
-0.342226
-0.341828
-0.342323
-0.343641
-0.344945
-0.345165
-0.343819
-0.341512
-0.339412
-0.338423
-0.338574
-0.339288
-0.339988
-0.3404
-0.340359
-0.3397
-0.338409
-0.336885
-0.3358
-0.335608
-0.336116
-0.336693
-0.336665
-0.335841
-0.334578
-0.333466
-0.332793
-0.33256
-0.33256
-0.332505
-0.332052
-0.331077
-0.329882
-0.328976
-0.328495
-0.328289
-0.328083
-0.327754
-0.327246
-0.326422
-0.325296
-0.324294
-0.323978
-0.324541
-0.325516
-0.326092
-0.325749
-0.324609
-0.323154
-0.321685
-0.320311
-0.319254
-0.318966
-0.31968
-0.320833
-0.321575
-0.321286
-0.320174
-0.318691
-0.317304
-0.316274
-0.315835
-0.315945
-0.316371
-0.316796
-0.316837
-0.315945
-0.313707
-0.310439
-0.307432
-0.306031
-0.306704
-0.308612
-0.310398
-0.311098
-0.310549
-0.309217
-0.30794
-0.30739
-0.307898
-0.309093
-0.310233
-0.310727
-0.310439
-0.309725
-0.308928
-0.308132
-0.307322
-0.306608
-0.305976
-0.305138
-0.303861
-0.302433
-0.301459
-0.30128
-0.301555
-0.301761
-0.30161
-0.30106
-0.300154
-0.299083
-0.298314
-0.298218
-0.298685
-0.299056
-0.298822
-0.298081
-0.297435
-0.297435
-0.297985
-0.298465
-0.298273
-0.297298
-0.295911
-0.294565
-0.293481
-0.292863
-0.29289
-0.293453
-0.29392
-0.293577
-0.292368
-0.291023
-0.29024
-0.290199
-0.290405
-0.290364
-0.289938
-0.289389
-0.289073
-0.289059
-0.289032
-0.288469
-0.287068
-0.285063
-0.283072
-0.281795
-0.281521
-0.282029
-0.282743
-0.283114
-0.282908
-0.282413
-0.282084
-0.282111
-0.282345
-0.282441
-0.282235
-0.281562
-0.280271
-0.278321
-0.276001
-0.273941
-0.272911
-0.27331
-0.274793
-0.276454
-0.277374
-0.277044
-0.275644
-0.273818
-0.272252
-0.271456
-0.271621
-0.272554
-0.273694
-0.274381
-0.274271
-0.273557
-0.272747
-0.272362
-0.272637
-0.27331
-0.273804
-0.27357
-0.272623
-0.271401
-0.270385
-0.269643
-0.269163
-0.268998
-0.269108
-0.269176
-0.268819
-0.267899
-0.266774
-0.26595
-0.265593
-0.265497
-0.265249
-0.264563
-0.263464
-0.262229
-0.261185
-0.260443
-0.25999
-0.259716
-0.259523
-0.25929
-0.258974
-0.258741
-0.258809
-0.25918
-0.25951
-0.259372
-0.258645
-0.257587
-0.256722
-0.25642
-0.256722
-0.257313
-0.257656
-0.257299
-0.256228
-0.254772
-0.253454
-0.252685
-0.25263
-0.25318
-0.254045
-0.254786
-0.254924
-0.254127
-0.252548
-0.250818
-0.249733
-0.249651
-0.250282
-0.250845
-0.250735
-0.249953
-0.249005
-0.248484
-0.248525
-0.248799
-0.248882
-0.248717
-0.248566
-0.248497
-0.248333
-0.247797
-0.247001
-0.246273
-0.245737
-0.245339
-0.245065
-0.24501
-0.245106
-0.244982
-0.244378
-0.243623
-0.243431
-0.244117
-0.245092
-0.245216
-0.243952
-0.241755
-0.239709
-0.238487
-0.238103
-0.238158
-0.238487
-0.239009
-0.239599
-0.239833
-0.239339
-0.238144
-0.236812
-0.235906
-0.235686
-0.235961
-0.236373
-0.236606
-0.236606
-0.23651
-0.236414
-0.236318
-0.236098
-0.235714
-0.235151
-0.23434
-0.233352
-0.232459
-0.231992
-0.232075
-0.232528
-0.232981
-0.233269
-0.23342
-0.233379
-0.232981
-0.23213
-0.231169
-0.230757
-0.231155
-0.231828
-0.231828
-0.230537
-0.228244
-0.225964
-0.224687
-0.224701
-0.225347
-0.225676
-0.225113
-0.223809
-0.222394
-0.221516
-0.221392
-0.221612
-0.221502
-0.220596
-0.21914
-0.217987
-0.217808
-0.21844
-0.219003
-0.218701
-0.217533
-0.216174
-0.215323
-0.215213
-0.215542
-0.215735
-0.215364
-0.214444
-0.213414
-0.212782
-0.212686
-0.212865
-0.213057
-0.213263
-0.213579
-0.214032
-0.214458
-0.214622
-0.214389
-0.213812
-0.213098
-0.212494
-0.212233
-0.212425
-0.21292
-0.213332
-0.213263
-0.212645
-0.211766
-0.210888
-0.21005
-0.209226
-0.208553
-0.208306
-0.208553
-0.208938
-0.208938
-0.208375
-0.207565
-0.206947
-0.206713
-0.206658
-0.206549
-0.206343
-0.206192
-0.206164
-0.206219
-0.206233
-0.206164
-0.206109
-0.206164
-0.206329
-0.206301
-0.205738
-0.204709
-0.203706
-0.203226
-0.20328
-0.2035
-0.203555
-0.203253
-0.20258
-0.201715
-0.201125
-0.201152
-0.201646
-0.202045
-0.201866
-0.201138
-0.200287
-0.199587
-0.198941
-0.198214
-0.197541
-0.197198
-0.197198
-0.197184
-0.196786
-0.196058
-0.195303
-0.194726
-0.19441
-0.194424
-0.19474
-0.195193
-0.19544
-0.195303
-0.194836
-0.194177
-0.193449
-0.19279
-0.192474
-0.192721
-0.193449
-0.194355
-0.19522
-0.195852
-0.195852
-0.194602
-0.192158
-0.189536
-0.187984
-0.187888
-0.188547
-0.188986
-0.188959
-0.188767
-0.188739
-0.188657
-0.188066
-0.186831
-0.185402
-0.184579
-0.184991
-0.186487
-0.188204
-0.189055
-0.188643
-0.187421
-0.186171
-0.185361
-0.184881
-0.184373
-0.183755
-0.183219
-0.182903
-0.182725
-0.182409
-0.181723
-0.180706
-0.179635
-0.178715
-0.177892
-0.176985
-0.175983
-0.175173
-0.174898
-0.175145
-0.175571
-0.175832
-0.175859
-0.175736
-0.175667
-0.175695
-0.175502
-0.174678
-0.173278
-0.172001
-0.171575
-0.172097
-0.173099
-0.174006
-0.174555
-0.174637
-0.174143
-0.173237
-0.172358
-0.171987
-0.172166
-0.172481
-0.172344
-0.171438
-0.1699
-0.168252
-0.167016
-0.166467
-0.166522
-0.166934
-0.167442
-0.167881
-0.168087
-0.168046
-0.168019
-0.168335
-0.168994
-0.169529
-0.169461
-0.16876
-0.167827
-0.167167
-0.166948
-0.167016
-0.167113
-0.166975
-0.166453
-0.16552
-0.1646
-0.164147
-0.164298
-0.164641
-0.164668
-0.164229
-0.163515
-0.162746
-0.161991
-0.16129
-0.160618
-0.159849
-0.158956
-0.158283
-0.158228
-0.158901
-0.159904
-0.160618
-0.160563
-0.159766
-0.158819
-0.158215
-0.157926
-0.157473
-0.15654
-0.155331
-0.154315
-0.153876
-0.154137
-0.154796
-0.155208
-0.154878
-0.153889
-0.152942
-0.15275
-0.153258
-0.153848
-0.154013
-0.153944
-0.154095
-0.154521
-0.154796
-0.154494
-0.153711
-0.152873
-0.152242
-0.151775
-0.151294
-0.1508
-0.15069
-0.151308
-0.152667
-0.154411
-0.155963
-0.156897
-0.156897
-0.155825
-0.153931
-0.151926
-0.150717
-0.150759
-0.151775
-0.152997
-0.153683
-0.153683
-0.153368
-0.153093
-0.15286
-0.152557
-0.152173
-0.151885
-0.151816
-0.151843
-0.151706
-0.151377
-0.15102
-0.150841
-0.150841
-0.150841
-0.150635
-0.150155
-0.14944
-0.148424
-0.147106
-0.145664
-0.144566
-0.144072
-0.14403
-0.144017
-0.143728
-0.143124
-0.142245
-0.141147
-0.139952
-0.138936
-0.138236
-0.137851
-0.137796
-0.13814
-0.138813
-0.139499
-0.139856
-0.139664
-0.138936
-0.137906
-0.136876
-0.136094
-0.135682
-0.135627
-0.135888
-0.13619
-0.136066
-0.135229
-0.133952
-0.132908
-0.132592
-0.132949
-0.133608
-0.134254
-0.134803
-0.13527
-0.135682
-0.136011
-0.136107
-0.135654
-0.134556
-0.133155
-0.13229
-0.132647
-0.134199
-0.136176
-0.137645
-0.138044
-0.137426
-0.136272
-0.13505
-0.13402
-0.133375
-0.133361
-0.133897
-0.13435
-0.13391
-0.132304
-0.130299
-0.12894
-0.128679
-0.128981
-0.129036
-0.128706
-0.128706
-0.129599
-0.131027
-0.131892
-0.131439
-0.129777
-0.12769
-0.126194
-0.126084
-0.127512
-0.129791
-0.131672
-0.132263
-0.131411
-0.129722
-0.127992
-0.126866
-0.126496
-0.126592
-0.126564
-0.126001
-0.124889
-0.123667
-0.122953
-0.123173
-0.124257
-0.125713
-0.126853
-0.127072
-0.12618
-0.124587
-0.123132
-0.122486
-0.122706
-0.123296
-0.123681
-0.12342
-0.12239
-0.120742
-0.119108
-0.118326
-0.118875
-0.120619
-0.122857
-0.12482
-0.125878
-0.125589
-0.123914
-0.121511
-0.119548
-0.11893
-0.119781
-0.121374
-0.122788
-0.123351
-0.122939
-0.121923
-0.120838
-0.120069
-0.119561
-0.119232
-0.119108
-0.119301
-0.119877
-0.12055
-0.12077
-0.120097
-0.118696
-0.117323
-0.116705
-0.116801
-0.116966
-0.116719
-0.116087
-0.115277
-0.114398
-0.113533
-0.112957
-0.112943
-0.113588
-0.114673
-0.11573
-0.116238
-0.116142
-0.115936
-0.116389
-0.117831
-0.119781
-0.121292
-0.12158
-0.120578
-0.118875
-0.117378
-0.116637
-0.116568
-0.116664
-0.116541
-0.116225
-0.116087
-0.116321
-0.116719
-0.116664
-0.115813
-0.114495
-0.11341
-0.112847
-0.112435
-0.111652
-0.110471
-0.109414
-0.109057
-0.109455
-0.110238
-0.111007
-0.111639
-0.112064
-0.112188
-0.111831
-0.111103
-0.110416
-0.110183
-0.110403
-0.110609
-0.110156
-0.108769
-0.106723
-0.104745
-0.103551
-0.103606
-0.104828
-0.106682
-0.108274
-0.108906
-0.108425
-0.107176
-0.10572
-0.104485
-0.103798
-0.103716
-0.104059
-0.104608
-0.105253
-0.105885
-0.10627
-0.106297
-0.106064
-0.105775
-0.105501
-0.105144
-0.104677
-0.104169
-0.103757
-0.103592
-0.103702
-0.103908
-0.104018
-0.103949
-0.103784
-0.103565
-0.103386
-0.103414
-0.103798
-0.104388
-0.104787
-0.104677
-0.104059
-0.10329
-0.102768
-0.102741
-0.103084
-0.103565
-0.103908
-0.104045
-0.104031
-0.103839
-0.103317
-0.10237
-0.101217
-0.100351
-0.100118
-0.100324
-0.100489
-0.100365
-0.100022
-0.0998297
-0.100022
-0.10064
-0.101491
-0.10215
-0.102164
-0.101285
-0.0997336
-0.0982781
-0.0976601
-0.0980309
-0.0987586
-0.0989509
-0.0981545
-0.0966715
-0.0954357
-0.0952435
-0.0961634
-0.0973581
-0.0977975
-0.0970697
-0.095724
-0.0947079
-0.0945981
-0.0951748
-0.0957652
-0.0958888
-0.0955867
-0.0952572
-0.0951061
-0.0949414
-0.0944059
-0.0935683
-0.0928405
-0.0926895
-0.0931975
-0.0939115
-0.094145
-0.0936918
-0.093019
-0.0928954
-0.0935957
-0.0946667
-0.0953808
-0.0953808
-0.0947629
-0.0938291
-0.0929778
-0.0926345
-0.0929641
-0.0936644
-0.0941862
-0.0941999
-0.0936506
-0.0925933
-0.0911516
-0.0897784
-0.0892017
-0.0898334
-0.0912477
-0.0924698
-0.0927718
-0.0922638
-0.0916459
-0.091536
-0.091948
-0.0924148
-0.092662
-0.0926757
-0.0925109
-0.0920578
-0.0913026
-0.0905749
-0.090314
-0.0907396
-0.0914948
-0.0920578
-0.0920578
-0.0914948
-0.0905611
-0.0896686
-0.0892429
-0.0893665
-0.0896549
-0.0895313
-0.0887074
-0.0873892
-0.0862358
-0.0859612
-0.0867301
-0.087911
-0.0885426
-0.0882405
-0.0874579
-0.0868949
-0.0868125
-0.0869498
-0.0869773
-0.0867988
-0.0864967
-0.0863319
-0.0863868
-0.0865241
-0.0863319
-0.0856179
-0.0845194
-0.0835033
-0.0829952
-0.0833248
-0.0843958
-0.0856865
-0.0864555
-0.0863182
-0.0855492
-0.0846979
-0.08408
-0.0835857
-0.0831188
-0.082803
-0.082803
-0.0830502
-0.0832836
-0.083366
-0.0835033
-0.0840388
-0.0849451
-0.0857003
-0.0856179
-0.084643
-0.083366
-0.0826245
-0.0826794
-0.0832012
-0.0835994
-0.083517
-0.0830364
-0.082597
-0.082652
-0.0832012
-0.0838191
-0.0840663
-0.0837779
-0.082954
-0.0816221
-0.0801254
-0.0791642
-0.079535
-0.0813887
-0.0840525
-0.0862907
-0.0871146
-0.0863594
-0.0847254
-0.0831188
-0.082089
-0.0818281
-0.0823499
-0.0834484
-0.0845194
-0.0848489
-0.0841349
-0.0827893
-0.0815123
-0.0808394
-0.0810179
-0.0820066
-0.0834758
-0.0847803
-0.0852746
-0.0848627
-0.0839427
-0.0830776
-0.0825696
-0.0823224
-0.082089
-0.081732
-0.0812788
-0.0807982
-0.0804275
-0.0802902
-0.0803176
-0.0801941
-0.07948
-0.0780245
-0.0762395
-0.0747702
-0.0741386
-0.0745643
-0.0760335
-0.0781481
-0.0801254
-0.0810179
-0.0803451
-0.078615
-0.0768299
-0.075855
-0.0758687
-0.0764455
-0.0770084
-0.0772281
-0.0771595
-0.0772281
-0.0776813
-0.0782854
-0.0786836
-0.078615
-0.0781756
-0.077695
-0.0774616
-0.0775851
-0.0777911
-0.0777225
-0.0772831
-0.0767475
-0.0764866
-0.0765141
-0.076624
-0.0766102
-0.0765278
-0.0766377
-0.0772693
-0.0783541
-0.0794938
-0.0802078
-0.0803314
-0.0799057
-0.0790406
-0.0777911
-0.0763493
-0.0750586
-0.0742347
-0.0739601
-0.0740974
-0.0743858
-0.0745917
-0.0745917
-0.0744682
-0.0745231
-0.0749076
-0.075649
-0.0767063
-0.0779147
-0.0789033
-0.0792054
-0.0787798
-0.0779422
-0.0769672
-0.0758687
-0.0746055
-0.0734246
-0.0725733
-0.0722162
-0.0722849
-0.0724771
-0.0724222
-0.0719279
-0.07131
-0.070953
-0.0710079
-0.0711589
-0.071104
-0.0709255
-0.0708981
-0.071104
-0.07131
-0.0712413
-0.070747
-0.0699094
-0.0689894
-0.0683578
-0.0682342
-0.0685226
-0.0689345
-0.0691267
-0.068907
-0.0681793
-0.0671769
-0.0664629
-0.0665865
-0.0675476
-0.0687697
-0.0694563
-0.0692366
-0.0684264
-0.0676987
-0.067479
-0.0677673
-0.0682342
-0.0686599
-0.0689757
-0.0691542
-0.0691267
-0.0690169
-0.0690306
-0.0692228
-0.0694425
-0.0695524
-0.0695799
-0.0695249
-0.0693327
-0.0691267
-0.0690306
-0.068962
-0.0685912
-0.0677673
-0.0667375
-0.0658999
-0.0655566
-0.0659411
-0.0671494
-0.0689208
-0.0704312
-0.0708294
-0.0699231
-0.0683715
-0.0671906
-0.0668473
-0.0671494
-0.0676026
-0.0679596
-0.0681106
-0.0680145
-0.0675476
-0.0666551
-0.0655154
-0.0645954
-0.0643071
-0.0645817
-0.065076
-0.0653918
-0.0654193
-0.0652133
-0.0649936
-0.0649936
-0.0652957
-0.0657214
-0.0659823
-0.0660647
-0.0661745
-0.0665041
-0.0671494
-0.0679047
-0.0683852
-0.068042
-0.0666963
-0.0646366
-0.0625769
-0.0611489
-0.0606134
-0.0607095
-0.0609292
-0.0608468
-0.0605722
-0.0606134
-0.0613137
-0.0625495
-0.0638265
-0.0648151
