LECROYHDO9204-MSöv,30454,Waveform
Segments,1,SegmentSize,2002
Ampl
-0.0170855
-0.0165225
-0.0160557
-0.0159046
-0.0158634
-0.0155888
-0.0148748
-0.0139823
-0.0133506
-0.0131996
-0.0134055
-0.0138175
-0.0142431
-0.0145727
-0.0147237
-0.0146276
-0.0143118
-0.0138724
-0.0135429
-0.0135154
-0.01379
-0.0141608
-0.014504
-0.0149572
-0.015479
-0.0157398
-0.0153416
-0.0143667
-0.0133643
-0.0129524
-0.0132408
-0.0139548
-0.0145727
-0.0147237
-0.0144217
-0.0140784
-0.0141608
-0.0146825
-0.015273
-0.0155476
-0.0155888
-0.015781
-0.016344
-0.0169757
-0.0170168
-0.0160007
-0.0140646
-0.0118265
-0.0100414
-0.00914887
-0.0091626
-0.0100002
-0.0115244
-0.0134879
-0.0154103
-0.016756
-0.0170992
-0.0163577
-0.0148199
-0.0132408
-0.0124306
-0.0127876
-0.0140097
-0.0153004
-0.0159321
-0.0155613
-0.0144491
-0.0133369
-0.0128838
-0.0131721
-0.0137076
-0.0139136
-0.0136802
-0.0132682
-0.0129524
-0.0128151
-0.0128014
-0.0127739
-0.0126778
-0.0125542
-0.0124856
-0.0124718
-0.0125267
-0.0127876
-0.0133232
-0.0139823
-0.0143667
-0.0144217
-0.0143805
-0.0145315
-0.014861
-0.0151357
-0.015067
-0.014504
-0.013584
-0.0128975
-0.0128975
-0.0134742
-0.0141058
-0.014353
-0.014202
-0.0138999
-0.0137076
-0.0137488
-0.0140234
-0.0143393
-0.0145864
-0.0148885
-0.0154378
-0.0160694
-0.0163166
-0.0159046
-0.0149984
-0.0140372
-0.0133232
-0.0130485
-0.0131858
-0.0134879
-0.0135017
-0.0131035
-0.0126915
-0.0128151
-0.0135017
-0.0142981
-0.0147924
-0.0150121
-0.0152593
-0.0156437
-0.0160007
-0.0160694
-0.0159046
-0.0158085
-0.0159458
-0.0160419
-0.0156987
-0.0149022
-0.0140509
-0.0135017
-0.0132545
-0.0130897
-0.0128563
-0.012513
-0.012005
-0.0114969
-0.0113871
-0.0121285
-0.0137076
-0.0156163
-0.016907
-0.0168383
-0.0154927
-0.0138449
-0.0131309
-0.0137763
-0.0152043
-0.0164813
-0.017113
-0.0171679
-0.0168933
-0.0164676
-0.0160419
-0.015781
-0.0158909
-0.0163715
-0.0169207
-0.0171816
-0.0169482
-0.0163989
-0.0157948
-0.0154652
-0.0155613
-0.0160831
-0.0169207
-0.0178819
-0.0188294
-0.0195708
-0.0197631
-0.0190079
-0.0172365
-0.0151082
-0.0137076
-0.0137763
-0.015067
-0.01655
-0.0171954
-0.016701
-0.0155476
-0.0145178
-0.0141608
-0.014559
-0.0153828
-0.0163028
-0.0170855
-0.0175661
-0.0176348
-0.0173739
-0.0170855
-0.0170992
-0.01747
-0.0178956
-0.0178682
-0.0170168
-0.0154103
-0.0138037
-0.0130211
-0.013433
-0.0146002
-0.015836
-0.0166736
-0.0171267
-0.0174425
-0.0176897
-0.0176348
-0.0170168
-0.0159733
-0.0151631
-0.015273
-0.0163303
-0.0175936
-0.0182115
-0.0177858
-0.0165912
-0.0151906
-0.0142157
-0.0141196
-0.0149984
-0.0163303
-0.0172777
-0.0170992
-0.0157261
-0.01379
-0.0123757
-0.0121972
-0.0131446
-0.0144217
-0.0153004
-0.0156712
-0.015836
-0.0160557
-0.0164401
-0.016907
-0.0174013
-0.017827
-0.0180192
-0.0177446
-0.0170031
-0.0161381
-0.0157261
-0.0160282
-0.0166324
-0.0168109
-0.0162754
-0.0153691
-0.0146414
-0.014353
-0.0144628
-0.0147787
-0.015067
-0.0151906
-0.0151494
-0.0150533
-0.0149846
-0.0149297
-0.0148885
-0.0149022
-0.0149984
-0.0152455
-0.0156575
-0.0160145
-0.0159733
-0.0153828
-0.0145864
-0.0141196
-0.0141333
-0.014353
-0.0145315
-0.0147375
-0.0151494
-0.0157398
-0.016193
-0.0161106
-0.0152455
-0.0139273
-0.0128426
-0.0125405
-0.0128975
-0.0133369
-0.0134193
-0.013227
-0.013227
-0.0138861
-0.0152181
-0.0166873
-0.0175661
-0.0173876
-0.0163166
-0.0148199
-0.0133781
-0.0124306
-0.0124306
-0.0134467
-0.0149297
-0.0158772
-0.0157261
-0.0147787
-0.0138861
-0.0136939
-0.0143255
-0.0154927
-0.0166049
-0.0170992
-0.016756
-0.0158085
-0.0147237
-0.0138037
-0.0131721
-0.0127053
-0.0122109
-0.0116617
-0.0114145
-0.0118402
-0.0129387
-0.0140921
-0.0145315
-0.0139273
-0.0126915
-0.0116205
-0.0114145
-0.0122384
-0.0135703
-0.0146825
-0.0151357
-0.0149846
-0.014504
-0.0140784
-0.0141196
-0.0147237
-0.01563
-0.0163715
-0.0168109
-0.0170031
-0.0168246
-0.0158772
-0.0140234
-0.0117578
-0.0100002
-0.00949215
-0.0103572
-0.0119226
-0.0131584
-0.0135978
-0.01379
-0.0146963
-0.0166049
-0.0187195
-0.0199416
-0.0198455
-0.0188568
-0.0176485
-0.0166598
-0.0159733
-0.0155888
-0.0157261
-0.0166324
-0.018184
-0.019667
-0.0201613
-0.0193511
-0.0177309
-0.0162891
-0.0156712
-0.0160282
-0.0169207
-0.0177446
-0.0181291
-0.0180879
-0.0178956
-0.0175249
-0.0168658
-0.0159184
-0.0150807
-0.0147512
-0.0151219
-0.0161106
-0.0173739
-0.0184449
-0.0188431
-0.0184312
-0.0173464
-0.0159458
-0.0146963
-0.0141058
-0.0144079
-0.0152043
-0.0156712
-0.0153279
-0.0143805
-0.0134605
-0.0130211
-0.0131172
-0.0134193
-0.0135429
-0.0132957
-0.0129799
-0.0130348
-0.0135703
-0.0141058
-0.0140784
-0.013282
-0.0120736
-0.0110987
-0.0109202
-0.0114832
-0.0120736
-0.0120324
-0.0114557
-0.0110026
-0.0111536
-0.0118265
-0.0126915
-0.0134467
-0.0139136
-0.0141333
-0.0142981
-0.0145727
-0.0149434
-0.0153142
-0.0156163
-0.0158772
-0.0160419
-0.0160007
-0.0157673
-0.0152593
-0.0143118
-0.0130211
-0.0118951
-0.0116068
-0.0123757
-0.0137076
-0.0148473
-0.0153004
-0.0150533
-0.0145178
-0.0144217
-0.0153142
-0.0170168
-0.0189255
-0.020532
-0.021864
-0.023086
-0.0241845
-0.0253105
-0.026972
-0.029677
-0.0332471
-0.037133
-0.040964
-0.0448362
-0.0489556
-0.0534045
-0.0582104
-0.0634557
-0.0692915
-0.0758687
-0.0831737
-0.0907259
-0.0978936
-0.104375
-0.110444
-0.116554
-0.122926
-0.129448
-0.135888
-0.142204
-0.148781
-0.156031
-0.163817
-0.171424
-0.178345
-0.184826
-0.191472
-0.198406
-0.205024
-0.210778
-0.215693
-0.220252
-0.224811
-0.229466
-0.234148
-0.238927
-0.243719
-0.248099
-0.251491
-0.253701
-0.255184
-0.256709
-0.258755
-0.261391
-0.264357
-0.267323
-0.269959
-0.272088
-0.273694
-0.274957
-0.276028
-0.276866
-0.277278
-0.277223
-0.27699
-0.276976
-0.277264
-0.277566
-0.277539
-0.277058
-0.276207
-0.275191
-0.274367
-0.274106
-0.274312
-0.274408
-0.273639
-0.271607
-0.268696
-0.265977
-0.264673
-0.265167
-0.266746
-0.268147
-0.268517
-0.267762
-0.266307
-0.264535
-0.262654
-0.260828
-0.259372
-0.258713
-0.259043
-0.260141
-0.261611
-0.263094
-0.264316
-0.264906
-0.26448
-0.263094
-0.261391
-0.260251
-0.260169
-0.261048
-0.262393
-0.263684
-0.264494
-0.264577
-0.264068
-0.263478
-0.263382
-0.264041
-0.265304
-0.266815
-0.268133
-0.269067
-0.269602
-0.269808
-0.269533
-0.268627
-0.26724
-0.265991
-0.265387
-0.265524
-0.266018
-0.266513
-0.266938
-0.267446
-0.268215
-0.269149
-0.269781
-0.269685
-0.268929
-0.26827
-0.268655
-0.270344
-0.272472
-0.273639
-0.273159
-0.271662
-0.270522
-0.270481
-0.271222
-0.271978
-0.272266
-0.272101
-0.271758
-0.271497
-0.271442
-0.271442
-0.271236
-0.270838
-0.270618
-0.271003
-0.271895
-0.272774
-0.273076
-0.27265
-0.271717
-0.270591
-0.269602
-0.269094
-0.269039
-0.269039
-0.268572
-0.267639
-0.266746
-0.266417
-0.266774
-0.267474
-0.268009
-0.268037
-0.267515
-0.266622
-0.265606
-0.264631
-0.264014
-0.264082
-0.264906
-0.26606
-0.266801
-0.266732
-0.266114
-0.265661
-0.265799
-0.266375
-0.266883
-0.266883
-0.266238
-0.265016
-0.263519
-0.262283
-0.261775
-0.262119
-0.262956
-0.263684
-0.263904
-0.263506
-0.262668
-0.261693
-0.260773
-0.260073
-0.259729
-0.25988
-0.260471
-0.261226
-0.261762
-0.26172
-0.261006
-0.260045
-0.259633
-0.260485
-0.262462
-0.264494
-0.265291
-0.264206
-0.261803
-0.259427
-0.258109
-0.257944
-0.25826
-0.258301
-0.25778
-0.256915
-0.256283
-0.256283
-0.256846
-0.257505
-0.25778
-0.257395
-0.256434
-0.255184
-0.254141
-0.253756
-0.254113
-0.25491
-0.255541
-0.255596
-0.255075
-0.254525
-0.254525
-0.255226
-0.256146
-0.256599
-0.256338
-0.25572
-0.255171
-0.254676
-0.253962
-0.253042
-0.252177
-0.251559
-0.251024
-0.250324
-0.249582
-0.24917
-0.249349
-0.249898
-0.250406
-0.250612
-0.250543
-0.250241
-0.249719
-0.249101
-0.248635
-0.248566
-0.248703
-0.248717
-0.248387
-0.247948
-0.247838
-0.24814
-0.248456
-0.24814
-0.246946
-0.24527
-0.243829
-0.243142
-0.243225
-0.243884
-0.244666
-0.245229
-0.24538
-0.245243
-0.245078
-0.245051
-0.245023
-0.244859
-0.244529
-0.244227
-0.244076
-0.244035
-0.243911
-0.243623
-0.243293
-0.243019
-0.242716
-0.242236
-0.241549
-0.240671
-0.239668
-0.238638
-0.237787
-0.237183
-0.236688
-0.236167
-0.23581
-0.235988
-0.236675
-0.237293
-0.237348
-0.237032
-0.237032
-0.237705
-0.238666
-0.239133
-0.238748
-0.237856
-0.237087
-0.236757
-0.236661
-0.236386
-0.235755
-0.234986
-0.234313
-0.233777
-0.23342
-0.233338
-0.23353
-0.233723
-0.233558
-0.232844
-0.231732
-0.230633
-0.230098
-0.230578
-0.232034
-0.233874
-0.235123
-0.235123
-0.233887
-0.232047
-0.230537
-0.230029
-0.230441
-0.230976
-0.230757
-0.229631
-0.228065
-0.226843
-0.226363
-0.226624
-0.227214
-0.227612
-0.227516
-0.226884
-0.225882
-0.224784
-0.223822
-0.223136
-0.222751
-0.222696
-0.222861
-0.223108
-0.223259
-0.223246
-0.222998
-0.222463
-0.221653
-0.220705
-0.219827
-0.219277
-0.21925
-0.219676
-0.220142
-0.220225
-0.219868
-0.219634
-0.220087
-0.221186
-0.222106
-0.222051
-0.220884
-0.219126
-0.2173
-0.215735
-0.214416
-0.213387
-0.212659
-0.212247
-0.212165
-0.212398
-0.212865
-0.213332
-0.2134
-0.212961
-0.212357
-0.212219
-0.212865
-0.21395
-0.214636
-0.214169
-0.212398
-0.209899
-0.207729
-0.206713
-0.206974
-0.20788
-0.208649
-0.208883
-0.208759
-0.208567
-0.208471
-0.208361
-0.208169
-0.20788
-0.207496
-0.207125
-0.20696
-0.207139
-0.207523
-0.207839
-0.20788
-0.207606
-0.206878
-0.205752
-0.204612
-0.203981
-0.204063
-0.20442
-0.20442
-0.203898
-0.203116
-0.202484
-0.202333
-0.202772
-0.203486
-0.203871
-0.203404
-0.202127
-0.200589
-0.199532
-0.199285
-0.199655
-0.200177
-0.200507
-0.200548
-0.200191
-0.199353
-0.198021
-0.19658
-0.195564
-0.195083
-0.194671
-0.193875
-0.192968
-0.192845
-0.193998
-0.195893
-0.197294
-0.19739
-0.196429
-0.195316
-0.194685
-0.194451
-0.1943
-0.194232
-0.194451
-0.194781
-0.194616
-0.193586
-0.192186
-0.191307
-0.191513
-0.192502
-0.193518
-0.193779
-0.192955
-0.191279
-0.189577
-0.188835
-0.189563
-0.191389
-0.193216
-0.193943
-0.193092
-0.191142
-0.189302
-0.188725
-0.189838
-0.191911
-0.193586
-0.193724
-0.192007
-0.189206
-0.186583
-0.185032
-0.184579
-0.184771
-0.185155
-0.185471
-0.185512
-0.185183
-0.18473
-0.184606
-0.185004
-0.185608
-0.185911
-0.185732
-0.18521
-0.18462
-0.184194
-0.184084
-0.184304
-0.184537
-0.184359
-0.183535
-0.182354
-0.181352
-0.180844
-0.180665
-0.180391
-0.179841
-0.179237
-0.17899
-0.179265
-0.179828
-0.180198
-0.179965
-0.179182
-0.178207
-0.177356
-0.176669
-0.175997
-0.175351
-0.17498
-0.175228
-0.176161
-0.177425
-0.178372
-0.178386
-0.177315
-0.175626
-0.174074
-0.173113
-0.172674
-0.172495
-0.172413
-0.172262
-0.171891
-0.171273
-0.170683
-0.170545
-0.171081
-0.172166
-0.173374
-0.17428
-0.174775
-0.174829
-0.17439
-0.173264
-0.171424
-0.169296
-0.167676
-0.167195
-0.167895
-0.169296
-0.170614
-0.171122
-0.170477
-0.168994
-0.167579
-0.167003
-0.167209
-0.167566
-0.167538
-0.167016
-0.166151
-0.165273
-0.164957
-0.165602
-0.166907
-0.16795
-0.167936
-0.166907
-0.165698
-0.165149
-0.165327
-0.165588
-0.165382
-0.16471
-0.164064
-0.163776
-0.163748
-0.163735
-0.163625
-0.163419
-0.163158
-0.16276
-0.162114
-0.161208
-0.160123
-0.159039
-0.158119
-0.157501
-0.157116
-0.156897
-0.156773
-0.156759
-0.156828
-0.156883
-0.156951
-0.157226
-0.15783
-0.158572
-0.159039
-0.158984
-0.158421
-0.157528
-0.156512
-0.155482
-0.154452
-0.153477
-0.152763
-0.152475
-0.152461
-0.152406
-0.152091
-0.151377
-0.150292
-0.149097
-0.148301
-0.148205
-0.148603
-0.148878
-0.148644
-0.147999
-0.147367
-0.147079
-0.147065
-0.147079
-0.146928
-0.146694
-0.146571
-0.146612
-0.146543
-0.146104
-0.145349
-0.144799
-0.144964
-0.145925
-0.147161
-0.147875
-0.147573
-0.146365
-0.144882
-0.143769
-0.14333
-0.143454
-0.143769
-0.143989
-0.144044
-0.144058
-0.144195
-0.14447
-0.144703
-0.144689
-0.144332
-0.143756
-0.143152
-0.142726
-0.142644
-0.143014
-0.143673
-0.144209
-0.144319
-0.144044
-0.143742
-0.143742
-0.144003
-0.144154
-0.143728
-0.142589
-0.141023
-0.13954
-0.138524
-0.138085
-0.138195
-0.138579
-0.138909
-0.138909
-0.138607
-0.138181
-0.13781
-0.137522
-0.137316
-0.137384
-0.137893
-0.13873
-0.139334
-0.139046
-0.137618
-0.135558
-0.133883
-0.133334
-0.133924
-0.134899
-0.135586
-0.135778
-0.135599
-0.135105
-0.134295
-0.133389
-0.132826
-0.132936
-0.133691
-0.134693
-0.135297
-0.135064
-0.134089
-0.133073
-0.132771
-0.13332
-0.134116
-0.134295
-0.133499
-0.132071
-0.130917
-0.130725
-0.131425
-0.132359
-0.132949
-0.132991
-0.13262
-0.131933
-0.131109
-0.130437
-0.130189
-0.130327
-0.130588
-0.130848
-0.131288
-0.132112
-0.133087
-0.133718
-0.133677
-0.133155
-0.132537
-0.132112
-0.131823
-0.131562
-0.131411
-0.131604
-0.132112
-0.132482
-0.132263
-0.131411
-0.130272
-0.12916
-0.128226
-0.127525
-0.127168
-0.127182
-0.127498
-0.127883
-0.128047
-0.127896
-0.127553
-0.127182
-0.126729
-0.126125
-0.125356
-0.124367
-0.123173
-0.121964
-0.121113
-0.120989
-0.121497
-0.12206
-0.122129
-0.121758
-0.121484
-0.121745
-0.122486
-0.123255
-0.123598
-0.123214
-0.122184
-0.120976
-0.120111
-0.119767
-0.119767
-0.119767
-0.119616
-0.119301
-0.118916
-0.118573
-0.11849
-0.118875
-0.119877
-0.121456
-0.123255
-0.124614
-0.124903
-0.123942
-0.122308
-0.120797
-0.119946
-0.119699
-0.119699
-0.119836
-0.120179
-0.120729
-0.12125
-0.121443
-0.121319
-0.121154
-0.121099
-0.121072
-0.120742
-0.119987
-0.119108
-0.118669
-0.119081
-0.120234
-0.12158
-0.122472
-0.122569
-0.121868
-0.120632
-0.119287
-0.118243
-0.117721
-0.117735
-0.118106
-0.118532
-0.118669
-0.118284
-0.117488
-0.116623
-0.116032
-0.115772
-0.115813
-0.11606
-0.116307
-0.116417
-0.116321
-0.11606
-0.115634
-0.115099
-0.114632
-0.114522
-0.114714
-0.114797
-0.114344
-0.113396
-0.112504
-0.112215
-0.11271
-0.113753
-0.114907
-0.115881
-0.116499
-0.116664
-0.116156
-0.11492
-0.113286
-0.111831
-0.111089
-0.111117
-0.111597
-0.112092
-0.112133
-0.111378
-0.109895
-0.108357
-0.107684
-0.10837
-0.109936
-0.111323
-0.111748
-0.111103
-0.109799
-0.108384
-0.107217
-0.106421
-0.106119
-0.106407
-0.107258
-0.108288
-0.108988
-0.109153
-0.108824
-0.108165
-0.107354
-0.106599
-0.106105
-0.105926
-0.106105
-0.106709
-0.107766
-0.109112
-0.110238
-0.110513
-0.109606
-0.107945
-0.106434
-0.105775
-0.105899
-0.10627
-0.106476
-0.106695
-0.107299
-0.108165
-0.1087
-0.108316
-0.106942
-0.105171
-0.103688
-0.102823
-0.102548
-0.102699
-0.102988
-0.103262
-0.103468
-0.103867
-0.104773
-0.10605
-0.10697
-0.106778
-0.105363
-0.103455
-0.10204
-0.101574
-0.101834
-0.102219
-0.102095
-0.101134
-0.0994589
-0.0977288
-0.0967402
-0.0968775
-0.097921
-0.0993354
-0.100489
-0.101011
-0.100901
-0.100489
-0.100008
-0.0994315
-0.0986213
-0.0978387
-0.0975915
-0.0981682
-0.0991568
-0.0998297
-0.099761
-0.0992667
-0.0990058
-0.0992667
-0.0996649
-0.0996512
-0.0990745
-0.0984016
-0.0980034
-0.0978249
-0.0976327
-0.0975091
-0.0976739
-0.0980584
-0.0981819
-0.0977563
-0.0971246
-0.0969187
-0.0974954
-0.0987174
-0.100104
-0.101162
-0.101436
-0.100832
-0.09961
-0.0982643
-0.0972757
-0.0970422
-0.0975091
-0.0982369
-0.0987174
-0.0987724
-0.098484
-0.0978798
-0.0969461
-0.095779
-0.0946667
-0.0938429
-0.0934584
-0.0936506
-0.0944608
-0.0956829
-0.0967676
-0.0972345
-0.09685
-0.0958614
-0.0947079
-0.093733
-0.0931838
-0.0933074
-0.0941312
-0.0951473
-0.0955593
-0.094859
-0.0933348
-0.0918381
-0.0911241
-0.0913163
-0.0920441
-0.0929229
-0.093582
-0.093582
-0.0927032
-0.0912477
-0.0898746
-0.0889958
-0.0885426
-0.0882817
-0.0883504
-0.0889958
-0.0900805
-0.0908907
-0.0907122
-0.0895313
-0.0881444
-0.0875815
-0.0883092
-0.0898471
-0.0912614
-0.0918244
-0.091385
-0.0902453
-0.0887761
-0.0874716
-0.0866615
-0.0863868
-0.0862633
-0.0859749
-0.085508
-0.0852471
-0.0855218
-0.086428
-0.0875815
-0.088474
-0.0888585
-0.0888173
-0.0884602
-0.08776
-0.08684
-0.0861259
-0.0860436
-0.0865379
-0.0870734
-0.0871009
-0.0864143
-0.0853433
-0.0845057
-0.0845606
-0.0856591
-0.0872931
-0.0886388
-0.089037
-0.0883641
-0.0868537
-0.0850412
-0.0835994
-0.0830776
-0.0836543
-0.085151
-0.0871421
-0.0891468
-0.0905474
-0.0907808
-0.0897372
-0.0878698
-0.0858513
-0.0842173
-0.0832287
-0.0828854
-0.082954
-0.0831325
-0.0832149
-0.0831463
-0.082954
-0.0827618
-0.0827206
-0.0828991
-0.0832012
-0.0835857
-0.0840937
-0.0848489
-0.0857003
-0.0863319
-0.0865653
-0.0863456
-0.085714
-0.0846567
-0.0832424
-0.0817457
-0.0805923
-0.080249
-0.0808944
-0.0822263
-0.0834621
-0.0838191
-0.0831188
-0.0818281
-0.0805648
-0.0795212
-0.0786699
-0.0780108
-0.0775989
-0.0772831
-0.0768849
-0.0764455
-0.0761571
-0.0761846
-0.0766926
-0.0777636
-0.079123
-0.080098
-0.0802215
-0.0796311
-0.0789857
-0.0789583
-0.0795212
-0.0799606
-0.0794938
-0.0780383
-0.0764043
-0.0755941
-0.0757726
-0.0763631
-0.076624
-0.0762395
-0.0754293
-0.0745643
-0.0739876
-0.0739326
-0.0744132
-0.0752646
-0.0762669
-0.0772281
-0.0779147
-0.0781069
-0.0777911
-0.077338
-0.0771869
-0.0774341
-0.0775989
-0.0770771
-0.0758001
-0.0743171
-0.0732735
-0.0727243
-0.0723261
-0.071873
-0.0715434
-0.0717082
-0.0724359
-0.0734383
-0.074372
-0.074935
-0.0748938
-0.0742622
-0.0734795
-0.0732324
-0.0737404
-0.0744956
-0.0748389
-0.0745505
-0.073864
-0.073095
-0.0725183
-0.0722162
-0.0721751
-0.0721751
-0.072024
-0.0716121
-0.0709667
-0.0704037
-0.07039
-0.0712139
-0.0726968
-0.074221
-0.0750861
-0.0749899
-0.07407
-0.0727518
-0.071461
-0.0704449
-0.0696897
-0.0691679
-0.0691679
-0.0699094
-0.0710491
-0.0718455
-0.0718455
-0.07131
-0.0707058
-0.0701291
-0.0694288
-0.0686736
-0.0681655
-0.0682205
-0.0688658
-0.0698682
-0.0708157
-0.0712001
-0.0708706
-0.0701978
-0.0696897
-0.0694837
-0.0693602
-0.0689894
-0.0683029
-0.0674241
-0.0666139
-0.0661745
-0.0661883
-0.0664354
-0.0666276
-0.0667375
-0.0669023
-0.0671082
-0.0671357
-0.0667787
-0.0661059
-0.0655429
-0.0656802
-0.06671
-0.0682205
-0.0693602
-0.0693876
-0.0680557
-0.0658724
-0.0638128
-0.0628653
-0.0631811
-0.0640736
-0.0647327
-0.0649387
-0.0651172
-0.0655566
-0.0661333
-0.0664766
-0.0664629
-0.0662157
-0.0659411
-0.065845
-0.0659823
-0.0662294
-0.0662569
-0.065845
-0.0651309
-0.0645405
-0.0644444
-0.0648426
-0.0653918
-0.0657626
-0.0658587
-0.0659136
-0.0659548
-0.0656939
-0.0646778
-0.0630301
-0.0615334
-0.0610802
-0.0617943
-0.0629477
-0.0635931
-0.0633322
-0.0625632
-0.0620689
-0.0623161
-0.0631399
-0.0638539
-0.0640462
-0.0638402
-0.0635793
-0.0632772
-0.0626456
-0.0615883
-0.0603525
-0.0592952
-0.0587871
-0.0590618
-0.0601328
-0.0616432
-0.0628516
-0.0631399
-0.0622611
-0.0604761
-0.0584851
-0.0570982
-0.0567687
-0.0575788
-0.0592403
-0.0611901
-0.0625632
-0.0626868
-0.0617943
-0.0608605
-0.0606958
-0.0613411
-0.0622062
-0.0627417
-0.0627143
-0.0620689
-0.0609567
-0.0596659
-0.0585537
-0.0580731
-0.05854
-0.0599131
-0.0614373
-0.0620414
-0.0611214
-0.0592952
-0.0579083
-0.0579083
-0.0591167
-0.0604074
-0.0608194
-0.0601465
-0.059048
-0.0582654
-0.0580731
-0.0582379
-0.0584164
-0.0582791
-0.0576063
-0.0564116
-0.0552308
-0.0548051
-0.0554779
-0.0567961
-0.0577848
-0.0577848
-0.0569746
-0.056137
-0.0559997
-0.0567549
-0.0580319
-0.0592128
-0.0599131
-0.0600916
-0.0599818
-0.0597346
-0.0595973
-0.0596385
-0.0596659
-0.0592677
-0.058334
-0.057263
-0.0564803
-0.0560958
-0.0558349
-0.0555054
-0.0551758
-0.0548737
-0.0545717
-0.0543657
-0.054503
-0.0552445
-0.0565078
-0.0578122
-0.0586773
-0.0588558
-0.0584576
-0.0576612
-0.0567137
-0.0559722
-0.0557937
-0.0562469
-0.0568922
-0.0570707
-0.0565078
-0.0555191
-0.0545991
-0.0541185
-0.054297
-0.0551209
-0.0562057
-0.0567824
-0.0563979
-0.0554093
-0.0545717
-0.0542696
-0.0543932
-0.0545991
-0.0547227
-0.0547502
-0.0547639
-0.0547639
-0.054503
-0.0537753
-0.0528965
-0.0524159
-0.052512
-0.0526768
-0.0522511
-0.0511526
-0.0499168
-0.049244
-0.0496971
-0.0513586
-0.0537203
-0.05578
-0.0566313
-0.0559448
-0.0541735
-0.0522511
-0.0509878
-0.0507269
-0.0513174
-0.052306
-0.0533221
-0.0540773
-0.0543382
-0.053789
-0.0524433
-0.0507132
-0.049244
-0.0486535
-0.0492714
-0.0509192
-0.0529239
-0.0543108
-0.0544893
-0.0537478
-0.0527454
-0.0520177
-0.0517568
-0.0520039
-0.0526356
-0.0532809
-0.0534457
-0.0530063
-0.0522786
-0.0517842
-0.0517293
-0.0519078
-0.051949
-0.0517018
-0.051386
-0.0511938
-0.0509878
-0.0504935
-0.0496696
-0.0488732
-0.0485299
-0.0488458
-0.0498344
-0.0513448
-0.0528553
-0.0536929
-0.0535967
-0.0528965
-0.0520863
-0.0512624
-0.0502189
-0.0489144
-0.0477198
-0.0472667
-0.0478983
-0.0492028
-0.0502463
-0.0502738
-0.0494637
-0.0485025
-0.0478296
-0.0474314
-0.0473216
-0.0477335
-0.048681
-0.0496971
-0.0500678
-0.0495186
-0.0484887
-0.0477198
-0.0478159
-0.0487496
-0.0499442
-0.0507132
-0.050672
-0.0499168
-0.048832
-0.0478846
-0.0473491
-0.0471568
-0.0470058
-0.0467037
-0.0464016
-0.0464153
-0.0468135
-0.0473353
-0.047761
-0.0481592
-0.0486672
-0.0492028
-0.0495598
-0.0498207
-0.050109
-0.0503836
-0.0504111
-0.050109
-0.0497246
-0.0495735
-0.0496971
-0.0498207
-0.049546
-0.048832
-0.0479807
-0.0473765
-0.0471019
-0.0469097
-0.0466762
-0.0464565
-0.0463329
-0.0463055
-0.0463879
-0.04669
-0.0472255
-0.0478708
-0.0483652
-0.0485025
-0.0481867
-0.047555
-0.046992
-0.0467998
-0.0468685
-0.0468547
-0.0467723
-0.0469508
-0.0476511
-0.048681
-0.0495735
-0.0498481
-0.0493263
-0.0482828
-0.0473902
-0.0471568
-0.0475138
-0.0477473
-0.0471843
-0.0458524
-0.0445067
-0.0440124
-0.0447813
-0.0465801
-0.0486261
