LECROYHDO9204-MSöv,30454,Waveform
Segments,1,SegmentSize,2002
Ampl
-0.0143805
-0.0134467
-0.0122521
-0.0115381
-0.0115656
-0.0120873
-0.0127327
-0.0133369
-0.0138449
-0.0141882
-0.0144354
-0.0146688
-0.0146963
-0.014202
-0.0132408
-0.0123757
-0.012362
-0.013433
-0.0149846
-0.0159458
-0.0157398
-0.0146963
-0.0138312
-0.0139823
-0.0152867
-0.0170306
-0.0181153
-0.0177446
-0.0160007
-0.0138724
-0.0128014
-0.0135703
-0.0157398
-0.0181153
-0.0196807
-0.020024
-0.0191864
-0.0173739
-0.0151906
-0.0135566
-0.0131172
-0.0136802
-0.0144491
-0.0146688
-0.0141882
-0.0134605
-0.0131309
-0.0134879
-0.0141608
-0.0146139
-0.01471
-0.0146825
-0.0147512
-0.0149022
-0.0151219
-0.0153416
-0.015479
-0.0155613
-0.0158497
-0.0164401
-0.0168795
-0.0163715
-0.0146414
-0.0125405
-0.0114969
-0.0123757
-0.0146551
-0.016907
-0.0178133
-0.017113
-0.01563
-0.0144903
-0.0143942
-0.0152867
-0.0165225
-0.0174013
-0.0175386
-0.0170168
-0.0162479
-0.0156437
-0.0155064
-0.0159595
-0.0168933
-0.0178133
-0.0181977
-0.017978
-0.0175798
-0.0174425
-0.0175386
-0.0174425
-0.0169345
-0.0162616
-0.0159733
-0.0164127
-0.0175798
-0.0190628
-0.0201613
-0.0202437
-0.0191726
-0.0174837
-0.0160419
-0.0154378
-0.0157948
-0.0166873
-0.0175661
-0.0180192
-0.0179506
-0.0173876
-0.016344
-0.0149434
-0.0136802
-0.0131996
-0.0137626
-0.0149709
-0.0160969
-0.01655
-0.0162342
-0.0154927
-0.0147787
-0.0144079
-0.0143805
-0.0144628
-0.0144354
-0.0141882
-0.0137214
-0.0131446
-0.0127739
-0.0130485
-0.0140646
-0.0155064
-0.0167697
-0.0173327
-0.0170306
-0.0159321
-0.0144354
-0.0131309
-0.0125405
-0.0127739
-0.0134055
-0.01379
-0.0136802
-0.0135017
-0.0138037
-0.0145727
-0.0152318
-0.0152318
-0.0146963
-0.0141058
-0.0138449
-0.0140921
-0.0149022
-0.0159184
-0.0163852
-0.0156712
-0.0140372
-0.0124169
-0.0115244
-0.0113184
-0.0113733
-0.0114832
-0.0118127
-0.0125542
-0.0135703
-0.014353
-0.0143805
-0.0135429
-0.0123208
-0.0112909
-0.0107692
-0.0107005
-0.0109477
-0.011593
-0.0127602
-0.0142294
-0.0155339
-0.0162479
-0.0161655
-0.015479
-0.0145315
-0.0136802
-0.013076
-0.0127053
-0.0124856
-0.0122384
-0.011799
-0.0111399
-0.010522
-0.0103023
-0.0105083
-0.0108515
-0.0111948
-0.0118402
-0.0131446
-0.0149572
-0.0166049
-0.0173327
-0.0169619
-0.0160831
-0.0155064
-0.0157261
-0.0166186
-0.0176073
-0.0181703
-0.0180055
-0.0173327
-0.0167285
-0.016701
-0.0172503
-0.0178544
-0.0179368
-0.017264
-0.0160557
-0.0147924
-0.0139411
-0.0138587
-0.0144354
-0.0150807
-0.0151494
-0.0145178
-0.013639
-0.0130073
-0.0127602
-0.012719
-0.0127464
-0.0127053
-0.0125817
-0.0124169
-0.0122659
-0.0119088
-0.0110163
-0.00976678
-0.00891544
-0.00912141
-0.0102474
-0.0114694
-0.0119775
-0.0116205
-0.0107554
-0.00980797
-0.0089841
-0.00840739
-0.00833873
-0.00906649
-0.0105495
-0.0124032
-0.0141333
-0.0155064
-0.0163715
-0.0164539
-0.0155064
-0.0138312
-0.0123345
-0.0118265
-0.0123894
-0.0133918
-0.0140921
-0.0139273
-0.0128426
-0.0112909
-0.0100689
-0.0098217
-0.010673
-0.0121423
-0.013433
-0.0139273
-0.0134605
-0.0124718
-0.0115656
-0.0111124
-0.0111399
-0.0115244
-0.0120736
-0.0124718
-0.0124581
-0.0121697
-0.0121835
-0.0130211
-0.0146551
-0.01655
-0.018033
-0.0187058
-0.0185685
-0.0178682
-0.0168658
-0.015781
-0.0147512
-0.0139273
-0.0135703
-0.0138861
-0.0147375
-0.0156575
-0.0160419
-0.0155476
-0.0144491
-0.0135291
-0.0134467
-0.0140784
-0.0146551
-0.0146276
-0.0140921
-0.0135978
-0.0133918
-0.0133781
-0.013282
-0.0129799
-0.0125405
-0.0121835
-0.0121423
-0.0124856
-0.0131446
-0.0139548
-0.0146139
-0.0148061
-0.0143667
-0.0134193
-0.0123894
-0.0117441
-0.0118676
-0.0129387
-0.0146414
-0.0161655
-0.0166736
-0.0160007
-0.0148199
-0.0139685
-0.01379
-0.0140509
-0.0142294
-0.0141608
-0.0140784
-0.0144766
-0.015479
-0.0165912
-0.0170306
-0.0164401
-0.0151082
-0.0136252
-0.0125817
-0.0123208
-0.0128838
-0.0137351
-0.014202
-0.0139685
-0.0133094
-0.0126091
-0.0120599
-0.0116479
-0.0113596
-0.0111948
-0.0111948
-0.0114283
-0.0119088
-0.0124306
-0.0126915
-0.0126503
-0.0124993
-0.0123482
-0.0121148
-0.0119088
-0.0121011
-0.013076
-0.0148061
-0.016907
-0.0187195
-0.0195297
-0.0189804
-0.0174151
-0.0157124
-0.0145178
-0.0139548
-0.01379
-0.0139685
-0.0146002
-0.0156849
-0.0169207
-0.0177995
-0.0179643
-0.0172503
-0.0159184
-0.0145178
-0.0137351
-0.0139823
-0.0151769
-0.0167285
-0.0179506
-0.0185273
-0.0185273
-0.0181428
-0.0174837
-0.0167834
-0.0162891
-0.0160557
-0.0158909
-0.01563
-0.0154927
-0.0156025
-0.01563
-0.0150945
-0.0140234
-0.0130485
-0.0128014
-0.0134193
-0.014559
-0.0156575
-0.0161243
-0.01563
-0.0144628
-0.0135154
-0.0136939
-0.0151219
-0.0170443
-0.018541
-0.0191452
-0.0188843
-0.0180879
-0.0170855
-0.0160831
-0.0152593
-0.0146963
-0.014353
-0.0141608
-0.0140509
-0.0141058
-0.0143667
-0.014861
-0.0155888
-0.0165088
-0.0173876
-0.0177171
-0.0172091
-0.0162204
-0.0154652
-0.0152867
-0.0155613
-0.0160557
-0.0166598
-0.0173464
-0.0179506
-0.0182938
-0.0183076
-0.0179918
-0.0174837
-0.0171267
-0.0173327
-0.0182664
-0.0197082
-0.0213834
-0.0231135
-0.0248162
-0.0265326
-0.0283863
-0.0304048
-0.0324644
-0.0344555
-0.0366662
-0.0395223
-0.043216
-0.0476786
-0.0529239
-0.0591853
-0.0665315
-0.0746192
-0.0830502
-0.0917832
-0.101175
-0.111474
-0.122363
-0.133238
-0.143756
-0.154219
-0.165382
-0.177946
-0.192048
-0.207249
-0.222545
-0.236716
-0.248964
-0.259386
-0.269025
-0.279228
-0.290872
-0.303807
-0.31703
-0.329305
-0.339837
-0.348529
-0.355779
-0.362219
-0.368453
-0.374975
-0.382102
-0.389695
-0.39711
-0.403413
-0.407916
-0.410525
-0.411706
-0.412132
-0.412379
-0.412709
-0.412942
-0.412654
-0.411569
-0.409798
-0.407875
-0.406145
-0.404497
-0.402369
-0.399129
-0.394446
-0.388638
-0.382596
-0.377268
-0.373163
-0.370211
-0.367835
-0.365405
-0.362398
-0.358594
-0.354076
-0.349202
-0.344547
-0.34073
-0.338148
-0.33683
-0.336377
-0.335951
-0.334482
-0.331516
-0.327589
-0.323991
-0.321808
-0.321314
-0.321904
-0.322714
-0.323168
-0.323291
-0.323593
-0.324541
-0.325845
-0.326738
-0.3266
-0.325625
-0.324747
-0.325035
-0.327108
-0.330555
-0.334001
-0.336116
-0.336638
-0.336542
-0.337146
-0.339
-0.341567
-0.343888
-0.34533
-0.345989
-0.346387
-0.346936
-0.347705
-0.34857
-0.349518
-0.350534
-0.351509
-0.352388
-0.353404
-0.354942
-0.356905
-0.35869
-0.359679
-0.359734
-0.359143
-0.358182
-0.357056
-0.355903
-0.354996
-0.354639
-0.354914
-0.355656
-0.356438
-0.35685
-0.35674
-0.356273
-0.355765
-0.355408
-0.355257
-0.355079
-0.354626
-0.353857
-0.353088
-0.35269
-0.352731
-0.352799
-0.352346
-0.351193
-0.349586
-0.34809
-0.347115
-0.346744
-0.346868
-0.347362
-0.348021
-0.348447
-0.348186
-0.347128
-0.345604
-0.3443
-0.343819
-0.3443
-0.345261
-0.345893
-0.345508
-0.344163
-0.342693
-0.342117
-0.342652
-0.343517
-0.343723
-0.342982
-0.341924
-0.341526
-0.342172
-0.343449
-0.344341
-0.343998
-0.342446
-0.34062
-0.339618
-0.339796
-0.340634
-0.341485
-0.342172
-0.343037
-0.344272
-0.345577
-0.346332
-0.346208
-0.345591
-0.345096
-0.345028
-0.345041
-0.344684
-0.343792
-0.342625
-0.341718
-0.34154
-0.342062
-0.342666
-0.34268
-0.34213
-0.341773
-0.342295
-0.343503
-0.344396
-0.344039
-0.342281
-0.340016
-0.338409
-0.33808
-0.338766
-0.339645
-0.340043
-0.339769
-0.339096
-0.338395
-0.33786
-0.337269
-0.336308
-0.335127
-0.334262
-0.333988
-0.333988
-0.333837
-0.333535
-0.33337
-0.333356
-0.333109
-0.33234
-0.33131
-0.330582
-0.330569
-0.331036
-0.331447
-0.331434
-0.331036
-0.330473
-0.329855
-0.329182
-0.328454
-0.327822
-0.327534
-0.327658
-0.327973
-0.328097
-0.327699
-0.326683
-0.325255
-0.32395
-0.323195
-0.32303
-0.323195
-0.323538
-0.32395
-0.324184
-0.324033
-0.323552
-0.323154
-0.323044
-0.323071
-0.322948
-0.322495
-0.321808
-0.321039
-0.320476
-0.320202
-0.320064
-0.31979
-0.319295
-0.318787
-0.318499
-0.318458
-0.318595
-0.318774
-0.318705
-0.318114
-0.317098
-0.316151
-0.315794
-0.315945
-0.316165
-0.316123
-0.315917
-0.315808
-0.315821
-0.315698
-0.315094
-0.313968
-0.312567
-0.311084
-0.309601
-0.308201
-0.307308
-0.307349
-0.30831
-0.309711
-0.310933
-0.311441
-0.310919
-0.309464
-0.307679
-0.306237
-0.305358
-0.304713
-0.304026
-0.303299
-0.302694
-0.302379
-0.302447
-0.302914
-0.303408
-0.303353
-0.302337
-0.300511
-0.298616
-0.297655
-0.298314
-0.300195
-0.301843
-0.301788
-0.299893
-0.29738
-0.295664
-0.295266
-0.295774
-0.296515
-0.297023
-0.297092
-0.296694
-0.296048
-0.295636
-0.29576
-0.296296
-0.296776
-0.29679
-0.296323
-0.295527
-0.294456
-0.293069
-0.291545
-0.290515
-0.290487
-0.291215
-0.29197
-0.292245
-0.292094
-0.291819
-0.291558
-0.291256
-0.290899
-0.290432
-0.289705
-0.288606
-0.287192
-0.285736
-0.284734
-0.284501
-0.284995
-0.285791
-0.286231
-0.285901
-0.284803
-0.283416
-0.282345
-0.281946
-0.282152
-0.282606
-0.28299
-0.283059
-0.282688
-0.281823
-0.280573
-0.279255
-0.278184
-0.277401
-0.276687
-0.275877
-0.275163
-0.274834
-0.274834
-0.274765
-0.274353
-0.273735
-0.273159
-0.272623
-0.272019
-0.271415
-0.270838
-0.270165
-0.269176
-0.268078
-0.267378
-0.267295
-0.267433
-0.267117
-0.266169
-0.265071
-0.264631
-0.265236
-0.266622
-0.267954
-0.268421
-0.267707
-0.266224
-0.264783
-0.264206
-0.264645
-0.265593
-0.266087
-0.26562
-0.264577
-0.263821
-0.264
-0.264865
-0.265716
-0.26595
-0.265455
-0.264453
-0.2633
-0.262407
-0.262064
-0.262201
-0.26238
-0.262311
-0.261954
-0.261583
-0.261487
-0.261789
-0.262242
-0.262407
-0.261817
-0.260361
-0.258466
-0.256887
-0.256214
-0.256379
-0.256832
-0.257011
-0.256832
-0.256558
-0.256503
-0.256695
-0.256928
-0.257107
-0.257162
-0.257024
-0.256654
-0.256104
-0.255418
-0.254621
-0.25366
-0.252534
-0.251463
-0.250777
-0.250708
-0.251106
-0.251614
-0.25171
-0.250996
-0.249527
-0.247948
-0.247014
-0.247014
-0.247495
-0.247838
-0.247742
-0.247303
-0.246726
-0.246122
-0.245518
-0.244845
-0.24409
-0.243403
-0.243046
-0.243101
-0.243307
-0.243266
-0.242881
-0.242346
-0.241906
-0.2417
-0.241755
-0.241879
-0.241714
-0.240973
-0.23986
-0.238995
-0.238954
-0.239641
-0.240368
-0.240423
-0.239627
-0.238446
-0.23732
-0.236222
-0.235054
-0.234148
-0.234162
-0.235206
-0.236647
-0.237622
-0.237746
-0.237169
-0.236331
-0.235686
-0.23548
-0.235576
-0.23548
-0.234739
-0.233475
-0.232253
-0.231828
-0.232432
-0.233626
-0.234546
-0.234615
-0.233846
-0.232679
-0.231553
-0.230688
-0.230207
-0.230056
-0.229946
-0.229521
-0.228738
-0.228065
-0.228024
-0.228752
-0.229768
-0.230331
-0.229892
-0.228518
-0.226884
-0.225923
-0.226143
-0.227159
-0.228079
-0.228189
-0.227434
-0.226198
-0.224838
-0.223561
-0.222408
-0.221653
-0.221598
-0.222216
-0.222985
-0.223259
-0.222765
-0.221776
-0.220609
-0.219346
-0.217918
-0.216476
-0.215419
-0.215076
-0.215213
-0.215295
-0.215062
-0.214691
-0.214554
-0.214705
-0.214883
-0.214801
-0.214513
-0.214375
-0.214609
-0.215089
-0.215446
-0.21535
-0.214677
-0.213579
-0.212343
-0.211327
-0.210695
-0.210407
-0.210228
-0.210036
-0.209885
-0.209926
-0.210242
-0.210737
-0.211039
-0.210846
-0.210146
-0.209363
-0.208828
-0.208553
-0.208306
-0.207853
-0.207084
-0.206109
-0.205189
-0.204695
-0.20486
-0.205574
-0.206315
-0.206507
-0.205958
-0.205107
-0.204612
-0.204626
-0.204709
-0.204297
-0.203308
-0.202017
-0.200713
-0.199532
-0.198543
-0.197939
-0.197884
-0.198351
-0.199024
-0.199477
-0.199587
-0.199532
-0.199408
-0.199079
-0.198475
-0.197802
-0.197431
-0.197527
-0.197802
-0.197774
-0.197198
-0.196236
-0.195207
-0.194396
-0.194012
-0.194067
-0.194355
-0.194561
-0.194602
-0.194589
-0.194644
-0.194712
-0.194644
-0.194383
-0.193847
-0.192859
-0.191403
-0.189783
-0.188547
-0.188135
-0.188465
-0.189206
-0.189989
-0.19062
-0.190826
-0.190346
-0.189179
-0.187654
-0.186199
-0.1851
-0.184496
-0.184524
-0.185155
-0.186089
-0.186789
-0.186885
-0.186281
-0.185142
-0.183672
-0.182162
-0.181063
-0.180803
-0.181599
-0.183096
-0.184414
-0.184606
-0.183247
-0.180995
-0.179086
-0.178551
-0.179526
-0.181297
-0.182876
-0.183631
-0.183425
-0.182478
-0.181242
-0.180157
-0.17932
-0.178441
-0.177315
-0.176258
-0.175928
-0.176724
-0.178331
-0.180034
-0.18105
-0.18094
-0.179718
-0.17796
-0.176395
-0.175475
-0.175063
-0.174733
-0.174157
-0.173415
-0.172674
-0.172069
-0.171671
-0.17152
-0.171726
-0.172289
-0.173031
-0.173635
-0.173786
-0.17336
-0.172344
-0.170847
-0.1692
-0.167909
-0.167387
-0.167676
-0.168499
-0.169419
-0.170037
-0.169996
-0.169158
-0.167758
-0.166344
-0.165451
-0.165369
-0.166
-0.166961
-0.167662
-0.167524
-0.166522
-0.165163
-0.163968
-0.163185
-0.162691
-0.16243
-0.162499
-0.163007
-0.163872
-0.164751
-0.165094
-0.164517
-0.163117
-0.16162
-0.16092
-0.161332
-0.162183
-0.162444
-0.161593
-0.160178
-0.159231
-0.159286
-0.160068
-0.160851
-0.161057
-0.160686
-0.160013
-0.159478
-0.159203
-0.158942
-0.158256
-0.157061
-0.155784
-0.155015
-0.155139
-0.156114
-0.157665
-0.159341
-0.160576
-0.160892
-0.160261
-0.15908
-0.157899
-0.156979
-0.15632
-0.155702
-0.154851
-0.153615
-0.152118
-0.150772
-0.149976
-0.149852
-0.150251
-0.15091
-0.151665
-0.152393
-0.15286
-0.152791
-0.152063
-0.151006
-0.150113
-0.149715
-0.149701
-0.149852
-0.150058
-0.150319
-0.150649
-0.150978
-0.151212
-0.151322
-0.151349
-0.151308
-0.15102
-0.150292
-0.149125
-0.147985
-0.147285
-0.14701
-0.146749
-0.146255
-0.145733
-0.145472
-0.145349
-0.14495
-0.144154
-0.143426
-0.143467
-0.144429
-0.145637
-0.146063
-0.14528
-0.143715
-0.142287
-0.141518
-0.141257
-0.141037
-0.14068
-0.140474
-0.140707
-0.141174
-0.141435
-0.141312
-0.140927
-0.140515
-0.140282
-0.140282
-0.14046
-0.14057
-0.140419
-0.140144
-0.140021
-0.140144
-0.140323
-0.140213
-0.139595
-0.138593
-0.137673
-0.137206
-0.137233
-0.137522
-0.138016
-0.138771
-0.13965
-0.140144
-0.139938
-0.139142
-0.138222
-0.137536
-0.137247
-0.13733
-0.137645
-0.137783
-0.137453
-0.136739
-0.136066
-0.135874
-0.136286
-0.137055
-0.13781
-0.138126
-0.137796
-0.137055
-0.136492
-0.13641
-0.136588
-0.136616
-0.136437
-0.136204
-0.135943
-0.135366
-0.134309
-0.132991
-0.132002
-0.131851
-0.132524
-0.133499
-0.13413
-0.134199
-0.133924
-0.133622
-0.133293
-0.132785
-0.132043
-0.131247
-0.130642
-0.130327
-0.130395
-0.130958
-0.131851
-0.132537
-0.1324
-0.131315
-0.129722
-0.128391
-0.12791
-0.128432
-0.12964
-0.130876
-0.131508
-0.131302
-0.130615
-0.12997
-0.129709
-0.129819
-0.130107
-0.130203
-0.129777
-0.128734
-0.127471
-0.126606
-0.126523
-0.126935
-0.127168
-0.126839
-0.126221
-0.125946
-0.126441
-0.127443
-0.128212
-0.12802
-0.126702
-0.124917
-0.123461
-0.122733
-0.122486
-0.122335
-0.122198
-0.122184
-0.122321
-0.122376
-0.122198
-0.122006
-0.12228
-0.123228
-0.12434
-0.124752
-0.123955
-0.122239
-0.120481
-0.11952
-0.119575
-0.120179
-0.120715
-0.120948
-0.121168
-0.121717
-0.122527
-0.123118
-0.123022
-0.12217
-0.120921
-0.11974
-0.11893
-0.118559
-0.118477
-0.118504
-0.118545
-0.118545
-0.118298
-0.117612
-0.11665
-0.116046
-0.116444
-0.1179
-0.119767
-0.121182
-0.121621
-0.121154
-0.120234
-0.119259
-0.118353
-0.117515
-0.116815
-0.116458
-0.116678
-0.117543
-0.11882
-0.119918
-0.120275
-0.119781
-0.118724
-0.117653
-0.117021
-0.116898
-0.116911
-0.116541
-0.115593
-0.114385
-0.11352
-0.113218
-0.113163
-0.112998
-0.112586
-0.112119
-0.111941
-0.112201
-0.112819
-0.113424
-0.113671
-0.113588
-0.113396
-0.113273
-0.113218
-0.113286
-0.113506
-0.113794
-0.113849
-0.113396
-0.112613
-0.111872
-0.111405
-0.111062
-0.11076
-0.110664
-0.111007
-0.11146
-0.111268
-0.109977
-0.108082
-0.10675
-0.106723
-0.107574
-0.108096
-0.107519
-0.106132
-0.104745
-0.103812
-0.103208
-0.102727
-0.102384
-0.102288
-0.102466
-0.102864
-0.103359
-0.103867
-0.104443
-0.105185
-0.106022
-0.106668
-0.106819
-0.106352
-0.105322
-0.10388
-0.102397
-0.101477
-0.10156
-0.102425
-0.103386
-0.103812
-0.103729
-0.103716
-0.104237
-0.105048
-0.105377
-0.104622
-0.103029
-0.10156
-0.101011
-0.101546
-0.102658
-0.103647
-0.104018
-0.103606
-0.102617
-0.101464
-0.100571
-0.1002
-0.100338
-0.100805
-0.10134
-0.101752
-0.102027
-0.102329
-0.102878
-0.103592
-0.103963
-0.103565
-0.102425
-0.101079
-0.100022
-0.0994864
-0.0993491
-0.0993491
-0.0992667
-0.0990058
-0.0986213
-0.0980995
-0.0974679
-0.09685
-0.0964243
-0.0961772
-0.0960399
-0.0962184
-0.097207
-0.0991568
-0.101491
-0.103125
-0.103235
-0.101807
-0.0996374
-0.0978524
-0.0971796
-0.0975915
-0.0985527
-0.0995825
-0.100434
-0.100942
-0.10075
-0.0995962
-0.0977151
-0.0958476
-0.094859
-0.0949414
-0.0955044
-0.0957378
-0.0953945
-0.094859
-0.0947217
-0.0951199
-0.0956554
-0.0958202
-0.0955318
-0.095065
-0.0947354
-0.0945157
-0.0941312
-0.0934172
-0.0925796
-0.0919342
-0.0914125
-0.0907808
-0.090108
-0.0899432
-0.0908083
-0.0926208
-0.0945981
-0.0958476
-0.0959026
-0.0949551
-0.0937056
-0.0929092
-0.0927993
-0.0928542
-0.0923599
-0.0912202
-0.0899432
-0.0890644
-0.0887211
-0.0888447
-0.0894077
-0.0903002
-0.0911516
-0.0915772
-0.0914674
-0.0912202
-0.0912751
-0.0918107
-0.0924972
-0.0928542
-0.0926895
-0.0921402
-0.0914399
-0.0907259
-0.0900805
-0.0896411
-0.0895725
-0.0897372
-0.089902
-0.089902
-0.0896961
-0.0893528
-0.0890095
-0.0888996
-0.0891468
-0.089394
-0.089188
-0.0884602
-0.0877325
-0.0875952
-0.0882405
-0.0893116
-0.0902316
-0.0905062
-0.089902
-0.088474
-0.0867438
-0.0854668
-0.0852883
-0.0861671
-0.0872107
-0.0872519
-0.0858513
-0.0837642
-0.0823773
-0.082652
-0.0844507
-0.0869773
-0.0891743
-0.0901629
-0.0894901
-0.0874167
-0.0848764
-0.082954
-0.0822675
-0.0827343
-0.0836269
-0.0840251
-0.0836131
-0.082954
-0.0828717
-0.0836955
-0.0850412
-0.0862495
-0.0867576
-0.0863731
-0.0854257
-0.0845331
-0.0841075
-0.0840937
-0.08408
-0.0837779
-0.0833385
-0.0831188
-0.0833248
-0.0840251
-0.0850824
-0.0862358
-0.0870871
-0.0872244
-0.0864967
-0.0851922
-0.0839976
-0.0834484
-0.0835033
-0.0837916
-0.0839564
-0.0839564
-0.0839427
-0.0840663
-0.0843409
-0.0845469
-0.0843958
-0.0838054
-0.0828991
-0.0820615
-0.0815947
-0.0815809
-0.0818693
-0.08224
-0.0824597
-0.0823636
-0.0820066
-0.0818006
-0.0821302
-0.0829952
-0.0839015
-0.0843409
-0.0842036
-0.0837504
-0.083366
-0.0833385
-0.0836543
-0.0841349
-0.0844919
-0.0845057
-0.0839976
-0.0829266
-0.0814985
-0.0802765
-0.079686
-0.0796997
-0.0799881
-0.0803451
-0.0805236
-0.0801803
-0.0790406
-0.0773517
-0.0759786
-0.075649
-0.0763905
-0.0775028
-0.0782168
-0.0782305
-0.077846
-0.0775851
-0.0776401
-0.0777087
-0.0774753
-0.0770771
-0.0767613
-0.0765278
-0.0761708
-0.0756902
-0.075292
-0.0751135
-0.0750586
-0.0751135
-0.0755392
-0.0765553
-0.0778872
-0.0788896
-0.078972
-0.0780795
-0.0765141
-0.0748526
-0.0735894
-0.0729715
-0.0729989
-0.0734932
-0.0741661
-0.0747016
-0.0749213
-0.0750311
-0.0752783
-0.075704
-0.0760061
-0.0760061
-0.0758413
-0.0758825
-0.0763219
-0.0768849
-0.0768849
-0.0757589
-0.073658
-0.0716945
-0.0710628
-0.0719691
-0.0734383
-0.0741798
-0.0737404
-0.0726694
-0.0719554
-0.0721888
-0.0731362
-0.0740013
-0.0741661
-0.0736992
-0.0732186
-0.0731912
-0.0734932
-0.0737679
-0.0738915
-0.0740974
-0.0746055
-0.0753058
-0.0758962
-0.0761708
-0.0761159
-0.0758138
-0.0751685
-0.0740425
-0.072381
-0.0704449
-0.0686324
-0.0673005
-0.066559
-0.0665041
-0.067273
-0.0688658
-0.0707882
-0.0721888
-0.0724085
-0.0715297
-0.0702664
-0.069319
-0.0689208
-0.0689894
-0.0694151
-0.0702801
-0.0714336
-0.0723536
-0.072381
-0.0713649
-0.0697858
-0.0683578
-0.0674927
-0.0671494
-0.067122
-0.0673142
-0.0677536
-0.0684539
-0.0692366
-0.069827
-0.0699918
-0.0696897
-0.0690718
-0.068344
-0.06763
-0.0670808
-0.0668199
-0.0668885
-0.0673142
-0.0681655
-0.0693876
-0.0706234
-0.0713924
-0.0714885
-0.0710491
-0.0702664
-0.0690855
-0.0675614
-0.0660235
-0.0649524
-0.0646778
-0.0651996
-0.0661608
-0.0669297
-0.0669709
-0.0663668
-0.0656665
-0.065433
-0.0657214
-0.0662981
-0.0668885
-0.0673691
-0.0676163
-0.0676712
-0.0676987
-0.0679733
-0.0686049
-0.06947
-0.0701978
-0.0701978
-0.0691405
-0.0674515
-0.0661333
-0.065996
-0.066916
-0.0681106
-0.0688246
-0.0687423
-0.0680145
-0.0671082
-0.066408
-0.0659274
-0.0653369
-0.0645268
-0.0638265
-0.0636342
-0.0638814
-0.0640187
-0.0636617
-0.0629202
-0.0623023
-0.0622199
-0.0628104
-0.0639226
-0.0653644
-0.0667238
-0.067479
-0.0672867
-0.0664354
-0.065639
-0.0656253
-0.0663805
-0.0671357
-0.0670945
-0.0661196
-0.0648838
-0.0640874
-0.0639913
-0.0645268
-0.0653232
-0.0658999
-0.0658038
-0.0649113
-0.0635519
-0.0623572
-0.0618355
-0.0620552
-0.0624259
-0.0621513
-0.0609979
-0.05946
-0.0583203
-0.057977
-0.0583615
-0.0591441
-0.0600916
-0.0609567
-0.0615746
-0.061657
-0.0609567
-0.0595561
-0.0579221
-0.0566588
-0.0560134
-0.0558624
-0.0559722
-0.0563293
-0.056906
-0.0576063
-0.057977
-0.0575788
-0.0563155
-0.0547776
-0.0539538
-0.0543932
-0.0557388
-0.0569334
-0.0571531
-0.0563704
-0.0552445
-0.0543657
-0.0541185
-0.0544481
-0.0550248
-0.0553955
-0.0554642
-0.0556152
-0.0562194
-0.0571943
-0.0580045
-0.0581006
-0.0574415
-0.056549
-0.0561507
-0.0564391
-0.0568373
-0.0565901
-0.0556702
-0.0548326
-0.0547639
-0.0552857
-0.0557114
-0.0556976
-0.0555191
-0.0555878
-0.0557525
-0.0553955
-0.0541048
-0.0523197
-0.0511663
-0.0515233
-0.0531299
-0.0548737
-0.0557114
-0.055423
-0.0543657
-0.0531848
-0.0526218
-0.0532535
-0.0548463
-0.0564666
