LECROYHDO9204-MSöv,30454,Waveform
Segments,1,SegmentSize,2002
Ampl
-0.0128426
-0.0138999
-0.0142981
-0.0140372
-0.0135429
-0.0131309
-0.0128426
-0.012513
-0.0120187
-0.0114969
-0.0114832
-0.0123208
-0.0137763
-0.0152181
-0.0161518
-0.0165088
-0.01655
-0.01655
-0.0166736
-0.0168246
-0.0166324
-0.0157398
-0.0143942
-0.0133643
-0.0132545
-0.0139548
-0.0148748
-0.0155613
-0.015987
-0.0162204
-0.0162204
-0.0159733
-0.0156163
-0.015424
-0.0155613
-0.0160282
-0.0166324
-0.0171542
-0.0174974
-0.0175249
-0.0169482
-0.0156712
-0.0142431
-0.0135017
-0.0138175
-0.0146551
-0.0152181
-0.0149984
-0.0141058
-0.0130073
-0.0122796
-0.0122933
-0.013076
-0.0144766
-0.0162479
-0.0178407
-0.0185135
-0.0179094
-0.0165088
-0.0152318
-0.0145452
-0.0142157
-0.0138861
-0.0134605
-0.0130623
-0.0128151
-0.0127739
-0.0128975
-0.013076
-0.0132133
-0.013282
-0.0133918
-0.0136252
-0.0138724
-0.0138449
-0.0133232
-0.0125267
-0.0120736
-0.0124856
-0.0136115
-0.0145727
-0.014504
-0.0135154
-0.0125817
-0.012719
-0.0140646
-0.0159458
-0.0173739
-0.0176348
-0.0166736
-0.0150945
-0.0137076
-0.0129387
-0.0126778
-0.0127602
-0.013282
-0.0144628
-0.0161792
-0.0179368
-0.0189804
-0.0188019
-0.0174425
-0.0156163
-0.0142843
-0.0138724
-0.0139685
-0.0138037
-0.0129936
-0.0118814
-0.0111948
-0.0114008
-0.012362
-0.0132957
-0.0135154
-0.0130485
-0.0124444
-0.0121011
-0.0120187
-0.0120462
-0.0121835
-0.0125405
-0.0132133
-0.0141608
-0.0151357
-0.0156849
-0.0154378
-0.0145315
-0.0134605
-0.0126641
-0.0123345
-0.0124718
-0.0129661
-0.0135154
-0.01379
-0.0138037
-0.0137763
-0.0137763
-0.0136115
-0.0130897
-0.0122933
-0.0115381
-0.0111124
-0.0112497
-0.0118539
-0.012513
-0.0127739
-0.0124718
-0.0118676
-0.0113596
-0.0111399
-0.0112086
-0.0114145
-0.0115793
-0.0115656
-0.0114008
-0.0112772
-0.0114557
-0.0120599
-0.0131309
-0.0144217
-0.0154652
-0.0157673
-0.0152593
-0.014202
-0.0130348
-0.0120736
-0.0116479
-0.0121285
-0.0136115
-0.0155888
-0.017113
-0.0175936
-0.0172365
-0.0167422
-0.0166186
-0.0165912
-0.0160007
-0.0146139
-0.0131996
-0.0127602
-0.013639
-0.0152318
-0.0167148
-0.0176073
-0.0178133
-0.0175112
-0.0170443
-0.0167834
-0.0168795
-0.0172365
-0.0177034
-0.0182527
-0.0187332
-0.0189255
-0.0186783
-0.0180741
-0.0173052
-0.0167285
-0.0166324
-0.0170306
-0.0175524
-0.0175936
-0.0169757
-0.0161518
-0.0158085
-0.0161106
-0.0166461
-0.0167834
-0.0163028
-0.015424
-0.0146276
-0.0143118
-0.0144628
-0.0147924
-0.0150533
-0.0152181
-0.015273
-0.0151494
-0.0147237
-0.0139411
-0.0130897
-0.012719
-0.0132957
-0.0146963
-0.0162616
-0.0172228
-0.0171679
-0.0160694
-0.0142706
-0.0124032
-0.0113596
-0.0115656
-0.0126366
-0.0136115
-0.0137763
-0.0131584
-0.0123208
-0.011799
-0.0118265
-0.0122659
-0.0128975
-0.0134467
-0.01379
-0.0138724
-0.0137076
-0.0134193
-0.013227
-0.0132957
-0.0135154
-0.0135566
-0.0133094
-0.0131172
-0.0133506
-0.0139273
-0.0143667
-0.0142843
-0.0137488
-0.0131035
-0.0125954
-0.0122384
-0.0119363
-0.0116342
-0.0112772
-0.0108515
-0.0104808
-0.010522
-0.0112909
-0.0126915
-0.0140097
-0.0145315
-0.0141745
-0.0137488
-0.0140372
-0.0149846
-0.015781
-0.0156712
-0.0145315
-0.0128975
-0.0116205
-0.0112497
-0.011799
-0.0127876
-0.0137351
-0.0144491
-0.014916
-0.0150396
-0.0147787
-0.014147
-0.0133643
-0.0126915
-0.012362
-0.0123894
-0.0125817
-0.0127327
-0.0127602
-0.0126641
-0.0125267
-0.0126091
-0.0132545
-0.0144079
-0.0154378
-0.0158222
-0.0156849
-0.0156437
-0.0159595
-0.0162067
-0.0158909
-0.015067
-0.0144217
-0.0144903
-0.0152593
-0.0161792
-0.0166873
-0.0165363
-0.015836
-0.0148336
-0.0136802
-0.0126366
-0.012005
-0.0118676
-0.0120324
-0.0122109
-0.0123482
-0.0124718
-0.0124718
-0.0122384
-0.0119638
-0.0119363
-0.0121423
-0.0122933
-0.012307
-0.0124718
-0.013076
-0.0140097
-0.0149572
-0.0156575
-0.0161243
-0.0163989
-0.0166186
-0.016907
-0.0173189
-0.0177858
-0.0181153
-0.018033
-0.0172915
-0.0159321
-0.0144766
-0.0136527
-0.0137214
-0.0142981
-0.0148473
-0.0152867
-0.0160007
-0.0171404
-0.0182801
-0.0187882
-0.0184312
-0.0175936
-0.0171404
-0.0175798
-0.0186234
-0.0193511
-0.0192413
-0.0186509
-0.0182801
-0.0185135
-0.0191177
-0.0194885
-0.0192688
-0.0184724
-0.0175661
-0.0169207
-0.0165774
-0.0163852
-0.0164813
-0.0172915
-0.0188706
-0.0205458
-0.021452
-0.0213559
-0.0206968
-0.0200102
-0.0195297
-0.0191864
-0.0186921
-0.0178133
-0.0165637
-0.0152181
-0.0141058
-0.0134055
-0.0131446
-0.0132957
-0.0136664
-0.0141882
-0.0149434
-0.0160282
-0.017264
-0.0182938
-0.0189255
-0.0191452
-0.0190216
-0.0185822
-0.0180741
-0.0177446
-0.0178133
-0.0183488
-0.0192962
-0.0203673
-0.0211087
-0.021095
-0.0202299
-0.0188843
-0.0178133
-0.0176073
-0.0183625
-0.019667
-0.0209165
-0.0216305
-0.0216168
-0.0209989
-0.0201476
-0.0194885
-0.0192688
-0.0193649
-0.0193374
-0.0189118
-0.0182389
-0.017827
-0.0180741
-0.0188019
-0.0195159
-0.0198592
-0.0199828
-0.020175
-0.0205183
-0.0206831
-0.0202986
-0.0192688
-0.0179643
-0.0169207
-0.0165774
-0.0170306
-0.0181703
-0.0195571
-0.0206556
-0.0211499
-0.0211774
-0.0211774
-0.0213971
-0.0217541
-0.0223445
-0.0235666
-0.0257911
-0.0290042
-0.0328764
-0.0370507
-0.0411151
-0.0446852
-0.047761
-0.0509192
-0.0549012
-0.0602564
-0.0670396
-0.0748526
-0.0831188
-0.0915086
-0.100077
-0.109057
-0.118545
-0.128198
-0.137522
-0.146227
-0.154521
-0.163199
-0.173113
-0.184455
-0.196415
-0.207702
-0.217561
-0.226143
-0.234189
-0.242359
-0.250763
-0.259084
-0.266938
-0.274175
-0.280875
-0.287178
-0.293206
-0.298891
-0.303958
-0.308091
-0.311304
-0.313954
-0.316439
-0.318815
-0.320765
-0.322055
-0.322728
-0.323071
-0.323277
-0.323236
-0.322742
-0.321726
-0.320284
-0.31854
-0.316577
-0.314174
-0.311029
-0.307075
-0.302845
-0.29922
-0.296859
-0.295733
-0.295156
-0.294318
-0.292616
-0.28976
-0.285832
-0.281301
-0.276907
-0.273392
-0.271016
-0.269286
-0.267433
-0.264934
-0.261858
-0.258755
-0.25631
-0.255033
-0.254869
-0.255281
-0.25572
-0.256022
-0.256214
-0.256187
-0.255761
-0.255033
-0.25447
-0.25447
-0.254924
-0.255267
-0.255047
-0.254361
-0.25377
-0.253825
-0.254937
-0.257038
-0.259592
-0.261926
-0.263711
-0.265085
-0.266279
-0.26735
-0.26827
-0.269122
-0.269987
-0.270797
-0.271401
-0.271882
-0.272513
-0.273612
-0.275191
-0.27677
-0.277772
-0.277978
-0.277731
-0.277566
-0.277786
-0.27828
-0.278843
-0.279296
-0.279681
-0.279955
-0.280038
-0.279777
-0.2792
-0.278596
-0.278363
-0.27872
-0.279269
-0.279379
-0.278747
-0.277896
-0.277745
-0.278651
-0.280038
-0.280985
-0.281081
-0.280532
-0.279585
-0.278294
-0.276838
-0.275713
-0.275383
-0.275754
-0.276221
-0.276303
-0.276083
-0.275932
-0.276056
-0.276042
-0.275452
-0.274284
-0.27309
-0.272362
-0.272142
-0.272293
-0.272829
-0.273818
-0.274971
-0.275644
-0.275342
-0.274298
-0.2732
-0.272664
-0.272829
-0.273529
-0.274381
-0.27493
-0.27482
-0.273982
-0.272719
-0.271689
-0.27136
-0.271744
-0.272335
-0.272609
-0.272445
-0.272019
-0.27147
-0.270824
-0.270206
-0.269891
-0.270014
-0.270412
-0.270824
-0.271277
-0.272019
-0.272994
-0.273557
-0.272925
-0.271154
-0.269218
-0.268229
-0.26849
-0.269355
-0.269822
-0.269259
-0.267762
-0.265977
-0.264728
-0.264398
-0.264934
-0.266018
-0.267213
-0.267968
-0.267845
-0.266815
-0.265455
-0.264398
-0.263959
-0.263931
-0.263931
-0.263766
-0.26367
-0.263917
-0.264453
-0.264892
-0.265043
-0.265112
-0.265359
-0.265744
-0.265936
-0.265689
-0.265153
-0.264673
-0.264494
-0.264549
-0.264618
-0.264549
-0.264316
-0.263794
-0.262915
-0.261817
-0.260814
-0.25999
-0.259002
-0.257574
-0.256022
-0.255212
-0.255679
-0.257107
-0.258466
-0.259015
-0.258864
-0.258741
-0.259098
-0.259798
-0.260183
-0.259633
-0.258205
-0.25664
-0.255747
-0.255734
-0.255981
-0.255885
-0.255363
-0.254869
-0.254827
-0.255404
-0.256393
-0.257532
-0.258452
-0.258741
-0.258054
-0.256516
-0.254745
-0.253537
-0.253138
-0.253166
-0.252987
-0.252328
-0.251216
-0.249939
-0.248786
-0.248072
-0.248003
-0.248621
-0.24987
-0.251491
-0.253042
-0.253921
-0.253701
-0.252534
-0.25101
-0.24961
-0.248374
-0.247179
-0.246108
-0.245476
-0.245449
-0.24593
-0.246506
-0.246671
-0.246177
-0.245257
-0.244584
-0.244556
-0.244955
-0.245147
-0.24479
-0.244048
-0.243389
-0.243073
-0.243032
-0.243128
-0.243252
-0.243362
-0.243266
-0.242771
-0.242016
-0.241453
-0.241536
-0.242236
-0.243046
-0.243431
-0.243225
-0.242662
-0.241975
-0.241275
-0.240368
-0.239119
-0.237471
-0.235823
-0.234684
-0.234464
-0.235096
-0.236016
-0.236537
-0.2364
-0.23581
-0.235164
-0.234656
-0.234368
-0.234395
-0.234849
-0.23559
-0.236208
-0.236345
-0.236002
-0.235535
-0.235288
-0.235357
-0.235521
-0.235274
-0.234272
-0.232624
-0.230894
-0.229631
-0.229068
-0.229054
-0.229123
-0.228752
-0.227804
-0.226788
-0.226514
-0.227392
-0.22893
-0.230139
-0.230427
-0.229988
-0.229411
-0.229054
-0.228766
-0.228285
-0.227461
-0.226115
-0.224166
-0.221845
-0.219827
-0.218907
-0.219373
-0.220829
-0.222518
-0.223946
-0.22499
-0.225676
-0.225964
-0.225772
-0.22525
-0.224674
-0.224111
-0.223397
-0.222381
-0.221241
-0.220403
-0.220211
-0.220692
-0.221406
-0.221776
-0.221474
-0.220582
-0.219593
-0.219003
-0.218948
-0.219126
-0.219209
-0.21903
-0.218632
-0.218042
-0.217231
-0.216202
-0.215364
-0.215295
-0.216215
-0.217547
-0.218234
-0.217588
-0.21579
-0.213689
-0.212165
-0.211547
-0.211629
-0.212055
-0.212577
-0.213043
-0.213263
-0.213071
-0.212522
-0.211849
-0.211135
-0.210215
-0.208855
-0.207153
-0.205546
-0.204585
-0.204557
-0.205285
-0.206233
-0.206809
-0.206631
-0.20567
-0.204214
-0.202841
-0.201962
-0.201701
-0.20188
-0.202292
-0.202745
-0.20302
-0.202772
-0.201962
-0.201015
-0.200521
-0.200809
-0.201646
-0.202388
-0.202347
-0.201138
-0.198996
-0.196593
-0.194904
-0.194644
-0.195783
-0.197417
-0.198337
-0.197884
-0.19647
-0.195165
-0.194726
-0.195097
-0.195577
-0.195577
-0.195028
-0.194149
-0.19327
-0.192653
-0.192405
-0.192337
-0.192158
-0.191746
-0.191279
-0.191032
-0.191005
-0.190909
-0.19051
-0.189893
-0.189659
-0.19014
-0.191101
-0.191733
-0.191554
-0.190703
-0.189769
-0.18922
-0.189137
-0.189165
-0.188959
-0.188588
-0.188451
-0.188904
-0.189618
-0.189851
-0.189179
-0.188053
-0.187188
-0.186803
-0.18657
-0.186144
-0.18554
-0.184853
-0.184125
-0.183439
-0.182986
-0.182862
-0.182807
-0.182437
-0.181668
-0.180885
-0.180569
-0.180926
-0.181723
-0.182368
-0.182478
-0.182052
-0.181407
-0.180857
-0.180459
-0.180061
-0.179553
-0.178908
-0.178262
-0.177878
-0.177974
-0.1784
-0.178674
-0.178331
-0.177411
-0.17645
-0.176203
-0.176985
-0.178345
-0.179223
-0.178619
-0.17634
-0.17325
-0.170751
-0.169749
-0.170175
-0.171342
-0.172578
-0.173511
-0.173909
-0.173676
-0.173031
-0.172344
-0.171836
-0.171452
-0.170861
-0.169708
-0.168211
-0.167167
-0.167387
-0.168856
-0.170696
-0.172056
-0.172468
-0.171877
-0.170545
-0.169117
-0.168444
-0.168856
-0.169721
-0.170037
-0.16931
-0.167881
-0.166522
-0.165794
-0.165808
-0.166399
-0.167346
-0.168486
-0.169515
-0.169969
-0.169447
-0.168019
-0.166261
-0.164902
-0.164366
-0.1646
-0.165039
-0.16508
-0.164586
-0.164023
-0.163996
-0.164517
-0.164943
-0.16438
-0.162458
-0.159711
-0.157336
-0.156388
-0.157116
-0.158833
-0.160398
-0.161002
-0.160563
-0.159602
-0.158833
-0.158668
-0.159094
-0.159849
-0.160425
-0.160384
-0.159533
-0.158132
-0.156773
-0.156031
-0.156224
-0.157061
-0.15794
-0.158283
-0.157954
-0.15735
-0.156951
-0.156883
-0.156828
-0.156581
-0.156361
-0.156581
-0.157171
-0.157693
-0.157762
-0.157281
-0.156388
-0.155139
-0.153683
-0.152338
-0.151418
-0.151006
-0.151088
-0.151596
-0.152365
-0.153093
-0.153546
-0.153656
-0.153271
-0.1522
-0.150608
-0.149193
-0.148672
-0.149262
-0.150429
-0.151432
-0.151789
-0.15139
-0.150374
-0.149138
-0.148218
-0.148054
-0.148466
-0.148836
-0.148575
-0.147614
-0.146323
-0.145239
-0.144662
-0.144717
-0.145225
-0.145843
-0.146159
-0.146131
-0.146145
-0.146584
-0.147147
-0.147106
-0.146145
-0.144799
-0.143989
-0.144003
-0.144291
-0.144127
-0.143316
-0.142341
-0.141888
-0.142204
-0.143083
-0.143962
-0.144305
-0.144017
-0.143358
-0.14274
-0.142314
-0.142135
-0.142163
-0.142328
-0.142396
-0.142081
-0.141325
-0.140488
-0.140131
-0.140625
-0.141792
-0.142987
-0.143536
-0.143042
-0.141627
-0.13987
-0.138442
-0.137838
-0.138167
-0.139211
-0.140419
-0.141078
-0.14079
-0.139733
-0.138524
-0.137755
-0.137549
-0.137632
-0.13759
-0.137247
-0.136753
-0.136313
-0.135984
-0.135572
-0.13494
-0.13424
-0.133924
-0.13446
-0.135778
-0.137261
-0.138208
-0.138291
-0.137522
-0.136176
-0.134707
-0.133746
-0.133663
-0.134226
-0.134748
-0.134707
-0.134075
-0.133183
-0.132331
-0.131782
-0.131741
-0.132071
-0.132331
-0.131961
-0.13089
-0.129722
-0.129379
-0.130258
-0.131823
-0.133045
-0.133293
-0.132716
-0.131933
-0.131425
-0.131329
-0.131453
-0.131549
-0.131549
-0.13137
-0.130917
-0.130189
-0.129311
-0.128418
-0.127567
-0.126784
-0.126194
-0.125946
-0.12618
-0.126853
-0.127663
-0.128198
-0.12824
-0.128102
-0.128308
-0.12894
-0.129571
-0.12964
-0.128967
-0.12802
-0.127484
-0.127416
-0.127223
-0.126276
-0.124862
-0.1239
-0.124106
-0.125246
-0.126386
-0.126702
-0.125974
-0.124587
-0.123214
-0.122445
-0.122665
-0.123832
-0.125411
-0.126482
-0.126262
-0.124683
-0.122582
-0.120962
-0.120193
-0.119973
-0.119891
-0.119863
-0.120028
-0.120399
-0.120729
-0.120825
-0.120783
-0.120797
-0.120893
-0.12077
-0.120124
-0.11893
-0.117639
-0.116856
-0.116925
-0.117694
-0.118683
-0.119616
-0.120426
-0.121003
-0.121154
-0.120838
-0.120193
-0.119452
-0.118751
-0.118065
-0.117323
-0.11665
-0.116431
-0.117007
-0.118257
-0.11952
-0.120166
-0.119946
-0.119095
-0.117914
-0.116884
-0.116444
-0.116747
-0.117378
-0.117666
-0.117323
-0.116609
-0.116019
-0.115785
-0.115813
-0.115895
-0.115868
-0.115689
-0.115264
-0.114508
-0.113437
-0.112407
-0.111886
-0.11205
-0.112531
-0.112902
-0.113025
-0.113163
-0.113327
-0.113163
-0.112243
-0.110595
-0.108741
-0.107368
-0.106984
-0.107753
-0.109304
-0.110842
-0.11168
-0.111666
-0.111185
-0.110719
-0.110499
-0.110403
-0.11032
-0.110197
-0.110046
-0.109799
-0.109483
-0.10929
-0.109345
-0.109565
-0.10973
-0.109716
-0.109675
-0.109826
-0.110265
-0.111007
-0.111872
-0.112517
-0.112435
-0.111474
-0.110101
-0.108933
-0.108151
-0.107629
-0.107217
-0.106915
-0.10664
-0.106366
-0.106119
-0.105926
-0.105542
-0.104677
-0.103317
-0.101876
-0.101011
-0.101148
-0.102233
-0.103825
-0.105281
-0.106064
-0.105816
-0.104636
-0.103098
-0.101917
-0.101477
-0.10156
-0.101725
-0.101752
-0.101615
-0.101326
-0.100901
-0.100434
-0.100104
-0.100036
-0.100173
-0.100475
-0.100873
-0.101175
-0.101175
-0.100956
-0.100805
-0.100846
-0.100818
-0.100475
-0.0998022
-0.0991157
-0.098841
-0.099253
-0.100269
-0.10145
-0.102191
-0.101931
-0.100503
-0.0983742
-0.0964518
-0.0956417
-0.0962046
-0.0974542
-0.0983055
-0.0980446
-0.0967814
-0.0951885
-0.0939665
-0.0935271
-0.0939802
-0.0950238
-0.0959987
-0.0961909
-0.0951473
-0.0931014
-0.091028
-0.0902453
-0.0914674
-0.0940488
-0.0962321
-0.0964518
-0.0946256
-0.0921677
-0.0907259
-0.091028
-0.0924148
-0.0936369
-0.0940076
-0.0938841
-0.0940351
-0.0947491
-0.0955044
-0.0955455
-0.0946805
-0.093376
-0.092305
-0.0919068
-0.0920716
-0.0924698
-0.0927581
-0.0927581
-0.0922501
-0.0912202
-0.0900256
-0.0893528
-0.0895175
-0.0900943
-0.0902865
-0.0896823
-0.0886799
-0.0880346
-0.0882268
-0.0891605
-0.0902865
-0.0910142
-0.0909868
-0.0903414
-0.0894626
-0.0888035
-0.0884877
-0.0884465
-0.0883367
-0.0878973
-0.087197
-0.0867576
-0.0870047
-0.0877325
-0.0882817
-0.088268
-0.0878835
-0.0875265
-0.0872794
-0.0869773
-0.0864967
-0.0859886
-0.0857689
-0.0860161
-0.0865928
-0.0871558
-0.0875265
-0.0877874
-0.0880758
-0.0881994
-0.0878561
-0.0870597
-0.0862633
-0.0860436
-0.0864967
-0.0871009
-0.086991
-0.0856728
-0.0836681
-0.0822263
-0.0823636
-0.0839701
-0.0858513
-0.0867576
-0.0862633
-0.0850137
-0.0839701
-0.0837367
-0.0843134
-0.0853295
-0.0863045
-0.0869635
-0.0871832
-0.0871421
-0.0870459
-0.086991
-0.08684
-0.0864143
-0.0855904
-0.084437
-0.0831463
-0.0820203
-0.0814573
-0.081732
-0.0826245
-0.0835033
-0.0838328
-0.0836955
-0.0835857
-0.0838466
-0.0844095
-0.085151
-0.0859474
-0.0865516
-0.0866203
-0.0861671
-0.085563
-0.0850961
-0.0846567
-0.0839976
-0.0831325
-0.0824597
-0.0823911
-0.0829815
-0.0838191
-0.0841898
-0.0835719
-0.0821714
-0.080757
-0.0800705
-0.0803039
-0.0811278
-0.0819379
-0.0821027
-0.0812651
-0.0797409
-0.0782854
-0.0775439
-0.0775851
-0.0781344
-0.0788896
-0.0795762
-0.0799744
-0.0800018
-0.0797409
-0.0794114
-0.079178
-0.0791917
-0.0795075
-0.0800293
-0.0804412
-0.0804687
-0.0801117
-0.0796174
-0.0792741
-0.0793427
-0.0798371
-0.0804
-0.0804138
-0.0796586
-0.0786013
-0.0779147
-0.0777225
-0.0775851
-0.0771457
-0.0765553
-0.0763631
-0.076926
-0.0779422
-0.0787248
-0.0788347
-0.0785051
-0.0783129
-0.0785601
-0.0790406
-0.0795762
-0.0800568
-0.080455
-0.0804962
-0.0798508
-0.0782442
-0.0758138
-0.0731912
-0.0714473
-0.0714473
-0.0732186
-0.0758138
-0.0779696
-0.0788896
-0.0784227
-0.0768849
-0.0748801
-0.073095
-0.0722712
-0.0727106
-0.0742485
-0.0761434
-0.0775165
-0.077846
-0.0772968
-0.0764455
-0.0758001
-0.075347
-0.0748801
-0.0742073
-0.0734383
-0.0728479
-0.0726968
-0.0729303
-0.0731225
-0.0728067
-0.0720103
-0.0712551
-0.0710903
-0.0717219
-0.0729577
-0.0743858
-0.0754843
-0.0759923
-0.0760884
-0.0760884
-0.0758825
-0.0749625
-0.0731088
-0.0708569
-0.0692915
-0.0691954
-0.0706646
-0.0730127
-0.0751547
-0.0761571
-0.0756765
-0.0739738
-0.0717768
-0.070033
-0.0696073
-0.070541
-0.0719416
-0.0726694
-0.0723673
-0.071461
-0.0705273
-0.0697584
-0.0692228
-0.0690169
-0.0691405
-0.0692915
-0.0690718
-0.0684402
-0.0677811
-0.0675064
-0.0678085
-0.0684402
-0.0688246
-0.0684814
-0.0675339
-0.0665041
-0.0658724
-0.0657077
-0.0659686
-0.0665041
-0.067122
-0.0675888
-0.0677948
-0.0678223
-0.0678085
-0.0677399
-0.0675339
-0.0672181
-0.0668611
-0.0664629
-0.0659686
-0.0653918
-0.0650623
-0.0652957
-0.0661059
-0.0670945
-0.067836
-0.0681381
-0.0681243
-0.0678909
-0.0674653
-0.0669847
-0.066765
-0.0670121
-0.0674241
-0.0672456
-0.0661471
-0.0646366
-0.0636205
-0.0633184
-0.0633459
-0.0632772
-0.0631262
-0.063085
-0.0632086
-0.0634283
-0.0636617
-0.0638539
-0.0639089
-0.0635793
-0.0626181
-0.0610528
-0.05946
-0.0587048
-0.0591716
-0.0603937
-0.0615196
-0.0621375
-0.0623984
-0.0626181
-0.0627417
-0.0624259
-0.0614098
-0.0597071
-0.057771
-0.0563018
-0.0559448
-0.0569884
-0.0591304
-0.0614922
-0.0630438
-0.063236
-0.062371
-0.0611214
-0.0599818
-0.0590068
-0.0583889
-0.0586086
-0.0599543
-0.0620277
-0.0638677
-0.0646229
-0.0638677
-0.0618217
-0.0593913
-0.057826
-0.0580319
-0.0596659
-0.0612862
-0.0614235
-0.0597346
-0.0573454
-0.0560134
-0.0566863
-0.0589656
-0.0614785
-0.0628653
-0.0627005
-0.0615059
-0.0602152
-0.05946
-0.0591304
-0.0587459
-0.0580045
-0.0571806
-0.0568648
-0.0573179
-0.0581006
-0.05854
-0.0583615
-0.0578534
-0.0574415
-0.0573454
-0.0575925
-0.0582104
-0.0591167
-0.0600092
-0.0603388
-0.059611
-0.0578397
-0.0557525
-0.0542833
-0.0538988
-0.0544481
-0.0555328
-0.0569334
-0.0584164
-0.0596385
-0.0602976
-0.0602289
-0.0593501
-0.0577985
-0.0561919
-0.055272
-0.0554505
-0.0564254
-0.0575788
-0.0584576
-0.0586636
-0.0580457
-0.0567824
-0.0555191
-0.0550111
-0.0555603
-0.0568373
-0.058183
-0.059103
-0.0594874
-0.0595012
-0.0591991
-0.0584164
-0.0571806
-0.0558487
-0.0549287
-0.0544618
-0.0541323
-0.0537753
-0.0535967
-0.05394
-0.0549561
-0.0563155
-0.0574827
-0.0578946
-0.0573042
-0.0558899
-0.0541597
-0.052663
-0.051798
-0.0517018
-0.0523472
-0.0534182
-0.0544481
-0.0551346
-0.0553131
-0.0549012
-0.0539126
-0.052718
-0.0520177
-0.0524983
-0.0541323
-0.0560409
-0.0570433
-0.0565352
-0.0548737
-0.0530887
-0.0520039
-0.051592
-0.0513311
-0.0510153
-0.050878
-0.0510153
-0.0512213
-0.0513723
-0.0516057
-0.0520863
-0.0526768
-0.0531024
-0.0531848
-0.0528003
-0.0519902
-0.0509329
-0.0499992
-0.049395
-0.0491066
-0.0490792
-0.0495049
-0.0507407
-0.0527454
-0.0548188
-0.0560684
-0.0561919
-0.0557114
-0.0554093
-0.0553955
-0.055066
-0.0540911
-0.0529926
-0.0526768
-0.0531848
-0.0535281
-0.0527729
-0.0511801
-0.050109
-0.0506583
-0.0526905
-0.0549699
-0.0562194
-0.0558761
-0.0542147
-0.0519902
-0.0499992
-0.048832
-0.0486261
-0.049038
-0.0494637
-0.0495598
-0.0495872
-0.0500404
-0.0510565
-0.0521962
-0.0528553
-0.0527729
-0.0520863
-0.0510427
-0.0500266
-0.049601
-0.0502875
-0.0519215
-0.0537478
-0.0547227
-0.0543382
-0.0527866
-0.0509329
-0.0496422
-0.0491616
-0.0491204
-0.0491204
-0.0491204
-0.0493675
-0.0500404
-0.0509054
-0.0514547
-0.0511801
-0.0500129
-0.0484887
-0.0474314
-0.0473628
-0.048118
-0.0491204
-0.0498756
-0.0501365
-0.0499168
-0.0495323
-0.0493538
-0.0494499
-0.0495323
-0.0493263
-0.0489419
-0.0487222
-0.0487908
-0.0490243
-0.0492852
-0.0495186
-0.0496971
-0.0497246
-0.0495186
-0.0491341
-0.0487222
-0.0486261
-0.0492302
-0.050466
-0.0516469
-0.0519215
-0.0510016
-0.049395
-0.0480219
-0.0476511
-0.0483926
-0.049546
-0.0501365
-0.0497383
-0.0487222
-0.0478022
-0.0473353
-0.0472804
-0.0475413
-0.0481867
-0.0492852
-0.0507407
-0.0520039
-0.052306
-0.0512624
-0.0494637
-0.0481729
-0.0483652
-0.0499442
-0.0518254
-0.0529651
-0.0529788
-0.052155
-0.0509329
-0.0495735
-0.0482278
-0.0472117
-0.046992
-0.0476786
-0.0487084
-0.0491753
-0.0487496
-0.0480219
-0.0478571
-0.0486398
-0.0499992
-0.0511801
-0.0516332
-0.0512075
-0.0502875
-0.0495186
-0.0493126
-0.0496147
