LECROYHDO9204-MSöv,30454,Waveform
Segments,1,SegmentSize,2002
Ampl
-0.0114557
-0.0114557
-0.0112772
-0.0110575
-0.0111536
-0.0117441
-0.0125817
-0.0133918
-0.0141058
-0.0148061
-0.0154515
-0.0158634
-0.0159184
-0.0156712
-0.0153828
-0.0153554
-0.0156849
-0.0160282
-0.0158085
-0.0147924
-0.0133232
-0.0120462
-0.0114832
-0.0118127
-0.0127327
-0.0136252
-0.0139273
-0.013639
-0.013227
-0.0131858
-0.0134742
-0.0137626
-0.0136802
-0.0131309
-0.0122247
-0.0112086
-0.0104121
-0.0100139
-0.0100551
-0.0104945
-0.011085
-0.0114969
-0.011593
-0.011593
-0.0118265
-0.0124718
-0.013433
-0.0144217
-0.0150533
-0.014916
-0.0137351
-0.0117441
-0.00975305
-0.00864082
-0.00873694
-0.00978051
-0.0111674
-0.0122659
-0.0127876
-0.0128975
-0.0130485
-0.013584
-0.0144354
-0.0151906
-0.0153966
-0.0148473
-0.0137626
-0.0128288
-0.0126641
-0.0132957
-0.0140234
-0.0140784
-0.0132682
-0.0119912
-0.0108103
-0.0101924
-0.0103572
-0.0112223
-0.012362
-0.0132545
-0.0135429
-0.013282
-0.0128426
-0.0126366
-0.0127602
-0.0129524
-0.0129661
-0.0128288
-0.0128426
-0.0133232
-0.0143667
-0.0156987
-0.0166186
-0.0164127
-0.0150121
-0.013282
-0.0123208
-0.0127739
-0.0144766
-0.0166598
-0.0183625
-0.0189941
-0.0185547
-0.0175112
-0.0162891
-0.0149709
-0.013639
-0.012719
-0.0127464
-0.0137351
-0.0150121
-0.015781
-0.0156987
-0.0150396
-0.0142294
-0.0137351
-0.0138312
-0.0146139
-0.0156575
-0.0162891
-0.0162067
-0.0156987
-0.0153554
-0.015424
-0.0157124
-0.015781
-0.0154515
-0.0149984
-0.0147512
-0.0147924
-0.0149297
-0.0149984
-0.0149297
-0.0147237
-0.0144491
-0.0143942
-0.0147924
-0.0155888
-0.0162479
-0.016193
-0.0152318
-0.013639
-0.0120599
-0.011085
-0.0110026
-0.0117853
-0.0130897
-0.0143393
-0.0148336
-0.0141608
-0.0126641
-0.0113596
-0.0112497
-0.0126366
-0.0149572
-0.0170855
-0.0179368
-0.0170168
-0.0147787
-0.0125817
-0.0117441
-0.0124856
-0.0138037
-0.0143667
-0.0136802
-0.0122659
-0.0110712
-0.0107554
-0.0113184
-0.0121285
-0.0123894
-0.0118814
-0.0111536
-0.0108927
-0.0112772
-0.0118676
-0.0121697
-0.0120324
-0.0116617
-0.0115106
-0.0118676
-0.0126229
-0.0132545
-0.0131858
-0.0122659
-0.0109614
-0.0100414
-0.0100139
-0.0107829
-0.0118265
-0.012719
-0.0133918
-0.0139136
-0.0143393
-0.0146276
-0.0146688
-0.0143255
-0.0134742
-0.0121972
-0.0110575
-0.010673
-0.0112497
-0.0122796
-0.0130897
-0.0133918
-0.0133643
-0.0132957
-0.0132545
-0.0130897
-0.0125679
-0.0117166
-0.0109477
-0.0106456
-0.0108515
-0.0113184
-0.0117715
-0.0119775
-0.0118265
-0.0113871
-0.0110575
-0.0112909
-0.0121835
-0.0133094
-0.0141333
-0.0143118
-0.0137351
-0.0125954
-0.0113871
-0.0106318
-0.0106044
-0.0110712
-0.0114832
-0.011442
-0.0109889
-0.0104945
-0.0102748
-0.0103572
-0.0105632
-0.0107005
-0.0106868
-0.0104259
-0.00995901
-0.00957454
-0.00969812
-0.0103572
-0.0110575
-0.0111124
-0.0104808
-0.00972558
-0.0093823
-0.00936857
-0.00935484
-0.0091626
-0.00891544
-0.00872321
-0.00851724
-0.00827008
-0.00820142
-0.00851724
-0.00925872
-0.0101787
-0.0108515
-0.0109477
-0.0104671
-0.00975305
-0.00929992
-0.00943723
-0.0102611
-0.0115106
-0.0126915
-0.0133094
-0.0131858
-0.0124993
-0.011593
-0.0107966
-0.0104945
-0.0110987
-0.0126503
-0.0145315
-0.0157948
-0.0156575
-0.0140921
-0.0118539
-0.0102062
-0.0102062
-0.0118127
-0.0139411
-0.0152181
-0.014916
-0.0134193
-0.0117303
-0.010728
-0.0106456
-0.0111399
-0.0116068
-0.0117029
-0.0113871
-0.0108241
-0.0103298
-0.010316
-0.0109065
-0.0117853
-0.0124444
-0.0126229
-0.0123894
-0.0119363
-0.0115381
-0.011442
-0.0118539
-0.0126229
-0.013282
-0.0134467
-0.0130897
-0.0125405
-0.0121972
-0.0121835
-0.0122933
-0.0122521
-0.0119363
-0.0115244
-0.0112909
-0.0112772
-0.0113459
-0.0114283
-0.0114832
-0.0114694
-0.0114145
-0.0115106
-0.0119912
-0.0128151
-0.0137626
-0.0146963
-0.01563
-0.0165225
-0.0170306
-0.0169345
-0.0163028
-0.0154652
-0.0145864
-0.0137214
-0.0130623
-0.0129936
-0.0136939
-0.014861
-0.0157536
-0.0157124
-0.0147649
-0.0135566
-0.0127602
-0.0126091
-0.0128563
-0.0131309
-0.0132682
-0.0133232
-0.0134055
-0.0137214
-0.0143393
-0.0150533
-0.0154652
-0.0153691
-0.0148473
-0.0140784
-0.0132545
-0.0126091
-0.0122659
-0.0122384
-0.0124444
-0.0128288
-0.0133918
-0.0140509
-0.0146276
-0.0148748
-0.01471
-0.014202
-0.0136939
-0.0136939
-0.0142569
-0.0147924
-0.0146551
-0.0138587
-0.0129661
-0.0123482
-0.0118814
-0.0113733
-0.0108653
-0.0105769
-0.0107005
-0.0111948
-0.0118127
-0.0123345
-0.0126778
-0.0130485
-0.0135566
-0.0142157
-0.0149846
-0.0158634
-0.01655
-0.0164951
-0.0154378
-0.0139136
-0.0128288
-0.0127327
-0.0135017
-0.0146551
-0.0156849
-0.0162342
-0.0162891
-0.0161106
-0.0159733
-0.0159184
-0.015781
-0.0156025
-0.0155476
-0.0157124
-0.0160831
-0.0165637
-0.0170168
-0.0171954
-0.0170855
-0.0169757
-0.0171542
-0.0176073
-0.0180467
-0.0182938
-0.0183625
-0.01839
-0.0183762
-0.0182938
-0.0181703
-0.0180741
-0.0180604
-0.0181428
-0.0182664
-0.0183213
-0.0181703
-0.017827
-0.0173739
-0.0170306
-0.0169894
-0.0173601
-0.0179918
-0.0186646
-0.0194198
-0.0205458
-0.0222072
-0.0239648
-0.025132
-0.0256126
-0.026052
-0.0273015
-0.0296633
-0.0329725
-0.036776
-0.040662
-0.0443282
-0.0478434
-0.0518392
-0.0572355
-0.0644993
-0.0733147
-0.0828305
-0.0923462
-0.101656
-0.111007
-0.120687
-0.13089
-0.141627
-0.152928
-0.164902
-0.177782
-0.191664
-0.206192
-0.220541
-0.233901
-0.245971
-0.257203
-0.268462
-0.280422
-0.293179
-0.306182
-0.318705
-0.330253
-0.340689
-0.350039
-0.358155
-0.36491
-0.370513
-0.375772
-0.381635
-0.388528
-0.395915
-0.402685
-0.407903
-0.411363
-0.413299
-0.413931
-0.413368
-0.412159
-0.411294
-0.411445
-0.412365
-0.412928
-0.412118
-0.409756
-0.40631
-0.402493
-0.398854
-0.395627
-0.392592
-0.389256
-0.385301
-0.380866
-0.376335
-0.371858
-0.3673
-0.362549
-0.357756
-0.35328
-0.349408
-0.346414
-0.344259
-0.342597
-0.340867
-0.338601
-0.335581
-0.332107
-0.328811
-0.326243
-0.324527
-0.323497
-0.323058
-0.322962
-0.322756
-0.321987
-0.320545
-0.318993
-0.318114
-0.318513
-0.320243
-0.322632
-0.324651
-0.325543
-0.325392
-0.324994
-0.325378
-0.327053
-0.329772
-0.332656
-0.334729
-0.335484
-0.335224
-0.334839
-0.335292
-0.336995
-0.339535
-0.342185
-0.344506
-0.346524
-0.348515
-0.350616
-0.35258
-0.354118
-0.355093
-0.355491
-0.355395
-0.354983
-0.354502
-0.354296
-0.354667
-0.35571
-0.357152
-0.358429
-0.359047
-0.35891
-0.358512
-0.358388
-0.358663
-0.358978
-0.358951
-0.358594
-0.358086
-0.357496
-0.356768
-0.355916
-0.355134
-0.354667
-0.35453
-0.35442
-0.353994
-0.353321
-0.352882
-0.353074
-0.353665
-0.35398
-0.353527
-0.352264
-0.350534
-0.348762
-0.347348
-0.346552
-0.346387
-0.346552
-0.34662
-0.346222
-0.345275
-0.344025
-0.343009
-0.342597
-0.342748
-0.343105
-0.343449
-0.343737
-0.343806
-0.343531
-0.343064
-0.342858
-0.343229
-0.343833
-0.344094
-0.343723
-0.342886
-0.341801
-0.340702
-0.339851
-0.339425
-0.339357
-0.339302
-0.338972
-0.338519
-0.338519
-0.339439
-0.340949
-0.342089
-0.34202
-0.340853
-0.339412
-0.33845
-0.337997
-0.337585
-0.336926
-0.336198
-0.335855
-0.336089
-0.336706
-0.337324
-0.337668
-0.33764
-0.337256
-0.33661
-0.335869
-0.335306
-0.335018
-0.334757
-0.334235
-0.333342
-0.332313
-0.331571
-0.331393
-0.331612
-0.331818
-0.33164
-0.331036
-0.330225
-0.329456
-0.328962
-0.329086
-0.330129
-0.331887
-0.333342
-0.333411
-0.331859
-0.329621
-0.327987
-0.327562
-0.328056
-0.328729
-0.329044
-0.328742
-0.327877
-0.326642
-0.325378
-0.324513
-0.324335
-0.324843
-0.325708
-0.326532
-0.327095
-0.327424
-0.327685
-0.327864
-0.327699
-0.327067
-0.326216
-0.325625
-0.325474
-0.325625
-0.325667
-0.325433
-0.324856
-0.324005
-0.323113
-0.322508
-0.322412
-0.322701
-0.32292
-0.322632
-0.321685
-0.320366
-0.319199
-0.318609
-0.318787
-0.319419
-0.319872
-0.319625
-0.31865
-0.317414
-0.316426
-0.316
-0.31622
-0.316879
-0.317387
-0.317181
-0.316165
-0.314819
-0.313817
-0.313624
-0.31416
-0.314984
-0.315423
-0.314956
-0.313611
-0.312059
-0.311043
-0.310919
-0.311359
-0.311757
-0.311633
-0.311125
-0.310672
-0.31059
-0.310604
-0.31026
-0.309409
-0.308283
-0.307102
-0.305921
-0.304905
-0.304328
-0.304424
-0.30496
-0.305386
-0.305166
-0.304205
-0.302914
-0.30187
-0.301445
-0.3015
-0.301623
-0.301362
-0.300662
-0.299893
-0.299522
-0.299619
-0.299852
-0.29966
-0.298918
-0.297998
-0.297353
-0.296996
-0.296543
-0.295719
-0.294785
-0.294291
-0.294511
-0.29517
-0.295595
-0.295252
-0.294126
-0.29278
-0.291957
-0.292094
-0.292877
-0.293563
-0.293632
-0.293055
-0.292149
-0.291105
-0.290007
-0.288936
-0.288112
-0.287865
-0.288359
-0.289169
-0.289526
-0.288963
-0.287727
-0.286492
-0.28586
-0.286135
-0.287192
-0.288634
-0.289938
-0.29068
-0.290597
-0.289595
-0.287892
-0.286052
-0.284679
-0.284061
-0.284047
-0.284349
-0.284789
-0.285311
-0.285626
-0.285311
-0.284267
-0.282921
-0.281946
-0.281672
-0.282001
-0.282551
-0.282866
-0.282496
-0.281397
-0.280024
-0.278939
-0.278253
-0.277868
-0.277758
-0.278047
-0.278596
-0.278953
-0.278692
-0.277676
-0.276111
-0.274312
-0.272705
-0.271868
-0.27217
-0.273543
-0.275314
-0.276564
-0.27666
-0.275685
-0.274408
-0.273735
-0.273969
-0.274614
-0.274779
-0.273859
-0.271923
-0.269739
-0.268421
-0.268504
-0.269547
-0.270412
-0.270248
-0.269025
-0.267337
-0.265826
-0.264879
-0.264645
-0.265112
-0.266101
-0.267282
-0.268133
-0.26816
-0.267158
-0.26562
-0.264343
-0.263753
-0.263478
-0.262791
-0.261501
-0.260114
-0.259317
-0.259359
-0.259812
-0.259935
-0.259345
-0.258109
-0.256763
-0.255967
-0.255981
-0.256475
-0.256722
-0.256063
-0.254415
-0.252287
-0.250488
-0.249733
-0.250118
-0.251093
-0.251958
-0.252287
-0.252205
-0.251958
-0.251765
-0.251765
-0.25204
-0.252534
-0.25296
-0.252864
-0.251971
-0.250475
-0.249074
-0.248415
-0.248525
-0.248676
-0.248017
-0.246424
-0.24457
-0.243279
-0.242799
-0.242813
-0.243128
-0.243788
-0.244859
-0.246053
-0.24685
-0.246836
-0.245957
-0.244392
-0.24262
-0.240973
-0.239572
-0.23835
-0.237444
-0.237183
-0.237622
-0.23835
-0.238762
-0.238487
-0.237718
-0.236949
-0.236716
-0.237059
-0.237444
-0.237265
-0.236483
-0.235563
-0.235137
-0.235411
-0.236002
-0.236222
-0.2357
-0.234615
-0.233489
-0.232775
-0.232555
-0.232514
-0.232157
-0.231333
-0.230358
-0.229672
-0.229521
-0.229686
-0.229727
-0.229315
-0.228518
-0.227653
-0.227104
-0.22709
-0.227681
-0.228642
-0.229507
-0.229823
-0.229548
-0.228903
-0.227955
-0.2265
-0.224372
-0.221886
-0.21973
-0.218618
-0.218879
-0.220239
-0.222051
-0.22363
-0.224687
-0.225292
-0.225456
-0.225154
-0.224481
-0.223658
-0.222834
-0.221859
-0.220582
-0.219222
-0.218302
-0.218234
-0.218687
-0.218948
-0.218618
-0.218028
-0.217726
-0.217822
-0.217904
-0.217547
-0.216765
-0.215858
-0.215062
-0.214458
-0.214128
-0.214073
-0.214224
-0.21432
-0.214197
-0.213991
-0.213922
-0.213812
-0.213126
-0.211533
-0.209501
-0.207949
-0.207469
-0.207908
-0.208663
-0.209116
-0.209006
-0.208347
-0.207469
-0.206933
-0.207317
-0.208649
-0.210187
-0.210929
-0.210421
-0.208979
-0.207345
-0.206109
-0.205574
-0.205656
-0.205752
-0.205217
-0.203898
-0.202278
-0.201029
-0.200603
-0.201001
-0.201907
-0.203061
-0.204379
-0.205876
-0.207029
-0.206906
-0.204915
-0.20177
-0.199079
-0.198021
-0.198447
-0.199298
-0.199724
-0.199642
-0.199367
-0.199202
-0.19912
-0.198941
-0.198461
-0.197637
-0.196662
-0.195866
-0.195577
-0.195879
-0.196497
-0.197129
-0.197664
-0.198159
-0.198653
-0.198983
-0.198928
-0.198351
-0.19739
-0.196319
-0.195316
-0.194534
-0.194039
-0.193861
-0.193957
-0.194245
-0.194657
-0.195028
-0.194987
-0.194232
-0.192927
-0.191842
-0.191705
-0.192433
-0.193174
-0.193037
-0.191829
-0.190057
-0.188451
-0.187558
-0.187476
-0.18786
-0.188135
-0.187956
-0.18738
-0.186625
-0.185856
-0.185087
-0.18451
-0.1844
-0.184785
-0.185389
-0.185842
-0.186048
-0.186158
-0.186226
-0.186309
-0.186364
-0.186322
-0.185938
-0.184963
-0.183466
-0.181887
-0.180844
-0.180844
-0.181791
-0.183054
-0.18392
-0.184208
-0.184208
-0.184057
-0.183604
-0.182684
-0.181571
-0.180844
-0.180926
-0.18164
-0.182368
-0.182437
-0.181805
-0.18105
-0.18094
-0.181613
-0.18245
-0.18245
-0.180995
-0.178317
-0.17542
-0.173511
-0.173278
-0.174376
-0.175804
-0.176601
-0.176395
-0.175338
-0.173855
-0.172468
-0.171658
-0.17152
-0.171589
-0.171204
-0.170161
-0.168829
-0.167648
-0.166879
-0.166522
-0.166453
-0.166495
-0.16655
-0.166714
-0.167003
-0.167264
-0.167387
-0.16747
-0.167648
-0.167909
-0.168115
-0.16828
-0.16839
-0.168156
-0.167318
-0.165945
-0.164449
-0.163158
-0.162293
-0.162059
-0.162581
-0.163639
-0.164696
-0.165163
-0.164861
-0.16405
-0.163364
-0.16324
-0.163721
-0.164325
-0.164531
-0.163968
-0.162609
-0.160728
-0.159052
-0.158407
-0.159176
-0.160796
-0.162128
-0.162389
-0.161716
-0.160824
-0.160274
-0.160096
-0.159917
-0.159437
-0.158668
-0.158077
-0.158119
-0.158901
-0.160082
-0.161153
-0.161675
-0.161373
-0.160192
-0.158325
-0.156279
-0.154658
-0.153862
-0.153807
-0.153958
-0.153697
-0.152832
-0.15161
-0.150553
-0.150113
-0.150388
-0.151116
-0.151816
-0.152159
-0.152173
-0.152228
-0.152544
-0.152942
-0.152997
-0.15253
-0.15172
-0.150814
-0.149894
-0.148891
-0.147724
-0.146694
-0.146227
-0.146543
-0.147175
-0.147381
-0.146832
-0.145966
-0.145555
-0.14587
-0.146529
-0.14701
-0.146983
-0.146351
-0.145252
-0.144127
-0.143564
-0.143934
-0.145074
-0.146269
-0.146763
-0.146227
-0.145005
-0.143742
-0.142946
-0.142698
-0.142795
-0.142918
-0.142685
-0.141902
-0.140845
-0.140186
-0.140378
-0.141106
-0.141655
-0.141669
-0.141394
-0.141133
-0.140941
-0.14079
-0.14068
-0.140625
-0.140543
-0.14035
-0.140103
-0.139842
-0.139719
-0.139897
-0.140364
-0.14068
-0.140405
-0.139664
-0.139115
-0.139293
-0.140172
-0.141202
-0.141792
-0.141724
-0.141051
-0.140048
-0.138936
-0.13792
-0.137
-0.136162
-0.135476
-0.135078
-0.135078
-0.135366
-0.13549
-0.134982
-0.133938
-0.132881
-0.132318
-0.132194
-0.132153
-0.131974
-0.131823
-0.132043
-0.132771
-0.13365
-0.134116
-0.133705
-0.132441
-0.130917
-0.129777
-0.129256
-0.129036
-0.128624
-0.127979
-0.127388
-0.127196
-0.127498
-0.128294
-0.129407
-0.130546
-0.131302
-0.131274
-0.130437
-0.129091
-0.127828
-0.127141
-0.127141
-0.12758
-0.128047
-0.128281
-0.128336
-0.128445
-0.128857
-0.129503
-0.129915
-0.129585
-0.128418
-0.126853
-0.125576
-0.125026
-0.12515
-0.125631
-0.126166
-0.126633
-0.127072
-0.127498
-0.127883
-0.128143
-0.128185
-0.127759
-0.126633
-0.124903
-0.123118
-0.121978
-0.121813
-0.122404
-0.123269
-0.123928
-0.124216
-0.124106
-0.123708
-0.123186
-0.122637
-0.122157
-0.1218
-0.121607
-0.121539
-0.121484
-0.121401
-0.121237
-0.120962
-0.120523
-0.119946
-0.119397
-0.118998
-0.118751
-0.118614
-0.118696
-0.119122
-0.119699
-0.119822
-0.118985
-0.117337
-0.115717
-0.11492
-0.114934
-0.115126
-0.115044
-0.114865
-0.115044
-0.115772
-0.116801
-0.117598
-0.11757
-0.116541
-0.11503
-0.114014
-0.114069
-0.114975
-0.115827
-0.115799
-0.114742
-0.113259
-0.11227
-0.112339
-0.113218
-0.114124
-0.11444
-0.114151
-0.11363
-0.113163
-0.11271
-0.112105
-0.11124
-0.110142
-0.109085
-0.108467
-0.108549
-0.109098
-0.109593
-0.10962
-0.109236
-0.108906
-0.109071
-0.109895
-0.11113
-0.11227
-0.112861
-0.112902
-0.112641
-0.112366
-0.112037
-0.111556
-0.110966
-0.110471
-0.110169
-0.110059
-0.109826
-0.109071
-0.107739
-0.106283
-0.105418
-0.105473
-0.106338
-0.107492
-0.10837
-0.108769
-0.108865
-0.108837
-0.108508
-0.10756
-0.10605
-0.104471
-0.103482
-0.103441
-0.10421
-0.105226
-0.105858
-0.10583
-0.10535
-0.104869
-0.104608
-0.104457
-0.104237
-0.103922
-0.103537
-0.103166
-0.102878
-0.102892
-0.103386
-0.104141
-0.104512
-0.104073
-0.103153
-0.102576
-0.102782
-0.103427
-0.103812
-0.103482
-0.102727
-0.102205
-0.102411
-0.103235
-0.104265
-0.10513
-0.105569
-0.105322
-0.104251
-0.102631
-0.101134
-0.100351
-0.100544
-0.101587
-0.103002
-0.104031
-0.104169
-0.103427
-0.102356
-0.101546
-0.101189
-0.101093
-0.101011
-0.100805
-0.100461
-0.100049
-0.0996512
-0.0992804
-0.0990058
-0.0989097
-0.0989646
-0.0990333
-0.0989646
-0.0987998
-0.0985939
-0.0981407
-0.0972345
-0.0960673
-0.0952709
-0.0952847
-0.0958339
-0.0962184
-0.0959712
-0.0952984
-0.0946942
-0.094447
-0.0944745
-0.0944745
-0.0942136
-0.0936506
-0.0928954
-0.0922226
-0.0919617
-0.0923187
-0.0931151
-0.0936781
-0.0932936
-0.0920029
-0.0906435
-0.0902728
-0.0912889
-0.0931151
-0.094653
-0.0950787
-0.0942685
-0.0927581
-0.0912477
-0.0901766
-0.0895999
-0.089339
-0.0891056
-0.0887623
-0.0884465
-0.0884328
-0.0888035
-0.0893802
-0.0898334
-0.0900805
-0.0903689
-0.0909593
-0.0917832
-0.0923324
-0.0920029
-0.0905474
-0.0884465
-0.0866889
-0.0858513
-0.085714
-0.0857003
-0.0857552
-0.0862221
-0.087197
-0.0882543
-0.0889546
-0.0891468
-0.088831
-0.0880895
-0.0871832
-0.0865653
-0.0865379
-0.0870047
-0.0876501
-0.0882131
-0.0884465
-0.0880895
-0.0871146
-0.0858513
-0.0848489
-0.0845469
-0.0852334
-0.0867713
-0.088474
-0.0895038
-0.0896274
-0.0892704
-0.0890232
-0.0891331
-0.0894214
-0.0894489
-0.0889408
-0.0878835
-0.0866752
-0.0858651
-0.0857003
-0.0860848
-0.0866889
-0.0870871
-0.0871558
-0.0872519
-0.0878012
-0.0886937
-0.089339
-0.0893802
-0.0891193
-0.0890782
-0.0891605
-0.0887486
-0.0875265
-0.0859337
-0.0848215
-0.0847803
-0.0858376
-0.0874853
-0.0889134
-0.0893528
-0.0885426
-0.0868949
-0.0852334
-0.0844095
-0.0847528
-0.0858101
-0.0866477
-0.0866889
-0.0860161
-0.0851785
-0.0845881
-0.0843821
-0.0844645
-0.0846567
-0.0848489
-0.0849725
-0.0850137
-0.0849451
-0.0847666
-0.0846018
-0.0846292
-0.0848764
-0.0850549
-0.0847803
-0.0840388
-0.0832424
-0.0826382
-0.0819791
-0.0809493
-0.0796586
-0.0785189
-0.077846
-0.0777362
-0.0780932
-0.0786974
-0.0791642
-0.079178
-0.0786287
-0.0778048
-0.0772144
-0.0773242
-0.0780795
-0.0788759
-0.0791093
-0.0786974
-0.0780932
-0.0779833
-0.0787111
-0.080098
-0.0815947
-0.0824734
-0.0823499
-0.0813338
-0.0798233
-0.0782854
-0.0770634
-0.0763493
-0.0760472
-0.0759099
-0.0757726
-0.0757726
-0.0762395
-0.0772144
-0.0783404
-0.079178
-0.0796174
-0.0799194
-0.0803039
-0.0807159
-0.0807159
-0.0798645
-0.0781481
-0.0761983
-0.0748526
-0.0744682
-0.074784
-0.0753332
-0.0759374
-0.0766789
-0.0774478
-0.0779696
-0.0780108
-0.0776126
-0.0770634
-0.0765141
-0.0758138
-0.0748526
-0.0738365
-0.0732461
-0.0733559
-0.0739738
-0.0745368
-0.0747565
-0.0747153
-0.0747565
-0.0751135
-0.0758275
-0.0767613
-0.077489
-0.0774204
-0.0763768
-0.0746879
-0.0731088
-0.0722712
-0.0722574
-0.0727655
-0.0733971
-0.0739189
-0.074372
-0.0747291
-0.074784
-0.0742622
-0.0732598
-0.0721613
-0.0714336
-0.0712413
-0.0715983
-0.0722986
-0.0729028
-0.0729577
-0.0722986
-0.07131
-0.0707058
-0.0709942
-0.0721064
-0.0733834
-0.0740425
-0.0736031
-0.0722574
-0.0707745
-0.0698957
-0.0698957
-0.0704861
-0.071104
-0.0712551
-0.0707882
-0.0701154
-0.0698133
-0.0701291
-0.0708019
-0.0714061
-0.0716395
-0.07131
-0.0704861
-0.0695799
-0.0691542
-0.0695661
-0.0706097
-0.0716945
-0.0721751
-0.0718318
-0.0709255
-0.0699506
-0.0692503
-0.0688658
-0.0686873
-0.068756
-0.0692091
-0.0699918
-0.0708431
-0.0714198
-0.0714473
-0.0707882
-0.069621
-0.0684814
-0.0680008
-0.0682891
-0.0689345
-0.0693464
-0.0691817
-0.0685226
-0.0677811
-0.0674378
-0.0677261
-0.068344
-0.068756
-0.0686599
-0.0681793
-0.0676163
-0.0671082
-0.0666963
-0.0665315
-0.0668062
-0.0675202
-0.0682205
-0.0683578
-0.0677399
-0.0666688
-0.0657214
-0.0652271
-0.0649662
-0.0645268
-0.0637578
-0.0629477
-0.0624259
-0.0622749
-0.0624946
-0.0630163
-0.0636205
-0.0639638
-0.063799
-0.063236
-0.0625769
-0.0620826
-0.0619453
-0.0622474
-0.0628928
-0.0635931
-0.064005
-0.0639913
-0.0636617
-0.0631674
-0.0626731
-0.0622062
-0.0617668
-0.0613961
-0.0612999
-0.0617531
-0.0628104
-0.0641148
-0.0650074
-0.0649113
-0.0635656
-0.0613549
-0.0593089
-0.0585262
-0.0593501
-0.0610116
-0.0624534
-0.0631537
-0.0631811
-0.0627966
-0.0622886
-0.0619728
-0.061959
-0.0621513
-0.0622749
-0.0620826
-0.0615334
-0.0608056
-0.0601877
-0.0599818
-0.0602976
-0.0611214
-0.0623435
-0.0637166
-0.0648426
-0.0651996
-0.0645542
-0.0632498
-0.0619179
-0.0610391
-0.060737
-0.060888
-0.0612038
-0.0614235
-0.061657
-0.0622199
-0.0632086
-0.0641286
-0.064362
-0.0637578
-0.0627692
-0.0618767
-0.0612588
-0.0609155
-0.0609155
-0.0613411
-0.0621513
-0.0629889
-0.0632772
-0.0626181
-0.0612313
-0.0599955
-0.0598032
-0.0609292
-0.062879
-0.0647602
-0.0657351
-0.0653095
-0.0637304
-0.0619179
-0.0608194
-0.0605997
-0.0607095
-0.0605173
-0.0598582
-0.0591304
-0.0589107
-0.0593913
-0.0602015
-0.060682
-0.060531
-0.0599131
-0.0591991
-0.0586636
-0.058334
-0.0580594
-0.0577024
-0.0572767
-0.0569472
-0.0568648
-0.0569334
-0.0569884
-0.0569609
-0.056906
-0.056906
-0.0570158
-0.0573591
-0.0580457
-0.0587322
-0.0588421
-0.0581418
-0.0570021
-0.0559722
-0.0553681
-0.0551484
-0.055272
-0.0556427
-0.0561096
-0.0564528
-0.056494
-0.0561507
-0.0553269
-0.054297
-0.0537066
-0.0542284
-0.0558487
-0.0577848
-0.0590755
-0.0590755
-0.0577848
-0.0558899
-0.0543932
-0.0540773
-0.0548875
-0.0560958
-0.0568785
-0.056851
-0.0562743
-0.05578
-0.0558761
-0.056549
-0.0572767
-0.0577161
-0.0579358
-0.0580457
-0.0578946
-0.0573179
-0.0564254
-0.055574
-0.0549973
-0.0547227
-0.0546266
-0.0546129
-0.054654
-0.0547914
-0.0550797
-0.0555878
-0.0563155
-0.0570982
-0.0574964
-0.0572081
