LECROYHDO9204-MSöv,30454,Waveform
Segments,1,SegmentSize,2002
Ampl
-0.0123757
-0.0145315
-0.0163166
-0.0168521
-0.0161381
-0.0147924
-0.0136252
-0.0130623
-0.0129799
-0.0130211
-0.0131721
-0.0136527
-0.0143805
-0.0148748
-0.014916
-0.0148748
-0.0152318
-0.015987
-0.0165774
-0.0163715
-0.0151906
-0.0134467
-0.012005
-0.0115106
-0.0118814
-0.0124718
-0.0128838
-0.0132682
-0.0138587
-0.0144354
-0.0146688
-0.0143805
-0.0136802
-0.0127739
-0.0120736
-0.0121423
-0.0133232
-0.0152867
-0.0171404
-0.018033
-0.0176622
-0.0163989
-0.0149984
-0.0140921
-0.0138587
-0.014147
-0.0146139
-0.0149846
-0.0151494
-0.0152043
-0.0153828
-0.0159321
-0.0167971
-0.0177309
-0.0185135
-0.0189804
-0.0189118
-0.0180879
-0.016701
-0.0154515
-0.0149297
-0.0150945
-0.0153142
-0.0151631
-0.014861
-0.0149297
-0.0156575
-0.0168383
-0.0180741
-0.0190216
-0.0193923
-0.0189118
-0.0176073
-0.0160007
-0.0148885
-0.0146139
-0.0148336
-0.014861
-0.0144354
-0.0138724
-0.01379
-0.014353
-0.0153279
-0.0162754
-0.016907
-0.0170718
-0.0168658
-0.0166186
-0.0166736
-0.0170718
-0.0175112
-0.0176622
-0.0173739
-0.0168246
-0.016344
-0.0159733
-0.0153142
-0.0140097
-0.0124032
-0.0114145
-0.0116891
-0.0129661
-0.0144079
-0.0153416
-0.01563
-0.0156437
-0.0159046
-0.0165225
-0.017113
-0.0170855
-0.0162754
-0.0151906
-0.0145452
-0.0146688
-0.015273
-0.0157124
-0.0156849
-0.0153554
-0.0151769
-0.0153279
-0.0156437
-0.0158909
-0.0160145
-0.016193
-0.0165774
-0.0170306
-0.0173189
-0.0172503
-0.0167834
-0.0159733
-0.0150121
-0.014353
-0.0144628
-0.0153554
-0.0166049
-0.0176897
-0.018335
-0.0185135
-0.018335
-0.0179231
-0.0174288
-0.017113
-0.017264
-0.0178956
-0.0184998
-0.0183488
-0.017113
-0.0153142
-0.0140097
-0.0138861
-0.0148473
-0.0162067
-0.0171954
-0.0174288
-0.0170855
-0.0166186
-0.0162891
-0.0159733
-0.015424
-0.0144903
-0.0133643
-0.0124032
-0.0119363
-0.0120873
-0.0125542
-0.0128838
-0.012925
-0.012925
-0.0131309
-0.013433
-0.0135978
-0.0134742
-0.0131446
-0.0128014
-0.0125405
-0.0122796
-0.0119088
-0.0114969
-0.0113047
-0.0116342
-0.0124169
-0.0133506
-0.0139823
-0.0140234
-0.0133781
-0.0123757
-0.0117029
-0.0118539
-0.0126915
-0.0134605
-0.0135291
-0.0128288
-0.0118539
-0.0111399
-0.01103
-0.0114832
-0.0121011
-0.0124718
-0.0125817
-0.0128014
-0.0134055
-0.0141196
-0.0143255
-0.0137214
-0.0125405
-0.0115793
-0.0115656
-0.0126091
-0.0140234
-0.014861
-0.0146825
-0.0136664
-0.0123894
-0.0113871
-0.0112909
-0.0124581
-0.0145315
-0.0164401
-0.0170718
-0.0161792
-0.014353
-0.012362
-0.0108103
-0.00993155
-0.00989036
-0.0107142
-0.0122796
-0.0140509
-0.0152181
-0.0152593
-0.014353
-0.0131858
-0.012362
-0.0119363
-0.0116754
-0.0114008
-0.0111674
-0.0111536
-0.0113871
-0.0115518
-0.0111674
-0.0101787
-0.0091626
-0.00897037
-0.00991782
-0.0116479
-0.0134055
-0.0145315
-0.0146825
-0.013996
-0.0130211
-0.012362
-0.0123345
-0.0128014
-0.0135429
-0.0142569
-0.014559
-0.0140784
-0.0128151
-0.0111811
-0.00990409
-0.00950588
-0.0101101
-0.0113733
-0.0127053
-0.0135566
-0.0138449
-0.0138724
-0.0138724
-0.0138861
-0.0139273
-0.0139823
-0.0140097
-0.0139136
-0.0136802
-0.0133918
-0.0130211
-0.0124581
-0.0117578
-0.0112497
-0.0113871
-0.0123757
-0.0138999
-0.0152181
-0.0156987
-0.0152867
-0.0144491
-0.0136939
-0.0131309
-0.0125542
-0.0118539
-0.0111536
-0.0107554
-0.0107417
-0.0111399
-0.0117441
-0.0120736
-0.0115518
-0.0101101
-0.00855843
-0.0081053
-0.00927245
-0.0113871
-0.0131035
-0.0134055
-0.0123208
-0.0107417
-0.00961573
-0.00935484
-0.00986289
-0.0108378
-0.0119775
-0.0129661
-0.0134879
-0.0134742
-0.0131858
-0.0130623
-0.0133369
-0.0139273
-0.0144079
-0.0144491
-0.0140372
-0.0135978
-0.0134879
-0.0136664
-0.0137626
-0.0137488
-0.0140234
-0.0149709
-0.0163166
-0.0173327
-0.0173189
-0.0161518
-0.014504
-0.0135291
-0.0138587
-0.0150121
-0.0157948
-0.0154378
-0.0141745
-0.0127327
-0.0117441
-0.0114283
-0.0116617
-0.0120599
-0.0122384
-0.0122796
-0.0126366
-0.0135017
-0.0144903
-0.0149297
-0.0145864
-0.0138587
-0.013282
-0.0131309
-0.0131996
-0.0131858
-0.013076
-0.0131996
-0.0137351
-0.0144079
-0.0146414
-0.0140509
-0.0127602
-0.0113733
-0.0106044
-0.0110163
-0.0125267
-0.0143667
-0.0155201
-0.0154378
-0.0144217
-0.0131584
-0.0121285
-0.0115381
-0.011442
-0.0118265
-0.0124993
-0.0131858
-0.013584
-0.0135566
-0.0132957
-0.0132545
-0.0137488
-0.0144903
-0.0147237
-0.0139548
-0.0123894
-0.0108515
-0.0102474
-0.010879
-0.0123757
-0.0138312
-0.0144217
-0.0140097
-0.0130073
-0.0119088
-0.0109889
-0.0103435
-0.0100551
-0.010165
-0.0105632
-0.0110575
-0.0115518
-0.012005
-0.0123757
-0.0126229
-0.0126778
-0.012513
-0.0121697
-0.0119088
-0.0121011
-0.0130211
-0.0144354
-0.0157948
-0.01655
-0.0165225
-0.0159046
-0.0151219
-0.014504
-0.0142294
-0.0143667
-0.0148199
-0.0152867
-0.0153416
-0.014861
-0.014202
-0.013996
-0.014504
-0.0155064
-0.01655
-0.0172503
-0.0173739
-0.0169757
-0.0163989
-0.0160831
-0.0163166
-0.0171542
-0.0183625
-0.0195022
-0.0200652
-0.0197768
-0.0188156
-0.0176622
-0.0167285
-0.0163577
-0.0167697
-0.0179231
-0.0194473
-0.0207929
-0.0217266
-0.0224819
-0.0234568
-0.0248986
-0.0269033
-0.0294298
-0.0323683
-0.0354578
-0.0385748
-0.0418154
-0.045358
-0.0493126
-0.0538027
-0.0591853
-0.0658038
-0.0732873
-0.0805785
-0.0868125
-0.0921265
-0.097564
-0.104279
-0.11249
-0.121484
-0.130258
-0.138277
-0.145623
-0.152763
-0.160274
-0.168582
-0.177507
-0.186281
-0.193957
-0.200218
-0.205505
-0.210599
-0.216023
-0.221667
-0.226953
-0.231292
-0.234546
-0.23721
-0.24019
-0.244035
-0.24847
-0.252507
-0.255281
-0.25653
-0.256461
-0.255555
-0.254402
-0.25366
-0.25355
-0.253688
-0.253358
-0.252232
-0.250461
-0.248333
-0.246039
-0.243664
-0.241357
-0.239297
-0.237595
-0.236167
-0.23478
-0.233242
-0.231251
-0.228491
-0.224838
-0.220678
-0.216833
-0.214087
-0.212673
-0.212123
-0.21167
-0.210531
-0.208306
-0.205244
-0.202168
-0.199971
-0.199092
-0.199436
-0.200672
-0.202429
-0.204159
-0.205134
-0.204777
-0.203102
-0.20085
-0.198914
-0.197706
-0.197211
-0.197349
-0.198186
-0.199683
-0.201578
-0.203473
-0.205011
-0.206054
-0.206782
-0.207537
-0.208594
-0.209899
-0.21119
-0.212096
-0.212535
-0.212686
-0.212934
-0.213579
-0.214526
-0.215515
-0.216435
-0.217492
-0.218838
-0.220307
-0.221543
-0.222312
-0.222641
-0.222532
-0.222065
-0.221488
-0.221323
-0.221941
-0.223095
-0.224083
-0.22444
-0.224138
-0.223589
-0.22315
-0.222971
-0.22304
-0.22341
-0.224152
-0.22525
-0.226321
-0.226843
-0.226514
-0.225594
-0.224523
-0.223561
-0.222449
-0.22087
-0.218934
-0.217231
-0.216435
-0.216888
-0.218275
-0.219827
-0.22076
-0.220705
-0.219799
-0.218728
-0.218261
-0.218687
-0.219456
-0.219717
-0.219016
-0.217506
-0.215693
-0.214156
-0.213263
-0.213181
-0.213689
-0.214362
-0.214897
-0.21524
-0.215268
-0.214719
-0.213442
-0.211808
-0.210517
-0.210187
-0.210956
-0.212563
-0.214609
-0.216682
-0.218357
-0.219085
-0.218632
-0.217369
-0.216105
-0.215419
-0.215336
-0.215652
-0.216105
-0.216504
-0.216655
-0.216572
-0.216449
-0.216421
-0.21649
-0.216531
-0.216408
-0.215968
-0.215213
-0.214307
-0.213579
-0.213387
-0.21384
-0.214773
-0.215748
-0.216325
-0.216078
-0.214746
-0.212412
-0.209803
-0.208031
-0.207908
-0.209322
-0.211327
-0.212728
-0.212961
-0.212274
-0.211341
-0.21064
-0.21016
-0.209528
-0.208567
-0.207345
-0.206233
-0.205642
-0.20578
-0.206452
-0.207125
-0.207441
-0.20751
-0.207688
-0.20799
-0.208059
-0.207551
-0.20659
-0.205656
-0.205285
-0.205642
-0.206425
-0.207015
-0.206974
-0.206301
-0.205423
-0.204709
-0.204077
-0.203171
-0.201976
-0.201029
-0.201042
-0.202113
-0.203596
-0.204612
-0.204846
-0.204585
-0.204242
-0.203885
-0.203377
-0.202759
-0.202155
-0.201537
-0.200699
-0.199765
-0.199326
-0.199861
-0.201152
-0.202333
-0.202539
-0.201619
-0.200081
-0.198653
-0.197898
-0.198035
-0.198777
-0.199477
-0.199422
-0.198557
-0.1975
-0.196964
-0.197101
-0.197568
-0.198008
-0.198227
-0.198063
-0.197417
-0.196538
-0.195811
-0.195344
-0.194904
-0.194245
-0.193449
-0.192955
-0.193202
-0.194136
-0.195275
-0.195852
-0.195413
-0.194053
-0.192364
-0.190977
-0.190236
-0.190044
-0.190071
-0.19003
-0.189838
-0.189577
-0.189288
-0.188986
-0.188739
-0.188629
-0.188478
-0.188066
-0.187476
-0.187119
-0.187421
-0.188423
-0.189769
-0.190881
-0.191279
-0.190785
-0.189796
-0.188918
-0.188616
-0.188767
-0.189014
-0.18911
-0.189096
-0.189014
-0.188753
-0.188094
-0.187105
-0.186144
-0.185567
-0.185457
-0.185705
-0.186158
-0.186762
-0.187448
-0.187984
-0.188162
-0.187984
-0.187613
-0.187201
-0.186776
-0.186542
-0.186707
-0.187215
-0.187476
-0.186899
-0.185485
-0.183755
-0.182409
-0.181915
-0.182313
-0.183151
-0.183672
-0.183521
-0.182917
-0.182272
-0.181544
-0.180418
-0.17888
-0.177438
-0.176738
-0.17704
-0.178029
-0.178921
-0.179031
-0.17829
-0.177315
-0.176917
-0.177301
-0.177892
-0.17796
-0.177068
-0.175351
-0.17325
-0.171369
-0.170367
-0.170559
-0.17174
-0.17325
-0.174376
-0.174665
-0.173978
-0.172591
-0.171177
-0.170435
-0.170628
-0.171301
-0.171809
-0.171699
-0.170985
-0.169982
-0.169186
-0.168925
-0.169131
-0.169474
-0.169639
-0.169392
-0.168637
-0.167593
-0.166907
-0.167181
-0.168568
-0.170573
-0.172509
-0.173731
-0.173827
-0.172701
-0.17082
-0.168939
-0.167648
-0.167071
-0.167058
-0.167332
-0.167648
-0.167868
-0.167964
-0.167895
-0.167566
-0.167016
-0.166508
-0.166385
-0.166797
-0.167648
-0.168527
-0.168788
-0.167923
-0.166069
-0.164078
-0.162993
-0.163172
-0.164037
-0.164655
-0.164284
-0.162897
-0.161098
-0.159739
-0.159368
-0.15978
-0.160247
-0.160096
-0.159258
-0.158119
-0.157226
-0.156759
-0.156402
-0.155578
-0.154095
-0.152461
-0.151541
-0.151953
-0.153587
-0.155757
-0.157473
-0.157885
-0.156732
-0.154603
-0.152503
-0.151184
-0.150663
-0.150566
-0.150649
-0.150869
-0.151212
-0.151569
-0.151734
-0.151583
-0.151143
-0.150608
-0.150168
-0.149866
-0.149825
-0.150209
-0.151006
-0.151898
-0.152393
-0.152269
-0.151692
-0.151116
-0.150951
-0.151294
-0.151857
-0.152187
-0.152077
-0.151843
-0.151926
-0.152393
-0.152818
-0.152873
-0.152612
-0.152365
-0.152242
-0.152091
-0.151775
-0.151322
-0.150786
-0.150113
-0.149372
-0.14874
-0.148452
-0.148617
-0.149015
-0.149344
-0.149386
-0.14918
-0.148878
-0.148562
-0.14815
-0.147669
-0.147367
-0.147408
-0.147587
-0.147504
-0.146914
-0.145939
-0.144882
-0.144044
-0.143591
-0.143536
-0.143742
-0.14403
-0.144209
-0.14403
-0.143358
-0.1423
-0.14127
-0.140721
-0.140762
-0.141229
-0.141847
-0.142369
-0.142575
-0.142438
-0.142204
-0.142287
-0.142781
-0.143426
-0.143975
-0.144484
-0.145129
-0.145706
-0.145678
-0.144635
-0.142891
-0.14127
-0.140515
-0.14079
-0.141545
-0.142053
-0.14193
-0.141463
-0.141215
-0.141531
-0.142204
-0.142671
-0.142355
-0.140941
-0.138607
-0.136053
-0.134268
-0.13402
-0.135188
-0.13678
-0.137673
-0.137426
-0.136465
-0.135558
-0.135284
-0.135641
-0.136204
-0.136341
-0.135696
-0.134583
-0.133746
-0.133636
-0.134062
-0.134556
-0.134982
-0.13538
-0.135613
-0.13527
-0.134213
-0.133032
-0.132592
-0.133155
-0.134103
-0.134515
-0.133897
-0.132524
-0.130876
-0.129311
-0.128047
-0.127429
-0.127814
-0.129091
-0.130588
-0.131494
-0.131494
-0.130821
-0.129915
-0.129146
-0.12872
-0.128693
-0.128926
-0.129146
-0.129228
-0.129256
-0.129311
-0.129269
-0.128967
-0.128308
-0.127484
-0.126935
-0.127004
-0.127567
-0.128198
-0.128445
-0.128294
-0.128047
-0.127965
-0.128061
-0.128226
-0.128308
-0.128322
-0.128336
-0.128404
-0.128487
-0.128418
-0.127951
-0.126908
-0.125425
-0.123846
-0.122596
-0.121964
-0.122184
-0.123351
-0.125287
-0.127306
-0.128404
-0.127992
-0.126482
-0.124999
-0.12434
-0.124299
-0.124244
-0.123955
-0.123859
-0.12434
-0.125026
-0.125095
-0.123997
-0.122184
-0.120715
-0.120358
-0.120866
-0.121319
-0.121072
-0.120413
-0.120207
-0.120893
-0.122006
-0.122665
-0.122417
-0.121511
-0.12055
-0.119836
-0.119287
-0.118779
-0.11849
-0.118751
-0.119603
-0.120536
-0.120935
-0.120564
-0.119836
-0.11941
-0.119685
-0.120454
-0.121168
-0.121209
-0.120413
-0.119026
-0.11768
-0.117021
-0.117213
-0.117763
-0.117982
-0.117612
-0.117021
-0.116747
-0.117007
-0.117515
-0.117831
-0.117625
-0.116994
-0.116156
-0.115305
-0.114508
-0.113973
-0.114138
-0.115167
-0.116664
-0.117804
-0.117886
-0.116788
-0.115003
-0.113341
-0.112449
-0.112531
-0.11319
-0.113657
-0.113382
-0.112435
-0.111281
-0.110348
-0.109744
-0.109483
-0.109565
-0.109963
-0.110403
-0.110664
-0.110732
-0.110924
-0.111625
-0.112737
-0.113492
-0.113012
-0.111062
-0.10848
-0.106572
-0.106146
-0.107039
-0.108494
-0.109579
-0.10984
-0.109373
-0.108714
-0.108302
-0.108247
-0.108233
-0.107959
-0.107203
-0.106077
-0.104965
-0.104224
-0.10388
-0.103674
-0.103414
-0.103331
-0.103757
-0.104704
-0.105816
-0.106585
-0.106695
-0.106077
-0.104938
-0.103729
-0.103015
-0.103194
-0.104114
-0.105212
-0.105734
-0.105322
-0.104128
-0.102713
-0.101574
-0.100914
-0.100585
-0.100461
-0.10053
-0.100818
-0.10134
-0.102095
-0.102947
-0.103661
-0.103825
-0.103194
-0.101821
-0.100063
-0.098484
-0.0975228
-0.097207
-0.0972207
-0.0972757
-0.097413
-0.0976739
-0.0977975
-0.0973581
-0.0963694
-0.0954769
-0.0954906
-0.0966578
-0.098484
-0.0999807
-0.100338
-0.0994864
-0.0979485
-0.096493
-0.0955867
-0.0952435
-0.0950924
-0.0947903
-0.0942273
-0.0935271
-0.0929366
-0.0925796
-0.0923736
-0.092305
-0.0924972
-0.0930327
-0.093733
-0.0942548
-0.0944059
-0.0941999
-0.0937056
-0.093019
-0.0921814
-0.0912614
-0.0904101
-0.0897372
-0.0893665
-0.0892292
-0.0891468
-0.0888859
-0.0884053
-0.0878423
-0.0873892
-0.0871146
-0.0870734
-0.0873343
-0.0879385
-0.0886113
-0.0890232
-0.0889958
-0.0886662
-0.0884465
-0.0887074
-0.0895175
-0.0906023
-0.0915635
-0.0920853
-0.0920853
-0.0916459
-0.0909731
-0.0903277
-0.089902
-0.089751
-0.0898196
-0.0901355
-0.0906572
-0.0910417
-0.0907396
-0.0895313
-0.0878012
-0.086277
-0.0854257
-0.0853982
-0.0860298
-0.0869635
-0.0877325
-0.0879934
-0.0876638
-0.0870047
-0.0863731
-0.086071
-0.0861534
-0.0864555
-0.0865928
-0.0862083
-0.0852471
-0.0840113
-0.0829952
-0.0825284
-0.0825009
-0.0825146
-0.0823636
-0.08224
-0.0825009
-0.083311
-0.0843684
-0.0852471
-0.0856591
-0.0855767
-0.0852471
-0.0850274
-0.0852197
-0.0856042
-0.085563
-0.0847116
-0.0833248
-0.08224
-0.0821439
-0.0828854
-0.0836681
-0.0836681
-0.0827893
-0.0817869
-0.0816221
-0.0827069
-0.0844507
-0.0855767
-0.0850824
-0.0830502
-0.0806472
-0.0793702
-0.0799332
-0.0817732
-0.0835994
-0.084437
-0.0841075
-0.0829815
-0.0815809
-0.0802627
-0.0793565
-0.0791917
-0.0799606
-0.0813475
-0.0825696
-0.0827343
-0.0816358
-0.0799469
-0.078615
-0.0782442
-0.0788347
-0.0801529
-0.0817182
-0.0829128
-0.08316
-0.0824597
-0.0814161
-0.0807296
-0.0807296
-0.081169
-0.0814848
-0.0812514
-0.0805511
-0.079892
-0.0797272
-0.0798508
-0.0795899
-0.0785051
-0.0769535
-0.0757177
-0.0753332
-0.0759099
-0.0770634
-0.078258
-0.079123
-0.0796586
-0.0800156
-0.080249
-0.0801803
-0.0797821
-0.079178
-0.0784777
-0.0777087
-0.0770634
-0.0769123
-0.077338
-0.0777774
-0.0775577
-0.0765141
-0.075141
-0.07407
-0.073658
-0.0739326
-0.0746192
-0.0753195
-0.0758138
-0.0760747
-0.0761159
-0.0760335
-0.0759649
-0.0761296
-0.0764729
-0.076624
-0.0762669
-0.0755941
-0.0752508
-0.0757177
-0.0768711
-0.0780108
-0.0783678
-0.0776675
-0.0763356
-0.0750723
-0.0742759
-0.0738915
-0.0736718
-0.0735619
-0.0736443
-0.0739326
-0.0743308
-0.0746604
-0.0748114
-0.0747977
-0.0747291
-0.0748114
-0.0750998
-0.0754019
-0.0753195
-0.0745643
-0.073301
-0.0721751
-0.071873
-0.0724497
-0.0733559
-0.0740013
-0.0742347
-0.0742759
-0.0742347
-0.0740425
-0.0738091
-0.0737679
-0.07407
-0.0745368
-0.0748801
-0.0749213
-0.0746192
-0.0740837
-0.0738091
-0.0742622
-0.0752508
-0.0760472
-0.0759786
-0.0750311
-0.0738091
-0.0729303
-0.0727106
-0.0730264
-0.0735756
-0.0740837
-0.0744544
-0.0745368
-0.0740974
-0.0730264
-0.0717631
-0.0710354
-0.0713237
-0.0724497
-0.0737129
-0.0743995
-0.0742073
-0.073301
-0.0722574
-0.0717357
-0.0720103
-0.0726694
-0.0729165
-0.0721613
-0.070596
-0.0691954
-0.0689894
-0.0702252
-0.0719416
-0.0726282
-0.0714336
-0.0687972
-0.065996
-0.0642796
-0.0641972
-0.0655429
-0.0676026
-0.06947
-0.0704175
-0.0702252
-0.0692091
-0.0680282
-0.0674515
-0.0678223
-0.0687972
-0.0694975
-0.0693602
-0.0685363
-0.0676026
-0.0669847
-0.0667512
-0.06671
-0.0667512
-0.0669023
-0.0673142
-0.0680282
-0.0688933
-0.0695387
-0.0697446
-0.0695936
-0.0693052
-0.0689757
-0.0686324
-0.0682617
-0.0678772
-0.0673966
-0.0668885
-0.0665453
-0.0664766
-0.0665041
-0.0663942
-0.0662294
-0.0663393
-0.0668885
-0.0677261
-0.0683029
-0.0682754
-0.0676163
-0.0667787
-0.0662294
-0.0661333
-0.0663118
-0.0664354
-0.0663256
-0.065996
-0.0656939
-0.0657489
-0.0662157
-0.0667238
-0.0669984
-0.067122
-0.0673142
-0.0675751
-0.0675614
-0.0670396
-0.0662294
-0.0656665
-0.0657626
-0.066559
-0.0675339
-0.0679596
-0.0673142
-0.0658999
-0.0646504
-0.064211
-0.0644444
-0.0647465
-0.0648014
-0.0647465
-0.0646641
-0.0645817
-0.0645817
-0.0647602
-0.0650211
-0.0650623
-0.0647053
-0.0640874
-0.0634008
-0.0627143
-0.0620414
-0.0614785
-0.0611077
-0.0609979
-0.0613549
-0.0621787
-0.0631399
-0.063648
-0.0634283
-0.0627143
-0.0620277
-0.0617805
-0.0620277
-0.0624671
-0.0626456
-0.0623984
-0.061808
-0.0611214
-0.0606408
-0.0605997
-0.0610253
-0.0615196
-0.0614373
-0.060531
-0.059254
-0.0585125
-0.0589519
-0.0603662
-0.0618217
-0.062371
-0.0616707
-0.0603525
-0.0594325
-0.0596247
-0.060737
-0.0618767
-0.0622062
-0.0614922
-0.0602015
-0.0589244
-0.057977
-0.0574827
-0.0574277
-0.057771
-0.0583752
-0.0589931
-0.05946
-0.0597621
-0.0598582
-0.0595012
-0.0586086
-0.0576063
-0.0570845
-0.0572081
-0.0575376
-0.0577573
-0.0580045
-0.0585537
-0.059103
-0.0589931
-0.058128
-0.0571943
-0.0569197
-0.0571943
-0.0572904
-0.0567137
-0.0556702
-0.054654
-0.0538576
-0.0533221
-0.0532809
-0.0541185
-0.0558075
-0.0574964
-0.0582516
-0.0579083
-0.0571531
-0.0566451
-0.0563842
-0.0559585
-0.055066
-0.0538714
-0.0528553
-0.0524708
-0.0528415
-0.0536105
-0.0541735
-0.0542696
-0.0539812
-0.0534182
-0.052663
-0.0519353
-0.0515783
-0.0517568
-0.0522236
-0.052663
-0.0530338
-0.0535693
-0.0543794
-0.0551896
-0.0555191
-0.0550248
-0.0538164
-0.0524021
-0.051386
-0.0510702
-0.0513586
-0.0519215
-0.0524708
-0.0528415
-0.0529926
-0.0531162
-0.053377
-0.0538164
-0.0541872
-0.0542558
-0.0539538
-0.0534457
-0.0530338
-0.0531985
-0.0542009
-0.0557251
-0.0569746
-0.0572767
-0.0566588
-0.0557388
-0.0552857
-0.0558075
-0.0571394
-0.0584439
-0.0586636
-0.0574552
-0.0553543
-0.0534594
-0.0526081
-0.05302
-0.0543382
-0.0557388
-0.0564116
-0.0562606
-0.0558761
-0.0558349
-0.0561096
-0.0564528
-0.0567412
-0.0570707
-0.0574552
-0.057771
-0.0578671
-0.0575651
-0.0567687
-0.0555603
-0.0540636
-0.052512
-0.0512075
-0.0505759
-0.0509054
-0.0520039
-0.0533084
-0.0543794
-0.0550248
-0.0550248
-0.0541872
-0.0527042
-0.0512075
-0.0503836
-0.0503836
-0.0508505
-0.0511938
-0.0509741
-0.0500953
-0.0489281
-0.0481317
-0.0480631
-0.0486261
-0.0495323
-0.0505896
-0.0516469
-0.0524571
-0.0528003
-0.0526356
-0.0520589
-0.0512624
-0.0504523
-0.0498344
-0.0494911
-0.0494637
-0.0500129
-0.0513723
-0.0533496
-0.0551072
-0.055931
-0.0557525
-0.0551346
-0.0545991
-0.0544206
-0.0545442
-0.0546266
-0.0542147
-0.0531573
-0.051798
-0.0506445
-0.0499442
-0.0496971
-0.0499305
-0.0506171
-0.0515371
-0.0523609
-0.0528003
-0.052663
-0.0519078
-0.0509192
-0.0503974
-0.0508368
-0.051949
-0.0528003
-0.0526081
-0.0513723
-0.0500129
-0.0494637
-0.049752
-0.0501228
-0.0497657
-0.048681
-0.0476511
-0.0475413
-0.048475
-0.0497657
-0.0504935
-0.0501777
-0.0488869
-0.0471294
-0.0456601
-0.0451383
-0.0457425
-0.0469371
-0.0478434
-0.047967
-0.0476237
-0.0474864
-0.0479258
-0.0485025
-0.0483652
-0.0472117
-0.0455228
-0.0442183
-0.0438064
-0.0442321
-0.0450559
-0.0458386
-0.0463055
-0.0463604
-0.0460721
-0.0456876
-0.045413
-0.0455228
-0.0461407
-0.0471431
-0.0482141
-0.0491616
-0.0500816
-0.0510839
-0.0518392
-0.0517293
-0.0505347
-0.0487222
-0.0470058
-0.0457974
-0.0451383
-0.0448362
-0.0447127
-0.0447813
-0.0450422
-0.045413
-0.0457013
-0.0458249
-0.0459759
-0.0463879
-0.0469371
-0.0471843
-0.0469371
-0.0464565
-0.0462368
-0.0465938
-0.0473902
-0.0480905
-0.0482416
-0.0478571
-0.0473216
-0.0470744
-0.0472255
-0.0477335
-0.0483652
-0.0487496
-0.0482828
-0.0466625
-0.0443007
-0.0421175
-0.0408817
-0.0407581
-0.0412661
-0.0418291
-0.0421861
-0.0425019
-0.0430375
-0.0437103
-0.044081
-0.0438613
-0.0431748
-0.0424607
-0.0420488
-0.0419527
-0.0420214
-0.0419802
-0.0416231
-0.0410739
-0.0407443
-0.0409915
-0.0417605
-0.0427354
-0.0436828
-0.0443419
-0.0444518
-0.0438613
-0.0427903
-0.0416643
-0.0408405
-0.0405933
-0.0410052
-0.041884
-0.0425981
-0.0425706
-0.0418154
-0.0410876
-0.04117
-0.0421724
-0.043367
-0.0438064
-0.0429688
-0.0411563
-0.0392476
-0.0380942
-0.0381217
-0.0391653
-0.0407169
-0.0421449
-0.0430375
-0.0435043
-0.0439437
-0.0445479
-0.045001
-0.04485
-0.0441771
-0.0435455
-0.0433807
-0.0435318
-0.0435318
-0.0430237
-0.0420625
-0.0410464
-0.040456
-0.0404972
-0.0409778
-0.0414034
-0.0413485
-0.0407581
-0.039893
-0.0392476
-0.0390417
-0.0391515
-0.0393575
-0.0395909
-0.0400166
-0.0406757
-0.0414034
-0.0420488
-0.0425294
-0.0427766
-0.042653
-0.0421587
-0.0415682
-0.0411288
-0.0408679
-0.040607
-0.0401814
-0.0395223
-0.0386709
-0.0378745
-0.0375724
-0.0380118
-0.0390829
-0.04025
-0.0410327
-0.04117
-0.0407581
-0.0401264
-0.0395085
-0.0391103
-0.0389593
-0.0390142
-0.0392339
-0.0395085
-0.0398244
-0.0402775
-0.0408817
-0.0414172
-0.0414584
-0.040813
-0.039742
-0.0389318
-0.0388632
