LECROYHDO9204-MSöv,30454,Waveform
Segments,1,SegmentSize,2002
Ampl
-0.0160282
-0.0154515
-0.0147237
-0.013996
-0.0135429
-0.013433
-0.0133506
-0.0129661
-0.012307
-0.0117853
-0.0116754
-0.0119363
-0.0122109
-0.0121972
-0.012005
-0.0119088
-0.0120599
-0.0123208
-0.0124993
-0.0126091
-0.0126915
-0.0126641
-0.0122933
-0.0115518
-0.0107005
-0.0100826
-0.0100002
-0.0106044
-0.0116891
-0.0126778
-0.0130348
-0.0126366
-0.0118814
-0.0112635
-0.01103
-0.0113184
-0.0121011
-0.0130623
-0.0137076
-0.0138312
-0.0136527
-0.0134879
-0.0133369
-0.0129799
-0.0124169
-0.0119088
-0.0117853
-0.0121697
-0.0128288
-0.0133918
-0.0136252
-0.013639
-0.0136802
-0.0137626
-0.0136664
-0.0133094
-0.0129524
-0.0129112
-0.0132408
-0.0139685
-0.0150121
-0.0160007
-0.0163028
-0.0155201
-0.0138724
-0.0120736
-0.0108378
-0.0106318
-0.0114832
-0.012925
-0.0141608
-0.0146688
-0.0145178
-0.0142431
-0.0144079
-0.0151631
-0.0162204
-0.0169894
-0.0169482
-0.0159184
-0.014202
-0.0124306
-0.0112223
-0.0108653
-0.0112223
-0.0119088
-0.0124169
-0.0126229
-0.0128288
-0.0134193
-0.0143255
-0.0151769
-0.0157398
-0.016193
-0.0167971
-0.0174837
-0.017827
-0.0176073
-0.0170855
-0.0167697
-0.0168933
-0.0171954
-0.0172365
-0.0168383
-0.0161106
-0.0151219
-0.0139685
-0.0129661
-0.0126366
-0.0132408
-0.0144217
-0.015479
-0.0158634
-0.0155064
-0.0147924
-0.0143255
-0.0145178
-0.0153279
-0.0163577
-0.0171816
-0.0174151
-0.0170168
-0.0163303
-0.0160282
-0.0163577
-0.0168521
-0.0167285
-0.0156987
-0.0141745
-0.0128975
-0.0124032
-0.01287
-0.0140646
-0.0154103
-0.0163303
-0.0166324
-0.0165225
-0.016193
-0.0154652
-0.0143118
-0.0131172
-0.0125542
-0.0129936
-0.014202
-0.0155201
-0.0163166
-0.0164401
-0.0163028
-0.0163166
-0.016344
-0.0158909
-0.0148336
-0.0135566
-0.0124581
-0.0116754
-0.0112909
-0.0114145
-0.012005
-0.0126915
-0.0132133
-0.013584
-0.0139548
-0.0142706
-0.0144354
-0.0145452
-0.0146963
-0.0147375
-0.014504
-0.0140784
-0.0138999
-0.0143393
-0.015273
-0.0161106
-0.0161106
-0.0149709
-0.0131584
-0.0115518
-0.0110712
-0.0119912
-0.0138861
-0.015781
-0.0166461
-0.0160694
-0.0146688
-0.0136527
-0.0137214
-0.0145452
-0.0152318
-0.0152181
-0.0146551
-0.0139823
-0.0135429
-0.0133643
-0.0134879
-0.0138037
-0.0141745
-0.0143667
-0.0144217
-0.014504
-0.0147787
-0.0151219
-0.0152455
-0.0149434
-0.0142843
-0.0136252
-0.0134467
-0.0141058
-0.0153828
-0.0165363
-0.0168933
-0.0163989
-0.01563
-0.0151906
-0.0151357
-0.0150945
-0.0146963
-0.0139273
-0.0130485
-0.012307
-0.0119775
-0.0122109
-0.0129387
-0.0139136
-0.0147512
-0.0151082
-0.0146825
-0.0135566
-0.0121835
-0.0112223
-0.011085
-0.0116479
-0.0122933
-0.0124306
-0.0117853
-0.0107554
-0.0100963
-0.0103709
-0.0114145
-0.0124581
-0.0127464
-0.0121423
-0.0111536
-0.0104671
-0.0104121
-0.0106593
-0.0106181
-0.0100551
-0.00940977
-0.00935484
-0.0102062
-0.0116205
-0.0129799
-0.0138175
-0.0138724
-0.013282
-0.0125817
-0.0121697
-0.0120324
-0.0118539
-0.0115656
-0.0113321
-0.0111399
-0.0106868
-0.00995901
-0.00950588
-0.00987663
-0.01103
-0.012362
-0.0132545
-0.0134605
-0.0131858
-0.01287
-0.0128014
-0.0129112
-0.0128151
-0.0121835
-0.0109751
-0.00947842
-0.008325
-0.00820142
-0.00931365
-0.0110987
-0.0124993
-0.0129524
-0.0127739
-0.0126503
-0.0129112
-0.0132682
-0.0132682
-0.0128288
-0.0124444
-0.012719
-0.0135703
-0.0143118
-0.0143255
-0.01379
-0.0134605
-0.0138037
-0.0146002
-0.0153004
-0.0155064
-0.0151357
-0.0144354
-0.0138724
-0.0140509
-0.015067
-0.0162891
-0.0168383
-0.0162479
-0.0148473
-0.0135566
-0.0130348
-0.0132682
-0.0138312
-0.0142843
-0.0146002
-0.0150121
-0.01563
-0.0163577
-0.016907
-0.0171404
-0.0170306
-0.0166873
-0.0161655
-0.015424
-0.0144354
-0.0133643
-0.0126366
-0.0124856
-0.0127327
-0.0129524
-0.013076
-0.0133506
-0.0139685
-0.0147512
-0.0153554
-0.0155613
-0.0152867
-0.0146688
-0.0140097
-0.013584
-0.0134879
-0.0136527
-0.0139548
-0.0142157
-0.0142843
-0.0141333
-0.0140372
-0.0141745
-0.0144217
-0.0145452
-0.0145864
-0.0146825
-0.0146688
-0.0142157
-0.0133094
-0.0123757
-0.0118265
-0.0116617
-0.0118265
-0.012362
-0.013227
-0.0140509
-0.0144079
-0.014147
-0.0135566
-0.0131721
-0.0135291
-0.0148336
-0.0166736
-0.0181977
-0.0187195
-0.0182389
-0.017264
-0.0162754
-0.015424
-0.0146963
-0.0141196
-0.0138587
-0.0140646
-0.0147649
-0.0156987
-0.0163715
-0.0164676
-0.0161381
-0.0158634
-0.0160419
-0.0166049
-0.0170168
-0.016756
-0.0159733
-0.0152455
-0.0149846
-0.0150396
-0.0150533
-0.0149022
-0.0146414
-0.0145178
-0.0147924
-0.0155476
-0.0163715
-0.0165363
-0.0157124
-0.0143942
-0.0134467
-0.0133094
-0.0137763
-0.0143805
-0.01471
-0.0144217
-0.0133232
-0.0117303
-0.0103709
-0.00993155
-0.0104808
-0.0116205
-0.0129799
-0.0142981
-0.0153691
-0.0160419
-0.0162616
-0.0159046
-0.0150121
-0.0139823
-0.0136115
-0.0143805
-0.015987
-0.0175798
-0.0184174
-0.01839
-0.0178819
-0.0174013
-0.0170855
-0.0168383
-0.0165637
-0.0164676
-0.0168383
-0.0177171
-0.0187332
-0.0193237
-0.0190079
-0.0177721
-0.0161792
-0.0150396
-0.0148061
-0.0153828
-0.0162479
-0.0169619
-0.0172503
-0.0170168
-0.0163852
-0.0158085
-0.015781
-0.0167285
-0.0186509
-0.0212461
-0.0240472
-0.0265463
-0.0283588
-0.029526
-0.0305146
-0.0317916
-0.0336453
-0.0363641
-0.0401676
-0.0450834
-0.0506583
-0.0562331
-0.0614098
-0.0661196
-0.0704724
-0.0745917
-0.0786562
-0.0829128
-0.0876089
-0.0928405
-0.0983879
-0.103839
-0.109112
-0.114577
-0.120674
-0.127251
-0.133416
-0.138291
-0.141778
-0.144525
-0.147326
-0.150498
-0.153848
-0.157157
-0.16048
-0.164037
-0.167785
-0.171191
-0.173525
-0.174459
-0.174253
-0.17358
-0.173195
-0.17358
-0.174582
-0.175447
-0.17553
-0.174871
-0.174212
-0.174253
-0.174994
-0.175791
-0.175695
-0.173964
-0.170628
-0.166673
-0.163556
-0.162114
-0.161991
-0.161977
-0.160947
-0.15875
-0.1561
-0.153931
-0.15253
-0.151486
-0.150292
-0.149056
-0.148136
-0.147559
-0.146763
-0.145431
-0.143838
-0.14252
-0.1416
-0.140955
-0.140447
-0.14009
-0.139911
-0.139829
-0.139746
-0.139664
-0.139595
-0.139568
-0.139568
-0.139417
-0.138895
-0.138044
-0.137302
-0.13722
-0.137961
-0.139197
-0.140405
-0.141133
-0.141133
-0.140515
-0.139884
-0.140021
-0.141394
-0.143728
-0.146118
-0.147683
-0.148095
-0.147889
-0.147875
-0.148575
-0.149729
-0.150704
-0.150978
-0.150498
-0.149688
-0.149152
-0.149303
-0.150127
-0.151171
-0.151912
-0.151981
-0.151335
-0.150237
-0.14918
-0.148575
-0.148562
-0.148891
-0.149303
-0.149646
-0.14988
-0.150086
-0.15036
-0.15069
-0.150937
-0.15091
-0.150635
-0.150209
-0.149701
-0.14918
-0.148754
-0.148575
-0.14874
-0.149317
-0.150223
-0.151226
-0.151953
-0.152008
-0.151212
-0.149797
-0.148342
-0.147381
-0.147038
-0.147024
-0.1469
-0.146475
-0.145912
-0.145404
-0.145101
-0.145074
-0.145335
-0.145761
-0.146035
-0.145802
-0.14506
-0.144195
-0.143783
-0.144072
-0.144799
-0.145527
-0.145925
-0.145788
-0.145115
-0.143989
-0.142767
-0.141971
-0.142053
-0.143042
-0.14436
-0.145156
-0.144909
-0.143742
-0.142273
-0.141229
-0.141064
-0.141737
-0.14285
-0.143921
-0.144744
-0.145445
-0.14609
-0.146461
-0.146296
-0.145486
-0.144305
-0.143179
-0.142534
-0.142479
-0.142822
-0.143193
-0.143412
-0.143481
-0.143344
-0.142822
-0.141916
-0.140955
-0.140419
-0.140501
-0.140886
-0.140927
-0.140048
-0.138236
-0.136135
-0.134638
-0.134268
-0.134885
-0.136039
-0.137412
-0.138744
-0.13976
-0.140309
-0.140447
-0.14046
-0.140543
-0.140598
-0.140392
-0.139787
-0.138867
-0.137796
-0.136725
-0.135737
-0.134982
-0.134625
-0.134666
-0.134872
-0.135023
-0.135119
-0.13527
-0.135448
-0.135558
-0.135531
-0.135256
-0.134515
-0.133361
-0.132414
-0.132345
-0.133265
-0.134515
-0.13527
-0.135146
-0.134322
-0.133251
-0.132386
-0.132016
-0.132084
-0.132331
-0.132565
-0.132757
-0.132991
-0.133169
-0.1331
-0.13262
-0.131851
-0.131178
-0.130848
-0.130835
-0.130903
-0.130794
-0.130505
-0.130079
-0.12942
-0.128432
-0.127471
-0.127114
-0.127608
-0.128583
-0.129544
-0.130272
-0.130862
-0.131411
-0.131878
-0.131947
-0.131329
-0.130093
-0.128899
-0.128528
-0.129352
-0.130876
-0.132002
-0.131645
-0.12964
-0.126949
-0.12493
-0.124244
-0.12456
-0.125109
-0.125329
-0.125054
-0.124299
-0.123159
-0.121992
-0.121388
-0.121607
-0.12228
-0.122706
-0.122623
-0.122321
-0.122225
-0.122486
-0.122898
-0.123132
-0.122994
-0.122569
-0.122239
-0.12239
-0.123118
-0.123928
-0.124175
-0.12353
-0.122459
-0.12169
-0.12158
-0.1218
-0.121937
-0.121868
-0.121772
-0.121855
-0.122198
-0.122857
-0.12353
-0.123694
-0.123049
-0.121951
-0.121017
-0.120468
-0.119932
-0.119053
-0.11812
-0.117845
-0.11871
-0.120578
-0.122816
-0.124669
-0.125631
-0.125631
-0.124793
-0.123283
-0.121388
-0.11963
-0.118751
-0.119095
-0.120399
-0.121855
-0.122582
-0.12206
-0.120619
-0.119287
-0.119012
-0.119891
-0.121099
-0.121731
-0.121552
-0.120989
-0.120372
-0.119561
-0.118339
-0.116898
-0.115799
-0.115483
-0.11584
-0.116431
-0.117062
-0.11779
-0.118545
-0.118985
-0.118806
-0.118257
-0.11779
-0.117708
-0.117886
-0.118092
-0.118106
-0.117831
-0.117268
-0.116499
-0.115785
-0.11536
-0.115373
-0.11584
-0.116692
-0.117666
-0.118229
-0.117914
-0.116801
-0.115552
-0.114893
-0.114948
-0.115373
-0.115744
-0.11595
-0.11606
-0.115964
-0.115415
-0.114234
-0.112586
-0.110966
-0.10995
-0.10995
-0.110856
-0.112229
-0.113533
-0.114495
-0.115167
-0.115607
-0.115717
-0.115181
-0.113849
-0.112133
-0.110856
-0.110595
-0.111309
-0.112284
-0.112902
-0.112943
-0.112476
-0.111666
-0.110732
-0.110018
-0.109771
-0.10984
-0.10973
-0.109167
-0.108535
-0.108576
-0.109469
-0.110567
-0.111103
-0.11087
-0.110224
-0.109524
-0.108865
-0.108192
-0.10778
-0.108041
-0.109085
-0.110444
-0.11146
-0.111707
-0.111172
-0.110004
-0.108357
-0.106695
-0.105665
-0.105638
-0.106283
-0.106984
-0.107396
-0.107505
-0.107423
-0.107217
-0.106997
-0.106778
-0.106585
-0.106613
-0.107135
-0.108123
-0.109153
-0.10973
-0.109647
-0.108961
-0.10778
-0.106297
-0.105075
-0.104718
-0.105295
-0.106242
-0.106888
-0.107039
-0.106819
-0.106366
-0.105775
-0.105322
-0.105473
-0.106256
-0.10697
-0.106695
-0.105185
-0.103166
-0.101752
-0.101546
-0.10215
-0.102658
-0.102301
-0.101024
-0.0994727
-0.0985389
-0.0987037
-0.0997198
-0.10086
-0.101532
-0.101683
-0.101574
-0.101395
-0.101189
-0.101162
-0.101519
-0.102205
-0.102837
-0.10296
-0.102356
-0.101107
-0.0994864
-0.0980034
-0.0972619
-0.0977151
-0.0994315
-0.101944
-0.10443
-0.105995
-0.10616
-0.105157
-0.103661
-0.102301
-0.10145
-0.101175
-0.101354
-0.101752
-0.101985
-0.101834
-0.101381
-0.101024
-0.101079
-0.10145
-0.101683
-0.101326
-0.100448
-0.0996512
-0.0995825
-0.100145
-0.100599
-0.100351
-0.0995688
-0.0988136
-0.0984291
-0.0983467
-0.0983742
-0.0985527
-0.0989234
-0.099404
-0.0996237
-0.0992804
-0.0984154
-0.0974542
-0.0967264
-0.0962733
-0.0960124
-0.0959437
-0.0962046
-0.0966715
-0.0968775
-0.0964381
-0.0953808
-0.09409
-0.0930327
-0.0925384
-0.0927032
-0.0933897
-0.0942685
-0.0949414
-0.0949963
-0.0943509
-0.0934309
-0.0929503
-0.0931975
-0.0938566
-0.0942823
-0.0941312
-0.0934859
-0.092662
-0.0920304
-0.0918656
-0.092305
-0.0932524
-0.0943921
-0.0953808
-0.0958202
-0.0955181
-0.094653
-0.0938154
-0.0935545
-0.0938703
-0.0943235
-0.0945706
-0.0946256
-0.0945844
-0.0943235
-0.0937605
-0.0929915
-0.0922775
-0.0919205
-0.0920304
-0.0924972
-0.0928542
-0.0926483
-0.0920029
-0.0914811
-0.0916459
-0.0924011
-0.0930602
-0.0928817
-0.0916596
-0.0899158
-0.0886937
-0.0886113
-0.0893116
-0.0897098
-0.0891468
-0.0879247
-0.0870047
-0.0869086
-0.0874167
-0.0879522
-0.0881856
-0.0881444
-0.0880895
-0.0880346
-0.0877737
-0.0872244
-0.0867713
-0.0868949
-0.0876501
-0.0883916
-0.0883779
-0.0873755
-0.0858788
-0.0846979
-0.0842722
-0.0844095
-0.0844507
-0.0839427
-0.083009
-0.0820478
-0.0813887
-0.0813063
-0.0819929
-0.0832836
-0.0844095
-0.0845194
-0.0833522
-0.0815535
-0.0800018
-0.0792329
-0.0792878
-0.0798783
-0.0804824
-0.0806747
-0.0803726
-0.0799744
-0.0799881
-0.0806335
-0.0816633
-0.0826657
-0.0833248
-0.0834484
-0.0829403
-0.081883
-0.0805923
-0.0794938
-0.0788621
-0.0786287
-0.0784914
-0.0781893
-0.0778048
-0.0776263
-0.0779422
-0.0787935
-0.0799881
-0.0810179
-0.0813612
-0.0808669
-0.0800156
-0.0794389
-0.0794663
-0.079892
-0.0801941
-0.0799606
-0.0791093
-0.0779559
-0.0770634
-0.0767887
-0.0769947
-0.0772968
-0.0775577
-0.0779833
-0.078615
-0.0790681
-0.0789445
-0.078258
-0.0774204
-0.0769947
-0.0772007
-0.0777911
-0.0782305
-0.0781207
-0.0775851
-0.0769398
-0.076418
-0.0760472
-0.0758825
-0.0760747
-0.0767201
-0.0777362
-0.0788621
-0.0796723
-0.079892
-0.079686
-0.0795212
-0.0796036
-0.07948
-0.0786836
-0.0772831
-0.0759237
-0.0751547
-0.0750723
-0.075347
-0.0756079
-0.0755941
-0.0754156
-0.0754568
-0.0761022
-0.0771732
-0.0780657
-0.0782992
-0.0780245
-0.0776538
-0.0773929
-0.077132
-0.0767613
-0.0762669
-0.0757864
-0.0753882
-0.0750998
-0.0748389
-0.0745505
-0.0741661
-0.0737679
-0.0734932
-0.0735619
-0.0740562
-0.0747565
-0.0752371
-0.0750723
-0.0743583
-0.0736306
-0.0734383
-0.0739052
-0.0747977
-0.075704
-0.0762669
-0.0763768
-0.0762944
-0.0763219
-0.0764592
-0.0762669
-0.0753607
-0.0738365
-0.0723261
-0.0715434
-0.0718592
-0.0731774
-0.0750723
-0.0769398
-0.0783129
-0.0789033
-0.0785601
-0.077338
-0.0755941
-0.0737816
-0.0722712
-0.0713237
-0.071104
-0.0716121
-0.072587
-0.0735894
-0.0741798
-0.0741249
-0.0735482
-0.072738
-0.0720377
-0.0716533
-0.0715983
-0.0717631
-0.072024
-0.0723948
-0.0728341
-0.0732049
-0.073301
-0.0729303
-0.0721476
-0.0712688
-0.0707195
-0.0706646
-0.0709942
-0.07131
-0.0712688
-0.0707058
-0.0696622
-0.0684127
-0.0674103
-0.0668885
-0.0667375
-0.0666414
-0.0665315
-0.0665865
-0.0668611
-0.067122
-0.0670808
-0.0667512
-0.0663942
-0.0663256
-0.06671
-0.067479
-0.0682479
-0.0685637
-0.0682067
-0.0674515
-0.0666688
-0.0660647
-0.0656802
-0.0655566
-0.0658587
-0.0666276
-0.0675614
-0.0680557
-0.0677124
-0.066765
-0.0659411
-0.0658724
-0.066559
-0.067479
-0.0680557
-0.0680008
-0.067479
-0.0668336
-0.0664491
-0.0664903
-0.06671
-0.0668062
-0.0667512
-0.066765
-0.0668748
-0.0668336
-0.066408
-0.0657077
-0.0651584
-0.0649662
-0.0650486
-0.065076
-0.064925
-0.0646641
-0.0646366
-0.0651309
-0.0660921
-0.0669984
-0.0672456
-0.0666276
-0.0654193
-0.064211
-0.0635107
-0.0634283
-0.0636892
-0.0639638
-0.064211
-0.0646366
-0.0652683
-0.0658999
-0.066353
-0.0666002
-0.0664766
-0.0657077
-0.0644032
-0.0632223
-0.0627555
-0.0628241
-0.0627692
-0.0621925
-0.0613137
-0.0606683
-0.0605447
-0.0609704
-0.0617668
-0.0628516
-0.0640187
-0.0648975
-0.0650898
-0.0644307
-0.0630713
-0.0614922
-0.0602701
-0.0598444
-0.0602838
-0.0612176
-0.061959
-0.0619728
-0.0612588
-0.0604211
-0.0601328
-0.0604898
-0.0610802
-0.0614373
-0.0614373
-0.0611901
-0.0609155
-0.0608194
-0.0609979
-0.0612862
-0.0613137
-0.0608468
-0.0598582
-0.0587048
-0.0578809
-0.0577848
-0.0582928
-0.0588695
-0.0590755
-0.0589244
-0.0586361
-0.0583065
-0.0579358
-0.0575788
-0.0572904
-0.0570295
-0.0565901
-0.0558487
-0.0549699
-0.0542558
-0.0540773
-0.0545854
-0.0556427
-0.0568922
-0.0580045
-0.0586773
-0.0586361
-0.0578671
-0.0567549
-0.0559722
-0.0560546
-0.0569884
-0.0580731
-0.058334
-0.0571806
-0.0550111
-0.0530338
-0.0523335
-0.0531024
-0.0547364
-0.0565215
-0.0579495
-0.0585537
-0.0580731
-0.0567961
-0.0554917
-0.0547914
-0.054709
-0.0549836
-0.0555054
-0.0561507
-0.0565764
-0.0565078
-0.0560409
-0.0554917
-0.0550797
-0.0549424
-0.0552994
-0.0561919
-0.0571257
-0.0574415
-0.056906
-0.055931
-0.0551346
-0.0547914
-0.0548875
-0.0552308
-0.0556976
-0.0561507
-0.0563842
-0.0562469
-0.0557525
-0.055272
-0.0551621
-0.0555466
-0.0560821
-0.0562606
-0.055629
-0.0540773
-0.0519353
-0.0499854
-0.0490655
-0.0494637
-0.0509466
-0.0529376
-0.0548326
-0.0560134
-0.0560134
-0.0548188
-0.0529651
-0.0511663
-0.049958
-0.0495598
-0.0499168
-0.0505347
-0.0506308
-0.0498207
-0.0484887
-0.0475962
-0.0476923
-0.0486123
-0.049752
-0.0505347
-0.0506033
-0.0499442
-0.0490105
-0.0483789
-0.0482416
-0.0484475
-0.0488183
-0.0491753
-0.0494225
-0.0496284
-0.0501639
-0.0513036
-0.0526905
-0.0534869
-0.0530887
-0.0515645
-0.0495186
-0.047761
-0.0469097
-0.0471843
-0.0482416
-0.0494911
-0.0504248
-0.0509054
-0.0510427
-0.0511801
-0.0515783
-0.0522786
-0.0531436
-0.0541735
-0.0554367
-0.056549
-0.0567549
-0.0554779
-0.0530338
-0.0504935
-0.0488869
-0.048681
-0.0496284
-0.051029
-0.0520863
-0.0523884
-0.0518803
-0.0507956
-0.0494087
-0.0482278
-0.0477885
-0.0484201
-0.0500678
-0.0522511
-0.0542696
-0.0554505
-0.0554093
-0.0541597
-0.0520863
-0.0498069
-0.047967
-0.0470882
-0.0472392
-0.0479258
-0.0484338
-0.0485025
-0.0485711
-0.0490929
-0.0498619
-0.0502326
-0.0498069
-0.0487771
-0.0476649
-0.0468959
-0.0465938
-0.0466625
-0.0468685
-0.0471431
-0.0475001
-0.0479258
-0.0481317
-0.0478022
-0.0469371
-0.0459897
-0.0454404
-0.0453443
-0.0453306
-0.0448912
-0.0439025
-0.0428178
-0.0424196
-0.0431748
-0.0448774
-0.0466488
-0.0476237
-0.0475001
-0.0467174
-0.0458386
-0.0451521
-0.0445479
-0.0440398
-0.0439574
-0.0445204
-0.0454267
-0.0458935
-0.045413
-0.0442733
-0.0432297
-0.042859
-0.0432297
-0.0441222
-0.0452482
-0.0463467
-0.0472117
-0.0476374
-0.0476237
-0.0472804
-0.0468273
-0.0462643
-0.0455503
-0.0447951
-0.0445616
-0.045358
-0.0469646
-0.0484475
-0.0489693
-0.0484475
-0.0474726
-0.0467037
-0.0463741
-0.0462368
-0.0456601
-0.0443282
-0.0427079
-0.0417467
-0.0419939
-0.0431885
-0.0445754
-0.0454541
-0.045564
-0.0450148
-0.0441909
-0.0435867
-0.0434769
-0.04393
-0.0447539
-0.0456738
-0.046278
-0.0462368
-0.0456327
-0.0449873
-0.0449186
-0.0456327
-0.046841
-0.0479532
-0.0484887
-0.0482416
-0.0475138
-0.0468822
-0.0468273
-0.0472529
-0.0476649
-0.0476237
-0.0472255
-0.0469234
-0.0471156
-0.0477885
-0.0485162
-0.048832
-0.0486947
-0.0482278
-0.0474452
-0.046127
-0.0444243
-0.04301
-0.0424745
-0.0427216
-0.0430649
-0.0429963
-0.0426942
-0.0428178
-0.0437652
-0.0450834
-0.04577
-0.0451383
-0.0435867
-0.0423097
-0.0421312
-0.0428864
-0.0437789
-0.0442733
-0.0443831
-0.0443968
-0.0445754
-0.0448362
-0.0448912
-0.0444655
-0.0436279
-0.0427491
-0.042241
-0.0422685
-0.0428178
-0.0436279
-0.0443007
-0.0445342
-0.0443968
-0.0442595
-0.044493
-0.0450834
-0.0456738
-0.04577
-0.045207
-0.0440536
-0.0425706
-0.0411563
-0.0404011
-0.0407443
-0.0419939
-0.0431885
-0.0432984
-0.0422136
-0.0409366
-0.0405109
-0.0410464
-0.0417605
-0.0420076
-0.0418428
-0.0416369
-0.0414034
-0.0408679
-0.0399067
-0.0388083
-0.0379432
-0.0374351
-0.0372841
-0.0374077
-0.0376823
-0.0378059
-0.037545
-0.0369133
-0.0362954
-0.0360757
-0.0363504
-0.0368859
-0.0374763
-0.0381217
-0.0387945
-0.0392202
-0.0391241
-0.0384787
-0.0375175
-0.036419
-0.0351969
-0.0340161
-0.0332334
-0.0330686
-0.0334119
-0.0339474
-0.0345378
-0.0350734
-0.0354716
-0.0355952
-0.0355402
-0.0356089
-0.0362542
-0.0376411
-0.0394124
-0.0408405
-0.0412799
-0.0406208
-0.0393163
-0.0379432
-0.0369957
-0.036776
-0.0372978
-0.0382178
-0.0389456
-0.039028
-0.0385611
-0.0380118
-0.0376686
-0.0374214
-0.0370507
-0.0366113
-0.0363778
-0.0365975
-0.0371468
-0.037696
-0.0378883
-0.037696
-0.037188
-0.0364053
-0.0354441
-0.0347026
-0.0346752
-0.035499
-0.0367348
-0.0377372
-0.0381217
-0.0379706
-0.0377509
-0.0379706
-0.0386847
-0.0393575
-0.0393438
-0.0384787
-0.0373116
-0.0365289
-0.0363366
-0.0365151
-0.0368035
-0.0370369
-0.037133
-0.0370781
-0.0369957
-0.0369271
-0.0366936
-0.0361169
-0.0353617
-0.0349361
-0.0351283
-0.0356775
-0.036062
-0.0360071
-0.0358011
-0.0360071
-0.0369957
-0.038465
-0.0396047
-0.039742
-0.0386297
-0.0365563
-0.034277
-0.0326018
-0.03208
-0.0326429
-0.0337552
-0.0348537
-0.0356226
-0.0359384
-0.0359247
-0.0358972
-0.0361581
-0.0365701
-0.0366662
-0.0360208
-0.0347164
-0.033302
-0.0323958
-0.0323134
-0.0328352
-0.0333844
-0.0336041
-0.0335492
-0.0334394
-0.033357
-0.033302
-0.0333158
-0.0334256
-0.0335217
-0.0334943
-0.0334668
-0.0336453
-0.0340161
-0.0343182
-0.0344829
-0.0346614
-0.0349635
-0.0352931
-0.0354029
-0.0352793
-0.035142
-0.0351008
-0.0349772
-0.0344967
-0.0336728
-0.0329176
-0.0328077
-0.0335629
-0.034785
-0.035705
-0.0357874
-0.0350871
-0.0341534
-0.0335217
-0.0334668
-0.0339062
-0.034579
-0.0352381
-0.0357599
-0.0360895
-0.0361444
-0.0358972
-0.0355814
-0.0355952
-0.036062
-0.036625
-0.0367898
-0.0363504
-0.0355128
-0.0346752
-0.0342632
-0.0345653
-0.0356089
-0.0369957
-0.0380942
-0.0385748
-0.0385199
-0.0383002
-0.0380668
-0.0377509
-0.0372292
-0.0365701
-0.0359934
-0.0356501
-0.0354304
-0.0351008
-0.0348262
-0.0350322
-0.0359934
-0.037339
-0.0382865
-0.0383414
-0.0375999
-0.0367486
-0.036419
-0.0367348
-0.0371742
-0.0370507
-0.036062
-0.0345241
-0.033
-0.0319838
-0.0315994
-0.0317367
-0.0320937
-0.0325194
-0.0329862
-0.0335904
-0.0342083
-0.034634
-0.0347713
-0.0347713
-0.0347164
-0.0344692
-0.0339062
-0.0332471
-0.0330686
-0.033865
-0.0354304
-0.0368035
-0.0369133
-0.0354716
-0.0334119
-0.0321898
-0.0326292
-0.0342358
-0.0357599
-0.0362954
-0.035856
-0.035142
-0.0347164
-0.034579
-0.0344692
-0.0343182
-0.0343593
-0.0347575
-0.0353617
-0.0359522
-0.0363916
-0.0366936
-0.0368172
-0.0367074
-0.0364465
-0.0361719
-0.0359247
-0.0355677
-0.035142
-0.0350596
-0.0357599
-0.0372017
-0.0386709
-0.0391927
-0.0383551
-0.0365563
-0.0348125
-0.0339199
-0.0340023
-0.034634
-0.0353068
-0.0357462
-0.0358286
-0.035499
-0.0349498
-0.0344829
-0.034277
-0.0341534
-0.0338788
-0.0334668
-0.0332334
-0.0333295
-0.0337277
-0.034277
-0.0347713
-0.034991
-0.0348262
-0.0344143
-0.0340573
-0.0339611
-0.0342083
-0.0347026
-0.0352793
-0.0357874
-0.0361169
-0.0362817
-0.0362542
-0.0359659
-0.0355402
-0.0353617
-0.0356638
-0.0361444
-0.0361581
-0.0353343
-0.0339749
-0.032794
-0.0323409
-0.0325606
-0.0328077
-0.0326567
-0.0323546
-0.0324644
-0.0332334
-0.0342358
-0.0347026
-0.0340985
-0.0323958
