LECROYHDO9204-MSöv,30454,Waveform
Segments,1,SegmentSize,2002
Ampl
-0.0171404
-0.017621
-0.0169482
-0.0155751
-0.0142706
-0.0135291
-0.0131996
-0.0128975
-0.012513
-0.0124032
-0.0128975
-0.0137214
-0.0141058
-0.0136252
-0.0125954
-0.0117578
-0.0117029
-0.012362
-0.0131721
-0.0135703
-0.013433
-0.0131172
-0.0131446
-0.013639
-0.014202
-0.0142981
-0.01379
-0.0131309
-0.0128014
-0.0127327
-0.0124718
-0.0117303
-0.0109614
-0.0109614
-0.0121285
-0.0141196
-0.015987
-0.0170306
-0.0170443
-0.0163166
-0.0152867
-0.0143667
-0.0139136
-0.0139273
-0.0140921
-0.0139273
-0.0132545
-0.0124169
-0.0120599
-0.0125542
-0.0137626
-0.0149984
-0.0155751
-0.0152593
-0.0143255
-0.013227
-0.0123345
-0.0118814
-0.0119363
-0.0122384
-0.0123894
-0.0122659
-0.0120462
-0.012005
-0.012362
-0.0131996
-0.0144354
-0.01563
-0.0162479
-0.0160969
-0.0153554
-0.0143118
-0.0133232
-0.0128151
-0.012925
-0.013282
-0.0132682
-0.0126091
-0.0114832
-0.0103298
-0.009602
-0.00968439
-0.010673
-0.0123757
-0.0143255
-0.0159733
-0.0167834
-0.0165637
-0.0155339
-0.0142706
-0.0133506
-0.0129524
-0.0129112
-0.013076
-0.0133918
-0.0138037
-0.0141608
-0.0142981
-0.0142706
-0.0142706
-0.0142843
-0.0142431
-0.0141196
-0.0138999
-0.0135291
-0.0131172
-0.0129936
-0.0133781
-0.013996
-0.0143805
-0.0141882
-0.013433
-0.0124444
-0.0117715
-0.0118951
-0.0128288
-0.0140646
-0.0148199
-0.0147375
-0.0141608
-0.0138587
-0.0144354
-0.0156987
-0.0168933
-0.0173876
-0.0171542
-0.0166736
-0.0162754
-0.0158497
-0.0152181
-0.0145178
-0.0142157
-0.0145864
-0.015424
-0.0162616
-0.0166873
-0.01655
-0.0160282
-0.0155064
-0.0153416
-0.0157124
-0.0164539
-0.0169894
-0.016756
-0.0158634
-0.0150396
-0.0150258
-0.0157261
-0.0163715
-0.0163715
-0.015781
-0.0150533
-0.0143942
-0.0137626
-0.0131721
-0.0129112
-0.0131446
-0.0136664
-0.0139823
-0.01379
-0.0131721
-0.0126229
-0.0125405
-0.01287
-0.0132682
-0.0135154
-0.0135291
-0.0132408
-0.0126641
-0.0120599
-0.011799
-0.0121011
-0.0127739
-0.0135703
-0.0144079
-0.015273
-0.015987
-0.0160007
-0.0149297
-0.0131035
-0.0115106
-0.011085
-0.0119088
-0.0132408
-0.0141882
-0.0143942
-0.0140646
-0.0137214
-0.0136939
-0.0139823
-0.0143393
-0.0144354
-0.0141882
-0.0138999
-0.0140921
-0.014861
-0.0156437
-0.015836
-0.0153554
-0.0146276
-0.0140784
-0.0137626
-0.0135429
-0.0133506
-0.0132545
-0.0135017
-0.0140921
-0.0148336
-0.0154927
-0.015987
-0.0163028
-0.0163166
-0.0159595
-0.0154515
-0.0150807
-0.0149022
-0.0149297
-0.0153691
-0.0163989
-0.0177171
-0.0184312
-0.0177995
-0.0160694
-0.0142843
-0.013282
-0.0131172
-0.0131446
-0.012925
-0.0124169
-0.0119088
-0.0116342
-0.0116617
-0.0118814
-0.0120599
-0.0120462
-0.0118265
-0.0115244
-0.0113184
-0.0113184
-0.011442
-0.0114557
-0.0112909
-0.0110987
-0.011085
-0.0113321
-0.0118127
-0.0123482
-0.0126915
-0.0127327
-0.0127053
-0.0128975
-0.0133094
-0.0135703
-0.0134879
-0.0132408
-0.0132408
-0.0136115
-0.0141882
-0.0146963
-0.0149709
-0.0148473
-0.0143667
-0.0136802
-0.0129799
-0.0125267
-0.0124993
-0.0128975
-0.0134193
-0.0137763
-0.0139273
-0.014147
-0.0147237
-0.0156849
-0.016701
-0.0171816
-0.0167697
-0.0157673
-0.0150121
-0.0151219
-0.0157673
-0.0159733
-0.0152043
-0.0138861
-0.0129387
-0.0127739
-0.0130211
-0.0131035
-0.0129524
-0.0129799
-0.013433
-0.0141882
-0.0150396
-0.0159458
-0.0169207
-0.0176759
-0.0176759
-0.0167971
-0.0155888
-0.0146825
-0.0141608
-0.0137214
-0.0133506
-0.0135703
-0.0146688
-0.0162479
-0.0174288
-0.0175661
-0.0165363
-0.0148199
-0.0131446
-0.0121423
-0.012005
-0.0124169
-0.0128838
-0.0131446
-0.0132682
-0.0136115
-0.0143942
-0.0154515
-0.0161655
-0.0160282
-0.0150258
-0.0138175
-0.0131996
-0.0135978
-0.0149022
-0.0163852
-0.0172091
-0.0169482
-0.0160007
-0.0149846
-0.0142157
-0.0135703
-0.0129936
-0.0127464
-0.0131721
-0.0141882
-0.0152455
-0.0155476
-0.0148061
-0.0135017
-0.0126229
-0.0128563
-0.0140646
-0.0154652
-0.0164127
-0.0166598
-0.0163577
-0.0157124
-0.0149984
-0.0144491
-0.0141745
-0.0141745
-0.0144628
-0.0150121
-0.0157124
-0.0162891
-0.0165225
-0.0164676
-0.016193
-0.0157536
-0.0153554
-0.0154378
-0.0163166
-0.0177171
-0.0189255
-0.0192138
-0.0183213
-0.0166598
-0.0151631
-0.0146139
-0.0149709
-0.015479
-0.0154103
-0.0145452
-0.0131309
-0.0115793
-0.0104808
-0.0104533
-0.0114832
-0.0127327
-0.0131721
-0.0125954
-0.0117303
-0.0114145
-0.0118265
-0.0124993
-0.0127876
-0.0123894
-0.0115518
-0.0108103
-0.0107554
-0.0115793
-0.0130073
-0.0142981
-0.0146963
-0.014202
-0.0135291
-0.0134055
-0.0138999
-0.0145178
-0.0147924
-0.01471
-0.0144354
-0.0140784
-0.0137351
-0.0135017
-0.013433
-0.0134605
-0.0135978
-0.0138999
-0.014353
-0.0147375
-0.0148473
-0.0147924
-0.0147649
-0.0148336
-0.0149297
-0.0149709
-0.0148336
-0.0143667
-0.0135703
-0.0126915
-0.012156
-0.0122247
-0.0128563
-0.0137763
-0.0146276
-0.0151219
-0.015067
-0.014504
-0.0137763
-0.0135429
-0.0142569
-0.0157124
-0.017058
-0.0174837
-0.0168658
-0.0157261
-0.0148061
-0.0145315
-0.0149022
-0.0155888
-0.0161792
-0.0163989
-0.0163166
-0.0161655
-0.0160969
-0.0160557
-0.015987
-0.0159184
-0.0159595
-0.0163989
-0.017621
-0.0198043
-0.0227565
-0.0259147
-0.0289493
-0.0317504
-0.0341808
-0.0360895
-0.0376274
-0.0395085
-0.0425294
-0.0470058
-0.0526356
-0.0588283
-0.0650623
-0.0708569
-0.0759099
-0.0800842
-0.0835307
-0.0866889
-0.0903414
-0.0953396
-0.101931
-0.109359
-0.116225
-0.121401
-0.124793
-0.12721
-0.129832
-0.133334
-0.137673
-0.142287
-0.146639
-0.150525
-0.153889
-0.156594
-0.158544
-0.159821
-0.160741
-0.16162
-0.162691
-0.163872
-0.164902
-0.165657
-0.166179
-0.166701
-0.167277
-0.167744
-0.167923
-0.167648
-0.166934
-0.165904
-0.164806
-0.163899
-0.163227
-0.16254
-0.161428
-0.15956
-0.15691
-0.153903
-0.15128
-0.149605
-0.148809
-0.148232
-0.147326
-0.146076
-0.144978
-0.144332
-0.143907
-0.143083
-0.141504
-0.139307
-0.137014
-0.135174
-0.13413
-0.133938
-0.134309
-0.134693
-0.134652
-0.134322
-0.13424
-0.13483
-0.13597
-0.136945
-0.137
-0.13586
-0.13402
-0.132359
-0.13159
-0.131851
-0.132702
-0.133622
-0.134322
-0.134817
-0.13527
-0.13586
-0.136767
-0.137934
-0.139128
-0.140007
-0.140364
-0.140227
-0.139774
-0.139279
-0.139142
-0.139664
-0.14079
-0.142067
-0.143055
-0.143646
-0.143921
-0.143962
-0.143742
-0.143426
-0.143303
-0.143618
-0.144401
-0.145349
-0.145953
-0.145884
-0.145294
-0.144772
-0.144854
-0.145445
-0.145912
-0.145774
-0.145225
-0.144868
-0.145129
-0.14598
-0.14712
-0.148273
-0.149056
-0.149138
-0.148507
-0.147491
-0.146557
-0.145843
-0.145211
-0.144607
-0.144223
-0.144332
-0.145019
-0.145966
-0.146598
-0.146378
-0.145115
-0.143179
-0.141229
-0.139884
-0.139334
-0.139403
-0.139554
-0.139279
-0.138456
-0.137453
-0.136986
-0.137618
-0.139252
-0.141133
-0.142328
-0.142369
-0.141476
-0.140364
-0.139678
-0.139609
-0.139952
-0.140392
-0.140913
-0.141559
-0.142314
-0.142904
-0.143152
-0.142904
-0.142081
-0.140762
-0.139458
-0.138909
-0.139417
-0.140433
-0.141037
-0.140804
-0.140144
-0.139842
-0.140309
-0.141298
-0.142081
-0.142245
-0.141902
-0.141504
-0.141435
-0.141778
-0.142328
-0.142644
-0.142177
-0.140721
-0.13873
-0.137137
-0.136684
-0.137426
-0.138758
-0.13987
-0.140309
-0.140254
-0.140296
-0.140749
-0.141174
-0.140817
-0.139513
-0.138002
-0.137261
-0.137536
-0.138236
-0.138497
-0.137906
-0.136739
-0.135778
-0.135627
-0.136204
-0.136986
-0.137384
-0.137151
-0.136451
-0.135586
-0.135023
-0.135064
-0.135599
-0.136135
-0.136327
-0.136368
-0.136698
-0.137316
-0.137714
-0.137302
-0.136094
-0.134748
-0.133993
-0.13391
-0.133938
-0.13343
-0.132345
-0.131151
-0.130409
-0.130382
-0.130917
-0.131631
-0.132043
-0.131851
-0.131178
-0.130533
-0.130354
-0.13056
-0.130766
-0.130629
-0.130299
-0.130217
-0.130684
-0.131508
-0.132098
-0.131961
-0.131123
-0.130107
-0.129695
-0.130409
-0.132084
-0.133773
-0.134432
-0.133773
-0.132469
-0.131411
-0.131013
-0.131205
-0.131837
-0.132826
-0.133773
-0.13402
-0.133169
-0.131535
-0.129942
-0.129077
-0.129105
-0.129722
-0.130505
-0.131137
-0.131453
-0.131521
-0.131549
-0.131631
-0.131645
-0.131398
-0.13089
-0.13045
-0.130395
-0.13067
-0.130862
-0.13067
-0.13034
-0.130272
-0.130505
-0.13056
-0.130052
-0.12905
-0.127883
-0.126784
-0.125878
-0.125301
-0.125287
-0.125823
-0.126729
-0.127745
-0.128542
-0.128844
-0.128528
-0.127731
-0.126839
-0.126111
-0.125603
-0.125123
-0.124505
-0.123846
-0.123406
-0.123365
-0.12364
-0.123887
-0.123708
-0.122926
-0.121717
-0.120632
-0.120289
-0.12088
-0.121964
-0.122926
-0.123557
-0.123997
-0.124312
-0.124134
-0.12309
-0.12136
-0.119781
-0.119273
-0.120138
-0.121841
-0.123447
-0.124134
-0.12364
-0.122349
-0.120838
-0.119575
-0.118641
-0.117886
-0.117296
-0.117049
-0.117282
-0.117776
-0.118065
-0.117831
-0.117158
-0.116403
-0.11584
-0.115511
-0.115387
-0.115456
-0.115648
-0.115717
-0.115538
-0.115126
-0.114728
-0.114508
-0.114522
-0.114714
-0.11492
-0.114989
-0.114948
-0.114948
-0.11525
-0.115909
-0.116692
-0.117117
-0.116843
-0.11606
-0.115264
-0.114865
-0.114824
-0.114797
-0.11455
-0.113932
-0.112984
-0.111776
-0.110554
-0.10962
-0.109112
-0.108988
-0.109194
-0.109771
-0.110719
-0.111721
-0.112174
-0.11168
-0.110334
-0.108824
-0.108041
-0.108549
-0.110087
-0.111803
-0.112655
-0.111927
-0.109702
-0.106984
-0.105185
-0.105212
-0.10675
-0.108686
-0.110032
-0.110609
-0.110732
-0.11076
-0.110622
-0.110059
-0.109139
-0.108384
-0.108357
-0.109057
-0.109922
-0.110416
-0.11054
-0.110664
-0.110979
-0.111281
-0.111213
-0.110526
-0.109304
-0.107959
-0.107107
-0.107121
-0.107876
-0.108892
-0.109702
-0.109963
-0.109524
-0.108439
-0.106997
-0.105652
-0.104814
-0.104691
-0.105116
-0.105446
-0.105048
-0.103867
-0.102562
-0.102095
-0.102754
-0.104004
-0.104993
-0.105185
-0.104649
-0.103798
-0.103084
-0.102617
-0.102315
-0.102068
-0.101985
-0.102027
-0.101917
-0.101368
-0.100324
-0.0991019
-0.0982231
-0.0982231
-0.0993216
-0.100983
-0.10237
-0.102823
-0.102301
-0.101217
-0.100173
-0.0995551
-0.099253
-0.098896
-0.0982643
-0.0975915
-0.0973581
-0.0976876
-0.0982231
-0.098333
-0.0977975
-0.0969461
-0.0962596
-0.0960261
-0.0963831
-0.0971384
-0.0979073
-0.0983879
-0.0985664
-0.0987449
-0.099047
-0.0991568
-0.0985939
-0.0972482
-0.0956142
-0.0944196
-0.094145
-0.0946942
-0.0956417
-0.0964518
-0.0969049
-0.0971521
-0.0973993
-0.0977425
-0.0980995
-0.0982369
-0.0979348
-0.0971796
-0.0962733
-0.095724
-0.0958476
-0.0965205
-0.0974542
-0.0982781
-0.0987174
-0.0985389
-0.0977288
-0.0964655
-0.0950512
-0.0938978
-0.0933074
-0.0932662
-0.0933486
-0.0930465
-0.0923599
-0.091742
-0.0916733
-0.0922913
-0.0932799
-0.0940763
-0.0941312
-0.0933486
-0.0922363
-0.091591
-0.0916322
-0.0920716
-0.0925109
-0.0929366
-0.093376
-0.0936644
-0.0935408
-0.0930053
-0.0923874
-0.0920853
-0.0923187
-0.0929229
-0.0934447
-0.0936369
-0.0934859
-0.0930465
-0.0922226
-0.0911104
-0.0901766
-0.0900256
-0.090822
-0.0920304
-0.0929366
-0.0930053
-0.0921951
-0.0909593
-0.0900119
-0.0897647
-0.0901355
-0.0905199
-0.0903414
-0.0894626
-0.0883092
-0.0874991
-0.0874579
-0.088062
-0.0888035
-0.0890232
-0.0883641
-0.0869498
-0.0853707
-0.0842997
-0.0841075
-0.0846979
-0.0856316
-0.0865104
-0.0871283
-0.087348
-0.0870597
-0.0863456
-0.0855492
-0.0850686
-0.0849863
-0.0848764
-0.0842173
-0.0829403
-0.0816908
-0.0811827
-0.0815809
-0.08224
-0.0822675
-0.0814299
-0.0803451
-0.0798508
-0.080249
-0.0810866
-0.0818006
-0.0820752
-0.082034
-0.0818967
-0.0819791
-0.0824048
-0.0828442
-0.0827206
-0.0818006
-0.0804275
-0.0794251
-0.0793839
-0.0802902
-0.0815672
-0.082446
-0.0826245
-0.0823361
-0.0820615
-0.0819517
-0.0817732
-0.0813063
-0.0805511
-0.0797409
-0.079123
-0.0788484
-0.0788896
-0.079123
-0.0795212
-0.0801803
-0.0810042
-0.0815947
-0.0815123
-0.080757
-0.0797821
-0.078972
-0.0784502
-0.0781481
-0.0780245
-0.0780245
-0.0779971
-0.0780108
-0.0781893
-0.0786287
-0.079123
-0.0794938
-0.0796997
-0.0798096
-0.0798645
-0.0798371
-0.0797684
-0.0798096
-0.0800293
-0.0803451
-0.0805373
-0.0803863
-0.0798096
-0.0790818
-0.0785463
-0.0781619
-0.0776538
-0.0770771
-0.0769672
-0.0777362
-0.0790269
-0.080098
-0.0804962
-0.0804
-0.0801666
-0.0797959
-0.0790818
-0.0781069
-0.0774341
-0.0776538
-0.0788347
-0.0803726
-0.0814573
-0.0817182
-0.0811827
-0.0799469
-0.0781756
-0.0763081
-0.0750311
-0.0747977
-0.0754019
-0.0761571
-0.0764455
-0.0761983
-0.0757177
-0.0754293
-0.0754293
-0.0754705
-0.0752508
-0.0748664
-0.0747016
-0.0750861
-0.0758001
-0.0764317
-0.0767201
-0.0767201
-0.0764729
-0.0759511
-0.0752096
-0.0744819
-0.0741798
-0.0744819
-0.075141
-0.0756902
-0.0758275
-0.0757726
-0.0760061
-0.0766514
-0.0774204
-0.077901
-0.0779422
-0.077695
-0.0774341
-0.0772968
-0.0772419
-0.077132
-0.0769535
-0.0768986
-0.0771595
-0.0777362
-0.0783953
-0.0788896
-0.0790406
-0.0788347
-0.0783129
-0.0775028
-0.076569
-0.0757726
-0.0753058
-0.0749899
-0.0744544
-0.0735619
-0.0726556
-0.0724085
-0.0732186
-0.0746879
-0.0759511
-0.0764729
-0.0762669
-0.075649
-0.0748389
-0.0741386
-0.0738228
-0.0738915
-0.0738915
-0.0733559
-0.0723536
-0.0713512
-0.070747
-0.0706097
-0.0708706
-0.0715022
-0.0723261
-0.0730127
-0.0731912
-0.0726556
-0.0715434
-0.070239
-0.0691954
-0.0685637
-0.0682891
-0.0682891
-0.0685637
-0.0690718
-0.0696348
-0.0701428
-0.0706097
-0.0708981
-0.0706234
-0.0695387
-0.0677811
-0.0659823
-0.0648701
-0.0648975
-0.0659136
-0.0671906
-0.0680832
-0.0684264
-0.0683852
-0.0680832
-0.0674927
-0.0667375
-0.066202
-0.0662706
-0.0667787
-0.0672456
-0.0674927
-0.0679184
-0.0689345
-0.0702664
-0.0708843
-0.0699918
-0.0677673
-0.065433
-0.0642659
-0.0646778
-0.0661059
-0.0675888
-0.0684539
-0.0685363
-0.0679184
-0.0669435
-0.0660097
-0.0655017
-0.0654193
-0.0655154
-0.0656115
-0.0656939
-0.0660372
-0.0668885
-0.0682479
-0.0696073
-0.070184
-0.0696348
-0.0683303
-0.067067
-0.0663118
-0.0659686
-0.0656665
-0.0652408
-0.0647327
-0.0644169
-0.0644032
-0.064513
-0.0643345
-0.0638265
-0.0633734
-0.0633871
-0.0639363
-0.0648289
-0.0658038
-0.0665727
-0.0667787
-0.066202
-0.0650074
-0.0635793
-0.0620964
-0.0606546
-0.0595561
-0.0593501
-0.060325
-0.0621513
-0.0640599
-0.0653369
-0.0656253
-0.0649936
-0.0637853
-0.0624396
-0.0614235
-0.0610116
-0.0611214
-0.0612999
-0.0611626
-0.0609429
-0.0612313
-0.062165
-0.0629889
-0.0627417
-0.0613686
-0.059817
-0.0591441
-0.0596934
-0.0609841
-0.0622474
-0.062934
-0.0629752
-0.0626593
-0.0621787
-0.0615059
-0.0604898
-0.0592952
-0.0584027
-0.0583615
-0.0593638
-0.0609704
-0.0622337
-0.0622199
-0.0607095
-0.0584576
-0.0566313
-0.0558761
-0.0560409
-0.0565764
-0.0571119
-0.0575651
-0.0579358
-0.0581143
-0.0579358
-0.0574552
-0.0570295
-0.0570845
-0.0575376
-0.0579907
-0.0580731
-0.0577161
-0.0570021
-0.0560272
-0.0552033
-0.055066
-0.0558075
-0.0568922
-0.0577024
-0.0581418
-0.0585537
-0.0590618
-0.059405
-0.0592403
-0.0584713
-0.0572492
-0.05578
-0.054352
-0.0533908
-0.0532809
-0.0541048
-0.0553955
-0.056343
-0.056494
-0.0562057
-0.0562331
-0.0569197
-0.0578534
-0.0583065
-0.0579083
-0.0568648
-0.0557937
-0.0553131
-0.0554917
-0.0558075
-0.0555328
-0.0546266
-0.0537615
-0.0537066
-0.0544893
-0.0554093
-0.0555878
-0.0545991
-0.0528553
-0.0513998
-0.0511801
-0.0522374
-0.053789
-0.0550385
-0.05578
-0.0561645
-0.0563155
-0.0561233
-0.0553406
-0.0538988
-0.051949
-0.0499854
-0.0488595
-0.0492165
-0.0510427
-0.0534045
-0.0549699
-0.0548737
-0.0531848
-0.0508505
-0.0489281
-0.0480905
-0.0482828
-0.0490929
-0.0499031
-0.0502189
-0.0498481
-0.0492028
-0.0488869
-0.0491616
-0.0498069
-0.0503562
-0.0504111
-0.0497795
-0.048681
-0.0478571
-0.0482278
-0.0500129
-0.0524571
-0.0543794
-0.0549424
-0.0540361
-0.0521824
-0.0503699
-0.0494637
-0.0495735
-0.0500266
-0.0498756
-0.0488183
-0.0472392
-0.0459622
-0.0458661
-0.0472941
-0.0496147
-0.0514821
-0.0517842
-0.0505484
-0.0488595
-0.0479258
-0.0482553
-0.0494225
-0.0505622
-0.0509741
-0.0506171
-0.0499031
-0.0492989
-0.0489831
-0.049038
-0.0495735
-0.0505347
-0.0514959
-0.0519078
-0.051592
-0.0509466
-0.0505347
-0.0506308
-0.0510977
-0.051592
-0.0518392
-0.0517705
-0.0513311
-0.0504523
-0.0491616
-0.0478983
-0.0471294
-0.0469646
-0.0472667
-0.047912
-0.0488046
-0.0496559
-0.0500541
-0.0500266
-0.0500953
-0.0507269
-0.0516057
-0.0520177
-0.0516332
-0.0510153
-0.0509741
-0.0516881
-0.0524571
-0.0523609
-0.0511526
-0.0495186
-0.0483652
-0.0479944
-0.0481455
-0.0483514
-0.0483926
-0.0481455
-0.0476786
-0.0473765
-0.0476237
-0.0483377
-0.0489831
-0.0491204
-0.0489419
-0.0489281
-0.049189
-0.0493813
-0.0491341
-0.0485025
-0.0479807
-0.0480356
-0.0486672
-0.0493675
-0.0494362
-0.048681
-0.0475413
-0.0467174
-0.0466213
-0.0472117
-0.0479944
-0.0483514
-0.0480768
-0.0475138
-0.047404
-0.0480219
-0.0489693
-0.0495049
-0.0493126
-0.0485986
-0.0477885
-0.0471431
-0.0467861
-0.0467449
-0.0469508
-0.0473353
-0.0477885
-0.048118
-0.0481592
-0.0479395
-0.0475138
-0.0469234
-0.0460583
-0.0450697
-0.0444655
-0.0447264
-0.0457837
-0.0470058
-0.0476923
-0.0476374
-0.0472667
-0.0472117
-0.0478022
-0.0487359
-0.0494087
-0.0494362
-0.0489419
-0.0482416
-0.0475138
-0.046841
-0.0463055
-0.0460858
-0.0463192
-0.0468822
-0.0475688
-0.0482416
-0.0488869
-0.0495049
-0.0499717
-0.0500541
-0.0496284
-0.0488458
-0.0479807
-0.0471705
-0.0463604
-0.0455228
-0.0447676
-0.0443007
-0.0443831
-0.045207
-0.0467311
-0.0483377
-0.049038
-0.0480905
-0.04577
-0.0433258
-0.0421449
-0.0425981
-0.04393
-0.04485
-0.0446852
-0.0437789
-0.0430237
-0.0429551
-0.0433945
-0.0438201
-0.0440261
-0.0441085
-0.0442595
-0.0445479
-0.0449049
-0.0451246
-0.045001
-0.0445204
-0.0438888
-0.0433395
-0.0429276
-0.0424882
-0.041884
-0.0412112
-0.0407993
-0.0410602
-0.0419527
-0.0429413
-0.0433395
-0.0429276
-0.0419939
-0.0411975
-0.0410739
-0.0418703
-0.0433533
-0.0449873
-0.0460583
-0.046278
-0.0457974
-0.045001
-0.044136
-0.0432709
-0.0424882
-0.0418428
-0.0413073
-0.0409778
-0.0409503
-0.0411563
-0.0413073
-0.0411563
-0.0407993
-0.0404423
-0.0403461
-0.0407718
-0.0418291
-0.0430375
-0.0434082
-0.0422685
-0.0400303
-0.0379981
-0.0373253
-0.0382315
-0.0399205
-0.0413073
-0.0417605
-0.0413073
-0.0404285
-0.0394262
-0.0384375
-0.0376136
-0.0372566
-0.037545
-0.0381766
-0.0386847
-0.0389044
-0.0389044
-0.0387945
-0.0386984
-0.0386847
-0.0387396
-0.0387533
-0.0386297
-0.0384512
-0.038465
-0.038822
-0.0396047
-0.0406894
-0.0416231
-0.0417742
-0.0408405
-0.0393438
-0.0383002
-0.0384238
-0.0395497
-0.0407718
-0.0412661
-0.0408679
-0.04025
-0.0402638
-0.0411426
-0.0422273
-0.0425843
-0.0416781
-0.0398106
-0.0379569
-0.0371193
-0.0376823
-0.0390691
-0.0404011
-0.0412799
-0.041939
-0.0425294
-0.0427216
-0.0421587
-0.041019
-0.0399617
-0.0394948
-0.0396733
-0.0401539
-0.0405247
-0.0404285
-0.0398381
-0.0389868
-0.0383002
-0.038108
-0.0385474
-0.0394399
-0.0403461
-0.0407169
-0.0403461
-0.0395223
-0.038822
-0.0386984
-0.0392202
-0.0400853
-0.0406482
-0.0403599
-0.0393575
-0.0383826
-0.0381354
-0.0386572
-0.039385
-0.0397282
-0.039385
-0.0385474
-0.0378196
-0.0377098
-0.0383277
-0.0391515
-0.0396321
-0.0395085
-0.0390554
-0.0386847
-0.0386847
-0.0389181
-0.039028
-0.0387259
-0.0382315
-0.0379295
-0.0379844
-0.0381629
-0.0381903
-0.0380668
-0.0380256
-0.0382178
-0.0385748
-0.0388769
-0.0390417
-0.0392065
-0.0394124
-0.0394811
-0.0391103
-0.0383551
-0.0378196
-0.0380942
-0.0390554
-0.0398793
-0.0398244
-0.0388769
-0.0376136
-0.0366662
-0.0364328
-0.0369408
-0.0379295
-0.0387808
-0.038973
-0.0385336
-0.0379157
-0.037545
-0.0375038
-0.0376274
-0.0378196
-0.0380668
-0.0383414
-0.0385336
-0.0386572
-0.0389593
-0.0397832
-0.0410602
-0.0421449
-0.042241
-0.0410464
-0.0390691
-0.0371605
-0.0358972
-0.0354853
-0.0358286
-0.0366936
-0.0377784
-0.0387945
-0.0395772
-0.0400029
-0.0400441
-0.0399067
-0.0397832
-0.0397282
-0.0395223
-0.0389456
-0.0381492
-0.037545
-0.0375038
-0.0379295
-0.0385199
-0.0390691
-0.039536
-0.0399067
-0.0400578
-0.0398106
-0.0391515
-0.0382453
-0.0372292
-0.0363092
-0.0357187
-0.0358698
-0.0370095
-0.0387396
-0.0400853
-0.0401539
-0.0387945
-0.0366799
-0.0348537
-0.034071
-0.0344143
-0.0351832
-0.0356089
-0.0354853
-0.0351558
-0.0349498
-0.0350184
-0.0353617
-0.0358698
-0.0364053
-0.0368035
-0.0371056
-0.0374626
-0.0378333
-0.0378883
-0.0374351
-0.0366799
-0.0360345
-0.0356089
-0.0352656
-0.0348949
-0.0345653
-0.0344143
-0.0345378
-0.0349361
-0.0355677
-0.0361856
-0.0364465
-0.0361169
-0.0352381
-0.0343044
-0.0340435
-0.0349223
-0.0366936
-0.0384512
-0.039385
-0.0392202
-0.0382041
-0.0366525
-0.0348674
-0.0331785
-0.0320662
-0.0319564
-0.032794
-0.0338101
-0.0340298
-0.033151
-0.0319701
-0.0317779
-0.0330549
-0.0351283
-0.036831
-0.0374901
-0.0371468
-0.0363092
-0.0356089
-0.035348
-0.0354166
-0.0354578
-0.0351832
-0.0345653
-0.0336728
-0.0326155
-0.0316131
-0.0310913
-0.0312286
-0.031874
-0.0327391
-0.0336865
-0.0345378
-0.0350459
-0.0351008
-0.0351283
-0.0356226
-0.0365563
-0.0373527
-0.0375999
-0.0374077
-0.0372154
-0.0372292
-0.0372154
-0.0368447
-0.0362268
-0.0358423
-0.0360208
-0.0365426
-0.0368035
-0.0364602
-0.035705
-0.0350047
-0.0347438
-0.0349772
-0.0354029
-0.0356363
-0.035554
-0.035348
-0.0351969
-0.0349772
-0.0344143
-0.0334943
-0.0326018
-0.0321074
-0.0320113
-0.0320388
-0.0319152
-0.0316543
-0.0314071
-0.0313385
-0.0314071
-0.0315307
-0.031723
-0.0320388
-0.0323683
-0.0324782
-0.0321761
-0.0316406
-0.0313248
-0.0315444
-0.0322722
-0.0332197
-0.0340023
-0.034277
-0.0338238
-0.0328215
-0.031668
-0.0307892
-0.0305146
-0.0311737
-0.0327116
-0.0345653
-0.0358423
-0.0359934
-0.0350871
-0.0337552
-0.0326018
-0.0319152
-0.0315856
-0.0314071
-0.0314209
-0.0317367
-0.0322722
-0.0326704
-0.0326704
-0.0323821
-0.0320937
-0.0319289
-0.031668
-0.0311874
-0.0306931
-0.0305421
-0.0307892
-0.0312286
-0.0315856
-0.0318191
-0.032025
-0.0324644
-0.0332471
-0.0342358
-0.0349772
-0.0351969
-0.0350322
-0.0348537
-0.0349361
-0.0352519
