LECROYHDO9204-MSöv,30454,Waveform
Segments,1,SegmentSize,2002
Ampl
-0.0114145
-0.0107005
-0.0104121
-0.010879
-0.0119638
-0.0131446
-0.0137763
-0.01379
-0.0135017
-0.0131858
-0.0127739
-0.0121148
-0.0113871
-0.010879
-0.0107417
-0.0109339
-0.0113733
-0.0120462
-0.012925
-0.013996
-0.0150533
-0.0157124
-0.0156987
-0.0150807
-0.0142569
-0.0137076
-0.0137214
-0.014353
-0.0153416
-0.0162754
-0.0168383
-0.0169619
-0.0167834
-0.0166049
-0.0166461
-0.0168658
-0.0169207
-0.0163852
-0.015273
-0.0141333
-0.0136115
-0.0138175
-0.0144766
-0.0154515
-0.0167148
-0.0180741
-0.0189529
-0.0188568
-0.0178682
-0.0166736
-0.0160419
-0.016344
-0.0172365
-0.0179643
-0.0178819
-0.0170718
-0.0160969
-0.0153966
-0.0149297
-0.0145727
-0.0143393
-0.0144628
-0.0149709
-0.0156849
-0.0163303
-0.016701
-0.0167971
-0.0167422
-0.0165912
-0.0162616
-0.0157536
-0.015273
-0.015067
-0.0150396
-0.0147649
-0.0139823
-0.0128975
-0.0118814
-0.0111674
-0.0109065
-0.0111262
-0.0117029
-0.0122933
-0.0127327
-0.0130485
-0.0133094
-0.0134605
-0.0135154
-0.0135978
-0.0138175
-0.014147
-0.0144903
-0.0147649
-0.0149846
-0.0151082
-0.0152593
-0.015424
-0.0155339
-0.0155201
-0.0154378
-0.0153004
-0.0150121
-0.0144903
-0.0140784
-0.0142706
-0.0152181
-0.0165225
-0.0175661
-0.0178682
-0.0174288
-0.0166598
-0.0161792
-0.0162754
-0.0167148
-0.017058
-0.0171679
-0.017113
-0.0167697
-0.0157948
-0.0142569
-0.0128426
-0.0122521
-0.0125817
-0.013282
-0.0137626
-0.0139136
-0.0140372
-0.0145178
-0.0153554
-0.0162616
-0.0167422
-0.0164676
-0.0153966
-0.0138999
-0.0125679
-0.012005
-0.0124993
-0.0138037
-0.0151494
-0.0157948
-0.0155064
-0.0145727
-0.0134879
-0.0126641
-0.0122521
-0.0121835
-0.0123894
-0.0127876
-0.0131584
-0.0132957
-0.0132545
-0.0133369
-0.0137488
-0.014353
-0.0145727
-0.0140372
-0.012925
-0.0118676
-0.0113733
-0.0114832
-0.0120462
-0.01287
-0.0136252
-0.0138312
-0.0131584
-0.0118127
-0.0105906
-0.0103023
-0.0110438
-0.0121972
-0.0128838
-0.0127602
-0.0121011
-0.0114283
-0.0110712
-0.0112086
-0.0117303
-0.012362
-0.0128014
-0.0130897
-0.0135566
-0.0142431
-0.0147924
-0.0148473
-0.0144766
-0.0140372
-0.0136802
-0.0132682
-0.0126366
-0.0119226
-0.011442
-0.0113321
-0.011593
-0.0121835
-0.0130485
-0.0139136
-0.0143393
-0.0141058
-0.0133506
-0.0125954
-0.012307
-0.0125542
-0.0130348
-0.0133781
-0.0133506
-0.0129799
-0.0124306
-0.0119638
-0.0117303
-0.0116617
-0.0115518
-0.0113871
-0.0113321
-0.0115518
-0.0119912
-0.0124444
-0.0126229
-0.0124169
-0.0119638
-0.0116205
-0.0117166
-0.0121835
-0.012719
-0.0131721
-0.0138175
-0.0149846
-0.0165637
-0.0178544
-0.018033
-0.0167834
-0.0146002
-0.0125679
-0.0117441
-0.012307
-0.0136939
-0.0150396
-0.0157398
-0.0156163
-0.0148473
-0.0138175
-0.0128563
-0.0121835
-0.0118676
-0.0120324
-0.0126229
-0.0133506
-0.0138449
-0.0140234
-0.0142431
-0.0148885
-0.0158909
-0.0165912
-0.0162616
-0.0147924
-0.0128426
-0.0114145
-0.0111948
-0.012156
-0.0134879
-0.0142981
-0.0140784
-0.0132133
-0.012513
-0.0126091
-0.0132957
-0.0138312
-0.0138175
-0.0137076
-0.0142157
-0.0154515
-0.0168658
-0.0177446
-0.0176759
-0.0166736
-0.0150533
-0.0133232
-0.0119912
-0.0112223
-0.0109614
-0.0110575
-0.0114145
-0.0119226
-0.0122933
-0.012307
-0.0120736
-0.0120873
-0.0127876
-0.0141058
-0.0153142
-0.0155201
-0.0144628
-0.0129524
-0.0120462
-0.012156
-0.0127876
-0.0132957
-0.0134742
-0.0134742
-0.0135017
-0.0136527
-0.0139411
-0.0142294
-0.014353
-0.0144354
-0.0146688
-0.0149709
-0.0149846
-0.0144903
-0.013584
-0.0126229
-0.01195
-0.0119638
-0.0129799
-0.0149984
-0.0174425
-0.0193923
-0.020024
-0.0191315
-0.0172777
-0.0155613
-0.014916
-0.015479
-0.0166186
-0.0175661
-0.0179506
-0.0179231
-0.0177309
-0.0177034
-0.018033
-0.0186783
-0.0194061
-0.0197768
-0.0194198
-0.0182801
-0.016756
-0.0155476
-0.0150807
-0.0152593
-0.0156575
-0.015987
-0.0161381
-0.0159595
-0.0153416
-0.0144491
-0.0137351
-0.0135703
-0.0139823
-0.0146276
-0.0150945
-0.0150807
-0.014559
-0.0138861
-0.013639
-0.0140646
-0.0148473
-0.0154927
-0.0157948
-0.0158222
-0.0156163
-0.0150396
-0.0140234
-0.012719
-0.0114832
-0.0106044
-0.0101101
-0.00978051
-0.00939603
-0.00903902
-0.00902529
-0.00951961
-0.0101375
-0.0103709
-0.0101375
-0.00998648
-0.010522
-0.0118676
-0.0133918
-0.0142706
-0.014202
-0.013584
-0.0130211
-0.0127739
-0.0128014
-0.0130897
-0.0137626
-0.0146414
-0.0151631
-0.0147237
-0.0134193
-0.0120462
-0.0114969
-0.0119363
-0.0128838
-0.0136939
-0.0140646
-0.0140646
-0.0138587
-0.013584
-0.0134193
-0.0137076
-0.0146688
-0.0161106
-0.0174013
-0.0178956
-0.0173189
-0.0159046
-0.0142431
-0.0131172
-0.0131721
-0.0144628
-0.0163166
-0.0177171
-0.0178956
-0.0168383
-0.0152593
-0.0139411
-0.0131996
-0.0128014
-0.0124993
-0.0125267
-0.0132682
-0.0146276
-0.0157948
-0.0159458
-0.014916
-0.0133918
-0.0124032
-0.0124993
-0.0134193
-0.0143118
-0.0145452
-0.0142981
-0.0141745
-0.014559
-0.0153279
-0.0160557
-0.0162479
-0.0156849
-0.0145178
-0.0133643
-0.0128014
-0.0128563
-0.0130897
-0.0131035
-0.012925
-0.0128838
-0.0131858
-0.013996
-0.0152455
-0.016701
-0.0180604
-0.0192001
-0.0200652
-0.0206144
-0.0209028
-0.0212872
-0.022166
-0.0236765
-0.0255576
-0.0275899
-0.0297731
-0.0322173
-0.0348811
-0.0377372
-0.0407718
-0.0440398
-0.047555
-0.0514547
-0.0560958
-0.0619179
-0.0689208
-0.0764317
-0.0832424
-0.088474
-0.0922501
-0.0957515
-0.100255
-0.105954
-0.111968
-0.117255
-0.121525
-0.125205
-0.128885
-0.132908
-0.137453
-0.1423
-0.146804
-0.150209
-0.152516
-0.154576
-0.157432
-0.161359
-0.165506
-0.168733
-0.170518
-0.171355
-0.171918
-0.172317
-0.172179
-0.171507
-0.170944
-0.171342
-0.172962
-0.17509
-0.176422
-0.1759
-0.173525
-0.170188
-0.166893
-0.164215
-0.162279
-0.160947
-0.159931
-0.158942
-0.157803
-0.156526
-0.155249
-0.154082
-0.153066
-0.152269
-0.151665
-0.15091
-0.149633
-0.147779
-0.145719
-0.143989
-0.142863
-0.142149
-0.141463
-0.140762
-0.140364
-0.140474
-0.140749
-0.140556
-0.139513
-0.137934
-0.136561
-0.13608
-0.136602
-0.137742
-0.138936
-0.139705
-0.139705
-0.139032
-0.138085
-0.137412
-0.137302
-0.137783
-0.138758
-0.140144
-0.141778
-0.143275
-0.144291
-0.144731
-0.144923
-0.145266
-0.145953
-0.14679
-0.147573
-0.148328
-0.149138
-0.149894
-0.150415
-0.150704
-0.150937
-0.151212
-0.151583
-0.152187
-0.153066
-0.153958
-0.154288
-0.153683
-0.152448
-0.151459
-0.151596
-0.153079
-0.155084
-0.156361
-0.156306
-0.155414
-0.154562
-0.154123
-0.153807
-0.153313
-0.15286
-0.152997
-0.153917
-0.15507
-0.155441
-0.15437
-0.152077
-0.149482
-0.147573
-0.1469
-0.147449
-0.148781
-0.150278
-0.151308
-0.151569
-0.151143
-0.15047
-0.150058
-0.150031
-0.150168
-0.150141
-0.149921
-0.149578
-0.14918
-0.148685
-0.148067
-0.147367
-0.146708
-0.146269
-0.146241
-0.146598
-0.147065
-0.147257
-0.147065
-0.14679
-0.146914
-0.147669
-0.148603
-0.148823
-0.147724
-0.145527
-0.143275
-0.141957
-0.141833
-0.142479
-0.143316
-0.144099
-0.144909
-0.145692
-0.146131
-0.145966
-0.145486
-0.145349
-0.145953
-0.147038
-0.147903
-0.147985
-0.14723
-0.146021
-0.144895
-0.14414
-0.143742
-0.143509
-0.143522
-0.144113
-0.145307
-0.146694
-0.147642
-0.147752
-0.147051
-0.145815
-0.144429
-0.14333
-0.142959
-0.14355
-0.144827
-0.146145
-0.1469
-0.1469
-0.14631
-0.145431
-0.144635
-0.144264
-0.144538
-0.145225
-0.145788
-0.145802
-0.145252
-0.144497
-0.143879
-0.143467
-0.143179
-0.142973
-0.142959
-0.14322
-0.143605
-0.143824
-0.143687
-0.143179
-0.142561
-0.142081
-0.141792
-0.141559
-0.141463
-0.141641
-0.142108
-0.14241
-0.141998
-0.140707
-0.138977
-0.137481
-0.136753
-0.13689
-0.137618
-0.13851
-0.139101
-0.139211
-0.13884
-0.138208
-0.137645
-0.137453
-0.137659
-0.138071
-0.138442
-0.138579
-0.138346
-0.137659
-0.136712
-0.135847
-0.135352
-0.135311
-0.135558
-0.135847
-0.13597
-0.135819
-0.135366
-0.134625
-0.133842
-0.13343
-0.133677
-0.134556
-0.13575
-0.136876
-0.137714
-0.138099
-0.137865
-0.137055
-0.135929
-0.13494
-0.134281
-0.133746
-0.1331
-0.132469
-0.132318
-0.132963
-0.134213
-0.135435
-0.135915
-0.13538
-0.134062
-0.132482
-0.131205
-0.130601
-0.130739
-0.131384
-0.132084
-0.132428
-0.132345
-0.132029
-0.131714
-0.131535
-0.131425
-0.131315
-0.131247
-0.131233
-0.131302
-0.131384
-0.131315
-0.130903
-0.130121
-0.129228
-0.128706
-0.128775
-0.129324
-0.129887
-0.130066
-0.12986
-0.129695
-0.12986
-0.130093
-0.130011
-0.129681
-0.129736
-0.130697
-0.132194
-0.133334
-0.13332
-0.132125
-0.130437
-0.129146
-0.128734
-0.129091
-0.129764
-0.130382
-0.130821
-0.131068
-0.131096
-0.130931
-0.130642
-0.130395
-0.130162
-0.129613
-0.128363
-0.126551
-0.12504
-0.124848
-0.126111
-0.127992
-0.129352
-0.129571
-0.128761
-0.127457
-0.126358
-0.125988
-0.126413
-0.127045
-0.127045
-0.125988
-0.12423
-0.122623
-0.121855
-0.122074
-0.12298
-0.12401
-0.124656
-0.124697
-0.124271
-0.123708
-0.123132
-0.122596
-0.122157
-0.121923
-0.121896
-0.121964
-0.122033
-0.122115
-0.12217
-0.122115
-0.121882
-0.121497
-0.12114
-0.120989
-0.121168
-0.121635
-0.122102
-0.122321
-0.122321
-0.122308
-0.122459
-0.122788
-0.123035
-0.122898
-0.122253
-0.121511
-0.121374
-0.122157
-0.123214
-0.123447
-0.12239
-0.120495
-0.11871
-0.117694
-0.117735
-0.118696
-0.11996
-0.120797
-0.120893
-0.12066
-0.120619
-0.120838
-0.121017
-0.120976
-0.12088
-0.120866
-0.120687
-0.120124
-0.119369
-0.118916
-0.119191
-0.120166
-0.121346
-0.122157
-0.12217
-0.121429
-0.120248
-0.118943
-0.11757
-0.116115
-0.114687
-0.113602
-0.113176
-0.113547
-0.11455
-0.115579
-0.115923
-0.115318
-0.114247
-0.113341
-0.112792
-0.112449
-0.112284
-0.112504
-0.113012
-0.113355
-0.113108
-0.11216
-0.110719
-0.109359
-0.108879
-0.109812
-0.111803
-0.113753
-0.114577
-0.114
-0.112586
-0.111213
-0.110485
-0.110499
-0.110883
-0.111254
-0.111405
-0.111446
-0.111597
-0.111858
-0.111996
-0.11179
-0.111336
-0.111021
-0.111117
-0.111611
-0.112215
-0.112613
-0.112531
-0.111996
-0.11124
-0.110362
-0.109332
-0.108178
-0.107286
-0.107066
-0.107656
-0.108741
-0.109757
-0.110403
-0.110787
-0.111268
-0.111954
-0.112504
-0.112339
-0.111199
-0.109428
-0.107821
-0.107066
-0.107327
-0.108165
-0.108988
-0.109414
-0.109414
-0.109139
-0.108659
-0.107959
-0.107162
-0.106654
-0.106805
-0.107615
-0.108645
-0.109345
-0.109524
-0.109304
-0.108947
-0.108576
-0.108247
-0.108041
-0.108055
-0.108192
-0.108068
-0.107272
-0.105775
-0.104018
-0.102658
-0.102013
-0.101889
-0.101876
-0.10178
-0.101848
-0.102425
-0.103414
-0.104347
-0.104814
-0.104842
-0.104691
-0.104402
-0.103839
-0.102933
-0.101862
-0.100832
-0.100091
-0.0998571
-0.100159
-0.100846
-0.10156
-0.101944
-0.101903
-0.101601
-0.101299
-0.101024
-0.100695
-0.100324
-0.100063
-0.100049
-0.100173
-0.100132
-0.0996786
-0.0987998
-0.0976739
-0.0964518
-0.0953533
-0.0948315
-0.0952709
-0.0964381
-0.0975915
-0.0981133
-0.0979622
-0.0974404
-0.0967676
-0.0959026
-0.0948041
-0.0937605
-0.0932662
-0.093788
-0.0952709
-0.0970422
-0.0983742
-0.0989371
-0.0987724
-0.0978798
-0.0962046
-0.0940214
-0.0919892
-0.0908769
-0.0910005
-0.0920304
-0.0931014
-0.0933074
-0.0921402
-0.089902
-0.0875403
-0.0862495
-0.0866615
-0.0885838
-0.0910692
-0.0929366
-0.0934447
-0.0926757
-0.0913301
-0.0901492
-0.0894626
-0.0891468
-0.0889134
-0.0886113
-0.0883779
-0.0885564
-0.0894352
-0.0908907
-0.0924011
-0.0933623
-0.0934721
-0.0927993
-0.0918107
-0.0910417
-0.0907808
-0.0908357
-0.0907396
-0.0900805
-0.0888722
-0.0875403
-0.0866065
-0.0864555
-0.0871146
-0.0882817
-0.089545
-0.090616
-0.0913163
-0.0914536
-0.0908769
-0.0898471
-0.0889271
-0.0885701
-0.0888996
-0.0896274
-0.0903002
-0.0906023
-0.0905062
-0.0903414
-0.0903552
-0.090465
-0.0904101
-0.0901904
-0.0901492
-0.0906572
-0.0917832
-0.0933074
-0.0946805
-0.095216
-0.0943784
-0.092305
-0.0897235
-0.0876364
-0.0868125
-0.0874441
-0.0889271
-0.0900668
-0.0898883
-0.0883779
-0.0864143
-0.0851648
-0.0852746
-0.0864967
-0.087911
-0.0885701
-0.088117
-0.0869773
-0.0859337
-0.0855904
-0.0860024
-0.0866477
-0.0869498
-0.0867438
-0.0863731
-0.0861397
-0.0858239
-0.0849176
-0.0832973
-0.0816084
-0.080757
-0.0809493
-0.0814711
-0.081526
-0.0808532
-0.0798508
-0.0790406
-0.0788759
-0.0796311
-0.0811278
-0.0826931
-0.0834621
-0.0829403
-0.0814848
-0.0800018
-0.0793015
-0.07948
-0.0800156
-0.0803039
-0.0801803
-0.0797684
-0.0794251
-0.0793839
-0.079686
-0.0800568
-0.0800705
-0.0795075
-0.0786287
-0.0778598
-0.0773792
-0.0770908
-0.0770771
-0.0775577
-0.078615
-0.0798783
-0.0807433
-0.0807982
-0.0800293
-0.0786836
-0.0772693
-0.0761296
-0.0752234
-0.0744132
-0.0737541
-0.0736306
-0.0743583
-0.0759099
-0.0779971
-0.0799744
-0.0809767
-0.0803726
-0.0783129
-0.0756902
-0.0735482
-0.0724771
-0.0725046
-0.0733285
-0.0744407
-0.0754293
-0.0761708
-0.0767338
-0.0771457
-0.077338
-0.0772144
-0.0768574
-0.0763768
-0.0757726
-0.0750998
-0.0744544
-0.07407
-0.0741386
-0.0747565
-0.0758413
-0.0769672
-0.0775714
-0.0774616
-0.0770634
-0.0769947
-0.0774341
-0.0779971
-0.0780245
-0.0772144
-0.0758138
-0.0744682
-0.0737541
-0.0740013
-0.0750861
-0.0766102
-0.0780108
-0.0787935
-0.0788621
-0.0785051
-0.0780383
-0.0774478
-0.0765828
-0.0755529
-0.0748526
-0.0747977
-0.0751547
-0.0754843
-0.0755255
-0.0754156
-0.0754019
-0.0754705
-0.0753195
-0.0747977
-0.0741935
-0.0740425
-0.0745505
-0.0753607
-0.0759511
-0.076061
-0.0757314
-0.0750998
-0.0744819
-0.0743171
-0.0747291
-0.075347
-0.0755941
-0.0751822
-0.0743858
-0.0736306
-0.0731774
-0.0730676
-0.0732186
-0.0735482
-0.0739738
-0.074372
-0.0747565
-0.0751822
-0.0756216
-0.0759649
-0.0760472
-0.0756902
-0.0748938
-0.0740288
-0.0736306
-0.0739601
-0.074784
-0.0755529
-0.0757726
-0.075292
-0.074372
-0.0735344
-0.0732461
-0.0734521
-0.0736992
-0.073658
-0.0734795
-0.0734383
-0.0736031
-0.073864
-0.0741661
-0.0744819
-0.0746879
-0.0746741
-0.0743858
-0.0739326
-0.0734246
-0.072944
-0.0726282
-0.0726282
-0.0729303
-0.0733834
-0.0736306
-0.0733422
-0.0723261
-0.0708019
-0.0694837
-0.0690718
-0.0697034
-0.0709255
-0.0720789
-0.0725595
-0.0721064
-0.0708981
-0.0694837
-0.0684402
-0.068042
-0.0683166
-0.0690169
-0.0698133
-0.0703076
-0.0703763
-0.0700604
-0.0695112
-0.0689482
-0.0685088
-0.0682617
-0.0682205
-0.0684814
-0.0690993
-0.0698819
-0.0704587
-0.0707333
-0.0709118
-0.0712825
-0.071667
-0.0714748
-0.0703763
-0.0686599
-0.0669435
-0.065845
-0.0656939
-0.0663668
-0.0673691
-0.0681106
-0.0682891
-0.0680832
-0.0679047
-0.0680694
-0.0686049
-0.0692778
-0.0697172
-0.069676
-0.069264
-0.0688796
-0.0688384
-0.0688933
-0.0686049
-0.0679047
-0.0673005
-0.0673829
-0.0682067
-0.069319
-0.0701703
-0.0704724
-0.0702664
-0.0697034
-0.0688246
-0.0675614
-0.0659548
-0.064362
-0.0633322
-0.0632635
-0.0641423
-0.065488
-0.0666688
-0.0671632
-0.066916
-0.0662432
-0.0653506
-0.0641972
-0.0629889
-0.062165
-0.0620414
-0.0622062
-0.0620826
-0.0615746
-0.0611764
-0.0612725
-0.0617943
-0.0624671
-0.0630575
-0.0633871
-0.0633459
-0.0629752
-0.0624259
-0.0618492
-0.0611901
-0.06038
-0.05946
-0.0586224
-0.0583065
-0.0587185
-0.0595973
-0.0602976
-0.0604349
-0.0600092
-0.0593501
-0.0586086
-0.057826
-0.057057
-0.0565078
-0.0563018
-0.0563979
-0.0566039
-0.0567549
-0.0568648
-0.0570158
-0.0572355
-0.0573454
-0.0573042
-0.0573866
-0.0579358
-0.0589656
-0.0599818
-0.060325
-0.0597346
-0.0584988
-0.0572492
-0.0565764
-0.0566451
-0.0570982
-0.0573316
-0.0571257
-0.0568648
-0.0571531
-0.0581692
-0.0595835
-0.0609017
-0.0617943
-0.0621238
-0.0619316
-0.0612588
-0.0600779
-0.0582791
-0.0560684
-0.0539812
-0.0527042
-0.0525944
-0.0534594
-0.0545854
-0.0552994
-0.0553543
-0.0552308
-0.0554367
-0.055986
-0.0562606
-0.0558761
-0.0551209
-0.0546129
-0.054654
-0.0549973
-0.0552994
-0.0555054
-0.0558212
-0.0564254
-0.0570982
-0.0573042
-0.056549
-0.0549287
-0.0533633
-0.052869
-0.0538027
-0.0555878
-0.0571257
-0.0576063
-0.0569884
-0.055931
-0.0551896
-0.0549699
-0.0549149
-0.0545717
-0.0539126
-0.053377
-0.0533359
-0.053789
-0.0544893
-0.0552445
-0.0559036
-0.0564666
-0.0568236
-0.056851
-0.0563979
-0.0554505
-0.0541735
-0.0528827
-0.0519627
-0.0517705
-0.0524845
-0.05394
-0.0555603
-0.0567961
-0.0573591
-0.0572767
-0.0567549
-0.0561096
-0.0554367
-0.0546266
-0.0535556
-0.0523747
-0.0515233
-0.0513448
-0.0518254
-0.0526905
-0.0535144
-0.0539263
-0.0537615
-0.0531711
-0.0526081
-0.0524296
-0.052718
-0.0532535
-0.0537478
-0.0539812
-0.0539538
-0.05394
-0.0541735
-0.0545167
-0.0545579
-0.0541872
-0.0537203
-0.0534732
-0.0533221
-0.0530887
-0.0528141
-0.052869
-0.0534594
-0.0543382
-0.0549836
-0.0548875
-0.0539126
-0.0524845
-0.0513448
-0.0510702
-0.0516057
-0.0523472
-0.0526905
-0.0523747
-0.0516469
-0.051029
-0.0509466
-0.051235
-0.0514959
-0.0515371
-0.051592
-0.0519353
-0.0524983
-0.0530612
-0.0534182
-0.0535144
-0.0532672
-0.0527866
-0.0521962
-0.0515096
-0.0506171
-0.0496284
-0.0490655
-0.0494087
-0.0505759
-0.0518803
-0.0525257
-0.0521275
-0.0507956
-0.049244
-0.0483102
-0.0483789
-0.0491066
-0.0498207
-0.0500953
-0.0498481
-0.0492028
-0.0485437
-0.0483789
-0.0490105
-0.0501502
-0.0510565
-0.0510839
-0.0502051
-0.0488595
-0.0476649
-0.0469783
-0.0468135
-0.047047
-0.0475962
-0.0482965
-0.0488458
-0.0489419
-0.0485711
-0.0480493
-0.0476649
-0.0475001
-0.0475688
-0.0478022
-0.0480219
-0.0480493
-0.0481043
-0.0485574
-0.0494774
-0.0503562
-0.0506033
-0.0499854
-0.0487222
-0.0472255
-0.0459622
-0.045358
-0.0456052
-0.0464291
-0.0472804
-0.0476237
-0.0473216
-0.0465252
-0.0456464
-0.0451109
-0.0449736
-0.0451246
-0.0455091
-0.046127
-0.0466625
-0.0465526
-0.0457837
-0.0452207
-0.0456738
-0.0467723
-0.0472804
-0.0463329
-0.044493
-0.0431198
-0.04301
-0.0437377
-0.0443419
-0.0443007
-0.0437377
-0.0430649
-0.0423921
-0.0416781
-0.0411151
-0.0410739
-0.0417193
-0.0427354
-0.0435592
-0.0437377
-0.0431885
-0.04209
-0.0408542
-0.0400303
-0.0398518
-0.040099
-0.0403461
-0.0403736
-0.040305
-0.0402226
-0.0402088
-0.0403736
-0.0408405
-0.0414172
-0.041582
-0.040813
-0.0390966
-0.0371193
-0.0358698
-0.0358835
-0.0368859
-0.0382041
-0.0392888
-0.0399067
-0.0400441
-0.0398656
-0.0395635
-0.039385
-0.0394124
-0.0396733
-0.0402912
-0.0413485
-0.0425706
-0.043367
-0.0434494
-0.0429963
-0.042296
-0.0413485
-0.0400715
-0.0387808
-0.0381766
-0.0386297
-0.0398381
-0.0410876
-0.0418566
-0.04209
-0.0420763
-0.0420214
-0.0419115
-0.0414858
-0.0405109
-0.0391653
-0.0379569
-0.0374214
-0.0378059
-0.0390417
-0.0406894
-0.04209
-0.042653
-0.042296
-0.0414172
-0.0404972
-0.0397282
-0.0390417
-0.0383826
-0.0379706
-0.0381903
-0.0391378
-0.0404148
-0.0412936
-0.0413348
-0.0407306
-0.0400029
-0.0396321
-0.0397145
-0.039893
-0.0396596
-0.0387945
-0.037696
-0.0370644
-0.0371056
-0.0374901
-0.0377647
-0.0378883
-0.0380942
-0.0383826
-0.0386297
-0.0387259
-0.0387945
-0.038973
-0.039385
-0.0399891
-0.0405796
-0.0408542
-0.0406482
-0.0401676
-0.0398656
-0.0401951
-0.0413623
-0.0429139
-0.0439712
-0.0437377
-0.0422136
-0.0402775
-0.039028
-0.0389044
-0.0394673
-0.039893
-0.0397145
-0.0391103
-0.0386435
-0.0387259
-0.0393438
-0.0402226
-0.0410464
-0.0416506
-0.0419115
-0.0418017
-0.0414172
-0.040964
-0.0406894
-0.0407306
-0.0411151
-0.0417055
-0.0421999
-0.0423646
-0.0422136
-0.0419115
-0.0415682
-0.0411563
-0.0409229
-0.0411837
-0.0419664
-0.042653
-0.0424607
-0.0411288
-0.0391653
-0.0374489
-0.0365975
-0.0366799
-0.0373665
-0.0382178
-0.039028
-0.0397832
-0.0404697
-0.0409091
-0.0409366
-0.040607
-0.040099
-0.0396184
-0.03933
-0.0392888
-0.039385
-0.0394811
-0.0397282
-0.0402912
-0.0411426
-0.0418566
-0.04209
-0.0417879
-0.0412387
-0.0408267
-0.0407993
-0.0410602
-0.0411837
-0.0407993
-0.0400029
-0.0393712
-0.0392751
-0.0395497
-0.0396733
-0.0393026
-0.0385199
-0.0376548
-0.0372292
-0.0376823
-0.0389181
-0.0402363
-0.0408267
-0.0404697
-0.0395635
-0.0386847
-0.0381903
-0.0381217
-0.0383689
-0.0387396
-0.0390966
-0.0394811
-0.0400715
-0.0409503
-0.0419252
-0.0426118
-0.0425981
-0.041733
-0.0403324
-0.0389318
-0.0379981
-0.0376136
-0.0376823
-0.038108
-0.0388632
-0.0398106
-0.0405933
-0.0407169
-0.0399617
-0.0385611
-0.0372841
-0.0367486
-0.0369408
-0.0372978
-0.0373253
-0.0370369
-0.0367623
-0.0368035
-0.037188
-0.0377372
-0.0381492
-0.0382178
-0.0379432
-0.0373939
-0.0366387
-0.0356775
-0.0346889
-0.0341259
-0.0343593
-0.0351283
-0.0358423
-0.0360483
-0.0358149
-0.0354578
-0.0352793
-0.0353068
-0.0354578
-0.0355265
-0.0353755
-0.0349635
-0.0342907
-0.033508
-0.032945
-0.0330137
-0.0337689
-0.0347026
-0.0353068
-0.0355265
-0.035705
-0.0361581
-0.0368035
-0.0372841
-0.0372154
-0.0365426
-0.0356226
-0.0351283
-0.0353892
-0.0361169
-0.0366113
-0.036419
-0.0356913
-0.0350459
-0.0349772
-0.0355128
-0.0361856
-0.0365014
-0.0362131
-0.0353892
-0.0344555
-0.0339062
-0.0341259
-0.0350047
-0.0358286
-0.035856
-0.0348949
-0.0334805
-0.0323134
-0.0317916
-0.0319427
-0.0325056
-0.0330549
-0.0331098
-0.0324919
-0.0315994
-0.0311051
-0.0312973
-0.0319838
-0.0326155
-0.0327528
-0.0322035
-0.0312012
-0.0302812
-0.030034
-0.030597
-0.0317367
-0.0329862
-0.0339199
-0.0342632
-0.0340161
-0.0333432
-0.0325331
-0.0318603
-0.031723
-0.0322997
-0.0333844
-0.0344005
-0.0348949
-0.0348674
-0.0345653
-0.0342495
-0.0341122
-0.0342083
-0.0346065
-0.0352793
-0.0359934
-0.0363092
-0.0359247
-0.0351695
-0.0348399
-0.035348
-0.0363229
-0.0371056
-0.0373939
-0.0372841
-0.0367623
-0.0356913
-0.0343593
-0.0334805
-0.0335217
-0.0342495
-0.0350734
-0.0356638
-0.0361307
-0.0366662
-0.037339
-0.0379432
-0.0382453
-0.038259
-0.0382453
-0.0383551
-0.0383139
-0.0375313
-0.0357874
-0.0336316
-0.0319701
-0.0314895
-0.0322447
-0.0336728
-0.0347301
-0.034579
-0.033302
-0.0317641
-0.0308716
-0.0309128
-0.0316131
-0.032588
-0.0334531
-0.0339886
-0.0342632
-0.0343731
-0.0342907
-0.033714
-0.0325743
-0.0313659
-0.0308854
