LECROYHDO9204-MSöv,30454,Waveform
Segments,1,SegmentSize,2002
Ampl
-0.0134879
-0.0131996
-0.0128151
-0.0124581
-0.0122796
-0.012307
-0.0125679
-0.0130485
-0.0137763
-0.0145452
-0.0150258
-0.0150121
-0.0147787
-0.0146825
-0.01471
-0.0144628
-0.0136527
-0.0124032
-0.0111811
-0.0104671
-0.0105083
-0.0114283
-0.0131035
-0.0151769
-0.0170718
-0.0182527
-0.0184174
-0.0175249
-0.0160007
-0.0145452
-0.0137763
-0.0138449
-0.0144217
-0.0149846
-0.0150807
-0.0146276
-0.0139823
-0.0136939
-0.0139548
-0.0145178
-0.0150121
-0.0152181
-0.0151082
-0.014861
-0.0147787
-0.0148748
-0.0147787
-0.0140509
-0.012719
-0.0113459
-0.0105083
-0.0103572
-0.0108653
-0.0119775
-0.0135566
-0.015067
-0.0157673
-0.015273
-0.0138861
-0.0124306
-0.0116479
-0.0116891
-0.0122933
-0.0131584
-0.0140784
-0.0148061
-0.0149846
-0.0145178
-0.0138449
-0.0134605
-0.0134879
-0.0137076
-0.0140921
-0.01471
-0.0152867
-0.0152593
-0.0142981
-0.0128151
-0.0116891
-0.0115381
-0.0121972
-0.0129661
-0.0131446
-0.0127602
-0.012513
-0.0131309
-0.014559
-0.0159046
-0.0162342
-0.0153828
-0.0139685
-0.0129387
-0.0129112
-0.0138999
-0.0153691
-0.0166186
-0.0172228
-0.0171679
-0.0167971
-0.0165225
-0.0165637
-0.0168109
-0.0169757
-0.0168795
-0.0165363
-0.0160557
-0.0155064
-0.0149022
-0.014353
-0.0141333
-0.0145315
-0.0155613
-0.0168795
-0.0178682
-0.0180879
-0.0175661
-0.016756
-0.016193
-0.0159733
-0.0157398
-0.0151494
-0.0142843
-0.0135154
-0.0131172
-0.0131996
-0.0136527
-0.0142157
-0.0146139
-0.0147375
-0.0144079
-0.0135429
-0.012307
-0.0113047
-0.0109889
-0.0112772
-0.0117578
-0.0122933
-0.0129936
-0.0137351
-0.0140646
-0.0137626
-0.0131996
-0.0129524
-0.0133232
-0.0140097
-0.0144903
-0.0144491
-0.0139411
-0.0133643
-0.0130348
-0.0128838
-0.0126778
-0.0123208
-0.0118951
-0.0114832
-0.0110987
-0.0109614
-0.0113047
-0.012156
-0.0131446
-0.0139136
-0.0142569
-0.0143667
-0.014504
-0.0148061
-0.0151631
-0.0153004
-0.0151631
-0.0149022
-0.0146551
-0.0143805
-0.0139548
-0.0134193
-0.0129799
-0.0128014
-0.0128426
-0.0130211
-0.0133369
-0.0138175
-0.0142569
-0.0141608
-0.0131172
-0.0113184
-0.00956081
-0.00891544
-0.00980797
-0.0118676
-0.0141333
-0.0158085
-0.0164951
-0.0163303
-0.0156849
-0.0149984
-0.014559
-0.0145452
-0.0149297
-0.0155476
-0.0159595
-0.0157536
-0.0149297
-0.0140509
-0.0137626
-0.0143805
-0.01563
-0.0169482
-0.0176897
-0.0174013
-0.0161106
-0.0145178
-0.0136115
-0.0138999
-0.0149709
-0.0158634
-0.015781
-0.01471
-0.013433
-0.0128426
-0.013076
-0.0135703
-0.0137214
-0.0135154
-0.013282
-0.0131721
-0.0130897
-0.0128975
-0.0126366
-0.0123894
-0.0121835
-0.0121011
-0.012156
-0.0121972
-0.0121697
-0.0123208
-0.0129387
-0.0139685
-0.0149434
-0.0155201
-0.0156987
-0.0157124
-0.0157261
-0.0156025
-0.0150945
-0.0141058
-0.0128563
-0.0118814
-0.0116205
-0.0120187
-0.0125679
-0.0127464
-0.012513
-0.012156
-0.01195
-0.0121011
-0.0125542
-0.0130623
-0.0134055
-0.013639
-0.0139548
-0.0144628
-0.0149846
-0.0153142
-0.0154103
-0.0153416
-0.0152181
-0.0150533
-0.0148199
-0.0144766
-0.0140784
-0.0138449
-0.0138724
-0.0139548
-0.0138999
-0.0138312
-0.0140372
-0.0144217
-0.0145178
-0.0140784
-0.0134742
-0.013227
-0.0134605
-0.0139273
-0.0143255
-0.0145452
-0.014504
-0.0141196
-0.0134467
-0.012719
-0.0121697
-0.0120324
-0.0124718
-0.0134742
-0.0146825
-0.0155201
-0.0155476
-0.0148473
-0.0139685
-0.0135429
-0.0136252
-0.0137626
-0.0134742
-0.0129661
-0.0127739
-0.0130211
-0.0131858
-0.0128151
-0.0120873
-0.011593
-0.0117166
-0.0125542
-0.0139823
-0.0157536
-0.0172228
-0.0175661
-0.0163303
-0.0139411
-0.0115656
-0.0102199
-0.0101375
-0.0108103
-0.0117029
-0.0125267
-0.0131172
-0.0132957
-0.0129387
-0.0121972
-0.0115106
-0.0111948
-0.0113733
-0.0119088
-0.0124856
-0.0127327
-0.0124993
-0.0120736
-0.0119088
-0.0120873
-0.0123208
-0.0124581
-0.0125954
-0.01287
-0.0131172
-0.0131858
-0.0132545
-0.0137351
-0.0147512
-0.0159184
-0.0165912
-0.0163852
-0.0155201
-0.0145315
-0.01379
-0.0132545
-0.0127464
-0.0123208
-0.012156
-0.0122384
-0.0123757
-0.0125267
-0.0128426
-0.0133643
-0.0138449
-0.0140372
-0.0138175
-0.0132133
-0.0122521
-0.0111124
-0.0102336
-0.0101101
-0.010879
-0.0122247
-0.0135703
-0.0143805
-0.0142981
-0.0134742
-0.0124444
-0.011799
-0.011799
-0.0122521
-0.0125954
-0.0123482
-0.0114557
-0.0104808
-0.0101512
-0.0107417
-0.0118265
-0.0128288
-0.0135429
-0.0141333
-0.0146825
-0.0149984
-0.014916
-0.0144217
-0.01379
-0.0134605
-0.0137214
-0.0144491
-0.0151631
-0.0154927
-0.0153279
-0.0148473
-0.0143667
-0.0142157
-0.0143255
-0.0142843
-0.0137076
-0.0126503
-0.0115656
-0.0110438
-0.0113321
-0.0122933
-0.0134742
-0.0144217
-0.0150258
-0.0153966
-0.0155476
-0.0153828
-0.0149434
-0.014559
-0.0145315
-0.0147375
-0.0148336
-0.01471
-0.0145864
-0.0145315
-0.0143667
-0.0139411
-0.0133643
-0.0128151
-0.0124169
-0.0122933
-0.0126091
-0.0133094
-0.0141058
-0.0146551
-0.0147924
-0.0144766
-0.0138175
-0.0131996
-0.0130485
-0.0135017
-0.0144217
-0.0156025
-0.0169894
-0.0184174
-0.0194885
-0.019818
-0.0192688
-0.0181153
-0.0168383
-0.0158497
-0.0154927
-0.0160969
-0.0178407
-0.0204634
-0.0230723
-0.0246651
-0.0247338
-0.0237863
-0.0230311
-0.0236765
-0.0262717
-0.0303773
-0.0347713
-0.0382041
-0.0401127
-0.0409091
-0.041527
-0.0427903
-0.0449461
-0.0479532
-0.0515783
-0.0553406
-0.0586773
-0.0612725
-0.0632498
-0.0649387
-0.0666002
-0.0684676
-0.0707745
-0.073658
-0.0768986
-0.0798645
-0.0819517
-0.0829678
-0.0833248
-0.0838191
-0.0850961
-0.0871832
-0.089545
-0.0915772
-0.0928405
-0.0931563
-0.0926483
-0.0917557
-0.0909731
-0.090616
-0.0908083
-0.0916184
-0.0929915
-0.094502
-0.0953808
-0.0950238
-0.0934721
-0.0913301
-0.0894489
-0.0883916
-0.0881856
-0.0882955
-0.0880483
-0.0872519
-0.0861397
-0.0850961
-0.0842036
-0.0832973
-0.0821988
-0.0807845
-0.0790269
-0.0772831
-0.0762944
-0.0766789
-0.0783678
-0.0806197
-0.0824185
-0.082954
-0.0819105
-0.0795624
-0.076775
-0.0746192
-0.0739464
-0.0748938
-0.0766514
-0.077901
-0.0776401
-0.0759786
-0.0739601
-0.0728616
-0.0733147
-0.0750311
-0.0769672
-0.0779284
-0.0774753
-0.0762532
-0.0754568
-0.0758138
-0.0770222
-0.0781481
-0.0783953
-0.0776675
-0.0764592
-0.0753744
-0.0747977
-0.0747565
-0.0752646
-0.0763905
-0.0780108
-0.0796448
-0.0805236
-0.0802353
-0.0790132
-0.0775028
-0.0763768
-0.0761159
-0.0767338
-0.077846
-0.0788209
-0.0793427
-0.0795075
-0.0795624
-0.079535
-0.0793839
-0.0793427
-0.0797547
-0.0805923
-0.0814024
-0.0816496
-0.0810729
-0.0798645
-0.0786013
-0.0778323
-0.0778598
-0.0785738
-0.0796311
-0.0805236
-0.0808806
-0.0805648
-0.0799194
-0.0794526
-0.0793977
-0.0796448
-0.0800568
-0.0806609
-0.0815123
-0.082446
-0.08316
-0.0833385
-0.0828579
-0.0819654
-0.0810866
-0.0806335
-0.080606
-0.0807021
-0.080812
-0.0810729
-0.0815535
-0.0818281
-0.081375
-0.0801529
-0.0788209
-0.0781756
-0.0785326
-0.0794938
-0.0804412
-0.0809218
-0.0807296
-0.0797821
-0.0780383
-0.0758413
-0.0740013
-0.0733559
-0.074015
-0.0753058
-0.0762532
-0.0761983
-0.0751273
-0.0736718
-0.072793
-0.0731362
-0.0744956
-0.0759374
-0.0766377
-0.0764729
-0.0758825
-0.0752234
-0.0746055
-0.074015
-0.0735619
-0.0734521
-0.0738915
-0.074784
-0.0756628
-0.0760198
-0.0757589
-0.0752096
-0.074784
-0.0747016
-0.0748526
-0.0749488
-0.074784
-0.0744819
-0.0744407
-0.0749762
-0.0758825
-0.076418
-0.0759923
-0.0747428
-0.0735619
-0.0732461
-0.0739464
-0.0751685
-0.0763356
-0.0771457
-0.0775577
-0.0778186
-0.0782442
-0.0790132
-0.079686
-0.0795075
-0.0781207
-0.0761571
-0.0747702
-0.0745917
-0.0752234
-0.0757589
-0.0756353
-0.0751135
-0.0747428
-0.0748664
-0.0754431
-0.0761571
-0.0766514
-0.0768025
-0.0768025
-0.0770359
-0.0775851
-0.0780657
-0.0780245
-0.0773242
-0.0761846
-0.0749076
-0.0737816
-0.0730264
-0.0726968
-0.0727792
-0.0732324
-0.0739464
-0.0747428
-0.0753332
-0.0755117
-0.0750861
-0.074015
-0.0727106
-0.0719416
-0.0722849
-0.0734658
-0.0746055
-0.0749213
-0.0741386
-0.0726282
-0.0710766
-0.0702115
-0.0703213
-0.0710766
-0.0718867
-0.0724359
-0.0726968
-0.0726556
-0.0722025
-0.0715571
-0.0712001
-0.0714336
-0.0721888
-0.07315
-0.0738365
-0.0736718
-0.0724359
-0.0706372
-0.069319
-0.069113
-0.0696622
-0.0701291
-0.0700193
-0.0695249
-0.0690443
-0.0688109
-0.0688384
-0.0689482
-0.0688658
-0.0684402
-0.0678497
-0.0674241
-0.0673691
-0.06763
-0.0679184
-0.0680282
-0.0678635
-0.0676163
-0.0675339
-0.0677673
-0.0682067
-0.0686187
-0.0688246
-0.0688658
-0.0688384
-0.0687972
-0.0687148
-0.0684814
-0.0680557
-0.0675888
-0.0672867
-0.0672456
-0.0675339
-0.0682067
-0.0692091
-0.0703763
-0.0713512
-0.071818
-0.0715022
-0.07039
-0.068907
-0.0678085
-0.0675888
-0.0680832
-0.0685912
-0.0686324
-0.0681793
-0.0675751
-0.0671357
-0.0670808
-0.0675339
-0.0684676
-0.0696485
-0.0706372
-0.0710491
-0.0707058
-0.0697721
-0.0688246
-0.0684676
-0.0688384
-0.069319
-0.0691542
-0.0680557
-0.0665727
-0.0656802
-0.0662294
-0.0682205
-0.0706234
-0.0721888
-0.0723398
-0.0715709
-0.0708569
-0.0709118
-0.071873
-0.0731774
-0.073864
-0.0730538
-0.070747
-0.0679184
-0.0658862
-0.0654742
-0.0666551
-0.068756
-0.0709255
-0.0724222
-0.0729577
-0.0726419
-0.0718592
-0.0709392
-0.0700742
-0.0691954
-0.0681381
-0.0668748
-0.0657489
-0.0652408
-0.0655841
-0.0665865
-0.0678085
-0.0687148
-0.0690443
-0.0688796
-0.0687423
-0.0690306
-0.0696622
-0.0701291
-0.0701016
-0.0697172
-0.0691954
-0.0686461
-0.0679458
-0.0669984
-0.0659411
-0.0650074
-0.0643895
-0.0641698
-0.0642384
-0.0644307
-0.0646916
-0.0650898
-0.0655566
-0.0658587
-0.0657489
-0.065282
-0.0646778
-0.0641286
-0.0637029
-0.0633734
-0.0630026
-0.0624946
-0.0619865
-0.0618355
-0.0622337
-0.0629477
-0.0634832
-0.063442
-0.0627555
-0.0617256
-0.0608743
-0.060682
-0.0612588
-0.0622886
-0.0633596
-0.0640599
-0.0639089
-0.0625907
-0.060531
-0.0587185
-0.0579633
-0.0582791
-0.0591304
-0.0600504
-0.0607919
-0.0612313
-0.0611626
-0.060531
-0.0593913
-0.0580731
-0.0572355
-0.0575239
-0.0589931
-0.0608468
-0.0621375
-0.0624534
-0.0619865
-0.0611489
-0.060325
-0.0597483
-0.0593913
-0.0590206
-0.0584851
-0.0579907
-0.0578397
-0.0580045
-0.0582928
-0.0585812
-0.0589244
-0.0593227
-0.0596659
-0.0596797
-0.0592815
-0.0586086
-0.0580731
-0.0580457
-0.0585674
-0.0592403
-0.0597758
-0.0601328
-0.060325
-0.0601053
-0.0592128
-0.0577024
-0.0560821
-0.0549149
-0.0546678
-0.0555466
-0.0575101
-0.0598994
-0.061657
-0.0619453
-0.0608056
-0.0592403
-0.0585125
-0.0592403
-0.0609841
-0.0626044
-0.0631811
-0.0624808
-0.0609567
-0.0593089
-0.0582104
-0.0579495
-0.0583615
-0.0588421
-0.0589931
-0.0587597
-0.0583889
-0.0579633
-0.0576474
-0.0575239
-0.0574827
-0.0572081
-0.0565627
-0.0558349
-0.0554367
-0.0555054
-0.0558349
-0.056137
-0.0563293
-0.0564666
-0.0567
-0.0572218
-0.0580182
-0.0587734
-0.0591853
-0.0592128
-0.0589656
-0.0584301
-0.0576474
-0.0570295
-0.0571943
-0.0583065
-0.059817
-0.0607507
-0.0605173
-0.05946
-0.0584851
-0.0582242
-0.0585537
-0.0589244
-0.0589656
-0.0587048
-0.0582104
-0.0575788
-0.0570158
-0.0566863
-0.0566863
-0.056906
-0.0573866
-0.0581143
-0.0587322
-0.0585812
-0.0574003
-0.0558349
-0.0549287
-0.0551209
-0.055986
-0.0567824
-0.0570845
-0.0568785
-0.0563979
-0.0558075
-0.0551072
-0.0543657
-0.0539675
-0.0543382
-0.0554642
-0.0567137
-0.057414
-0.0572767
-0.0563979
-0.0551484
-0.0542421
-0.0542833
-0.0551484
-0.0559585
-0.0560134
-0.0555466
-0.0554093
-0.055931
-0.0567412
-0.057263
-0.0572492
-0.0568098
-0.0560821
-0.0551896
-0.0542558
-0.0534869
-0.0531162
-0.0532397
-0.0536654
-0.0538988
-0.0535556
-0.052718
-0.0518941
-0.0514821
-0.0514959
-0.0516606
-0.0517842
-0.0518803
-0.0521
-0.0523609
-0.0524983
-0.0523747
-0.0522786
-0.052718
-0.0538302
-0.0550111
-0.0554779
-0.0549149
-0.0537478
-0.052512
-0.0513998
-0.0502463
-0.0489693
-0.0479944
-0.0479532
-0.0489831
-0.0503562
-0.0509604
-0.0503287
-0.0490655
-0.0481867
-0.0480631
-0.0481592
-0.0477473
-0.0466625
-0.0455228
-0.0452619
-0.0463741
-0.048475
-0.0504111
-0.0512624
-0.0509192
-0.0500678
-0.049395
-0.0491753
-0.0492028
-0.049244
-0.0493126
-0.0495186
-0.0499305
-0.0502875
-0.0502601
-0.0497657
-0.0491066
-0.0486672
-0.0486261
-0.0489556
-0.0494911
-0.0500541
-0.0504248
-0.050466
-0.0500541
-0.0491616
-0.047967
-0.046992
-0.0468135
-0.0475413
-0.0486535
-0.0495186
-0.0499717
-0.0503013
-0.0506857
-0.0508642
-0.050521
-0.0495735
-0.0483514
-0.0471705
-0.0461544
-0.0452482
-0.0447539
-0.0452344
-0.0469646
-0.0493813
-0.0513448
-0.0520589
-0.0515783
-0.0504798
-0.0493675
-0.0486672
-0.0485437
-0.0489556
-0.0496284
-0.0502738
-0.0505622
-0.0502875
-0.049546
-0.0488458
-0.0485986
-0.0486672
-0.0485162
-0.0478983
-0.0470882
-0.0465938
-0.0466762
-0.0471019
-0.0474589
-0.047404
-0.0469371
-0.046484
-0.0465526
-0.0472255
-0.0479532
-0.0479807
-0.0471156
-0.0459347
-0.045207
-0.0452756
-0.0459759
-0.0468273
-0.0471705
-0.0465252
-0.0451246
-0.0438201
-0.0435592
-0.0447127
-0.0468273
-0.048832
-0.0496834
-0.0489693
-0.0471431
-0.0450559
-0.0433945
-0.042447
-0.0422685
-0.0427216
-0.0436004
-0.0447127
-0.0457013
-0.0461682
-0.0459622
-0.0453992
-0.0450148
-0.0450285
-0.0451109
-0.0449324
-0.0444792
-0.0439986
-0.0435043
-0.0428452
-0.0421312
-0.0417879
-0.0421724
-0.043216
-0.0443007
-0.0447401
-0.0442595
-0.0432984
-0.0426393
-0.0425569
-0.0427216
-0.0427079
-0.0425981
-0.0428864
-0.0438613
-0.0452207
-0.0463467
-0.0467586
-0.0463879
-0.0454953
-0.0444243
-0.0434906
-0.04301
-0.0432846
-0.0443282
-0.045715
-0.0467586
-0.0470607
-0.0467861
-0.0464703
-0.0464703
-0.0468135
-0.0472392
-0.0473353
-0.046841
-0.0457288
-0.0441222
-0.0422136
-0.040305
-0.0389318
-0.0385748
-0.0392476
-0.0404835
-0.0416231
-0.0423234
-0.0425843
-0.0425294
-0.0423784
-0.0422822
-0.0423372
-0.0424333
-0.0424058
-0.0420763
-0.0415133
-0.0408679
-0.0404011
-0.0402912
-0.0404285
-0.0405521
-0.0405796
-0.0406345
-0.0408679
-0.0412387
-0.0416231
-0.041939
-0.04209
-0.0418703
-0.0410876
-0.0399342
-0.0389044
-0.0383963
-0.0383963
-0.0385886
-0.0387121
-0.0386709
-0.0385748
-0.038616
-0.0388769
-0.03933
-0.0400578
-0.04117
-0.0425569
-0.0436691
-0.0439163
-0.0431885
-0.0419115
-0.0407169
-0.0399479
-0.0396047
-0.0394673
-0.03933
-0.0392614
-0.0395085
-0.0401539
-0.0409091
-0.0413897
-0.0414858
-0.0413485
-0.0410739
-0.0407581
-0.0405521
-0.040662
-0.0410739
-0.041527
-0.0416918
-0.0414446
-0.0408542
-0.04025
-0.0399205
-0.0400578
-0.040607
-0.041376
-0.0420488
-0.0421724
-0.0414446
-0.0401264
-0.0389868
-0.0386435
-0.038973
-0.0393438
-0.03933
-0.0390691
-0.0390554
-0.039536
-0.0402912
-0.0407993
-0.0407306
-0.0403461
-0.040099
-0.0401402
-0.040305
-0.0405109
-0.0408817
-0.041376
-0.0416918
-0.0414584
-0.0405521
-0.0393163
-0.0383277
-0.038108
-0.038616
-0.0392202
-0.0392614
-0.0387671
-0.0383277
-0.0383689
-0.0386435
-0.0386297
-0.0382315
-0.0379295
-0.0382727
-0.0393163
-0.0405384
-0.0412112
-0.0409778
-0.04025
-0.0397557
-0.039742
-0.0399205
-0.0399205
-0.039742
-0.0395085
-0.0392065
-0.0386847
-0.0379981
-0.0373527
-0.0369133
-0.0367211
-0.0366936
-0.0367486
-0.036831
-0.0369271
-0.0369683
-0.0369683
-0.0369683
-0.036982
-0.0369271
-0.0367486
-0.0365151
-0.0365151
-0.0368859
-0.0374351
-0.0377235
-0.0376548
-0.0376411
-0.0379981
-0.0385611
-0.0388632
-0.0386435
-0.0379569
-0.0370369
-0.0360757
-0.0353205
-0.034991
-0.0351008
-0.0354029
-0.035499
-0.0351832
-0.0345241
-0.0338925
-0.0336316
-0.0338925
-0.0346065
-0.0356913
-0.0370095
-0.0381629
-0.0384787
-0.0377921
-0.0366113
-0.0357874
-0.0357187
-0.0362131
-0.0368172
-0.0372292
-0.0373665
-0.037339
-0.0372978
-0.0372154
-0.0369683
-0.0365975
-0.0363641
-0.0365151
-0.0370232
-0.0376274
-0.0379295
-0.0377235
-0.0370781
-0.036268
-0.0355952
-0.035142
-0.0348811
-0.0348125
-0.0349086
-0.0350596
-0.0351146
-0.0351283
-0.0352656
-0.0354716
-0.0354166
-0.0348262
-0.0337689
-0.0326841
-0.0321486
-0.0325331
-0.0337002
-0.0350184
-0.0357462
-0.0357599
-0.0354853
-0.0354166
-0.0356089
-0.0358149
-0.0358286
-0.0357599
-0.035705
-0.0356089
-0.0352519
-0.034634
-0.034071
-0.0339611
-0.0343731
-0.0349086
-0.0350871
-0.0346614
-0.0337552
-0.0326841
-0.0318603
-0.0318465
-0.0328215
-0.0341396
-0.034785
-0.0343868
-0.0334256
-0.0325606
-0.032025
-0.0317916
-0.0320388
-0.0327528
-0.0334256
-0.0332746
-0.0320937
-0.0306657
-0.0300752
-0.030803
-0.0323546
-0.0338101
-0.0346614
-0.0351832
-0.0358698
-0.0367898
-0.0374214
-0.0372429
-0.0362542
-0.0349498
-0.0339062
-0.0335492
-0.0339474
-0.0348399
-0.0357187
-0.0360895
-0.0356913
-0.0346889
-0.0335492
-0.0328352
-0.032794
-0.0332334
-0.0337414
-0.0339611
-0.0338513
-0.0335492
-0.0332883
-0.0332334
-0.0333844
-0.0336453
-0.0339611
-0.034428
-0.0350596
-0.0356226
-0.0356363
-0.0349223
-0.0337002
-0.0323958
-0.031311
-0.0306107
-0.0305146
-0.0310501
-0.0319701
-0.0328215
-0.0332746
-0.0332608
-0.0329588
-0.0326155
-0.0323134
-0.0319564
-0.0314071
-0.0306519
-0.0298967
-0.0294436
-0.0295672
-0.0302812
-0.0312286
-0.0318877
-0.0320113
-0.031874
-0.0319289
-0.0323134
-0.0326979
-0.0327253
-0.0322997
-0.0315719
-0.0308716
-0.0305695
-0.0308854
-0.0316406
-0.0323683
-0.0326704
-0.0325056
-0.0321898
-0.0319976
-0.0318191
-0.0313797
-0.0307068
-0.0302812
-0.0306245
-0.0316818
-0.0326979
-0.0328901
-0.0322447
-0.0314346
-0.0311737
-0.0315582
-0.0320937
-0.0321349
-0.0313934
-0.0300889
-0.0288669
-0.0282764
-0.0283314
-0.0286472
-0.0289218
-0.0291964
-0.0294985
-0.0296907
-0.0296907
-0.0297182
-0.0299791
-0.0303086
-0.0302674
-0.0295809
-0.0285648
-0.0277958
-0.0276997
-0.0282352
-0.0289218
-0.02932
-0.02932
-0.029169
-0.0290316
-0.0289493
-0.0289493
-0.0290316
-0.0291003
-0.0289767
-0.0287296
-0.0286197
-0.0288119
-0.0291278
-0.0293749
-0.0295809
-0.0300066
-0.0307618
-0.0315307
-0.031874
-0.0316406
-0.0312012
-0.0310913
-0.0313522
-0.0314071
-0.0307755
-0.0296907
-0.0288806
-0.0287021
-0.0289904
-0.0293475
-0.0294985
-0.0291964
-0.0282215
-0.0266424
-0.0250633
-0.0242257
-0.0243356
-0.0249947
-0.0255851
-0.0257499
-0.0255302
-0.0250359
-0.0243356
-0.0235666
-0.0230998
-0.023498
-0.0249672
-0.0270269
-0.0287296
-0.0294298
-0.0290454
-0.0280155
-0.0268072
-0.0258185
-0.0252556
-0.0250908
-0.0251045
-0.0252144
-0.0255302
-0.0261893
-0.0270818
-0.0279057
-0.0284137
-0.0284824
-0.0281254
-0.0274526
-0.0267385
-0.0261893
-0.0258735
-0.0258048
-0.0259147
-0.0261206
-0.0263815
-0.0267385
-0.0272329
-0.0277409
-0.0280155
-0.0279606
-0.0277684
-0.0277546
-0.0279881
-0.028249
-0.028194
-0.0277272
-0.0271917
-0.0271642
-0.0279606
-0.0292651
-0.0303773
-0.0309128
-0.0308716
-0.0305421
-0.0301027
-0.0298006
-0.0297869
-0.0301164
-0.0305009
-0.0306657
-0.0306245
-0.0306931
-0.0310501
-0.0315719
-0.0318465
-0.0315719
-0.0307206
-0.0296358
-0.0287158
-0.028249
-0.0282352
-0.0285648
-0.0289355
-0.0290316
-0.0286884
-0.0281528
-0.027892
-0.0280293
-0.0283176
-0.0284
-0.0283039
-0.0282627
-0.0284275
-0.0287433
-0.0290179
-0.0290454
-0.0287707
-0.0284961
-0.028757
-0.0297869
-0.03116
-0.0319976
-0.0315719
-0.0298143
-0.0274663
-0.0256812
-0.0252968
-0.0262854
-0.0277272
-0.0286472
-0.0285922
-0.0277272
-0.02656
-0.0257773
-0.0258597
-0.026615
-0.0274251
-0.0277409
-0.0274663
-0.0268758
-0.0262442
-0.0258735
-0.0259696
-0.0264914
-0.0271642
-0.0276448
-0.0277409
-0.027329
-0.0264364
-0.0254615
-0.0249947
-0.0254341
-0.0265326
-0.0277409
-0.0286884
-0.0291552
-0.0290454
-0.0284137
-0.0275349
-0.0268209
-0.0266287
-0.0270132
-0.0276448
-0.0279881
-0.0275487
-0.0263541
-0.024926
-0.0239923
-0.0239786
-0.0247338
-0.0256263
-0.025997
-0.0255714
-0.0246514
-0.0237589
-0.0233195
-0.0236078
-0.0247338
-0.0263403
-0.0277134
-0.028194
-0.0277546
-0.0268072
-0.0256263
-0.0241433
-0.0225642
-0.0215756
-0.0217541
-0.0230586
-0.0248299
-0.0262991
-0.0269994
-0.0267797
-0.0258597
-0.0246514
-0.0235392
-0.0226878
-0.0223171
-0.0228251
-0.0241845
-0.0257499
-0.0265738
-0.0263541
-0.0255165
-0.024775
-0.0245278
-0.02472
-0.0250633
-0.0252556
-0.0252006
-0.0249535
-0.0244729
-0.0237039
-0.0227428
-0.0219052
-0.021452
-0.0214658
-0.0218502
-0.0224819
-0.0232783
-0.0243081
-0.0256263
-0.026972
-0.0276448
-0.0270132
-0.0251732
-0.0229899
-0.0215481
-0.0213422
-0.022166
-0.0234293
-0.024569
-0.0252556
-0.0255439
-0.0258185
-0.0263678
-0.0271505
-0.0278782
-0.0283725
-0.0285236
-0.0281666
-0.0270132
-0.0250496
-0.0228114
-0.0211911
-0.0207243
-0.0211637
-0.021809
-0.0220837
-0.0220699
-0.0222759
-0.0231272
-0.0245003
-0.0257362
-0.0260794
-0.0252144
-0.0234842
-0.0218228
-0.0211637
-0.0218228
-0.0233744
-0.0250633
-0.0261756
-0.0262854
-0.0253791
-0.0239374
-0.022729
-0.022372
-0.0229899
-0.0243905
-0.0261481
-0.0276311
-0.0280567
-0.0269994
-0.0250633
-0.0235804
-0.0236353
-0.0250496
-0.0264502
-0.0264227
-0.024775
-0.0225368
-0.0210401
-0.0210126
-0.0221249
-0.0235804
-0.0246377
-0.0251457
-0.0254478
-0.0258597
-0.0262579
-0.0261069
-0.0250084
-0.0233195
-0.0218777
-0.0213834
-0.021809
-0.0226604
-0.0232645
-0.0233195
-0.023141
-0.0233057
-0.0241159
-0.0252693
-0.0261481
-0.0262579
-0.0254753
-0.0239786
-0.0221798
-0.0207929
-0.0203398
-0.0207792
-0.0215207
-0.0220699
-0.0224681
-0.0230586
-0.0239648
-0.0248986
-0.0253929
-0.0251045
-0.0241159
-0.0228663
-0.0217678
-0.0209302
-0.0202849
-0.0199004
-0.020024
-0.0207517
-0.021864
-0.0231959
-0.0246651
-0.025997
-0.0267111
-0.026409
-0.0252281
-0.0235941
-0.021864
-0.0204085
-0.0195983
-0.0195571
-0.020024
-0.0206144
-0.0210538
-0.0211774
-0.0208753
-0.0204496
-0.0204771
-0.0212461
-0.0224132
-0.0233195
-0.0235941
-0.0232783
-0.0227428
-0.0224681
-0.0227565
-0.0235117
-0.0242532
-0.024569
-0.0242806
-0.0235529
-0.0226604
-0.0218777
-0.021452
-0.0213971
-0.0216443
-0.0221935
-0.0232233
-0.0247887
-0.0265463
-0.0277821
-0.0277821
-0.0263678
-0.0240747
-0.021809
-0.0203123
-0.0199141
-0.0205595
-0.0218502
-0.0231684
-0.0239648
-0.0242944
-0.0246102
-0.025132
-0.0255851
-0.0254615
-0.0247338
-0.0237451
-0.0229075
-0.0222896
-0.0218777
-0.0215619
-0.021301
-0.0211774
-0.0215344
-0.0226054
-0.0241159
-0.0251869
-0.0250359
-0.0237039
-0.0219052
-0.0205595
-0.0202849
-0.0210126
-0.0219601
-0.022221
-0.0215344
-0.0205183
-0.0198729
-0.0199141
-0.0204222
-0.0208478
-0.0206968
-0.0198867
-0.0189804
-0.0186371
-0.0190216
-0.019667
-0.0201888
-0.0206282
-0.0210264
-0.0211225
-0.0205183
-0.0193786
