LECROYHDO9204-MSöv,30454,Waveform
Segments,1,SegmentSize,2002
Ampl
-0.0123757
-0.0118539
-0.0110987
-0.0105906
-0.0106593
-0.0112772
-0.0120324
-0.0125405
-0.0126641
-0.0125817
-0.0126091
-0.0129661
-0.0135291
-0.0139273
-0.0138999
-0.0136115
-0.0134742
-0.0137488
-0.0143942
-0.0152318
-0.0160557
-0.0166324
-0.0166598
-0.0159733
-0.0148199
-0.0139411
-0.0140646
-0.0153691
-0.0170443
-0.0178819
-0.0171404
-0.0151906
-0.0131721
-0.0120324
-0.0119912
-0.0126778
-0.0136252
-0.0146002
-0.0154652
-0.0160557
-0.016193
-0.015836
-0.0150807
-0.0141608
-0.0133506
-0.0128975
-0.0128151
-0.0128288
-0.0126091
-0.0122521
-0.0120324
-0.0120736
-0.0122247
-0.012307
-0.0123757
-0.0124444
-0.012362
-0.0120324
-0.0114832
-0.0109477
-0.0107829
-0.0111948
-0.0120462
-0.01287
-0.0134193
-0.0138449
-0.0143118
-0.0146963
-0.0146688
-0.0142294
-0.0136527
-0.0131172
-0.0124993
-0.0116617
-0.0107829
-0.0102062
-0.0101787
-0.0108241
-0.0120462
-0.0134467
-0.0144766
-0.0147375
-0.0142157
-0.0133094
-0.0123894
-0.0116891
-0.0113047
-0.0111948
-0.0111948
-0.0112909
-0.011593
-0.0120599
-0.0124306
-0.0124718
-0.012307
-0.0121835
-0.0122384
-0.0125542
-0.0131721
-0.0139548
-0.0144079
-0.0139548
-0.0124032
-0.0102886
-0.00857216
-0.00807784
-0.00884679
-0.0101512
-0.0110987
-0.0113321
-0.0111399
-0.011085
-0.0114969
-0.0123345
-0.0132545
-0.0138312
-0.0137076
-0.0128975
-0.0119088
-0.0113871
-0.0115381
-0.01195
-0.0121011
-0.0120187
-0.0120873
-0.0125405
-0.0131858
-0.0135154
-0.013227
-0.012513
-0.0118265
-0.0114008
-0.0111124
-0.0106593
-0.0100414
-0.00949215
-0.00939603
-0.0100414
-0.0113047
-0.0126091
-0.0131858
-0.0125679
-0.0109614
-0.00925872
-0.00850351
-0.00929992
-0.0113459
-0.013639
-0.0152043
-0.015781
-0.0155476
-0.0148473
-0.0139136
-0.0130073
-0.0124718
-0.0125679
-0.0132682
-0.0142431
-0.0149709
-0.0150258
-0.014353
-0.0132957
-0.0123345
-0.0119088
-0.0121423
-0.0128014
-0.0133506
-0.013282
-0.0125679
-0.0118402
-0.0118402
-0.0127327
-0.0139548
-0.0147649
-0.0147512
-0.0139823
-0.0128014
-0.0116754
-0.0109614
-0.0107966
-0.0110575
-0.0116617
-0.0125679
-0.0134605
-0.0136527
-0.0126641
-0.0107142
-0.0087644
-0.0079268
-0.00870947
-0.0106456
-0.012513
-0.0131584
-0.0124032
-0.0110575
-0.0101238
-0.0101375
-0.0109889
-0.012156
-0.0129661
-0.0128975
-0.0119912
-0.0108653
-0.0102336
-0.0103023
-0.010728
-0.01103
-0.0109477
-0.0104945
-0.00987663
-0.00936857
-0.00923126
-0.009602
-0.0103847
-0.0112635
-0.0118402
-0.0119912
-0.0120462
-0.0123894
-0.0129387
-0.0131721
-0.0128426
-0.0120873
-0.0113047
-0.0107554
-0.0106181
-0.0109751
-0.0117853
-0.012719
-0.0133506
-0.013433
-0.0129936
-0.012362
-0.0120736
-0.0124169
-0.0132545
-0.0140234
-0.0141882
-0.0135978
-0.012513
-0.0114832
-0.0111674
-0.0118676
-0.0132408
-0.0143805
-0.0146688
-0.0143255
-0.014202
-0.014916
-0.0162204
-0.0171542
-0.0168109
-0.0152455
-0.0135291
-0.0127876
-0.0131035
-0.0136527
-0.013584
-0.0127602
-0.0116617
-0.0109065
-0.0108241
-0.0114145
-0.012362
-0.0131996
-0.0137351
-0.0140234
-0.0141196
-0.0138724
-0.0131858
-0.0122796
-0.0115793
-0.0114832
-0.0120462
-0.0130897
-0.0141333
-0.0147512
-0.0148199
-0.014504
-0.0140097
-0.0133918
-0.0127464
-0.0124444
-0.0128426
-0.0137763
-0.0146963
-0.015067
-0.0148199
-0.014202
-0.013639
-0.0135978
-0.0144766
-0.0162891
-0.0185135
-0.0201888
-0.0204771
-0.0191864
-0.0170718
-0.0153416
-0.0148061
-0.015424
-0.01655
-0.0173464
-0.0172228
-0.0160969
-0.0145315
-0.0134193
-0.0132957
-0.0140646
-0.0151494
-0.015987
-0.0163166
-0.0161243
-0.01563
-0.0149846
-0.0142981
-0.0136527
-0.0132133
-0.0131721
-0.0135703
-0.0141333
-0.0144766
-0.0144491
-0.0142157
-0.0142294
-0.0148199
-0.015836
-0.0165912
-0.0165088
-0.0157261
-0.0149572
-0.014861
-0.0153416
-0.0158497
-0.0159595
-0.0155751
-0.014916
-0.0143805
-0.0143393
-0.0147375
-0.0150258
-0.0147649
-0.0141333
-0.0136664
-0.0137214
-0.0141196
-0.014504
-0.0146276
-0.0144491
-0.0140784
-0.013639
-0.013282
-0.0131721
-0.0135291
-0.0144354
-0.0155613
-0.0162342
-0.0160831
-0.0153279
-0.0144491
-0.0137351
-0.0131858
-0.0127876
-0.0125817
-0.0126091
-0.0129524
-0.0137488
-0.0151082
-0.0168246
-0.0184312
-0.0193237
-0.0190491
-0.0175386
-0.0152593
-0.0130073
-0.0115244
-0.0111811
-0.0119088
-0.0131996
-0.0143118
-0.0146276
-0.0142431
-0.0137488
-0.013639
-0.0139273
-0.0142431
-0.0143255
-0.0140921
-0.013584
-0.0130623
-0.0129661
-0.0135566
-0.014559
-0.0152043
-0.0148473
-0.0134605
-0.0117853
-0.0107829
-0.0109065
-0.0118676
-0.0129524
-0.0136527
-0.0139823
-0.0141745
-0.0142706
-0.0142569
-0.0142157
-0.0142431
-0.0142706
-0.0141058
-0.0137076
-0.013282
-0.012925
-0.0126366
-0.0123757
-0.0122933
-0.0125817
-0.0132682
-0.0141333
-0.0148336
-0.0151357
-0.0149984
-0.0145452
-0.0137488
-0.012719
-0.0118676
-0.0117578
-0.0125679
-0.0139411
-0.015273
-0.0160969
-0.0162342
-0.015781
-0.0150121
-0.0143942
-0.0144217
-0.0152318
-0.0164401
-0.0172365
-0.0169619
-0.0155339
-0.0136252
-0.0120599
-0.0112635
-0.0111536
-0.0114694
-0.012005
-0.0126366
-0.013227
-0.0137076
-0.0139823
-0.0140784
-0.0140509
-0.0140646
-0.0141882
-0.0144354
-0.0147512
-0.0150945
-0.015424
-0.0157124
-0.0159321
-0.0162616
-0.0167697
-0.0173189
-0.0176897
-0.017827
-0.0177171
-0.0173052
-0.0164539
-0.0153554
-0.0145727
-0.014559
-0.0151494
-0.015836
-0.0162067
-0.0161655
-0.0157673
-0.0150945
-0.0143118
-0.0135566
-0.0130348
-0.0129799
-0.0135017
-0.0143118
-0.0148336
-0.0146139
-0.0136802
-0.0125817
-0.0118676
-0.0117578
-0.0119912
-0.0121148
-0.0118814
-0.0114694
-0.0111399
-0.0110575
-0.0111124
-0.0113733
-0.0120187
-0.0130623
-0.0141333
-0.0149297
-0.0153828
-0.0154515
-0.0149984
-0.0139548
-0.0126366
-0.0114969
-0.0108241
-0.0105632
-0.0104671
-0.0104396
-0.0104533
-0.0104671
-0.010316
-0.00993155
-0.00946469
-0.00925872
-0.00947842
-0.0100139
-0.0107005
-0.0114694
-0.0122933
-0.0128563
-0.0126915
-0.0116342
-0.0102611
-0.00950588
-0.00987663
-0.0110575
-0.0120873
-0.0121835
-0.0112635
-0.0101101
-0.00962946
-0.0100826
-0.010879
-0.0112635
-0.0109614
-0.0103572
-0.0100277
-0.0102748
-0.0109889
-0.0118402
-0.0125817
-0.0131035
-0.0134055
-0.0133918
-0.0130348
-0.0125542
-0.0121972
-0.0119638
-0.0116342
-0.0109751
-0.00990409
-0.00866828
-0.00785814
-0.00817396
-0.00979424
-0.0120462
-0.0138175
-0.0143942
-0.01379
-0.0126366
-0.0114969
-0.0107692
-0.0106456
-0.0111262
-0.012005
-0.0128975
-0.0134467
-0.0134879
-0.0131309
-0.0126915
-0.0124306
-0.0123208
-0.0122109
-0.0121423
-0.0124444
-0.0133781
-0.0146276
-0.0155888
-0.0158085
-0.015273
-0.0143667
-0.0136527
-0.0134055
-0.0135291
-0.0136252
-0.0134742
-0.0131721
-0.0129936
-0.0131172
-0.0136252
-0.0144628
-0.0153691
-0.0159046
-0.0156849
-0.0146551
-0.013282
-0.0123345
-0.012362
-0.0133094
-0.0145452
-0.0154652
-0.0159046
-0.0161518
-0.0163303
-0.0162754
-0.0157124
-0.0146139
-0.0133232
-0.0123345
-0.0121148
-0.0127464
-0.0138312
-0.0146963
-0.0147787
-0.0138587
-0.0121285
-0.010316
-0.00943723
-0.0100689
-0.0117578
-0.0133369
-0.0138999
-0.0135017
-0.0129387
-0.0127464
-0.0128838
-0.012925
-0.0127739
-0.0126503
-0.01287
-0.0133918
-0.0138312
-0.0137351
-0.0130897
-0.0122247
-0.0115106
-0.0110438
-0.0107829
-0.0107005
-0.0108241
-0.0111948
-0.0118265
-0.0125954
-0.0133232
-0.0136802
-0.0134879
-0.0128151
-0.01195
-0.0112635
-0.0111399
-0.0118951
-0.0134055
-0.0149572
-0.0156987
-0.0151769
-0.0137763
-0.0124169
-0.01195
-0.0125267
-0.0135566
-0.0141333
-0.0138175
-0.0127327
-0.0114145
-0.0102886
-0.00969812
-0.00983543
-0.0106318
-0.0116479
-0.0123894
-0.0126915
-0.012719
-0.0127739
-0.0129524
-0.0131858
-0.0133781
-0.0133781
-0.0131172
-0.0126641
-0.0122384
-0.0121011
-0.0124306
-0.0131172
-0.01379
-0.0139685
-0.0136115
-0.013076
-0.0127739
-0.0128563
-0.0131584
-0.0133643
-0.0131309
-0.0124718
-0.0118676
-0.011799
-0.0122796
-0.0128838
-0.0132957
-0.0134605
-0.0134193
-0.013227
-0.0131446
-0.013433
-0.0141058
-0.0147924
-0.0150396
-0.0147787
-0.0143667
-0.0143393
-0.0148885
-0.0156025
-0.01563
-0.0145315
-0.0127464
-0.0112635
-0.0108515
-0.0115244
-0.0128151
-0.0141745
-0.0152043
-0.0155888
-0.0151357
-0.0138999
-0.0123345
-0.0111674
-0.0110712
-0.0120187
-0.0132957
-0.0140372
-0.0140097
-0.0136802
-0.0136939
-0.0143393
-0.0153966
-0.0163166
-0.0166186
-0.016193
-0.0153966
-0.014861
-0.0149434
-0.0155476
-0.016193
-0.0163852
-0.0158497
-0.01471
-0.0136115
-0.0132545
-0.0138724
-0.0150945
-0.0163028
-0.0169619
-0.0168109
-0.015781
-0.0142431
-0.0129799
-0.0126641
-0.013282
-0.0141608
-0.0145452
-0.0142431
-0.0135703
-0.013076
-0.0129661
-0.0130211
-0.0127876
-0.0119912
-0.0107692
-0.00957454
-0.0089429
-0.00928618
-0.0104259
-0.0116617
-0.0122521
-0.0121835
-0.0120873
-0.0125267
-0.013433
-0.0143255
-0.0147375
-0.0145315
-0.0138175
-0.0129524
-0.0125405
-0.0130485
-0.0144628
-0.0162342
-0.017621
-0.017978
-0.0168795
-0.014504
-0.0116342
-0.00940977
-0.00868201
-0.00956081
-0.0113047
-0.0128151
-0.0132682
-0.0125542
-0.011236
-0.0102336
-0.0101101
-0.0108378
-0.0117853
-0.0122384
-0.012005
-0.0115793
-0.0115381
-0.012005
-0.0127053
-0.0134055
-0.0140509
-0.0147924
-0.0156025
-0.0163852
-0.0168109
-0.0165637
-0.0156163
-0.0144491
-0.0137214
-0.0137351
-0.0142706
-0.0148199
-0.0151906
-0.0154927
-0.0159458
-0.0164539
-0.0166049
-0.016193
-0.015479
-0.0150258
-0.0150258
-0.015273
-0.0155064
-0.0157536
-0.0161243
-0.0164813
-0.0164401
-0.0159184
-0.0151631
-0.0146276
-0.0146551
-0.0153279
-0.0164264
-0.01747
-0.0180467
-0.0180055
-0.0174562
-0.0166461
-0.0159046
-0.0156437
-0.0159184
-0.016344
-0.0164539
-0.016193
-0.0158772
-0.0157124
-0.0155888
-0.015424
-0.0154652
-0.0160145
-0.016907
-0.0175112
-0.0172915
-0.0161792
-0.0147924
-0.0139685
-0.014202
-0.0152455
-0.0164401
-0.0172777
-0.0176897
-0.0178133
-0.0177583
-0.0175936
-0.017264
-0.0165637
-0.0154378
-0.0142569
-0.0138449
-0.01471
-0.0163852
-0.0177446
-0.0179368
-0.0171542
-0.0162616
-0.015987
-0.0163166
-0.016756
-0.0168521
-0.0165225
-0.0159184
-0.015273
-0.0147649
-0.0144903
-0.0143393
-0.0140372
-0.0135978
-0.0134605
-0.0139548
-0.0147375
-0.0150533
-0.0145864
-0.0138999
-0.0136664
-0.0138999
-0.0140509
-0.0138175
-0.0133094
-0.0128975
-0.0126641
-0.0124993
-0.0122247
-0.0117715
-0.0110987
-0.0103023
-0.00950588
-0.00899783
-0.00913514
-0.00994528
-0.0111674
-0.012362
-0.0132957
-0.0138449
-0.0138449
-0.0131172
-0.0117578
-0.0101375
-0.00877813
-0.0081465
-0.00850351
-0.00965693
-0.0110163
-0.0119088
-0.0120873
-0.0118539
-0.0115381
-0.0113871
-0.011442
-0.0117303
-0.0121697
-0.0124993
-0.0125542
-0.0124718
-0.0126091
-0.013227
-0.0141745
-0.0149022
-0.0150258
-0.0145315
-0.0139548
-0.0138587
-0.0144628
-0.0157124
-0.0173327
-0.018898
-0.019818
-0.0195983
-0.0182938
-0.0163989
-0.0146002
-0.0134193
-0.0131584
-0.0137488
-0.0148061
-0.0156712
-0.0159046
-0.0154515
-0.0146551
-0.0138861
-0.0134742
-0.0134605
-0.0136115
-0.0136115
-0.0134605
-0.0133918
-0.0135978
-0.0140372
-0.0146276
-0.0152593
-0.0157261
-0.0157673
-0.0153416
-0.0146825
-0.0140234
-0.0134742
-0.0131446
-0.013227
-0.0137214
-0.014353
-0.0146551
-0.0144079
-0.0138175
-0.0133643
-0.0134055
-0.0139136
-0.0145727
-0.0149572
-0.0148885
-0.0144766
-0.0140372
-0.0139136
-0.0143667
-0.0153142
-0.0162204
-0.0163989
-0.0156849
-0.0145178
-0.0135566
-0.0131172
-0.0131721
-0.0135291
-0.0140509
-0.014559
-0.0148885
-0.0149572
-0.0148199
-0.0146688
-0.0146414
-0.0147787
-0.0150396
-0.0152867
-0.0153691
-0.0151219
-0.0145452
-0.0138587
-0.0134193
-0.0136115
-0.0144079
-0.0153279
-0.0157398
-0.0153691
-0.0144354
-0.0133918
-0.0127327
-0.0126641
-0.0131172
-0.0137214
-0.0140921
-0.0141196
-0.0140097
-0.0140646
-0.0143667
-0.0146688
-0.0147237
-0.0145727
-0.014559
-0.0148748
-0.0151769
-0.0149434
-0.0140921
-0.0131721
-0.0127053
-0.0126641
-0.0127327
-0.0128426
-0.0132682
-0.0141333
-0.0151219
-0.0156163
-0.015273
-0.0142981
-0.0133369
-0.0127876
-0.0125817
-0.0123482
-0.0119226
-0.0114832
-0.0114145
-0.01195
-0.0129799
-0.0140097
-0.0143805
-0.0138724
-0.0130485
-0.0127464
-0.0132408
-0.0139411
-0.0140921
-0.0133781
-0.0121835
-0.0113321
-0.0114969
-0.0127739
-0.0146002
-0.0162616
-0.0172503
-0.0173601
-0.0165637
-0.0150945
-0.0136115
-0.0127602
-0.0127327
-0.0131996
-0.0138449
-0.0145727
-0.0153416
-0.0157536
-0.0153966
-0.014353
-0.0133232
-0.0130485
-0.0137214
-0.0149297
-0.015987
-0.0164401
-0.0163166
-0.0158909
-0.0153966
-0.0147787
-0.0139136
-0.0129112
-0.0122933
-0.0125267
-0.0136252
-0.0149297
-0.0155613
-0.0150945
-0.0138449
-0.0124444
-0.011442
-0.0111124
-0.0114832
-0.0123894
-0.0134879
-0.0144491
-0.0152455
-0.0158772
-0.0161106
-0.0156987
-0.0147787
-0.0140646
-0.0143255
-0.0156575
-0.0173327
-0.01839
-0.0182938
-0.0172228
-0.0157261
-0.0142981
-0.0132682
-0.0128563
-0.0132682
-0.0144491
-0.0159321
-0.0170992
-0.0175798
-0.0173052
-0.0164539
-0.0153554
-0.0144628
-0.0140372
-0.0139273
-0.0137626
-0.0133918
-0.0129524
-0.0126091
-0.0124581
-0.0126641
-0.0133232
-0.0142294
-0.0148061
-0.0145727
-0.0136252
-0.0126641
-0.0123757
-0.0129936
-0.0140921
-0.0149846
-0.0151494
-0.0146276
-0.0137214
-0.0128426
-0.0124306
-0.0128563
-0.0141882
-0.0158497
-0.0168521
-0.0166873
-0.0156025
-0.0142981
-0.0132133
-0.0124306
-0.0118814
-0.0116068
-0.0116205
-0.0118814
-0.012307
-0.0128838
-0.013584
-0.0144079
-0.0150807
-0.0152318
-0.0146688
-0.0138037
-0.0133781
-0.0138037
-0.0147649
-0.0156849
-0.0162616
-0.0164539
-0.0161792
-0.0153554
-0.014147
-0.012925
-0.0121011
-0.0119226
-0.0123482
-0.0130348
-0.0134193
-0.0133094
-0.0129799
-0.012925
-0.0133643
-0.0141608
-0.0149709
-0.0153828
-0.0150396
-0.0140509
-0.0129661
-0.0123757
-0.0123208
-0.0122109
-0.0114969
-0.0102336
-0.00914887
-0.00905275
-0.0101238
-0.0116617
-0.0128014
-0.0133506
-0.0137351
-0.0142294
-0.0145178
-0.0141745
-0.0133094
-0.0124581
-0.0120324
-0.0120873
-0.0123482
-0.0125542
-0.0127464
-0.0132133
-0.0141196
-0.0152181
-0.0160831
-0.0165637
-0.0167148
-0.01655
-0.0160419
-0.0154652
-0.0153828
-0.0161106
-0.0171816
-0.0178682
-0.0178407
-0.0172915
-0.0165912
-0.0159595
-0.0154927
-0.0153554
-0.01563
-0.0161518
-0.0164813
-0.0162754
-0.0155613
-0.0146825
-0.0139273
-0.0134055
-0.0130211
-0.0127876
-0.0128288
-0.013227
-0.0139685
-0.0148885
-0.0156025
-0.0157124
-0.0151082
-0.0142981
-0.0139548
-0.0142981
-0.0149297
-0.015273
-0.0151631
-0.0147237
-0.0141745
-0.0137076
-0.013433
-0.0133232
-0.013282
-0.0134742
-0.0142157
-0.0153828
-0.0163303
-0.0163989
-0.0156025
-0.0145452
-0.0138037
-0.0135978
-0.0138312
-0.0141745
-0.0142981
-0.0139685
-0.0133369
-0.01287
-0.012925
-0.013639
-0.0148473
-0.0161792
-0.017058
-0.0170992
-0.0163577
-0.0152593
-0.0142981
-0.0136939
-0.0133918
-0.0132957
-0.0133232
-0.0135154
-0.0138312
-0.0140784
-0.0141608
-0.0142706
-0.0146825
-0.0152181
-0.0153279
-0.01471
-0.01379
-0.0133506
-0.0137076
-0.0146139
-0.015479
-0.0157948
-0.0151357
-0.0134742
-0.0114145
-0.0101238
-0.0104396
-0.0121423
-0.013996
-0.0147787
-0.0142843
-0.0132408
-0.0125542
-0.0125954
-0.0131721
-0.0139273
-0.0144903
-0.0146276
-0.0143667
-0.0140097
-0.0138861
-0.014147
-0.0148336
-0.0158085
-0.0167285
-0.0170855
-0.0165363
-0.015273
-0.0138449
-0.0127053
-0.0119088
-0.0114832
-0.0115793
-0.0122384
-0.0132408
-0.0142569
-0.0149572
-0.0152455
-0.0150807
-0.0145178
-0.01379
-0.0131721
-0.0130211
-0.0136527
-0.0150258
-0.0166049
-0.0175386
-0.0174013
-0.0164813
-0.0155476
-0.0151769
-0.0154515
-0.0160557
-0.0165088
-0.0163577
-0.0156712
-0.014916
-0.0146002
-0.01471
-0.0148336
-0.0146825
-0.0143942
-0.0142431
-0.0143667
-0.0147375
-0.0151082
-0.015273
-0.0152593
-0.0152043
-0.0151631
-0.0149434
-0.0144628
-0.0138587
-0.0132957
-0.0129387
-0.0128151
-0.0128838
-0.0130485
-0.0132545
-0.0136115
-0.014202
-0.0150533
-0.0158909
-0.0164401
-0.0165637
-0.0163303
-0.0158497
-0.015273
-0.0147787
-0.0146276
-0.014916
-0.0155476
-0.0162204
-0.0166736
-0.0167422
-0.0164401
-0.0159046
-0.0153828
-0.0151769
-0.015424
-0.0158634
-0.0160557
-0.0155476
-0.0143118
-0.012719
-0.0114008
-0.0108378
-0.0111811
-0.012156
-0.0131858
-0.0136939
-0.0135154
-0.0130348
-0.0128014
-0.0131309
-0.0140234
-0.0152318
-0.0163852
-0.0171404
-0.0175112
-0.0177583
-0.0178819
-0.0175386
-0.0165774
-0.0153142
-0.0142157
-0.0134467
-0.012925
-0.0125405
-0.0121835
-0.0117715
-0.011442
-0.0116068
-0.0125954
-0.0142843
-0.0160419
-0.0169482
-0.0164401
-0.0147375
-0.0129799
-0.0122796
-0.0128426
-0.0138861
-0.0145864
-0.0148061
-0.0150258
-0.0156025
-0.0162891
-0.0164539
-0.0156987
-0.0144217
-0.0134605
-0.013227
-0.0134055
-0.0134605
-0.0133094
-0.0131584
-0.0130897
-0.0130623
-0.0130897
-0.0131996
-0.0133232
-0.0132682
-0.0130348
-0.0127602
-0.0124581
-0.0119775
-0.0113321
-0.0107554
-0.0103984
-0.010165
-0.0100277
-0.0101512
-0.0107142
-0.0115381
-0.0122109
-0.0124306
-0.0123345
-0.0122384
-0.0124581
-0.0129524
-0.0134605
-0.0136939
-0.0136252
-0.0134467
-0.0133232
-0.0131996
-0.0129524
-0.0126778
-0.0125405
-0.0126366
-0.0128838
-0.0130073
-0.0128426
-0.0125267
-0.0124581
-0.0129112
-0.0137763
-0.0146276
-0.0150533
-0.0148748
-0.0141058
-0.0129524
-0.0118402
-0.0112497
-0.0113596
-0.0118402
-0.0124444
-0.0131858
-0.0141745
-0.0151357
-0.0156437
-0.0155339
-0.015067
-0.0144766
-0.0136939
-0.0125817
-0.0112772
-0.010316
-0.0101787
-0.0108653
-0.0118951
-0.0128288
-0.0135978
-0.0144491
-0.015479
-0.0166049
-0.0175661
-0.0180879
-0.0180055
-0.0174013
-0.0165774
-0.0157124
-0.0148336
-0.013996
-0.0133232
-0.0128288
-0.0123482
-0.0117303
-0.0113184
-0.0116068
-0.0129112
-0.0149572
-0.0168795
-0.0176897
-0.0169482
-0.0152181
-0.0137626
-0.0135978
-0.0146276
-0.0158497
-0.0162754
-0.0156712
-0.0145727
-0.0136802
-0.0134605
-0.0138724
-0.0144491
-0.0147649
-0.0146551
-0.0142431
-0.0137351
-0.0131858
-0.012719
-0.0126915
-0.0134742
-0.0149709
-0.0165088
-0.0171679
-0.0164401
-0.0146002
-0.0127464
-0.0119226
-0.0124444
-0.0137626
-0.0149846
-0.015479
-0.0150945
-0.0141745
-0.0133232
-0.0130211
-0.0131996
-0.0134055
-0.0133232
-0.0131721
-0.013282
-0.0136664
-0.0141196
-0.0145315
-0.0148885
-0.0150945
-0.015067
-0.0146825
-0.0138999
-0.0128975
-0.0120736
-0.0118265
-0.0121972
-0.0127876
-0.013227
-0.0133369
-0.0132408
-0.0132408
-0.0137214
-0.0148473
-0.016193
-0.0168658
-0.0162891
-0.0147375
-0.0131172
-0.0121972
-0.0122521
-0.0131172
-0.0143942
-0.0155476
-0.0161518
-0.0160694
-0.0156437
-0.0153279
-0.015424
-0.0157261
-0.0156712
-0.0149709
-0.0138312
-0.0128151
-0.0122933
-0.0123208
-0.0128288
-0.0137351
-0.0148199
-0.01563
-0.015836
-0.0155888
-0.0154378
-0.0156712
-0.0160145
-0.0158222
-0.014916
-0.0139136
-0.013639
-0.0141196
-0.0146139
-0.0144628
-0.0139273
-0.0136939
-0.0139823
-0.0144491
-0.0147649
-0.0149709
-0.0152043
-0.0154515
-0.0157261
-0.0161518
-0.016701
-0.0170306
-0.0167422
-0.015836
-0.0149572
-0.0147512
-0.0154103
-0.01655
-0.0174562
-0.0174151
-0.0162067
-0.014147
-0.0120873
-0.0109202
-0.0112223
-0.0128426
-0.0149434
-0.0165088
-0.0170031
-0.0164951
-0.0154652
-0.0143667
-0.0136527
-0.0135291
-0.0138037
-0.0140372
-0.0140234
-0.0140372
-0.0144079
-0.0151769
-0.0160145
-0.0165912
-0.0167834
-0.0165637
-0.0160969
-0.0156025
-0.0153004
-0.0152043
-0.0151357
-0.0150533
-0.0150396
-0.0152318
-0.01563
-0.0159595
-0.0159184
-0.0153691
-0.0145864
-0.0139548
-0.0136527
-0.0133781
-0.01287
-0.012156
-0.0115793
-0.0114969
-0.0120462
-0.0130348
-0.0140784
-0.01471
-0.0147512
-0.0142706
-0.0134742
-0.0125954
-0.0119363
-0.0117853
-0.0121011
-0.0126091
-0.0130897
-0.0137488
-0.0148336
-0.0161381
-0.0170718
-0.0171816
-0.0164676
-0.0153279
-0.0141608
-0.013282
-0.0130623
-0.0136939
-0.015067
-0.0165088
-0.0172777
-0.0170168
-0.0160969
-0.0153004
-0.0151219
-0.0155064
-0.0160694
-0.0165637
-0.0167971
-0.016701
-0.0163577
-0.0160694
-0.0160694
-0.0162479
-0.0164264
-0.0165225
-0.0166461
-0.0167834
-0.0167834
-0.0164401
-0.0157261
-0.0147375
-0.0138724
-0.0136527
-0.0144079
-0.0159733
-0.017621
-0.0183625
-0.0176348
-0.0156575
-0.0135703
-0.0125954
-0.0131172
-0.0146139
-0.0161381
-0.0171267
-0.0173876
-0.0170168
-0.0163028
-0.0157398
-0.0156712
-0.0160694
-0.0165912
-0.0170031
-0.0172777
-0.0175112
-0.0177583
-0.0179506
-0.0180055
-0.0178956
-0.0178133
-0.0177721
-0.0175661
-0.0170168
-0.0163303
-0.0158085
-0.0156163
-0.0157124
-0.0160694
-0.0164539
-0.0164401
-0.01563
-0.0142706
-0.0131996
-0.0131309
-0.0140784
-0.015424
-0.0165088
-0.0171404
-0.01747
-0.0176759
-0.0177721
-0.0178407
-0.018033
-0.0184174
-0.0188294
-0.0189667
-0.0187058
-0.018184
-0.0176348
-0.017113
-0.0167148
-0.0166736
-0.0171542
-0.0179918
-0.0187195
-0.0190628
-0.0192001
-0.0193786
-0.0194885
-0.0193374
-0.0188156
-0.0180467
-0.0172228
-0.0166598
-0.0166049
-0.0170168
-0.0174562
-0.0174974
-0.0170718
-0.0166186
-0.0166598
-0.0173464
-0.0182527
-0.0187607
-0.0184586
-0.0175661
-0.0167285
-0.0165225
-0.0170168
-0.0179231
-0.0187195
-0.0187882
-0.0177446
-0.0159321
-0.0142706
-0.0135978
-0.0141058
-0.0154103
-0.0169345
-0.0181703
-0.0188568
-0.0187607
-0.0177995
-0.016193
-0.0146551
-0.014147
-0.0151082
-0.0170443
-0.0187882
-0.0194335
-0.0188294
-0.01747
-0.0159595
-0.0148473
-0.0144491
-0.014861
-0.015781
-0.016701
-0.0172228
-0.0172915
-0.0169757
-0.016344
-0.0155201
-0.0147787
-0.0143667
-0.0143255
-0.0144766
-0.0145727
-0.0144354
-0.0141608
-0.0140372
-0.0143393
-0.0152318
-0.01655
-0.0178133
-0.0184998
-0.0184174
-0.0177721
-0.0168795
-0.0160145
-0.0156163
-0.0160282
-0.0169894
-0.0176485
-0.0172503
-0.0160694
-0.0151082
-0.0151494
-0.0161518
-0.0174562
-0.0183076
-0.0182389
-0.0172091
-0.0158222
-0.0149709
-0.015273
-0.0165363
-0.0178407
-0.0183762
-0.0180879
-0.0175524
-0.0173876
-0.0176622
-0.0179643
-0.0179918
-0.0177583
-0.0174288
-0.0170168
-0.0163989
-0.0156987
-0.0151357
-0.0148061
-0.0145864
-0.0143942
-0.014202
-0.0140372
-0.013996
-0.0141745
-0.0145178
-0.0147787
-0.01471
-0.0144491
-0.0142843
-0.0144079
-0.0146963
-0.0150258
-0.0154515
-0.015987
-0.0163303
-0.0161381
-0.0153142
-0.0140372
-0.0127327
-0.0120187
-0.0124581
-0.0140509
-0.0160007
-0.0172228
-0.0172365
-0.0164676
-0.0156987
-0.0154378
-0.0156163
-0.0159046
-0.0160694
-0.0160419
-0.0159046
-0.015836
-0.0160007
-0.0163852
-0.0168383
-0.0170718
-0.016907
-0.0165363
