LECROYHDO9204-MSöv,30454,Waveform
Segments,1,SegmentSize,2002
Ampl
-0.012925
-0.013433
-0.012925
-0.0121285
-0.0118814
-0.0124581
-0.0133369
-0.0137076
-0.0132682
-0.0124856
-0.0120187
-0.0122384
-0.0128975
-0.0133918
-0.0131721
-0.0121423
-0.010728
-0.0096432
-0.0094235
-0.010165
-0.0113596
-0.0122796
-0.0124444
-0.0119775
-0.0112909
-0.0108378
-0.0108515
-0.0112909
-0.0118951
-0.012307
-0.0122247
-0.011593
-0.0106868
-0.00991782
-0.00962946
-0.00984916
-0.0102611
-0.0104945
-0.0103984
-0.0101238
-0.00993155
-0.0100002
-0.0103435
-0.0109065
-0.0115656
-0.0120873
-0.0122384
-0.0118127
-0.0107142
-0.00910768
-0.00745994
-0.00648502
-0.0066498
-0.00767963
-0.0087644
-0.00919007
-0.00886052
-0.00833873
-0.008325
-0.00925872
-0.0109751
-0.0128838
-0.0142843
-0.0148473
-0.0146002
-0.01379
-0.0126778
-0.0115381
-0.0106318
-0.0101375
-0.0100139
-0.0100826
-0.0102199
-0.0105906
-0.0114969
-0.0130073
-0.0144766
-0.0150258
-0.0142569
-0.0126778
-0.0112772
-0.0106181
-0.0106868
-0.0112223
-0.0120736
-0.0131584
-0.014202
-0.014861
-0.0148061
-0.0138861
-0.0122933
-0.0107417
-0.010165
-0.0110712
-0.0129799
-0.0146139
-0.0148748
-0.0137626
-0.0123345
-0.0116342
-0.0116891
-0.0117029
-0.0111399
-0.0103709
-0.0102062
-0.0109889
-0.0123757
-0.0138175
-0.0149846
-0.01563
-0.0156163
-0.0150121
-0.014147
-0.0133918
-0.0129661
-0.0128288
-0.0129661
-0.0133643
-0.0140372
-0.0147924
-0.0153279
-0.0155201
-0.0155751
-0.015781
-0.015987
-0.0157673
-0.0150258
-0.0144217
-0.0147512
-0.0161655
-0.0179094
-0.0189804
-0.0188156
-0.0175798
-0.0159321
-0.0147649
-0.0145727
-0.0152318
-0.0158772
-0.0156849
-0.0144217
-0.0126366
-0.0111536
-0.0105769
-0.0109477
-0.0117853
-0.0125267
-0.0130485
-0.0136115
-0.0144217
-0.0152181
-0.0156849
-0.0157673
-0.0157673
-0.0159184
-0.0162479
-0.0165363
-0.0166186
-0.0164951
-0.0163989
-0.01655
-0.016907
-0.0171267
-0.0167834
-0.0157536
-0.0144217
-0.0133094
-0.0126091
-0.0121148
-0.0117715
-0.0118402
-0.0124718
-0.0132682
-0.0135978
-0.0134467
-0.0135429
-0.0144766
-0.0158497
-0.0167148
-0.0164813
-0.0153416
-0.0139136
-0.0126229
-0.0116754
-0.0112086
-0.0112497
-0.0116479
-0.0120462
-0.0121972
-0.0122109
-0.0125267
-0.0135017
-0.0149984
-0.0164264
-0.0171954
-0.0170992
-0.0163303
-0.0153966
-0.0148885
-0.0151494
-0.0159321
-0.0167285
-0.0171404
-0.0172091
-0.0170855
-0.0169207
-0.0167971
-0.0167285
-0.0165363
-0.0160007
-0.0152867
-0.0150396
-0.0156437
-0.0166461
-0.0170855
-0.016701
-0.0161381
-0.0161655
-0.0167697
-0.0172228
-0.0168933
-0.0157948
-0.0144628
-0.0135429
-0.0133918
-0.0140372
-0.0153554
-0.0172365
-0.0194061
-0.0211911
-0.0217541
-0.0207792
-0.0186509
-0.0162891
-0.0146551
-0.014353
-0.0151494
-0.0160557
-0.0161243
-0.0152181
-0.0138999
-0.0128151
-0.0122247
-0.0122521
-0.0129524
-0.0141745
-0.0153828
-0.0160145
-0.0158222
-0.0150121
-0.0140234
-0.0133369
-0.0131721
-0.0134467
-0.0140234
-0.0147375
-0.0153004
-0.0153416
-0.0146688
-0.0136115
-0.01287
-0.0130348
-0.0141608
-0.0156987
-0.0167971
-0.0169482
-0.0162204
-0.0152318
-0.0145178
-0.0143118
-0.014353
-0.0142431
-0.0137214
-0.0129387
-0.0122384
-0.0120187
-0.0122933
-0.01287
-0.0135291
-0.0142843
-0.0150807
-0.0156163
-0.015479
-0.0146276
-0.0134193
-0.0123208
-0.0116479
-0.0116617
-0.0122933
-0.0132545
-0.014202
-0.0149434
-0.0153828
-0.0153004
-0.014559
-0.0134605
-0.0126778
-0.0126091
-0.0131309
-0.0137763
-0.0141196
-0.0140372
-0.0136527
-0.0133918
-0.0135291
-0.0139136
-0.0141608
-0.0141608
-0.0141608
-0.0143942
-0.0148199
-0.0152318
-0.0154103
-0.0151357
-0.014353
-0.0133918
-0.0128288
-0.0129799
-0.0136115
-0.014147
-0.0141745
-0.0136664
-0.0129661
-0.0125954
-0.012719
-0.0130623
-0.013076
-0.0127602
-0.0125679
-0.0128838
-0.0135291
-0.0140372
-0.0142706
-0.014559
-0.0153416
-0.0165637
-0.017621
-0.0177446
-0.0167148
-0.0151631
-0.0141196
-0.0141058
-0.014861
-0.0157673
-0.0163989
-0.0168246
-0.0172915
-0.0178682
-0.0182252
-0.0179918
-0.0170443
-0.0156987
-0.0143805
-0.0135017
-0.0133232
-0.0138037
-0.0145727
-0.0151494
-0.0153554
-0.0153554
-0.0152318
-0.0148885
-0.0142569
-0.0135017
-0.0129661
-0.0128014
-0.0128975
-0.0131309
-0.0134742
-0.0139823
-0.0146139
-0.0151494
-0.0152593
-0.0147512
-0.0138037
-0.0129524
-0.0126778
-0.0129524
-0.0134879
-0.0141882
-0.0149709
-0.0155064
-0.015273
-0.0142294
-0.0129799
-0.0122109
-0.0121148
-0.0123757
-0.0125267
-0.012362
-0.01195
-0.0115518
-0.0114283
-0.011593
-0.0120324
-0.0127876
-0.0138037
-0.0146551
-0.0148336
-0.0143118
-0.0137763
-0.0139823
-0.0150258
-0.0163852
-0.0172503
-0.0171816
-0.0162479
-0.0150396
-0.0142706
-0.0143393
-0.0150533
-0.0157948
-0.0160007
-0.0156575
-0.0151082
-0.0147787
-0.0147375
-0.0147924
-0.0147787
-0.0149297
-0.0156849
-0.0169757
-0.0181153
-0.0184174
-0.0177171
-0.0163989
-0.015067
-0.014353
-0.0145452
-0.0154652
-0.0164951
-0.0171267
-0.0171542
-0.0166873
-0.0161792
-0.0161518
-0.0167697
-0.0175936
-0.0179918
-0.0177995
-0.0172777
-0.0168246
-0.0166598
-0.0168795
-0.0173876
-0.0178407
-0.0178544
-0.0173601
-0.0167285
-0.01655
-0.0171404
-0.0184449
-0.0202299
-0.0224407
-0.0251869
-0.0284961
-0.032025
-0.0352244
-0.037902
-0.0404423
-0.0434219
-0.0471568
-0.0516744
-0.0569746
-0.0631399
-0.0700467
-0.0773654
-0.0846155
-0.0915086
-0.0981819
-0.104855
-0.111625
-0.118449
-0.125383
-0.132524
-0.139746
-0.146749
-0.153313
-0.159492
-0.165684
-0.172262
-0.179278
-0.186474
-0.193435
-0.199779
-0.205313
-0.210105
-0.214622
-0.21936
-0.22433
-0.228985
-0.232665
-0.235027
-0.236373
-0.237293
-0.238322
-0.239641
-0.241
-0.241961
-0.242291
-0.242044
-0.241618
-0.241453
-0.241755
-0.242208
-0.242044
-0.240739
-0.238391
-0.23559
-0.232967
-0.230839
-0.229054
-0.227063
-0.224344
-0.220829
-0.217108
-0.213922
-0.211711
-0.21038
-0.20946
-0.208526
-0.20751
-0.206521
-0.20556
-0.20442
-0.20302
-0.201441
-0.199834
-0.198269
-0.196799
-0.195454
-0.194204
-0.193037
-0.192172
-0.191925
-0.192337
-0.193023
-0.193504
-0.193518
-0.193147
-0.192625
-0.192268
-0.192488
-0.19349
-0.194932
-0.195948
-0.19603
-0.195605
-0.195797
-0.197472
-0.200424
-0.203583
-0.205683
-0.206205
-0.20556
-0.204722
-0.204516
-0.205258
-0.206562
-0.207894
-0.20891
-0.209693
-0.210462
-0.211203
-0.211574
-0.211354
-0.210929
-0.211052
-0.212
-0.213194
-0.213854
-0.213634
-0.212837
-0.211917
-0.211162
-0.210791
-0.210901
-0.2113
-0.211684
-0.211959
-0.212329
-0.212975
-0.21362
-0.213702
-0.212865
-0.211272
-0.209542
-0.208375
-0.208114
-0.20854
-0.209061
-0.209226
-0.209089
-0.209048
-0.209391
-0.210132
-0.210901
-0.211245
-0.210901
-0.209995
-0.208787
-0.207441
-0.206027
-0.204736
-0.204036
-0.204297
-0.205381
-0.206562
-0.207029
-0.20648
-0.205148
-0.203473
-0.201852
-0.200658
-0.200273
-0.200823
-0.20199
-0.203198
-0.203843
-0.203583
-0.202484
-0.201152
-0.200493
-0.201097
-0.202635
-0.204077
-0.204544
-0.204022
-0.203171
-0.202704
-0.202882
-0.203486
-0.204118
-0.204365
-0.204022
-0.203198
-0.202292
-0.201756
-0.201811
-0.202168
-0.20236
-0.202237
-0.202155
-0.202539
-0.203459
-0.204585
-0.205642
-0.206576
-0.207317
-0.207757
-0.207606
-0.2067
-0.205148
-0.203377
-0.202072
-0.20166
-0.202017
-0.202525
-0.202635
-0.202292
-0.201701
-0.200919
-0.199834
-0.19842
-0.197005
-0.196236
-0.196621
-0.198159
-0.200081
-0.201386
-0.201564
-0.200905
-0.200067
-0.199463
-0.199051
-0.198749
-0.198475
-0.198241
-0.198049
-0.197953
-0.198063
-0.198406
-0.198887
-0.199189
-0.199092
-0.198612
-0.198063
-0.197815
-0.198118
-0.198859
-0.19971
-0.200232
-0.200054
-0.199079
-0.197541
-0.195948
-0.194808
-0.194506
-0.195124
-0.19625
-0.197198
-0.197445
-0.19706
-0.196497
-0.196154
-0.196154
-0.196415
-0.196841
-0.197129
-0.196937
-0.196058
-0.19485
-0.193875
-0.19338
-0.193092
-0.192556
-0.191664
-0.190675
-0.190044
-0.189865
-0.189879
-0.189687
-0.189247
-0.188973
-0.189302
-0.190236
-0.191321
-0.192007
-0.191952
-0.191197
-0.190167
-0.189398
-0.189055
-0.188876
-0.188574
-0.188121
-0.187682
-0.187462
-0.187558
-0.187819
-0.18786
-0.187476
-0.186803
-0.18613
-0.185663
-0.185444
-0.18543
-0.185416
-0.185142
-0.184455
-0.183549
-0.182903
-0.182807
-0.183123
-0.183439
-0.183329
-0.182725
-0.182011
-0.181805
-0.182437
-0.18359
-0.184469
-0.18451
-0.183947
-0.18348
-0.183576
-0.184057
-0.18429
-0.1837
-0.182217
-0.180308
-0.178688
-0.17796
-0.178413
-0.179704
-0.181008
-0.18153
-0.181063
-0.180212
-0.179786
-0.180089
-0.180555
-0.180446
-0.179663
-0.178853
-0.178509
-0.178496
-0.178345
-0.17785
-0.177287
-0.176985
-0.176862
-0.176505
-0.175681
-0.174582
-0.173649
-0.173209
-0.173333
-0.173813
-0.174225
-0.174294
-0.173951
-0.173498
-0.173292
-0.173456
-0.173827
-0.174047
-0.173868
-0.173292
-0.172715
-0.172564
-0.172976
-0.173717
-0.174404
-0.17461
-0.173868
-0.171946
-0.169296
-0.167126
-0.166577
-0.167662
-0.169337
-0.170408
-0.170326
-0.169227
-0.167483
-0.16552
-0.163803
-0.162636
-0.162087
-0.162005
-0.16221
-0.162499
-0.162719
-0.162828
-0.162897
-0.162938
-0.162911
-0.162979
-0.163391
-0.164174
-0.164819
-0.164792
-0.164284
-0.163845
-0.163721
-0.163378
-0.162362
-0.160879
-0.15967
-0.159231
-0.159409
-0.159602
-0.159382
-0.158736
-0.157968
-0.157377
-0.157212
-0.157624
-0.158352
-0.158915
-0.158901
-0.158311
-0.157611
-0.157226
-0.157391
-0.157954
-0.158558
-0.158791
-0.158462
-0.157775
-0.157185
-0.157034
-0.157295
-0.157748
-0.158146
-0.158421
-0.158572
-0.158489
-0.158036
-0.156993
-0.155386
-0.153519
-0.151981
-0.151171
-0.151171
-0.151843
-0.152846
-0.153683
-0.153917
-0.153574
-0.153066
-0.15275
-0.152516
-0.152022
-0.151171
-0.150319
-0.14977
-0.149578
-0.149605
-0.149797
-0.150182
-0.150827
-0.151706
-0.152544
-0.152791
-0.151898
-0.149935
-0.147573
-0.145815
-0.145252
-0.145761
-0.146694
-0.147477
-0.148026
-0.148644
-0.149427
-0.150072
-0.150017
-0.149056
-0.147642
-0.146447
-0.145939
-0.145925
-0.145788
-0.145074
-0.143948
-0.143152
-0.143193
-0.143907
-0.144676
-0.145033
-0.145088
-0.145211
-0.145733
-0.146557
-0.147312
-0.1476
-0.147353
-0.146886
-0.146653
-0.1469
-0.147477
-0.147889
-0.1476
-0.146433
-0.144827
-0.143687
-0.143715
-0.144717
-0.145761
-0.145994
-0.145184
-0.143646
-0.141957
-0.140721
-0.140433
-0.141147
-0.142341
-0.143412
-0.144085
-0.144387
-0.144442
-0.144291
-0.143948
-0.143385
-0.142589
-0.141669
-0.140762
-0.139925
-0.13895
-0.137824
-0.136794
-0.136313
-0.136684
-0.137865
-0.139321
-0.140337
-0.140405
-0.139623
-0.138497
-0.137549
-0.137014
-0.136959
-0.137288
-0.13759
-0.137261
-0.136066
-0.134391
-0.133032
-0.132675
-0.133416
-0.134611
-0.135311
-0.134927
-0.133732
-0.132606
-0.132386
-0.133155
-0.134199
-0.134666
-0.134281
-0.133526
-0.133073
-0.133238
-0.133636
-0.133567
-0.132606
-0.130917
-0.129173
-0.128157
-0.128281
-0.129269
-0.130189
-0.130258
-0.129448
-0.128294
-0.127292
-0.126551
-0.126029
-0.125727
-0.125589
-0.125562
-0.125672
-0.12585
-0.125905
-0.125644
-0.125136
-0.124752
-0.124793
-0.12526
-0.125891
-0.126496
-0.126949
-0.127017
-0.126482
-0.125342
-0.124024
-0.123077
-0.122761
-0.122967
-0.123365
-0.123626
-0.123681
-0.123543
-0.123228
-0.122857
-0.12272
-0.122967
-0.123516
-0.123955
-0.123983
-0.12364
-0.123214
-0.12298
-0.122829
-0.122459
-0.121717
-0.120921
-0.120646
-0.121154
-0.122157
-0.122953
-0.123063
-0.122623
-0.122088
-0.1218
-0.121772
-0.121855
-0.122115
-0.122692
-0.123489
-0.124038
-0.123887
-0.12298
-0.121813
-0.120935
-0.12066
-0.120866
-0.121182
-0.12114
-0.12055
-0.119671
-0.119081
-0.119122
-0.119534
-0.119767
-0.119506
-0.118985
-0.118504
-0.118147
-0.11779
-0.117392
-0.116966
-0.116541
-0.11606
-0.115524
-0.114948
-0.114385
-0.113835
-0.113327
-0.112902
-0.112737
-0.113039
-0.113739
-0.114495
-0.114975
-0.115112
-0.114852
-0.114165
-0.113218
-0.112504
-0.112462
-0.112888
-0.113108
-0.112641
-0.111693
-0.110856
-0.110567
-0.110911
-0.111487
-0.111817
-0.11168
-0.111199
-0.110595
-0.110046
-0.10962
-0.109483
-0.10984
-0.110677
-0.111584
-0.111844
-0.111034
-0.109428
-0.107849
-0.10719
-0.107835
-0.109304
-0.11054
-0.110856
-0.110513
-0.110499
-0.111529
-0.113273
-0.114508
-0.114083
-0.111776
-0.108576
-0.105981
-0.104938
-0.105281
-0.106173
-0.106833
-0.107066
-0.107066
-0.107025
-0.10697
-0.106846
-0.10664
-0.106503
-0.106654
-0.107148
-0.107711
-0.108
-0.107807
-0.107245
-0.106476
-0.105569
-0.104567
-0.103674
-0.103249
-0.103537
-0.104306
-0.105006
-0.10513
-0.104732
-0.104182
-0.103606
-0.102864
-0.101931
-0.101065
-0.100667
-0.100873
-0.10145
-0.10215
-0.102741
-0.103043
-0.103002
-0.102672
-0.102315
-0.102191
-0.102342
-0.10259
-0.102713
-0.102535
-0.101917
-0.101024
-0.100159
-0.0996237
-0.0994315
-0.0994727
-0.0996649
-0.0999395
-0.100228
-0.100393
-0.100448
-0.10064
-0.101244
-0.102068
-0.102356
-0.101409
-0.0995276
-0.097921
-0.0976601
-0.0986488
-0.099967
-0.10075
-0.100791
-0.100228
-0.0990882
-0.0973581
-0.0954632
-0.0942685
-0.0945157
-0.09593
-0.0973169
-0.097564
-0.0965479
-0.0951611
-0.094502
-0.0949963
-0.0962596
-0.0974267
-0.0978249
-0.0972207
-0.0959849
-0.0946667
-0.0936918
-0.093225
-0.0932387
-0.0935408
-0.093733
-0.0934859
-0.0927993
-0.0920716
-0.091742
-0.0919892
-0.0927032
-0.0934721
-0.093733
-0.09317
-0.0919617
-0.0906847
-0.0899432
-0.0901904
-0.0914536
-0.09317
-0.0943097
-0.09409
-0.0927993
-0.091385
-0.0906847
-0.0908495
-0.0916047
-0.092456
-0.0928542
-0.0923599
-0.0910966
-0.089751
-0.0889958
-0.0888859
-0.0889408
-0.0886937
-0.0881444
-0.0876638
-0.0875952
-0.0878286
-0.0879934
-0.0878973
-0.0877462
-0.0878835
-0.0883229
-0.0888859
-0.0893665
-0.0896137
-0.0893528
-0.0883367
-0.0867301
-0.0852334
-0.0844919
-0.0846842
-0.0855767
-0.086785
-0.0880346
-0.0890507
-0.0896137
-0.0895999
-0.0891331
-0.0885426
-0.0882543
-0.0884602
-0.0890095
-0.0895038
-0.089545
-0.0891605
-0.0885701
-0.0881032
-0.0877874
-0.0873206
-0.0863456
-0.0850137
-0.0839701
-0.083723
-0.084231
-0.085
-0.0854806
-0.0853845
-0.0847803
-0.0840251
-0.083517
-0.0833522
-0.0832424
-0.0828717
-0.0823911
-0.0821851
-0.0824048
-0.0826794
-0.0825833
-0.0819105
-0.0807708
-0.0795624
-0.0789583
-0.0793977
-0.0808532
-0.0826657
-0.0841898
-0.0848627
-0.0844095
-0.0829815
-0.0812514
-0.0799606
-0.07948
-0.0795899
-0.0799606
-0.0804824
-0.0811827
-0.0819791
-0.0826245
-0.0828305
-0.0825284
-0.0820066
-0.0815123
-0.0810591
-0.0805236
-0.0800018
-0.0796997
-0.0796723
-0.0798371
-0.0800705
-0.0803726
-0.0805785
-0.0803588
-0.0795624
-0.0785463
-0.0779559
-0.0782168
-0.079178
-0.0802765
-0.0809905
-0.0810042
-0.0804138
-0.0796997
-0.0793977
-0.0796311
-0.0800293
-0.0801117
-0.0797409
-0.0791368
-0.0786013
-0.0783129
-0.0783541
-0.0786013
-0.0787523
-0.078615
-0.0782442
-0.0778872
-0.0777087
-0.0777774
-0.0780795
-0.0785738
-0.0790681
-0.0793565
-0.0791917
-0.0785189
-0.0776538
-0.0771457
-0.0772968
-0.077695
-0.0774616
-0.0762807
-0.0746192
-0.0733697
-0.0730264
-0.0735207
-0.0743034
-0.0748801
-0.0750174
-0.0748114
-0.0745505
-0.0744956
-0.0746467
-0.0748801
-0.075141
-0.0755941
-0.0763493
-0.0770771
-0.0772419
-0.076624
-0.075649
-0.0750174
-0.0748526
-0.0746604
-0.0739876
-0.0731362
-0.0729715
-0.0741249
-0.0762258
-0.078203
-0.0791505
-0.0788484
-0.0776675
-0.0764043
-0.0757864
-0.0760884
-0.0768574
-0.0772968
-0.076775
-0.0753607
-0.0737129
-0.0727518
-0.0729852
-0.0741386
-0.0752371
-0.0753195
-0.0741798
-0.0725458
-0.0714885
-0.0716807
-0.0729852
-0.0747016
-0.076061
-0.0766789
-0.0765965
-0.0760198
-0.0750723
-0.0738503
-0.0724634
-0.0711315
-0.0701703
-0.0699231
-0.0705822
-0.071873
-0.0731912
-0.0740013
-0.0742622
-0.0742897
-0.0743858
-0.0746192
-0.0747153
-0.0743446
-0.0733559
-0.0720652
-0.0710491
-0.0707333
-0.0710354
-0.0715983
-0.0719965
-0.0722574
-0.0726282
-0.0732049
-0.0736031
-0.0732735
-0.0720377
-0.0704724
-0.0694288
-0.0693602
-0.070033
-0.0709118
-0.0714198
-0.0712688
-0.0704861
-0.0693602
-0.0682342
-0.0674103
-0.0671357
-0.067685
-0.0691954
-0.0713649
-0.073301
-0.0740562
-0.0732049
-0.0712276
-0.0692091
-0.0681793
-0.0684402
-0.0693739
-0.0699918
-0.0697446
-0.0688109
-0.0677673
-0.0670945
-0.0669709
-0.0673554
-0.0680008
-0.0685637
-0.068907
-0.0692503
-0.0697721
-0.0703488
-0.0707195
-0.0707882
-0.0705548
-0.0700193
-0.0692366
-0.0683852
-0.0677124
-0.0672867
-0.0669435
-0.0665178
-0.0659823
-0.0655292
-0.0654056
-0.0657626
-0.0664629
-0.0671357
-0.0673966
-0.0672181
-0.0669572
-0.067067
-0.0675202
-0.0677399
-0.0672867
-0.0662157
-0.0650623
-0.0643345
-0.0642659
-0.0648014
-0.0657351
-0.0667238
-0.0672318
-0.066916
-0.0660097
-0.0651859
-0.0649524
-0.0651447
-0.0652545
-0.0650074
-0.0647053
-0.0647327
-0.0652271
-0.0659136
-0.066408
-0.0665865
-0.0665315
-0.0663393
-0.0660784
-0.0658724
-0.0657763
-0.065639
-0.0651309
-0.0640462
-0.0625632
-0.0610253
-0.0597209
-0.0588833
-0.058897
-0.0599955
-0.0617943
-0.0633596
-0.0638951
-0.0634146
-0.0626044
-0.0622199
-0.0625358
-0.0633322
-0.0641972
-0.0648151
-0.0650348
-0.0647465
-0.0638677
-0.0625907
-0.061451
-0.0609292
-0.0609429
-0.0609704
-0.0605859
-0.0599406
-0.0595149
-0.0595286
-0.0598032
-0.0600092
-0.0599406
-0.0595561
-0.0591304
-0.0590206
-0.0594737
-0.06038
-0.0614235
-0.0622611
-0.0627829
-0.0629752
-0.0628653
-0.0624122
-0.0617256
-0.0609841
-0.0605035
-0.0603388
-0.0602015
-0.0596934
-0.0588283
-0.058128
-0.0581555
-0.0589931
-0.0601465
-0.060888
-0.0606546
-0.0594188
-0.0577436
-0.056549
-0.056343
-0.0568236
-0.0570845
-0.0564528
-0.0550111
-0.053377
-0.0522099
-0.051949
-0.0527317
-0.054297
-0.0560409
-0.0573454
-0.0578671
-0.0576474
-0.0570021
-0.0561919
-0.0553955
-0.0548463
-0.0548875
-0.055629
-0.0566588
-0.0572492
-0.0569746
-0.0560546
-0.0550797
-0.0544481
-0.0541323
-0.0538164
-0.0533359
-0.0528003
-0.0524296
-0.0522648
-0.0522786
-0.0524708
-0.0529926
-0.0539812
-0.0551758
-0.0561507
-0.0567
-0.0568785
-0.0567824
-0.0563704
-0.0557251
-0.0551209
-0.0548737
-0.0549836
-0.0552582
-0.0554642
-0.0553406
-0.0548188
-0.0542284
-0.053995
-0.054297
-0.0549287
-0.0556152
-0.0561507
-0.056343
-0.055931
-0.0548737
-0.0535281
-0.0525257
-0.0522648
-0.052663
-0.0533221
-0.0538164
-0.0539263
-0.0537753
-0.0535967
-0.0535006
-0.0534594
-0.0535006
-0.0537753
-0.0542558
-0.0547776
-0.0551484
-0.0552445
-0.0549561
-0.0541735
-0.0531985
-0.0524983
-0.0523747
-0.0526356
-0.053075
-0.0536791
-0.0543794
-0.0548051
-0.0545717
-0.0537615
-0.0529239
-0.0525944
-0.0530338
-0.05394
-0.054709
-0.0547227
-0.0540224
-0.0532947
-0.0533221
-0.0540773
-0.0546815
-0.0542558
-0.0526356
-0.050466
-0.0485986
-0.0475413
-0.0473216
-0.0476649
-0.0484201
-0.0495049
-0.0507956
-0.0519353
-0.0526081
-0.052663
-0.0522099
-0.0517156
-0.0517293
-0.0523884
-0.0531299
-0.053075
-0.0518666
-0.0500678
-0.0488046
-0.0487771
-0.0498756
-0.0512487
-0.0518941
-0.051386
-0.0501914
-0.0490792
-0.0485437
-0.0484064
-0.0482004
-0.0474589
-0.0461407
-0.0448774
-0.044644
-0.0459622
-0.0482416
-0.0501777
-0.0509054
-0.0504386
-0.0492852
-0.0478846
-0.0466076
-0.0458661
-0.0460309
-0.0470332
-0.0482965
-0.0491204
-0.0491341
-0.0485437
-0.0478983
-0.0475413
-0.0472667
-0.0465664
-0.0452894
-0.0437515
-0.0423921
-0.0414721
-0.0411151
-0.041376
-0.0421999
-0.0433258
-0.044438
-0.0452756
-0.0457974
-0.046278
-0.0469371
-0.0477473
-0.0482416
-0.0478434
-0.046484
-0.0447951
-0.0436416
-0.0435043
-0.0441909
-0.0450834
-0.0455777
-0.0453443
-0.0444243
-0.0431198
-0.0417742
-0.0406482
-0.0399479
-0.0398518
-0.0404972
-0.0418154
-0.0434769
-0.0449186
-0.045564
-0.0452207
-0.0442458
-0.0433121
-0.0427903
-0.0426667
-0.0427628
-0.0429825
-0.0431885
-0.0431061
-0.0425569
-0.0418017
-0.0413348
-0.0413897
-0.0417879
-0.0421724
-0.042296
-0.0421724
-0.0420488
-0.0421037
-0.0424196
-0.0429688
-0.0436416
-0.0442595
-0.0445067
-0.0443831
-0.0440673
-0.0438201
-0.0436279
-0.0434357
-0.0432572
-0.0431473
-0.0429688
-0.0425294
-0.0418291
-0.0412387
-0.0411837
-0.0416918
-0.0425157
-0.0434357
-0.0443831
-0.0451795
-0.0455365
-0.045207
-0.0442458
-0.0430375
-0.0419802
-0.0412799
-0.0408542
-0.0407032
-0.0410327
-0.0418978
-0.0429551
-0.0434906
-0.0430924
-0.0420214
-0.0408267
-0.0399205
-0.0396321
-0.0400853
-0.0411014
-0.0420625
-0.0424196
-0.0422685
-0.0420763
-0.0421861
-0.0424882
-0.0427216
-0.0427491
-0.0425019
-0.0420351
-0.0414996
-0.0411563
-0.04117
-0.0414721
-0.0417467
-0.0416369
-0.0410327
-0.0402638
-0.0397969
-0.0398381
-0.0401951
-0.0408405
-0.0418566
-0.043161
-0.0441222
-0.0441085
-0.0431748
-0.0419527
-0.0410602
-0.0404972
-0.0399754
-0.0394536
-0.0394124
-0.0402363
-0.0417055
-0.0429963
-0.0433945
-0.0427766
-0.0416369
-0.0406482
-0.0403599
-0.0408405
-0.0417193
-0.0424882
-0.0429551
-0.0434082
-0.0439849
-0.0443145
-0.04393
-0.0430237
-0.0423372
-0.0423784
-0.042859
-0.0431885
-0.04301
-0.0423784
-0.0414034
-0.0402363
-0.0392614
-0.0388769
-0.039179
-0.0399067
-0.040607
-0.0409915
-0.0410739
-0.0411288
-0.0413211
-0.0414996
-0.0413897
-0.0410602
-0.0408817
-0.04117
-0.0418703
-0.0426667
-0.043161
-0.0429276
-0.0418978
-0.0404697
-0.0392888
-0.0387671
-0.0387945
-0.0391515
-0.0397008
-0.0403324
-0.0408267
-0.0408817
-0.0403873
-0.0394536
-0.0383414
-0.0373527
-0.0366936
-0.0364465
-0.0365426
-0.0367623
-0.0368859
-0.0368584
-0.0367623
-0.0367623
-0.0369957
-0.0375313
-0.0382453
-0.0388083
-0.0387808
-0.0380118
-0.0368172
-0.0358972
-0.0358149
-0.0365289
-0.0376136
-0.0386847
-0.0396184
-0.0402912
-0.0404285
-0.0397832
-0.0384238
-0.0368035
-0.0355402
-0.0351969
-0.0359247
-0.0374214
-0.039028
-0.0401402
-0.0405247
-0.0401264
