LECROYHDO9204-MSöv,30454,Waveform
Segments,1,SegmentSize,2002
Ampl
-0.013433
-0.0125817
-0.0130073
-0.0142569
-0.0150807
-0.0147512
-0.0136115
-0.0125817
-0.0123757
-0.0130485
-0.0141058
-0.0149709
-0.0152867
-0.0152043
-0.0152181
-0.0157948
-0.016907
-0.017978
-0.0182252
-0.017264
-0.0153691
-0.0133506
-0.0118402
-0.01103
-0.0107692
-0.0109477
-0.0114832
-0.0122109
-0.0129524
-0.0137351
-0.0144491
-0.01471
-0.0141196
-0.012925
-0.0119775
-0.0119363
-0.0126366
-0.0135017
-0.0142294
-0.0148473
-0.0152455
-0.0150533
-0.0141196
-0.0128426
-0.0120462
-0.012307
-0.0134467
-0.0147512
-0.0155201
-0.0156163
-0.015479
-0.0154927
-0.0156575
-0.0156712
-0.0151769
-0.0140646
-0.0125679
-0.0113184
-0.0110575
-0.0121423
-0.0141058
-0.0159184
-0.0165637
-0.0157673
-0.0141196
-0.0126503
-0.0120599
-0.0124032
-0.0132545
-0.0141608
-0.0147237
-0.0146276
-0.0137351
-0.0123894
-0.0112086
-0.0106181
-0.0105906
-0.0109751
-0.0117578
-0.0128975
-0.0140784
-0.0148061
-0.0148473
-0.0145315
-0.0143805
-0.0145864
-0.0148336
-0.0146551
-0.01379
-0.0125542
-0.0115793
-0.0114008
-0.0120873
-0.013282
-0.0143805
-0.0148885
-0.0146551
-0.0140097
-0.0134193
-0.0130897
-0.01287
-0.012513
-0.0120736
-0.011799
-0.0119088
-0.0124169
-0.0130211
-0.0133094
-0.0130073
-0.0122933
-0.0116068
-0.0112223
-0.0111399
-0.0112086
-0.0112909
-0.0113184
-0.0112909
-0.0115244
-0.012362
-0.0137763
-0.0151494
-0.015836
-0.0156437
-0.0149709
-0.0143255
-0.0139273
-0.0138037
-0.0137626
-0.0136939
-0.0137214
-0.0140921
-0.0147787
-0.0153416
-0.0154515
-0.0151219
-0.0145315
-0.0137214
-0.0128426
-0.0123757
-0.0127327
-0.0138449
-0.0151357
-0.0158772
-0.0157261
-0.0148473
-0.0138999
-0.013584
-0.0141608
-0.0152181
-0.015987
-0.0159184
-0.0151631
-0.0144079
-0.0143942
-0.015273
-0.01655
-0.0174837
-0.0176897
-0.0171404
-0.0160007
-0.014504
-0.0130211
-0.0119088
-0.0114557
-0.0116617
-0.012362
-0.0132545
-0.0138999
-0.0139136
-0.0132133
-0.0121972
-0.0114969
-0.0116617
-0.0126915
-0.0140921
-0.0151219
-0.0153142
-0.0148061
-0.0140921
-0.013433
-0.0127739
-0.0120462
-0.0114694
-0.0113047
-0.0115518
-0.0118814
-0.012005
-0.0119363
-0.0119226
-0.0121835
-0.0126229
-0.0129661
-0.0130623
-0.0130211
-0.0130485
-0.0131996
-0.0133643
-0.0134605
-0.0135291
-0.0135566
-0.0134467
-0.0131035
-0.0125817
-0.0119638
-0.0114145
-0.011236
-0.011593
-0.0123482
-0.013076
-0.0134605
-0.0135154
-0.0135978
-0.0139548
-0.014559
-0.0152043
-0.0156712
-0.0158085
-0.0155201
-0.0148199
-0.0138175
-0.0128151
-0.0121423
-0.0119775
-0.0121972
-0.012513
-0.0128426
-0.0133369
-0.0140646
-0.0148336
-0.0152043
-0.0150258
-0.014353
-0.0132682
-0.0118951
-0.0105083
-0.0096432
-0.00971185
-0.0108515
-0.0127464
-0.0147649
-0.016193
-0.0166598
-0.0162342
-0.0153416
-0.0144903
-0.0139548
-0.0137214
-0.0136939
-0.0138037
-0.014147
-0.0147237
-0.0153004
-0.0154652
-0.0149297
-0.0138037
-0.0126229
-0.0119363
-0.0119638
-0.0124718
-0.0131172
-0.0135566
-0.0136527
-0.0135154
-0.0133369
-0.0132408
-0.0131446
-0.0129112
-0.0125954
-0.0123757
-0.0123894
-0.0124856
-0.012307
-0.0115244
-0.0102062
-0.00891544
-0.00837993
-0.00895664
-0.0103572
-0.0118265
-0.0126641
-0.0126503
-0.0120873
-0.0113047
-0.0104533
-0.00958827
-0.00903902
-0.00924499
-0.0103023
-0.011799
-0.0131584
-0.013996
-0.0139685
-0.0129799
-0.0113184
-0.00965693
-0.00853097
-0.00803665
-0.00802291
-0.00839366
-0.00924499
-0.010522
-0.012005
-0.0133232
-0.0140921
-0.0141058
-0.0135978
-0.0129936
-0.0125679
-0.0122933
-0.0121697
-0.0124169
-0.0133232
-0.0146276
-0.01563
-0.0157261
-0.0149572
-0.0138724
-0.0129387
-0.0122247
-0.0116205
-0.0111674
-0.0111262
-0.0116479
-0.0124306
-0.0129799
-0.0129524
-0.0124444
-0.0117303
-0.0110163
-0.0104808
-0.0104121
-0.0108927
-0.0116068
-0.0121148
-0.0121423
-0.0118676
-0.0116617
-0.011593
-0.0114557
-0.0110438
-0.0104945
-0.010316
-0.0108515
-0.0119775
-0.0131172
-0.0138587
-0.0142431
-0.0144766
-0.014504
-0.0140372
-0.0129387
-0.0115244
-0.0104259
-0.0101238
-0.0105357
-0.0110438
-0.011085
-0.0106868
-0.0103435
-0.0104671
-0.0109751
-0.0116617
-0.012307
-0.0126778
-0.0126503
-0.0125267
-0.0128563
-0.0139273
-0.0153416
-0.0163989
-0.0166324
-0.0162204
-0.0157673
-0.0158085
-0.0163303
-0.0167971
-0.0168109
-0.0164951
-0.0162204
-0.0160419
-0.0156987
-0.015067
-0.0145178
-0.0146002
-0.0155064
-0.0168795
-0.0179368
-0.0180467
-0.0172503
-0.0163989
-0.0163852
-0.0173739
-0.0186509
-0.0192001
-0.0184586
-0.0166598
-0.0146688
-0.0134605
-0.0133369
-0.0137626
-0.0138312
-0.0131584
-0.0122247
-0.01195
-0.0129799
-0.0150258
-0.0169894
-0.0176348
-0.0166186
-0.0147375
-0.0131721
-0.0125817
-0.01287
-0.0135703
-0.0142843
-0.0146276
-0.0144628
-0.0141333
-0.0142981
-0.0152043
-0.0164127
-0.017264
-0.0173189
-0.0166736
-0.0156849
-0.0148885
-0.0145727
-0.0146963
-0.0149572
-0.0151082
-0.0150533
-0.0149434
-0.015067
-0.0156712
-0.0165637
-0.0172503
-0.0172915
-0.0168795
-0.0165637
-0.0167285
-0.0171542
-0.0174425
-0.0173464
-0.0169482
-0.0165637
-0.0165225
-0.0169894
-0.0180192
-0.0195434
-0.0216168
-0.0241571
-0.026972
-0.0298967
-0.0330961
-0.0368996
-0.0415545
-0.0471843
-0.0542009
-0.0631262
-0.0739326
-0.0856316
-0.096699
-0.106311
-0.11481
-0.123269
-0.132812
-0.144168
-0.157665
-0.173264
-0.190456
-0.20821
-0.225209
-0.240492
-0.254072
-0.267076
-0.281081
-0.29701
-0.314462
-0.331928
-0.347856
-0.361615
-0.373643
-0.384862
-0.396094
-0.407793
-0.420151
-0.432852
-0.445046
-0.455701
-0.464365
-0.471423
-0.477479
-0.482697
-0.486898
-0.49018
-0.49305
-0.495837
-0.498281
-0.499764
-0.500176
-0.499902
-0.499339
-0.498364
-0.496455
-0.493187
-0.488642
-0.483301
-0.477767
-0.472453
-0.467496
-0.462718
-0.457884
-0.452955
-0.448053
-0.443315
-0.438674
-0.433923
-0.428939
-0.423886
-0.41919
-0.415263
-0.412228
-0.409743
-0.407175
-0.403989
-0.400048
-0.395792
-0.391906
-0.388995
-0.387086
-0.385754
-0.38456
-0.383324
-0.382212
-0.381347
-0.38077
-0.380413
-0.380262
-0.380427
-0.380976
-0.3818
-0.382692
-0.383489
-0.384203
-0.384917
-0.38585
-0.387333
-0.389613
-0.392592
-0.395902
-0.398936
-0.401325
-0.403028
-0.404374
-0.405898
-0.408013
-0.410786
-0.41389
-0.416581
-0.418132
-0.418352
-0.417954
-0.418146
-0.419766
-0.422513
-0.425067
-0.42633
-0.42633
-0.426
-0.426138
-0.426756
-0.427428
-0.427799
-0.427772
-0.427428
-0.427044
-0.426948
-0.427319
-0.427991
-0.428651
-0.429063
-0.429282
-0.429433
-0.429488
-0.429145
-0.428019
-0.426097
-0.423996
-0.422472
-0.421799
-0.421552
-0.421195
-0.420728
-0.420522
-0.420686
-0.420851
-0.420549
-0.419821
-0.418998
-0.418366
-0.41794
-0.417583
-0.417281
-0.41724
-0.417666
-0.418435
-0.418847
-0.418119
-0.416169
-0.413684
-0.41139
-0.409605
-0.408425
-0.408109
-0.408795
-0.410251
-0.41161
-0.412008
-0.411171
-0.409688
-0.40863
-0.408795
-0.410072
-0.411555
-0.412118
-0.411322
-0.409633
-0.407903
-0.406777
-0.406365
-0.406337
-0.40642
-0.406598
-0.406942
-0.407395
-0.40782
-0.40826
-0.408699
-0.408988
-0.408974
-0.408713
-0.408287
-0.407697
-0.407161
-0.407175
-0.40826
-0.410237
-0.412173
-0.413011
-0.412393
-0.410663
-0.408479
-0.40642
-0.404896
-0.404168
-0.404209
-0.404717
-0.405184
-0.405143
-0.404429
-0.403385
-0.402465
-0.401834
-0.401325
-0.400776
-0.400309
-0.399925
-0.399527
-0.399032
-0.398593
-0.398318
-0.398126
-0.397755
-0.397137
-0.396465
-0.396094
-0.3963
-0.397014
-0.397769
-0.397879
-0.396959
-0.39538
-0.394007
-0.393471
-0.393718
-0.393979
-0.393499
-0.392153
-0.390615
-0.389585
-0.389256
-0.38927
-0.389228
-0.38894
-0.388514
-0.388185
-0.38802
-0.3878
-0.38732
-0.386633
-0.385919
-0.385356
-0.384985
-0.384779
-0.384546
-0.384052
-0.383255
-0.382431
-0.382047
-0.382294
-0.382898
-0.383393
-0.383393
-0.38283
-0.3818
-0.380509
-0.379246
-0.378422
-0.378216
-0.378655
-0.379562
-0.380619
-0.381278
-0.380976
-0.379616
-0.377763
-0.376252
-0.375566
-0.375511
-0.375374
-0.374467
-0.372737
-0.370883
-0.369703
-0.369387
-0.369675
-0.370238
-0.370897
-0.371433
-0.371515
-0.370925
-0.36984
-0.36881
-0.368398
-0.368769
-0.369524
-0.370128
-0.370307
-0.370169
-0.36973
-0.368741
-0.367149
-0.365432
-0.364389
-0.364265
-0.364389
-0.363908
-0.362535
-0.360901
-0.359802
-0.359514
-0.359706
-0.359775
-0.359281
-0.358155
-0.35685
-0.356054
-0.356301
-0.357619
-0.359432
-0.360915
-0.36156
-0.361409
-0.360805
-0.359857
-0.358416
-0.356466
-0.354502
-0.353225
-0.352978
-0.353362
-0.353692
-0.353651
-0.353459
-0.35361
-0.3542
-0.354763
-0.354722
-0.354035
-0.353225
-0.352799
-0.352758
-0.352566
-0.351756
-0.35041
-0.349147
-0.348557
-0.348557
-0.348419
-0.347513
-0.346016
-0.344767
-0.344396
-0.344822
-0.345316
-0.345275
-0.34452
-0.34327
-0.341924
-0.340936
-0.340634
-0.341004
-0.341499
-0.341252
-0.339659
-0.337036
-0.334455
-0.332985
-0.333054
-0.334317
-0.336116
-0.337613
-0.337984
-0.336844
-0.334619
-0.332409
-0.331118
-0.330843
-0.331049
-0.331118
-0.330871
-0.33039
-0.32991
-0.329594
-0.329333
-0.328948
-0.328303
-0.32763
-0.327205
-0.327177
-0.327562
-0.328344
-0.329333
-0.329923
-0.329539
-0.328028
-0.325804
-0.323415
-0.321424
-0.320298
-0.320229
-0.32082
-0.321328
-0.321163
-0.320243
-0.318925
-0.317648
-0.316892
-0.317002
-0.317881
-0.318938
-0.319419
-0.318966
-0.317867
-0.316728
-0.316014
-0.315821
-0.315766
-0.315313
-0.314146
-0.312526
-0.31118
-0.310823
-0.311661
-0.313048
-0.314091
-0.314201
-0.313542
-0.312608
-0.311771
-0.311112
-0.31059
-0.310192
-0.309889
-0.309505
-0.30886
-0.307981
-0.307281
-0.307253
-0.308008
-0.308942
-0.309244
-0.308516
-0.306978
-0.305111
-0.303367
-0.302131
-0.301596
-0.301788
-0.302475
-0.303326
-0.303971
-0.304054
-0.303518
-0.302736
-0.302269
-0.302282
-0.302461
-0.302461
-0.302365
-0.302282
-0.302118
-0.3015
-0.30025
-0.298506
-0.296721
-0.295431
-0.294977
-0.295334
-0.296145
-0.296859
-0.297037
-0.29646
-0.295334
-0.294071
-0.293041
-0.292272
-0.291627
-0.29105
-0.290652
-0.290432
-0.290199
-0.289828
-0.289416
-0.289155
-0.288977
-0.288469
-0.287247
-0.285448
-0.283677
-0.282551
-0.282276
-0.282551
-0.28277
-0.282482
-0.281782
-0.281136
-0.281027
-0.28137
-0.281631
-0.281301
-0.280436
-0.279447
-0.278678
-0.278115
-0.277621
-0.277278
-0.277401
-0.278198
-0.279434
-0.280532
-0.28093
-0.280409
-0.279159
-0.277786
-0.27688
-0.276536
-0.276427
-0.276152
-0.275877
-0.276015
-0.276578
-0.276976
-0.276591
-0.275397
-0.273982
-0.273007
-0.27276
-0.27309
-0.273502
-0.273502
-0.272705
-0.270975
-0.268476
-0.265634
-0.26319
-0.261789
-0.261666
-0.262448
-0.263519
-0.264371
-0.264783
-0.264645
-0.263931
-0.26286
-0.261885
-0.261405
-0.261432
-0.261583
-0.261542
-0.261295
-0.260842
-0.260004
-0.258686
-0.257175
-0.256022
-0.255528
-0.255651
-0.256132
-0.256901
-0.257807
-0.258466
-0.258246
-0.256956
-0.255184
-0.253907
-0.253811
-0.254814
-0.256104
-0.256791
-0.256338
-0.254924
-0.253193
-0.251834
-0.251065
-0.250694
-0.25053
-0.250612
-0.251079
-0.25171
-0.251958
-0.251353
-0.249967
-0.248415
-0.247262
-0.246699
-0.246479
-0.246424
-0.246712
-0.247577
-0.248923
-0.250131
-0.250433
-0.249445
-0.247275
-0.244653
-0.242607
-0.24192
-0.242579
-0.24387
-0.244955
-0.245339
-0.24501
-0.244309
-0.24354
-0.242826
-0.242195
-0.241824
-0.241989
-0.242716
-0.24354
-0.243993
-0.243897
-0.243376
-0.242524
-0.241371
-0.23997
-0.238474
-0.237197
-0.236373
-0.235961
-0.235672
-0.23537
-0.235123
-0.234958
-0.23467
-0.233983
-0.232871
-0.23169
-0.230976
-0.230976
-0.231429
-0.231869
-0.232034
-0.231896
-0.231539
-0.231004
-0.2304
-0.229974
-0.229946
-0.23029
-0.230523
-0.229905
-0.228079
-0.225415
-0.222944
-0.221708
-0.222188
-0.224042
-0.226225
-0.227557
-0.227296
-0.225552
-0.223177
-0.221255
-0.220554
-0.221076
-0.222216
-0.22304
-0.222779
-0.221227
-0.218948
-0.217094
-0.216723
-0.218014
-0.219813
-0.220499
-0.219305
-0.216929
-0.214952
-0.214416
-0.215089
-0.215899
-0.216023
-0.215488
-0.214952
-0.214856
-0.215158
-0.215542
-0.215721
-0.215625
-0.215213
-0.214609
-0.214156
-0.214224
-0.214828
-0.215501
-0.215693
-0.215172
-0.214128
-0.212906
-0.211766
-0.21086
-0.210187
-0.209611
-0.209034
-0.20854
-0.208334
-0.208457
-0.208649
-0.208581
-0.208265
-0.208059
-0.208402
-0.209212
-0.209899
-0.209775
-0.208594
-0.206892
-0.205464
-0.204722
-0.204297
-0.203514
-0.202264
-0.201083
-0.200685
-0.20107
-0.20166
-0.201949
-0.20188
-0.20166
-0.201344
-0.200864
-0.200342
-0.199903
-0.199518
-0.198804
-0.19761
-0.196429
-0.196058
-0.196923
-0.198447
-0.199546
-0.199491
-0.198337
-0.196703
-0.19522
-0.194259
-0.194012
-0.194438
-0.195289
-0.196195
-0.196703
-0.196538
-0.195879
-0.195344
-0.195413
-0.195893
-0.196017
-0.195124
-0.193284
-0.19117
-0.189604
-0.189
-0.189261
-0.189948
-0.19062
-0.19095
-0.190744
-0.189975
-0.18889
-0.187819
-0.186913
-0.186062
-0.185155
-0.184345
-0.183961
-0.184194
-0.184812
-0.185499
-0.186089
-0.186515
-0.186556
-0.186034
-0.185114
-0.184318
-0.183988
-0.183878
-0.183535
-0.182862
-0.182189
-0.181832
-0.181874
-0.182162
-0.182519
-0.182711
-0.182711
-0.182684
-0.182725
-0.182656
-0.182258
-0.181503
-0.180597
-0.179704
-0.178935
-0.178413
-0.178331
-0.178729
-0.179374
-0.179869
-0.179745
-0.178702
-0.17682
-0.174623
-0.172907
-0.172193
-0.172468
-0.173223
-0.173896
-0.174253
-0.174363
-0.174294
-0.173896
-0.173017
-0.172028
-0.171699
-0.172523
-0.174061
-0.175365
-0.175818
-0.175516
-0.174829
-0.173882
-0.172509
-0.17071
-0.168884
-0.167524
-0.167016
-0.167401
-0.168403
-0.169584
-0.170504
-0.170916
-0.170738
-0.170078
-0.1692
-0.168197
-0.166989
-0.16552
-0.164023
-0.163021
-0.16287
-0.163501
-0.164545
-0.16541
-0.165561
-0.164723
-0.163172
-0.161579
-0.160604
-0.160549
-0.161332
-0.162636
-0.163941
-0.164696
-0.164696
-0.164078
-0.163227
-0.162499
-0.162183
-0.162238
-0.162444
-0.162444
-0.162005
-0.161208
-0.160357
-0.159835
-0.159794
-0.159931
-0.15956
-0.158476
-0.157212
-0.156636
-0.15691
-0.157501
-0.157858
-0.157981
-0.158256
-0.158736
-0.159094
-0.158997
-0.158476
-0.157899
-0.157734
-0.158256
-0.159368
-0.160453
-0.1607
-0.159698
-0.15772
-0.155482
-0.153738
-0.152969
-0.153258
-0.154233
-0.155359
-0.156155
-0.156471
-0.156361
-0.155853
-0.154919
-0.153738
-0.15275
-0.152448
-0.153011
-0.15426
-0.155812
-0.157102
-0.157459
-0.156471
-0.154562
-0.152887
-0.152393
-0.153038
-0.154095
-0.154741
-0.154658
-0.153931
-0.152873
-0.151953
-0.1515
-0.151473
-0.151445
-0.151047
-0.150347
-0.149811
-0.149839
-0.15036
-0.150992
-0.151363
-0.151432
-0.151308
-0.151116
-0.150827
-0.150402
-0.149921
-0.14955
-0.149303
-0.149042
-0.148466
-0.147491
-0.146365
-0.145541
-0.145307
-0.145596
-0.145898
-0.145733
-0.145033
-0.144168
-0.14355
-0.143412
-0.143646
-0.143934
-0.144085
-0.14414
-0.144236
-0.144346
-0.144181
-0.143687
-0.143152
-0.142946
-0.142904
-0.142534
-0.141655
-0.14079
-0.140611
-0.141147
-0.141778
-0.141833
-0.141051
-0.139746
-0.138442
-0.137659
-0.137563
-0.138057
-0.138854
-0.139554
-0.13976
-0.139321
-0.138565
-0.138099
-0.138208
-0.138675
-0.139032
-0.138936
-0.13825
-0.137055
-0.13575
-0.134995
-0.135146
-0.135833
-0.136313
-0.136066
-0.135133
-0.133924
-0.132908
-0.132469
-0.132785
-0.133746
-0.134982
-0.135929
-0.136011
-0.134844
-0.132716
-0.130519
-0.129297
-0.129613
-0.131096
-0.132647
-0.1331
-0.132043
-0.130011
-0.128034
-0.127045
-0.127265
-0.128349
-0.129517
-0.130134
-0.130052
-0.129571
-0.129118
-0.128857
-0.128816
-0.128995
-0.129324
-0.129736
-0.130052
-0.130203
-0.130203
-0.130121
-0.130079
-0.130052
-0.129887
-0.12953
-0.129118
-0.128871
-0.128761
-0.128555
-0.12791
-0.126715
-0.125219
-0.123763
-0.122706
-0.122266
-0.122582
-0.123461
-0.124505
-0.125329
-0.125974
-0.126647
-0.127429
-0.127979
-0.127896
-0.127004
-0.125507
-0.1239
-0.122747
-0.122431
-0.122871
-0.123612
-0.124093
-0.123969
-0.123255
-0.122363
-0.121676
-0.12136
-0.121209
-0.120921
-0.120509
-0.120152
-0.120042
-0.120028
-0.11996
-0.119918
-0.120028
-0.120234
-0.120248
-0.119877
-0.119301
-0.118889
-0.118847
-0.118971
-0.118916
-0.118655
-0.11849
-0.118504
-0.118435
-0.1179
-0.117131
-0.116829
-0.117529
-0.118957
-0.120289
-0.120838
-0.120468
-0.119575
-0.118628
-0.117845
-0.117213
-0.116788
-0.116623
-0.116678
-0.11665
-0.116252
-0.115483
-0.114714
-0.114412
-0.114769
-0.115662
-0.116623
-0.117117
-0.116801
-0.11595
-0.115236
-0.115085
-0.115305
-0.115332
-0.114824
-0.113835
-0.112682
-0.111666
-0.111089
-0.111227
-0.112009
-0.112751
-0.11271
-0.111899
-0.110979
-0.110458
-0.110265
-0.110101
-0.109867
-0.109771
-0.109867
-0.110101
-0.110348
-0.110526
-0.110581
-0.11054
-0.110485
-0.110362
-0.110032
-0.109565
-0.10929
-0.109647
-0.110567
-0.111515
-0.111693
-0.110746
-0.109181
-0.107904
-0.107409
-0.107409
-0.107313
-0.107052
-0.107052
-0.107574
-0.108192
-0.108219
-0.107505
-0.106489
-0.105926
-0.106091
-0.106627
-0.106805
-0.106228
-0.10513
-0.104182
-0.103949
-0.104553
-0.105665
-0.10686
-0.107615
-0.107519
-0.106434
-0.104828
-0.10351
-0.103015
-0.103441
-0.104539
-0.105803
-0.10653
-0.106105
-0.104485
-0.102384
-0.100736
-0.100159
-0.100571
-0.101436
-0.102054
-0.102095
-0.10178
-0.101532
-0.101574
-0.101862
-0.102082
-0.101903
-0.101203
-0.100255
-0.0996512
-0.0998297
-0.100681
-0.10156
-0.101848
-0.101299
-0.100255
-0.0993216
-0.0990607
-0.0996374
-0.100763
-0.101876
-0.102535
-0.102494
-0.101917
-0.101134
-0.10042
-0.0997748
-0.098896
-0.097619
-0.0962733
-0.0955181
-0.0956554
-0.0963145
-0.0967951
-0.0967539
-0.0965205
-0.096644
-0.0973031
-0.0980584
-0.0982506
-0.0976464
-0.0967264
-0.0962046
-0.0962733
-0.0964793
-0.096287
-0.0955867
-0.0947766
-0.0943509
-0.0944882
-0.0949139
-0.0952023
-0.0951336
-0.0949139
-0.0948041
-0.0947629
-0.0946118
-0.0943509
-0.0941724
-0.0942411
-0.0944196
-0.094447
-0.0941999
-0.0938017
-0.0933897
-0.0931289
-0.0929229
-0.0925933
-0.0921402
-0.0918519
-0.0919205
-0.0920853
-0.0918244
-0.0910966
-0.0903689
-0.090108
-0.090314
-0.0905886
-0.0905337
-0.0900805
-0.0894626
-0.0891193
-0.0893665
-0.0901217
-0.0909181
-0.091385
-0.0915223
-0.0915635
-0.091591
-0.0915498
-0.0913438
-0.0909731
-0.0904925
-0.0899981
-0.0895587
-0.0893528
-0.0895313
-0.0902041
-0.0911104
-0.0916184
-0.0912751
-0.0902178
-0.0890919
-0.0883092
-0.0876638
-0.0868125
-0.0859474
-0.0856865
-0.0864967
-0.0879659
-0.0891743
-0.0894214
-0.0886937
-0.0874991
-0.0863868
-0.0857277
-0.0855904
-0.0858376
-0.0862633
-0.0865928
-0.0865928
-0.086277
-0.0859337
-0.0858101
-0.0858513
-0.0860024
-0.0863182
-0.0868125
-0.0871283
-0.0868537
-0.0859612
-0.0849039
-0.0841075
-0.0836955
-0.0835033
-0.0834072
-0.0833934
-0.0836681
-0.0843409
-0.0852334
-0.0859062
-0.0860298
-0.0856591
-0.0851373
-0.0847528
-0.0845881
-0.0845881
-0.0846704
-0.0846155
-0.0841898
-0.0833522
-0.0824185
-0.0818693
-0.0818418
-0.0821027
-0.0821988
-0.0819929
-0.0817457
-0.0818967
-0.0825833
-0.083517
-0.0843134
-0.0846842
-0.0844645
-0.0836543
-0.0825421
-0.0816496
-0.0814024
-0.0817457
-0.0822675
-0.0824872
-0.0822126
-0.0816358
-0.0810591
-0.0805511
-0.080043
-0.0795899
-0.079535
-0.080098
-0.0810591
-0.0817732
-0.0818555
-0.0814436
-0.0811141
-0.0813338
-0.082034
-0.0826245
-0.0824323
-0.0811553
-0.0791368
-0.0771869
-0.0761846
-0.0764592
-0.0776401
-0.0787798
-0.0790681
-0.0783404
-0.0772556
-0.0766789
-0.0771046
-0.0781893
-0.0791368
-0.079329
-0.0787386
-0.0778323
-0.0770771
-0.0765553
-0.0761983
-0.0760472
-0.0763219
-0.0771046
-0.0780245
-0.0785326
-0.0783541
-0.0775989
-0.0765553
-0.0753882
-0.0742759
-0.0734795
-0.0732598
-0.0736168
-0.074221
-0.074578
-0.0742347
-0.0731637
-0.0719554
-0.0713512
-0.0716258
-0.0725321
-0.073658
-0.0747977
-0.0757589
-0.0761983
-0.075855
-0.0746741
-0.0729165
-0.0710354
-0.0697172
-0.0693739
-0.0698545
-0.0704037
-0.0703488
-0.0696073
-0.0687285
-0.0684676
-0.0693602
-0.0712825
-0.0733697
-0.0746329
-0.0746467
-0.0737816
-0.0727518
-0.0721476
-0.0722025
-0.0728204
-0.0735894
-0.0739326
-0.0736168
-0.0729715
-0.0726831
-0.0730813
-0.0739464
-0.0746741
-0.0747702
-0.0741386
-0.0731912
-0.0724771
-0.0722986
-0.0724359
-0.0723536
-0.0718043
-0.0710766
-0.0706784
-0.0710216
-0.0719828
-0.0729303
-0.07315
-0.0723536
-0.0709667
-0.0697034
-0.0690993
-0.0691679
-0.0694563
-0.0693739
-0.0687148
-0.0677948
-0.067122
-0.0669435
-0.0671494
-0.0676026
-0.0681793
-0.0686873
-0.0688384
-0.06855
-0.0680969
-0.0678635
-0.0679596
-0.0681106
-0.0680145
-0.0677673
-0.0677536
-0.0681793
-0.0688521
-0.069264
-0.0690855
-0.0683303
-0.0673554
-0.0665727
-0.0663118
-0.0666414
-0.0673142
-0.0678772
-0.0678497
-0.0671494
-0.0661745
-0.0655429
-0.0656253
-0.0663256
-0.0671494
-0.0674927
-0.0671632
-0.0665178
-0.0660647
-0.065845
-0.0654742
-0.0647739
-0.0640599
-0.0638128
-0.0641011
-0.0646229
-0.0651584
-0.0656939
-0.0661745
-0.0661883
-0.0652957
-0.0635519
-0.061602
-0.0603937
-0.0604898
-0.0617668
-0.063442
-0.0646916
-0.0650623
-0.0647053
-0.0642522
-0.0642522
-0.0647739
-0.0654468
-0.0658038
-0.0657763
-0.0655978
-0.0655703
-0.065639
-0.0656939
-0.0656802
-0.0657626
-0.0659274
-0.0660921
-0.0660921
-0.0658587
-0.0654605
-0.0650486
