LECROYHDO9204-MSöv,30454,Waveform
Segments,1,SegmentSize,2002
Ampl
-0.0151769
-0.0150396
-0.0143393
-0.0131309
-0.0121148
-0.0118539
-0.0121423
-0.0122384
-0.0116617
-0.0107554
-0.010316
-0.0107554
-0.0119088
-0.0131446
-0.0138999
-0.0139685
-0.0135978
-0.0131309
-0.0128014
-0.0126915
-0.012925
-0.0135154
-0.0141608
-0.0143118
-0.0136939
-0.0125679
-0.0116205
-0.0113733
-0.0118814
-0.012719
-0.0133369
-0.0134467
-0.0132957
-0.013227
-0.0131996
-0.0129661
-0.0125267
-0.0123757
-0.0128975
-0.0139548
-0.0149984
-0.0155201
-0.015273
-0.014353
-0.0131721
-0.0121423
-0.0116342
-0.0118127
-0.0126641
-0.0140097
-0.0154103
-0.0164127
-0.0166736
-0.0160969
-0.0148748
-0.0134193
-0.0123482
-0.0121285
-0.0127739
-0.0138449
-0.0147924
-0.0153554
-0.0156575
-0.0159321
-0.016344
-0.016756
-0.016907
-0.0165225
-0.0157536
-0.015067
-0.0148885
-0.0152867
-0.0159595
-0.0165225
-0.0166736
-0.0162754
-0.0153966
-0.0144217
-0.0138724
-0.0140921
-0.0149022
-0.0156849
-0.0158222
-0.0152318
-0.0144491
-0.0141196
-0.014353
-0.0146825
-0.0146825
-0.014202
-0.0134055
-0.0125405
-0.01195
-0.0117853
-0.0118127
-0.0116205
-0.0111536
-0.0108515
-0.0110987
-0.0117303
-0.0122109
-0.0122521
-0.0120873
-0.0121835
-0.0129661
-0.0142843
-0.0155064
-0.0160145
-0.015781
-0.0153142
-0.0150807
-0.015067
-0.0149846
-0.0145864
-0.0138449
-0.0129661
-0.0123894
-0.0125267
-0.0133781
-0.0143805
-0.0149434
-0.0149572
-0.0148336
-0.0149022
-0.0151906
-0.0154927
-0.0155064
-0.015067
-0.0142294
-0.0133094
-0.0127602
-0.0128563
-0.0135017
-0.0141882
-0.0142981
-0.013584
-0.0124581
-0.0116891
-0.0118265
-0.01287
-0.0144217
-0.0158497
-0.0164127
-0.0157536
-0.0143118
-0.0130211
-0.0124993
-0.0126091
-0.01287
-0.0129387
-0.0129524
-0.0131721
-0.0136939
-0.0142569
-0.0143942
-0.0138175
-0.0127327
-0.0116479
-0.0108653
-0.0102886
-0.0098217
-0.00951961
-0.00954708
-0.00997274
-0.0108241
-0.0118402
-0.0126091
-0.0128151
-0.0126503
-0.0126641
-0.0131721
-0.0139411
-0.0144079
-0.0143118
-0.0138861
-0.0136939
-0.014147
-0.0151219
-0.0159321
-0.0159321
-0.0152181
-0.0144903
-0.0143805
-0.0147787
-0.0151219
-0.0149846
-0.0143805
-0.0137076
-0.0134055
-0.0136939
-0.0143255
-0.0147649
-0.0146963
-0.0142157
-0.0136664
-0.0133643
-0.013639
-0.0146414
-0.0160831
-0.0172503
-0.0174562
-0.0166049
-0.0150945
-0.013584
-0.0126091
-0.0123482
-0.0126366
-0.0131584
-0.0137351
-0.0142981
-0.0147924
-0.0150945
-0.0152593
-0.0155064
-0.0159046
-0.0161106
-0.01563
-0.014353
-0.0126915
-0.011236
-0.0103572
-0.0100551
-0.0101238
-0.0102748
-0.0103847
-0.0103847
-0.0103572
-0.0104259
-0.0107005
-0.0111536
-0.0115793
-0.0117166
-0.0115106
-0.0111811
-0.0111124
-0.0114694
-0.0121148
-0.012719
-0.0130897
-0.0133781
-0.0138999
-0.0146551
-0.015273
-0.0153416
-0.0148336
-0.0139136
-0.0127464
-0.0114832
-0.0106181
-0.0107692
-0.0121011
-0.0139823
-0.0153554
-0.0153828
-0.0138999
-0.0115106
-0.00945096
-0.00895664
-0.0103572
-0.0128975
-0.0152181
-0.0162479
-0.0156712
-0.0139823
-0.0121285
-0.0109614
-0.0107829
-0.0112772
-0.0119226
-0.0123757
-0.0124718
-0.0121972
-0.0116205
-0.0109477
-0.0104533
-0.0103298
-0.0106181
-0.0110712
-0.0112635
-0.0109065
-0.0103023
-0.0101238
-0.0105906
-0.0112223
-0.0112772
-0.0105632
-0.009602
-0.00927245
-0.0100963
-0.0117853
-0.0135703
-0.01471
-0.0151357
-0.0151906
-0.0149984
-0.0143942
-0.0132682
-0.0119088
-0.0107692
-0.0101238
-0.00991782
-0.0100277
-0.0103709
-0.0109614
-0.0117578
-0.0124993
-0.0128014
-0.0125405
-0.0120599
-0.0119088
-0.0122933
-0.0130073
-0.0138037
-0.0145452
-0.0150121
-0.0148748
-0.0142706
-0.0137351
-0.0137351
-0.0140784
-0.0142157
-0.0138037
-0.0129524
-0.0120873
-0.0116617
-0.0119775
-0.0128563
-0.0137351
-0.0140784
-0.0136802
-0.0127602
-0.0117166
-0.011085
-0.0114008
-0.0126915
-0.0141882
-0.014861
-0.0141196
-0.012307
-0.0103572
-0.00921753
-0.0091626
-0.00991782
-0.010879
-0.0115518
-0.0117578
-0.0114832
-0.0109065
-0.0105357
-0.0107554
-0.0114969
-0.0122247
-0.0125817
-0.0126641
-0.0127464
-0.0129524
-0.0132682
-0.0136664
-0.0140372
-0.0141196
-0.0137214
-0.0129524
-0.0121697
-0.0116754
-0.0115793
-0.0118951
-0.0125267
-0.0131584
-0.0133506
-0.0128838
-0.0120599
-0.0114832
-0.0114969
-0.0117166
-0.0114008
-0.0102748
-0.00902529
-0.00868201
-0.00961573
-0.0113047
-0.0129799
-0.0141333
-0.0146414
-0.0145315
-0.0139548
-0.0131309
-0.0122659
-0.0113596
-0.0104259
-0.00965693
-0.00949215
-0.0101101
-0.0112635
-0.0122933
-0.0127053
-0.0125954
-0.0125405
-0.0129524
-0.013639
-0.0141196
-0.0141745
-0.0141058
-0.014147
-0.0141745
-0.0139411
-0.0135429
-0.0133506
-0.0135566
-0.0139548
-0.0141608
-0.0141608
-0.0143942
-0.0152181
-0.0163852
-0.017058
-0.0165088
-0.0149434
-0.0133643
-0.01287
-0.0136252
-0.0148885
-0.01563
-0.0153279
-0.014147
-0.0128014
-0.01195
-0.0118265
-0.0121835
-0.0126915
-0.0130073
-0.0129661
-0.0126091
-0.0122521
-0.0122933
-0.0128014
-0.0134055
-0.0137076
-0.0135429
-0.0131309
-0.0127876
-0.0127053
-0.0127876
-0.0127053
-0.0122109
-0.011442
-0.0107142
-0.0103023
-0.0102199
-0.0103847
-0.0108241
-0.0115106
-0.0121972
-0.0126503
-0.0128838
-0.0131035
-0.0134879
-0.0140372
-0.0145727
-0.0149297
-0.015067
-0.0152043
-0.0158085
-0.0174013
-0.0202574
-0.0241983
-0.0284687
-0.03208
-0.0344005
-0.0355952
-0.0364739
-0.0378196
-0.0398656
-0.0425431
-0.0456738
-0.0490517
-0.0524433
-0.0556702
-0.0587322
-0.0616432
-0.0642659
-0.0666002
-0.0688109
-0.0711452
-0.073658
-0.0762258
-0.0785189
-0.0802627
-0.0815123
-0.0826245
-0.0839427
-0.0853982
-0.0865241
-0.0869635
-0.0868125
-0.0863731
-0.0859337
-0.0857415
-0.0859749
-0.0866615
-0.0874441
-0.0878698
-0.087705
-0.0871421
-0.086634
-0.0864418
-0.0864692
-0.0863731
-0.0858376
-0.084794
-0.0835033
-0.0824048
-0.0818693
-0.0819791
-0.0823499
-0.0822675
-0.0811141
-0.079123
-0.0773105
-0.0766102
-0.0771183
-0.078052
-0.0783953
-0.077695
-0.0761708
-0.0745643
-0.0736718
-0.0737129
-0.07407
-0.0738503
-0.0727243
-0.0714198
-0.0709942
-0.0719142
-0.0735756
-0.0748801
-0.0751547
-0.0745917
-0.0737953
-0.073095
-0.0724359
-0.0717494
-0.0712276
-0.0710628
-0.0711727
-0.071461
-0.0718318
-0.0722437
-0.072587
-0.0729577
-0.0736718
-0.0748389
-0.0759649
-0.0764455
-0.0763219
-0.0762669
-0.076926
-0.0782992
-0.0798096
-0.0808257
-0.0809493
-0.0801803
-0.0788072
-0.0774478
-0.0768849
-0.0775302
-0.078972
-0.0801803
-0.0803588
-0.0797409
-0.0791505
-0.0791368
-0.0793977
-0.0793702
-0.0788621
-0.0782168
-0.0778598
-0.0779971
-0.0786424
-0.079686
-0.0808806
-0.0818418
-0.0822263
-0.0819242
-0.0811003
-0.0801391
-0.0794251
-0.0790406
-0.0788209
-0.0784639
-0.0777911
-0.0768025
-0.075704
-0.0747977
-0.0742897
-0.0741661
-0.0743034
-0.0747016
-0.0754293
-0.0763356
-0.0768849
-0.0766926
-0.0759099
-0.075141
-0.0749488
-0.0754156
-0.076212
-0.0768437
-0.0769535
-0.0765553
-0.075855
-0.0751959
-0.0749076
-0.0752508
-0.0760198
-0.0765416
-0.0761708
-0.0750586
-0.0739601
-0.073507
-0.0735894
-0.0737816
-0.0738365
-0.0738503
-0.0739601
-0.074221
-0.0746329
-0.0751135
-0.0756079
-0.0759649
-0.0761022
-0.0759786
-0.0756353
-0.0751547
-0.0746604
-0.0743034
-0.0741386
-0.0741935
-0.0743995
-0.0747016
-0.075141
-0.0758825
-0.0770771
-0.078615
-0.0799881
-0.0806747
-0.0803176
-0.0790406
-0.0772831
-0.0756628
-0.0745917
-0.0740837
-0.0739189
-0.0739326
-0.0740837
-0.0742897
-0.0745231
-0.0748526
-0.0754156
-0.0761708
-0.0767338
-0.0766102
-0.0756079
-0.0740562
-0.0727518
-0.0724085
-0.0731637
-0.0743446
-0.0750037
-0.0746604
-0.0735619
-0.0724359
-0.0717906
-0.0718592
-0.0725595
-0.0736443
-0.0747428
-0.0755804
-0.076061
-0.0762807
-0.0761846
-0.0756079
-0.0745643
-0.0734658
-0.0729715
-0.0735756
-0.0751273
-0.0767887
-0.0776813
-0.0775577
-0.0768437
-0.0760335
-0.0753744
-0.0748664
-0.0745231
-0.0744407
-0.0747016
-0.0754019
-0.0764043
-0.0772419
-0.0772693
-0.0762807
-0.0747977
-0.0737267
-0.0736031
-0.074221
-0.0749488
-0.0752646
-0.0750311
-0.074578
-0.0743858
-0.0747977
-0.0757177
-0.0766377
-0.0770359
-0.0766926
-0.0759923
-0.0756079
-0.0758687
-0.0763768
-0.0765141
-0.0761159
-0.0756765
-0.0756216
-0.0759374
-0.0762807
-0.0764043
-0.0762395
-0.0757452
-0.0750037
-0.0742073
-0.0737129
-0.0736855
-0.074015
-0.0743308
-0.0743171
-0.0739326
-0.0735207
-0.0734246
-0.0736718
-0.073864
-0.0738503
-0.0737404
-0.073658
-0.0733834
-0.0726556
-0.0716395
-0.0708294
-0.0706646
-0.0710628
-0.0715846
-0.0717219
-0.0714885
-0.0713786
-0.0719142
-0.0731225
-0.0746055
-0.075855
-0.0763219
-0.075704
-0.0741935
-0.0725595
-0.0716121
-0.0714748
-0.0715022
-0.0710354
-0.0700742
-0.0692366
-0.0691954
-0.0702801
-0.0722712
-0.0744544
-0.0758001
-0.0756628
-0.0741523
-0.0720103
-0.0701291
-0.069113
-0.0690718
-0.0695387
-0.0697721
-0.0694425
-0.0686599
-0.0677948
-0.0672044
-0.0672044
-0.068042
-0.0695387
-0.0709667
-0.0716533
-0.0714336
-0.0707195
-0.0700055
-0.0695661
-0.0695249
-0.0698682
-0.070541
-0.0711864
-0.0713237
-0.070747
-0.069827
-0.0691405
-0.0689757
-0.0691267
-0.0692228
-0.069113
-0.0688246
-0.0683852
-0.0677261
-0.0668748
-0.0660647
-0.0655292
-0.0654056
-0.06579
-0.0666826
-0.0679733
-0.069113
-0.0694014
-0.06855
-0.066916
-0.0653781
-0.0647327
-0.0652271
-0.0663118
-0.0670121
-0.0666276
-0.0651996
-0.0634969
-0.0624808
-0.0626181
-0.0637716
-0.0652957
-0.0665041
-0.067067
-0.067067
-0.0666414
-0.065845
-0.0647465
-0.0637441
-0.0633734
-0.0638951
-0.0649387
-0.0657351
-0.0656802
-0.0647327
-0.0634695
-0.0625769
-0.0624534
-0.0629752
-0.0637716
-0.0645817
-0.0652271
-0.0654605
-0.0651859
-0.064568
-0.064005
-0.0638814
-0.0643345
-0.0652271
-0.0661608
-0.0665727
-0.0662157
-0.0653506
-0.0646092
-0.0643483
-0.064568
-0.0648838
-0.065076
-0.0651584
-0.0654193
-0.0659823
-0.0665865
-0.0667238
-0.0661333
-0.0649387
-0.0637029
-0.0630163
-0.0631811
-0.0638677
-0.0643071
-0.0639363
-0.0629889
-0.0622199
-0.0623298
-0.0633871
-0.0649113
-0.0660784
-0.0662157
-0.0652408
-0.0636068
-0.0619728
-0.0607782
-0.060174
-0.0601877
-0.0606683
-0.0612588
-0.0615883
-0.0616707
-0.0618492
-0.0623572
-0.0628516
-0.0628104
-0.062165
-0.0614098
-0.0611077
-0.0614373
-0.062014
-0.0622611
-0.0618767
-0.0611352
-0.0604211
-0.0598444
-0.0593227
-0.0589382
-0.0590892
-0.059968
-0.0610528
-0.0615196
-0.0609979
-0.0598994
-0.0590343
-0.0590206
-0.0597621
-0.0606683
-0.0611626
-0.0612038
-0.061094
-0.0609979
-0.060737
-0.0602976
-0.0600367
-0.0602838
-0.0608605
-0.0611901
-0.0609979
-0.060531
-0.0601328
-0.0599406
-0.0597483
-0.0593501
-0.0587871
-0.0583752
-0.0584851
-0.0592815
-0.0605859
-0.0620002
-0.0629889
-0.0630438
-0.0620277
-0.0603662
-0.058897
-0.0582242
-0.0583615
-0.0589656
-0.0598444
-0.060888
-0.061602
-0.061451
-0.06038
-0.0589656
-0.0578809
-0.057414
-0.057414
-0.0575788
-0.0575925
-0.0572904
-0.0567687
-0.0562881
-0.0559585
-0.0557937
-0.0558212
-0.0561782
-0.056851
-0.0577024
-0.05854
-0.0591716
-0.0595012
-0.0595286
-0.0592677
-0.0588146
-0.0583065
-0.0580182
-0.0581555
-0.0586361
-0.0591167
-0.0594325
-0.0597071
-0.0599131
-0.0596659
-0.0588421
-0.0580457
-0.0581006
-0.0591716
-0.0605997
-0.0613823
-0.060888
-0.0591716
-0.0570707
-0.0557251
-0.0558349
-0.0569472
-0.0577436
-0.0571531
-0.0553681
-0.0537478
-0.0537615
-0.055629
-0.0580731
-0.0593364
-0.0587322
-0.0570295
-0.055574
-0.0549973
-0.0551484
-0.0556427
-0.0563018
-0.0570295
-0.0575239
-0.0574415
-0.0565627
-0.0551484
-0.053789
-0.0531299
-0.0532397
-0.0536791
-0.0541597
-0.0548875
-0.0561096
-0.05762
-0.0587597
-0.0590892
-0.0586086
-0.0575651
-0.0561645
-0.0546129
-0.0531573
-0.0520451
-0.051386
-0.0511526
-0.0512487
-0.0516332
-0.052306
-0.0531162
-0.0538302
-0.0543382
-0.0548326
-0.0555191
-0.0560546
-0.0557251
-0.0543245
-0.0525394
-0.0513311
-0.051029
-0.0514959
-0.0526218
-0.0542696
-0.0558075
-0.0564391
-0.0558761
-0.0546815
-0.0536517
-0.0531573
-0.0528827
-0.0524433
-0.0518803
-0.0517705
-0.0524296
-0.0535693
-0.0544618
-0.0546678
-0.0543657
-0.0540911
-0.0541185
-0.0543932
-0.0545991
-0.0544618
-0.0540087
-0.053583
-0.0536654
-0.0543794
-0.055217
-0.0554642
-0.0547227
-0.053226
-0.0515783
-0.050466
-0.0502189
-0.050672
-0.0513723
-0.0519353
-0.0521
-0.0517705
-0.0510839
-0.0505622
-0.050672
-0.0513174
-0.0519078
-0.0519765
-0.0516744
-0.0512624
-0.0507681
-0.0500816
-0.0492165
-0.0482553
-0.0472804
-0.0463741
-0.0457288
-0.045564
-0.0458798
-0.046484
-0.0471294
-0.0476099
-0.0478296
-0.0478296
-0.0478022
-0.0478846
-0.0480631
-0.0483377
-0.0487908
-0.0493538
-0.0496971
-0.0495049
-0.048681
-0.0475138
-0.0464291
-0.0459073
-0.0460858
-0.0467861
-0.0475001
-0.0477335
-0.0474314
-0.0469783
-0.04669
-0.0465389
-0.0461682
-0.0453718
-0.0443831
-0.0436691
-0.0435043
-0.0437927
-0.0442183
-0.0446028
-0.0449049
-0.0452207
-0.0454953
-0.0456052
-0.0454541
-0.0449873
-0.0443694
-0.0439437
-0.0440124
-0.0446577
-0.0455777
-0.0464016
-0.0467998
-0.0465252
-0.0455091
-0.0441634
-0.0432572
-0.0433945
-0.0445067
-0.0459897
-0.0471294
-0.0476237
-0.0475276
-0.0471431
-0.046841
-0.0468959
-0.0472667
-0.0475825
-0.0474177
-0.0466488
-0.0455091
-0.0445067
-0.04393
-0.0437103
-0.0436416
-0.0437652
-0.044136
-0.0445754
-0.0446852
-0.0443007
-0.0437789
-0.0436828
-0.0443557
-0.0457425
-0.0474864
-0.0490105
-0.0496696
-0.0491616
-0.0477885
-0.0461819
-0.0447951
-0.043724
-0.0429139
-0.0425569
-0.0429688
-0.0443419
-0.0462094
-0.047555
-0.0475962
-0.0465664
-0.0455365
-0.0455228
-0.0465938
-0.0480356
-0.0491066
-0.0494499
-0.0491753
-0.0486672
-0.048269
-0.0479807
-0.0477061
-0.0475001
-0.0475688
-0.047761
-0.0475276
-0.0462918
-0.0440948
-0.0416094
-0.039742
-0.0392065
-0.0402226
-0.0423234
-0.0446577
-0.0464153
-0.0471843
-0.0470058
-0.0463055
-0.0456189
-0.0452756
-0.0452756
-0.0452894
-0.0451658
-0.0450422
-0.0452619
-0.045921
-0.0467861
-0.0473216
-0.0471705
-0.0463604
-0.0453168
-0.0446303
-0.044644
-0.0452482
-0.0459622
-0.0461132
-0.0453031
-0.0436554
-0.0419664
-0.0410739
-0.0412249
-0.0420488
-0.0431198
-0.0442046
-0.0450971
-0.0454953
-0.0452482
-0.0445479
-0.0437789
-0.043161
-0.0427491
-0.0425706
-0.0426255
-0.0427628
-0.0427628
-0.0425294
-0.0421175
-0.0417055
-0.0415682
-0.0418703
-0.0424745
-0.04301
-0.0431885
-0.0428727
-0.0421037
-0.0410876
-0.0402775
-0.040099
-0.0405658
-0.0411837
-0.0414446
-0.0413348
-0.0411288
-0.0410602
-0.0411563
-0.0412799
-0.0411975
-0.0407993
-0.0404011
-0.040456
-0.0409778
-0.0414309
-0.0412936
-0.040607
-0.0398244
-0.0393438
-0.0393575
-0.0399479
-0.0409778
-0.0420488
-0.0427628
-0.0429688
-0.0427903
-0.042296
-0.041527
-0.0407718
-0.0405109
-0.0411014
-0.0423784
-0.0436004
-0.0439574
-0.0432022
-0.0417467
-0.0402363
-0.0390829
-0.0384787
-0.0387259
-0.0400853
-0.0422136
-0.0439712
-0.0442595
-0.0429413
-0.0409091
-0.0392065
-0.0383139
-0.0381629
-0.0383963
-0.0387121
-0.038973
-0.0392751
-0.039893
-0.041019
-0.0424745
-0.0436691
-0.04393
-0.0431198
-0.0417193
-0.0404697
-0.0398244
-0.039893
-0.040456
-0.0411426
-0.0414996
-0.0412112
-0.0404285
-0.0396184
-0.0392614
-0.0392888
-0.0394811
-0.0397694
-0.0403873
-0.0413485
-0.0423921
-0.0430375
-0.0430237
-0.0424607
-0.0417467
-0.0412936
-0.0412112
-0.0413211
-0.0413897
-0.0414721
-0.041582
-0.0414584
-0.0406757
-0.0393026
-0.0380256
-0.0375999
-0.0381354
-0.0390005
-0.0394399
-0.0392751
-0.038973
-0.0391103
-0.0398381
-0.0409091
-0.0419252
-0.0425157
-0.042296
-0.0411014
-0.0393575
-0.0378333
-0.0371468
-0.0373253
-0.0380942
-0.039028
-0.0396321
-0.0395085
-0.0387396
-0.0378883
-0.0374489
-0.0373665
-0.0372978
-0.0371605
-0.0371193
-0.037339
-0.0377235
-0.0381217
-0.0383689
-0.0383826
-0.0380805
-0.0376274
-0.0373116
-0.0372429
-0.0373253
-0.0374351
-0.0376823
-0.0383414
-0.0396459
-0.0412249
-0.0421037
-0.0414721
-0.0394811
-0.0372978
-0.0361307
-0.0362817
-0.0371193
-0.0378745
-0.0382453
-0.0383826
-0.0385199
-0.0386023
-0.0384375
-0.0381217
-0.0380805
-0.0386709
-0.039742
-0.0406894
-0.0410327
-0.0407718
-0.0401402
-0.0392065
-0.0379432
-0.0365701
-0.035554
-0.0353343
-0.0360483
-0.0374351
-0.0388906
-0.0398381
-0.0400853
-0.0399067
-0.0397145
-0.0395085
-0.0390417
-0.0379569
-0.0361993
-0.0341671
-0.0326429
-0.0322859
-0.0329862
-0.0340161
-0.0347026
-0.034991
-0.0351558
-0.0353755
-0.0355952
-0.0357874
-0.0360895
-0.036419
-0.0363641
-0.0355265
-0.0338513
-0.0318191
-0.0302812
-0.0300889
-0.0315994
-0.0341122
-0.0362542
-0.0369408
-0.0362405
-0.0351695
-0.0347575
-0.0352656
-0.0361993
-0.0368035
-0.0366799
-0.0358286
-0.0345104
-0.0331235
-0.0321212
-0.0318877
-0.0323134
-0.0329725
-0.0335629
-0.0342358
-0.0351695
-0.0361719
-0.0368447
-0.0370369
-0.0368996
-0.0365838
-0.0361444
-0.0358011
-0.0358972
-0.0365563
-0.0374489
-0.0379157
-0.0374626
-0.0361856
-0.0346752
-0.0335492
-0.0331098
-0.0333707
-0.0341808
-0.0351008
-0.0354853
-0.0349223
-0.0337002
-0.0325606
-0.0320662
-0.0321486
-0.0324232
-0.0328077
-0.0335217
-0.0344967
-0.0354716
-0.0362405
-0.0368584
-0.0372978
-0.037188
-0.0363229
-0.0351008
-0.0343456
-0.0344417
-0.0349223
-0.0349086
-0.0340573
-0.0328489
-0.0319976
-0.0318465
-0.0321349
-0.0323958
-0.0323683
-0.0319152
-0.0312012
-0.030748
-0.0311051
-0.0324232
-0.0340847
-0.0351283
-0.0349498
-0.0336728
-0.0317916
-0.0300066
-0.0288119
-0.0284275
-0.0287982
-0.029677
-0.0307618
-0.0317092
-0.0321898
-0.0321212
-0.0316543
-0.0310364
-0.0304048
-0.0299654
-0.0299379
-0.0303498
-0.0307755
-0.0307755
-0.0303086
-0.0298555
-0.029883
-0.030446
-0.0312286
-0.0317367
-0.0316818
-0.03116
-0.0305833
-0.0302812
-0.0301164
-0.0298006
-0.0293337
-0.0290728
-0.0293063
-0.0299516
-0.0305421
-0.0306657
-0.0303361
-0.0299791
-0.0299928
-0.0303773
-0.0308304
-0.0312286
-0.0316406
-0.0320937
-0.0322859
-0.0320525
-0.0316268
-0.0314346
-0.0315856
-0.0317504
-0.0315582
-0.0311051
-0.0306519
-0.0305009
-0.0307068
-0.0311874
-0.0317092
-0.0319015
-0.0314071
-0.0301439
-0.0284412
-0.0270269
-0.02656
-0.0271917
-0.0283588
-0.0293612
-0.0297869
-0.029677
-0.0292239
-0.0287158
-0.0284137
-0.0284137
-0.0285785
-0.0287982
-0.0290042
-0.0293612
-0.0300066
-0.030803
-0.0313659
-0.0311874
-0.0301439
-0.028757
-0.027837
-0.027892
-0.0287296
-0.0298143
-0.0306107
-0.0308304
-0.0305283
-0.0300477
-0.0297731
-0.0297182
-0.0295397
-0.0291964
-0.0290454
-0.0295397
-0.0306107
-0.0316818
-0.0322173
-0.03208
-0.0314346
-0.0305009
-0.0292513
-0.0277409
-0.0263403
-0.025695
-0.026203
-0.0274251
-0.0284961
-0.0289355
-0.0291003
-0.0295122
-0.0301439
-0.0304322
-0.0300066
-0.0290179
-0.0278233
-0.0268896
-0.026615
-0.027274
-0.0286884
-0.0302263
-0.0311737
-0.0311051
-0.0300752
-0.0287296
-0.0279194
-0.0279881
-0.0285785
-0.0290866
-0.0292651
-0.0293475
-0.0295397
-0.0297869
-0.0298143
-0.0293887
-0.028551
-0.0276448
-0.0271505
-0.0273427
-0.0282627
-0.0296495
-0.0310913
-0.0319152
-0.0316406
-0.0303086
-0.0285373
-0.0270818
-0.0264502
-0.0268484
-0.0280155
-0.0294298
-0.0304185
-0.0306794
-0.0304597
-0.0302949
-0.0302674
-0.0301027
-0.0296084
-0.0289767
-0.0285373
-0.0282902
-0.0278782
-0.0270132
-0.0257636
-0.0247063
-0.0243218
-0.0245965
-0.0250771
-0.0253929
-0.0254615
-0.0254066
-0.0253791
-0.0255988
-0.0261206
-0.026766
-0.0271917
-0.0271093
-0.0266973
-0.0265188
-0.0271779
-0.0287433
-0.0304734
-0.0312149
-0.0302812
-0.028043
-0.0257087
-0.0242806
-0.0239236
-0.0241159
-0.0244042
-0.0248024
-0.0255027
-0.02656
-0.0277134
-0.0285922
-0.0289355
-0.0288119
-0.0284961
-0.028194
-0.0278233
-0.0272191
-0.0264364
-0.0256538
-0.0250496
-0.0246651
-0.0245278
-0.0247338
-0.0253791
-0.0264364
-0.0275624
-0.0282352
-0.0281391
-0.0273152
-0.0260657
-0.0248162
-0.0239099
-0.0235529
-0.0235666
-0.0234568
-0.0228389
-0.0218365
-0.0209714
-0.0204908
-0.0203535
-0.020532
-0.0212049
-0.0224956
-0.0239374
-0.0248436
-0.0248299
-0.0241708
-0.0234705
-0.023292
-0.0237863
-0.0246514
-0.0254753
-0.0261206
-0.0267111
-0.0272466
-0.02748
-0.0270132
-0.0257224
-0.0239374
-0.0223995
-0.0219463
-0.0229213
-0.0247338
-0.0263541
-0.026972
-0.0264502
-0.0251594
-0.0236353
-0.0225231
-0.0223034
-0.0229075
-0.0236765
-0.0240335
-0.0238824
-0.0234568
-0.023086
-0.0229487
-0.0229899
-0.0229762
-0.0227016
-0.0222484
-0.021864
-0.0217129
-0.0217266
-0.0217953
-0.0219326
-0.0221935
-0.0225505
-0.0229213
-0.0232645
-0.0236765
-0.0241708
-0.0246377
-0.0247887
-0.0245553
-0.0241571
-0.0239099
-0.0238138
-0.0235941
-0.0229899
-0.0222072
-0.0216305
-0.021452
-0.0215756
-0.0219463
-0.0225093
-0.0231547
-0.0236627
-0.0239786
-0.0242532
-0.0246926
-0.0250908
-0.0251457
-0.0247612
-0.0239511
-0.022578
-0.0206693
-0.0188156
-0.0179918
-0.0186921
-0.0204771
-0.0224269
-0.0238687
-0.0247338
-0.0252968
-0.0257087
-0.0257773
-0.0252556
-0.0243081
-0.0235117
-0.0233607
-0.0238412
-0.0244866
-0.0248162
-0.0246789
-0.024363
-0.0244317
-0.0251045
-0.025997
-0.026203
-0.0250771
-0.0228251
-0.0206007
-0.0197905
-0.0210126
-0.0235529
-0.0258597
-0.0266424
-0.025846
-0.024418
-0.0234293
-0.023292
-0.0237863
-0.0243768
-0.0245415
-0.0241159
-0.0233744
-0.0229213
-0.0231547
-0.0238824
-0.0243768
-0.0240747
-0.0230036
-0.0217404
-0.0209577
-0.020889
-0.0211911
-0.0215344
-0.0219875
-0.0227977
-0.0238412
-0.0245278
-0.0245278
-0.0241021
-0.0237726
-0.0236216
-0.0233057
-0.0224132
-0.0209989
-0.019667
-0.0193374
-0.0205458
-0.0230448
-0.0256126
-0.026917
-0.0263403
-0.0244592
-0.0224407
-0.0212323
-0.0210264
-0.0215069
-0.0221249
-0.0225368
-0.0226329
-0.0225505
-0.0223308
-0.0221111
-0.0220974
-0.0225093
-0.0232508
-0.0238824
-0.0239511
-0.0233195
-0.022372
-0.021809
-0.0221935
-0.0234293
-0.0247338
-0.025283
-0.0249535
-0.0241708
-0.0233881
-0.0227702
-0.0223583
-0.022372
-0.0230311
-0.0242395
-0.0255988
-0.0266287
-0.0269308
-0.0263541
-0.0250221
-0.0234156
-0.0222072
-0.0220562
-0.0230036
-0.0243218
-0.0250221
-0.0247612
-0.0239374
-0.0231272
-0.0225917
-0.0222759
-0.0220699
-0.0219326
-0.0217953
-0.0216992
-0.0217266
-0.0219326
-0.0223308
-0.0228938
-0.0233469
-0.0232371
-0.0222072
-0.0204496
-0.0187607
-0.0180604
-0.0187195
-0.0203947
-0.0222347
-0.023443
-0.0237589
-0.0235254
-0.0232645
-0.0233469
-0.0237451
-0.0242669
-0.02472
-0.0250633
-0.0251869
-0.0250633
-0.0247063
-0.0242532
-0.0238138
-0.0233744
-0.0228938
-0.0224269
-0.022166
-0.0223995
-0.0231547
-0.0240884
-0.0247475
-0.0249123
-0.0247612
