LECROYHDO9204-MSöv,30454,Waveform
Segments,1,SegmentSize,2002
Ampl
-0.0149709
-0.0151357
-0.0155751
-0.0162754
-0.0170306
-0.0174837
-0.0173464
-0.0165225
-0.0152593
-0.0139411
-0.0128838
-0.0121972
-0.0119775
-0.0123345
-0.0131858
-0.0141745
-0.0148199
-0.0149297
-0.0146276
-0.0142706
-0.0141196
-0.014202
-0.0144628
-0.0147924
-0.0151769
-0.0154515
-0.0153691
-0.014916
-0.0144079
-0.0142843
-0.014559
-0.0147924
-0.0146276
-0.0140234
-0.013282
-0.0127876
-0.01287
-0.0136115
-0.0147375
-0.0156849
-0.0160557
-0.0158497
-0.0153416
-0.0146963
-0.0140921
-0.0137626
-0.0138449
-0.0143118
-0.0149297
-0.0153554
-0.015273
-0.0144491
-0.0131035
-0.0118539
-0.011442
-0.0121148
-0.013433
-0.0145178
-0.0148061
-0.0144217
-0.0139685
-0.0139136
-0.0142294
-0.0145727
-0.0147237
-0.01471
-0.0145727
-0.0142431
-0.0138175
-0.0135017
-0.0134055
-0.0135017
-0.0138449
-0.0144903
-0.015273
-0.0158497
-0.0161518
-0.0163989
-0.0167971
-0.017113
-0.0170031
-0.0163715
-0.015479
-0.014559
-0.0138587
-0.0135291
-0.0135978
-0.0139823
-0.0145315
-0.0150945
-0.0155613
-0.0157536
-0.0156025
-0.0151494
-0.0146139
-0.0142294
-0.0142569
-0.014861
-0.0159733
-0.0170992
-0.0177034
-0.0173876
-0.0161243
-0.0142294
-0.0124306
-0.0116891
-0.0125954
-0.0147787
-0.0168933
-0.0175249
-0.0160831
-0.0132408
-0.0104121
-0.00880559
-0.0087644
-0.0098217
-0.0113596
-0.0128838
-0.0140646
-0.0146414
-0.0146139
-0.0143255
-0.014353
-0.0149434
-0.0157948
-0.0163303
-0.016193
-0.015424
-0.0143667
-0.013282
-0.0122796
-0.0115244
-0.0112497
-0.0115656
-0.0121423
-0.0124718
-0.0122659
-0.0117029
-0.0111399
-0.0108927
-0.0112497
-0.0124169
-0.014147
-0.01563
-0.0160419
-0.0150945
-0.0132133
-0.0112909
-0.010316
-0.0107554
-0.0122521
-0.0138312
-0.0146963
-0.0147375
-0.0142843
-0.0136802
-0.0132408
-0.0130897
-0.0131584
-0.0132408
-0.0132682
-0.0132682
-0.0132545
-0.0131721
-0.0131309
-0.0132957
-0.0137626
-0.014353
-0.0148748
-0.0152867
-0.0156025
-0.015781
-0.0156849
-0.0153279
-0.0148199
-0.0142569
-0.01379
-0.0136802
-0.0142569
-0.0154927
-0.0168383
-0.0175249
-0.0171679
-0.0160694
-0.0149709
-0.0144354
-0.0145178
-0.0148748
-0.0151082
-0.0151357
-0.0150258
-0.0148885
-0.0149297
-0.0153416
-0.0161243
-0.0169894
-0.0176073
-0.0176759
-0.017113
-0.0161106
-0.0150945
-0.0144628
-0.0144217
-0.0148336
-0.015424
-0.0158497
-0.0159733
-0.0158634
-0.0155888
-0.0149709
-0.0138037
-0.0123757
-0.0113321
-0.0110712
-0.011442
-0.0121423
-0.0131035
-0.0142843
-0.0154378
-0.0160007
-0.0157261
-0.014861
-0.013996
-0.0136115
-0.0138999
-0.0147375
-0.0157261
-0.0164127
-0.0165225
-0.0161106
-0.015479
-0.0149297
-0.0145727
-0.0142706
-0.013996
-0.0139411
-0.0144766
-0.0157261
-0.0171542
-0.0180055
-0.0177995
-0.0166461
-0.0150533
-0.0136939
-0.0130897
-0.0134467
-0.0145727
-0.0159733
-0.0171679
-0.0176622
-0.0171679
-0.0158634
-0.0143667
-0.0133094
-0.0128563
-0.0127053
-0.0125679
-0.012362
-0.0121697
-0.0122247
-0.0127876
-0.01379
-0.0146414
-0.0147649
-0.0142157
-0.0136115
-0.0134879
-0.0138312
-0.0142294
-0.0143118
-0.0140372
-0.0135291
-0.012925
-0.0122796
-0.0116617
-0.0112772
-0.0114283
-0.0123345
-0.01379
-0.0150945
-0.01563
-0.0151357
-0.0138724
-0.0124169
-0.0114969
-0.0115793
-0.012719
-0.014353
-0.0157398
-0.0163166
-0.015836
-0.0144903
-0.0128014
-0.0114145
-0.010728
-0.0108515
-0.0116891
-0.0129936
-0.0143255
-0.0152455
-0.0155888
-0.0155339
-0.0153966
-0.015424
-0.0156712
-0.0157948
-0.0154378
-0.0146139
-0.0139136
-0.0138587
-0.0143118
-0.0146139
-0.0145178
-0.0143942
-0.01471
-0.0155064
-0.0163577
-0.0168933
-0.0170168
-0.0170031
-0.017113
-0.0172091
-0.0167971
-0.0155339
-0.0136115
-0.0117715
-0.010673
-0.010522
-0.0110712
-0.0119226
-0.0127739
-0.0135429
-0.0143255
-0.0151082
-0.0156849
-0.0158085
-0.0153416
-0.0143805
-0.0132133
-0.0122521
-0.012005
-0.0128563
-0.0146963
-0.0168658
-0.01839
-0.018541
-0.0171954
-0.0150396
-0.0131309
-0.012362
-0.0128426
-0.0139273
-0.0147512
-0.0148061
-0.0142569
-0.013639
-0.0133918
-0.013433
-0.0133643
-0.0129799
-0.0126503
-0.0129112
-0.0137214
-0.0143393
-0.0140646
-0.0130073
-0.012005
-0.0118265
-0.0126641
-0.0138861
-0.0145315
-0.0140234
-0.0127739
-0.0116891
-0.0114832
-0.0121285
-0.0131721
-0.0140921
-0.0146551
-0.0148748
-0.0148473
-0.0147512
-0.0147649
-0.0149709
-0.0152043
-0.0149434
-0.0138999
-0.0123894
-0.0113184
-0.0112909
-0.0121835
-0.0133918
-0.0142981
-0.0145727
-0.0141608
-0.0133506
-0.0127602
-0.0127876
-0.0133094
-0.0139136
-0.0143805
-0.0147649
-0.0152181
-0.0157261
-0.0162479
-0.0168109
-0.0173327
-0.0174837
-0.0170855
-0.0163577
-0.0158497
-0.0160145
-0.0167834
-0.0175661
-0.0176622
-0.0169345
-0.0158634
-0.0151906
-0.0151769
-0.0154927
-0.0156987
-0.0155751
-0.0151631
-0.0144628
-0.0135017
-0.0124032
-0.0114283
-0.0108378
-0.0107417
-0.0110712
-0.0116754
-0.0124993
-0.0136802
-0.0153279
-0.017113
-0.0183076
-0.0182938
-0.0171404
-0.0155476
-0.0141608
-0.0133506
-0.013227
-0.013639
-0.0143393
-0.0150396
-0.0155476
-0.0157673
-0.0157398
-0.015836
-0.0164539
-0.0177858
-0.019667
-0.0219601
-0.0246926
-0.0276173
-0.0302949
-0.0325331
-0.0348125
-0.0380256
-0.0428315
-0.049244
-0.0566588
-0.0641423
-0.0708706
-0.0767338
-0.0823224
-0.0885976
-0.0962184
-0.105199
-0.115112
-0.125356
-0.135352
-0.144992
-0.154631
-0.164833
-0.175708
-0.186954
-0.198214
-0.209295
-0.220046
-0.23007
-0.238982
-0.246767
-0.254072
-0.261817
-0.270591
-0.280203
-0.289705
-0.297985
-0.304411
-0.309244
-0.313226
-0.317085
-0.321163
-0.325598
-0.330253
-0.334523
-0.337324
-0.337956
-0.336858
-0.335306
-0.334317
-0.333892
-0.333438
-0.332491
-0.330967
-0.328935
-0.326573
-0.324142
-0.321739
-0.319268
-0.316467
-0.313185
-0.309436
-0.305399
-0.30139
-0.297655
-0.294154
-0.290762
-0.287535
-0.284844
-0.282853
-0.281095
-0.278843
-0.27574
-0.272156
-0.268833
-0.266211
-0.264247
-0.262791
-0.261707
-0.260773
-0.259661
-0.258137
-0.256365
-0.25491
-0.254319
-0.254621
-0.255418
-0.256393
-0.257491
-0.2587
-0.259729
-0.260045
-0.259372
-0.258123
-0.257148
-0.257203
-0.258452
-0.26043
-0.262503
-0.26422
-0.265579
-0.266911
-0.268517
-0.270165
-0.27136
-0.272005
-0.272678
-0.274037
-0.276248
-0.278843
-0.28115
-0.282702
-0.283333
-0.283223
-0.282729
-0.282152
-0.281727
-0.281644
-0.282125
-0.283141
-0.284336
-0.285105
-0.28516
-0.284665
-0.284143
-0.283855
-0.283677
-0.283416
-0.283182
-0.283182
-0.283429
-0.283553
-0.283333
-0.283059
-0.283347
-0.284363
-0.285544
-0.28608
-0.285558
-0.284322
-0.283141
-0.282564
-0.282633
-0.282784
-0.282331
-0.280862
-0.27872
-0.276797
-0.275836
-0.275877
-0.276509
-0.277347
-0.278239
-0.279035
-0.279296
-0.278459
-0.276358
-0.273612
-0.271456
-0.270865
-0.271868
-0.273557
-0.274889
-0.275383
-0.27515
-0.274408
-0.273337
-0.272239
-0.271387
-0.270893
-0.27055
-0.27022
-0.270069
-0.270481
-0.271703
-0.273406
-0.274793
-0.274999
-0.273831
-0.27206
-0.270838
-0.270865
-0.271799
-0.272623
-0.272582
-0.271689
-0.270632
-0.269987
-0.269932
-0.27022
-0.27055
-0.270756
-0.270714
-0.270412
-0.269945
-0.26963
-0.269781
-0.270453
-0.271401
-0.272376
-0.273255
-0.273818
-0.27379
-0.273049
-0.271703
-0.270151
-0.268778
-0.267968
-0.268037
-0.268929
-0.270042
-0.270605
-0.270124
-0.268874
-0.267611
-0.267007
-0.267185
-0.267803
-0.268435
-0.268874
-0.269012
-0.268723
-0.268037
-0.267282
-0.266952
-0.267419
-0.268586
-0.269904
-0.270714
-0.27055
-0.269341
-0.267501
-0.265661
-0.264398
-0.26389
-0.263917
-0.264041
-0.263959
-0.263698
-0.263464
-0.263368
-0.263231
-0.262723
-0.261652
-0.260292
-0.259276
-0.259029
-0.259441
-0.260045
-0.260457
-0.260663
-0.260691
-0.260334
-0.259331
-0.257793
-0.256324
-0.255583
-0.255898
-0.257011
-0.258398
-0.259496
-0.259839
-0.259112
-0.257464
-0.255432
-0.253825
-0.253138
-0.253276
-0.253839
-0.254264
-0.254168
-0.253399
-0.252136
-0.250873
-0.250269
-0.250708
-0.251944
-0.25307
-0.253207
-0.252122
-0.250461
-0.249253
-0.249047
-0.249761
-0.250832
-0.251669
-0.251889
-0.251395
-0.250351
-0.249101
-0.247989
-0.247097
-0.246438
-0.246204
-0.246644
-0.247605
-0.248333
-0.248085
-0.246781
-0.244996
-0.24354
-0.242895
-0.243101
-0.24376
-0.244296
-0.244323
-0.243801
-0.243128
-0.242868
-0.243293
-0.244158
-0.244859
-0.244968
-0.244625
-0.244158
-0.24365
-0.242991
-0.242126
-0.241151
-0.240327
-0.239778
-0.239448
-0.239119
-0.238789
-0.238707
-0.238995
-0.239407
-0.23949
-0.238968
-0.237952
-0.236881
-0.236194
-0.236112
-0.236496
-0.237073
-0.237595
-0.237883
-0.237773
-0.237197
-0.236318
-0.235439
-0.234766
-0.23434
-0.234176
-0.234244
-0.234409
-0.234437
-0.234231
-0.233874
-0.233599
-0.233558
-0.233626
-0.233544
-0.233077
-0.23213
-0.230976
-0.23018
-0.230331
-0.231402
-0.232487
-0.232487
-0.231072
-0.229054
-0.227749
-0.227887
-0.229219
-0.23066
-0.231182
-0.230551
-0.229383
-0.228436
-0.227997
-0.227873
-0.227681
-0.227392
-0.227132
-0.227035
-0.226926
-0.226651
-0.226431
-0.226775
-0.227804
-0.229068
-0.229823
-0.229562
-0.228189
-0.225992
-0.223561
-0.22168
-0.220829
-0.220898
-0.221392
-0.221941
-0.222532
-0.223259
-0.223864
-0.223699
-0.222394
-0.220293
-0.218247
-0.217094
-0.216998
-0.217369
-0.217437
-0.216874
-0.216009
-0.215405
-0.215295
-0.215611
-0.21616
-0.216751
-0.217149
-0.21697
-0.216023
-0.214375
-0.212439
-0.210778
-0.209885
-0.20994
-0.210709
-0.211753
-0.212467
-0.212453
-0.211698
-0.210723
-0.210105
-0.209995
-0.21005
-0.209885
-0.209432
-0.208951
-0.208691
-0.208691
-0.208828
-0.208951
-0.208993
-0.209075
-0.209254
-0.20946
-0.209501
-0.209281
-0.208814
-0.208183
-0.207496
-0.20696
-0.206864
-0.207153
-0.207455
-0.207482
-0.207304
-0.207304
-0.207606
-0.207935
-0.207812
-0.206809
-0.204997
-0.202855
-0.201083
-0.200411
-0.201193
-0.203184
-0.205464
-0.206892
-0.206851
-0.205697
-0.204283
-0.203143
-0.202292
-0.201454
-0.200603
-0.199903
-0.199381
-0.198941
-0.198502
-0.1982
-0.198241
-0.198612
-0.198914
-0.198777
-0.198269
-0.197898
-0.198021
-0.198447
-0.198584
-0.197967
-0.196717
-0.195275
-0.194108
-0.193518
-0.193559
-0.194232
-0.195234
-0.195975
-0.195921
-0.195001
-0.193669
-0.19246
-0.191733
-0.19165
-0.192254
-0.193257
-0.193957
-0.193531
-0.191746
-0.189165
-0.186776
-0.185279
-0.184771
-0.185032
-0.185856
-0.18716
-0.188725
-0.190085
-0.190785
-0.190813
-0.190538
-0.190222
-0.189769
-0.189082
-0.18841
-0.188121
-0.188313
-0.188712
-0.18889
-0.18867
-0.187956
-0.186776
-0.185375
-0.184235
-0.183755
-0.184016
-0.184675
-0.185224
-0.185238
-0.184469
-0.183137
-0.181805
-0.180981
-0.180624
-0.180336
-0.179951
-0.179814
-0.180281
-0.181036
-0.181283
-0.180391
-0.178551
-0.176642
-0.17564
-0.175873
-0.176793
-0.177466
-0.177329
-0.176463
-0.17542
-0.174706
-0.174459
-0.174376
-0.174061
-0.173498
-0.173113
-0.173168
-0.173415
-0.173415
-0.173099
-0.172605
-0.17196
-0.170875
-0.169296
-0.167703
-0.16681
-0.16692
-0.16773
-0.168623
-0.169145
-0.169158
-0.168815
-0.168197
-0.16725
-0.166
-0.164957
-0.164929
-0.166165
-0.16784
-0.168637
-0.167827
-0.165877
-0.16405
-0.163419
-0.164284
-0.166165
-0.168225
-0.169818
-0.170545
-0.17012
-0.168527
-0.16622
-0.163982
-0.162513
-0.162073
-0.162444
-0.163034
-0.163185
-0.162568
-0.161538
-0.160933
-0.16129
-0.162403
-0.163529
-0.16405
-0.163803
-0.163034
-0.162156
-0.16151
-0.16129
-0.161579
-0.162114
-0.162458
-0.162238
-0.161551
-0.160837
-0.160384
-0.160151
-0.159904
-0.159588
-0.159258
-0.158942
-0.158599
-0.158187
-0.157652
-0.156993
-0.156347
-0.155963
-0.156004
-0.156265
-0.15632
-0.155812
-0.154905
-0.154274
-0.15448
-0.155386
-0.156128
-0.155963
-0.155029
-0.154164
-0.154082
-0.154576
-0.154796
-0.15415
-0.152777
-0.15139
-0.15069
-0.150882
-0.151706
-0.152626
-0.153271
-0.153464
-0.153107
-0.152091
-0.150512
-0.148905
-0.147903
-0.147765
-0.148177
-0.14874
-0.149331
-0.149949
-0.150402
-0.150415
-0.149976
-0.149399
-0.149029
-0.148878
-0.148699
-0.14826
-0.147532
-0.146735
-0.146104
-0.145802
-0.145898
-0.146351
-0.146941
-0.147312
-0.147147
-0.146447
-0.145404
-0.144236
-0.143124
-0.142259
-0.141696
-0.141284
-0.140831
-0.140501
-0.140447
-0.140529
-0.140309
-0.139609
-0.138813
-0.138524
-0.138895
-0.139485
-0.139678
-0.13917
-0.138236
-0.137426
-0.137179
-0.137563
-0.138332
-0.13917
-0.139774
-0.139856
-0.139211
-0.138112
-0.137206
-0.137041
-0.137522
-0.138016
-0.138057
-0.13781
-0.137865
-0.13851
-0.139362
-0.139595
-0.13884
-0.137632
-0.136931
-0.137124
-0.137687
-0.137838
-0.137165
-0.135929
-0.134776
-0.134377
-0.134899
-0.135696
-0.135805
-0.134968
-0.133883
-0.133457
-0.134007
-0.13505
-0.135778
-0.135668
-0.134707
-0.133251
-0.131755
-0.130505
-0.129503
-0.128748
-0.128363
-0.12861
-0.12953
-0.130807
-0.131796
-0.131919
-0.131123
-0.129956
-0.129146
-0.128995
-0.129118
-0.128885
-0.127937
-0.126523
-0.125315
-0.124862
-0.125095
-0.125342
-0.125026
-0.124203
-0.123447
-0.123392
-0.124079
-0.125081
-0.125754
-0.125754
-0.125109
-0.124175
-0.123434
-0.1232
-0.123516
-0.124203
-0.124971
-0.125425
-0.125219
-0.124367
-0.123337
-0.122802
-0.12309
-0.123997
-0.124862
-0.124917
-0.123873
-0.122198
-0.120797
-0.12044
-0.121182
-0.122376
-0.123324
-0.123626
-0.123434
-0.12309
-0.122843
-0.122692
-0.1225
-0.12228
-0.122143
-0.122047
-0.121621
-0.12066
-0.119561
-0.119163
-0.119836
-0.120948
-0.12136
-0.120701
-0.119754
-0.119575
-0.120234
-0.12077
-0.120344
-0.119136
-0.117996
-0.117557
-0.117818
-0.118394
-0.118957
-0.119314
-0.119452
-0.119575
-0.11985
-0.120069
-0.119822
-0.118985
-0.117969
-0.117351
-0.1172
-0.117158
-0.116939
-0.116637
-0.116582
-0.116952
-0.117612
-0.118161
-0.118312
-0.118037
-0.117557
-0.117062
-0.116664
-0.116321
-0.115785
-0.114769
-0.113273
-0.111886
-0.111433
-0.112174
-0.113643
-0.115016
-0.115785
-0.115827
-0.115291
-0.114385
-0.113451
-0.112874
-0.112984
-0.113739
-0.114508
-0.114412
-0.113067
-0.111089
-0.109579
-0.109167
-0.109661
-0.11032
-0.110595
-0.110458
-0.110224
-0.110183
-0.110156
-0.10962
-0.108508
-0.107533
-0.107656
-0.109126
-0.111076
-0.112353
-0.112504
-0.112064
-0.111886
-0.112147
-0.112078
-0.11087
-0.108563
-0.106146
-0.104787
-0.104951
-0.106283
-0.107876
-0.108865
-0.108714
-0.107464
-0.105679
-0.1041
-0.103372
-0.103606
-0.104485
-0.105308
-0.105391
-0.104526
-0.103194
-0.10226
-0.102288
-0.103221
-0.104608
-0.105968
-0.106956
-0.107423
-0.107382
-0.106942
-0.106215
-0.105363
-0.104539
-0.103839
-0.103235
-0.102617
-0.101834
-0.100942
-0.100132
-0.0996649
-0.0998022
-0.100475
-0.101313
-0.101848
-0.101972
-0.101834
-0.10167
-0.101574
-0.101587
-0.101711
-0.101821
-0.101697
-0.101244
-0.10053
-0.0997336
-0.0989371
-0.0982643
-0.097921
-0.0980034
-0.0983055
-0.0984154
-0.0980446
-0.0972482
-0.0963282
-0.0956279
-0.0954082
-0.0956966
-0.0963145
-0.0969324
-0.0971658
-0.0969324
-0.0965617
-0.0965891
-0.0971109
-0.0974816
-0.0968637
-0.095216
-0.0935408
-0.0929915
-0.0937605
-0.095065
-0.0959987
-0.0962458
-0.0960811
-0.0960948
-0.0966303
-0.0976739
-0.0988273
-0.0995001
-0.099404
-0.0986213
-0.0975915
-0.0966852
-0.0959849
-0.0953258
-0.0947629
-0.0946942
-0.0953533
-0.0963145
-0.0967402
-0.0961223
-0.0948041
-0.0937056
-0.0934721
-0.0940076
-0.0947491
-0.0951885
-0.0952572
-0.0951199
-0.0949963
-0.0949414
-0.0947903
-0.094447
-0.0938841
-0.0932112
-0.0927169
-0.0927718
-0.0934584
-0.0943097
-0.0946805
-0.0941862
-0.0930053
-0.0914948
-0.0900805
-0.0891193
-0.0888173
-0.0892292
-0.0902728
-0.0918107
-0.0934996
-0.0946256
-0.0945569
-0.0933623
-0.0918656
-0.0909319
-0.0907259
-0.0908083
-0.0907259
-0.0904101
-0.0900805
-0.0899707
-0.0900256
-0.0899295
-0.0895175
-0.0888859
-0.0882405
-0.0877188
-0.0873892
-0.0873892
-0.0877737
-0.0883367
-0.0888173
-0.0892017
-0.0895862
-0.0898883
-0.0897784
-0.0891331
-0.0882543
-0.0875265
-0.0869635
-0.0864143
-0.0857964
-0.0852471
-0.0849313
-0.0849176
-0.0850686
-0.0850274
-0.084437
-0.0832973
-0.082089
-0.0815535
-0.0821027
-0.0836131
-0.0854394
-0.08684
-0.0875265
-0.0877737
-0.0879934
-0.0881582
-0.0878698
-0.0870047
-0.0859886
-0.0854394
-0.0854668
-0.0856316
-0.0855355
-0.0851648
-0.0847528
-0.0844782
-0.0843409
-0.0842448
-0.0840251
-0.0836543
-0.0832287
-0.0830639
-0.083366
-0.0841349
-0.0850549
-0.0857415
-0.0859474
-0.0856316
-0.0848901
-0.0837779
-0.0823361
-0.0808669
-0.0797135
-0.079123
-0.0792329
-0.0801117
-0.0816358
-0.083311
-0.0843958
-0.0844645
-0.0835033
-0.0819105
-0.080249
-0.079123
-0.0789445
-0.079686
-0.0807433
-0.0815123
-0.0816496
-0.0812926
-0.0807845
-0.0804138
-0.0801529
-0.0797409
-0.0789583
-0.0780383
-0.0776813
-0.0783816
-0.0798645
-0.0813338
-0.0820752
-0.0818555
-0.0808532
-0.079535
-0.0784777
-0.078203
-0.0787798
-0.0798233
-0.0807296
-0.0810454
-0.0805511
-0.0794251
-0.0779971
-0.0767613
-0.0761296
-0.0763081
-0.0771595
-0.0781207
-0.0785189
-0.0780108
-0.0767887
-0.0753882
-0.0743308
-0.0739876
-0.0743858
-0.0752096
-0.0760884
-0.0768711
-0.077695
-0.078615
-0.0792329
-0.078972
-0.0775165
-0.0752234
-0.0729715
-0.0716945
-0.0717494
-0.0727243
-0.0736992
-0.0739326
-0.0734109
-0.072738
-0.0726282
-0.0734383
-0.0748252
-0.0760472
-0.0764592
-0.0760335
-0.0752234
-0.0746192
-0.0744407
-0.0747428
-0.0753607
-0.0758687
-0.0757726
-0.0749762
-0.0739738
-0.0733834
-0.0734932
-0.0740837
-0.0746055
-0.0746329
-0.0741249
-0.0734383
-0.0729852
-0.0729715
-0.0734246
-0.0743308
-0.0754568
-0.0762944
-0.0762669
-0.0751685
-0.0733834
-0.071667
-0.0707058
-0.0708157
-0.0717494
-0.072738
-0.0730401
-0.0725046
-0.0716258
-0.0709942
-0.070747
-0.0707607
-0.0709118
-0.0712139
-0.0715297
-0.0716945
-0.0716395
-0.0713786
-0.0709255
-0.0704037
-0.070033
-0.0700604
-0.0704449
-0.070953
-0.0711864
-0.0707607
-0.0696897
-0.0684814
-0.0677536
-0.0677673
-0.0682617
-0.068962
-0.0697721
-0.0706097
-0.0711452
-0.0710216
-0.0703351
-0.0697172
-0.0697721
-0.0704449
-0.0710491
-0.0708843
-0.0699231
-0.0687148
-0.0678772
-0.0678085
-0.0685363
-0.0697721
-0.0708157
-0.0709255
-0.0698682
-0.0681243
-0.0665727
-0.0659411
-0.0663668
-0.0675614
-0.0690306
-0.0703488
-0.0712825
-0.0719142
-0.0722712
-0.0722437
-0.0715983
-0.0701978
-0.0683578
-0.0667375
-0.0660372
-0.0666826
-0.0684264
-0.0704175
-0.0716945
-0.071818
-0.0710079
-0.0697309
-0.0683029
-0.0669847
-0.0661471
-0.0661333
-0.0670121
-0.0685226
-0.0701154
-0.0712001
-0.0713237
-0.0704998
-0.0690855
-0.0676163
-0.0665041
-0.0660235
-0.0661059
-0.0663393
-0.0663393
-0.066202
-0.0664354
-0.0672318
-0.0680282
-0.0679047
-0.0663668
-0.0638677
-0.0615196
-0.0604486
-0.0610391
-0.0627966
-0.0646366
-0.0656802
-0.0656939
-0.0650074
-0.064005
-0.0630026
-0.0622474
-0.0619453
-0.062014
-0.0621513
-0.0620552
-0.0617393
-0.0615883
-0.0619728
-0.0627966
-0.0635244
-0.0636342
-0.0630301
-0.0620689
-0.0611214
-0.0604074
-0.0599268
-0.0596247
-0.0594737
-0.0595424
-0.0598582
-0.0603937
-0.0607782
-0.0605585
-0.0596934
-0.0586773
-0.0581692
-0.0583477
-0.0590343
-0.0599818
-0.0610665
-0.0620689
-0.0626456
-0.0623984
-0.0611901
-0.0593913
-0.0578122
-0.0573591
-0.0583477
-0.0601603
-0.0616707
-0.0619865
-0.0609292
-0.0591304
-0.0577985
-0.0579221
-0.059611
-0.0618767
-0.0633596
-0.0631811
-0.0614235
-0.0588421
-0.056494
-0.0553681
-0.0557937
-0.057263
-0.0588558
-0.0598444
-0.0600092
-0.0596385
-0.0594325
-0.0600092
-0.0613549
-0.0625769
-0.0626456
-0.0613274
-0.0593913
-0.0579495
-0.0577298
-0.0586636
-0.0598994
-0.0604898
-0.0600504
-0.0590618
-0.0584439
-0.0585949
-0.0593364
-0.0601603
-0.0607507
-0.0611214
-0.0614373
-0.0618629
-0.0622611
-0.0623572
-0.0619453
-0.0611901
-0.0604623
-0.0600504
-0.0598856
-0.0597483
-0.05946
-0.059048
-0.0587048
-0.0585674
-0.0585674
-0.0583615
-0.0576474
-0.0563293
-0.0546952
-0.0532809
-0.0527317
-0.0533221
-0.0547502
-0.056343
-0.0574277
-0.0577161
-0.057263
-0.0563842
-0.0554505
-0.0547502
-0.0542696
-0.0537753
-0.0531848
-0.0528141
-0.0531024
-0.0540773
-0.0553406
-0.0562881
-0.056549
-0.0560958
-0.0551346
-0.0539812
-0.0530338
-0.0526081
-0.0529651
-0.0540636
-0.0554642
-0.0564254
-0.0565078
-0.0559173
-0.0551896
-0.0547364
-0.0546129
-0.0547364
-0.0549973
-0.0552857
-0.0556702
-0.0561096
-0.056343
-0.0560409
-0.0552994
-0.0546129
-0.0544206
-0.054654
-0.0549149
-0.0549287
-0.0547364
-0.0545579
-0.0545305
-0.0545854
-0.0543932
-0.0538027
-0.0529651
-0.052306
-0.0521962
-0.0526218
-0.0532535
-0.0536517
-0.0535144
-0.0528278
-0.0519078
-0.0511663
-0.0507819
-0.0506995
-0.0508505
-0.0512624
-0.0520314
-0.0529376
-0.0535556
-0.0535556
-0.0528553
-0.0516469
-0.0502601
-0.0489968
-0.0481455
-0.0478708
-0.0482553
-0.0491616
-0.0501914
-0.0507681
-0.0505896
-0.0497246
-0.0485711
-0.047404
-0.0463879
-0.0456738
-0.0454404
-0.0457425
-0.0464977
-0.0473902
-0.0480219
-0.0482278
-0.0482965
-0.0485986
-0.0491341
-0.0494087
-0.049189
-0.0489144
-0.0493126
-0.050466
-0.0518117
-0.0526768
-0.0528415
-0.0524983
-0.0520039
-0.0514821
-0.0508093
-0.0498207
-0.0486535
-0.047761
-0.0475276
-0.0480905
-0.0493675
-0.0510427
-0.0525394
-0.0531848
-0.052869
-0.0520177
-0.0512624
-0.0509878
-0.0513311
-0.0521138
-0.0528278
-0.0528141
-0.0519627
-0.0509878
-0.0506995
-0.0513998
-0.0526493
-0.0536929
-0.0540361
-0.0538302
-0.053789
-0.0544206
-0.0553269
-0.0555191
-0.0545854
-0.0531985
-0.0523884
-0.0525944
-0.0534732
-0.0544481
-0.0549973
-0.0546815
-0.0534594
-0.0516881
-0.0500404
-0.0491478
-0.0492852
-0.050315
