LECROYHDO9204-MSöv,30454,Waveform
Segments,1,SegmentSize,2002
Ampl
-0.00897037
-0.00965693
-0.0100277
-0.0098217
-0.00892917
-0.00758352
-0.0064301
-0.00610055
-0.00685576
-0.008325
-0.00978051
-0.0105495
-0.0103572
-0.00945096
-0.00858589
-0.00840739
-0.00912141
-0.0104259
-0.0118676
-0.0129936
-0.0134193
-0.0130211
-0.0120462
-0.0108927
-0.00994528
-0.0094235
-0.00946469
-0.0100277
-0.0108653
-0.0114969
-0.0116068
-0.0111948
-0.0106044
-0.0103298
-0.010673
-0.0116068
-0.0127464
-0.0135291
-0.0137214
-0.0134605
-0.013076
-0.0127327
-0.0124306
-0.0121011
-0.0117853
-0.011593
-0.0115518
-0.0115793
-0.0115381
-0.0113733
-0.0112497
-0.0112772
-0.0111811
-0.0106456
-0.00971185
-0.00903902
-0.00932738
-0.0107417
-0.01287
-0.0148748
-0.0159321
-0.0156163
-0.0142431
-0.0125267
-0.0110987
-0.010165
-0.00962946
-0.00946469
-0.0096432
-0.0100826
-0.0105632
-0.0108515
-0.0108241
-0.0104808
-0.00995901
-0.00947842
-0.00934111
-0.0096432
-0.0103572
-0.0111811
-0.0118265
-0.0122109
-0.0124444
-0.0126778
-0.0128563
-0.0128426
-0.0125267
-0.0121148
-0.0119226
-0.0122109
-0.0128838
-0.0135291
-0.0136802
-0.013227
-0.0125267
-0.0121423
-0.0121835
-0.0122933
-0.0120324
-0.0113459
-0.0105495
-0.00994528
-0.00969812
-0.0098217
-0.0102336
-0.0107966
-0.0114694
-0.0122521
-0.0129661
-0.0133094
-0.0131721
-0.0127464
-0.0122796
-0.0119226
-0.0117029
-0.0115518
-0.0114283
-0.0113184
-0.0114008
-0.011799
-0.0124718
-0.0130897
-0.0135017
-0.0138037
-0.0141882
-0.0144903
-0.0144354
-0.0138724
-0.0130073
-0.0121011
-0.0112497
-0.0104396
-0.00980797
-0.00965693
-0.0102474
-0.0113733
-0.0124856
-0.0131446
-0.0133506
-0.0134055
-0.0134605
-0.013584
-0.0139548
-0.0146139
-0.0151769
-0.0151082
-0.0143393
-0.0134605
-0.0130073
-0.012925
-0.0128014
-0.0123482
-0.0116891
-0.0111674
-0.0111536
-0.0116479
-0.0122659
-0.0125817
-0.0125954
-0.0126366
-0.0129112
-0.0132133
-0.0134055
-0.0136527
-0.0140646
-0.0144354
-0.0144491
-0.0141196
-0.0136527
-0.013227
-0.012925
-0.0129661
-0.0133918
-0.0138861
-0.0140509
-0.0137488
-0.013282
-0.0131172
-0.0134467
-0.0141196
-0.0146414
-0.0146551
-0.0141882
-0.0136802
-0.0134605
-0.0135154
-0.0137076
-0.0139136
-0.0139823
-0.0138449
-0.0135291
-0.013227
-0.0130623
-0.0128975
-0.0126366
-0.0123894
-0.012362
-0.0124856
-0.0124444
-0.0120187
-0.0114283
-0.0111674
-0.0116754
-0.0128151
-0.0138724
-0.0140921
-0.0133369
-0.0121972
-0.0113871
-0.011236
-0.0116068
-0.0121285
-0.0124856
-0.0125817
-0.0126778
-0.0131996
-0.0143255
-0.0158222
-0.0171816
-0.0178407
-0.0174013
-0.0160145
-0.0144217
-0.0134742
-0.0134742
-0.0139548
-0.0143805
-0.0146551
-0.0149434
-0.0152043
-0.0151494
-0.0145864
-0.0137214
-0.0130485
-0.0130211
-0.0137488
-0.0149709
-0.0162616
-0.0172503
-0.0176485
-0.0172228
-0.015987
-0.0144903
-0.0135703
-0.0138449
-0.0152455
-0.017058
-0.0185959
-0.0195571
-0.0199553
-0.019818
-0.019104
-0.0178819
-0.0164813
-0.0154515
-0.0151357
-0.0153142
-0.015424
-0.0152455
-0.0151357
-0.0155613
-0.0166049
-0.0180192
-0.0194473
-0.0203398
-0.0200652
-0.0182938
-0.0155064
-0.0128151
-0.0113459
-0.0115793
-0.0129936
-0.0146002
-0.0155888
-0.0157261
-0.0152455
-0.0144491
-0.0135429
-0.0125405
-0.0113596
-0.00998648
-0.00873694
-0.00809157
-0.00827008
-0.00906649
-0.0100826
-0.011085
-0.0118127
-0.01195
-0.0114832
-0.0109339
-0.010879
-0.0114145
-0.0119775
-0.0120736
-0.0116754
-0.0111262
-0.0107554
-0.010673
-0.0107005
-0.0105906
-0.0101101
-0.0094235
-0.00908022
-0.00961573
-0.0110575
-0.0128563
-0.0141608
-0.0144079
-0.0136252
-0.0124169
-0.011442
-0.0110026
-0.0110026
-0.0112497
-0.0116479
-0.0121285
-0.0125267
-0.0127876
-0.0130485
-0.0133781
-0.0135566
-0.0134879
-0.0133369
-0.0132545
-0.0131446
-0.0129936
-0.0131035
-0.0138175
-0.0150807
-0.0164539
-0.0174562
-0.0179368
-0.0178956
-0.0174837
-0.0167697
-0.0159321
-0.0151769
-0.0146825
-0.014504
-0.014504
-0.0144491
-0.0141608
-0.0135566
-0.0128014
-0.0122109
-0.0120873
-0.0124581
-0.0130348
-0.0134193
-0.0135429
-0.0134742
-0.0132957
-0.0128975
-0.0122384
-0.0114008
-0.0104945
-0.00967066
-0.0092038
-0.00947842
-0.0106593
-0.012362
-0.0138449
-0.0143805
-0.0137488
-0.012362
-0.011085
-0.010522
-0.0106593
-0.0110026
-0.0112772
-0.0116342
-0.0122796
-0.0130485
-0.0135978
-0.0137626
-0.0134879
-0.0127464
-0.0117441
-0.0108653
-0.0105083
-0.0107417
-0.0113459
-0.0119912
-0.0124306
-0.0125817
-0.0125267
-0.0122933
-0.0119775
-0.0117578
-0.0120187
-0.0128563
-0.013996
-0.0149297
-0.0152867
-0.0150533
-0.0143667
-0.0134879
-0.0128151
-0.0126091
-0.0128151
-0.013076
-0.0131996
-0.0132545
-0.0133232
-0.0132408
-0.0129661
-0.012719
-0.0127876
-0.0131996
-0.0138587
-0.0146825
-0.0155888
-0.0162754
-0.0163303
-0.0155613
-0.0142431
-0.0129112
-0.0120324
-0.0117166
-0.0118402
-0.0122933
-0.0130623
-0.0141058
-0.0150533
-0.0154927
-0.0151769
-0.0142706
-0.0131584
-0.0124306
-0.0126641
-0.0138587
-0.0151631
-0.0154378
-0.0144079
-0.0128426
-0.0119088
-0.0122109
-0.0135703
-0.0153142
-0.0169207
-0.0180055
-0.0183213
-0.0177721
-0.0167422
-0.0160831
-0.0166598
-0.0185822
-0.021095
-0.0232371
-0.0245965
-0.0255714
-0.0268758
-0.0291003
-0.0326018
-0.0375999
-0.0440673
-0.0514684
-0.0591716
-0.0668062
-0.0744132
-0.082089
-0.0899295
-0.0980309
-0.10664
-0.115799
-0.125356
-0.134995
-0.144552
-0.154205
-0.164366
-0.175351
-0.187023
-0.198694
-0.209734
-0.219772
-0.228862
-0.237251
-0.245216
-0.253042
-0.261006
-0.269231
-0.27769
-0.286025
-0.293755
-0.300497
-0.306086
-0.31059
-0.314435
-0.318142
-0.322069
-0.325955
-0.329168
-0.331173
-0.332052
-0.332395
-0.332848
-0.33359
-0.334207
-0.333988
-0.332518
-0.329841
-0.326326
-0.322316
-0.318128
-0.314077
-0.310315
-0.30691
-0.303889
-0.301404
-0.299619
-0.298424
-0.297325
-0.295733
-0.293549
-0.290995
-0.288304
-0.285379
-0.282098
-0.278651
-0.275534
-0.27298
-0.270893
-0.269067
-0.267529
-0.266348
-0.265414
-0.264357
-0.262901
-0.261144
-0.259592
-0.258727
-0.258645
-0.259057
-0.25951
-0.25962
-0.259317
-0.258878
-0.258645
-0.258823
-0.259304
-0.259784
-0.260141
-0.260526
-0.261377
-0.263011
-0.265181
-0.267323
-0.269067
-0.270714
-0.272705
-0.275012
-0.277099
-0.278459
-0.279022
-0.279022
-0.278802
-0.278802
-0.279365
-0.280573
-0.282221
-0.283965
-0.285613
-0.286876
-0.287508
-0.287288
-0.286478
-0.285778
-0.285942
-0.287233
-0.2891
-0.290487
-0.290542
-0.28932
-0.287521
-0.285929
-0.284926
-0.284665
-0.285105
-0.28597
-0.286752
-0.287109
-0.287041
-0.286711
-0.286189
-0.285379
-0.284391
-0.283526
-0.283182
-0.283361
-0.283745
-0.28402
-0.284102
-0.284116
-0.283992
-0.283443
-0.28229
-0.280779
-0.279461
-0.278871
-0.279187
-0.280189
-0.28137
-0.282166
-0.282152
-0.281164
-0.279392
-0.277443
-0.27607
-0.275699
-0.276179
-0.276948
-0.277401
-0.277237
-0.276536
-0.275685
-0.275259
-0.275671
-0.276756
-0.277951
-0.278624
-0.278678
-0.278445
-0.278184
-0.2778
-0.277086
-0.276111
-0.275301
-0.275136
-0.275795
-0.277072
-0.278555
-0.279859
-0.280848
-0.281452
-0.281589
-0.281027
-0.279722
-0.278019
-0.276536
-0.27585
-0.27596
-0.27644
-0.276893
-0.277058
-0.27688
-0.276276
-0.275273
-0.274079
-0.273035
-0.272486
-0.272582
-0.273159
-0.273735
-0.27379
-0.273282
-0.272774
-0.27287
-0.273708
-0.274779
-0.275465
-0.275507
-0.274957
-0.274037
-0.273049
-0.272307
-0.271978
-0.271991
-0.272074
-0.271909
-0.271291
-0.270302
-0.269163
-0.26816
-0.267611
-0.267803
-0.268819
-0.270261
-0.271538
-0.272239
-0.272348
-0.271923
-0.270893
-0.269245
-0.267446
-0.266279
-0.266211
-0.266979
-0.26779
-0.267954
-0.267364
-0.266362
-0.265648
-0.265634
-0.266279
-0.267034
-0.267323
-0.266952
-0.266101
-0.265085
-0.264096
-0.26319
-0.262283
-0.261418
-0.260883
-0.260883
-0.261157
-0.261075
-0.260334
-0.259263
-0.258521
-0.258507
-0.259098
-0.259784
-0.26021
-0.260375
-0.260498
-0.260581
-0.260347
-0.25951
-0.258219
-0.257093
-0.256558
-0.256612
-0.257038
-0.257656
-0.258219
-0.258315
-0.257642
-0.256338
-0.255047
-0.254484
-0.254759
-0.255294
-0.255198
-0.254045
-0.252122
-0.250227
-0.249184
-0.249335
-0.250296
-0.251216
-0.251367
-0.250543
-0.249225
-0.248181
-0.247866
-0.248072
-0.248209
-0.247742
-0.246836
-0.246108
-0.246122
-0.246836
-0.247673
-0.248058
-0.247838
-0.247344
-0.246987
-0.247014
-0.24733
-0.247577
-0.247303
-0.246355
-0.244968
-0.243664
-0.242977
-0.24317
-0.243966
-0.244804
-0.245284
-0.245435
-0.245586
-0.245875
-0.246039
-0.245655
-0.244543
-0.243115
-0.242044
-0.241742
-0.241975
-0.242291
-0.242359
-0.242263
-0.242236
-0.242359
-0.242497
-0.242483
-0.24225
-0.241934
-0.241645
-0.241247
-0.240465
-0.239229
-0.237883
-0.236991
-0.236894
-0.237526
-0.238226
-0.238185
-0.237128
-0.23559
-0.234546
-0.234491
-0.235137
-0.235782
-0.23592
-0.235508
-0.234794
-0.23408
-0.233681
-0.233819
-0.234629
-0.235906
-0.237045
-0.237128
-0.235672
-0.233187
-0.230976
-0.230139
-0.230674
-0.231594
-0.232006
-0.231814
-0.231471
-0.231155
-0.230523
-0.229164
-0.227241
-0.225607
-0.225086
-0.225772
-0.226981
-0.227846
-0.227997
-0.227667
-0.22753
-0.228244
-0.230098
-0.23261
-0.234684
-0.235329
-0.234505
-0.233187
-0.232734
-0.233929
-0.23662
-0.239929
-0.242854
-0.244886
-0.246204
-0.247481
-0.249211
-0.251422
-0.25377
-0.255912
-0.257697
-0.259249
-0.260718
-0.262283
-0.264151
-0.266568
-0.26952
-0.272692
-0.275699
-0.278308
-0.280518
-0.2824
-0.283855
-0.284748
-0.285009
-0.284871
-0.284816
-0.285407
-0.286739
-0.288126
-0.288606
-0.287878
-0.286643
-0.286107
-0.287
-0.289018
-0.291119
-0.292259
-0.292053
-0.290831
-0.28932
-0.288098
-0.287288
-0.28667
-0.28597
-0.285118
-0.284185
-0.283072
-0.281576
-0.279571
-0.277388
-0.27563
-0.274779
-0.27471
-0.274847
-0.274545
-0.273625
-0.272321
-0.270948
-0.269588
-0.268243
-0.267021
-0.266183
-0.265771
-0.265442
-0.264728
-0.263478
-0.261968
-0.260746
-0.260279
-0.260691
-0.261666
-0.262489
-0.262421
-0.261295
-0.259661
-0.258466
-0.258384
-0.259317
-0.260622
-0.261734
-0.262407
-0.262654
-0.262434
-0.261789
-0.260897
-0.260073
-0.259606
-0.259537
-0.259688
-0.259839
-0.259908
-0.259935
-0.260004
-0.260196
-0.260443
-0.260498
-0.26021
-0.259729
-0.2594
-0.259496
-0.260059
-0.2608
-0.261226
-0.26102
-0.260251
-0.259221
-0.258137
-0.257162
-0.25642
-0.256091
-0.256201
-0.256654
-0.25734
-0.258068
-0.258535
-0.25848
-0.258068
-0.257615
-0.257203
-0.256626
-0.255638
-0.254388
-0.253399
-0.253207
-0.253839
-0.25458
-0.254429
-0.253015
-0.2509
-0.24917
-0.248429
-0.248525
-0.248827
-0.249005
-0.249143
-0.249404
-0.249678
-0.24961
-0.24895
-0.247742
-0.24619
-0.244694
-0.243733
-0.243664
-0.244419
-0.245545
-0.246369
-0.246383
-0.2456
-0.244419
-0.243389
-0.242854
-0.242813
-0.243019
-0.243266
-0.243609
-0.244103
-0.244529
-0.244364
-0.243321
-0.241632
-0.240162
-0.239709
-0.240657
-0.242593
-0.244474
-0.245312
-0.244639
-0.242854
-0.240849
-0.239531
-0.239215
-0.239586
-0.240011
-0.240176
-0.240341
-0.24089
-0.241604
-0.241783
-0.240973
-0.239531
-0.238199
-0.237375
-0.236881
-0.236359
-0.2357
-0.235082
-0.234807
-0.235123
-0.235933
-0.236785
-0.237059
-0.236386
-0.235082
-0.233791
-0.232912
-0.232308
-0.23158
-0.230619
-0.229631
-0.22893
-0.228573
-0.228367
-0.228106
-0.227722
-0.227338
-0.227063
-0.226884
-0.226665
-0.226225
-0.225621
-0.225195
-0.225127
-0.225168
-0.224825
-0.224015
-0.223177
-0.223012
-0.223795
-0.225223
-0.226555
-0.227063
-0.226308
-0.224358
-0.221763
-0.219181
-0.21719
-0.216078
-0.215803
-0.216229
-0.2173
-0.218948
-0.220801
-0.222188
-0.222573
-0.221941
-0.220856
-0.21995
-0.219524
-0.219497
-0.219648
-0.219758
-0.219648
-0.21925
-0.218508
-0.217451
-0.216243
-0.215172
-0.214595
-0.21454
-0.214732
-0.214815
-0.21465
-0.214334
-0.214018
-0.213799
-0.213606
-0.213359
-0.212961
-0.212604
-0.212439
-0.212508
-0.212728
-0.213002
-0.213263
-0.213373
-0.213249
-0.212947
-0.212604
-0.212206
-0.211711
-0.211203
-0.210833
-0.210558
-0.210201
-0.209762
-0.209542
-0.209817
-0.210283
-0.210352
-0.209817
-0.209089
-0.208732
-0.208883
-0.209185
-0.209199
-0.208746
-0.208059
-0.207414
-0.206919
-0.206397
-0.205587
-0.204393
-0.202882
-0.201358
-0.200136
-0.199449
-0.199353
-0.19971
-0.200232
-0.200589
-0.200452
-0.199724
-0.198804
-0.19831
-0.198612
-0.199504
-0.200452
-0.200987
-0.200878
-0.200081
-0.198708
-0.196827
-0.194767
-0.193161
-0.192707
-0.193669
-0.195522
-0.197294
-0.198076
-0.197596
-0.196223
-0.194726
-0.19371
-0.193257
-0.193202
-0.193421
-0.193984
-0.194808
-0.195509
-0.195591
-0.194808
-0.193531
-0.192515
-0.192405
-0.193284
-0.194438
-0.194946
-0.194314
-0.192872
-0.191472
-0.190826
-0.19106
-0.191691
-0.191952
-0.191334
-0.18992
-0.188478
-0.187805
-0.188313
-0.189687
-0.191019
-0.191444
-0.190579
-0.188698
-0.186432
-0.184496
-0.18348
-0.183659
-0.184839
-0.18646
-0.187723
-0.18808
-0.187352
-0.185732
-0.183782
-0.182203
-0.181544
-0.181791
-0.182423
-0.182835
-0.182807
-0.182299
-0.181352
-0.180047
-0.178812
-0.178221
-0.178482
-0.179223
-0.179924
-0.180294
-0.180349
-0.180171
-0.179841
-0.179443
-0.1791
-0.178963
-0.178894
-0.178606
-0.178001
-0.177315
-0.17693
-0.176834
-0.176573
-0.175804
-0.174692
-0.173855
-0.173717
-0.174088
-0.174459
-0.174349
-0.173607
-0.172372
-0.170998
-0.169914
-0.169653
-0.170477
-0.172138
-0.173813
-0.174514
-0.173676
-0.171658
-0.16931
-0.167428
-0.166508
-0.166481
-0.166824
-0.16692
-0.166783
-0.167044
-0.168033
-0.169364
-0.170504
-0.171218
-0.171493
-0.171108
-0.169749
-0.167538
-0.165025
-0.162883
-0.161593
-0.16129
-0.161744
-0.162622
-0.163707
-0.164764
-0.165451
-0.1653
-0.16427
-0.162993
-0.162444
-0.163021
-0.164298
-0.165327
-0.165437
-0.164613
-0.163446
-0.162622
-0.162416
-0.162677
-0.163103
-0.163405
-0.163282
-0.162389
-0.160741
-0.158833
-0.157432
-0.15713
-0.157968
-0.159313
-0.160288
-0.160357
-0.159533
-0.158352
-0.157391
-0.156965
-0.156993
-0.157267
-0.157679
-0.158228
-0.158805
-0.159107
-0.15886
-0.158064
-0.157061
-0.156279
-0.155894
-0.155784
-0.15562
-0.155194
-0.154535
-0.153766
-0.153093
-0.15264
-0.152379
-0.152214
-0.152091
-0.152077
-0.152228
-0.152503
-0.152626
-0.152406
-0.151857
-0.151267
-0.150896
-0.150745
-0.150621
-0.150306
-0.149811
-0.149344
-0.149235
-0.149605
-0.150086
-0.150196
-0.14966
-0.148795
-0.148205
-0.148191
-0.148466
-0.148479
-0.148067
-0.147546
-0.147271
-0.147298
-0.14734
-0.147092
-0.146461
-0.145719
-0.145321
-0.145458
-0.145843
-0.146021
-0.145912
-0.145898
-0.146186
-0.146529
-0.146365
-0.145362
-0.143632
-0.141559
-0.139787
-0.13895
-0.139362
-0.14068
-0.142026
-0.14252
-0.141998
-0.140996
-0.140378
-0.14068
-0.141614
-0.142341
-0.14219
-0.141394
-0.140611
-0.140172
-0.139678
-0.138785
-0.137783
-0.137384
-0.137947
-0.139101
-0.140172
-0.140749
-0.140735
-0.140158
-0.13917
-0.137961
-0.136684
-0.135435
-0.134075
-0.132565
-0.131151
-0.130423
-0.130931
-0.13262
-0.134762
-0.136396
-0.136849
-0.136025
-0.134391
-0.132716
-0.131796
-0.132071
-0.133416
-0.135242
-0.136808
-0.137659
-0.137769
-0.137426
-0.13689
-0.136437
-0.136259
-0.136341
-0.1363
-0.135517
-0.133746
-0.131466
-0.129599
-0.128899
-0.12942
-0.130615
-0.13159
-0.131672
-0.130848
-0.129791
-0.129311
-0.129695
-0.130478
-0.130999
-0.130903
-0.130203
-0.129146
-0.128143
-0.12758
-0.127567
-0.127841
-0.127992
-0.127855
-0.127553
-0.127168
-0.126606
-0.12574
-0.124642
-0.123694
-0.123351
-0.123777
-0.124532
-0.124917
-0.124518
-0.123557
-0.122637
-0.122253
-0.122514
-0.123255
-0.124175
-0.124903
-0.125068
-0.124518
-0.123461
-0.122308
-0.121305
-0.120426
-0.119575
-0.118834
-0.118449
-0.118532
-0.118957
-0.119548
-0.120138
-0.120523
-0.12044
-0.11996
-0.119452
-0.119301
-0.119506
-0.119699
-0.119452
-0.118765
-0.117955
-0.117351
-0.116966
-0.116637
-0.116431
-0.116582
-0.117268
-0.118243
-0.119108
-0.119575
-0.119644
-0.119424
-0.118875
-0.117914
-0.116678
-0.115511
-0.114728
-0.114412
-0.114426
-0.114591
-0.114769
-0.114865
-0.114769
-0.114398
-0.113726
-0.113094
-0.113012
-0.113739
-0.115058
-0.116321
-0.11676
-0.116005
-0.114179
-0.111982
-0.110293
-0.109702
-0.110142
-0.111048
-0.111886
-0.112421
-0.112723
-0.112888
-0.112998
-0.113135
-0.113341
-0.113643
-0.114165
-0.114865
-0.115497
-0.115497
-0.114495
-0.11271
-0.111007
-0.110471
-0.111378
-0.112984
-0.114165
-0.114247
-0.113437
-0.112311
-0.111419
-0.110938
-0.110856
-0.111144
-0.111707
-0.112421
-0.113025
-0.113341
-0.113286
-0.112874
-0.112078
-0.110842
-0.109181
-0.107272
-0.105624
-0.104855
-0.105253
-0.106366
-0.107231
-0.107107
-0.106173
-0.105308
-0.105226
-0.105871
-0.106599
-0.106915
-0.106915
-0.107066
-0.107602
-0.108288
-0.108549
-0.108
-0.106805
-0.105638
-0.105295
-0.105981
-0.10708
-0.107711
-0.107492
-0.106805
-0.106352
-0.106462
-0.106888
-0.107148
-0.107011
-0.10664
-0.106338
-0.106022
-0.105363
-0.104279
-0.103235
-0.102837
-0.103139
-0.103606
-0.103551
-0.102713
-0.101368
-0.100187
-0.0998846
-0.100708
-0.102274
-0.103784
-0.104526
-0.104114
-0.102782
-0.101203
-0.100173
-0.0999395
-0.100104
-0.100132
-0.0998709
-0.0995413
-0.0994177
-0.0996924
-0.100393
-0.101395
-0.102274
-0.102562
-0.102054
-0.101065
-0.100118
-0.0995551
-0.0993491
-0.0991568
-0.09869
-0.0980584
-0.0977151
-0.0978661
-0.0980858
-0.0978387
-0.0971246
-0.0965067
-0.0964655
-0.09685
-0.097056
-0.0966303
-0.095724
-0.0947766
-0.0942548
-0.0942273
-0.0945157
-0.0948315
-0.095065
-0.0951199
-0.0948727
-0.0941038
-0.0927718
-0.0911928
-0.0898608
-0.0890507
-0.0887074
-0.0886388
-0.0886388
-0.0887211
-0.0890507
-0.0896274
-0.0901766
-0.0903552
-0.0900943
-0.0898059
-0.0900531
-0.0910829
-0.0926345
-0.0940351
-0.094502
-0.0937742
-0.0923736
-0.0913987
-0.091536
-0.0924423
-0.0930465
-0.0926071
-0.0913713
-0.0901492
-0.0895175
-0.0893802
-0.0892567
-0.0888035
-0.0881307
-0.0875952
-0.0873892
-0.0873618
-0.087197
-0.0866477
-0.085714
-0.0848078
-0.0845606
-0.0852883
-0.0864692
-0.0870597
-0.086428
-0.0849725
-0.0837093
-0.083366
-0.0839564
-0.0848627
-0.085508
-0.0856454
-0.0854531
-0.0852471
-0.0852609
-0.0854394
-0.0856728
-0.0856865
-0.0852471
-0.0844645
-0.0837916
-0.0837093
-0.0841349
-0.0845743
-0.0846704
-0.0846018
-0.0847528
-0.085357
-0.0863182
-0.0873892
-0.0882268
-0.0882955
-0.0874167
-0.0860298
-0.0849451
-0.0847254
-0.0853158
-0.0862358
-0.0869361
-0.0871146
-0.0867301
-0.0859062
-0.0848489
-0.0837093
-0.0827893
-0.0823636
-0.0826657
-0.0836543
-0.0850412
-0.0861259
-0.0861946
-0.0850412
-0.0833385
-0.0820615
-0.0816908
-0.0818006
-0.0817732
-0.0815672
-0.081732
-0.0826657
-0.0839701
-0.0848215
-0.0848764
-0.0845743
-0.0845469
-0.0847803
-0.0846842
-0.0837779
-0.0822812
-0.080812
-0.0799744
-0.0799057
-0.0804412
-0.0811827
-0.0818281
-0.0822537
-0.0825696
-0.0828167
-0.0828717
-0.0825146
-0.0817457
-0.0809905
-0.0808806
-0.0817045
-0.0831325
-0.0843409
-0.0845881
-0.0838054
-0.0827069
-0.0821576
-0.0824734
-0.0832287
-0.0836955
-0.0832836
-0.0819242
-0.0800705
-0.0785601
-0.0781893
-0.0790956
-0.0805236
-0.0814299
-0.0812926
-0.080249
-0.0789857
-0.0781481
-0.078052
-0.0785051
-0.0790818
-0.0794526
-0.0796174
-0.0796997
-0.0798096
-0.0799606
-0.0800705
-0.0799881
-0.0795624
-0.0788896
-0.0782305
-0.0778735
-0.0778872
-0.0781756
-0.0785738
-0.0789445
-0.0792603
-0.079535
-0.079686
-0.0795487
-0.0790681
-0.0784365
-0.0779833
-0.0778598
-0.0779559
-0.0781893
-0.0785189
-0.0787935
-0.0787798
-0.0783953
-0.0777087
-0.0769123
-0.0761983
-0.0758413
-0.0759237
-0.0761571
-0.0761296
-0.0758687
-0.0758001
-0.0761022
-0.0764317
-0.0762258
-0.0753332
-0.0741112
-0.0731362
-0.0727792
-0.0729715
-0.0731912
-0.0729577
-0.0722712
-0.0715434
-0.0710079
-0.0704175
-0.069621
-0.0690855
-0.0695387
-0.0711177
-0.0731088
-0.074578
-0.0750586
-0.0748526
-0.0745643
-0.0744819
-0.0744407
-0.0741935
-0.0738091
-0.073658
-0.0739876
-0.0745231
-0.074784
-0.074372
-0.0732324
-0.0716258
-0.070184
-0.0696485
-0.0702801
-0.0714885
-0.0722437
-0.0719142
-0.0707882
-0.0696485
-0.0690581
-0.0690443
-0.0692503
-0.0693464
-0.0693464
-0.0695387
-0.0701154
-0.0708843
-0.0714198
-0.0715297
-0.0714198
-0.071516
-0.0719828
-0.0726007
-0.0729028
-0.072587
-0.0717631
-0.0706921
-0.0695799
-0.0684814
-0.0675751
-0.0670945
-0.0672867
-0.0681381
-0.0692228
-0.0698957
-0.0695661
-0.0682342
-0.0666551
-0.0658724
-0.0664217
-0.0679458
-0.0694975
-0.0700742
-0.0691542
-0.0669847
-0.0644856
-0.0628104
-0.062728
-0.0641148
-0.0661745
-0.0679321
-0.0687148
-0.0684264
-0.0675476
-0.0667238
-0.0662981
-0.0660647
-0.0657626
-0.0653369
-0.0649113
-0.0644444
-0.0639226
-0.0635519
-0.0638402
-0.0648838
-0.0662844
-0.0673417
-0.0676575
-0.0672181
-0.066353
-0.0654742
-0.064925
-0.0649662
-0.0655566
-0.0663393
-0.0667375
-0.0663942
-0.065488
-0.064513
-0.0639501
-0.0639775
-0.0644719
-0.0650486
-0.0651035
-0.0644032
-0.0633734
-0.0629202
-0.0635931
-0.0650623
-0.0664491
-0.0671082
-0.0669023
-0.0660372
-0.0647739
-0.0634283
-0.0624122
-0.0621238
-0.0627829
-0.0640736
-0.0651721
-0.0652545
-0.0642659
-0.0631125
-0.0627555
-0.0634146
-0.0645817
-0.0655841
-0.0659686
-0.065488
-0.0642247
-0.0626456
-0.0613411
-0.0606134
-0.0605722
-0.061245
-0.0624946
-0.0638265
-0.0646366
-0.0646504
-0.0639226
-0.0626731
