LECROYHDO9204-MSöv,30454,Waveform
Segments,1,SegmentSize,2002
Ampl
-0.0122247
-0.0128288
-0.0135978
-0.0138999
-0.0133643
-0.0122659
-0.0111948
-0.010673
-0.0107554
-0.0111536
-0.0115106
-0.011799
-0.0121285
-0.0124718
-0.0125954
-0.0123757
-0.01195
-0.0115793
-0.0113596
-0.0112635
-0.0112635
-0.0112909
-0.0113047
-0.0115244
-0.0122247
-0.0133643
-0.0143942
-0.0146963
-0.0140234
-0.0127464
-0.0115244
-0.010879
-0.0108927
-0.0112497
-0.0115518
-0.0115381
-0.0112223
-0.0107829
-0.0105495
-0.0107554
-0.0113321
-0.0119363
-0.0121423
-0.0118951
-0.0114008
-0.0109339
-0.0107005
-0.0107417
-0.0109202
-0.0109614
-0.0107005
-0.0102748
-0.00994528
-0.00995901
-0.0104533
-0.0113184
-0.0122384
-0.0128151
-0.01287
-0.0126503
-0.0125405
-0.0126641
-0.0128288
-0.0128426
-0.0126091
-0.012156
-0.0116479
-0.0113184
-0.011442
-0.01195
-0.0124169
-0.0123345
-0.0116617
-0.0109751
-0.0109477
-0.0118402
-0.0131721
-0.0141882
-0.0144079
-0.0139411
-0.013227
-0.0125679
-0.0121285
-0.012005
-0.0121423
-0.0122796
-0.0121835
-0.0120187
-0.0120599
-0.0123482
-0.0124581
-0.0120873
-0.0112772
-0.0104533
-0.00990409
-0.00975305
-0.00997274
-0.0104259
-0.010879
-0.0111124
-0.0110026
-0.0107692
-0.010728
-0.0110438
-0.0114832
-0.0116891
-0.0115244
-0.011236
-0.0111262
-0.011236
-0.011442
-0.0117029
-0.0120736
-0.0124993
-0.0127602
-0.0128563
-0.0129799
-0.0131584
-0.0132682
-0.0131858
-0.0130211
-0.0127327
-0.0121285
-0.0111536
-0.0103023
-0.0102199
-0.01103
-0.0121148
-0.0128288
-0.0130623
-0.0131172
-0.013227
-0.0132957
-0.0131309
-0.01287
-0.0128288
-0.0130897
-0.0133094
-0.0129524
-0.0118127
-0.0101924
-0.00873694
-0.00803665
-0.00839366
-0.0096432
-0.0110712
-0.0118265
-0.0116479
-0.0109065
-0.0102062
-0.00991782
-0.0101375
-0.0107142
-0.0113321
-0.0116479
-0.0115381
-0.0112086
-0.0107692
-0.0102474
-0.009602
-0.00895664
-0.00847604
-0.00829754
-0.00839366
-0.00872321
-0.00923126
-0.00991782
-0.010728
-0.0114832
-0.0120187
-0.0122384
-0.0122247
-0.0120462
-0.0117578
-0.0114283
-0.0111811
-0.01103
-0.0108103
-0.0103298
-0.00978051
-0.00954708
-0.00984916
-0.0105769
-0.0114694
-0.0122796
-0.0128014
-0.0128838
-0.0127053
-0.0125679
-0.0125954
-0.0126091
-0.012307
-0.0116342
-0.0107692
-0.0100689
-0.00993155
-0.0105495
-0.0117029
-0.0128288
-0.0133643
-0.0130485
-0.0121697
-0.011236
-0.0107005
-0.0106181
-0.0107417
-0.0107142
-0.0104808
-0.0102199
-0.0101375
-0.0102611
-0.0105083
-0.0107417
-0.0108927
-0.0110026
-0.0110575
-0.0107417
-0.00976678
-0.00844858
-0.00781695
-0.00870947
-0.010879
-0.0131721
-0.0146276
-0.0149572
-0.014504
-0.0136939
-0.0129112
-0.012307
-0.0119088
-0.0116205
-0.011442
-0.0114008
-0.0114694
-0.0114283
-0.0111536
-0.0106593
-0.0102199
-0.0103023
-0.0111536
-0.0125817
-0.0139548
-0.0147375
-0.0149022
-0.0146551
-0.0141058
-0.0133643
-0.0127739
-0.0125817
-0.0125679
-0.0121423
-0.0110163
-0.00968439
-0.00903902
-0.00975305
-0.0116891
-0.0138037
-0.0149434
-0.0146139
-0.0133781
-0.0122384
-0.011799
-0.0118676
-0.0119775
-0.0119363
-0.01195
-0.0121011
-0.0122384
-0.0120599
-0.011442
-0.0105906
-0.00984916
-0.00946469
-0.00943723
-0.00973931
-0.0103435
-0.0111124
-0.0117166
-0.0119226
-0.01195
-0.0121972
-0.012925
-0.0139823
-0.0151219
-0.0160145
-0.0162342
-0.0155339
-0.0140509
-0.0123345
-0.0109889
-0.0102886
-0.0102199
-0.0105632
-0.0109889
-0.0113047
-0.0115381
-0.0118951
-0.0125542
-0.0134055
-0.0142843
-0.0148473
-0.0147375
-0.0138312
-0.0124718
-0.0113733
-0.0110438
-0.0114969
-0.0124306
-0.013282
-0.0135978
-0.0131996
-0.0123482
-0.0114694
-0.0107966
-0.0103709
-0.010316
-0.0107692
-0.0116479
-0.0125542
-0.0131309
-0.0132545
-0.0129387
-0.0121835
-0.0112772
-0.0105769
-0.0102611
-0.0102611
-0.0105083
-0.0111536
-0.012307
-0.0136802
-0.0146688
-0.0148473
-0.0144354
-0.0140921
-0.0143118
-0.0149846
-0.01563
-0.0157536
-0.0152318
-0.0143255
-0.0135703
-0.0133369
-0.0137626
-0.0145864
-0.0152593
-0.0153004
-0.0146002
-0.0135566
-0.0128151
-0.0128288
-0.0134742
-0.0142706
-0.0148473
-0.0152318
-0.0157398
-0.0164401
-0.0169207
-0.0166873
-0.0158222
-0.0149572
-0.0145727
-0.01471
-0.0150258
-0.0150533
-0.0145178
-0.0134605
-0.0123345
-0.0117441
-0.01195
-0.0127327
-0.0136939
-0.0144628
-0.0150121
-0.0155476
-0.0162342
-0.0167697
-0.0166461
-0.0156437
-0.014202
-0.0129799
-0.0123345
-0.0123208
-0.01287
-0.0136664
-0.0141196
-0.0138999
-0.0133232
-0.0131996
-0.0138724
-0.0146688
-0.0146276
-0.0133918
-0.0116205
-0.0104121
-0.0105083
-0.0118265
-0.0135291
-0.0145727
-0.0144628
-0.0134605
-0.0123482
-0.0117853
-0.0120324
-0.012719
-0.013227
-0.0132133
-0.0128838
-0.0126915
-0.0128288
-0.0131721
-0.013639
-0.0142843
-0.0150396
-0.0156163
-0.0158772
-0.0158497
-0.0155339
-0.0148885
-0.0139685
-0.0130211
-0.0123208
-0.0119912
-0.0121423
-0.0128014
-0.0139136
-0.0152455
-0.0164401
-0.0170992
-0.0169757
-0.0163303
-0.0156849
-0.0153966
-0.0152181
-0.0147649
-0.0140509
-0.0135017
-0.0135154
-0.0140921
-0.0150121
-0.015987
-0.0168109
-0.0173601
-0.0176897
-0.0177995
-0.0174974
-0.0167697
-0.0161792
-0.0166598
-0.0187882
-0.0222484
-0.0262305
-0.0301027
-0.0336453
-0.0368172
-0.0396184
-0.0425019
-0.0463741
-0.0518941
-0.0587322
-0.065845
-0.0723673
-0.0783129
-0.0841761
-0.090259
-0.096493
-0.102782
-0.109345
-0.116403
-0.123983
-0.131782
-0.139417
-0.146763
-0.154288
-0.162691
-0.172221
-0.182162
-0.191293
-0.198722
-0.20453
-0.20946
-0.214156
-0.218605
-0.222518
-0.225786
-0.228724
-0.231828
-0.235343
-0.23905
-0.242483
-0.245161
-0.246863
-0.247591
-0.247646
-0.247413
-0.24722
-0.247083
-0.246795
-0.246108
-0.244982
-0.243472
-0.241687
-0.239833
-0.238226
-0.2371
-0.236455
-0.235933
-0.234972
-0.23294
-0.22948
-0.224825
-0.219868
-0.215735
-0.213139
-0.212041
-0.211739
-0.211368
-0.210407
-0.208814
-0.206988
-0.205258
-0.203679
-0.201935
-0.199752
-0.196978
-0.19393
-0.19117
-0.189165
-0.18797
-0.187393
-0.187311
-0.187668
-0.188313
-0.189028
-0.1897
-0.190277
-0.190785
-0.191238
-0.191582
-0.191691
-0.191458
-0.190991
-0.19073
-0.191225
-0.192831
-0.195426
-0.198378
-0.20085
-0.202264
-0.202498
-0.201935
-0.201386
-0.201839
-0.203898
-0.207331
-0.211039
-0.213702
-0.214526
-0.213744
-0.212261
-0.211066
-0.210599
-0.210819
-0.2113
-0.21167
-0.211739
-0.211753
-0.212027
-0.212577
-0.213085
-0.213263
-0.213085
-0.212769
-0.212535
-0.212563
-0.212865
-0.213181
-0.212975
-0.212014
-0.210682
-0.209803
-0.209913
-0.210819
-0.211945
-0.212796
-0.213332
-0.213675
-0.213785
-0.213496
-0.212769
-0.211904
-0.211368
-0.211327
-0.211451
-0.211121
-0.209981
-0.208251
-0.206768
-0.206329
-0.206919
-0.207716
-0.207743
-0.20696
-0.206192
-0.206164
-0.206549
-0.206452
-0.205395
-0.203926
-0.203006
-0.203212
-0.204503
-0.206329
-0.207949
-0.208814
-0.208732
-0.208073
-0.207469
-0.207414
-0.208004
-0.208732
-0.208979
-0.208457
-0.207523
-0.206809
-0.206809
-0.207469
-0.208292
-0.208718
-0.208526
-0.207963
-0.207372
-0.206933
-0.206631
-0.20648
-0.206466
-0.206425
-0.206178
-0.20578
-0.205601
-0.205958
-0.206727
-0.207427
-0.207578
-0.206974
-0.205752
-0.204557
-0.204297
-0.205354
-0.207139
-0.208512
-0.208759
-0.2081
-0.20729
-0.206906
-0.206988
-0.207276
-0.20751
-0.20762
-0.207578
-0.207331
-0.206892
-0.206301
-0.205711
-0.20512
-0.204489
-0.203871
-0.2035
-0.203459
-0.203418
-0.202937
-0.202058
-0.201207
-0.200768
-0.200672
-0.200603
-0.200273
-0.199724
-0.19923
-0.198996
-0.198941
-0.19879
-0.198433
-0.1982
-0.198612
-0.199903
-0.201578
-0.20269
-0.202553
-0.201468
-0.200507
-0.200617
-0.201646
-0.202539
-0.202347
-0.201111
-0.199655
-0.198681
-0.198296
-0.19831
-0.198598
-0.199147
-0.19993
-0.200795
-0.201413
-0.201386
-0.200411
-0.198667
-0.196744
-0.195399
-0.195069
-0.195701
-0.19658
-0.196895
-0.19636
-0.195275
-0.194094
-0.192941
-0.191691
-0.190387
-0.18922
-0.188437
-0.188162
-0.188465
-0.189398
-0.19084
-0.192364
-0.193339
-0.193133
-0.191485
-0.18878
-0.186116
-0.184579
-0.18473
-0.18624
-0.18819
-0.189618
-0.190057
-0.189604
-0.188808
-0.188259
-0.188355
-0.188986
-0.189659
-0.189769
-0.189124
-0.188053
-0.187188
-0.186899
-0.187119
-0.187448
-0.187448
-0.186803
-0.185567
-0.184098
-0.182972
-0.18267
-0.183219
-0.184112
-0.184579
-0.184194
-0.183123
-0.181983
-0.181311
-0.181338
-0.182011
-0.183041
-0.183933
-0.184057
-0.183082
-0.181324
-0.17969
-0.178976
-0.179374
-0.180391
-0.181311
-0.181599
-0.180967
-0.179374
-0.177356
-0.175969
-0.176065
-0.177411
-0.178853
-0.179402
-0.179017
-0.178345
-0.177768
-0.177177
-0.176436
-0.1759
-0.175887
-0.176175
-0.176244
-0.175914
-0.175489
-0.175338
-0.175502
-0.175818
-0.176271
-0.176793
-0.177177
-0.177177
-0.176779
-0.176161
-0.175543
-0.174857
-0.173937
-0.172674
-0.171191
-0.1699
-0.169255
-0.169296
-0.169763
-0.170339
-0.171081
-0.172056
-0.173044
-0.173525
-0.173003
-0.171383
-0.168925
-0.166316
-0.16438
-0.16368
-0.164078
-0.164806
-0.16519
-0.165122
-0.165012
-0.165231
-0.165781
-0.166261
-0.166193
-0.165575
-0.164861
-0.164545
-0.164531
-0.164229
-0.163391
-0.162444
-0.162018
-0.162142
-0.16221
-0.161648
-0.160398
-0.159135
-0.158627
-0.159245
-0.16059
-0.16173
-0.161812
-0.160508
-0.158297
-0.156128
-0.154974
-0.155153
-0.156334
-0.157775
-0.158819
-0.159203
-0.158915
-0.158228
-0.157542
-0.157226
-0.157405
-0.158091
-0.159107
-0.160068
-0.160425
-0.159821
-0.158489
-0.157034
-0.155922
-0.155345
-0.155331
-0.155784
-0.156402
-0.156718
-0.156292
-0.15507
-0.15345
-0.151981
-0.151102
-0.150841
-0.150923
-0.151061
-0.151253
-0.151514
-0.15172
-0.151665
-0.151528
-0.151747
-0.152654
-0.153876
-0.1547
-0.15459
-0.153656
-0.15242
-0.15139
-0.150772
-0.15047
-0.150223
-0.149962
-0.149715
-0.149523
-0.149413
-0.149358
-0.149317
-0.149221
-0.149029
-0.148713
-0.148136
-0.147079
-0.145404
-0.143536
-0.142328
-0.142355
-0.143426
-0.144772
-0.145596
-0.145651
-0.14517
-0.144758
-0.144868
-0.145541
-0.14642
-0.146969
-0.146735
-0.145623
-0.144154
-0.143275
-0.143646
-0.145074
-0.146571
-0.147161
-0.146516
-0.145115
-0.143921
-0.143701
-0.144566
-0.145857
-0.146735
-0.146859
-0.146392
-0.145609
-0.144662
-0.14366
-0.142836
-0.142245
-0.141737
-0.141161
-0.140625
-0.140433
-0.140762
-0.141559
-0.142644
-0.143673
-0.144195
-0.143893
-0.142781
-0.141421
-0.140584
-0.14068
-0.141408
-0.142026
-0.141998
-0.141408
-0.140762
-0.140515
-0.14068
-0.140968
-0.141092
-0.140913
-0.140543
-0.14035
-0.140639
-0.141284
-0.141751
-0.141573
-0.14057
-0.139046
-0.137494
-0.136341
-0.135586
-0.13494
-0.134158
-0.133251
-0.132606
-0.13262
-0.133471
-0.13494
-0.136465
-0.137481
-0.137687
-0.137151
-0.136176
-0.135188
-0.134556
-0.13446
-0.134748
-0.134995
-0.134995
-0.134803
-0.134638
-0.134542
-0.134268
-0.133705
-0.133059
-0.132633
-0.132345
-0.131741
-0.130437
-0.128761
-0.12758
-0.127883
-0.129915
-0.132949
-0.135599
-0.136657
-0.135682
-0.133114
-0.129997
-0.127608
-0.126674
-0.127127
-0.128116
-0.12883
-0.129091
-0.129338
-0.129846
-0.130327
-0.130148
-0.129132
-0.127786
-0.126825
-0.126468
-0.126427
-0.126386
-0.126441
-0.126798
-0.127361
-0.12769
-0.12758
-0.127361
-0.127471
-0.127924
-0.128363
-0.128404
-0.12791
-0.127017
-0.126207
-0.125891
-0.12607
-0.1264
-0.126606
-0.126578
-0.126235
-0.12548
-0.124367
-0.123145
-0.122129
-0.121566
-0.121621
-0.122253
-0.123035
-0.123324
-0.122816
-0.121813
-0.120989
-0.120756
-0.121154
-0.121992
-0.122994
-0.123832
-0.123928
-0.122843
-0.120687
-0.118202
-0.116376
-0.115799
-0.116499
-0.11801
-0.119712
-0.120838
-0.120797
-0.119589
-0.117969
-0.116911
-0.116774
-0.117282
-0.117955
-0.118669
-0.119438
-0.120028
-0.120069
-0.119575
-0.119136
-0.119287
-0.119987
-0.120591
-0.120413
-0.11941
-0.118175
-0.117447
-0.117515
-0.118078
-0.118586
-0.118724
-0.118408
-0.117612
-0.116431
-0.11503
-0.113753
-0.113039
-0.113204
-0.114165
-0.115415
-0.116321
-0.116595
-0.116307
-0.11573
-0.115195
-0.115016
-0.115264
-0.115675
-0.115772
-0.115346
-0.114536
-0.113808
-0.113478
-0.113643
-0.114234
-0.115099
-0.115868
-0.115978
-0.114893
-0.112668
-0.110101
-0.108398
-0.108412
-0.110087
-0.112462
-0.114179
-0.114316
-0.113067
-0.111474
-0.110677
-0.11087
-0.111419
-0.11168
-0.111529
-0.11135
-0.111529
-0.112064
-0.112517
-0.112353
-0.111378
-0.10995
-0.108769
-0.10837
-0.108824
-0.10973
-0.110334
-0.110018
-0.108961
-0.107931
-0.107711
-0.108233
-0.108673
-0.108261
-0.106984
-0.105556
-0.104622
-0.104292
-0.104306
-0.104375
-0.104457
-0.104567
-0.104526
-0.104031
-0.103098
-0.102164
-0.10167
-0.101642
-0.101725
-0.101601
-0.101368
-0.101162
-0.101134
-0.10134
-0.101876
-0.102631
-0.103125
-0.102864
-0.101889
-0.100708
-0.099967
-0.100145
-0.101258
-0.102851
-0.104114
-0.104457
-0.103729
-0.102356
-0.100887
-0.0997748
-0.0992118
-0.0990882
-0.0990882
-0.0989646
-0.0986213
-0.0980721
-0.0974404
-0.0969324
-0.0968363
-0.0971933
-0.0978936
-0.0987449
-0.0996374
-0.100351
-0.10053
-0.0998846
-0.0985664
-0.0972482
-0.0965617
-0.0965617
-0.0966715
-0.0961772
-0.0949276
-0.0936094
-0.0932799
-0.0944608
-0.0967402
-0.0990745
-0.10053
-0.100722
-0.0998983
-0.0987724
-0.0981682
-0.0985115
-0.0995413
-0.100489
-0.100708
-0.100077
-0.0989234
-0.0975366
-0.0959987
-0.0944196
-0.0930877
-0.092456
-0.0927718
-0.0938429
-0.095065
-0.0957927
-0.0956966
-0.0948453
-0.0935133
-0.092099
-0.0911241
-0.0910005
-0.0916733
-0.0926345
-0.0932662
-0.0931563
-0.0921127
-0.0903414
-0.0884465
-0.0872794
-0.0874441
-0.0889271
-0.0911104
-0.0931563
-0.094296
-0.0941999
-0.0929915
-0.0910829
-0.0889958
-0.0874029
-0.08684
-0.0874029
-0.0885838
-0.0895999
-0.0899295
-0.0894077
-0.0881582
-0.0865241
-0.0851098
-0.0845057
-0.0848489
-0.0857003
-0.0864143
-0.0867027
-0.0867713
-0.0870047
-0.0874029
-0.0874304
-0.0865516
-0.0849588
-0.0835857
-0.0833248
-0.0842722
-0.0858513
-0.0874029
-0.0886525
-0.0895862
-0.0901355
-0.0901904
-0.0896686
-0.0886113
-0.0872931
-0.0861122
-0.0854257
-0.0853433
-0.085508
-0.0852883
-0.0842722
-0.0827343
-0.0814848
-0.0812651
-0.0820615
-0.0831463
-0.0837642
-0.0838466
-0.0839152
-0.0844507
-0.0853158
-0.08592
-0.0856179
-0.0841898
-0.0821164
-0.0803176
-0.0796311
-0.0800705
-0.0808944
-0.0813612
-0.0811553
-0.0804412
-0.079535
-0.0787523
-0.0785875
-0.0792741
-0.0806197
-0.0819929
-0.0826794
-0.0823773
-0.0812926
-0.0800705
-0.0792878
-0.078972
-0.0787386
-0.0782442
-0.0776126
-0.0772693
-0.0775851
-0.0786013
-0.080098
-0.0814436
-0.0817732
-0.080606
-0.0784639
-0.0768025
-0.076926
-0.0787248
-0.0806609
-0.0811003
-0.0798508
-0.0783266
-0.0779833
-0.0788896
-0.0799332
-0.0800705
-0.079178
-0.0777225
-0.0762532
-0.0753058
-0.0752783
-0.0761983
-0.0774478
-0.0783129
-0.0785601
-0.0783953
-0.0781069
-0.0777225
-0.0772419
-0.0768299
-0.0768437
-0.0773929
-0.0780657
-0.0782717
-0.0778872
-0.0773242
-0.0770634
-0.0773105
-0.0778323
-0.0782717
-0.0783404
-0.0779422
-0.0771457
-0.076212
-0.0754019
-0.0747428
-0.074221
-0.0737953
-0.0734246
-0.0730813
-0.0727792
-0.0727655
-0.0733285
-0.0744132
-0.0755117
-0.0760884
-0.0759099
-0.075347
-0.0749213
-0.0750311
-0.0755255
-0.0758962
-0.0757452
-0.0751547
-0.0745368
-0.0742073
-0.0742622
-0.0747291
-0.0755667
-0.076418
-0.0767201
-0.0762258
-0.0753195
-0.0747977
-0.0751547
-0.0763356
-0.0777911
-0.0788621
-0.0790956
-0.0784502
-0.0772144
-0.0757726
-0.0744819
-0.0736992
-0.0736306
-0.0740013
-0.0743171
-0.0742759
-0.0739464
-0.073507
-0.0730401
-0.0725733
-0.0722437
-0.0721888
-0.0723673
-0.072738
-0.0732598
-0.0738503
-0.0741112
-0.0735894
-0.0722986
-0.0707333
-0.0694288
-0.0687285
-0.0686599
-0.069113
-0.0698819
-0.0707745
-0.071461
-0.0716258
-0.0711589
-0.0701703
-0.068907
-0.067685
-0.0668885
-0.0669847
-0.0680282
-0.0694014
-0.0701566
-0.0698682
-0.0688109
-0.0675751
-0.066559
-0.0659823
-0.0659136
-0.066202
-0.0664354
-0.0662432
-0.0656802
-0.0652408
-0.0653369
-0.0658587
-0.0661471
-0.0655703
-0.0640874
-0.0624122
-0.0615334
-0.0619316
-0.0634695
-0.0655566
-0.067479
-0.0685912
-0.0686873
-0.0680557
-0.0671082
-0.0661059
-0.0651996
-0.0646366
-0.064719
-0.0653918
-0.0661745
-0.0665315
-0.0663942
-0.0660647
-0.0658587
-0.0658312
-0.0658038
-0.065639
-0.0653369
-0.0651447
-0.0653369
-0.0659686
-0.0666826
-0.0671357
-0.0672181
-0.0671632
-0.0671632
-0.0672181
-0.0671494
-0.0667787
-0.0660784
-0.0653781
-0.0651447
-0.065433
-0.0658038
-0.0659823
-0.0660784
-0.0662981
-0.0664766
-0.0661883
-0.0653095
-0.0641972
-0.0633322
-0.0629614
-0.0630163
-0.0633184
-0.063648
-0.0637441
-0.0635107
-0.0630301
-0.0625358
-0.0621375
-0.0618355
-0.061602
-0.0614785
-0.0614922
-0.0615608
-0.0614098
-0.0607782
-0.0597621
-0.0588283
-0.0584713
-0.0587734
-0.0593227
-0.0596522
-0.0595012
-0.0589519
-0.0583615
-0.0581555
-0.0585537
-0.0594874
-0.0606683
-0.0617668
-0.0624396
-0.0623847
-0.0616158
-0.0603937
-0.0591716
-0.058334
-0.0582791
-0.0591167
-0.0605447
-0.0618355
-0.0623847
-0.062014
-0.0609017
-0.0595286
-0.0586224
-0.058897
-0.0604349
-0.0624671
-0.0638265
-0.063648
-0.0619041
-0.059405
-0.0574003
-0.0567275
-0.0572904
-0.0582928
-0.0591579
-0.0599955
-0.0611077
-0.0622337
-0.062728
-0.0623023
-0.0614373
-0.060888
-0.0610665
-0.0617119
-0.0620689
-0.0615746
-0.0603662
-0.0591167
-0.0584301
-0.0584713
-0.0590068
-0.0596797
-0.0600916
-0.059968
-0.0593364
-0.0586224
-0.0580731
-0.05762
-0.0571119
-0.0566451
-0.0563293
-0.0559585
-0.0550797
-0.0536242
-0.0520726
-0.0512762
-0.0518392
-0.053583
-0.0555466
-0.0566039
-0.0563842
-0.0555191
-0.05486
-0.0547364
-0.0549836
-0.0553955
-0.0559036
-0.056343
-0.0565352
-0.0563979
-0.0559997
-0.0554779
-0.0549287
-0.0543932
-0.0538851
-0.0536242
-0.0539675
-0.0550934
-0.0566863
-0.0581006
-0.0589382
-0.0593776
-0.059817
-0.0603937
-0.0609155
-0.0609292
-0.0599955
-0.0580319
-0.0556839
-0.0540087
-0.0537066
-0.0545717
-0.0559036
-0.0572218
-0.0584576
-0.0595698
-0.06038
-0.0605859
-0.0602152
-0.0597346
-0.0597209
-0.060325
-0.0610116
-0.0611077
-0.0604486
-0.0593913
-0.0584439
-0.0577573
-0.057263
-0.0567412
-0.0561645
-0.0556702
-0.0557114
-0.0566176
-0.0580731
-0.0590755
-0.0588009
-0.0572904
-0.055423
-0.054146
-0.0539812
-0.0546678
-0.0554642
-0.0556839
-0.0552994
-0.0549424
-0.0551484
-0.0558212
-0.0564116
-0.0564528
-0.0558075
-0.0547914
-0.0540087
-0.0539812
-0.0546678
-0.0556152
-0.0563567
-0.0567412
-0.0567412
-0.0562606
-0.0553955
-0.0546129
-0.0543794
-0.0547639
-0.0552582
-0.0553681
-0.0549012
-0.0542009
-0.0539538
-0.0547227
-0.056343
-0.0579358
-0.0585949
-0.0580868
-0.0569334
-0.0558487
-0.055272
-0.0552033
-0.0552994
-0.0551758
-0.0547639
-0.0543108
-0.0541597
-0.0544481
-0.0550385
-0.0556427
-0.0558899
-0.0556564
-0.0552994
-0.0553131
-0.0557663
-0.0560546
-0.0556015
-0.0543932
-0.0530063
-0.0520589
-0.0518254
-0.0522786
-0.0531985
-0.0541597
-0.0546952
-0.0545854
-0.0538164
-0.0526768
-0.0518941
-0.0522236
-0.0537478
-0.0554367
-0.0560684
-0.0552308
-0.0536654
-0.052512
-0.0524983
-0.0534457
-0.0545854
-0.0551758
-0.0551072
-0.0547502
-0.0543245
-0.053789
-0.0532123
-0.0528553
-0.0528278
-0.0529514
-0.0529376
-0.0526905
-0.0523197
-0.051949
-0.0518254
-0.052155
-0.0527866
-0.0531573
-0.0528003
-0.0518529
-0.0510153
-0.0510153
-0.051949
-0.0531299
-0.0535418
-0.0526493
-0.0507956
-0.0489693
-0.0478983
-0.0477198
-0.0482141
-0.0491341
-0.0501639
-0.0508368
-0.0508917
-0.0504798
-0.0499992
-0.0497108
-0.0495872
-0.0493675
-0.0489281
-0.0483102
-0.0478983
-0.0480905
-0.048832
-0.0495186
-0.0496284
-0.0492852
-0.0489968
-0.0490792
-0.0493675
-0.0494774
-0.0491478
-0.0484338
-0.0476786
-0.0471843
-0.0470058
-0.0469783
-0.0468135
-0.0464016
-0.0458249
-0.045358
-0.0452619
-0.0456876
-0.0463741
-0.0467586
-0.0464428
-0.0455228
-0.0446715
-0.0446577
-0.0457425
-0.0475962
-0.0494362
-0.0506583
-0.0510702
-0.0507269
-0.0498344
-0.0487084
-0.047761
-0.0472392
-0.0471294
-0.0472529
-0.047555
-0.0480356
-0.0483652
-0.0482553
-0.0478708
-0.0477885
-0.0482828
-0.0488595
-0.0486947
-0.0475138
-0.0458524
-0.0445616
-0.044136
-0.044493
-0.045207
-0.0459073
-0.0465938
-0.0474864
-0.0486123
-0.0495872
-0.0499168
-0.0493813
-0.0481592
-0.0466625
-0.0453031
-0.0443968
-0.0439712
-0.0440124
-0.0444518
-0.0451109
-0.0455091
-0.0451246
-0.0440948
-0.0433258
-0.043573
-0.0445067
-0.0450422
-0.0445754
-0.0435592
-0.0429825
-0.0433258
-0.0444106
-0.0455915
-0.0462506
-0.0460721
-0.0452482
-0.0443831
-0.044081
-0.0444655
-0.0451795
-0.0456601
-0.0455915
-0.0451521
-0.0446165
-0.0441085
-0.0436142
-0.0432984
-0.0432846
-0.0435181
-0.0436554
-0.043724
-0.0442046
-0.0455228
-0.047404
-0.0489831
-0.0494087
-0.048475
-0.0467449
-0.045207
-0.0446303
-0.0450834
-0.0460858
-0.0470744
-0.0478159
-0.0480905
-0.0476923
-0.0466213
-0.0453306
-0.044438
-0.0442183
-0.0444106
-0.0445204
-0.0443007
-0.0438751
-0.0436142
-0.0437652
-0.0443557
-0.0451795
-0.0458386
-0.0459897
-0.0454953
-0.0445342
-0.0436142
-0.0432022
-0.0434631
-0.0440398
-0.0444243
-0.0443282
-0.0438751
-0.0432297
-0.0424333
-0.0414584
-0.0403873
-0.0394673
-0.0389181
-0.0386847
-0.0385611
-0.0383963
-0.0383002
-0.038465
-0.0388906
-0.0393712
-0.0399067
-0.040607
-0.0414034
-0.0418703
-0.0416231
-0.0406482
-0.0393438
-0.0383002
-0.037902
-0.0381217
-0.0385199
-0.0387121
-0.0386572
-0.0385062
-0.0384238
-0.0385199
-0.0389044
-0.0396596
-0.0405658
-0.0411151
-0.0408817
-0.0398244
-0.0385062
-0.0377372
-0.0380393
-0.03933
-0.0408817
-0.0419252
-0.0420763
-0.0415408
-0.0406757
-0.039742
-0.0390554
-0.0390142
-0.0399067
-0.041376
-0.0426118
-0.0429001
-0.0421999
-0.0411014
-0.0403736
-0.0402638
-0.0403736
