LECROYHDO9204-MSöv,30454,Waveform
Segments,1,SegmentSize,2002
Ampl
-0.0144491
-0.0151219
-0.0150807
-0.0147512
-0.0144217
-0.013996
-0.0133094
-0.012362
-0.011442
-0.0110026
-0.0112635
-0.0120599
-0.0129112
-0.013584
-0.014147
-0.0146276
-0.0148199
-0.0145315
-0.0138037
-0.0129524
-0.0122521
-0.0119363
-0.0120462
-0.0122521
-0.0121423
-0.0116479
-0.0111948
-0.0113184
-0.0120736
-0.0130073
-0.0134605
-0.013076
-0.012005
-0.0109065
-0.0104533
-0.0108241
-0.0117578
-0.0127876
-0.0135017
-0.013639
-0.0131721
-0.0124856
-0.0120187
-0.0117578
-0.0114969
-0.0112909
-0.0115518
-0.0123345
-0.0130073
-0.0128838
-0.0119088
-0.0106456
-0.00972558
-0.00950588
-0.00995901
-0.0106868
-0.0111674
-0.0111674
-0.0108515
-0.0106181
-0.0106456
-0.0107554
-0.0106593
-0.0103572
-0.0102062
-0.0105357
-0.0112635
-0.0119088
-0.0121011
-0.0120736
-0.0123345
-0.0130073
-0.0136115
-0.0136115
-0.0129524
-0.0120599
-0.0112772
-0.0107554
-0.0104396
-0.010316
-0.0103847
-0.0107417
-0.0112909
-0.0117441
-0.0116891
-0.0109339
-0.00968439
-0.0085447
-0.00817396
-0.00886052
-0.010316
-0.0118814
-0.0128975
-0.0130623
-0.0124581
-0.0114694
-0.0105495
-0.0100551
-0.0101101
-0.0104671
-0.0105357
-0.00993155
-0.00890171
-0.00822888
-0.00858589
-0.0100139
-0.0118814
-0.013282
-0.0135429
-0.0126778
-0.0113184
-0.0102474
-0.0100002
-0.0106868
-0.0118402
-0.0126641
-0.0125405
-0.0116205
-0.0106318
-0.0102199
-0.0104945
-0.0112497
-0.0121835
-0.0130348
-0.0135429
-0.0136802
-0.0135566
-0.0133918
-0.0132682
-0.013282
-0.0135429
-0.0140372
-0.0144217
-0.0143942
-0.0138724
-0.0131172
-0.0125267
-0.012362
-0.0126091
-0.0131721
-0.0140784
-0.0154927
-0.0172091
-0.0184998
-0.0186371
-0.0176897
-0.0164539
-0.0156712
-0.0153966
-0.0153966
-0.0155201
-0.0156849
-0.0156712
-0.0152867
-0.0147375
-0.0144354
-0.0145864
-0.0149022
-0.014916
-0.0143805
-0.0134605
-0.0125954
-0.0122521
-0.0126503
-0.0136252
-0.0146825
-0.015273
-0.0150945
-0.0142294
-0.0131584
-0.0124718
-0.0124306
-0.0127602
-0.0129936
-0.0128288
-0.0122796
-0.0116205
-0.0112223
-0.0113459
-0.0118539
-0.0122247
-0.0120324
-0.0113184
-0.0105906
-0.0103847
-0.0108653
-0.0117578
-0.0125817
-0.0130073
-0.0131172
-0.0132408
-0.013584
-0.0141608
-0.0148473
-0.0153554
-0.015273
-0.0142431
-0.0124856
-0.0107142
-0.00972558
-0.00986289
-0.0109889
-0.0125954
-0.0140509
-0.0148885
-0.0150396
-0.0148061
-0.0144766
-0.0142157
-0.0141608
-0.0143255
-0.0145452
-0.0143393
-0.0134742
-0.0122109
-0.0111262
-0.0107417
-0.0113596
-0.0128014
-0.0143942
-0.0153691
-0.0153279
-0.0144079
-0.0131721
-0.0122247
-0.0120873
-0.0129112
-0.0144766
-0.016193
-0.0172503
-0.016907
-0.0150258
-0.0123482
-0.0103023
-0.0100551
-0.0114832
-0.0134467
-0.0148336
-0.0153828
-0.0155201
-0.015479
-0.0151082
-0.0141608
-0.0127602
-0.0114145
-0.0107005
-0.0108515
-0.0116068
-0.0124032
-0.0128563
-0.012925
-0.0127327
-0.0124169
-0.0122247
-0.0124032
-0.0128975
-0.0132408
-0.0131172
-0.0126915
-0.0125542
-0.0130623
-0.0140646
-0.0149984
-0.0152593
-0.0144766
-0.0128288
-0.0109339
-0.00949215
-0.00892917
-0.00924499
-0.0100551
-0.0109751
-0.0117166
-0.0123208
-0.0128838
-0.0134055
-0.013639
-0.0134879
-0.0129799
-0.012307
-0.0116754
-0.0113047
-0.0112635
-0.0114145
-0.0114832
-0.0112635
-0.0107966
-0.0103572
-0.0102611
-0.010728
-0.0116754
-0.0126091
-0.0129799
-0.0126778
-0.0120736
-0.0117303
-0.0118814
-0.0123208
-0.0126366
-0.0124856
-0.0119638
-0.0114969
-0.0114832
-0.0120324
-0.0129387
-0.0140921
-0.0153966
-0.0166598
-0.0174562
-0.0174974
-0.0167422
-0.0154103
-0.0139411
-0.012925
-0.01287
-0.01379
-0.0150807
-0.0160557
-0.0164951
-0.0166461
-0.0166736
-0.0164676
-0.0159184
-0.0151769
-0.0145727
-0.0143393
-0.014353
-0.0143667
-0.0143942
-0.0146414
-0.0151631
-0.0155751
-0.0154927
-0.0150807
-0.0148199
-0.015067
-0.0156575
-0.0163715
-0.017113
-0.0178407
-0.0184037
-0.0185822
-0.0182938
-0.0176485
-0.0169207
-0.0164401
-0.0163989
-0.0167971
-0.0173739
-0.0176759
-0.0173189
-0.0163166
-0.0151082
-0.0142706
-0.0139273
-0.0136252
-0.0129524
-0.0121148
-0.0118402
-0.0126641
-0.0143393
-0.0161381
-0.0173189
-0.0175386
-0.0170306
-0.0163852
-0.0162204
-0.0167285
-0.0175798
-0.0182252
-0.0181977
-0.0174288
-0.016344
-0.0156025
-0.0156437
-0.0162616
-0.0169345
-0.0172777
-0.0172777
-0.0170992
-0.0169345
-0.0169619
-0.0172915
-0.0179368
-0.0186783
-0.0191864
-0.019255
-0.0188431
-0.0181153
-0.0173464
-0.0168795
-0.0169619
-0.0175386
-0.018184
-0.0182252
-0.0171954
-0.0153416
-0.0135566
-0.0127876
-0.0133781
-0.0149709
-0.0167971
-0.0181291
-0.0185273
-0.0179918
-0.0170443
-0.0164401
-0.0166324
-0.0174837
-0.018335
-0.0185135
-0.0177721
-0.0165774
-0.0156712
-0.0155339
-0.0160282
-0.0165637
-0.0166324
-0.0161518
-0.0154103
-0.0148199
-0.014559
-0.0145727
-0.0146963
-0.0148199
-0.0149022
-0.0148473
-0.0145178
-0.0138999
-0.0133369
-0.0133643
-0.0141196
-0.0151494
-0.0158909
-0.0161381
-0.0160557
-0.0158772
-0.0157124
-0.0154378
-0.0149434
-0.0142294
-0.0135566
-0.0133094
-0.013639
-0.0143805
-0.015273
-0.0161655
-0.0169619
-0.0177309
-0.0186371
-0.0197494
-0.0210126
-0.0225505
-0.0249535
-0.0288669
-0.034222
-0.0401264
-0.045564
-0.0500953
-0.0541735
-0.0587048
-0.0645268
-0.0716945
-0.0793839
-0.0867301
-0.0935957
-0.10064
-0.108453
-0.11687
-0.125342
-0.133499
-0.141353
-0.14907
-0.156787
-0.164613
-0.17266
-0.180775
-0.188602
-0.19566
-0.20177
-0.207208
-0.212467
-0.217781
-0.223012
-0.227873
-0.232363
-0.236716
-0.24111
-0.245408
-0.249307
-0.252521
-0.254882
-0.256132
-0.256104
-0.254951
-0.253344
-0.252026
-0.251353
-0.251065
-0.250543
-0.249321
-0.247344
-0.244913
-0.242346
-0.239957
-0.237993
-0.236469
-0.235027
-0.233105
-0.230468
-0.227461
-0.224619
-0.222161
-0.219813
-0.2173
-0.214691
-0.212274
-0.210228
-0.208416
-0.206713
-0.205175
-0.203871
-0.20258
-0.201029
-0.199257
-0.197623
-0.19647
-0.195921
-0.195866
-0.196003
-0.196044
-0.195879
-0.195605
-0.195426
-0.195399
-0.195454
-0.19555
-0.195838
-0.196484
-0.197486
-0.198639
-0.199724
-0.200521
-0.200987
-0.201358
-0.202031
-0.203198
-0.204818
-0.206645
-0.208402
-0.209926
-0.211121
-0.212
-0.212577
-0.212865
-0.212879
-0.212714
-0.212645
-0.212975
-0.213854
-0.215144
-0.216435
-0.217328
-0.217794
-0.218193
-0.218852
-0.219566
-0.219607
-0.218632
-0.21719
-0.21627
-0.216421
-0.217176
-0.217698
-0.217355
-0.216202
-0.214897
-0.214389
-0.215117
-0.216572
-0.217602
-0.217451
-0.216325
-0.215076
-0.214416
-0.214375
-0.21454
-0.21454
-0.21443
-0.214403
-0.214389
-0.214128
-0.213579
-0.213043
-0.212782
-0.212714
-0.212549
-0.212068
-0.211258
-0.210256
-0.209199
-0.208237
-0.207606
-0.207441
-0.207743
-0.208237
-0.208471
-0.20821
-0.207716
-0.207674
-0.208526
-0.210132
-0.211794
-0.212879
-0.213071
-0.212535
-0.21156
-0.210572
-0.209899
-0.209734
-0.209926
-0.20994
-0.209295
-0.2081
-0.207111
-0.20707
-0.208086
-0.209432
-0.210146
-0.209858
-0.208897
-0.208128
-0.208237
-0.209295
-0.21064
-0.211505
-0.211382
-0.210338
-0.208746
-0.20718
-0.206082
-0.205546
-0.205272
-0.204942
-0.204544
-0.204406
-0.204915
-0.206082
-0.207633
-0.209185
-0.210325
-0.210791
-0.210627
-0.210077
-0.209308
-0.208306
-0.207098
-0.206123
-0.205931
-0.206631
-0.207716
-0.208677
-0.209171
-0.209103
-0.208416
-0.207249
-0.205972
-0.204956
-0.20431
-0.203926
-0.203706
-0.203679
-0.203912
-0.204297
-0.204599
-0.204956
-0.20567
-0.206727
-0.207441
-0.206947
-0.205175
-0.20302
-0.201537
-0.201042
-0.201042
-0.200919
-0.200521
-0.200081
-0.199834
-0.199834
-0.199903
-0.199848
-0.199601
-0.199326
-0.199271
-0.199573
-0.199889
-0.19971
-0.198708
-0.19728
-0.196181
-0.195879
-0.196113
-0.196305
-0.196168
-0.195921
-0.195879
-0.195948
-0.195797
-0.19533
-0.194918
-0.195014
-0.195509
-0.195824
-0.195467
-0.194451
-0.193325
-0.192611
-0.192515
-0.192859
-0.19327
-0.193435
-0.193174
-0.192543
-0.191774
-0.191197
-0.191197
-0.191911
-0.193133
-0.194341
-0.194877
-0.194479
-0.193367
-0.192076
-0.191115
-0.190689
-0.190634
-0.19051
-0.189961
-0.18911
-0.188465
-0.188574
-0.189549
-0.191046
-0.192323
-0.192666
-0.191733
-0.189824
-0.187682
-0.186062
-0.185306
-0.185306
-0.185636
-0.186007
-0.186336
-0.186707
-0.187105
-0.187435
-0.187613
-0.187531
-0.187146
-0.186515
-0.185856
-0.185471
-0.185389
-0.185375
-0.1851
-0.184386
-0.183411
-0.182519
-0.181956
-0.181791
-0.181915
-0.181997
-0.181668
-0.180789
-0.17969
-0.179004
-0.179155
-0.17991
-0.180665
-0.180995
-0.180871
-0.180542
-0.180171
-0.179773
-0.179196
-0.178386
-0.17748
-0.176738
-0.176299
-0.176093
-0.175983
-0.175942
-0.176052
-0.17623
-0.176299
-0.17623
-0.176271
-0.176752
-0.177589
-0.178358
-0.178592
-0.178221
-0.177535
-0.176985
-0.176848
-0.177013
-0.177054
-0.176669
-0.175887
-0.174871
-0.173731
-0.172591
-0.171561
-0.170902
-0.17082
-0.17141
-0.17244
-0.173388
-0.173786
-0.173552
-0.172976
-0.172358
-0.171918
-0.171699
-0.171644
-0.171671
-0.171685
-0.171575
-0.171301
-0.170875
-0.170449
-0.170216
-0.170216
-0.170175
-0.169667
-0.168499
-0.166879
-0.165396
-0.164806
-0.165369
-0.166522
-0.167167
-0.166591
-0.165094
-0.16379
-0.163625
-0.1646
-0.165712
-0.165863
-0.164778
-0.163336
-0.16265
-0.162993
-0.163693
-0.164023
-0.164023
-0.164229
-0.164957
-0.165877
-0.166412
-0.166206
-0.165259
-0.163762
-0.162156
-0.16103
-0.160796
-0.161414
-0.162458
-0.163542
-0.164394
-0.164833
-0.164751
-0.164023
-0.162609
-0.160728
-0.158888
-0.15772
-0.157597
-0.158572
-0.160261
-0.161895
-0.162664
-0.162293
-0.161373
-0.160714
-0.160563
-0.160467
-0.159862
-0.158627
-0.157116
-0.155867
-0.155304
-0.155482
-0.156114
-0.156828
-0.157377
-0.157542
-0.157116
-0.156196
-0.155166
-0.154343
-0.153683
-0.152942
-0.151981
-0.151033
-0.150415
-0.150264
-0.150457
-0.150745
-0.150965
-0.151074
-0.151088
-0.151061
-0.150978
-0.1508
-0.150498
-0.150196
-0.150113
-0.150333
-0.150635
-0.150608
-0.150031
-0.149152
-0.148452
-0.148136
-0.147903
-0.147271
-0.146227
-0.145225
-0.144717
-0.144895
-0.145678
-0.146845
-0.147985
-0.148699
-0.148932
-0.14885
-0.148726
-0.148603
-0.148411
-0.148095
-0.1476
-0.146832
-0.145761
-0.144648
-0.143811
-0.143385
-0.143289
-0.143577
-0.144332
-0.14539
-0.146227
-0.146433
-0.146063
-0.145527
-0.145252
-0.145294
-0.145376
-0.145033
-0.143948
-0.142383
-0.141064
-0.140804
-0.141751
-0.143179
-0.144072
-0.143866
-0.142836
-0.14171
-0.140872
-0.140309
-0.139856
-0.139568
-0.139623
-0.140007
-0.140447
-0.140529
-0.140199
-0.139678
-0.139348
-0.139252
-0.139183
-0.138964
-0.138826
-0.13906
-0.139485
-0.139485
-0.138661
-0.137192
-0.135668
-0.134707
-0.134583
-0.135229
-0.13608
-0.1363
-0.135448
-0.133979
-0.132853
-0.132716
-0.133485
-0.134679
-0.135833
-0.136561
-0.136602
-0.13597
-0.134982
-0.134007
-0.133155
-0.132373
-0.131741
-0.131645
-0.132318
-0.13354
-0.134734
-0.135229
-0.134748
-0.133444
-0.131823
-0.130368
-0.129462
-0.129187
-0.129393
-0.129777
-0.130038
-0.130107
-0.130079
-0.12997
-0.129722
-0.129228
-0.128651
-0.128308
-0.128226
-0.12813
-0.127869
-0.127745
-0.128047
-0.128706
-0.129242
-0.129297
-0.128885
-0.128377
-0.128047
-0.127855
-0.127635
-0.127333
-0.127017
-0.126757
-0.126647
-0.126757
-0.1271
-0.127525
-0.127677
-0.127223
-0.12618
-0.124917
-0.123955
-0.123516
-0.123406
-0.123365
-0.123228
-0.12298
-0.12261
-0.122157
-0.121731
-0.12147
-0.121415
-0.121552
-0.121882
-0.122308
-0.122623
-0.122623
-0.122472
-0.122431
-0.122486
-0.122225
-0.121374
-0.120234
-0.119493
-0.119506
-0.120069
-0.120619
-0.120619
-0.119973
-0.119204
-0.118916
-0.119301
-0.119987
-0.120372
-0.120179
-0.119493
-0.118573
-0.11779
-0.117584
-0.118229
-0.119548
-0.12088
-0.121552
-0.12136
-0.12066
-0.119863
-0.119246
-0.118902
-0.118738
-0.118545
-0.118188
-0.117804
-0.117612
-0.117694
-0.11801
-0.118394
-0.118724
-0.118834
-0.118586
-0.118024
-0.117406
-0.116966
-0.116719
-0.116541
-0.116293
-0.115881
-0.115154
-0.11422
-0.113657
-0.114
-0.115222
-0.11665
-0.117461
-0.117062
-0.115401
-0.112957
-0.110705
-0.109565
-0.109922
-0.111144
-0.112215
-0.11249
-0.112009
-0.11124
-0.110581
-0.110238
-0.110238
-0.11054
-0.110993
-0.111199
-0.110828
-0.109895
-0.108879
-0.108151
-0.10767
-0.107039
-0.106187
-0.105597
-0.105816
-0.106791
-0.107972
-0.108769
-0.108892
-0.108316
-0.107107
-0.105473
-0.103798
-0.10248
-0.101642
-0.101217
-0.101189
-0.101642
-0.102452
-0.103276
-0.103716
-0.103688
-0.103427
-0.1034
-0.103716
-0.104059
-0.103894
-0.102947
-0.101395
-0.0998571
-0.0991019
-0.0995825
-0.101024
-0.10259
-0.103482
-0.103372
-0.102617
-0.101807
-0.101409
-0.101574
-0.102178
-0.103029
-0.103949
-0.104773
-0.105377
-0.105528
-0.105061
-0.104169
-0.10329
-0.102878
-0.103043
-0.103523
-0.103894
-0.103867
-0.103427
-0.102713
-0.101862
-0.100942
-0.100077
-0.0995688
-0.0994727
-0.0996237
-0.0998297
-0.100187
-0.100818
-0.101601
-0.102054
-0.101807
-0.100777
-0.0991157
-0.0971933
-0.0956142
-0.095065
-0.0958888
-0.0976601
-0.0992118
-0.0995276
-0.0984016
-0.0965617
-0.0950238
-0.0943784
-0.0946942
-0.095573
-0.0964793
-0.0969873
-0.0970697
-0.0969187
-0.0967814
-0.0967127
-0.0965891
-0.096287
-0.0957378
-0.0949002
-0.0937605
-0.0924972
-0.0915498
-0.0911653
-0.0911653
-0.0912477
-0.0914125
-0.0919068
-0.0928954
-0.0942136
-0.0954082
-0.0959987
-0.0956829
-0.0946393
-0.0934447
-0.0925796
-0.0921539
-0.0920304
-0.0921677
-0.0926071
-0.093376
-0.0943097
-0.0950787
-0.0952709
-0.0946942
-0.0935683
-0.0924286
-0.091742
-0.0914262
-0.0910417
-0.0906023
-0.0906023
-0.0913987
-0.0925247
-0.0930602
-0.0925109
-0.0912065
-0.0898746
-0.0889408
-0.0884053
-0.0880346
-0.08776
-0.0876501
-0.0878835
-0.0885289
-0.0895725
-0.0908769
-0.0921402
-0.0929915
-0.093225
-0.0929092
-0.0921951
-0.0912202
-0.0902316
-0.0896549
-0.089751
-0.0903963
-0.0911104
-0.0916459
-0.0920578
-0.0923187
-0.092099
-0.091179
-0.0898471
-0.0887349
-0.0880208
-0.0873206
-0.0861946
-0.0847803
-0.0836818
-0.0833934
-0.083929
-0.0848489
-0.0857277
-0.086428
-0.0871009
-0.0878561
-0.0885564
-0.0889683
-0.0888722
-0.0882131
-0.0870047
-0.085563
-0.0843272
-0.0838191
-0.0841761
-0.0850686
-0.0858239
-0.0858925
-0.0852334
-0.084437
-0.0841212
-0.0843958
-0.0848901
-0.085151
-0.0848764
-0.0838878
-0.0822812
-0.0807021
-0.0800018
-0.0805099
-0.0818693
-0.0833385
-0.0843409
-0.0846567
-0.0844919
-0.084231
-0.0841624
-0.0844233
-0.085
-0.0858925
-0.086991
-0.0879659
-0.0884328
-0.0882543
-0.0875403
-0.0864418
-0.085
-0.0832424
-0.0814299
-0.0801803
-0.0800018
-0.080757
-0.0816358
-0.0819242
-0.0814985
-0.080963
-0.0809081
-0.0813338
-0.0816221
-0.0810866
-0.0796723
-0.0779833
-0.0769398
-0.077132
-0.0783404
-0.0796723
-0.0801666
-0.0796174
-0.078615
-0.0779284
-0.0777774
-0.0780108
-0.0785051
-0.079178
-0.0797959
-0.0799744
-0.079535
-0.0786699
-0.0776263
-0.0764729
-0.0752234
-0.0740562
-0.0734795
-0.0739052
-0.0751959
-0.0765828
-0.0773105
-0.0773105
-0.0770771
-0.0771046
-0.0773792
-0.0775851
-0.0774753
-0.0769398
-0.0760472
-0.0750174
-0.0741798
-0.0737541
-0.0735894
-0.0734795
-0.073301
-0.0731912
-0.073301
-0.0735619
-0.0738091
-0.0739189
-0.0738915
-0.0738777
-0.0738915
-0.0739464
-0.074015
-0.0740425
-0.0738365
-0.0732049
-0.0721888
-0.0712001
-0.0706097
-0.0704587
-0.0705136
-0.0706509
-0.0710079
-0.0715846
-0.0721339
-0.0723398
-0.0720927
-0.0715709
-0.0711315
-0.0712825
-0.0723124
-0.0738503
-0.0749488
-0.0749488
-0.0740974
-0.0732049
-0.0728891
-0.0731774
-0.073658
-0.0738503
-0.0735756
-0.0730264
-0.0726831
-0.0728891
-0.0734932
-0.0740425
-0.0742759
-0.074372
-0.0747565
-0.075649
-0.0767201
-0.0772281
-0.0766789
-0.0754293
-0.0744132
-0.0743034
-0.074935
-0.075649
-0.0758962
-0.0755804
-0.0748389
-0.0738503
-0.0726282
-0.0712963
-0.0701154
-0.0693052
-0.0688521
-0.0684951
-0.0681655
-0.068193
-0.0690306
-0.0705822
-0.0721339
-0.0729852
-0.0728753
-0.0720789
-0.0710079
-0.0699781
-0.0692503
-0.0690443
-0.0693739
-0.0699643
-0.0703213
-0.0700193
-0.0691542
-0.068399
-0.0684539
-0.0693876
-0.0704724
-0.0708431
-0.0702801
-0.0691679
-0.0681381
-0.06763
-0.0676712
-0.0679458
-0.0680694
-0.067987
-0.0680008
-0.0684127
-0.0691542
-0.0697446
-0.0696485
-0.0687834
-0.0676026
-0.0668473
-0.066916
-0.0675751
-0.068193
-0.0683578
-0.0681243
-0.0676026
-0.0668473
-0.0660509
-0.0655841
-0.0657626
-0.0665453
-0.067685
-0.068756
-0.0692778
-0.0688384
-0.0675202
-0.0661196
-0.0656115
-0.0662569
-0.0673142
-0.0677261
-0.0668885
-0.0650211
-0.0631125
-0.0622474
-0.062879
-0.0644719
-0.0660235
-0.066765
-0.0665178
-0.0655017
-0.064156
-0.063085
-0.062728
-0.0630026
-0.0633047
-0.0630575
-0.0620414
-0.0605859
-0.0592265
-0.0585674
-0.058897
-0.0599406
-0.0611626
-0.0621101
-0.0626868
-0.0629065
-0.0628241
-0.0624808
-0.0620002
-0.0615059
-0.0610665
-0.0606271
-0.0603388
-0.0605585
-0.0614922
-0.062728
-0.0634695
-0.0632086
-0.0622337
-0.0614098
-0.0612999
-0.0617531
-0.0621375
-0.062014
-0.0613823
-0.0606546
-0.0602976
-0.0603937
-0.0606408
-0.0606958
-0.060682
-0.0610665
-0.0620826
-0.0633184
-0.0638539
-0.0631262
-0.0614647
-0.0598444
-0.0591716
-0.0595561
-0.06038
-0.0608331
-0.0605859
-0.0598444
-0.0589519
-0.0580457
-0.0571806
-0.0564666
-0.0559997
-0.05578
-0.0558212
-0.056343
-0.0575101
-0.0590206
-0.0602701
-0.0608194
-0.0607507
-0.06038
-0.0600779
-0.0601191
-0.0605997
-0.0612588
-0.0616432
-0.0614098
-0.0604623
-0.0589794
-0.0572904
-0.05578
-0.0548326
-0.0546403
-0.0551484
-0.056137
-0.0571806
-0.0579633
-0.0582928
-0.0582654
-0.0582104
-0.0586086
-0.0596659
-0.0608605
-0.0611626
-0.059968
-0.0578946
-0.0561782
-0.0556564
-0.0561096
-0.0568648
-0.0575239
-0.0580868
-0.0586086
-0.0589794
-0.059048
-0.0587185
-0.0579907
-0.0571669
-0.0565764
-0.0563155
-0.0562743
-0.0562606
-0.0562057
-0.0560409
-0.0557251
-0.0552994
-0.0548875
-0.054503
-0.0540224
-0.0535556
-0.0534732
-0.0539538
-0.054654
-0.0550248
-0.0548326
-0.0543794
-0.054146
-0.0543932
-0.0549287
-0.055272
-0.0550797
-0.0545442
-0.0542284
-0.0545442
-0.0553818
-0.0563155
-0.0570021
-0.0574552
-0.0578122
-0.0580731
-0.0579633
-0.0572904
-0.0560821
-0.0547364
-0.0536379
-0.0528827
-0.0524021
-0.0523884
-0.0530338
-0.0540911
-0.0548737
-0.05486
-0.0541597
-0.0531985
-0.0522236
-0.0513311
-0.0507681
-0.0507681
-0.051235
-0.0517842
-0.0520589
-0.0520589
-0.051949
-0.0518254
-0.051743
-0.0517293
-0.0518666
-0.0520863
-0.0522511
-0.0522923
-0.0522923
-0.0524296
-0.0527317
-0.0529788
-0.0529926
-0.0528827
-0.0528553
-0.0528141
-0.0525806
-0.0522099
-0.0519627
-0.0519215
-0.051949
-0.0520177
-0.0523609
-0.0531573
-0.0540911
-0.0545854
-0.0544481
-0.0540499
-0.0539126
-0.0542284
-0.0546678
-0.054709
-0.0540773
-0.0529651
-0.0520177
-0.051743
-0.0521412
-0.0528415
-0.0535144
-0.0539812
-0.0541323
-0.0538988
-0.053432
-0.0529651
-0.0526218
-0.0525532
-0.0527729
-0.0531573
-0.0533221
-0.0530063
-0.0524296
-0.0520314
-0.0519902
-0.0522374
-0.0528003
-0.0537066
-0.0546815
-0.055272
-0.0550934
-0.0540499
-0.052306
-0.050315
-0.0487771
-0.0482416
-0.0486398
-0.0495049
-0.0504523
-0.0513174
-0.0519902
-0.0522923
-0.0520589
-0.0513448
-0.0504386
-0.0497657
-0.0495735
-0.0497657
-0.0500266
-0.0501502
-0.0501639
-0.0501365
-0.0500129
-0.0498069
-0.0496147
-0.0496284
-0.0498893
-0.0502601
-0.0505347
-0.0506445
-0.0506033
-0.0504798
-0.0501914
-0.0495323
-0.0483377
-0.0467998
-0.0454541
-0.0449186
-0.0455228
-0.0471019
-0.0488595
-0.0497657
-0.049395
-0.048269
-0.0472667
-0.0469234
-0.047047
-0.0471568
-0.0470195
-0.0467449
-0.0464565
-0.0461956
-0.0459073
-0.0456738
-0.0455365
-0.0455228
-0.0454953
-0.0452619
-0.0449461
-0.0450285
-0.0458798
-0.0471705
-0.0479807
-0.0477885
-0.0469371
-0.0460309
-0.0453306
-0.0447951
-0.0445204
-0.0447401
-0.0454679
-0.0464291
-0.0472529
-0.0476511
-0.0475688
-0.0472392
-0.046992
-0.0471019
-0.0477473
-0.0488183
-0.0497795
-0.0499031
-0.0489968
-0.0475962
-0.0464291
-0.045715
-0.0451521
-0.0444518
-0.0438339
-0.0437652
-0.044438
-0.0453443
-0.0456738
-0.0449598
-0.0434219
-0.0419115
-0.0412661
-0.0415545
-0.0422273
-0.0427491
-0.0430787
-0.0436004
-0.0445342
-0.0457013
-0.0466488
-0.0469234
-0.0463467
-0.0451521
-0.0438751
-0.0429276
-0.0423784
-0.0421175
-0.0421037
-0.0422136
-0.0421861
-0.041884
-0.0416918
-0.0422273
-0.0436416
-0.0453992
-0.0466488
-0.0467723
-0.0456464
-0.0437652
-0.0419939
-0.0410464
-0.0410602
-0.0414996
-0.0416369
-0.0411151
-0.0402638
-0.0398244
-0.0403599
-0.0417055
-0.0429139
-0.043161
-0.0422822
-0.0407718
-0.03933
-0.0384924
-0.0384787
-0.0393163
-0.0409229
-0.0430787
-0.0452482
-0.0467311
-0.0470744
-0.046484
-0.0456052
-0.0449873
-0.0446303
-0.0442046
-0.0434906
-0.0425706
-0.0416506
-0.0410052
-0.0408679
-0.041376
-0.0423097
-0.0431885
-0.0435181
-0.0432022
-0.0425843
-0.042296
-0.0426942
-0.0435867
-0.0443419
-0.0444518
-0.0439574
-0.0433395
-0.0429413
-0.0427079
-0.0423646
-0.041939
-0.0417193
-0.0419115
-0.042447
-0.0429551
-0.0430237
-0.0424196
-0.0413073
-0.0401814
-0.039536
-0.039536
-0.0398656
-0.040099
-0.0401814
-0.0404011
-0.0409503
-0.0415133
-0.0414858
-0.0407032
-0.0396459
-0.0389456
-0.0387808
-0.0388769
-0.0389318
-0.0388906
-0.0389044
-0.0390829
-0.0394124
-0.0397008
-0.0397969
-0.0397008
-0.0395223
-0.0393712
-0.0393026
-0.0394399
-0.0399617
-0.0409366
-0.0421449
-0.0431885
-0.0436416
-0.0432572
-0.0421175
-0.0407443
-0.0396596
-0.0391515
-0.0391103
-0.0393163
-0.0395635
-0.039687
-0.0395085
-0.038973
-0.0382041
-0.0375175
-0.0371468
-0.0371193
-0.0371742
-0.037133
-0.0370232
-0.0370919
-0.0375999
-0.038465
-0.0392614
-0.0395497
