LECROYHDO9204-MSöv,30454,Waveform
Segments,1,SegmentSize,2002
Ampl
-0.0132682
-0.010728
-0.00913514
-0.00921753
-0.0108927
-0.0133506
-0.0155064
-0.0164676
-0.0160694
-0.0148199
-0.0135978
-0.0129661
-0.0129524
-0.0131584
-0.0133369
-0.013584
-0.0142431
-0.0151906
-0.0158497
-0.015836
-0.0154652
-0.0152867
-0.0155064
-0.0159046
-0.0161792
-0.0160831
-0.0154927
-0.0144628
-0.0133781
-0.0126366
-0.0124032
-0.0126091
-0.0130623
-0.0135566
-0.0140097
-0.0144491
-0.0148061
-0.0149709
-0.0148061
-0.0145452
-0.0144903
-0.0146551
-0.0146825
-0.0143942
-0.0140234
-0.0141196
-0.0149434
-0.0162616
-0.0173189
-0.0174151
-0.0164401
-0.015067
-0.014202
-0.0142569
-0.0148473
-0.0153966
-0.0155476
-0.0153691
-0.0150807
-0.014861
-0.0148199
-0.014861
-0.0148199
-0.0146276
-0.014559
-0.0149022
-0.0157124
-0.01655
-0.0167422
-0.0158222
-0.0140234
-0.0121011
-0.0108378
-0.0104671
-0.0106318
-0.0108653
-0.0110026
-0.0111674
-0.0114145
-0.0117166
-0.01195
-0.0119226
-0.0115381
-0.0109339
-0.0104396
-0.0102748
-0.0103435
-0.0104121
-0.0104808
-0.0107417
-0.0113733
-0.0122247
-0.0129661
-0.0133094
-0.0131721
-0.0126778
-0.0121011
-0.0116205
-0.0113459
-0.0114145
-0.0118402
-0.0123208
-0.0125954
-0.0127739
-0.0132408
-0.0139685
-0.0144628
-0.014353
-0.0138587
-0.013433
-0.0132545
-0.0131584
-0.0130073
-0.0127053
-0.0122247
-0.0117166
-0.0115793
-0.0121423
-0.0133369
-0.0146551
-0.0154378
-0.0153966
-0.0147237
-0.0139685
-0.0135566
-0.0134879
-0.0135017
-0.0135291
-0.0138037
-0.0144628
-0.0152043
-0.0155888
-0.0153828
-0.0148336
-0.0144766
-0.0147512
-0.0156987
-0.0168795
-0.0177583
-0.0182115
-0.0184724
-0.018747
-0.0189941
-0.0190491
-0.0186783
-0.0177309
-0.0163577
-0.0151631
-0.0147787
-0.0152867
-0.0160557
-0.0163577
-0.0159733
-0.0152593
-0.0147924
-0.0149572
-0.0157673
-0.0168521
-0.0177171
-0.017978
-0.0175661
-0.0166873
-0.0157536
-0.0151631
-0.0152318
-0.0158909
-0.0167422
-0.0173876
-0.0175798
-0.0173601
-0.0169345
-0.0165912
-0.0164676
-0.0166186
-0.0169345
-0.0173327
-0.0177034
-0.0179094
-0.0178819
-0.0177995
-0.0177858
-0.0177309
-0.0174013
-0.0168246
-0.0162754
-0.0160694
-0.0162479
-0.0165363
-0.0164401
-0.0156025
-0.0140921
-0.0126366
-0.0121011
-0.0128563
-0.0144079
-0.0159046
-0.0168521
-0.0173601
-0.0177995
-0.0182664
-0.0184586
-0.0180604
-0.0170855
-0.0159595
-0.0151219
-0.014559
-0.0140784
-0.0137351
-0.0139411
-0.0148885
-0.0160419
-0.0165088
-0.015836
-0.0144217
-0.0131035
-0.0125267
-0.0127876
-0.013639
-0.0147237
-0.0159046
-0.0169619
-0.0175661
-0.0174013
-0.0165225
-0.0152867
-0.013996
-0.0127739
-0.0117578
-0.0110987
-0.0109065
-0.011085
-0.0115106
-0.0120187
-0.0124718
-0.0129524
-0.0137488
-0.014916
-0.0160419
-0.0164676
-0.0159046
-0.0148199
-0.0139685
-0.01379
-0.0142294
-0.0149709
-0.0157673
-0.0164539
-0.0170168
-0.0174562
-0.0176622
-0.0174837
-0.0169345
-0.0163577
-0.0161655
-0.01655
-0.0174151
-0.01839
-0.0191177
-0.0194335
-0.0193923
-0.0190353
-0.0183625
-0.0174837
-0.0168109
-0.0168246
-0.0177034
-0.0189941
-0.0198729
-0.0197494
-0.0185685
-0.0168246
-0.0151631
-0.0138999
-0.0130211
-0.0124993
-0.0124306
-0.0127602
-0.0131172
-0.0130485
-0.012513
-0.0119226
-0.0117166
-0.0121697
-0.0133781
-0.0151219
-0.0166736
-0.0172091
-0.0164127
-0.0147924
-0.0131446
-0.0119775
-0.0115244
-0.0116617
-0.0120187
-0.0122384
-0.0122247
-0.0121835
-0.0122521
-0.0124718
-0.0128288
-0.013227
-0.0134605
-0.0134467
-0.0133094
-0.0133643
-0.0136252
-0.01379
-0.0135429
-0.01287
-0.0120462
-0.0114694
-0.0115656
-0.0123482
-0.0135429
-0.01471
-0.0156163
-0.0162204
-0.0164676
-0.0162616
-0.0156437
-0.0147787
-0.0138175
-0.0127739
-0.0117303
-0.0109751
-0.0108927
-0.0117578
-0.0135291
-0.0155339
-0.0168521
-0.0170168
-0.0164127
-0.0157398
-0.0153691
-0.0152043
-0.0151494
-0.0153554
-0.015987
-0.0168521
-0.0174288
-0.0172503
-0.0161518
-0.0144217
-0.01287
-0.0123482
-0.0131309
-0.014559
-0.0155751
-0.0156025
-0.0147512
-0.0135017
-0.0124444
-0.0121011
-0.0127876
-0.0144491
-0.016756
-0.0190903
-0.0206282
-0.0207929
-0.0195571
-0.0175112
-0.015479
-0.014147
-0.0138037
-0.0142157
-0.01471
-0.0146825
-0.0142157
-0.013996
-0.0146963
-0.016193
-0.0177171
-0.01839
-0.0179506
-0.0168795
-0.0159046
-0.0153691
-0.0150258
-0.014504
-0.0139685
-0.0138037
-0.0141333
-0.0146825
-0.0151219
-0.0153966
-0.0155339
-0.0156437
-0.0158497
-0.0162754
-0.0168383
-0.0173327
-0.0176622
-0.017827
-0.0176348
-0.0167697
-0.0152318
-0.013584
-0.0127464
-0.0131446
-0.0144217
-0.0156163
-0.0160282
-0.0157673
-0.0153828
-0.0153279
-0.0155476
-0.01563
-0.0153004
-0.014559
-0.0137076
-0.0131172
-0.0130485
-0.0134193
-0.0137488
-0.0136802
-0.013282
-0.0130348
-0.0132408
-0.0136939
-0.0139548
-0.0138037
-0.0133643
-0.0129387
-0.0128426
-0.0132545
-0.0140097
-0.0148336
-0.0155064
-0.0160282
-0.0164539
-0.0166736
-0.0165774
-0.016193
-0.0157673
-0.0156163
-0.0159595
-0.0166049
-0.0170718
-0.0170306
-0.0166736
-0.0165363
-0.0169757
-0.0178544
-0.0187607
-0.0192413
-0.0192138
-0.0189529
-0.0188568
-0.0189941
-0.0190903
-0.0189392
-0.0187744
-0.0190216
-0.019818
-0.020889
-0.0219326
-0.0229899
-0.0243218
-0.0260245
-0.0279194
-0.0297457
-0.0313522
-0.0326979
-0.0339199
-0.0352519
-0.0370095
-0.0393575
-0.0421861
-0.0450422
-0.0473902
-0.0489144
-0.0498207
-0.050878
-0.0529102
-0.0561096
-0.0599955
-0.0638402
-0.0670945
-0.0695387
-0.0712551
-0.0726419
-0.0740425
-0.0755667
-0.0770771
-0.0783953
-0.0794389
-0.0801941
-0.0807296
-0.0812788
-0.0821576
-0.0836681
-0.0858513
-0.0882543
-0.090108
-0.0908495
-0.0905199
-0.089751
-0.0892017
-0.0891056
-0.0892567
-0.0894077
-0.0894626
-0.0894626
-0.0892841
-0.0887623
-0.0878012
-0.0865516
-0.0852609
-0.0840388
-0.0828442
-0.0814985
-0.0800842
-0.0789445
-0.0784914
-0.0787798
-0.0794114
-0.0798233
-0.0798096
-0.0793839
-0.0786287
-0.0775165
-0.0761983
-0.0750586
-0.0744544
-0.0743995
-0.0746055
-0.0746879
-0.0743995
-0.0738091
-0.0732186
-0.0729028
-0.0728204
-0.0726694
-0.0720652
-0.0709667
-0.0697172
-0.0687834
-0.0684814
-0.0690306
-0.0705822
-0.0729577
-0.0752646
-0.0763081
-0.0756079
-0.0737267
-0.0718455
-0.0709255
-0.07131
-0.0726282
-0.0741798
-0.0752096
-0.0754843
-0.0752234
-0.0747702
-0.074372
-0.0743308
-0.0750586
-0.0766514
-0.078615
-0.0801391
-0.080757
-0.0805373
-0.0797135
-0.0786013
-0.0775989
-0.0770496
-0.0769535
-0.076981
-0.0769535
-0.0771183
-0.077901
-0.0793702
-0.0810454
-0.0821164
-0.082034
-0.0809767
-0.0796586
-0.0787798
-0.0785738
-0.0789171
-0.0794114
-0.0796997
-0.0795212
-0.0790132
-0.0785875
-0.0786836
-0.0793565
-0.0802627
-0.0808669
-0.0807982
-0.0799881
-0.0787248
-0.0775165
-0.0770084
-0.0776401
-0.0793702
-0.0814299
-0.082652
-0.0823499
-0.0808257
-0.0791642
-0.0783816
-0.0787111
-0.0797272
-0.0809218
-0.0820066
-0.0827343
-0.0829403
-0.0825284
-0.0815672
-0.0801803
-0.0784639
-0.0766377
-0.0749762
-0.0738777
-0.0736855
-0.0744544
-0.0757864
-0.0771183
-0.0779696
-0.0781069
-0.0775989
-0.0767338
-0.0759923
-0.0756628
-0.0757314
-0.0759923
-0.0765004
-0.0773105
-0.0780657
-0.0780657
-0.076981
-0.075292
-0.0739876
-0.0737816
-0.0747153
-0.0761983
-0.0773929
-0.0777225
-0.0770908
-0.0759511
-0.0748114
-0.0739052
-0.0733422
-0.0731774
-0.0735756
-0.0745231
-0.0757726
-0.0767613
-0.0768849
-0.075855
-0.0740837
-0.0724222
-0.0716395
-0.0718318
-0.0726145
-0.0735482
-0.0744407
-0.0753332
-0.0762258
-0.0768299
-0.076775
-0.0759786
-0.0749762
-0.0743583
-0.0742622
-0.0743858
-0.074427
-0.0744407
-0.0746055
-0.0748801
-0.0751547
-0.0751685
-0.0747428
-0.0740013
-0.0733285
-0.0730264
-0.072944
-0.0726556
-0.0719828
-0.0712139
-0.0709392
-0.0715434
-0.0728341
-0.0740974
-0.0746604
-0.0743583
-0.0736718
-0.0730401
-0.0724909
-0.0718318
-0.0712001
-0.0709804
-0.0715434
-0.0726968
-0.0738915
-0.0745643
-0.074427
-0.0735207
-0.0721476
-0.0707882
-0.0700193
-0.0701428
-0.071104
-0.0725183
-0.0740974
-0.0758001
-0.0776263
-0.0792054
-0.0798371
-0.078972
-0.0767063
-0.073864
-0.071461
-0.0702252
-0.0703076
-0.0713512
-0.072738
-0.073864
-0.074427
-0.0744682
-0.0741523
-0.0735207
-0.072587
-0.0715846
-0.0708981
-0.0709118
-0.0716121
-0.0726145
-0.0734246
-0.0736718
-0.0733285
-0.0725321
-0.0715022
-0.0703351
-0.0691817
-0.0683303
-0.0680832
-0.0686187
-0.0697996
-0.0711864
-0.0721339
-0.0720789
-0.0711452
-0.070033
-0.0694837
-0.0695661
-0.0697584
-0.0696897
-0.06947
-0.0694975
-0.0699506
-0.0706646
-0.0712276
-0.0711452
-0.0701291
-0.0682754
-0.0660647
-0.0642659
-0.0634969
-0.0639363
-0.0651584
-0.0665865
-0.067836
-0.0687285
-0.0689894
-0.0683166
-0.0668199
-0.065282
-0.0645954
-0.0650074
-0.0660097
-0.0668199
-0.0671082
-0.0672318
-0.0678223
-0.0690855
-0.0704724
-0.0712551
-0.0710354
-0.0699506
-0.0684539
-0.0671632
-0.0666139
-0.0668336
-0.0672181
-0.0672044
-0.066916
-0.0668885
-0.0672867
-0.0676987
-0.0676438
-0.067067
-0.0662294
-0.0655017
-0.0652133
-0.065488
-0.0662569
-0.0673142
-0.0684539
-0.069319
-0.0695387
-0.0691542
-0.068756
-0.0689345
-0.06947
-0.0694563
-0.068344
-0.0666276
-0.0652683
-0.0648289
-0.0652545
-0.0662844
-0.0675202
-0.0684814
-0.0686873
-0.0681106
-0.0671494
-0.0663256
-0.0659686
-0.0660372
-0.0661608
-0.0660509
-0.0659136
-0.0660784
-0.0664766
-0.0666276
-0.0662294
-0.0655017
-0.064925
-0.0646778
-0.0646229
-0.064513
-0.0643071
-0.0641148
-0.0641698
-0.0646366
-0.0653095
-0.0656665
-0.0654056
-0.0647602
-0.0642796
-0.0643208
-0.064925
-0.0657489
-0.066202
-0.0657351
-0.0643895
-0.0628928
-0.0620826
-0.0623435
-0.0634557
-0.0648014
-0.0657077
-0.0656802
-0.0648151
-0.0636754
-0.0627417
-0.0620414
-0.0614373
-0.0609292
-0.0606408
-0.0605585
-0.0605447
-0.0605447
-0.0606408
-0.0609567
-0.0615746
-0.0624534
-0.0633322
-0.0638265
-0.0637716
-0.063291
-0.0627005
-0.0622886
-0.0622337
-0.0625769
-0.0631262
-0.0633184
-0.0628104
-0.0617393
-0.0607507
-0.0602838
-0.0602976
-0.0603113
-0.0599131
-0.0589656
-0.0577848
-0.0569472
-0.0569197
-0.0576886
-0.0587597
-0.05946
-0.0594188
-0.0588009
-0.0582104
-0.0582242
-0.058897
-0.0597758
-0.0603662
-0.0604761
-0.0601877
-0.0596385
-0.0590206
-0.0584576
-0.0578809
-0.0570433
-0.0560409
-0.055423
-0.0558487
-0.0573316
-0.0591441
-0.0603937
-0.0606958
-0.0602564
-0.0596522
-0.059405
-0.0596385
-0.0599818
-0.0599543
-0.0593364
-0.0584301
-0.05762
-0.0571669
-0.0570707
-0.0573728
-0.0581006
-0.0591853
-0.0601328
-0.0603662
-0.0598032
-0.0589931
-0.0585949
-0.0588421
-0.0593364
-0.0595698
-0.0592677
-0.0584164
-0.0572904
-0.0563018
-0.0557937
-0.0558075
-0.0561645
-0.0567549
-0.0574003
-0.057771
-0.0575376
-0.0566451
-0.0552582
-0.0538576
-0.05302
-0.0534457
-0.0553955
-0.0582104
-0.0604898
-0.0611352
-0.0602015
-0.0586361
-0.0573728
-0.0567275
-0.0563293
-0.0557388
-0.0548188
-0.0538439
-0.0530887
-0.0526356
-0.0524433
-0.052663
-0.053432
-0.0544343
-0.0550248
-0.0549012
-0.0544755
-0.0543657
-0.0546815
-0.0551072
-0.0552445
-0.0549699
-0.0544069
-0.0538714
-0.0536105
-0.0536791
-0.0539675
-0.0544893
-0.0551072
-0.0555054
-0.0552033
-0.0539263
-0.0519215
-0.0498069
-0.048324
-0.0479807
-0.0488046
-0.0502189
-0.0512762
-0.0513448
-0.0504935
-0.0493538
-0.0486947
-0.0490243
-0.0501228
-0.0512213
-0.0515096
-0.0507956
-0.0496422
-0.048832
-0.0487496
-0.0492852
-0.0501365
-0.0509466
-0.0513998
-0.0514547
-0.0513036
-0.0511251
-0.0508642
-0.0503836
-0.0496971
-0.0491066
-0.0489968
-0.049546
-0.0506445
-0.0519215
-0.0528141
-0.0529376
-0.0523197
-0.0512487
-0.0501365
-0.0494362
-0.0493263
-0.0495049
-0.0493675
-0.0486535
-0.0476923
-0.0469097
-0.0465389
-0.0465526
-0.0468822
-0.047555
-0.0485574
-0.0497657
-0.0507681
-0.0510427
-0.0503836
-0.0491753
-0.0481043
-0.0476923
-0.047967
-0.0487634
-0.0497108
-0.0503974
-0.0504386
-0.0497383
-0.0485299
-0.0473765
-0.0467861
-0.0470195
-0.0478846
-0.0488458
-0.0494225
-0.0495049
-0.0492577
-0.0487771
-0.048118
-0.0475276
-0.0473902
-0.047761
-0.0482278
-0.0484201
-0.0483377
-0.0482004
-0.0482278
-0.0483514
-0.0483102
-0.0478159
-0.0467586
-0.045564
-0.0447951
-0.0447676
-0.0451383
-0.0453855
-0.045358
-0.045358
-0.0457288
-0.0466076
-0.0477885
-0.0488046
-0.0492302
-0.0490243
-0.0485025
-0.0479807
-0.0474864
-0.046992
-0.0465389
-0.0462506
-0.0461956
-0.0465526
-0.0473491
-0.048324
-0.0488458
-0.0484613
-0.0472941
-0.0459897
-0.0451658
-0.0450971
-0.0455503
-0.0460034
-0.0459897
-0.045564
-0.0452344
-0.0454541
-0.0461132
-0.0467586
-0.0471431
-0.0474314
-0.0477335
-0.0480493
-0.0481729
-0.0480219
-0.0476099
-0.046992
-0.046278
-0.0455503
-0.0450148
-0.0448225
-0.0449598
-0.0452207
-0.0453443
-0.0452619
-0.0452207
-0.0455365
-0.0463329
-0.0475413
-0.0489144
-0.0500953
-0.050521
-0.049958
-0.0486672
-0.0473079
-0.0463741
-0.0458935
-0.0454679
-0.0446989
-0.0435181
-0.0423784
-0.0419252
-0.042447
-0.0435181
-0.044287
-0.0442183
-0.0433807
-0.0424058
-0.041939
-0.0421312
-0.0426393
-0.0430924
-0.0434906
-0.0440948
-0.0449461
-0.0456876
-0.0458249
-0.0450834
-0.0435867
-0.0419527
-0.0411151
-0.0416781
-0.0433945
-0.045207
-0.0461132
-0.04577
-0.0445754
-0.0432434
-0.0424196
-0.042296
-0.0426393
-0.0431473
-0.0436142
-0.0439025
-0.0438339
-0.0431198
-0.0417879
-0.0403461
-0.0395085
-0.0396047
-0.040456
-0.0413485
-0.0416506
-0.0411837
-0.040456
-0.04025
-0.0408679
-0.0418703
-0.0425706
-0.0426667
-0.0424058
-0.0421175
-0.0418291
-0.0413485
-0.0405933
-0.0398381
-0.0394811
-0.0397008
-0.0404011
-0.0414858
-0.0428727
-0.0443694
-0.0454816
-0.0456738
-0.0449186
-0.0437103
-0.0425569
-0.0416506
-0.0410327
-0.040607
-0.0402088
-0.0397145
-0.0393987
-0.039742
-0.0408817
-0.0423097
-0.0432709
-0.0433258
-0.0425981
-0.0416094
-0.040964
-0.0409778
-0.0413623
-0.0414858
-0.0411975
-0.0409366
-0.0413073
-0.0423372
-0.0435043
-0.0441771
-0.0441771
-0.0438476
-0.0436416
-0.0436004
-0.0434219
-0.0429688
-0.0426255
-0.0428727
-0.0436966
-0.044438
-0.0445342
-0.0440536
-0.0435455
-0.0434082
-0.0436004
-0.0437789
-0.0436416
-0.0430924
-0.0423509
-0.0418428
-0.0418566
-0.0423509
-0.0429825
-0.0432297
-0.0426942
-0.0413485
-0.0397832
-0.0389044
-0.0391241
-0.0401127
-0.0412387
-0.0420351
-0.0423234
-0.04209
-0.0415408
-0.0409366
-0.0404011
-0.0399342
-0.0395497
-0.0393438
-0.0392888
-0.0392888
-0.03933
-0.0395635
-0.0400303
-0.0404972
-0.0407581
-0.040813
-0.0407443
-0.0404285
-0.039687
-0.0386297
-0.0376823
-0.0372978
-0.0375313
-0.0381492
-0.0387671
-0.0390142
-0.0387121
-0.0380668
-0.0375724
-0.0375862
-0.0381903
-0.0390829
-0.0398381
-0.0401951
-0.0403187
-0.0404972
-0.0406757
-0.040456
-0.0395223
-0.0383002
-0.0376136
-0.0379844
-0.0390005
-0.0397145
-0.0394399
-0.0383277
-0.0370095
-0.0361581
-0.0360071
-0.0365151
-0.037545
-0.0387945
-0.0398244
-0.04025
-0.0400029
-0.0393712
-0.0386984
-0.0382315
-0.0380942
-0.0382865
-0.0386709
-0.0389044
-0.0387121
-0.0381766
-0.037696
-0.0375175
-0.0375862
-0.0377098
-0.0378059
-0.0378333
-0.0378059
-0.0377372
-0.0377509
-0.0379706
-0.0383551
-0.0387396
-0.0389456
-0.0390142
-0.0390554
-0.0391241
-0.0389868
-0.0383277
-0.0372017
-0.0361719
-0.0358149
-0.036268
-0.037188
-0.038053
-0.038465
-0.0382315
-0.0374901
-0.0365426
-0.0356775
-0.0350184
-0.0347713
-0.0351008
-0.0357874
-0.0361581
-0.0356226
-0.034222
-0.0326704
-0.0318328
-0.0321624
-0.0333982
-0.0347713
-0.0355952
-0.0355814
-0.0348949
-0.033865
-0.0328764
-0.0323546
-0.0324507
-0.0328764
-0.0331647
-0.0330823
-0.032794
-0.0326567
-0.0327665
-0.0330137
-0.0333432
-0.0337689
-0.034222
-0.0345241
-0.0345653
-0.0344829
-0.0344967
-0.0346614
-0.0348262
-0.0346889
-0.034071
-0.0331785
-0.0323821
-0.0319152
-0.0318053
-0.03208
-0.0329176
-0.0343456
-0.0360345
-0.0374763
-0.0382865
-0.0383963
-0.0378059
-0.0366113
-0.0352107
-0.0341946
-0.0339474
-0.0343593
-0.0349223
-0.0352793
-0.0354304
-0.0356775
-0.0361032
-0.0364877
-0.0365426
-0.0363092
-0.0359934
-0.0357874
-0.0358423
-0.0362405
-0.0368722
-0.0373665
-0.0373527
-0.0366936
-0.0355677
-0.034277
-0.0330137
-0.0319152
-0.0310364
-0.0305009
-0.0304322
-0.0308442
-0.0315033
-0.0321212
-0.0324782
-0.0325743
-0.0323821
-0.0318465
-0.0310776
-0.0305421
-0.0306519
-0.0311462
-0.0312973
-0.0307618
-0.0300889
-0.0299654
-0.030446
-0.0310913
-0.0316543
-0.0322035
-0.0327665
-0.0330961
-0.0330411
-0.0327391
-0.0325606
-0.0327803
-0.0333844
-0.0340985
-0.0345653
-0.0346202
-0.0343456
-0.0338238
-0.0330549
-0.0321349
-0.0313248
-0.0309403
-0.0310501
-0.0314071
-0.031668
-0.0315582
-0.0310227
-0.0303773
-0.0300203
-0.0301301
-0.030391
-0.0302949
-0.0295809
-0.0286334
-0.028249
-0.0290316
-0.0307206
-0.0323409
-0.0330137
-0.0326841
-0.0319152
-0.0312149
-0.0306794
-0.0301164
-0.0294024
-0.0286472
-0.0280293
-0.0277272
-0.0279606
-0.0288119
-0.0301164
-0.0315307
-0.0326429
-0.0332471
-0.0332059
-0.0325056
-0.0312973
-0.0299516
-0.029114
-0.0292925
-0.030391
-0.0316131
-0.031874
-0.0307618
-0.0290042
-0.0278645
-0.0281254
-0.0294985
-0.0309677
-0.0316818
-0.0313659
-0.0304048
-0.0293612
-0.028757
-0.0287433
-0.0290454
-0.0290454
-0.028249
-0.0268484
-0.0255714
-0.0251045
-0.0254341
-0.0259833
-0.0263953
-0.026766
-0.0273839
-0.0281254
-0.0286334
-0.0287021
-0.028606
-0.0288119
-0.0295672
-0.0306245
-0.0313385
-0.0312149
-0.0303498
-0.0291003
-0.0278508
-0.0269033
-0.0265875
-0.0270132
-0.0279194
-0.0286334
-0.0286884
-0.0281803
-0.0276448
-0.0277134
-0.0285648
-0.0299379
-0.0311874
-0.0317641
-0.0315444
-0.0307755
-0.0298281
-0.0289218
-0.0282215
-0.0278508
-0.0277958
-0.0279331
-0.0281117
-0.028249
-0.0283725
-0.0286746
-0.0293749
-0.0303498
-0.0309952
-0.0306657
-0.029471
-0.0282352
-0.0277546
-0.0282764
-0.029526
-0.0308716
-0.0316131
-0.0313659
-0.0304048
-0.0294573
-0.0290866
-0.0292651
-0.0296084
-0.0299379
-0.0303498
-0.0310364
-0.0319152
-0.0325056
-0.0322997
-0.0311462
-0.0296633
-0.0287982
-0.0290179
-0.0297869
-0.0301713
-0.0296358
-0.028606
-0.0279057
-0.028194
-0.0293749
-0.0306931
-0.0313248
-0.0311051
-0.0304048
-0.0297182
-0.0291964
-0.0287707
-0.0283451
-0.0279743
-0.0278096
-0.0279057
-0.0280842
-0.0279194
-0.0272466
-0.0264364
-0.0262442
-0.0270543
-0.0286472
-0.0304734
-0.0319152
-0.0325468
-0.0323271
-0.0315307
-0.0305833
-0.0297457
-0.028963
-0.0281666
-0.0273976
-0.0268209
-0.0267385
-0.0274114
-0.0288943
-0.0308167
-0.0323546
-0.0327665
-0.0318465
-0.0299242
-0.0277684
-0.0262442
-0.0259696
-0.0268347
-0.0282352
-0.0295534
-0.0305695
-0.0312973
-0.031723
-0.0317367
-0.0312561
-0.0302125
-0.0286884
-0.0272191
-0.026615
-0.0273976
-0.0291827
-0.0308854
-0.0315582
-0.0310227
-0.0298418
-0.0288119
-0.0283863
-0.0284412
-0.028551
-0.028606
-0.0288119
-0.0293612
-0.0300889
-0.0305283
-0.0302537
-0.0290728
-0.0272191
-0.0255576
-0.0249947
-0.0257636
-0.0272603
-0.0286746
-0.0295122
-0.0297869
-0.0295946
-0.0290042
-0.0279881
-0.0267523
-0.025846
-0.0259284
-0.0270269
-0.0283451
-0.0288806
-0.0282764
-0.0270955
-0.0261206
-0.0256126
-0.0253242
-0.0250084
-0.0246926
-0.0246239
-0.0250084
-0.0257636
-0.0265188
-0.0269445
-0.0270955
-0.0273427
-0.0278233
-0.028194
-0.0280705
-0.0274114
-0.026615
-0.0260245
-0.0259421
-0.0264776
-0.0275761
-0.0288943
-0.030034
-0.0306382
-0.0304185
-0.0292376
-0.027274
-0.0252006
-0.0238824
-0.0238275
-0.0249809
-0.0268072
-0.0285236
-0.0295809
-0.0300066
-0.0301851
-0.0302949
-0.0302263
-0.0299379
-0.0296633
-0.0295397
-0.0294436
-0.0293612
-0.0295534
-0.0300752
-0.0304322
-0.0298967
-0.0283725
-0.0265326
-0.0252556
-0.0251045
-0.0259833
-0.0271367
-0.0277134
-0.0274526
-0.0268896
-0.0266973
-0.0271367
-0.027892
-0.0284687
-0.0286884
-0.0287707
-0.0289904
-0.0291827
-0.0289493
-0.0281528
-0.027274
-0.0268209
-0.0268621
-0.0270132
-0.026972
-0.0267797
-0.0266424
-0.026615
-0.026615
-0.0264914
-0.0261756
-0.0257087
-0.0253517
-0.0254203
-0.0259147
-0.0264502
-0.0266561
-0.026409
-0.0260245
-0.025846
-0.0260657
-0.0265875
-0.0272054
-0.0276997
-0.0279331
-0.027837
-0.0273702
-0.0266836
-0.0262579
-0.026615
-0.0276585
-0.0285099
-0.0282078
-0.02656
-0.0242944
-0.0224956
-0.0219463
-0.0227565
-0.0242532
-0.0255439
-0.0260932
-0.0259833
-0.0255851
-0.0252968
-0.0254341
-0.0261756
-0.0273427
-0.0284137
-0.0288806
-0.0286746
-0.0280705
-0.0274251
-0.026917
-0.0265188
-0.0261069
-0.0256126
-0.0251732
-0.0249672
-0.0251045
-0.0255439
-0.0261893
-0.0268072
-0.0269994
-0.0264364
-0.0251457
-0.0235941
-0.0224819
-0.0222896
-0.0230586
-0.024212
-0.0249672
-0.0248986
-0.0243081
-0.0239786
-0.0244317
-0.0254753
-0.0264639
-0.0269445
-0.0269445
-0.0267248
-0.0265875
-0.0267385
-0.0272603
-0.0281803
-0.0294298
-0.0306657
-0.0312561
-0.030597
-0.0285785
-0.0257224
-0.0230311
-0.0213422
-0.020944
-0.0213971
-0.0220425
-0.0226466
-0.0233607
-0.0243081
-0.0252281
-0.0257362
-0.0256263
-0.0250084
-0.0242257
-0.0236902
-0.0234842
-0.0233607
-0.0230311
-0.0226054
-0.0226741
-0.0235254
-0.0248574
-0.0259833
-0.0265875
-0.0265875
-0.0260108
-0.0248986
-0.0236353
-0.0228938
-0.0229213
-0.0233744
-0.0237863
-0.0239374
-0.0239511
-0.0238138
-0.0235254
-0.0232233
-0.0231547
-0.023498
-0.024212
-0.0249809
-0.0253791
-0.0251457
-0.0243493
-0.0232783
-0.0221249
-0.0210264
-0.0203398
-0.0204496
-0.0213834
-0.0226741
-0.0237726
-0.0243218
-0.0242944
-0.023855
-0.0233881
-0.0233195
-0.023855
-0.0245827
-0.0248848
-0.024418
-0.0233881
-0.0223171
-0.0215893
-0.0212186
-0.0209302
-0.0204908
-0.0201064
-0.0202162
-0.021095
-0.0224544
-0.0236353
-0.024006
-0.0233332
-0.0220974
-0.0212461
-0.0213971
-0.0222896
-0.0230998
-0.0232783
-0.022935
-0.0224544
-0.0220287
-0.0217678
-0.021809
-0.0222347
-0.0227702
-0.0230036
-0.0226054
-0.0217129
-0.0208616
-0.0207929
-0.0217678
-0.0233332
-0.0244042
-0.0241708
-0.0227153
-0.0209714
-0.0200789
-0.0205458
-0.0219326
-0.0231135
-0.0230998
-0.021864
-0.0203673
-0.0197768
-0.0204771
-0.0218228
-0.0227016
-0.022372
-0.020944
-0.0192962
-0.01839
-0.0186234
-0.0196807
-0.0209165
-0.0217541
-0.0218777
-0.0213147
-0.0204496
-0.0198455
-0.0198867
-0.0206556
-0.0218914
-0.0230998
-0.0237314
-0.0236353
-0.023086
-0.0225917
-0.0224132
-0.0224819
-0.0226604
-0.022935
-0.0233057
-0.0236353
-0.0237863
-0.0237863
-0.0237314
-0.0235117
-0.0229899
-0.0222347
-0.0215344
-0.0213422
-0.0219189
-0.023086
-0.0242395
-0.0248711
-0.0250359
-0.0251732
-0.0252968
-0.0249672
-0.023855
-0.0224544
-0.0216855
