LECROYHDO9204-MSöv,30454,Waveform
Segments,1,SegmentSize,2002
Ampl
-0.0131309
-0.0128975
-0.0127464
-0.012719
-0.0127464
-0.0127464
-0.0125405
-0.0119775
-0.0112772
-0.0108927
-0.011085
-0.0116754
-0.0121972
-0.0122521
-0.0118814
-0.0114832
-0.0114969
-0.01195
-0.0123894
-0.0123894
-0.0120324
-0.0117578
-0.0119226
-0.0123894
-0.0127739
-0.0127876
-0.0123482
-0.011593
-0.0109614
-0.0109202
-0.0114832
-0.0122109
-0.0125817
-0.0124718
-0.0122247
-0.0122109
-0.0124856
-0.0127327
-0.0125679
-0.0119912
-0.0115381
-0.0117578
-0.0127602
-0.0140509
-0.0149572
-0.0150258
-0.0141058
-0.0124718
-0.0107417
-0.00957454
-0.00936857
-0.0101512
-0.0117029
-0.0136115
-0.0153004
-0.0163028
-0.0165363
-0.0163303
-0.0161655
-0.0162342
-0.01655
-0.017058
-0.0176485
-0.0181428
-0.0181703
-0.017264
-0.0153279
-0.0128975
-0.0110987
-0.0108927
-0.0123757
-0.0146825
-0.0166873
-0.0177171
-0.017827
-0.0174837
-0.0171679
-0.0170306
-0.0168521
-0.0163028
-0.0153966
-0.0145452
-0.0140921
-0.013996
-0.0140097
-0.0138449
-0.0133781
-0.0126503
-0.011799
-0.0109889
-0.0103298
-0.00994528
-0.00994528
-0.0103435
-0.0110163
-0.0117441
-0.0124718
-0.0131858
-0.0137763
-0.0141333
-0.0143255
-0.0144354
-0.0144766
-0.0144217
-0.0143255
-0.0141882
-0.0138175
-0.0131309
-0.012513
-0.0126091
-0.0136527
-0.0151631
-0.0162342
-0.0162891
-0.0154515
-0.0143393
-0.0136252
-0.013433
-0.0135703
-0.0137626
-0.0139548
-0.014147
-0.0141882
-0.0139685
-0.0136939
-0.0136664
-0.0139685
-0.0143805
-0.0145452
-0.0142843
-0.0137076
-0.0129661
-0.0122109
-0.0114694
-0.0108103
-0.0104396
-0.0106593
-0.0114145
-0.0122796
-0.0126915
-0.0126091
-0.0123208
-0.0122247
-0.0124306
-0.0129524
-0.0137351
-0.0143942
-0.0144079
-0.0136115
-0.0124169
-0.0115381
-0.0114832
-0.0121835
-0.0131309
-0.013584
-0.0130623
-0.0117303
-0.0103023
-0.00953335
-0.00976678
-0.01103
-0.0129799
-0.0149709
-0.0160694
-0.0156025
-0.0137488
-0.0114694
-0.00984916
-0.00958827
-0.0106868
-0.0124581
-0.0139411
-0.0145178
-0.0141882
-0.0133232
-0.012362
-0.0115518
-0.0109751
-0.0107554
-0.0110438
-0.0119775
-0.0132133
-0.0140234
-0.0139273
-0.0132957
-0.0130485
-0.0136252
-0.014559
-0.0150945
-0.0150807
-0.0149434
-0.0149709
-0.0149984
-0.0145178
-0.0132957
-0.0117029
-0.0105357
-0.0104121
-0.0113047
-0.0124444
-0.0130073
-0.0126778
-0.01195
-0.011593
-0.0122384
-0.0137351
-0.0152455
-0.0159321
-0.0157398
-0.0155064
-0.0158497
-0.0165774
-0.0169482
-0.0164676
-0.0154103
-0.0145315
-0.0143942
-0.0149572
-0.0155888
-0.0156025
-0.0149572
-0.0142981
-0.0142431
-0.0147512
-0.0152318
-0.0152043
-0.0147237
-0.014147
-0.01379
-0.0136252
-0.0134193
-0.0129799
-0.0123482
-0.0117166
-0.0112497
-0.0110438
-0.0111948
-0.0116617
-0.0122796
-0.0127739
-0.0131309
-0.0134055
-0.0136252
-0.0136252
-0.0134879
-0.0135566
-0.0141058
-0.0149709
-0.0156025
-0.0154378
-0.0143805
-0.0128563
-0.0116754
-0.0114694
-0.0122796
-0.0135291
-0.0145864
-0.0150396
-0.0147649
-0.0138999
-0.0128014
-0.012005
-0.0118402
-0.0122109
-0.0127464
-0.0129936
-0.0128426
-0.0125542
-0.0126229
-0.013282
-0.0141882
-0.0147237
-0.0145178
-0.0137351
-0.0128426
-0.0121972
-0.0119912
-0.0122247
-0.0128014
-0.0134742
-0.0139685
-0.0140097
-0.0134605
-0.0123894
-0.0111811
-0.0104121
-0.0103984
-0.01103
-0.0119912
-0.0128426
-0.0131996
-0.0128563
-0.0119226
-0.0108653
-0.0102886
-0.0105769
-0.0116479
-0.0129524
-0.0137488
-0.0135566
-0.0124581
-0.0110438
-0.0100002
-0.00971185
-0.010165
-0.01103
-0.0119226
-0.0125679
-0.0127739
-0.0124444
-0.0116754
-0.0109339
-0.0107829
-0.0113733
-0.0122109
-0.0125679
-0.0121835
-0.0112772
-0.0102336
-0.00931365
-0.00877813
-0.00881932
-0.0094235
-0.0102336
-0.0109477
-0.0114969
-0.0119363
-0.0121697
-0.0120187
-0.0114557
-0.010673
-0.00998648
-0.0096432
-0.00991782
-0.0109202
-0.0124581
-0.0141333
-0.0154515
-0.0160694
-0.0159184
-0.0153416
-0.0147512
-0.0143667
-0.0140509
-0.0137351
-0.0135703
-0.0137214
-0.0140372
-0.0140784
-0.0135429
-0.0125267
-0.011442
-0.0107554
-0.0107142
-0.0112635
-0.0120599
-0.0127053
-0.012925
-0.0126503
-0.0120187
-0.0113871
-0.0110575
-0.0110438
-0.0112772
-0.0117715
-0.0125679
-0.0134742
-0.0139136
-0.0134193
-0.0121423
-0.0107692
-0.0100826
-0.0104808
-0.0116891
-0.0128426
-0.013076
-0.0121285
-0.0105495
-0.00936857
-0.00924499
-0.0101101
-0.0113596
-0.0122521
-0.0124169
-0.01195
-0.0112223
-0.0106456
-0.0105357
-0.0110026
-0.0118951
-0.0127876
-0.0133369
-0.013639
-0.0140372
-0.0146825
-0.0152318
-0.0153966
-0.0151494
-0.0146414
-0.0140097
-0.0134193
-0.0130073
-0.0128426
-0.0128975
-0.0131721
-0.0135291
-0.0137214
-0.0135978
-0.0134605
-0.0138861
-0.0151906
-0.0170306
-0.0186509
-0.0194335
-0.0193786
-0.0189255
-0.0185547
-0.0183488
-0.018033
-0.0174562
-0.0168383
-0.0164264
-0.0161381
-0.0157948
-0.0155888
-0.0159321
-0.0168521
-0.0178407
-0.0184449
-0.0184037
-0.0176348
-0.0162479
-0.0148061
-0.0141745
-0.0146963
-0.0160419
-0.0175249
-0.0187332
-0.0194061
-0.01931
-0.0184174
-0.0171267
-0.0161518
-0.0160694
-0.0169619
-0.0183213
-0.0194061
-0.020024
-0.0207243
-0.0222484
-0.024775
-0.0277821
-0.0307068
-0.0333844
-0.0357462
-0.0376136
-0.0390966
-0.0409229
-0.04393
-0.0482828
-0.0534732
-0.0587597
-0.0637853
-0.0684539
-0.0728616
-0.0771595
-0.0814436
-0.0858376
-0.0904238
-0.0952984
-0.100516
-0.105913
-0.111172
-0.115881
-0.119671
-0.122417
-0.124491
-0.126674
-0.129832
-0.134281
-0.139403
-0.144003
-0.147134
-0.148672
-0.149317
-0.150086
-0.151651
-0.153986
-0.156526
-0.158462
-0.159382
-0.159547
-0.159588
-0.159753
-0.159643
-0.158764
-0.157281
-0.155867
-0.154974
-0.154494
-0.154137
-0.153876
-0.153683
-0.153244
-0.152022
-0.149797
-0.146969
-0.144154
-0.141778
-0.139897
-0.138456
-0.137481
-0.13689
-0.136465
-0.135929
-0.13505
-0.133773
-0.132112
-0.130327
-0.129008
-0.128665
-0.129283
-0.130134
-0.13045
-0.129956
-0.128844
-0.127292
-0.125493
-0.1239
-0.123269
-0.124024
-0.125782
-0.127525
-0.128349
-0.128116
-0.127265
-0.126468
-0.126166
-0.126551
-0.127539
-0.12894
-0.130327
-0.131329
-0.131878
-0.132249
-0.132743
-0.13332
-0.133814
-0.134226
-0.134638
-0.134885
-0.134776
-0.13446
-0.134364
-0.134762
-0.135517
-0.136355
-0.137096
-0.137728
-0.138318
-0.138977
-0.139746
-0.140378
-0.140488
-0.139815
-0.138497
-0.136931
-0.135586
-0.135009
-0.135627
-0.137288
-0.139073
-0.139856
-0.139183
-0.137604
-0.136039
-0.13527
-0.135503
-0.136368
-0.137179
-0.137563
-0.137687
-0.137975
-0.138414
-0.138593
-0.138112
-0.137096
-0.136121
-0.135682
-0.135778
-0.135902
-0.135572
-0.134721
-0.133663
-0.132839
-0.132386
-0.132153
-0.131865
-0.131562
-0.131645
-0.132428
-0.133636
-0.134364
-0.133842
-0.132167
-0.130437
-0.12997
-0.131288
-0.133705
-0.135956
-0.137179
-0.137302
-0.136835
-0.136217
-0.135558
-0.134707
-0.133608
-0.132331
-0.131178
-0.130588
-0.130917
-0.132084
-0.133444
-0.13424
-0.134075
-0.133183
-0.132029
-0.131027
-0.130491
-0.130656
-0.131508
-0.132592
-0.133265
-0.133114
-0.132208
-0.131123
-0.130546
-0.130794
-0.131549
-0.132276
-0.132537
-0.132249
-0.131535
-0.13067
-0.130066
-0.12997
-0.130162
-0.130121
-0.129668
-0.12916
-0.129228
-0.130162
-0.131686
-0.132991
-0.133348
-0.132661
-0.131631
-0.131082
-0.131315
-0.132016
-0.132675
-0.132908
-0.132647
-0.132057
-0.131411
-0.130986
-0.130862
-0.130945
-0.130986
-0.130848
-0.130546
-0.130148
-0.129517
-0.128487
-0.127278
-0.126441
-0.126468
-0.127361
-0.128624
-0.129626
-0.129997
-0.129764
-0.129077
-0.12813
-0.127127
-0.126303
-0.125809
-0.125686
-0.126015
-0.126839
-0.127896
-0.128583
-0.128336
-0.127168
-0.125617
-0.124409
-0.123969
-0.124189
-0.124601
-0.12482
-0.124862
-0.124944
-0.125068
-0.12493
-0.12434
-0.12342
-0.122623
-0.122294
-0.122569
-0.123337
-0.124271
-0.124971
-0.125164
-0.124779
-0.123969
-0.12298
-0.122074
-0.121401
-0.121044
-0.120976
-0.121113
-0.121264
-0.121209
-0.120866
-0.120399
-0.120193
-0.120632
-0.121703
-0.122926
-0.123475
-0.122816
-0.121072
-0.119081
-0.117982
-0.118422
-0.120138
-0.122184
-0.123667
-0.124106
-0.123598
-0.122596
-0.121662
-0.121209
-0.121223
-0.121401
-0.121539
-0.121511
-0.12136
-0.121223
-0.121319
-0.121745
-0.122157
-0.122047
-0.121429
-0.120866
-0.120976
-0.121827
-0.122733
-0.122857
-0.121841
-0.120179
-0.118765
-0.118202
-0.118271
-0.118353
-0.117982
-0.1172
-0.116472
-0.116348
-0.117035
-0.118216
-0.119136
-0.119191
-0.118408
-0.117172
-0.115868
-0.114728
-0.113959
-0.113781
-0.114275
-0.115305
-0.116335
-0.116678
-0.116087
-0.115071
-0.11455
-0.11503
-0.116074
-0.116664
-0.116252
-0.115099
-0.114069
-0.113643
-0.113575
-0.113259
-0.112531
-0.111831
-0.111611
-0.111831
-0.112147
-0.112394
-0.112572
-0.112764
-0.113025
-0.1133
-0.113478
-0.11352
-0.113547
-0.113781
-0.114234
-0.114646
-0.114673
-0.114124
-0.113218
-0.11238
-0.111954
-0.111872
-0.111872
-0.111803
-0.111584
-0.111062
-0.109936
-0.108261
-0.106723
-0.106242
-0.107176
-0.108879
-0.110265
-0.110581
-0.109867
-0.108659
-0.107547
-0.10686
-0.106613
-0.106572
-0.106627
-0.106778
-0.107093
-0.107464
-0.107643
-0.107396
-0.10675
-0.106132
-0.106077
-0.106682
-0.10745
-0.107807
-0.107656
-0.10745
-0.107519
-0.107602
-0.107313
-0.10664
-0.106036
-0.106009
-0.106682
-0.10778
-0.10881
-0.109249
-0.108851
-0.107739
-0.106366
-0.105267
-0.104636
-0.10443
-0.104443
-0.104485
-0.104594
-0.104938
-0.105556
-0.106242
-0.106558
-0.106311
-0.105611
-0.104704
-0.103702
-0.102686
-0.101889
-0.101615
-0.101999
-0.102796
-0.103414
-0.10329
-0.102397
-0.101244
-0.100406
-0.100063
-0.100022
-0.100159
-0.100489
-0.101107
-0.101821
-0.102301
-0.102205
-0.101409
-0.100159
-0.0990333
-0.0986488
-0.0992667
-0.100503
-0.101711
-0.102439
-0.102768
-0.102988
-0.103249
-0.10329
-0.102809
-0.101725
-0.100351
-0.0990882
-0.0982781
-0.0980309
-0.0982918
-0.0988136
-0.0991431
-0.098896
-0.0980858
-0.0972345
-0.0970011
-0.0977013
-0.0990058
-0.1002
-0.100708
-0.100406
-0.0996924
-0.0990058
-0.0986076
-0.0984428
-0.0982918
-0.0980858
-0.0979073
-0.0978249
-0.0976601
-0.0971246
-0.0960673
-0.0946256
-0.0932662
-0.0925659
-0.0929092
-0.0941587
-0.0957515
-0.0969461
-0.0972894
-0.0968363
-0.0959026
-0.0948041
-0.0938154
-0.0931563
-0.0929915
-0.0931289
-0.09317
-0.0929092
-0.0925109
-0.0921402
-0.0917283
-0.0912065
-0.0907122
-0.0904925
-0.0905199
-0.0905337
-0.0904925
-0.0907534
-0.0916047
-0.0928405
-0.093939
-0.0945432
-0.0945981
-0.0941312
-0.0931975
-0.0918793
-0.0904925
-0.0894489
-0.0891468
-0.0896411
-0.0905611
-0.0913713
-0.0918656
-0.0919205
-0.0913026
-0.0897647
-0.0877188
-0.0861259
-0.0858101
-0.086634
-0.0877188
-0.0881994
-0.0879934
-0.0876226
-0.0876501
-0.0881307
-0.088625
-0.0885701
-0.0878423
-0.0868812
-0.0863182
-0.0865379
-0.0874441
-0.0886937
-0.0898196
-0.0904787
-0.0905062
-0.0899981
-0.0893116
-0.0888996
-0.088982
-0.0893665
-0.0896411
-0.0895038
-0.0890232
-0.0883916
-0.0876913
-0.0870871
-0.0868125
-0.0869361
-0.0869498
-0.0860436
-0.0839701
-0.0814711
-0.0797272
-0.0794526
-0.0805236
-0.08224
-0.0838466
-0.0849451
-0.0854531
-0.0852609
-0.0842585
-0.0825421
-0.0806747
-0.0794938
-0.0794389
-0.0803863
-0.0817594
-0.082954
-0.0835445
-0.0833934
-0.0826794
-0.0818006
-0.0810866
-0.0805923
-0.0803176
-0.0803451
-0.0808532
-0.0818281
-0.0828854
-0.0833934
-0.0828167
-0.0810866
-0.0788484
-0.0770771
-0.0765004
-0.0772007
-0.0786699
-0.0801254
-0.0809356
-0.080963
-0.080606
-0.0803588
-0.0803451
-0.0804275
-0.0804962
-0.0805923
-0.0808806
-0.0813612
-0.0818555
-0.0820203
-0.081526
-0.0802078
-0.0784227
-0.0768986
-0.0761846
-0.0762395
-0.0767063
-0.0773792
-0.0782442
-0.0790681
-0.0795212
-0.0793977
-0.0788484
-0.078258
-0.078052
-0.0783678
-0.0786974
-0.0782854
-0.0767613
-0.0747428
-0.0733559
-0.0732873
-0.0743583
-0.0758275
-0.0769672
-0.0774478
-0.0773929
-0.0770359
-0.0765004
-0.0757589
-0.0749762
-0.0745917
-0.0750174
-0.0762532
-0.0776813
-0.0784227
-0.0779971
-0.0766652
-0.0753058
-0.0746879
-0.0749076
-0.0754019
-0.0757452
-0.075855
-0.0757726
-0.0753332
-0.0745505
-0.0737953
-0.0736168
-0.074221
-0.0752508
-0.0759923
-0.0758001
-0.0746055
-0.0729303
-0.0716258
-0.0713374
-0.0719142
-0.072738
-0.0732324
-0.0732461
-0.0729165
-0.0725458
-0.0723948
-0.0724634
-0.0724359
-0.0721751
-0.0718592
-0.071818
-0.072024
-0.0722025
-0.0722574
-0.0724771
-0.0730127
-0.0736306
-0.0737541
-0.073095
-0.0719691
-0.071104
-0.0708981
-0.0712001
-0.0715297
-0.0715434
-0.0711315
-0.0703351
-0.0694014
-0.0687697
-0.068756
-0.0692915
-0.0699506
-0.0704312
-0.0706097
-0.0704861
-0.0701016
-0.0697584
-0.0698545
-0.0703625
-0.0707882
-0.0705548
-0.0695112
-0.0680557
-0.0669023
-0.0665453
-0.0668062
-0.0669709
-0.0664354
-0.065433
-0.0646916
-0.0647602
-0.0655017
-0.0664217
-0.0672044
-0.0676438
-0.0675888
-0.0670121
-0.0661745
-0.0655703
-0.0656527
-0.0665727
-0.0679321
-0.0689482
-0.068962
-0.0681381
-0.067122
-0.0663805
-0.0658038
-0.0652133
-0.0648975
-0.0652683
-0.0661059
-0.0667238
-0.0666414
-0.0660647
-0.065488
-0.0652133
-0.0651309
-0.0649113
-0.0645268
-0.0643208
-0.0645405
-0.0649799
-0.0651035
-0.0645954
-0.0636892
-0.0628516
-0.0623572
-0.0623435
-0.0627555
-0.0634008
-0.0639501
-0.0642933
-0.064568
-0.0649387
-0.0652545
-0.0653506
-0.0652271
-0.0650623
-0.0649387
-0.0648563
-0.0648838
-0.0652271
-0.0659274
-0.06671
-0.0670945
-0.0668336
-0.0660921
-0.0652957
-0.0647465
-0.0644444
-0.0642659
-0.0641286
-0.0641148
-0.0641011
-0.0639089
-0.0635107
-0.0630987
-0.0629889
-0.063236
-0.0637029
-0.0641698
-0.0644444
-0.0644581
-0.0643345
-0.0642247
-0.0641698
-0.0640187
-0.0636892
-0.0634008
-0.0633184
-0.0633871
-0.0634146
-0.0634832
-0.0638814
-0.0646778
-0.0653918
-0.0652545
-0.0639501
-0.0620002
-0.0604898
-0.0601603
-0.060737
-0.0613137
-0.0612038
-0.0604349
-0.0594737
-0.0585674
-0.0578397
-0.0574415
-0.0576063
-0.0584851
-0.0598994
-0.0613411
-0.0620964
-0.061657
-0.0603388
-0.0589931
-0.0583203
-0.0582928
-0.0585125
-0.0585949
-0.0583615
-0.0579083
-0.0575788
-0.0577573
-0.0583889
-0.0590206
-0.059254
-0.0592128
-0.0590755
-0.0587459
-0.0580731
-0.0573316
-0.0570021
-0.0572492
-0.0577024
-0.0580045
-0.0581692
-0.0586224
-0.0596247
-0.0607644
-0.0612176
-0.0605173
-0.0591991
-0.0581555
-0.05762
-0.0570158
-0.0558899
-0.0547364
-0.0545442
-0.0556976
-0.0577298
-0.0597621
-0.0611077
-0.061451
-0.0607782
-0.0593501
-0.057771
-0.0566725
-0.056343
-0.056494
-0.0565901
-0.0562194
-0.0554642
-0.054709
-0.0542421
-0.0541185
-0.0543794
-0.0549424
-0.0555878
-0.0558624
-0.0555328
-0.0547502
-0.0539538
-0.0535281
-0.0538164
-0.0549699
-0.0566863
-0.0580731
-0.058334
-0.0573042
-0.0556015
-0.053995
-0.0531299
-0.053377
-0.0545991
-0.0562057
-0.0574003
-0.0576474
-0.0566863
-0.0547364
-0.0525257
-0.0509466
-0.0505896
-0.0512762
-0.0525532
-0.0538576
-0.0547776
-0.0550385
-0.0546678
-0.0539675
-0.0532809
-0.0528278
-0.0527866
-0.053226
-0.0538714
-0.0542009
-0.053995
-0.0536791
-0.0537753
-0.0542833
-0.054709
-0.0547914
-0.0547639
-0.0551484
-0.0562057
-0.0578122
-0.0593501
-0.0601191
-0.0598307
-0.0587871
-0.0574689
-0.0563155
-0.0556839
-0.0555878
-0.0556427
-0.0555054
-0.0552582
-0.0554093
-0.0561096
-0.0568098
-0.056851
-0.0561096
-0.055066
-0.054297
-0.0542009
-0.0548463
-0.0558624
-0.0565215
-0.0563293
-0.0553269
-0.0540499
-0.053075
-0.0528003
-0.0532123
-0.053995
-0.0545991
-0.0546678
-0.0542421
-0.0537066
-0.0534182
-0.0534732
-0.0536791
-0.0538027
-0.053789
-0.0538714
-0.0542421
-0.054709
-0.0547227
-0.0539263
-0.0525669
-0.0512624
-0.0504523
-0.0502189
-0.0504523
-0.0509192
-0.0512762
-0.0512075
-0.0505484
-0.0493538
-0.0480356
-0.0473353
-0.0478434
-0.0495049
-0.0514821
-0.052718
-0.0526768
-0.0516744
-0.0505622
-0.050109
-0.0505347
-0.0513586
-0.0518666
-0.0516606
-0.0507269
-0.0494774
-0.0484613
-0.0482553
-0.0491753
-0.0509466
-0.0526905
-0.0532947
-0.0521687
-0.0496834
-0.0469508
-0.0454541
-0.0460721
-0.0485849
-0.051592
-0.0535556
-0.0536791
-0.0522099
-0.0500266
-0.0480768
-0.0471568
-0.0475962
-0.0489831
-0.0503974
-0.0508917
-0.0499992
-0.0479258
-0.0454541
-0.0436828
-0.0434494
-0.0447813
-0.0469783
-0.0489556
-0.0498207
-0.0493126
-0.0479944
-0.04669
-0.0458524
-0.045413
-0.0452756
-0.0455503
-0.0462231
-0.0470058
-0.047555
-0.0478571
-0.0481592
-0.0485986
-0.0488732
-0.0484613
-0.0470882
-0.0450834
-0.0433807
-0.0428452
-0.0436554
-0.0451933
-0.0466488
-0.0475825
-0.0479395
-0.0478983
-0.0477335
-0.0476649
-0.0477198
-0.047912
-0.0483102
-0.0489419
-0.0493813
-0.0490105
-0.0476237
-0.0458661
-0.0447264
-0.0448225
-0.0459485
-0.0473765
-0.0483926
-0.0486535
-0.048269
-0.047555
-0.0466488
-0.0455228
-0.0443007
-0.0434631
-0.0435867
-0.0448225
-0.0465938
-0.0479532
-0.048118
-0.0469646
-0.0451933
-0.0438476
-0.0436004
-0.0443419
-0.0455228
-0.0466488
-0.0474589
-0.0478159
-0.0475413
-0.0465801
-0.0452894
-0.0443557
-0.044438
-0.0456052
-0.047198
-0.0482965
-0.0484338
-0.0478296
-0.0470744
-0.0466488
-0.0465938
-0.0466213
-0.0465115
-0.0463192
-0.0463192
-0.0466762
-0.0473628
-0.0480493
-0.0484613
-0.0484201
-0.047912
-0.0468822
-0.0453992
-0.0437103
-0.0421449
-0.0409091
-0.0401951
-0.04025
-0.0411151
-0.0425843
-0.0441222
-0.0451109
-0.0451246
-0.0442183
-0.0431198
-0.0426255
-0.0429551
-0.0435455
-0.0437789
-0.0434357
-0.0428452
-0.0425294
-0.0428727
-0.0437652
-0.0445754
-0.0445616
-0.0436416
-0.0424745
-0.041884
-0.0420488
-0.0425431
-0.0429276
-0.0432022
-0.043573
-0.0439712
-0.0439163
-0.0431336
-0.041939
-0.0411563
-0.0413348
-0.0422685
-0.0431336
-0.0434494
-0.0433945
-0.0434906
-0.0439437
-0.0445342
-0.0447813
-0.0441909
-0.0425157
-0.0402088
-0.0382453
-0.0375313
-0.0382453
-0.0398244
-0.0413897
-0.0423234
-0.0424607
-0.0421999
-0.0420763
-0.0423646
-0.0429001
-0.0434082
-0.0436691
-0.0434631
-0.0426255
-0.0414172
-0.0404835
-0.0402912
-0.0406757
-0.0412661
-0.041884
-0.0425706
-0.043161
-0.0434082
-0.0432434
-0.0428452
-0.0424196
-0.0419252
-0.0413211
-0.0407032
-0.040305
-0.0402226
-0.0402775
-0.0401402
-0.0396047
-0.0388357
-0.0383002
-0.0383963
-0.0390966
-0.0400029
-0.0406208
-0.0407581
-0.0406757
-0.0409366
-0.0418428
-0.0430787
-0.0438888
-0.0437515
-0.0427903
-0.0416506
-0.0408954
-0.0407581
-0.0412249
-0.0419802
-0.0425157
-0.0423646
-0.0415133
-0.0403736
-0.0394536
-0.0389593
-0.0386847
-0.038465
-0.03841
-0.0388357
-0.039893
-0.0411975
-0.0419939
-0.041884
-0.0411563
-0.0404148
-0.0400029
-0.0400029
-0.0404697
-0.0413897
-0.0424058
-0.0429139
-0.0424607
-0.0412112
-0.0397557
-0.0387671
-0.0386023
-0.0391515
-0.0400441
-0.0409366
-0.0415545
-0.0416506
-0.0411563
-0.0403599
-0.0396596
-0.0393163
-0.0392476
-0.0393163
-0.0394399
-0.0395497
-0.0395772
-0.0396047
-0.0398106
-0.0402226
-0.0405796
-0.0405109
-0.0400578
-0.0395909
-0.0394262
-0.0394811
-0.0394536
-0.0391378
-0.0385474
-0.0378608
-0.0373527
-0.0372566
-0.037696
-0.0385886
-0.0395635
-0.0400441
-0.0395909
-0.0383277
-0.036776
-0.035499
-0.0348125
-0.0348811
-0.0356501
-0.0368035
-0.0377647
-0.0382315
-0.0383002
-0.0382865
-0.0383002
-0.0382727
-0.0380942
-0.0377372
-0.0373116
-0.0369957
-0.0368859
-0.0369408
-0.0370919
-0.0374351
-0.038108
-0.0389318
-0.0393987
-0.0391241
-0.0383277
-0.0376136
-0.0375724
-0.0383277
-0.0395909
-0.0407169
-0.0411151
-0.0406345
-0.0396596
-0.0388632
-0.0386709
-0.038973
-0.0392888
-0.0391378
-0.0384238
-0.0375999
-0.0371468
-0.0371605
-0.0372154
-0.0370095
-0.0366936
-0.0367486
-0.0374763
-0.0388083
-0.0403324
-0.0413348
-0.0412524
-0.0400715
-0.0384787
-0.0374077
-0.037339
-0.0380256
-0.0387808
-0.0389318
-0.0382865
-0.0372292
-0.0364602
-0.036419
-0.0370644
-0.0379981
-0.0387808
-0.0390691
-0.0387533
-0.0380668
-0.0373802
-0.0368996
-0.036625
-0.0365701
-0.0368996
-0.0376686
-0.0384924
-0.0389593
-0.0390142
-0.0389181
-0.0389181
-0.0390417
-0.0392476
-0.0394948
-0.039742
-0.0399479
-0.0400166
-0.0400029
-0.0399891
-0.0400578
-0.0400853
-0.0399205
-0.0393438
-0.0384238
-0.0373665
-0.036419
-0.035911
-0.036062
-0.0368035
-0.0376686
-0.0380805
-0.0377784
-0.0369408
-0.035911
-0.0349772
-0.0344692
-0.0346614
-0.0355128
-0.0365701
-0.0373939
-0.0379569
-0.0384512
-0.0388357
-0.0389044
-0.0385748
-0.037902
-0.0370507
-0.0361307
-0.0353343
-0.0348949
-0.0349086
-0.0353068
-0.0358423
-0.0363092
-0.0365701
-0.0366387
-0.0364739
-0.0359384
-0.0351283
-0.0344005
-0.0342632
-0.0348125
-0.0357737
-0.036776
-0.0376823
-0.0383963
-0.0387671
-0.0386435
-0.0379844
-0.0370369
-0.0361444
-0.0356501
-0.0356363
-0.0358698
-0.0358972
-0.0355265
-0.034991
-0.0346889
-0.0347987
-0.0353068
-0.0361444
-0.037188
-0.0381629
-0.0386023
-0.0381766
-0.0369271
-0.0352519
-0.0338101
-0.0330686
-0.0332059
-0.0339749
-0.0348262
-0.0352107
-0.0350047
-0.0345516
-0.0343731
-0.0344555
-0.0343044
-0.0335904
-0.0326979
-0.0323134
-0.0326567
-0.0332197
-0.0334119
-0.0331235
-0.032588
-0.0320937
-0.0317779
-0.0318191
-0.0323409
-0.0332471
-0.0340435
-0.0340298
-0.0329176
-0.0310776
-0.0294298
-0.0285922
-0.028551
-0.0288119
-0.0290179
-0.0291003
-0.0290042
-0.0286472
-0.0280842
-0.0276448
-0.0276448
-0.0279743
-0.028194
-0.0279057
-0.0272054
-0.0266012
-0.0267248
-0.0279331
-0.029883
-0.0316268
-0.032437
-0.0324095
-0.032231
-0.0322585
-0.0322447
-0.031723
-0.0307618
-0.0297594
-0.029169
-0.0292101
-0.0298143
-0.0305558
-0.0308716
-0.0306107
-0.030034
-0.0295397
-0.0293063
-0.0293063
-0.029471
-0.0298418
-0.0304734
-0.03116
-0.0315719
-0.031517
-0.0312012
-0.0309677
-0.030803
-0.0302537
-0.0291964
-0.0280842
-0.0276997
-0.0284549
-0.0300752
-0.031668
-0.0323134
-0.0318603
-0.0310227
-0.030748
-0.0312973
-0.0321624
-0.0326155
-0.0322585
-0.0311188
-0.029526
-0.0280842
-0.0273839
-0.0276585
-0.0286334
-0.0298143
-0.0308579
-0.0315856
-0.0318328
-0.0314758
-0.0304185
-0.0288669
-0.0272603
-0.0261893
-0.025997
-0.0264914
-0.0272191
-0.0278233
-0.0283588
-0.028963
-0.0294848
-0.0297045
-0.0294298
