LECROYHDO9204-MSöv,30454,Waveform
Segments,1,SegmentSize,2002
Ampl
-0.0181428
-0.0181016
-0.0169482
-0.0152867
-0.0137076
-0.0126366
-0.0122384
-0.0126641
-0.0138861
-0.0155476
-0.0169894
-0.0176897
-0.0175661
-0.0169619
-0.0162479
-0.0157124
-0.0155064
-0.0155751
-0.01563
-0.0155751
-0.0156163
-0.0160282
-0.0165912
-0.0167422
-0.0162479
-0.0154515
-0.0149984
-0.0151357
-0.0155751
-0.0157673
-0.0155201
-0.0151357
-0.0151082
-0.015479
-0.0158772
-0.0158909
-0.0155064
-0.0149022
-0.0142843
-0.0138861
-0.0140784
-0.0150258
-0.0163577
-0.0172777
-0.0172777
-0.0163989
-0.0152043
-0.0144079
-0.0144903
-0.015479
-0.0168521
-0.0178133
-0.0177171
-0.0164127
-0.014559
-0.0131446
-0.0128151
-0.0132957
-0.0137488
-0.0136664
-0.0131721
-0.0128014
-0.0128426
-0.0131858
-0.0133918
-0.0131584
-0.0126503
-0.0124169
-0.0129387
-0.0139823
-0.0147512
-0.0146414
-0.01379
-0.0129799
-0.013076
-0.0143942
-0.0164127
-0.0181428
-0.0186509
-0.0178133
-0.0163303
-0.0152181
-0.0150945
-0.0157261
-0.0164676
-0.0168109
-0.0168658
-0.0170031
-0.0173052
-0.0173739
-0.0168521
-0.015781
-0.0145864
-0.0138175
-0.0138175
-0.0144491
-0.0151494
-0.0152867
-0.0145452
-0.0131858
-0.0118539
-0.0112223
-0.0114557
-0.0123482
-0.0134605
-0.0143393
-0.0147649
-0.0148336
-0.0147375
-0.0146002
-0.0143667
-0.0140097
-0.0135703
-0.0130623
-0.0124718
-0.0118265
-0.0113321
-0.0111262
-0.0112635
-0.0116754
-0.0121972
-0.0125954
-0.0127739
-0.0129799
-0.0135154
-0.014353
-0.0149434
-0.0148061
-0.0140372
-0.0131584
-0.0126091
-0.0124993
-0.0127327
-0.0131996
-0.0135566
-0.0134467
-0.0126229
-0.0113321
-0.010165
-0.00983543
-0.0107005
-0.0125267
-0.0146276
-0.0162479
-0.0168109
-0.0161655
-0.0147787
-0.0136939
-0.0138037
-0.0152318
-0.0170168
-0.0180741
-0.0177583
-0.0162616
-0.0143805
-0.0130623
-0.0127327
-0.0130485
-0.0134467
-0.0137763
-0.0143255
-0.0153142
-0.0165363
-0.0175524
-0.0180467
-0.0180879
-0.0179094
-0.0177309
-0.0176897
-0.0178682
-0.0182115
-0.0185822
-0.0187882
-0.0186371
-0.0179368
-0.0167834
-0.0156437
-0.0151906
-0.015836
-0.0173189
-0.0186509
-0.0187058
-0.0171404
-0.0148748
-0.0134193
-0.0134879
-0.0144903
-0.0152181
-0.0150533
-0.0143667
-0.0139685
-0.0142569
-0.0148061
-0.0148336
-0.0139685
-0.0126915
-0.0118676
-0.0118402
-0.0122796
-0.0125679
-0.0124718
-0.0121285
-0.011799
-0.0117853
-0.0122521
-0.0129661
-0.0134742
-0.0134742
-0.0131035
-0.0126915
-0.0124993
-0.0127053
-0.0131446
-0.0134742
-0.0134055
-0.0129936
-0.0125679
-0.0124169
-0.0126778
-0.0133094
-0.0139823
-0.0142294
-0.0138175
-0.0131172
-0.01287
-0.0134193
-0.0143667
-0.0150396
-0.0150945
-0.0147237
-0.0142569
-0.0139548
-0.0139273
-0.0141333
-0.0143118
-0.0142706
-0.0139548
-0.0134742
-0.0130211
-0.0128975
-0.0132408
-0.0139411
-0.014504
-0.0144354
-0.0135978
-0.0123208
-0.0111399
-0.0106044
-0.0111399
-0.012719
-0.0146002
-0.0157124
-0.0155339
-0.0145315
-0.0136527
-0.0134193
-0.0135703
-0.0135291
-0.0129799
-0.012307
-0.0120873
-0.0124856
-0.0130897
-0.0135154
-0.0137488
-0.0138861
-0.0139411
-0.0139685
-0.0142157
-0.0147512
-0.0153554
-0.015781
-0.0160145
-0.0161381
-0.0160282
-0.0155064
-0.0145452
-0.0135291
-0.0129661
-0.0131309
-0.0137626
-0.0142706
-0.0143942
-0.0143393
-0.0144628
-0.0147787
-0.0151769
-0.015781
-0.016756
-0.0177858
-0.0180192
-0.0168658
-0.0146276
-0.0123894
-0.0112772
-0.0116342
-0.0129387
-0.0144079
-0.0155201
-0.0161792
-0.0163028
-0.0157398
-0.0144766
-0.01287
-0.0114694
-0.0107417
-0.0107829
-0.0116068
-0.0129524
-0.0143393
-0.0151357
-0.0150945
-0.0145864
-0.0141196
-0.0138724
-0.0136664
-0.0134467
-0.0134605
-0.0138449
-0.0143118
-0.0142981
-0.0136527
-0.0126778
-0.0119363
-0.0116617
-0.0118402
-0.0123482
-0.0131035
-0.0138861
-0.014353
-0.0144079
-0.014353
-0.0146963
-0.0154652
-0.0160831
-0.0160419
-0.0152867
-0.0142157
-0.0132133
-0.012513
-0.0122933
-0.0125817
-0.0131996
-0.0138037
-0.0139136
-0.0132133
-0.0117578
-0.0101375
-0.00924499
-0.00956081
-0.0108103
-0.0121972
-0.01287
-0.0125679
-0.0116617
-0.0107966
-0.0103572
-0.0103023
-0.0104945
-0.0109751
-0.0117441
-0.0126229
-0.013282
-0.0134742
-0.0131584
-0.0125267
-0.012005
-0.0120324
-0.0126915
-0.0135291
-0.0139548
-0.0137763
-0.013433
-0.0135017
-0.0140234
-0.0146002
-0.0147924
-0.0146002
-0.0143667
-0.0144354
-0.0147375
-0.014916
-0.0146276
-0.01379
-0.0125679
-0.0112497
-0.0102748
-0.0101101
-0.0109339
-0.0123345
-0.0135703
-0.0140646
-0.0137076
-0.0128426
-0.0118951
-0.0113321
-0.0113596
-0.0118265
-0.0123894
-0.0129112
-0.0133781
-0.0136664
-0.0134879
-0.0126778
-0.0115244
-0.0105495
-0.0102336
-0.0107966
-0.0119363
-0.0130211
-0.0134605
-0.0132133
-0.0125954
-0.0119775
-0.0114969
-0.0112223
-0.0112635
-0.0116068
-0.012156
-0.012925
-0.013996
-0.0151219
-0.01563
-0.0150945
-0.0137626
-0.0123345
-0.011442
-0.0113596
-0.0119638
-0.0128975
-0.013639
-0.01379
-0.013227
-0.0121148
-0.010879
-0.0100551
-0.0100414
-0.010728
-0.0117853
-0.0128014
-0.0134467
-0.0133369
-0.0124032
-0.0112909
-0.0110987
-0.0123208
-0.0142706
-0.0158085
-0.0162616
-0.0157261
-0.0147787
-0.0141333
-0.0144354
-0.0158222
-0.0177171
-0.0193511
-0.0203535
-0.0210813
-0.0223034
-0.0246789
-0.028194
-0.0321624
-0.0358835
-0.0392202
-0.0426393
-0.0464016
-0.050315
-0.0540361
-0.0575513
-0.0611077
-0.064925
-0.0691817
-0.0739738
-0.0792329
-0.0847391
-0.090259
-0.0956005
-0.100763
-0.105816
-0.110773
-0.115511
-0.11974
-0.123351
-0.126647
-0.130093
-0.133965
-0.138071
-0.142053
-0.145678
-0.148932
-0.152036
-0.155304
-0.158627
-0.1614
-0.163048
-0.163762
-0.164298
-0.165327
-0.166797
-0.168142
-0.168801
-0.168458
-0.167195
-0.165465
-0.163845
-0.162732
-0.162046
-0.161496
-0.160879
-0.160123
-0.159272
-0.158311
-0.157322
-0.156416
-0.155647
-0.154727
-0.153299
-0.151335
-0.149289
-0.147573
-0.145994
-0.143866
-0.140913
-0.137796
-0.135503
-0.134473
-0.134446
-0.134817
-0.134982
-0.134473
-0.133128
-0.131302
-0.129874
-0.129489
-0.130025
-0.130766
-0.131123
-0.131123
-0.131164
-0.131466
-0.13181
-0.131933
-0.131878
-0.132084
-0.132936
-0.134309
-0.135641
-0.136423
-0.136327
-0.13538
-0.134075
-0.133348
-0.134062
-0.136217
-0.138854
-0.140721
-0.141243
-0.14079
-0.14009
-0.139705
-0.139993
-0.141078
-0.142712
-0.144305
-0.145198
-0.145074
-0.144058
-0.142753
-0.142039
-0.14252
-0.143962
-0.145321
-0.145541
-0.144621
-0.143481
-0.143014
-0.143261
-0.143687
-0.144003
-0.144429
-0.145156
-0.145953
-0.14642
-0.146337
-0.145912
-0.145458
-0.145362
-0.145953
-0.14723
-0.148644
-0.149262
-0.148438
-0.146351
-0.144003
-0.142465
-0.142204
-0.14285
-0.143687
-0.144278
-0.144731
-0.145239
-0.145706
-0.145733
-0.144978
-0.14366
-0.142355
-0.141696
-0.141875
-0.142616
-0.14333
-0.14344
-0.142808
-0.141875
-0.141188
-0.140968
-0.141023
-0.140982
-0.140749
-0.14057
-0.140707
-0.141174
-0.141504
-0.141174
-0.140103
-0.13884
-0.13803
-0.137865
-0.138236
-0.139032
-0.140282
-0.141806
-0.143069
-0.143344
-0.14241
-0.140858
-0.139733
-0.139733
-0.140694
-0.141875
-0.142561
-0.142396
-0.141435
-0.140103
-0.138991
-0.13851
-0.138593
-0.138867
-0.139046
-0.139101
-0.139087
-0.139101
-0.139252
-0.139623
-0.140076
-0.140309
-0.140213
-0.140021
-0.139966
-0.140035
-0.140048
-0.139801
-0.139334
-0.138854
-0.138703
-0.138977
-0.139444
-0.13965
-0.139362
-0.138744
-0.138153
-0.137755
-0.137563
-0.137508
-0.137453
-0.137096
-0.136382
-0.135599
-0.13527
-0.135654
-0.136451
-0.137165
-0.137467
-0.137357
-0.137096
-0.136904
-0.136959
-0.137316
-0.137893
-0.138359
-0.138291
-0.137494
-0.136231
-0.135009
-0.134309
-0.134254
-0.134679
-0.135105
-0.134982
-0.134048
-0.132771
-0.132002
-0.132359
-0.13354
-0.134542
-0.134487
-0.13332
-0.131631
-0.130176
-0.129338
-0.129091
-0.129214
-0.129558
-0.130217
-0.131329
-0.132853
-0.134336
-0.135119
-0.134762
-0.133457
-0.132057
-0.131453
-0.131823
-0.132482
-0.132716
-0.1324
-0.131947
-0.131645
-0.131535
-0.131439
-0.13126
-0.130931
-0.130464
-0.12997
-0.129585
-0.129489
-0.129915
-0.130931
-0.132345
-0.133595
-0.134007
-0.133306
-0.131851
-0.130395
-0.129668
-0.12986
-0.130615
-0.13137
-0.131741
-0.131645
-0.131151
-0.130491
-0.129956
-0.129832
-0.130203
-0.130876
-0.131562
-0.132057
-0.132084
-0.131411
-0.130107
-0.128706
-0.127992
-0.128349
-0.129613
-0.131068
-0.131837
-0.131288
-0.129517
-0.127471
-0.126125
-0.125823
-0.126166
-0.126551
-0.126757
-0.126825
-0.12699
-0.127292
-0.127553
-0.127457
-0.126866
-0.126001
-0.125177
-0.124642
-0.124354
-0.124175
-0.123983
-0.123818
-0.123791
-0.123928
-0.123983
-0.123804
-0.12364
-0.123859
-0.124436
-0.124875
-0.12482
-0.124354
-0.123763
-0.123296
-0.123173
-0.123612
-0.124491
-0.125109
-0.124683
-0.123159
-0.121401
-0.120385
-0.120385
-0.120935
-0.121388
-0.121539
-0.121552
-0.12158
-0.121497
-0.121017
-0.120097
-0.119026
-0.118298
-0.118216
-0.118889
-0.120001
-0.120825
-0.120632
-0.119342
-0.117625
-0.116362
-0.116019
-0.116499
-0.117364
-0.118106
-0.118449
-0.118394
-0.118065
-0.117584
-0.117007
-0.116348
-0.115689
-0.115085
-0.114728
-0.114783
-0.11514
-0.115387
-0.115003
-0.114
-0.113039
-0.112902
-0.113602
-0.114426
-0.114604
-0.114041
-0.1133
-0.112943
-0.113108
-0.113616
-0.114234
-0.114755
-0.115044
-0.115044
-0.114728
-0.114261
-0.113959
-0.113959
-0.114138
-0.114179
-0.114083
-0.113959
-0.113794
-0.113355
-0.1126
-0.111707
-0.110705
-0.109455
-0.107986
-0.106929
-0.107135
-0.108727
-0.110773
-0.112092
-0.112256
-0.111748
-0.111213
-0.110622
-0.109593
-0.108192
-0.107066
-0.106791
-0.107245
-0.10778
-0.10778
-0.10719
-0.106572
-0.106544
-0.107093
-0.107588
-0.107258
-0.10594
-0.104306
-0.103414
-0.103894
-0.105473
-0.10708
-0.107656
-0.106888
-0.105267
-0.103674
-0.102809
-0.102809
-0.103414
-0.104073
-0.104265
-0.103812
-0.103015
-0.102425
-0.102274
-0.102494
-0.102823
-0.103029
-0.102892
-0.102191
-0.100983
-0.0997198
-0.099047
-0.0992804
-0.100173
-0.101093
-0.101505
-0.101422
-0.101175
-0.100956
-0.100667
-0.100269
-0.099967
-0.100077
-0.100557
-0.101148
-0.101615
-0.101862
-0.101725
-0.100956
-0.0996512
-0.0982918
-0.0973581
-0.0969736
-0.0968363
-0.0966028
-0.0960948
-0.0955044
-0.0952572
-0.0956966
-0.0968637
-0.0984291
-0.0997885
-0.100269
-0.099404
-0.0974404
-0.0955044
-0.0948864
-0.0960399
-0.0981819
-0.0997885
-0.0996374
-0.0975778
-0.0948041
-0.0931975
-0.0940763
-0.0970285
-0.100283
-0.102082
-0.101972
-0.100818
-0.099761
-0.0991019
-0.0981819
-0.096342
-0.093733
-0.0912202
-0.0895999
-0.0891468
-0.0897784
-0.0914125
-0.0937605
-0.0960124
-0.097056
-0.0964106
-0.0946118
-0.0927718
-0.0917008
-0.0914948
-0.0919342
-0.0927718
-0.0938154
-0.0947766
-0.0952984
-0.0951748
-0.0945157
-0.0936918
-0.0929915
-0.0924423
-0.0918381
-0.0911516
-0.0905749
-0.0902865
-0.0901766
-0.0900256
-0.0896961
-0.0892155
-0.0887349
-0.0885838
-0.0889271
-0.0895313
-0.0897922
-0.089339
-0.0883916
-0.0877325
-0.0879659
-0.0891605
-0.0907122
-0.0918656
-0.0921265
-0.0914674
-0.0902178
-0.0889546
-0.0883092
-0.0886525
-0.0897372
-0.0908083
-0.0911378
-0.090616
-0.0898334
-0.0893665
-0.0892704
-0.089188
-0.0888585
-0.0884191
-0.088117
-0.0879659
-0.0878012
-0.0875677
-0.0872794
-0.0869361
-0.0864967
-0.0861122
-0.0860024
-0.0862907
-0.086785
-0.0871695
-0.0873206
-0.087348
-0.0872107
-0.0867164
-0.0858101
-0.0849176
-0.0845743
-0.0848764
-0.085508
-0.0860985
-0.0864692
-0.0865104
-0.0861534
-0.0855767
-0.0850274
-0.0847254
-0.0846018
-0.0847528
-0.0854119
-0.0867164
-0.0883641
-0.0895587
-0.0895587
-0.0880895
-0.0855767
-0.0829952
-0.0814573
-0.0815809
-0.0830364
-0.0848627
-0.0859612
-0.0858788
-0.0849451
-0.0839564
-0.0835582
-0.0838328
-0.0843134
-0.084437
-0.0839701
-0.0832149
-0.0825146
-0.082034
-0.0815809
-0.0809356
-0.0801803
-0.0797684
-0.0801391
-0.0811553
-0.082089
-0.0822949
-0.0818555
-0.0814299
-0.0816221
-0.0823499
-0.082954
-0.0826108
-0.0811278
-0.0791505
-0.0777225
-0.0774066
-0.0780657
-0.079178
-0.0803039
-0.0811278
-0.0814161
-0.0811003
-0.0803451
-0.0793977
-0.0784777
-0.0777911
-0.0774616
-0.0775439
-0.0780245
-0.0788347
-0.079535
-0.0795624
-0.0786974
-0.0775165
-0.0769398
-0.0774753
-0.0787935
-0.0800156
-0.0803451
-0.0795762
-0.078203
-0.0770496
-0.0766926
-0.0771046
-0.0778872
-0.0785463
-0.0785463
-0.0775851
-0.075855
-0.0742073
-0.0735344
-0.0740288
-0.0750723
-0.0758001
-0.075855
-0.0755117
-0.0750861
-0.074784
-0.074578
-0.0743995
-0.0741523
-0.0736992
-0.073095
-0.0725183
-0.0721476
-0.0720652
-0.0721339
-0.0722712
-0.0725733
-0.0733147
-0.0744956
-0.0755529
-0.0757452
-0.0749076
-0.073658
-0.0727655
-0.072587
-0.0729577
-0.0735344
-0.0741386
-0.0745368
-0.074578
-0.0740288
-0.0729852
-0.0718867
-0.0714473
-0.0720652
-0.0734658
-0.0749076
-0.0756902
-0.0755529
-0.0745368
-0.0729852
-0.0714473
-0.070541
-0.0705822
-0.0715022
-0.072944
-0.0741523
-0.0743171
-0.0730127
-0.0707607
-0.0686873
-0.0677536
-0.0681106
-0.0692503
-0.0705273
-0.0714061
-0.0716258
-0.0713512
-0.0709804
-0.0708294
-0.0708157
-0.0706509
-0.0703076
-0.0701016
-0.0702939
-0.0708569
-0.071461
-0.071818
-0.0718318
-0.0716121
-0.0712551
-0.0706646
-0.069621
-0.0681518
-0.0668473
-0.0666414
-0.0679321
-0.0701566
-0.0719142
-0.0720377
-0.0704587
-0.0681381
-0.0662569
-0.0653918
-0.065488
-0.0661059
-0.0667512
-0.0669709
-0.0666551
-0.0661059
-0.0658587
-0.0662294
-0.0669847
-0.0675614
-0.0674515
-0.0664903
-0.0648975
-0.0633184
-0.0624946
-0.0627692
-0.063799
-0.0649524
-0.0657626
-0.0660784
-0.0660235
-0.0657489
-0.0654605
-0.065282
-0.0652545
-0.0654193
-0.0658587
-0.0666414
-0.0676163
-0.0683715
-0.0683715
-0.067273
-0.0653369
-0.0633734
-0.0623161
-0.0625907
-0.0638402
-0.0652545
-0.0661608
-0.0665041
-0.0666276
-0.0667924
-0.0669572
-0.0669984
-0.0670259
-0.0673417
-0.0678909
-0.0681381
-0.0675064
-0.0661196
-0.0648289
-0.0643208
-0.0644444
-0.0645954
-0.0644032
-0.0640325
-0.0637304
-0.0635931
-0.0634557
-0.0630987
-0.0623435
-0.0613686
-0.060531
-0.0600916
-0.0600229
-0.0601877
-0.0604623
-0.0608194
-0.0612038
-0.0615471
-0.0617393
-0.0617668
-0.0616707
-0.0615746
-0.0615196
-0.0615059
-0.0615196
-0.0615883
-0.0617943
-0.0621238
-0.0624259
-0.0624808
-0.0622474
-0.061808
-0.0612038
-0.0605035
-0.0598307
-0.0594325
-0.0595698
-0.06038
-0.0615883
-0.0624534
-0.0622337
-0.0608743
-0.0591991
-0.0581555
-0.0579495
-0.058183
-0.0584988
-0.0590206
-0.059968
-0.061245
-0.062371
-0.0628653
-0.0626731
-0.0620689
-0.0614785
-0.0612038
-0.0614235
-0.0622062
-0.0633596
-0.0643757
-0.0648151
-0.0646229
-0.0641698
-0.0638814
-0.063799
-0.0638128
-0.0639363
-0.0641972
-0.0644719
-0.0644856
-0.064156
-0.0636892
-0.063291
-0.0630301
-0.0628928
-0.0628516
-0.062934
-0.0633184
-0.0641286
-0.0651447
-0.0660235
-0.0665041
-0.0666002
-0.0663805
-0.06579
-0.0647739
-0.0634283
-0.061959
-0.0606134
-0.059611
-0.0593227
-0.0599955
-0.0615196
-0.0632635
-0.0643757
-0.0643895
-0.0633734
-0.0618492
-0.0603388
-0.0591716
-0.0584301
-0.058128
-0.0582654
-0.0587185
-0.0593364
-0.0599955
-0.0605722
-0.060888
-0.0607232
-0.0600504
-0.0591991
-0.0586361
-0.0585262
-0.0586224
-0.0585674
-0.0582928
-0.0579907
-0.0579083
-0.0581143
-0.0583615
-0.0582516
-0.0575651
-0.0565078
-0.0556015
-0.0553131
-0.05578
-0.0567824
-0.0577848
-0.0582928
-0.0582104
-0.0577436
-0.0570021
-0.0560546
-0.0551072
-0.0545991
-0.0548737
-0.0558349
-0.0570982
-0.0582104
-0.0587459
-0.0584301
-0.0574415
-0.0563704
-0.0558349
-0.0559997
-0.0566313
-0.0572355
-0.0573454
-0.0567961
-0.0558349
-0.0549561
-0.0544343
-0.0541597
-0.0538714
-0.0533633
-0.0527317
-0.0522648
-0.0523609
-0.0531573
-0.0542147
-0.0548188
-0.0546952
-0.0541597
-0.0537753
-0.0538714
-0.0545167
-0.0554093
-0.0560546
-0.0560272
-0.0553543
-0.0546403
-0.0544343
-0.0545991
-0.0544206
-0.053432
-0.0518941
-0.0506583
-0.0504523
-0.0512075
-0.0522236
-0.0527042
-0.0523747
-0.0514821
-0.050521
-0.0500404
-0.0503425
-0.051235
-0.0521275
-0.0524433
-0.052155
-0.051592
-0.0509878
-0.0503287
-0.0497383
-0.0494774
-0.049601
-0.0498481
-0.0500129
-0.0502326
-0.0507132
-0.0513586
-0.0518666
-0.0520177
-0.0517293
-0.0509878
-0.0500541
-0.0494225
-0.0494087
-0.0497932
-0.0501228
-0.0501228
-0.0498756
-0.0496284
-0.0497108
-0.0503974
-0.0515096
-0.0524433
-0.0525532
-0.0518529
-0.0509329
-0.0503974
-0.0505622
-0.0512213
-0.0518529
-0.0519765
-0.0516057
-0.0511663
-0.0510427
-0.0512075
-0.0514135
-0.0515371
-0.0514959
-0.0511663
-0.0506308
-0.050109
-0.0498619
-0.049958
-0.0503425
-0.0507956
-0.0510839
-0.0508917
-0.0501228
-0.0489831
-0.0479395
-0.0474177
-0.0474452
-0.047761
-0.0479807
-0.047912
-0.0476923
-0.0475688
-0.0477335
-0.0481455
-0.0486261
-0.0490792
-0.0494774
-0.0498207
-0.0501365
-0.0503287
-0.0502051
-0.0496971
-0.049038
-0.0485849
-0.0484064
-0.0481867
-0.0476237
-0.0468822
-0.0464016
-0.0465664
-0.0474314
-0.0485986
-0.0494225
-0.0494911
-0.0490792
-0.0487908
-0.0488869
-0.0491204
-0.0491478
-0.0489693
-0.0487908
-0.0485574
-0.0481317
-0.0475001
-0.0469371
-0.0465801
-0.0464153
-0.0464016
-0.0467174
-0.0474589
-0.0484064
-0.0488732
-0.048269
-0.0466625
-0.0449598
-0.0441497
-0.0446028
-0.04577
-0.0468822
-0.0473491
-0.0468547
-0.0454267
-0.0436279
-0.0423784
-0.0423784
-0.0434631
-0.0448912
-0.0459485
-0.0464291
-0.0463604
-0.0459347
-0.0452894
-0.0446715
-0.0443007
-0.044287
-0.0444792
-0.0445891
-0.0445067
-0.0444792
-0.0449461
-0.0457974
-0.0463741
-0.0461682
-0.045413
-0.0448774
-0.0450148
-0.0455365
-0.0458386
-0.0454679
-0.0444792
-0.0434357
-0.0430787
-0.0437652
-0.0450697
-0.0458661
-0.0452756
-0.0433807
-0.0411837
-0.0397557
-0.0395085
-0.0400441
-0.0406345
-0.0408679
-0.0407718
-0.0405247
-0.0403461
-0.0405384
-0.0414034
-0.042804
-0.0441222
-0.0447401
-0.0445204
-0.0438201
-0.0430924
-0.0427491
-0.0429551
-0.0435181
-0.0439163
-0.0437789
-0.043216
-0.0427903
-0.0426942
-0.0425706
-0.0418154
-0.0403736
-0.0388357
-0.0380668
-0.0383826
-0.0393987
-0.0403873
-0.0410052
-0.0413348
-0.0416918
-0.0421449
-0.0425431
-0.0425843
-0.0420076
-0.040964
-0.0400578
-0.0399479
-0.0406345
-0.0414309
-0.0415682
-0.0408817
-0.0398518
-0.0391378
-0.039179
-0.0399479
-0.0411151
-0.0423646
-0.0434906
-0.0441909
-0.0439712
-0.0424745
-0.040099
-0.0378333
-0.0366936
-0.036982
-0.0383826
-0.0401539
-0.0414172
-0.0414996
-0.0402775
-0.038108
-0.0356501
-0.0336041
-0.0326979
-0.0332746
-0.0350459
-0.0371605
-0.0388494
-0.0398244
-0.04025
-0.0403873
-0.0405384
-0.040813
-0.0410327
-0.0407718
-0.0397694
-0.0382041
-0.0366799
-0.0358011
-0.0358011
-0.036419
-0.0370781
-0.037188
-0.0367074
-0.0361581
-0.0361581
-0.0368035
-0.0377098
-0.0383277
-0.0384512
-0.038108
-0.0374214
-0.0367623
-0.0365838
-0.0371193
-0.038053
-0.0387121
-0.0386984
-0.0381766
-0.0377098
-0.037696
-0.038108
-0.0386984
-0.0392751
-0.0397145
-0.0398244
-0.0394536
-0.0387259
-0.0379981
-0.0375175
-0.0372154
-0.0369545
-0.0368172
-0.0370369
-0.0375587
-0.038053
-0.0379981
-0.0372154
-0.0359384
-0.0348125
-0.0343182
-0.0344143
-0.0347438
-0.0351695
-0.0358835
-0.0369408
-0.0380668
-0.038822
-0.0390829
-0.0389593
-0.0386709
-0.038465
-0.0384375
-0.0385199
-0.0385336
-0.0384375
-0.0383414
-0.0383414
-0.0385336
-0.0390005
-0.0396596
-0.0401676
-0.0401264
-0.0395085
-0.0387808
-0.0384238
-0.0385474
-0.0389181
-0.0392339
-0.0391241
-0.0383689
-0.037188
-0.0362405
-0.0361169
-0.0367898
-0.0378059
-0.0386709
-0.0392202
-0.0394262
-0.0393575
-0.0391241
-0.0388083
-0.038465
-0.038259
-0.0382865
-0.0385336
-0.0387671
-0.0388083
-0.0387259
-0.0387396
-0.0388906
-0.039028
-0.0390142
-0.0388494
-0.0386847
-0.0386572
-0.0387533
-0.038822
-0.0387259
-0.038259
-0.0374077
-0.0364328
-0.0356913
-0.0354716
-0.0356501
-0.0358423
-0.0357325
-0.0353205
-0.0349361
-0.034991
-0.0354716
-0.0359384
-0.0358698
-0.0351969
-0.0343044
-0.0336865
-0.0334943
-0.0335629
-0.0337002
-0.0338101
-0.0337826
-0.0333707
-0.0325606
-0.0318191
-0.0317092
-0.0322997
-0.0330274
-0.0333295
-0.0330961
-0.0326429
-0.032437
-0.0328901
-0.0339886
-0.0352381
-0.0359522
-0.0358423
-0.0352107
-0.034428
-0.0335904
-0.0326979
-0.032025
-0.03208
-0.0329862
-0.0343456
-0.035499
-0.0361856
-0.0364602
-0.0365289
-0.0364053
-0.0360208
-0.0353343
-0.0346477
-0.0343593
-0.0346614
-0.0352656
-0.0355677
-0.0352244
-0.0342907
-0.0331922
-0.0325056
-0.0326567
-0.0334668
-0.0342358
-0.0343319
-0.0337964
-0.0333158
-0.0334943
-0.0343182
-0.0352381
-0.0358149
-0.0359247
-0.0356775
-0.0351695
-0.0343319
-0.0332608
-0.0323134
-0.032025
-0.0326292
-0.0338101
-0.0350322
-0.035911
-0.0363778
-0.0365975
-0.0366662
-0.0365289
-0.0360895
-0.0352931
-0.0343731
-0.0336591
-0.0333295
-0.0332471
-0.0331647
-0.0330137
-0.0329862
-0.0332746
-0.0337002
-0.0338513
-0.0333707
-0.0324919
-0.0318053
-0.0319564
-0.0329588
-0.0342907
-0.0351832
-0.0351283
-0.0340435
-0.0322859
-0.030446
-0.0290454
-0.0283588
-0.0282078
-0.0283725
-0.0286746
-0.0290454
-0.0293887
-0.0296907
-0.0300066
-0.0304048
-0.0306245
-0.0303361
-0.0295672
-0.0287845
-0.0285785
-0.0289904
-0.0293612
-0.0289218
-0.0276585
-0.0265463
-0.0265188
-0.0276173
-0.0289904
-0.0298692
-0.0300477
-0.0297045
-0.0290728
-0.0285373
-0.0284412
-0.028757
-0.0291552
-0.0293749
-0.0294848
-0.0296358
-0.0298555
-0.0301301
-0.0305421
-0.0312149
-0.0319701
-0.0325056
-0.0325743
-0.0321761
-0.0315856
-0.0311462
-0.0311874
-0.0317092
-0.0324095
-0.0329176
-0.0331373
-0.0331647
-0.0331647
-0.0332197
-0.0334119
-0.0337552
-0.0340847
-0.0341808
-0.0340573
-0.0340023
-0.0342358
-0.034634
-0.0349361
-0.0350871
-0.0351695
-0.0352931
-0.0353755
-0.0351146
-0.0343044
-0.033151
-0.0323546
-0.0324644
-0.033302
-0.0340985
-0.0342083
-0.0336041
-0.0327803
-0.0322585
-0.0321761
-0.0322173
-0.031874
-0.0310639
-0.0302263
-0.0298418
-0.0299654
-0.0304322
-0.0310227
-0.0315856
-0.0318877
-0.0318465
-0.031517
-0.0312698
-0.0314346
-0.0320388
-0.0326567
-0.0328626
