LECROYHDO9204-MSöv,30454,Waveform
Segments,1,SegmentSize,2002
Ampl
-0.0156025
-0.0152043
-0.0145864
-0.0138312
-0.0134605
-0.0138449
-0.0146825
-0.0154103
-0.01563
-0.0153554
-0.0147924
-0.0143805
-0.0145315
-0.0152867
-0.0161518
-0.0166049
-0.01655
-0.0163303
-0.0163028
-0.0164951
-0.0165088
-0.0159184
-0.0147237
-0.013433
-0.0126366
-0.0125405
-0.0128426
-0.0131721
-0.0132957
-0.013076
-0.0125542
-0.0120187
-0.0119226
-0.012513
-0.0134879
-0.0142431
-0.0143805
-0.0139136
-0.013227
-0.0127739
-0.0127602
-0.0130623
-0.0134055
-0.0135703
-0.0135154
-0.013282
-0.0128288
-0.0122659
-0.0119226
-0.0122247
-0.0133232
-0.0148748
-0.0160557
-0.0160007
-0.0146002
-0.0128151
-0.0119363
-0.0125679
-0.0141882
-0.0157261
-0.0163577
-0.0158909
-0.0147237
-0.0135429
-0.0129387
-0.0130211
-0.0134605
-0.0138587
-0.0140234
-0.0140097
-0.0139548
-0.013996
-0.0140921
-0.0140234
-0.01379
-0.0137626
-0.0141745
-0.0147237
-0.0149572
-0.0148885
-0.0149022
-0.0151357
-0.0152593
-0.0149434
-0.0142843
-0.013639
-0.0133094
-0.0134467
-0.0140646
-0.0149846
-0.0159321
-0.0165363
-0.0166186
-0.016193
-0.0154103
-0.0145315
-0.0137351
-0.013282
-0.0135566
-0.0146414
-0.0160282
-0.0167697
-0.0162754
-0.0149984
-0.0138449
-0.0133506
-0.013227
-0.0131309
-0.0131584
-0.0136527
-0.014559
-0.0153004
-0.0153004
-0.0144903
-0.0133369
-0.0125817
-0.0128426
-0.0142294
-0.0162067
-0.0178407
-0.0182115
-0.0172091
-0.01563
-0.01471
-0.0150945
-0.0162754
-0.0171404
-0.0170855
-0.0164264
-0.0159184
-0.0159733
-0.0163989
-0.0166598
-0.0165088
-0.0161381
-0.0160831
-0.0166736
-0.0177721
-0.0188019
-0.0193923
-0.0193786
-0.0186921
-0.0173876
-0.0157673
-0.0144354
-0.0138724
-0.0140784
-0.014559
-0.0146963
-0.0141196
-0.0130073
-0.0120187
-0.0117166
-0.0121697
-0.0130211
-0.0139548
-0.0147649
-0.0152867
-0.0153416
-0.014916
-0.014147
-0.0132408
-0.0123208
-0.0116068
-0.0113733
-0.0117853
-0.0126229
-0.0135154
-0.0141196
-0.0142843
-0.0140372
-0.013639
-0.013433
-0.0133369
-0.0131035
-0.0126641
-0.0124856
-0.013076
-0.0144354
-0.0160694
-0.0172777
-0.0175936
-0.0170031
-0.0159458
-0.0150258
-0.0145727
-0.014559
-0.0147649
-0.0149709
-0.0151631
-0.0153828
-0.01563
-0.0157673
-0.0155613
-0.0149846
-0.0143393
-0.0140097
-0.0139273
-0.0137626
-0.0133643
-0.0128563
-0.0124856
-0.0123482
-0.0124169
-0.0125542
-0.0126229
-0.0125542
-0.0124032
-0.0122933
-0.0124032
-0.0129387
-0.013996
-0.0152867
-0.0162342
-0.0163166
-0.0157261
-0.0150396
-0.0146002
-0.0142294
-0.0137076
-0.0130485
-0.0124856
-0.0122796
-0.0125679
-0.0131446
-0.0135017
-0.0133369
-0.0130897
-0.0135291
-0.0148199
-0.0161792
-0.0165774
-0.0157673
-0.014353
-0.0132133
-0.0127876
-0.0129112
-0.0131446
-0.013282
-0.0135291
-0.0142294
-0.0154927
-0.0170031
-0.0182115
-0.0187195
-0.0183488
-0.0172228
-0.0157261
-0.0144491
-0.0137626
-0.0135978
-0.0136527
-0.013639
-0.0134879
-0.0133232
-0.0133643
-0.0136802
-0.0140784
-0.0142294
-0.0140234
-0.0137214
-0.0136939
-0.0138861
-0.0139136
-0.0134467
-0.0126641
-0.0120187
-0.0119638
-0.0125679
-0.0135703
-0.0145315
-0.0152181
-0.0155613
-0.0155751
-0.0152867
-0.0146963
-0.0138861
-0.0128838
-0.0119088
-0.0113871
-0.011593
-0.012307
-0.0129799
-0.0133232
-0.0133781
-0.0132545
-0.0130623
-0.013076
-0.0136252
-0.0145727
-0.0152318
-0.0150945
-0.0141745
-0.0129799
-0.012005
-0.0115793
-0.0117166
-0.0121011
-0.0123757
-0.0124032
-0.012362
-0.0123757
-0.0122796
-0.012005
-0.0116891
-0.0116068
-0.0118402
-0.0122384
-0.0125267
-0.0125954
-0.0124993
-0.0123894
-0.0122933
-0.0122247
-0.0122384
-0.0124306
-0.0127876
-0.0132545
-0.0137488
-0.0142157
-0.0145452
-0.0144354
-0.0136664
-0.0124718
-0.0114145
-0.0109065
-0.0108927
-0.0111399
-0.0114008
-0.0115381
-0.0115106
-0.0113733
-0.0112635
-0.0113047
-0.0115793
-0.0120599
-0.0126091
-0.0129936
-0.0129661
-0.0124444
-0.0115518
-0.0106044
-0.00989036
-0.00957454
-0.00943723
-0.00914887
-0.00875067
-0.0087644
-0.00967066
-0.0111948
-0.0124856
-0.012925
-0.0126229
-0.012156
-0.0118265
-0.0115381
-0.0110163
-0.0102886
-0.009602
-0.0091626
-0.00884679
-0.00847604
-0.00802291
-0.00777575
-0.00805038
-0.00890171
-0.0100826
-0.0112086
-0.011799
-0.0115518
-0.0106593
-0.00980797
-0.00962946
-0.010165
-0.0109614
-0.0116342
-0.0122109
-0.0127464
-0.0131721
-0.0133369
-0.0131584
-0.0126778
-0.0121697
-0.0120462
-0.0125679
-0.0135017
-0.0142294
-0.014202
-0.0135154
-0.0127327
-0.0123894
-0.0125542
-0.0128838
-0.0130073
-0.0129112
-0.0128975
-0.0131035
-0.0132133
-0.0128838
-0.0121972
-0.0116891
-0.0117578
-0.0122796
-0.0129799
-0.0135703
-0.0138587
-0.0136252
-0.0128563
-0.0118951
-0.0113459
-0.0117715
-0.0131721
-0.0149297
-0.0161243
-0.0162479
-0.015479
-0.014353
-0.013282
-0.0126229
-0.0128151
-0.0140234
-0.0157398
-0.0169345
-0.0170031
-0.0162342
-0.0153279
-0.0146688
-0.0142157
-0.0138449
-0.013639
-0.0136939
-0.0140646
-0.0146002
-0.0150945
-0.015479
-0.0159184
-0.0165912
-0.0173876
-0.017978
-0.018033
-0.0173464
-0.0161243
-0.0150121
-0.0147375
-0.0155888
-0.0171954
-0.0189941
-0.0206419
-0.0219463
-0.0226878
-0.0228251
-0.0232096
-0.025132
-0.0292239
-0.0348262
-0.0408267
-0.0466762
-0.0526081
-0.0589656
-0.0659136
-0.0734109
-0.0813887
-0.089902
-0.0989646
-0.108494
-0.118147
-0.127484
-0.136286
-0.144854
-0.153848
-0.163831
-0.17498
-0.186885
-0.198832
-0.210215
-0.220637
-0.230001
-0.238583
-0.247014
-0.255898
-0.265291
-0.274724
-0.283553
-0.291448
-0.29852
-0.304974
-0.310796
-0.31567
-0.31935
-0.321973
-0.324074
-0.326161
-0.328482
-0.330898
-0.333164
-0.334935
-0.335855
-0.335787
-0.334908
-0.333521
-0.331612
-0.329209
-0.3266
-0.324129
-0.321657
-0.318636
-0.314833
-0.310768
-0.307157
-0.304177
-0.301321
-0.298122
-0.294593
-0.291188
-0.28818
-0.285434
-0.282633
-0.279598
-0.276427
-0.273433
-0.271016
-0.269424
-0.268476
-0.26746
-0.26551
-0.262325
-0.258645
-0.255885
-0.255047
-0.255912
-0.257381
-0.258398
-0.258466
-0.257738
-0.256667
-0.25583
-0.255651
-0.25642
-0.25804
-0.259977
-0.261363
-0.261775
-0.261487
-0.261322
-0.261844
-0.26297
-0.264261
-0.2654
-0.26654
-0.268051
-0.270193
-0.272939
-0.275836
-0.278253
-0.279695
-0.280244
-0.280312
-0.280395
-0.280724
-0.281452
-0.282661
-0.284226
-0.285832
-0.287082
-0.28781
-0.288057
-0.287878
-0.287288
-0.286272
-0.284981
-0.2838
-0.283182
-0.283333
-0.284185
-0.285572
-0.287219
-0.288702
-0.289457
-0.288991
-0.287425
-0.285475
-0.284006
-0.283375
-0.283416
-0.28369
-0.283745
-0.283306
-0.282413
-0.281397
-0.280793
-0.280738
-0.280999
-0.281274
-0.281521
-0.281823
-0.282139
-0.282098
-0.281562
-0.280766
-0.280216
-0.280038
-0.279846
-0.279228
-0.27828
-0.277498
-0.277223
-0.277278
-0.277347
-0.277209
-0.276756
-0.275822
-0.274353
-0.272843
-0.272101
-0.272623
-0.27412
-0.275713
-0.276591
-0.276509
-0.275685
-0.274504
-0.273296
-0.272348
-0.271909
-0.272211
-0.273268
-0.274738
-0.275973
-0.27655
-0.276619
-0.276715
-0.277031
-0.277182
-0.27655
-0.275067
-0.273461
-0.272829
-0.273694
-0.275507
-0.277099
-0.277566
-0.276825
-0.275534
-0.27449
-0.274147
-0.274477
-0.275108
-0.275754
-0.276221
-0.276317
-0.275987
-0.275438
-0.274957
-0.274628
-0.274284
-0.273776
-0.273007
-0.272005
-0.270893
-0.269877
-0.269122
-0.268655
-0.268256
-0.26779
-0.267309
-0.267089
-0.267323
-0.26779
-0.267982
-0.267542
-0.266568
-0.265483
-0.264892
-0.265263
-0.266732
-0.268833
-0.270673
-0.271456
-0.271058
-0.269918
-0.268682
-0.267776
-0.26724
-0.267007
-0.266952
-0.266815
-0.266362
-0.265497
-0.264453
-0.263423
-0.262462
-0.261624
-0.261171
-0.261542
-0.262764
-0.264192
-0.26492
-0.264535
-0.263286
-0.261803
-0.260622
-0.259853
-0.25951
-0.259592
-0.260073
-0.2608
-0.261556
-0.262174
-0.262586
-0.262544
-0.261707
-0.259963
-0.257697
-0.2555
-0.253729
-0.252493
-0.251944
-0.252191
-0.253056
-0.254086
-0.2548
-0.255047
-0.254992
-0.254841
-0.254649
-0.254415
-0.254141
-0.253935
-0.253949
-0.254361
-0.255198
-0.256104
-0.256255
-0.255047
-0.252672
-0.250227
-0.248841
-0.248882
-0.249939
-0.251298
-0.252438
-0.253097
-0.25307
-0.25237
-0.251257
-0.2502
-0.249404
-0.248731
-0.247962
-0.247152
-0.246671
-0.246767
-0.247165
-0.247248
-0.246506
-0.245092
-0.243623
-0.24284
-0.243073
-0.244076
-0.245106
-0.245518
-0.245202
-0.244556
-0.243925
-0.243183
-0.24203
-0.240602
-0.23949
-0.239146
-0.239435
-0.239737
-0.239627
-0.23916
-0.23868
-0.238501
-0.238638
-0.238899
-0.239064
-0.23894
-0.238432
-0.237567
-0.23662
-0.235933
-0.235727
-0.235837
-0.235851
-0.235576
-0.235192
-0.235041
-0.235233
-0.235714
-0.23629
-0.23673
-0.23684
-0.236524
-0.235768
-0.234629
-0.233214
-0.231883
-0.231045
-0.230935
-0.231333
-0.231814
-0.232185
-0.232652
-0.233462
-0.234533
-0.235384
-0.235617
-0.235192
-0.234423
-0.233517
-0.232459
-0.231141
-0.229795
-0.228862
-0.228546
-0.228628
-0.228628
-0.22823
-0.22753
-0.226926
-0.226816
-0.227269
-0.228038
-0.228642
-0.228656
-0.227859
-0.226541
-0.225292
-0.224591
-0.224275
-0.223877
-0.223095
-0.222161
-0.22168
-0.222024
-0.222944
-0.223671
-0.223493
-0.222504
-0.221667
-0.221927
-0.223191
-0.224234
-0.223781
-0.22168
-0.218824
-0.216517
-0.215584
-0.216174
-0.217822
-0.219703
-0.220939
-0.221035
-0.220129
-0.218701
-0.217218
-0.215954
-0.215062
-0.214705
-0.214952
-0.215652
-0.21638
-0.216668
-0.216421
-0.216105
-0.21638
-0.217424
-0.218577
-0.218824
-0.217575
-0.215048
-0.212247
-0.210256
-0.209528
-0.209638
-0.209762
-0.209569
-0.209432
-0.209871
-0.210833
-0.211711
-0.211835
-0.21108
-0.209885
-0.209006
-0.208951
-0.209624
-0.210215
-0.209913
-0.208498
-0.206576
-0.205011
-0.204269
-0.204187
-0.204338
-0.204557
-0.204887
-0.205203
-0.205217
-0.204722
-0.203871
-0.202896
-0.201962
-0.201042
-0.200205
-0.199546
-0.199147
-0.198941
-0.1989
-0.199065
-0.199381
-0.199601
-0.199422
-0.198584
-0.197047
-0.195124
-0.193394
-0.192488
-0.192776
-0.194026
-0.195605
-0.196799
-0.197307
-0.197239
-0.197005
-0.196895
-0.196868
-0.196566
-0.195715
-0.1943
-0.192762
-0.191636
-0.191211
-0.191252
-0.191238
-0.190881
-0.190387
-0.190057
-0.189865
-0.189467
-0.188739
-0.188066
-0.18797
-0.18867
-0.18992
-0.191183
-0.191856
-0.19165
-0.190716
-0.189687
-0.189233
-0.189439
-0.189755
-0.189549
-0.188657
-0.187366
-0.186089
-0.185114
-0.184606
-0.184524
-0.184702
-0.184839
-0.184592
-0.183768
-0.182574
-0.18142
-0.180734
-0.18072
-0.181283
-0.182107
-0.182725
-0.182711
-0.181928
-0.18061
-0.17932
-0.178551
-0.178592
-0.179374
-0.180514
-0.181489
-0.182025
-0.18197
-0.181324
-0.180473
-0.179937
-0.179979
-0.180185
-0.17991
-0.179045
-0.178125
-0.177768
-0.177946
-0.178207
-0.178139
-0.177837
-0.177686
-0.177933
-0.178331
-0.178235
-0.177246
-0.175626
-0.174294
-0.174143
-0.175186
-0.176546
-0.177013
-0.176134
-0.174527
-0.173443
-0.173676
-0.175008
-0.176367
-0.176807
-0.176148
-0.17498
-0.174129
-0.173896
-0.173786
-0.173044
-0.171314
-0.168994
-0.16681
-0.165382
-0.164929
-0.165286
-0.165849
-0.166028
-0.165588
-0.16497
-0.16497
-0.165973
-0.167703
-0.169392
-0.170092
-0.169213
-0.166865
-0.163954
-0.161744
-0.161071
-0.161895
-0.16357
-0.165067
-0.165643
-0.165231
-0.164449
-0.163845
-0.16346
-0.162993
-0.162224
-0.161222
-0.160261
-0.159698
-0.159711
-0.160178
-0.160563
-0.160535
-0.160384
-0.160631
-0.161373
-0.162018
-0.161922
-0.161153
-0.160343
-0.160068
-0.160357
-0.160686
-0.160604
-0.160178
-0.159904
-0.160151
-0.160618
-0.160714
-0.160192
-0.159368
-0.158791
-0.158723
-0.158942
-0.159025
-0.158695
-0.158146
-0.157858
-0.157899
-0.15794
-0.157611
-0.156951
-0.15643
-0.156457
-0.156965
-0.157446
-0.157418
-0.156773
-0.155784
-0.154905
-0.154452
-0.154452
-0.154658
-0.154892
-0.15507
-0.155057
-0.154658
-0.153834
-0.152818
-0.151898
-0.151473
-0.15183
-0.152983
-0.154315
-0.154878
-0.154205
-0.152736
-0.151514
-0.151308
-0.152091
-0.153148
-0.153697
-0.153409
-0.15253
-0.151514
-0.150635
-0.149907
-0.149468
-0.14955
-0.150072
-0.15047
-0.150072
-0.14863
-0.146612
-0.144923
-0.144291
-0.144662
-0.145376
-0.145829
-0.145912
-0.145843
-0.145788
-0.145747
-0.145651
-0.145362
-0.144758
-0.143866
-0.143055
-0.142753
-0.143097
-0.143783
-0.144415
-0.144813
-0.144854
-0.144401
-0.143412
-0.142039
-0.140474
-0.139005
-0.13792
-0.137536
-0.13781
-0.138318
-0.138579
-0.138524
-0.138483
-0.13884
-0.139801
-0.141229
-0.142602
-0.143261
-0.14285
-0.141449
-0.139581
-0.137865
-0.136725
-0.1363
-0.136519
-0.137179
-0.137975
-0.138579
-0.138758
-0.138607
-0.138401
-0.138456
-0.138703
-0.138675
-0.13792
-0.136519
-0.134968
-0.133897
-0.133581
-0.133924
-0.134666
-0.135641
-0.13678
-0.137975
-0.138909
-0.139156
-0.138469
-0.136986
-0.135242
-0.133869
-0.133279
-0.133375
-0.133581
-0.133375
-0.132592
-0.131535
-0.130697
-0.130505
-0.131247
-0.132812
-0.134625
-0.135847
-0.135778
-0.13424
-0.131727
-0.129187
-0.127553
-0.12721
-0.127869
-0.128789
-0.129269
-0.129146
-0.128638
-0.128281
-0.128569
-0.129654
-0.131109
-0.132098
-0.131906
-0.130533
-0.128624
-0.127072
-0.126413
-0.126757
-0.127594
-0.12813
-0.127896
-0.127168
-0.126633
-0.126674
-0.127086
-0.12732
-0.127004
-0.126111
-0.124917
-0.123777
-0.123145
-0.12331
-0.12423
-0.125411
-0.126097
-0.125809
-0.124724
-0.123489
-0.122761
-0.122623
-0.122665
-0.122527
-0.122212
-0.121964
-0.122033
-0.122459
-0.123022
-0.123324
-0.122926
-0.121868
-0.120687
-0.119973
-0.119946
-0.120426
-0.121044
-0.121237
-0.120619
-0.119081
-0.117076
-0.115483
-0.115112
-0.116142
-0.117845
-0.119122
-0.119397
-0.118875
-0.11812
-0.117543
-0.117213
-0.117062
-0.116856
-0.116348
-0.115346
-0.113877
-0.112353
-0.111364
-0.111446
-0.112517
-0.113918
-0.114824
-0.114961
-0.114701
-0.114646
-0.115112
-0.11595
-0.116678
-0.11676
-0.115881
-0.114083
-0.111776
-0.109647
-0.108384
-0.108302
-0.109194
-0.110499
-0.111666
-0.112449
-0.112696
-0.112311
-0.11135
-0.110252
-0.109551
-0.109442
-0.109593
-0.109469
-0.108782
-0.107766
-0.10686
-0.106379
-0.106379
-0.106833
-0.107725
-0.108906
-0.109977
-0.110526
-0.11032
-0.109469
-0.108274
-0.106901
-0.10535
-0.103812
-0.102727
-0.102548
-0.103523
-0.105473
-0.107917
-0.110101
-0.111391
-0.111652
-0.111158
-0.110293
-0.109318
-0.108467
-0.107862
-0.107396
-0.106915
-0.106448
-0.10616
-0.10605
-0.105885
-0.105418
-0.104622
-0.103825
-0.103537
-0.104073
-0.10524
-0.106228
-0.106215
-0.105034
-0.103372
-0.102315
-0.102342
-0.103194
-0.104224
-0.104938
-0.105157
-0.104951
-0.104402
-0.103674
-0.102974
-0.102535
-0.10248
-0.102645
-0.102631
-0.102123
-0.101203
-0.100255
-0.0997061
-0.0995276
-0.0992804
-0.0985801
-0.0977151
-0.0974542
-0.0982231
-0.0995688
-0.100571
-0.100791
-0.10064
-0.10075
-0.101189
-0.101505
-0.101162
-0.1002
-0.0991157
-0.0984016
-0.0982369
-0.0985527
-0.0992942
-0.100297
-0.101107
-0.101217
-0.100475
-0.0993079
-0.0982094
-0.0973581
-0.0967264
-0.0963557
-0.0963145
-0.0965479
-0.0968775
-0.097207
-0.0974816
-0.0975366
-0.097207
-0.0964793
-0.0955593
-0.0947217
-0.0942548
-0.0944608
-0.0953258
-0.0964381
-0.0971384
-0.0970972
-0.0965067
-0.0956829
-0.094859
-0.0941038
-0.0935545
-0.0932799
-0.0933486
-0.0937605
-0.0942823
-0.0945157
-0.0941587
-0.0934447
-0.0929503
-0.0929366
-0.0932112
-0.0933486
-0.0931975
-0.092813
-0.092456
-0.0923187
-0.0924011
-0.092305
-0.0917008
-0.0908083
-0.0902865
-0.090616
-0.0915498
-0.0924698
-0.0928542
-0.0926345
-0.0920166
-0.0911653
-0.090259
-0.0895313
-0.0891056
-0.0889683
-0.088982
-0.0891468
-0.0894489
-0.0897784
-0.0899158
-0.0898883
-0.0899844
-0.0905062
-0.0912339
-0.0914674
-0.0906572
-0.0890782
-0.087554
-0.0866889
-0.0864967
-0.0867027
-0.0870597
-0.0874029
-0.0876226
-0.0876638
-0.0874029
-0.0867713
-0.0858376
-0.0849725
-0.0846018
-0.084794
-0.0853021
-0.0859337
-0.0866889
-0.0875952
-0.0884328
-0.0888859
-0.0886525
-0.087705
-0.0863182
-0.0849725
-0.0839976
-0.0834758
-0.0832561
-0.0832973
-0.0835582
-0.083874
-0.0839976
-0.0838878
-0.0835994
-0.0831737
-0.0825833
-0.0819105
-0.0814436
-0.0815397
-0.0823773
-0.0836955
-0.0848215
-0.0850686
-0.0843134
-0.0832012
-0.0823636
-0.0818418
-0.0812239
-0.0804
-0.0797547
-0.0796311
-0.0798645
-0.0799469
-0.0796174
-0.0792329
-0.0793702
-0.0803314
-0.081732
-0.0827755
-0.0829403
-0.0825833
-0.0824872
-0.0829128
-0.0832836
-0.0829266
-0.0818418
-0.0805511
-0.079535
-0.0790681
-0.0792466
-0.0799606
-0.0808944
-0.0817732
-0.0824185
-0.0827069
-0.0826382
-0.0824185
-0.0821714
-0.0818006
-0.0811553
-0.0803726
-0.0798233
-0.0796586
-0.079535
-0.0789995
-0.0778872
-0.0765828
-0.0757314
-0.0758687
-0.0768437
-0.0778323
-0.0778186
-0.0765141
-0.0745917
-0.0732049
-0.0731088
-0.0742759
-0.0762258
-0.0784502
-0.0804412
-0.081732
-0.081732
-0.080098
-0.0772968
-0.0745917
-0.0732324
-0.073507
-0.0745643
-0.075347
-0.0754156
-0.0749762
-0.0744819
-0.0741661
-0.07407
-0.0740837
-0.0741935
-0.0744819
-0.0750037
-0.0756628
-0.0762807
-0.0768711
-0.0774341
-0.0778186
-0.0777636
-0.0772144
-0.076418
-0.0755804
-0.0746741
-0.0737267
-0.072944
-0.0725321
-0.0724909
-0.0727243
-0.0730676
-0.0733285
-0.0733285
-0.0731912
-0.0732049
-0.0735344
-0.0739326
-0.0739464
-0.073301
-0.07223
-0.0713237
-0.0710354
-0.0713786
-0.0720515
-0.0726831
-0.0732049
-0.0736443
-0.0739464
-0.0740425
-0.0741112
-0.0743583
-0.0746879
-0.074578
-0.0736855
-0.0722712
-0.0710766
-0.0707333
-0.0711589
-0.0716807
-0.0715846
-0.0707333
-0.069621
-0.0687697
-0.068399
-0.068399
-0.0687285
-0.0693876
-0.0701978
-0.0708157
-0.0710903
-0.0709942
-0.0705822
-0.0699231
-0.0692915
-0.0689757
-0.0692366
-0.0700467
-0.0711864
-0.0722025
-0.0724634
-0.0717082
-0.0703625
-0.0692915
-0.068907
-0.0687834
-0.0682617
-0.0672593
-0.066202
-0.0656115
-0.0656939
-0.0663393
-0.0670396
-0.0671769
-0.0665178
-0.0655429
-0.0649387
-0.0649113
-0.0650898
-0.0651035
-0.0648838
-0.0645405
-0.0641698
-0.0639501
-0.0641423
-0.0649113
-0.0660509
-0.0668748
-0.0666963
-0.0652957
-0.0632498
-0.0616158
-0.0611901
-0.0619865
-0.0633184
-0.0643483
-0.0645405
-0.0639501
-0.0631949
-0.0630713
-0.0637716
-0.0646916
-0.0649936
-0.0644169
-0.0632635
-0.0620552
-0.0612588
-0.0610802
-0.0613686
-0.0616707
-0.061657
-0.0614785
-0.0615883
-0.0620964
-0.0626044
-0.0627829
-0.0627692
-0.0629614
-0.0635793
-0.0643071
-0.0646366
-0.0644581
-0.064211
-0.0643208
-0.0646916
-0.0649113
-0.0648838
-0.0648701
-0.0649662
-0.0648563
-0.0642522
-0.0632498
-0.0623984
-0.0621238
-0.0624671
-0.0629477
-0.0629477
-0.0622886
-0.0614785
-0.0612999
-0.0619316
-0.0628241
-0.0632223
-0.0628241
-0.0618629
-0.0607782
-0.0601053
-0.060174
-0.060888
-0.0616295
-0.0617943
-0.0613961
-0.0609017
-0.0604761
-0.0599955
-0.0593501
-0.058897
-0.0591853
-0.0604211
-0.0622199
-0.0637716
-0.0642796
-0.0635793
-0.0621513
-0.0607782
-0.0599406
-0.0597483
-0.0601603
-0.0608468
-0.0613411
-0.0612313
-0.0605997
-0.0598856
-0.0594462
-0.0595286
-0.0600916
-0.0608468
-0.0612862
-0.0610391
-0.0601328
-0.0589107
-0.057771
-0.0571806
-0.0574689
-0.0586224
-0.0600779
-0.0612038
-0.061657
-0.0615746
-0.061245
-0.0609292
-0.0608056
-0.060888
-0.061094
-0.0613823
-0.0616982
-0.0618767
-0.0616158
-0.060888
-0.0600641
-0.0595835
-0.0594874
-0.0595012
-0.0593089
-0.0587597
-0.0580457
-0.0575788
-0.0577161
-0.0583615
-0.059048
-0.0593638
-0.0593227
-0.0592265
-0.0592815
-0.05946
-0.05946
-0.0589244
-0.0577848
-0.0565764
-0.0559722
-0.0561645
-0.0566451
-0.0569334
-0.0570845
-0.0574415
-0.0582379
-0.05946
-0.0610116
-0.0624259
-0.0630026
-0.0622474
-0.0605173
-0.0588695
-0.0583203
-0.0591716
-0.0608331
-0.0622337
-0.0624396
-0.061245
-0.0593089
-0.0576337
-0.0570158
-0.0576063
-0.0589107
-0.0601465
-0.0606958
-0.0605859
-0.0602701
-0.0601465
-0.0602015
-0.0602564
-0.0602426
-0.0601191
-0.0595835
-0.0583477
-0.0565627
-0.0551072
-0.0548188
-0.0559173
-0.0577024
-0.0589794
-0.0589107
-0.0576612
-0.0562057
-0.0556015
-0.0562057
-0.0576886
-0.0592128
-0.059968
-0.0595973
-0.0585537
-0.0577298
-0.0575101
-0.0575513
-0.0573454
-0.0568098
-0.0562881
-0.0558487
-0.055272
-0.0543794
-0.0533496
-0.0528003
-0.0533221
-0.055066
-0.0574277
-0.0594462
-0.0604074
-0.060174
-0.0590343
-0.0573316
-0.0553269
-0.0533359
-0.0518392
-0.0512487
-0.0516744
-0.0527042
-0.0536517
-0.0539263
-0.0535144
-0.0528141
-0.0522099
-0.0517293
-0.0512624
-0.0508917
-0.050878
-0.0513448
-0.0521824
-0.0529514
-0.0531985
-0.0528278
-0.0522236
-0.0520177
-0.0524159
-0.0529651
-0.053075
-0.0526356
-0.0520314
-0.0514959
-0.0510839
-0.0506995
-0.0504248
-0.0503013
-0.0503836
-0.0506857
-0.0512075
-0.051798
-0.0521412
-0.051949
-0.0512487
-0.0504111
-0.0499992
-0.0502601
-0.0508917
-0.0512624
-0.0510702
-0.050521
-0.0499717
-0.0496696
-0.0496834
-0.0500678
-0.0506857
-0.0512075
-0.051386
-0.0512487
-0.0510016
-0.0508093
-0.0507956
-0.0510565
-0.0517293
-0.0527454
-0.0537478
-0.0541735
-0.0535006
-0.0517018
-0.0494362
-0.0478022
-0.0476237
-0.0489281
-0.0510016
-0.0528003
-0.0536379
-0.0533221
-0.0521275
-0.0506995
-0.049601
-0.0491616
-0.049395
-0.0500678
-0.0506308
-0.0505896
-0.0498893
-0.0489693
-0.0483514
-0.0480631
-0.0478022
-0.0472667
-0.0464153
-0.0455365
-0.0451246
-0.0455228
-0.0464977
-0.047404
-0.0477198
-0.0474314
-0.0467861
-0.0460995
-0.0455777
-0.0453031
-0.0452894
-0.0454267
-0.0456464
-0.0457562
-0.0454404
-0.0445479
-0.0435867
-0.043367
-0.0441771
-0.0453168
-0.0456601
-0.0446303
-0.0424882
-0.0402088
-0.0389044
-0.0392339
-0.041019
