LECROYHDO9204-MSöv,30454,Waveform
Segments,1,SegmentSize,2002
Ampl
-0.0157398
-0.0154103
-0.0158222
-0.0168383
-0.0179368
-0.0183625
-0.0177034
-0.0163028
-0.0150807
-0.0147787
-0.0154103
-0.0164539
-0.0172228
-0.0173052
-0.0168246
-0.0163166
-0.0163303
-0.0169894
-0.017978
-0.0188156
-0.0190903
-0.0185822
-0.0173464
-0.0156437
-0.0139411
-0.0126503
-0.0120599
-0.012307
-0.0132545
-0.0146002
-0.0160007
-0.0173327
-0.0184312
-0.0189529
-0.0184998
-0.017058
-0.0152043
-0.0138999
-0.0138999
-0.0150945
-0.0166461
-0.0175524
-0.0173189
-0.0161243
-0.0145864
-0.0133643
-0.0128563
-0.0131858
-0.0142294
-0.0154515
-0.0161655
-0.0159458
-0.0149572
-0.0138724
-0.013433
-0.0138449
-0.0144628
-0.0144217
-0.0135566
-0.0127327
-0.0129387
-0.0143393
-0.0161518
-0.0174837
-0.0177171
-0.0166736
-0.0146414
-0.0124032
-0.01103
-0.0112223
-0.0128426
-0.0149709
-0.0165363
-0.0168658
-0.0160557
-0.0147237
-0.0136664
-0.0132957
-0.0135154
-0.0140372
-0.01471
-0.0155064
-0.0163715
-0.0170992
-0.0172777
-0.0165363
-0.014861
-0.0128975
-0.0115244
-0.0112086
-0.0118127
-0.0130485
-0.0144766
-0.0156025
-0.0158909
-0.0153416
-0.0145315
-0.0140646
-0.0140646
-0.0143805
-0.014916
-0.0157261
-0.0166598
-0.0172091
-0.0169207
-0.0158222
-0.0146139
-0.0140784
-0.0144766
-0.0152593
-0.0156987
-0.0156437
-0.0155064
-0.0156712
-0.0160282
-0.016193
-0.0157398
-0.0146276
-0.0132682
-0.0123894
-0.0125679
-0.0137488
-0.0151357
-0.0159733
-0.0160145
-0.0155613
-0.0149846
-0.014559
-0.0144217
-0.0145452
-0.0146551
-0.014504
-0.0140234
-0.0134055
-0.0128838
-0.0126915
-0.0129387
-0.0136664
-0.0146688
-0.0155064
-0.0157398
-0.0151494
-0.0139548
-0.0126778
-0.0117715
-0.0113321
-0.0114145
-0.0121011
-0.0133094
-0.0145727
-0.0153416
-0.015424
-0.0151219
-0.0147237
-0.0142981
-0.0138999
-0.0136115
-0.013584
-0.0139136
-0.0145727
-0.0153691
-0.0159321
-0.0159321
-0.0155339
-0.0152593
-0.0155476
-0.016344
-0.0171542
-0.0174288
-0.0170443
-0.0164401
-0.0162616
-0.0166598
-0.0171542
-0.017113
-0.0166049
-0.0162204
-0.0162616
-0.0163715
-0.0159046
-0.0148199
-0.0138037
-0.0136802
-0.0146551
-0.0161106
-0.0169757
-0.0166461
-0.0153691
-0.0138999
-0.0128014
-0.0121285
-0.0116205
-0.0110438
-0.0103709
-0.00984916
-0.00994528
-0.0109889
-0.0127876
-0.014559
-0.0155064
-0.0153004
-0.0141333
-0.0125679
-0.0111536
-0.0102336
-0.00993155
-0.0100414
-0.0103298
-0.0105495
-0.0107692
-0.0111262
-0.0116891
-0.0122247
-0.0124306
-0.0122109
-0.0117853
-0.011442
-0.0113047
-0.0113047
-0.0114832
-0.0118951
-0.0126091
-0.0134605
-0.0142981
-0.0149434
-0.0151082
-0.0145727
-0.0135703
-0.0127464
-0.0127464
-0.0137488
-0.015479
-0.0173601
-0.0186646
-0.0188294
-0.0178133
-0.0160282
-0.0141196
-0.0127053
-0.012307
-0.0129661
-0.0141196
-0.0149984
-0.0152318
-0.0150396
-0.0147924
-0.0146963
-0.0147649
-0.0149984
-0.0154378
-0.0160831
-0.0167697
-0.0170992
-0.016701
-0.0157398
-0.0150121
-0.0153142
-0.0165912
-0.0179094
-0.0183488
-0.0177858
-0.0169482
-0.0166461
-0.0172091
-0.0182389
-0.0189804
-0.0187882
-0.0176485
-0.0160557
-0.0145178
-0.0132408
-0.0123345
-0.0120736
-0.0128151
-0.0146414
-0.0170718
-0.0190765
-0.0197494
-0.0189667
-0.0175524
-0.0164127
-0.0158222
-0.0154378
-0.0149709
-0.0143667
-0.0137076
-0.013076
-0.0126778
-0.0126503
-0.0128975
-0.0131858
-0.013433
-0.0137488
-0.014147
-0.014504
-0.01471
-0.0147649
-0.0148199
-0.0151219
-0.0157124
-0.0162204
-0.0161381
-0.0154652
-0.0147787
-0.0146688
-0.0152593
-0.0161792
-0.0170855
-0.0178819
-0.0185547
-0.0189941
-0.0189529
-0.01839
-0.017621
-0.0172228
-0.0176073
-0.0185685
-0.0193374
-0.0191177
-0.0177858
-0.0159733
-0.0146825
-0.0145178
-0.015479
-0.0171542
-0.018898
-0.0201201
-0.0204771
-0.0199965
-0.0188843
-0.0173876
-0.0157673
-0.0142843
-0.0131858
-0.0127876
-0.0134467
-0.0151082
-0.0170306
-0.018184
-0.0181153
-0.0174837
-0.0173052
-0.0179918
-0.0189667
-0.0192688
-0.0183762
-0.0166049
-0.0149297
-0.014202
-0.0145178
-0.0152867
-0.0159184
-0.0162204
-0.0164264
-0.0165363
-0.016344
-0.0155064
-0.0140646
-0.0125679
-0.0118951
-0.0125679
-0.0143118
-0.0162204
-0.0174013
-0.0174974
-0.0167148
-0.0154927
-0.0143942
-0.0140509
-0.0146825
-0.015836
-0.0164951
-0.0159321
-0.0144766
-0.0134055
-0.0139411
-0.0161655
-0.0188019
-0.0202986
-0.0200102
-0.0184037
-0.0163989
-0.01471
-0.0137626
-0.0137076
-0.0142981
-0.0150121
-0.0155476
-0.0158772
-0.0160831
-0.0162342
-0.0163577
-0.0164264
-0.0161792
-0.0153416
-0.0140097
-0.0127876
-0.0124169
-0.013227
-0.0149022
-0.0165912
-0.0174562
-0.0172365
-0.0164813
-0.0161243
-0.01655
-0.0172365
-0.0174288
-0.0169619
-0.0163577
-0.0162204
-0.016701
-0.0174425
-0.0179643
-0.0181291
-0.0181977
-0.0185135
-0.0190079
-0.0192962
-0.0190079
-0.0181016
-0.0167697
-0.0155201
-0.0150258
-0.0157398
-0.0173739
-0.0190765
-0.0200514
-0.0200789
-0.019461
-0.0185547
-0.0174837
-0.0163303
-0.0153142
-0.0147237
-0.0149297
-0.0160007
-0.0175249
-0.0187195
-0.0189255
-0.0180604
-0.0166873
-0.0156712
-0.0157536
-0.0171542
-0.0192001
-0.0207517
-0.0210401
-0.020175
-0.0188843
-0.018033
-0.0181428
-0.0192138
-0.0209577
-0.023086
-0.0255988
-0.028606
-0.0322447
-0.0367211
-0.0423646
-0.0492989
-0.057057
-0.0647739
-0.0718592
-0.0783541
-0.0847254
-0.0915086
-0.0990607
-0.10745
-0.116486
-0.125782
-0.135078
-0.144305
-0.153793
-0.163913
-0.174816
-0.18624
-0.197596
-0.208443
-0.218756
-0.228601
-0.237979
-0.246808
-0.255061
-0.262805
-0.270248
-0.277717
-0.28553
-0.293508
-0.30106
-0.307541
-0.312677
-0.316645
-0.319968
-0.323181
-0.326436
-0.329374
-0.331516
-0.332821
-0.333644
-0.334221
-0.334468
-0.334235
-0.333425
-0.331942
-0.329676
-0.326793
-0.323827
-0.321108
-0.318623
-0.316055
-0.313199
-0.309944
-0.306361
-0.302681
-0.299385
-0.29679
-0.294744
-0.292629
-0.289828
-0.286203
-0.282235
-0.278678
-0.276138
-0.27471
-0.273982
-0.273186
-0.271717
-0.26941
-0.266609
-0.263794
-0.261446
-0.259812
-0.258741
-0.257944
-0.257258
-0.256791
-0.25664
-0.256915
-0.25778
-0.259345
-0.26135
-0.263039
-0.26378
-0.263547
-0.262929
-0.262654
-0.263203
-0.264604
-0.266485
-0.268325
-0.269781
-0.270948
-0.272005
-0.27287
-0.273323
-0.273447
-0.273722
-0.274669
-0.276509
-0.278953
-0.28148
-0.283457
-0.284487
-0.284597
-0.284157
-0.283663
-0.283443
-0.283567
-0.283896
-0.284322
-0.284954
-0.285983
-0.287315
-0.288551
-0.289169
-0.288894
-0.288029
-0.287288
-0.28726
-0.288057
-0.289059
-0.28943
-0.288702
-0.287178
-0.285654
-0.284858
-0.284885
-0.285297
-0.28564
-0.285736
-0.28553
-0.284967
-0.284075
-0.283196
-0.282715
-0.282784
-0.283237
-0.283869
-0.284569
-0.285201
-0.285585
-0.285613
-0.285366
-0.285022
-0.284693
-0.284322
-0.283828
-0.28299
-0.281713
-0.28023
-0.279187
-0.279118
-0.279846
-0.280518
-0.280312
-0.279049
-0.277401
-0.276344
-0.276605
-0.278157
-0.280189
-0.281589
-0.281521
-0.279955
-0.277717
-0.275905
-0.275136
-0.275232
-0.275589
-0.275864
-0.276289
-0.277113
-0.278308
-0.279489
-0.28034
-0.280669
-0.280381
-0.279461
-0.278308
-0.277635
-0.277855
-0.278596
-0.278912
-0.278033
-0.276138
-0.274298
-0.273612
-0.274271
-0.275507
-0.276303
-0.276385
-0.276221
-0.276276
-0.27655
-0.27655
-0.275891
-0.274655
-0.273323
-0.272582
-0.272856
-0.274037
-0.275424
-0.276262
-0.276179
-0.275314
-0.274161
-0.27309
-0.272335
-0.271978
-0.272019
-0.272403
-0.272774
-0.272692
-0.271868
-0.270536
-0.269286
-0.268696
-0.268984
-0.269739
-0.27022
-0.269712
-0.268147
-0.266046
-0.26422
-0.2633
-0.263327
-0.263876
-0.264274
-0.264178
-0.263698
-0.263258
-0.263217
-0.263643
-0.264261
-0.264824
-0.265236
-0.26551
-0.26562
-0.265538
-0.265291
-0.264947
-0.264371
-0.263423
-0.26216
-0.260842
-0.259771
-0.25907
-0.258837
-0.259153
-0.259894
-0.260691
-0.261144
-0.261199
-0.261199
-0.261391
-0.261583
-0.261212
-0.260004
-0.258192
-0.25631
-0.254855
-0.253976
-0.253729
-0.253949
-0.254209
-0.254168
-0.254058
-0.254484
-0.255679
-0.257134
-0.258027
-0.258054
-0.257601
-0.257134
-0.256612
-0.255679
-0.254319
-0.253001
-0.252356
-0.252644
-0.253619
-0.254772
-0.255486
-0.255308
-0.254251
-0.252836
-0.251724
-0.251175
-0.250941
-0.250681
-0.250282
-0.249843
-0.2495
-0.249211
-0.248964
-0.24869
-0.248401
-0.24803
-0.247522
-0.246918
-0.246465
-0.246424
-0.246767
-0.24711
-0.247014
-0.246479
-0.245916
-0.245641
-0.245531
-0.245216
-0.244556
-0.243664
-0.242909
-0.242565
-0.242703
-0.243225
-0.243911
-0.244447
-0.244611
-0.244227
-0.243252
-0.241948
-0.240739
-0.239792
-0.239146
-0.238844
-0.239037
-0.239641
-0.240121
-0.239998
-0.239339
-0.238666
-0.238336
-0.238171
-0.237732
-0.236853
-0.235727
-0.23478
-0.234491
-0.234986
-0.236002
-0.236867
-0.237018
-0.236263
-0.234835
-0.23316
-0.231732
-0.230853
-0.230523
-0.230523
-0.230592
-0.230509
-0.230125
-0.229631
-0.229411
-0.229644
-0.229946
-0.229795
-0.22915
-0.228628
-0.228875
-0.229892
-0.231114
-0.231786
-0.231677
-0.230963
-0.230001
-0.228958
-0.227942
-0.227186
-0.226953
-0.22731
-0.227901
-0.228093
-0.227557
-0.2265
-0.225511
-0.22499
-0.22499
-0.225305
-0.225855
-0.226596
-0.22753
-0.228505
-0.229219
-0.229397
-0.228903
-0.227818
-0.226321
-0.224468
-0.222326
-0.220101
-0.218357
-0.217698
-0.218316
-0.219634
-0.220705
-0.220788
-0.219978
-0.21914
-0.219209
-0.220362
-0.221969
-0.223081
-0.223191
-0.222394
-0.221035
-0.219401
-0.217643
-0.215886
-0.214238
-0.212796
-0.211519
-0.210448
-0.209693
-0.20935
-0.209405
-0.209679
-0.209844
-0.209611
-0.208938
-0.208073
-0.20729
-0.206686
-0.206082
-0.20523
-0.204173
-0.203226
-0.202869
-0.203308
-0.204489
-0.206109
-0.207592
-0.208306
-0.207826
-0.206205
-0.204049
-0.202182
-0.20118
-0.20107
-0.201482
-0.201894
-0.201907
-0.201413
-0.200644
-0.200136
-0.200191
-0.20074
-0.201441
-0.201935
-0.201976
-0.201413
-0.200246
-0.198818
-0.197802
-0.197706
-0.198516
-0.19971
-0.200795
-0.201523
-0.201825
-0.20155
-0.200575
-0.19901
-0.197321
-0.196017
-0.195358
-0.195371
-0.195948
-0.196854
-0.197761
-0.198063
-0.197294
-0.19566
-0.193998
-0.193092
-0.192996
-0.193106
-0.192941
-0.192543
-0.19235
-0.192721
-0.19349
-0.19419
-0.194396
-0.194053
-0.193504
-0.193092
-0.192872
-0.192666
-0.192227
-0.191472
-0.190483
-0.189508
-0.188822
-0.188423
-0.188176
-0.187984
-0.188053
-0.18867
-0.189714
-0.190648
-0.190909
-0.190318
-0.189165
-0.187984
-0.187284
-0.187215
-0.187503
-0.187476
-0.186652
-0.185251
-0.184016
-0.183741
-0.184496
-0.185636
-0.186336
-0.186103
-0.184991
-0.183535
-0.18245
-0.182121
-0.182327
-0.182505
-0.182395
-0.182244
-0.182368
-0.18256
-0.182244
-0.181146
-0.179608
-0.178139
-0.177136
-0.176958
-0.177905
-0.179745
-0.181503
-0.182052
-0.181063
-0.179169
-0.177329
-0.176106
-0.175612
-0.17564
-0.176024
-0.176793
-0.17796
-0.179237
-0.179924
-0.179553
-0.178262
-0.176697
-0.175365
-0.1745
-0.174033
-0.173649
-0.172893
-0.171589
-0.170257
-0.16968
-0.170188
-0.171273
-0.172166
-0.172536
-0.172509
-0.17233
-0.172124
-0.171918
-0.171699
-0.171452
-0.171095
-0.1706
-0.169955
-0.169145
-0.168376
-0.167978
-0.168293
-0.169158
-0.169982
-0.170065
-0.169227
-0.167909
-0.16681
-0.16633
-0.166234
-0.165987
-0.165273
-0.164243
-0.16335
-0.162966
-0.163295
-0.164325
-0.165781
-0.167113
-0.167923
-0.168184
-0.167936
-0.16714
-0.165781
-0.164147
-0.16287
-0.162609
-0.163584
-0.165245
-0.166591
-0.166742
-0.165684
-0.163996
-0.16243
-0.161455
-0.161332
-0.161895
-0.162568
-0.162705
-0.162087
-0.160947
-0.159656
-0.158366
-0.157281
-0.156663
-0.156691
-0.157185
-0.157638
-0.157569
-0.15702
-0.156388
-0.155922
-0.155317
-0.154164
-0.152599
-0.151445
-0.151432
-0.152448
-0.153477
-0.153601
-0.15286
-0.152132
-0.152146
-0.152873
-0.153656
-0.153986
-0.153862
-0.153642
-0.153628
-0.153931
-0.154411
-0.154809
-0.154741
-0.153958
-0.15264
-0.15128
-0.150415
-0.150209
-0.15047
-0.150855
-0.151129
-0.151184
-0.151129
-0.151061
-0.150992
-0.150896
-0.150717
-0.150443
-0.149921
-0.148946
-0.147422
-0.145664
-0.144195
-0.14333
-0.143042
-0.143097
-0.143289
-0.143509
-0.143687
-0.143811
-0.143907
-0.144072
-0.144401
-0.144827
-0.145046
-0.144689
-0.143728
-0.142657
-0.142053
-0.142232
-0.142932
-0.143536
-0.143509
-0.14263
-0.141161
-0.139623
-0.138538
-0.138222
-0.138771
-0.14009
-0.14171
-0.142863
-0.14285
-0.1416
-0.139705
-0.138057
-0.137371
-0.137961
-0.139568
-0.141449
-0.14274
-0.142959
-0.142177
-0.140735
-0.138991
-0.137343
-0.136162
-0.135723
-0.135943
-0.136478
-0.136931
-0.137124
-0.137247
-0.137481
-0.137824
-0.138071
-0.138167
-0.138222
-0.13825
-0.138016
-0.137192
-0.135805
-0.134254
-0.133073
-0.132579
-0.132633
-0.132977
-0.133444
-0.133979
-0.134597
-0.135119
-0.135352
-0.135339
-0.135242
-0.135133
-0.134803
-0.134171
-0.133416
-0.132963
-0.132963
-0.133238
-0.133416
-0.133196
-0.132524
-0.131535
-0.130574
-0.129956
-0.129722
-0.129544
-0.129008
-0.128171
-0.127457
-0.127388
-0.128102
-0.129324
-0.130546
-0.131233
-0.131219
-0.130752
-0.130148
-0.129558
-0.129022
-0.128597
-0.128185
-0.127553
-0.126606
-0.125548
-0.124903
-0.124985
-0.125713
-0.126647
-0.127278
-0.127127
-0.12607
-0.124491
-0.123214
-0.122788
-0.123118
-0.12364
-0.123818
-0.123516
-0.123035
-0.122706
-0.122582
-0.122486
-0.122266
-0.122019
-0.122047
-0.1225
-0.123173
-0.123571
-0.123502
-0.12309
-0.12261
-0.122115
-0.121456
-0.12055
-0.119575
-0.118875
-0.118738
-0.119204
-0.120069
-0.120852
-0.121044
-0.120372
-0.119053
-0.11768
-0.116939
-0.117255
-0.118326
-0.119328
-0.119452
-0.118765
-0.118092
-0.118175
-0.118943
-0.119465
-0.118971
-0.117557
-0.116005
-0.115126
-0.115236
-0.115991
-0.11676
-0.117104
-0.117021
-0.116856
-0.116952
-0.117337
-0.117831
-0.118037
-0.117694
-0.116829
-0.11584
-0.115195
-0.115044
-0.115112
-0.115181
-0.115195
-0.115236
-0.115154
-0.114673
-0.113698
-0.112572
-0.111803
-0.111611
-0.111735
-0.111844
-0.111844
-0.111831
-0.111748
-0.11146
-0.111089
-0.111007
-0.111419
-0.11205
-0.11238
-0.112188
-0.111748
-0.11146
-0.11135
-0.111144
-0.11054
-0.109675
-0.109057
-0.109071
-0.10962
-0.110224
-0.110348
-0.10984
-0.10892
-0.108013
-0.107656
-0.108123
-0.109167
-0.110087
-0.110156
-0.109414
-0.108535
-0.108206
-0.108412
-0.10859
-0.108233
-0.107382
-0.106503
-0.106036
-0.106201
-0.106874
-0.107753
-0.108302
-0.108096
-0.107203
-0.106311
-0.106091
-0.106517
-0.106942
-0.106805
-0.106173
-0.105665
-0.105871
-0.106805
-0.107753
-0.107588
-0.105734
-0.102686
-0.0999807
-0.0989646
-0.099761
-0.101285
-0.102274
-0.102109
-0.101011
-0.0998022
-0.0992804
-0.0997473
-0.100832
-0.101821
-0.102164
-0.101807
-0.100942
-0.0997198
-0.0982918
-0.0969736
-0.0962321
-0.0962733
-0.0969324
-0.0978661
-0.0987586
-0.0993491
-0.0995551
-0.0994727
-0.0993765
-0.0995139
-0.0998983
-0.100242
-0.10031
-0.100036
-0.0997061
-0.0995276
-0.0994315
-0.0991431
-0.09869
-0.0985252
-0.0990333
-0.099967
-0.100516
-0.0999121
-0.0982369
-0.0964793
-0.0958751
-0.0968363
-0.0986213
-0.0999121
-0.100036
-0.0992667
-0.0984154
-0.0979073
-0.0976052
-0.0970011
-0.0958064
-0.0943372
-0.0933486
-0.0933348
-0.0941312
-0.0951473
-0.0959163
-0.096287
-0.0963969
-0.096493
-0.0968363
-0.0972894
-0.0973855
-0.0967264
-0.0953808
-0.0939527
-0.0932662
-0.093733
-0.0951611
-0.096644
-0.0972894
-0.0968225
-0.0958064
-0.0950787
-0.0950238
-0.0954357
-0.0958614
-0.0960261
-0.0958064
-0.0952847
-0.0947354
-0.0945706
-0.0949139
-0.0954632
-0.0957378
-0.0953533
-0.0943372
-0.0931014
-0.0922226
-0.0919342
-0.0920029
-0.0919617
-0.0916871
-0.0913713
-0.0913713
-0.0918656
-0.0927993
-0.0937468
-0.0939527
-0.0929641
-0.0911241
-0.0894489
-0.0888585
-0.0892979
-0.0899158
-0.0899295
-0.0892979
-0.0885838
-0.0883779
-0.0886799
-0.089188
-0.0896549
-0.090108
-0.0905749
-0.0908495
-0.0905749
-0.0896274
-0.088117
-0.0863182
-0.0846292
-0.0836955
-0.0840663
-0.0856179
-0.0873068
-0.0879385
-0.0871695
-0.0857277
-0.0847391
-0.0848078
-0.0855904
-0.0863182
-0.0862358
-0.0851373
-0.0833934
-0.0819242
-0.0816084
-0.0826245
-0.0842722
-0.0853433
-0.0850824
-0.0837779
-0.0823911
-0.081732
-0.0818418
-0.0822263
-0.0825009
-0.082597
-0.0825833
-0.0824323
-0.0819791
-0.0812651
-0.0806609
-0.0806472
-0.0812926
-0.0822675
-0.0831463
-0.0836543
-0.0834896
-0.0823773
-0.080455
-0.0786424
-0.0780932
-0.0791642
-0.0810042
-0.0825009
-0.0831188
-0.0830227
-0.0824734
-0.0815535
-0.0803176
-0.0791642
-0.0786699
-0.0791917
-0.0804962
-0.0818143
-0.0823361
-0.081732
-0.0804138
-0.0790956
-0.0783678
-0.0783404
-0.0787111
-0.0791093
-0.0792741
-0.0792466
-0.0791093
-0.0789857
-0.0789033
-0.0789308
-0.0792054
-0.079892
-0.0808394
-0.0815397
-0.0814436
-0.0804275
-0.0789171
-0.0775302
-0.0767063
-0.0765828
-0.0770908
-0.0780245
-0.0789857
-0.0793977
-0.0789171
-0.0778735
-0.0768711
-0.076212
-0.0757864
-0.0755667
-0.0756628
-0.0760472
-0.0763081
-0.0760747
-0.0754705
-0.075141
-0.0756628
-0.0770496
-0.0785601
-0.0792192
-0.0785463
-0.0770634
-0.075855
-0.0757314
-0.076624
-0.0779833
-0.0792054
-0.0799057
-0.0797135
-0.0784639
-0.0764455
-0.0745368
-0.0737541
-0.074578
-0.0764866
-0.0783129
-0.0790681
-0.0785875
-0.077489
-0.076569
-0.0762944
-0.076569
-0.0769123
-0.0767063
-0.0757177
-0.0743308
-0.0731912
-0.0727243
-0.0728067
-0.07315
-0.0736031
-0.0740837
-0.074427
-0.0744819
-0.0742897
-0.0741798
-0.0742622
-0.0743583
-0.0740013
-0.0729852
-0.0716121
-0.0705136
-0.0701703
-0.0706372
-0.0715434
-0.0725183
-0.07315
-0.0729989
-0.0719416
-0.0704861
-0.0695661
-0.0696073
-0.0702527
-0.0709118
-0.0715022
-0.0722849
-0.0733285
-0.0742897
-0.0747016
-0.074372
-0.0734658
-0.0723536
-0.0715022
-0.071104
-0.0710491
-0.0711177
-0.0712413
-0.0716395
-0.0724497
-0.0734246
-0.0740425
-0.0739601
-0.0732598
-0.072381
-0.0716945
-0.0712688
-0.0710354
-0.0711315
-0.0718043
-0.0729852
-0.0741112
-0.0744407
-0.0735756
-0.0717494
-0.0697172
-0.0682891
-0.0678085
-0.0679458
-0.0680282
-0.067685
-0.0669984
-0.066353
-0.0661059
-0.0664217
-0.0670533
-0.0676163
-0.0678909
-0.0680008
-0.0682067
-0.0684951
-0.0686736
-0.0687423
-0.068962
-0.0694288
-0.0697034
-0.069319
-0.0682205
-0.066916
-0.0659274
-0.0656115
-0.0658724
-0.066408
-0.066765
-0.0667787
-0.0666963
-0.0669435
-0.0676163
-0.068344
-0.06855
-0.0679184
-0.0665315
-0.0649387
-0.0637441
-0.0633322
-0.0635656
-0.0639089
-0.0639363
-0.0635793
-0.063085
-0.0627555
-0.062728
-0.0629752
-0.0634969
-0.0641972
-0.0648014
-0.0648426
-0.0641286
-0.063085
-0.0624396
-0.0625632
-0.0630438
-0.063085
-0.0622337
-0.0607919
-0.0595286
-0.0590068
-0.0592677
-0.059817
-0.0601877
-0.0602701
-0.0602564
-0.0602838
-0.060174
-0.059611
-0.0585537
-0.0573454
-0.0564803
-0.0563155
-0.057057
-0.0586636
-0.0608331
-0.0628516
-0.0639226
-0.0636342
-0.0623298
-0.0608743
-0.0601328
-0.06038
-0.0611764
-0.0617805
-0.0616295
-0.0605585
-0.058897
-0.0574964
-0.0572081
-0.0581692
-0.0595835
-0.0604349
-0.0602289
-0.0592952
-0.0582242
-0.0574827
-0.0572355
-0.0574552
-0.057977
-0.0587048
-0.0596385
-0.0606546
-0.0613686
-0.0613961
-0.0606271
-0.0594188
-0.0583752
-0.0579495
-0.0583065
-0.0592403
-0.0602564
-0.060737
-0.0601877
-0.0586086
-0.0565215
-0.0548737
-0.0542696
-0.0545991
-0.055272
-0.055931
-0.0566039
-0.0573866
-0.0579633
-0.0579633
-0.0573454
-0.0563704
-0.0553818
-0.0547364
-0.0548051
-0.0556839
-0.0569884
-0.058128
-0.0587459
-0.0588421
-0.0584713
-0.0577298
-0.0566588
-0.0554093
-0.0541872
-0.0533084
-0.0531711
-0.0539675
-0.0553406
-0.0567412
-0.0577298
-0.0581555
-0.0581143
-0.0577573
-0.0573591
-0.0570845
-0.0567824
-0.0562881
-0.0555603
-0.0547776
-0.0540499
-0.0533084
-0.0524296
-0.0514684
-0.0509054
-0.0513586
-0.0529514
-0.0549561
-0.0562606
-0.0563018
-0.0554367
-0.0543382
-0.0533633
-0.052663
-0.0523472
-0.0526218
-0.0534457
-0.0544343
-0.0549836
-0.0546129
-0.0533496
-0.0518666
-0.0510839
-0.0514821
-0.052718
-0.0540636
-0.0549149
-0.0550111
-0.0543794
-0.0534182
-0.0525944
-0.0521275
-0.0518941
-0.0516881
-0.0514684
-0.0512899
-0.0510839
-0.0507407
-0.0502463
-0.0498344
-0.0499305
-0.0508505
-0.0525669
-0.0545854
-0.0561507
-0.0566863
-0.0559997
-0.0545167
-0.0530338
-0.0522511
-0.0522786
-0.0525394
-0.0523335
-0.0513998
-0.0498893
-0.0481729
-0.046635
-0.0457562
-0.0458524
-0.0470058
-0.0488046
-0.0507132
-0.0521275
-0.0526768
-0.0523747
-0.0516057
-0.0510153
-0.0509466
-0.051235
-0.0514135
-0.0512213
-0.0509192
-0.0508368
-0.0509466
-0.0509054
-0.050466
-0.0497383
-0.0492165
-0.049395
-0.0503836
-0.0517705
-0.0530063
-0.0536517
-0.0536654
-0.0532123
-0.0524983
-0.0516195
-0.0506308
-0.0497383
-0.0492577
-0.049244
-0.0494637
-0.0495186
-0.0493538
-0.049189
-0.049244
-0.0495049
-0.0498481
-0.0501777
-0.050466
-0.0506445
-0.0507269
-0.0506857
-0.0503425
-0.0495872
-0.0485162
-0.0475413
-0.0470332
-0.0468135
-0.0464016
-0.0455915
-0.0449598
-0.0454404
-0.0473216
-0.0498069
-0.0514821
-0.0513586
-0.0496284
-0.0472804
-0.0451933
-0.0437103
-0.0427354
-0.0421999
-0.0420625
-0.042296
-0.0428452
-0.0436966
-0.0447676
-0.0457425
-0.0463879
-0.0467174
-0.0467998
-0.0464977
-0.0457013
-0.044493
-0.0432297
-0.0422822
-0.0419252
-0.0421587
-0.0425431
-0.0426255
-0.0423097
-0.04209
-0.0425157
-0.0436554
-0.045001
-0.0459073
-0.0460446
-0.0455228
-0.0447813
-0.0442733
-0.0443007
-0.04485
-0.045715
-0.0465389
-0.047047
-0.0471294
-0.0469646
-0.0468135
-0.0467723
-0.0467037
-0.0464565
-0.0460034
-0.0455365
-0.0453855
-0.0458112
-0.0468273
-0.0480356
