LECROYHDO9204-MSöv,30454,Waveform
Segments,1,SegmentSize,2002
Ampl
-0.0160007
-0.0164401
-0.0161381
-0.0152043
-0.0142294
-0.0138312
-0.0141882
-0.0149846
-0.015836
-0.0164127
-0.0165225
-0.0161381
-0.0155339
-0.0149984
-0.0145315
-0.0139823
-0.013433
-0.013227
-0.0135566
-0.014202
-0.0149022
-0.01563
-0.0164264
-0.0171816
-0.0176759
-0.0177583
-0.0174974
-0.017058
-0.0165912
-0.0161243
-0.0156437
-0.0151631
-0.0148473
-0.0147237
-0.0146688
-0.0144491
-0.0141058
-0.0137351
-0.0133506
-0.0127876
-0.0121285
-0.0117853
-0.0120736
-0.0130211
-0.0143805
-0.0157124
-0.0164539
-0.0162891
-0.0153828
-0.0142981
-0.0135566
-0.013227
-0.0130348
-0.012719
-0.012362
-0.0124581
-0.0133781
-0.0147512
-0.0155888
-0.0151219
-0.0137214
-0.0126091
-0.0127464
-0.013996
-0.0153142
-0.0156987
-0.0148336
-0.0132545
-0.0119363
-0.0115793
-0.0122109
-0.0131858
-0.0138999
-0.0141882
-0.0142706
-0.0145452
-0.0151906
-0.015987
-0.0164539
-0.0163166
-0.0159321
-0.0158222
-0.0161381
-0.0164813
-0.0165088
-0.0162754
-0.0160694
-0.0162067
-0.0168383
-0.0178133
-0.0187195
-0.0190353
-0.0184724
-0.0172228
-0.0158634
-0.0148336
-0.014353
-0.0143118
-0.0144079
-0.0144217
-0.0143393
-0.014202
-0.0140646
-0.0140097
-0.0143393
-0.0151357
-0.0161243
-0.0168109
-0.0171816
-0.017621
-0.0183076
-0.018898
-0.018898
-0.0182389
-0.0173189
-0.0166049
-0.0162342
-0.0160145
-0.0157124
-0.0153416
-0.0150258
-0.0147924
-0.0144903
-0.0140784
-0.01379
-0.0139548
-0.0146276
-0.0155064
-0.0161792
-0.0164127
-0.0163028
-0.0160831
-0.0159595
-0.0159595
-0.0159595
-0.015781
-0.0153966
-0.0149297
-0.0146002
-0.0145452
-0.0146963
-0.0147787
-0.0143942
-0.0134193
-0.0121972
-0.0113459
-0.011236
-0.0116617
-0.0122933
-0.0129387
-0.0135978
-0.0142706
-0.0149022
-0.0153966
-0.0157124
-0.015836
-0.0160007
-0.0163303
-0.0167148
-0.0167422
-0.0162479
-0.0154927
-0.0148336
-0.0143393
-0.013996
-0.0138724
-0.0141196
-0.0146414
-0.0150533
-0.0149984
-0.0144217
-0.0137076
-0.0134055
-0.0137076
-0.0144217
-0.0151631
-0.0158085
-0.0164676
-0.0171954
-0.0178682
-0.0182389
-0.0180604
-0.0172503
-0.0160145
-0.0148885
-0.0144217
-0.0146551
-0.0149846
-0.0146688
-0.0135017
-0.0121148
-0.0113047
-0.0114969
-0.0125267
-0.0138312
-0.014861
-0.0152867
-0.0150533
-0.0143255
-0.0133918
-0.0125954
-0.0121972
-0.0121835
-0.0123482
-0.0127053
-0.0132682
-0.0138861
-0.0142431
-0.0143393
-0.0144766
-0.0148473
-0.0152181
-0.0152455
-0.0148473
-0.0142706
-0.0138449
-0.0136664
-0.0135154
-0.0130623
-0.0122796
-0.0115244
-0.0112909
-0.0117853
-0.0128288
-0.0142157
-0.0157261
-0.0170855
-0.0181291
-0.0187882
-0.0191177
-0.0190216
-0.018335
-0.0171816
-0.0159458
-0.0151219
-0.0148199
-0.0146963
-0.0144766
-0.0142157
-0.0143393
-0.0150807
-0.0160969
-0.0166049
-0.0161381
-0.0151357
-0.0145452
-0.0149434
-0.0161518
-0.0174562
-0.0182252
-0.0180604
-0.0169345
-0.015273
-0.0138587
-0.0132545
-0.0133781
-0.0137763
-0.0141333
-0.0143118
-0.0141333
-0.0135017
-0.0125954
-0.0118539
-0.0115244
-0.0114145
-0.0111674
-0.0107692
-0.0105495
-0.010879
-0.0116479
-0.0124169
-0.01287
-0.0131172
-0.0134193
-0.0138312
-0.014202
-0.0144628
-0.0146139
-0.0145727
-0.0141196
-0.0132682
-0.0124169
-0.0119775
-0.0121011
-0.0125405
-0.012925
-0.013076
-0.0131172
-0.0133094
-0.0136527
-0.013996
-0.0143118
-0.0149297
-0.0161518
-0.0177583
-0.0190765
-0.0195434
-0.0191315
-0.0181153
-0.0168383
-0.0155751
-0.014559
-0.0140372
-0.0141745
-0.0148473
-0.0156437
-0.0160969
-0.015987
-0.0156987
-0.0158634
-0.0167697
-0.0179368
-0.0185135
-0.0180741
-0.0170031
-0.0160694
-0.0157536
-0.0158634
-0.0159046
-0.0156163
-0.0150396
-0.0144354
-0.0139685
-0.0137076
-0.0135429
-0.0133781
-0.0133094
-0.0136252
-0.014504
-0.015781
-0.0169894
-0.017621
-0.0175936
-0.017113
-0.0163852
-0.0154515
-0.0144628
-0.0137076
-0.0134467
-0.0136802
-0.0141745
-0.0147237
-0.015273
-0.0159595
-0.0168658
-0.0177446
-0.0180467
-0.0174425
-0.0162067
-0.0150807
-0.0146414
-0.0148199
-0.0152318
-0.0155476
-0.01563
-0.015424
-0.0149434
-0.0143805
-0.0140509
-0.0141745
-0.0148336
-0.0157124
-0.016193
-0.0157398
-0.014559
-0.0135017
-0.0133918
-0.0143805
-0.0160007
-0.0174425
-0.0179643
-0.0173601
-0.0160694
-0.014861
-0.0144354
-0.0150258
-0.0164264
-0.0179506
-0.0188568
-0.0187607
-0.0178819
-0.0168521
-0.0162342
-0.0161518
-0.0162754
-0.0161243
-0.0153828
-0.0141745
-0.0131172
-0.0128563
-0.0134879
-0.014504
-0.0151769
-0.0151906
-0.0146688
-0.0140372
-0.0137626
-0.0140646
-0.014861
-0.0157398
-0.0164813
-0.017113
-0.0178544
-0.0187607
-0.0195846
-0.0197905
-0.0188568
-0.0168383
-0.0145727
-0.0131721
-0.0131858
-0.0144217
-0.0161792
-0.0176759
-0.0182801
-0.0177583
-0.0164951
-0.0152318
-0.014559
-0.0146414
-0.0153004
-0.0160694
-0.0163715
-0.0158772
-0.014916
-0.0142981
-0.0146414
-0.0158222
-0.0170992
-0.017621
-0.0170306
-0.0156987
-0.0144766
-0.0140234
-0.0142294
-0.0143118
-0.0137488
-0.0129112
-0.0127327
-0.0137351
-0.0153966
-0.0167697
-0.0174288
-0.0177721
-0.0184312
-0.0196532
-0.0213422
-0.0234019
-0.0259559
-0.0290591
-0.0323683
-0.0354716
-0.0383551
-0.0414721
-0.0454404
-0.050672
-0.0574827
-0.0657077
-0.0748252
-0.0840525
-0.093019
-0.101807
-0.110705
-0.119836
-0.12942
-0.139842
-0.151692
-0.165163
-0.179677
-0.194204
-0.207949
-0.220815
-0.233187
-0.245518
-0.258082
-0.270811
-0.283306
-0.295115
-0.306072
-0.316384
-0.326394
-0.336102
-0.345357
-0.354063
-0.362219
-0.369799
-0.376774
-0.383214
-0.38927
-0.39505
-0.40057
-0.405678
-0.410045
-0.413203
-0.414974
-0.415675
-0.415757
-0.415414
-0.414686
-0.413656
-0.412461
-0.4108
-0.408177
-0.404484
-0.400406
-0.396794
-0.393801
-0.390725
-0.386963
-0.382569
-0.378257
-0.374591
-0.371391
-0.367945
-0.363743
-0.358965
-0.3542
-0.349943
-0.34625
-0.342995
-0.340016
-0.337201
-0.334537
-0.332244
-0.330514
-0.329264
-0.328042
-0.326518
-0.32476
-0.323264
-0.322481
-0.322412
-0.322536
-0.322234
-0.321369
-0.32049
-0.320353
-0.321273
-0.322824
-0.324211
-0.324966
-0.325227
-0.325639
-0.326861
-0.329017
-0.331667
-0.334125
-0.335965
-0.336995
-0.337324
-0.337352
-0.337819
-0.339329
-0.341842
-0.344561
-0.346634
-0.347856
-0.348529
-0.349023
-0.349724
-0.351014
-0.353198
-0.355916
-0.358182
-0.35913
-0.358608
-0.357441
-0.356658
-0.356823
-0.357811
-0.359088
-0.360077
-0.360269
-0.3595
-0.358196
-0.357262
-0.357207
-0.357688
-0.357825
-0.357084
-0.355779
-0.354626
-0.354228
-0.354722
-0.35582
-0.356891
-0.357111
-0.356081
-0.354241
-0.35258
-0.352017
-0.352621
-0.353719
-0.354461
-0.354392
-0.353555
-0.35225
-0.350685
-0.349133
-0.347952
-0.347376
-0.34728
-0.347238
-0.347074
-0.346854
-0.346662
-0.346428
-0.346154
-0.346085
-0.346442
-0.347115
-0.347691
-0.347884
-0.347691
-0.347376
-0.34717
-0.347142
-0.346936
-0.346112
-0.344629
-0.343133
-0.342446
-0.342872
-0.344039
-0.345206
-0.345851
-0.345906
-0.345742
-0.345714
-0.345783
-0.345714
-0.345371
-0.344945
-0.344684
-0.344739
-0.344945
-0.345028
-0.344712
-0.344053
-0.343531
-0.343709
-0.344753
-0.346195
-0.347225
-0.347321
-0.346442
-0.344931
-0.343064
-0.341032
-0.339151
-0.337846
-0.337462
-0.338011
-0.339055
-0.340043
-0.340634
-0.340661
-0.340057
-0.338986
-0.337942
-0.337338
-0.337105
-0.336844
-0.336446
-0.336198
-0.336253
-0.336432
-0.336363
-0.335869
-0.335182
-0.33477
-0.334949
-0.335608
-0.33613
-0.336089
-0.335526
-0.334784
-0.33396
-0.332875
-0.331434
-0.329951
-0.329003
-0.328811
-0.329182
-0.329731
-0.330157
-0.330376
-0.330486
-0.33061
-0.33072
-0.330624
-0.330074
-0.329003
-0.327479
-0.325831
-0.324527
-0.323854
-0.323593
-0.323319
-0.322934
-0.322687
-0.322742
-0.322989
-0.323209
-0.323209
-0.322756
-0.321657
-0.320078
-0.31865
-0.31795
-0.318169
-0.319021
-0.319941
-0.320188
-0.319295
-0.317359
-0.315121
-0.313446
-0.312842
-0.31335
-0.314654
-0.31622
-0.317497
-0.318005
-0.31751
-0.316014
-0.313981
-0.312032
-0.310672
-0.310041
-0.309986
-0.310343
-0.310961
-0.31162
-0.312032
-0.311826
-0.310782
-0.309189
-0.307802
-0.30739
-0.30783
-0.308228
-0.307885
-0.307006
-0.306319
-0.306264
-0.306594
-0.306882
-0.306841
-0.306251
-0.305084
-0.303683
-0.302681
-0.30242
-0.302626
-0.302681
-0.302186
-0.301225
-0.30025
-0.299811
-0.300223
-0.301198
-0.302049
-0.302173
-0.3015
-0.300401
-0.299426
-0.299028
-0.299207
-0.299509
-0.299468
-0.299275
-0.299371
-0.29977
-0.299838
-0.299165
-0.298039
-0.297202
-0.297037
-0.297367
-0.297641
-0.297243
-0.29598
-0.294373
-0.293234
-0.293124
-0.29392
-0.295183
-0.296309
-0.296831
-0.296502
-0.295527
-0.294401
-0.293426
-0.292684
-0.292066
-0.291531
-0.291037
-0.290597
-0.290281
-0.290185
-0.290268
-0.290377
-0.290487
-0.29068
-0.291023
-0.291503
-0.291833
-0.291558
-0.290391
-0.288606
-0.286972
-0.286148
-0.285956
-0.285585
-0.284418
-0.28288
-0.281892
-0.282001
-0.282853
-0.283594
-0.283443
-0.282098
-0.279846
-0.27758
-0.276166
-0.275877
-0.27633
-0.27699
-0.277456
-0.277525
-0.277141
-0.27655
-0.276289
-0.276701
-0.277539
-0.277937
-0.277223
-0.275658
-0.274298
-0.27401
-0.27471
-0.27541
-0.275081
-0.273433
-0.271044
-0.268902
-0.267927
-0.268517
-0.27033
-0.27239
-0.273447
-0.27276
-0.270508
-0.267584
-0.264961
-0.2633
-0.262764
-0.263231
-0.264288
-0.265428
-0.266018
-0.265785
-0.265016
-0.264357
-0.264288
-0.264535
-0.264371
-0.263258
-0.261405
-0.259592
-0.2587
-0.259084
-0.260279
-0.261377
-0.261638
-0.260952
-0.259812
-0.258947
-0.258809
-0.259441
-0.26054
-0.261583
-0.262036
-0.261487
-0.260018
-0.258329
-0.257189
-0.256763
-0.25664
-0.256448
-0.256228
-0.256159
-0.256269
-0.256406
-0.256393
-0.256146
-0.255528
-0.254443
-0.25307
-0.251903
-0.251381
-0.25145
-0.251559
-0.251093
-0.250008
-0.248854
-0.248291
-0.24847
-0.248964
-0.24917
-0.248896
-0.248456
-0.248085
-0.247605
-0.246726
-0.245518
-0.244598
-0.244639
-0.245737
-0.247248
-0.24814
-0.247797
-0.246465
-0.244927
-0.243691
-0.242895
-0.242469
-0.242305
-0.242153
-0.241824
-0.241398
-0.241179
-0.241412
-0.242016
-0.242565
-0.242703
-0.242222
-0.241165
-0.239709
-0.238405
-0.237842
-0.238171
-0.238748
-0.238762
-0.237897
-0.23662
-0.235727
-0.235727
-0.236469
-0.23743
-0.237965
-0.237718
-0.236757
-0.235384
-0.234107
-0.233283
-0.233063
-0.23316
-0.233077
-0.232528
-0.231567
-0.23066
-0.230111
-0.229919
-0.229699
-0.229191
-0.228422
-0.227818
-0.227653
-0.227832
-0.228079
-0.228422
-0.228889
-0.229287
-0.229397
-0.229219
-0.229081
-0.229136
-0.229081
-0.228395
-0.226939
-0.225182
-0.223836
-0.223287
-0.223397
-0.223754
-0.223987
-0.223973
-0.223822
-0.223836
-0.224207
-0.224729
-0.22477
-0.223795
-0.221955
-0.220046
-0.218879
-0.21855
-0.218577
-0.218605
-0.218522
-0.21844
-0.218247
-0.217959
-0.217657
-0.217424
-0.217108
-0.216517
-0.21568
-0.214842
-0.214307
-0.214128
-0.214046
-0.213744
-0.213002
-0.211972
-0.211094
-0.210709
-0.21097
-0.211684
-0.212549
-0.213249
-0.213565
-0.213469
-0.212947
-0.212027
-0.210819
-0.209583
-0.208581
-0.207922
-0.207592
-0.207674
-0.208402
-0.209803
-0.211272
-0.212041
-0.211725
-0.210778
-0.209885
-0.20946
-0.209267
-0.208883
-0.2081
-0.207153
-0.206466
-0.206274
-0.206452
-0.206603
-0.206343
-0.20556
-0.204297
-0.202882
-0.201605
-0.200672
-0.200109
-0.199861
-0.199834
-0.199971
-0.200054
-0.199916
-0.199491
-0.199038
-0.198859
-0.199106
-0.199683
-0.200369
-0.201015
-0.201482
-0.201633
-0.201413
-0.200932
-0.200205
-0.199079
-0.197568
-0.196017
-0.195069
-0.195152
-0.196099
-0.197156
-0.197513
-0.196744
-0.195014
-0.192955
-0.191211
-0.190236
-0.190126
-0.190579
-0.191019
-0.191019
-0.190552
-0.189851
-0.189233
-0.189014
-0.189343
-0.190153
-0.191046
-0.191513
-0.19117
-0.190181
-0.189179
-0.188739
-0.18878
-0.188712
-0.188149
-0.18738
-0.187133
-0.187737
-0.188794
-0.189522
-0.189426
-0.188616
-0.187558
-0.186666
-0.186007
-0.185389
-0.184537
-0.183343
-0.182011
-0.180871
-0.180157
-0.179883
-0.179814
-0.179567
-0.178976
-0.178235
-0.177754
-0.177686
-0.177878
-0.178125
-0.178372
-0.178564
-0.178551
-0.178029
-0.176958
-0.175695
-0.174692
-0.174184
-0.174129
-0.174459
-0.175063
-0.175653
-0.175887
-0.175667
-0.175255
-0.174871
-0.174486
-0.173855
-0.172962
-0.172069
-0.171548
-0.171493
-0.171822
-0.172358
-0.172852
-0.173072
-0.172756
-0.171877
-0.170847
-0.17023
-0.170312
-0.170738
-0.170944
-0.170806
-0.170875
-0.171616
-0.172797
-0.173539
-0.17325
-0.172138
-0.170916
-0.170188
-0.170133
-0.170463
-0.170683
-0.170422
-0.169653
-0.168609
-0.167579
-0.16681
-0.166481
-0.166577
-0.166714
-0.16644
-0.165767
-0.16519
-0.165149
-0.165396
-0.165273
-0.164407
-0.163076
-0.162059
-0.16195
-0.162636
-0.163584
-0.164325
-0.16471
-0.16471
-0.164298
-0.163515
-0.162636
-0.161936
-0.161551
-0.161428
-0.161442
-0.161359
-0.161043
-0.160576
-0.160371
-0.160714
-0.161373
-0.161648
-0.161126
-0.160082
-0.159203
-0.158942
-0.159094
-0.159176
-0.158915
-0.158434
-0.158091
-0.157995
-0.157968
-0.157844
-0.157693
-0.15783
-0.158366
-0.15897
-0.159052
-0.158311
-0.156814
-0.155002
-0.153313
-0.152036
-0.15128
-0.151061
-0.151418
-0.152146
-0.152791
-0.152846
-0.152269
-0.151404
-0.150717
-0.15036
-0.150223
-0.150113
-0.149935
-0.149811
-0.149852
-0.150031
-0.150155
-0.150003
-0.149454
-0.148672
-0.148191
-0.148466
-0.149454
-0.150553
-0.150965
-0.150278
-0.148823
-0.147257
-0.146035
-0.145225
-0.144758
-0.144689
-0.145101
-0.145802
-0.146227
-0.145747
-0.144319
-0.142616
-0.141586
-0.141641
-0.142328
-0.142891
-0.142973
-0.142671
-0.142177
-0.141669
-0.141421
-0.141737
-0.14252
-0.143083
-0.142644
-0.141106
-0.139115
-0.137522
-0.136794
-0.13689
-0.137261
-0.137371
-0.137165
-0.137192
-0.13792
-0.139224
-0.140419
-0.140721
-0.139829
-0.138222
-0.136931
-0.136794
-0.137728
-0.138854
-0.139073
-0.137975
-0.13586
-0.133595
-0.132057
-0.131892
-0.133087
-0.135009
-0.13667
-0.137151
-0.136094
-0.133979
-0.131865
-0.130794
-0.131137
-0.132551
-0.13424
-0.135407
-0.135668
-0.135023
-0.133924
-0.133073
-0.132936
-0.133526
-0.134405
-0.135119
-0.13538
-0.135146
-0.134473
-0.133416
-0.132071
-0.130835
-0.130244
-0.130642
-0.131947
-0.133663
-0.135146
-0.135929
-0.135943
-0.135448
-0.134789
-0.134075
-0.133155
-0.131988
-0.130862
-0.130121
-0.129832
-0.12986
-0.130189
-0.130931
-0.131919
-0.13262
-0.132496
-0.131384
-0.129571
-0.127635
-0.126194
-0.125672
-0.126015
-0.126674
-0.127059
-0.126949
-0.126523
-0.126097
-0.12585
-0.125699
-0.125356
-0.124669
-0.123873
-0.123392
-0.123489
-0.123997
-0.124614
-0.12504
-0.125205
-0.125164
-0.124889
-0.12423
-0.123077
-0.121594
-0.120385
-0.120083
-0.120907
-0.122445
-0.123887
-0.124505
-0.124024
-0.122761
-0.121443
-0.120866
-0.121305
-0.122363
-0.12331
-0.123612
-0.123269
-0.122665
-0.122184
-0.121909
-0.121731
-0.121456
-0.12088
-0.120111
-0.119589
-0.119685
-0.120399
-0.121195
-0.12136
-0.120468
-0.118834
-0.117158
-0.116129
-0.115991
-0.116637
-0.117653
-0.118518
-0.118806
-0.118586
-0.118326
-0.118367
-0.118683
-0.118998
-0.119149
-0.119095
-0.118779
-0.118175
-0.117241
-0.11606
-0.114838
-0.113973
-0.113822
-0.114398
-0.115291
-0.116101
-0.116554
-0.116637
-0.116403
-0.115991
-0.115648
-0.115524
-0.115717
-0.116032
-0.116156
-0.115717
-0.114714
-0.113602
-0.11308
-0.113369
-0.114014
-0.114275
-0.113918
-0.113245
-0.112737
-0.112627
-0.112751
-0.112737
-0.11238
-0.111831
-0.111419
-0.111323
-0.111378
-0.111185
-0.110513
-0.109551
-0.108769
-0.108467
-0.108535
-0.108755
-0.109126
-0.109908
-0.111048
-0.111996
-0.112243
-0.111693
-0.11054
-0.108988
-0.107423
-0.106517
-0.106778
-0.107945
-0.109085
-0.109181
-0.107904
-0.105748
-0.103771
-0.102947
-0.103606
-0.105295
-0.10686
-0.10719
-0.105858
-0.103578
-0.10178
-0.10178
-0.103771
-0.106668
-0.108837
-0.109332
-0.108219
-0.106338
-0.104539
-0.103317
-0.102672
-0.102329
-0.101985
-0.101546
-0.101244
-0.101587
-0.102988
-0.105267
-0.107478
-0.108453
-0.107739
-0.105871
-0.103935
-0.102631
-0.101985
-0.101711
-0.101601
-0.101697
-0.101931
-0.102219
-0.102397
-0.102466
-0.102576
-0.102782
-0.10296
-0.102851
-0.102356
-0.101697
-0.101162
-0.100887
-0.100873
-0.101065
-0.101134
-0.100736
-0.0998846
-0.0991568
-0.0992667
-0.100475
-0.10237
-0.104059
-0.104622
-0.103441
-0.100681
-0.0974542
-0.0952297
-0.0947766
-0.0956554
-0.0967539
-0.0973031
-0.0972482
-0.0969873
-0.0969187
-0.0970972
-0.0972894
-0.0972894
-0.097207
-0.0972345
-0.0973718
-0.097207
-0.0965342
-0.0955593
-0.0948178
-0.0945706
-0.0947354
-0.095065
-0.0954082
-0.0956966
-0.0959712
-0.0962458
-0.0964106
-0.0963557
-0.0959849
-0.0952709
-0.0941999
-0.0929092
-0.0919342
-0.0920716
-0.0936232
-0.0958476
-0.0974679
-0.0976464
-0.0965342
-0.0949688
-0.0939253
-0.0938703
-0.0946393
-0.0956279
-0.0962596
-0.096287
-0.0957927
-0.0949139
-0.0938703
-0.0927718
-0.0917283
-0.0909731
-0.0908907
-0.0916322
-0.0928405
-0.0938291
-0.0941312
-0.0938154
-0.0934447
-0.0936232
-0.094447
-0.0952847
-0.0950787
-0.0934859
-0.091385
-0.0902453
-0.0908769
-0.0927581
-0.0945981
-0.0953396
-0.0945981
-0.0927032
-0.0903689
-0.0883641
-0.0872244
-0.0871695
-0.088117
-0.0897235
-0.0912614
-0.0919617
-0.0914262
-0.0899707
-0.0884328
-0.0876226
-0.0878698
-0.0888859
-0.0898608
-0.0900531
-0.0893665
-0.0883367
-0.0875265
-0.0870185
-0.0865379
-0.0858376
-0.0849039
-0.0839015
-0.0832973
-0.0835857
-0.0848352
-0.0865104
-0.0878423
-0.0883092
-0.0878149
-0.0866752
-0.0855355
-0.0850549
-0.085508
-0.0865379
-0.0874304
-0.0877325
-0.0873343
-0.0864006
-0.0852883
-0.0845194
-0.0844919
-0.0851922
-0.0861946
-0.0869635
-0.0872107
-0.0870322
-0.0866889
-0.0863456
-0.0859474
-0.0852883
-0.084286
-0.0831737
-0.0823773
-0.0822675
-0.082803
-0.0833934
-0.0833248
-0.0823087
-0.0808806
-0.0800018
-0.0802902
-0.0815947
-0.0831737
-0.0842448
-0.0844507
-0.0839564
-0.0832424
-0.0826108
-0.0821164
-0.0817045
-0.0813887
-0.0812651
-0.0813887
-0.0817732
-0.0824734
-0.0833385
-0.0838878
-0.083723
-0.0829403
-0.0821302
-0.081883
-0.0823224
-0.0830914
-0.0837916
-0.08408
-0.0838328
-0.0830776
-0.082089
-0.0812376
-0.0808669
-0.0811141
-0.0817457
-0.0823224
-0.0825146
-0.0823087
-0.0818281
-0.0810179
-0.0797409
-0.078203
-0.076926
-0.0763768
-0.0765828
-0.0772281
-0.0779971
-0.0787523
-0.079535
-0.0805099
-0.0816633
-0.0828305
-0.0835994
-0.0836818
-0.0829952
-0.081732
-0.080098
-0.0784227
-0.0770359
-0.0762258
-0.0760335
-0.0761983
-0.076212
-0.0757314
-0.0749762
-0.0745368
-0.0748252
-0.0757452
-0.0768162
-0.0776401
-0.0779971
-0.0777774
-0.0770222
-0.0761022
-0.0754843
-0.0753607
-0.0755941
-0.0760335
-0.0765553
-0.0769123
-0.0767063
-0.0758413
-0.0748526
-0.0745094
-0.0750037
-0.075704
-0.0758001
-0.0751547
-0.0744132
-0.0742897
-0.0748938
-0.0755941
-0.0755392
-0.0745368
-0.0731774
-0.0724222
-0.0728067
-0.07407
-0.0753332
-0.0759649
-0.0759374
-0.0757452
-0.0757589
-0.0758413
-0.0754843
-0.0744544
-0.0729577
-0.071461
-0.0704587
-0.0702801
-0.0707745
-0.0712963
-0.0712139
-0.0706372
-0.0704587
-0.071461
-0.0734246
-0.0752783
-0.0759099
-0.075141
-0.0737679
-0.0728067
-0.0725321
-0.0725183
-0.0721888
-0.0714885
-0.0707333
-0.0701978
-0.0700742
-0.0703763
-0.0710628
-0.0717494
-0.0719554
-0.0714748
-0.0704587
-0.069264
-0.0682205
-0.0677399
-0.0681655
-0.0693876
-0.0707058
-0.0713649
-0.0711589
-0.0704449
-0.069621
-0.0688384
-0.0680145
-0.0671357
-0.0663668
-0.0659823
-0.0661333
-0.0666276
-0.0669984
-0.0670121
-0.0668885
-0.067122
-0.0679047
-0.0690581
-0.0701154
-0.0706509
-0.0705273
-0.0700055
-0.0695387
-0.0694014
-0.0694975
-0.069621
-0.0694975
-0.068907
-0.0678085
-0.0665315
-0.0655154
-0.0649799
-0.0648701
-0.0651447
-0.0656802
-0.0662157
-0.066408
-0.0662844
-0.0661883
-0.0663805
-0.066765
-0.0670533
-0.0671769
-0.0670945
-0.0667238
-0.0661333
-0.0655841
-0.065433
-0.0658175
-0.0664629
-0.0670808
-0.0673829
-0.0671082
-0.0660235
-0.0644032
-0.0629065
-0.0622337
-0.0625632
-0.0636068
-0.0648426
-0.0657077
-0.0658999
-0.065488
-0.0646504
-0.0635793
-0.0626044
-0.0621513
-0.0624534
-0.0630713
-0.063291
-0.0627692
-0.0616982
-0.060531
-0.0597895
-0.0598444
-0.060682
-0.0618767
-0.062934
-0.0636205
-0.063799
-0.0634695
-0.0630026
-0.062879
-0.0631949
-0.0634969
-0.0633322
-0.062728
-0.0620414
-0.0614785
-0.0609841
-0.0606408
-0.0606546
-0.0611214
-0.0616982
-0.0618629
-0.0611901
-0.0598032
-0.0583889
-0.057771
-0.058334
-0.0596385
-0.0609292
-0.0616982
-0.0620002
-0.0619453
-0.061451
-0.060531
-0.0597209
-0.0597071
-0.060737
-0.0622474
-0.0634146
-0.0636342
-0.0628928
-0.0614785
-0.0599955
-0.0591991
-0.059611
-0.0609841
-0.0622749
-0.0624122
-0.0612313
-0.0595835
-0.0584713
-0.0582379
-0.0586224
-0.0592403
-0.0598444
-0.0603662
-0.0607919
-0.0610391
-0.0608194
-0.0598444
-0.0582791
-0.056851
-0.0564254
-0.0572218
-0.0585949
-0.0595561
-0.0594874
-0.0584027
-0.0568236
-0.0553681
-0.054503
-0.0544343
-0.0551209
-0.0562743
-0.0573728
-0.0578671
-0.0576886
-0.0572081
-0.0570295
-0.0573454
-0.0580319
-0.0585949
-0.0585262
-0.0575651
-0.0561507
-0.0553818
-0.0559585
-0.0574964
-0.0589382
-0.0595286
-0.0591991
-0.058334
-0.0573454
-0.056494
-0.0558487
-0.0553269
-0.0549287
-0.05486
-0.0552445
-0.0559448
-0.0566039
-0.0570295
-0.0572218
-0.0572081
-0.0570158
-0.0566451
-0.0560546
-0.0552994
-0.0545991
-0.0542284
