LECROYHDO9204-MSöv,30454,Waveform
Segments,1,SegmentSize,2002
Ampl
-0.010879
-0.0100826
-0.00931365
-0.00879186
-0.00848978
-0.00825634
-0.00795426
-0.0077071
-0.00778948
-0.00828381
-0.00902529
-0.00965693
-0.00995901
-0.00984916
-0.00945096
-0.0089841
-0.00861336
-0.00848978
-0.00884679
-0.0098217
-0.011236
-0.0123757
-0.0125954
-0.0118951
-0.0110438
-0.0108378
-0.0113733
-0.0121285
-0.0124993
-0.012307
-0.0119088
-0.0118265
-0.0123208
-0.0132133
-0.013996
-0.0144491
-0.0146002
-0.0144766
-0.0140509
-0.0134742
-0.0132408
-0.013639
-0.0143942
-0.0150258
-0.0152318
-0.0150121
-0.0144903
-0.0139823
-0.0139548
-0.01471
-0.0160831
-0.01747
-0.0180879
-0.0173601
-0.0153554
-0.0130073
-0.0115656
-0.0116891
-0.0128426
-0.0138861
-0.0141058
-0.0135154
-0.0126641
-0.0121697
-0.0123345
-0.0129524
-0.0134605
-0.0135017
-0.0131996
-0.0129387
-0.0129112
-0.0131172
-0.0133369
-0.0134193
-0.0132545
-0.0128975
-0.0126091
-0.0127327
-0.0134742
-0.0146963
-0.0158772
-0.0162616
-0.0156712
-0.0147649
-0.0146002
-0.01563
-0.0172228
-0.0182938
-0.0180879
-0.0166736
-0.0146688
-0.0128838
-0.0118676
-0.0116617
-0.01195
-0.0123757
-0.0128151
-0.0132682
-0.013639
-0.0138312
-0.01379
-0.0136252
-0.0135703
-0.0138175
-0.0143118
-0.0146825
-0.0146414
-0.014353
-0.0143118
-0.0146963
-0.0151494
-0.0152181
-0.0147649
-0.0140509
-0.0135154
-0.0135429
-0.0142157
-0.0151494
-0.0157398
-0.0156987
-0.0152181
-0.0145727
-0.0138312
-0.0129661
-0.0121835
-0.0117715
-0.01195
-0.0126366
-0.0136527
-0.0146825
-0.0155201
-0.0160694
-0.0162067
-0.0158085
-0.0148748
-0.0138312
-0.0132408
-0.0132957
-0.0136664
-0.0138999
-0.0138312
-0.0138175
-0.014353
-0.0155751
-0.0168521
-0.0170718
-0.0157124
-0.0135017
-0.0121011
-0.0126641
-0.0149434
-0.0175661
-0.0191452
-0.0190353
-0.0175249
-0.0155201
-0.0140921
-0.0138724
-0.0148061
-0.0162342
-0.0173464
-0.0175112
-0.0165225
-0.0147237
-0.0130073
-0.0122109
-0.0126229
-0.0139273
-0.0155201
-0.0168109
-0.0175249
-0.0177583
-0.0177446
-0.0175936
-0.0171954
-0.0166324
-0.0162204
-0.0163577
-0.0169619
-0.0175249
-0.0173876
-0.0163303
-0.0146825
-0.0131996
-0.0125542
-0.012719
-0.0130897
-0.0131172
-0.0128014
-0.0124169
-0.012005
-0.0113459
-0.0103984
-0.00949215
-0.00906649
-0.0094235
-0.0103984
-0.0115244
-0.0122659
-0.012362
-0.012005
-0.0115518
-0.0112909
-0.0114145
-0.0118951
-0.0124718
-0.0128288
-0.0128288
-0.0125679
-0.0120462
-0.0111674
-0.00997274
-0.00879186
-0.00829754
-0.0089841
-0.0107829
-0.0127876
-0.0138587
-0.0136252
-0.0128975
-0.0128426
-0.0137488
-0.0149434
-0.0155888
-0.0155751
-0.0153966
-0.0155339
-0.0158909
-0.015987
-0.0154652
-0.0145315
-0.0138312
-0.0138587
-0.0144903
-0.0151494
-0.0153554
-0.0148885
-0.0138449
-0.0125405
-0.0115244
-0.0112909
-0.0118539
-0.0126366
-0.0131035
-0.0133094
-0.0137626
-0.0148061
-0.0162067
-0.0173189
-0.0177171
-0.0174837
-0.0171267
-0.0169619
-0.0167971
-0.0162342
-0.0153554
-0.0146551
-0.0146551
-0.0152867
-0.0160145
-0.0161381
-0.015273
-0.0138037
-0.0125542
-0.0122247
-0.0127876
-0.0136939
-0.0144217
-0.0146963
-0.0143667
-0.0134742
-0.0124444
-0.0118402
-0.0119638
-0.0125679
-0.0132133
-0.013639
-0.0137763
-0.0135978
-0.0130211
-0.0120599
-0.0109477
-0.0101375
-0.00997274
-0.0106044
-0.0119088
-0.0135703
-0.0152181
-0.0163028
-0.0163852
-0.0154515
-0.0140921
-0.0129936
-0.0124169
-0.0121423
-0.0120462
-0.0122933
-0.0129799
-0.01379
-0.0143118
-0.0144903
-0.014559
-0.0146825
-0.0147375
-0.0144079
-0.0135017
-0.0122247
-0.0111536
-0.0109202
-0.0118402
-0.0135566
-0.0151769
-0.0158085
-0.0152318
-0.013996
-0.0130073
-0.0126229
-0.0126641
-0.0127053
-0.0128014
-0.0133506
-0.0145864
-0.0161381
-0.017264
-0.0174425
-0.0167148
-0.0156025
-0.0147375
-0.0144766
-0.0146688
-0.0149297
-0.0150258
-0.0149297
-0.0147649
-0.0146414
-0.014559
-0.014353
-0.01379
-0.0127327
-0.0114557
-0.010522
-0.0104808
-0.0114969
-0.013227
-0.0150945
-0.0164264
-0.0167422
-0.0160831
-0.0151631
-0.0148336
-0.0153554
-0.0163303
-0.0171267
-0.0174013
-0.0172915
-0.0169757
-0.0163989
-0.015273
-0.0136115
-0.0120462
-0.0114557
-0.0123482
-0.0143805
-0.0165088
-0.0176348
-0.0172915
-0.015987
-0.0148748
-0.0146963
-0.0152318
-0.015781
-0.0160145
-0.0160557
-0.0160831
-0.0159458
-0.0155751
-0.0151906
-0.0150807
-0.0152043
-0.0152043
-0.0149297
-0.0145452
-0.0144217
-0.0146688
-0.0149434
-0.0148061
-0.0142157
-0.0137763
-0.0141058
-0.0152318
-0.0166186
-0.0177721
-0.0185959
-0.019255
-0.0197631
-0.0199141
-0.0195571
-0.0188019
-0.0177995
-0.0166873
-0.0156987
-0.0150807
-0.0149022
-0.014916
-0.0149022
-0.0148473
-0.0147787
-0.0146551
-0.0143667
-0.0139823
-0.0139136
-0.0146414
-0.0162067
-0.0179368
-0.0189255
-0.0190353
-0.0188156
-0.0187058
-0.0183762
-0.017264
-0.0154378
-0.0137076
-0.0129661
-0.013433
-0.0146688
-0.0160831
-0.0172915
-0.0182389
-0.0188294
-0.0187882
-0.0179918
-0.0168521
-0.0161381
-0.0163989
-0.0175386
-0.018747
-0.0190216
-0.0177858
-0.0155064
-0.0135703
-0.0131721
-0.0144354
-0.0164401
-0.0181291
-0.0189667
-0.0190079
-0.0187332
-0.0188156
-0.0196807
-0.0211362
-0.0224544
-0.0231547
-0.0234705
-0.0240609
-0.0254341
-0.0277821
-0.0310776
-0.0351558
-0.0397145
-0.0443282
-0.0486398
-0.0525394
-0.0563704
-0.060682
-0.0656115
-0.0706234
-0.0749899
-0.0786287
-0.0823224
-0.0869635
-0.0927169
-0.0990333
-0.105281
-0.111144
-0.116513
-0.121292
-0.125466
-0.129311
-0.133142
-0.136945
-0.140488
-0.143783
-0.147106
-0.15069
-0.154343
-0.157624
-0.160247
-0.162293
-0.163982
-0.165382
-0.166508
-0.167483
-0.168431
-0.169172
-0.169419
-0.169296
-0.169255
-0.169639
-0.170298
-0.170834
-0.170889
-0.17023
-0.168788
-0.166756
-0.16449
-0.162334
-0.16059
-0.159258
-0.158215
-0.157048
-0.155249
-0.152585
-0.149427
-0.146584
-0.144868
-0.144662
-0.145623
-0.1469
-0.147669
-0.147491
-0.14642
-0.144786
-0.142946
-0.141119
-0.139444
-0.138112
-0.137192
-0.136643
-0.136245
-0.135847
-0.135407
-0.135023
-0.134748
-0.134556
-0.134295
-0.13402
-0.133924
-0.134171
-0.134625
-0.135023
-0.13538
-0.135956
-0.136822
-0.137714
-0.138222
-0.138387
-0.138689
-0.139636
-0.141257
-0.142863
-0.143605
-0.143152
-0.141916
-0.140707
-0.140062
-0.140007
-0.140282
-0.140721
-0.141353
-0.142259
-0.143358
-0.144484
-0.145513
-0.146365
-0.1469
-0.147161
-0.147285
-0.147395
-0.147491
-0.147587
-0.147779
-0.148095
-0.148287
-0.147999
-0.147147
-0.145939
-0.144841
-0.14425
-0.144401
-0.145294
-0.146557
-0.147395
-0.147243
-0.146214
-0.14506
-0.144511
-0.144676
-0.145239
-0.145761
-0.14598
-0.145747
-0.145115
-0.144401
-0.143852
-0.143509
-0.143275
-0.143138
-0.143083
-0.143001
-0.142685
-0.142135
-0.141559
-0.141174
-0.1409
-0.140611
-0.140433
-0.140584
-0.141023
-0.141408
-0.141421
-0.141051
-0.140625
-0.140543
-0.1409
-0.141408
-0.141696
-0.141696
-0.141573
-0.141531
-0.141559
-0.141614
-0.1416
-0.141435
-0.140968
-0.140268
-0.139705
-0.139678
-0.140213
-0.140845
-0.140982
-0.140474
-0.139801
-0.13954
-0.139664
-0.13976
-0.139678
-0.139719
-0.140186
-0.140927
-0.141449
-0.14138
-0.14068
-0.139801
-0.139376
-0.13954
-0.139746
-0.139293
-0.138318
-0.137742
-0.138304
-0.139774
-0.141215
-0.141778
-0.141325
-0.140337
-0.139499
-0.139115
-0.138991
-0.138758
-0.138222
-0.137439
-0.13641
-0.13516
-0.133993
-0.133389
-0.133663
-0.134638
-0.135874
-0.136973
-0.13759
-0.137618
-0.137302
-0.13711
-0.137316
-0.137659
-0.137618
-0.137069
-0.136478
-0.136451
-0.137027
-0.137618
-0.137563
-0.136725
-0.13549
-0.134446
-0.133938
-0.133938
-0.134254
-0.134776
-0.135531
-0.136451
-0.13722
-0.137398
-0.136835
-0.135792
-0.134762
-0.134199
-0.134185
-0.134515
-0.134789
-0.134707
-0.134268
-0.133732
-0.133348
-0.133183
-0.133087
-0.132881
-0.132537
-0.132139
-0.131768
-0.13126
-0.130409
-0.129228
-0.128143
-0.127773
-0.128528
-0.130079
-0.131384
-0.131494
-0.130505
-0.129242
-0.128459
-0.128212
-0.128088
-0.1278
-0.127347
-0.127045
-0.127292
-0.128061
-0.128693
-0.128445
-0.127265
-0.125974
-0.125576
-0.126303
-0.127484
-0.128212
-0.12802
-0.127059
-0.125782
-0.124669
-0.124052
-0.123873
-0.123791
-0.123667
-0.123681
-0.124052
-0.12456
-0.124697
-0.124203
-0.123365
-0.122692
-0.122527
-0.122884
-0.123557
-0.124257
-0.124697
-0.124697
-0.124409
-0.124244
-0.124669
-0.125521
-0.126097
-0.125727
-0.124436
-0.122967
-0.122184
-0.122623
-0.124106
-0.125782
-0.126537
-0.125699
-0.123571
-0.121195
-0.119658
-0.11952
-0.120509
-0.121786
-0.122459
-0.122266
-0.12158
-0.120838
-0.120179
-0.119603
-0.119301
-0.119603
-0.120481
-0.121443
-0.121868
-0.121484
-0.120523
-0.119438
-0.118641
-0.118229
-0.118092
-0.118257
-0.11882
-0.119781
-0.12088
-0.12169
-0.121896
-0.121525
-0.120935
-0.120509
-0.120578
-0.121154
-0.122019
-0.122651
-0.1225
-0.12136
-0.11963
-0.11801
-0.116939
-0.116321
-0.115744
-0.115126
-0.114907
-0.115511
-0.116815
-0.118161
-0.11882
-0.118518
-0.117474
-0.116293
-0.115552
-0.115442
-0.115607
-0.115524
-0.115058
-0.114618
-0.114769
-0.115566
-0.116444
-0.116486
-0.115291
-0.113314
-0.11157
-0.111007
-0.111899
-0.113684
-0.115373
-0.116197
-0.115936
-0.114852
-0.113382
-0.112037
-0.111227
-0.111144
-0.111611
-0.112284
-0.112847
-0.113231
-0.113369
-0.113382
-0.113451
-0.113739
-0.114055
-0.114028
-0.113396
-0.112407
-0.111584
-0.111185
-0.110966
-0.11054
-0.109922
-0.109565
-0.109757
-0.110458
-0.111281
-0.111954
-0.112298
-0.112188
-0.111487
-0.110238
-0.108755
-0.107629
-0.107368
-0.108068
-0.109194
-0.110032
-0.110197
-0.109908
-0.109579
-0.109387
-0.109222
-0.108975
-0.108782
-0.108906
-0.109442
-0.110032
-0.110018
-0.10903
-0.107368
-0.105775
-0.104814
-0.104594
-0.104896
-0.105624
-0.106723
-0.107849
-0.108329
-0.107656
-0.105913
-0.103894
-0.102397
-0.101738
-0.101697
-0.102027
-0.102452
-0.102741
-0.102658
-0.102233
-0.10178
-0.101642
-0.101862
-0.102109
-0.101985
-0.101491
-0.100983
-0.100887
-0.101258
-0.101725
-0.101944
-0.101985
-0.102178
-0.102741
-0.103496
-0.104059
-0.104031
-0.10329
-0.102082
-0.101024
-0.100654
-0.101065
-0.101821
-0.10237
-0.102439
-0.102233
-0.102109
-0.10226
-0.102356
-0.101807
-0.100351
-0.0984016
-0.0967264
-0.0959849
-0.0963557
-0.097564
-0.098896
-0.09961
-0.0992667
-0.0980446
-0.096493
-0.0951748
-0.0945294
-0.0947903
-0.0960124
-0.0978936
-0.0997061
-0.100599
-0.100104
-0.0984703
-0.0965754
-0.0954632
-0.0956829
-0.0969873
-0.0983192
-0.0987861
-0.0980858
-0.0965342
-0.0945569
-0.0926071
-0.0911241
-0.0905474
-0.0909593
-0.0919617
-0.0928405
-0.0929641
-0.0922913
-0.0914399
-0.0911653
-0.091742
-0.0927993
-0.0936506
-0.0937742
-0.093019
-0.0916596
-0.0903414
-0.0895999
-0.0895725
-0.0900805
-0.0910417
-0.092456
-0.0941038
-0.0953258
-0.0955318
-0.0947354
-0.093582
-0.0928817
-0.0930739
-0.0940076
-0.0951885
-0.0961497
-0.0965617
-0.0962596
-0.0953121
-0.094145
-0.0932387
-0.0928542
-0.0927444
-0.0923599
-0.0913438
-0.0898883
-0.0885564
-0.0879659
-0.0884328
-0.0899981
-0.0922638
-0.0944333
-0.0955181
-0.09501
-0.0931563
-0.0908083
-0.0889408
-0.088268
-0.0889683
-0.0905337
-0.0921677
-0.0932662
-0.093733
-0.093733
-0.0934309
-0.0929915
-0.092662
-0.0925796
-0.0925796
-0.092305
-0.0915772
-0.0904925
-0.0894626
-0.088982
-0.0893116
-0.0901492
-0.0907946
-0.0905749
-0.0892979
-0.0874441
-0.0859062
-0.085357
-0.0857277
-0.086483
-0.0872794
-0.088062
-0.0887898
-0.089188
-0.0889546
-0.0881994
-0.0873343
-0.0867164
-0.0864692
-0.086428
-0.0863319
-0.0861259
-0.0859612
-0.0859612
-0.0859337
-0.0856728
-0.0852197
-0.0848764
-0.0850412
-0.08592
-0.0872931
-0.0884465
-0.088625
-0.0876638
-0.0861671
-0.0850274
-0.0846018
-0.0845057
-0.0842036
-0.0835719
-0.0830364
-0.0830639
-0.0837367
-0.084794
-0.0857689
-0.0863045
-0.0862221
-0.0856591
-0.0848901
-0.0841349
-0.0835307
-0.0831188
-0.082954
-0.0830502
-0.0832973
-0.0833248
-0.0828442
-0.0819929
-0.081375
-0.0813887
-0.0818281
-0.0821439
-0.082034
-0.0818281
-0.0820752
-0.0828717
-0.0837642
-0.0840113
-0.0832973
-0.0819517
-0.0807296
-0.0802627
-0.0807296
-0.0818006
-0.0828305
-0.0831325
-0.0823636
-0.0807021
-0.0788209
-0.0774616
-0.0769535
-0.0772831
-0.0782992
-0.0797547
-0.08132
-0.0825833
-0.0832699
-0.0830502
-0.0817045
-0.0795487
-0.0775302
-0.0766789
-0.0772007
-0.078409
-0.0794938
-0.0801529
-0.0805648
-0.0807845
-0.0807296
-0.0802353
-0.0794389
-0.0786287
-0.0780795
-0.0779284
-0.0782168
-0.0789033
-0.0799606
-0.081169
-0.082089
-0.0822126
-0.0815397
-0.0805511
-0.0798096
-0.0795487
-0.079535
-0.0793153
-0.0785326
-0.0771046
-0.075498
-0.074427
-0.0744132
-0.0753332
-0.076569
-0.0775165
-0.0780657
-0.0784914
-0.0789445
-0.0791642
-0.0786013
-0.0770084
-0.0748938
-0.0732461
-0.0728341
-0.0736306
-0.0749625
-0.0760335
-0.0763081
-0.0757864
-0.0748664
-0.0741523
-0.0739052
-0.0738777
-0.0735894
-0.0729303
-0.0723536
-0.0724085
-0.0733147
-0.0745231
-0.075292
-0.0752234
-0.0747153
-0.074372
-0.0743583
-0.0742485
-0.0736031
-0.0725183
-0.0715297
-0.0711452
-0.0715297
-0.0724909
-0.0735756
-0.074372
-0.0747016
-0.0747291
-0.0747016
-0.0746329
-0.0743446
-0.0737129
-0.072944
-0.0723536
-0.0721751
-0.0722849
-0.0724222
-0.0724222
-0.0724634
-0.072793
-0.0733559
-0.0737404
-0.0736443
-0.0732735
-0.0730401
-0.0730264
-0.0728479
-0.0721751
-0.0710354
-0.0698957
-0.0692778
-0.0694425
-0.0701566
-0.0708019
-0.0708569
-0.0703076
-0.0694563
-0.0687011
-0.0683852
-0.0685775
-0.0690169
-0.069264
-0.0691542
-0.0688933
-0.0688384
-0.0690855
-0.0695524
-0.070033
-0.0704175
-0.0706509
-0.0706784
-0.0703625
-0.0696073
-0.0685775
-0.0676712
-0.067273
-0.0673279
-0.0673829
-0.0669847
-0.0660372
-0.0648426
-0.0638128
-0.063291
-0.063291
-0.063648
-0.0641286
-0.0646778
-0.0653232
-0.0660235
-0.0665453
-0.0666276
-0.0663805
-0.0660784
-0.0659548
-0.0659686
-0.06579
-0.0652683
-0.0645268
-0.0639089
-0.0636205
-0.0635107
-0.063291
-0.0630575
-0.0631262
-0.0637441
-0.064568
-0.0651447
-0.0653369
-0.0654605
-0.0658724
-0.0666414
-0.0675202
-0.0682067
-0.0685775
-0.0687972
-0.068962
-0.0688384
-0.068193
-0.0671082
-0.0659274
-0.0648701
-0.0639638
-0.0632086
-0.0627417
-0.062728
-0.0630987
-0.0635656
-0.0638677
-0.0639226
-0.0638814
-0.0640599
-0.0646229
-0.0653232
-0.065639
-0.0652683
-0.0643483
-0.0632635
-0.0622611
-0.0614373
-0.0609979
-0.0611489
-0.0619865
-0.0632223
-0.0641835
-0.0642247
-0.0630575
-0.0611077
-0.0591579
-0.0577985
-0.0572904
-0.0577298
-0.059048
-0.0607644
-0.0620964
-0.0625907
-0.0624946
-0.0622199
-0.0618767
-0.0612999
-0.0605585
-0.059968
-0.0597621
-0.0598719
-0.0600092
-0.0598994
-0.0594188
-0.058691
-0.0579358
-0.0574552
-0.0573316
-0.0573866
-0.0571119
-0.0560821
-0.0545854
-0.0537203
-0.0544893
-0.0568648
-0.0595424
-0.0610116
-0.0608743
-0.0598994
-0.0590892
-0.0587322
-0.0584301
-0.0577848
-0.0568373
-0.0562057
-0.056494
-0.0576063
-0.0585949
-0.0586361
-0.0578397
-0.0568785
-0.0560134
-0.0550111
-0.0538576
-0.0531985
-0.0538027
-0.055629
-0.0576749
-0.0586361
-0.057977
-0.0562469
-0.0546403
-0.0540224
-0.0544343
-0.0553681
-0.0562606
-0.0568236
-0.0569472
-0.0566176
-0.0559585
-0.0552857
-0.0550385
-0.0554779
-0.0563979
-0.0572492
-0.0574827
-0.0571119
-0.0566451
-0.0565352
-0.0567137
-0.0568373
-0.0565764
-0.055931
-0.0551072
-0.0544755
-0.0542421
-0.054352
-0.0546403
-0.0550797
-0.0556702
-0.0561645
-0.0560821
-0.0553543
-0.0545717
-0.0544481
-0.0549836
-0.0554779
-0.0553406
-0.0545717
-0.0537615
-0.0535556
-0.0540911
-0.0549561
-0.0554093
-0.0550385
-0.0540361
-0.0530063
-0.0524983
-0.0527317
-0.0536105
-0.0548188
-0.0557251
-0.0556427
-0.054352
-0.0524021
-0.0509329
-0.0508917
-0.0521962
-0.0538576
-0.0548051
-0.054654
-0.0538302
-0.0529788
-0.0523884
-0.0521
-0.0521275
-0.0524021
-0.052663
-0.0527042
-0.0526356
-0.0527866
-0.0534045
-0.0544343
-0.0554642
-0.0560821
-0.0559722
-0.0551621
-0.0540773
-0.0531848
-0.0526905
-0.0524708
-0.0522511
-0.051949
-0.0517018
-0.051743
-0.0518941
-0.051592
-0.0503699
-0.0485437
-0.0472255
-0.0472667
-0.0484201
-0.0495872
-0.0499031
-0.0494774
-0.0490792
-0.0495735
-0.0511663
-0.0531848
-0.0544618
-0.0542284
-0.052718
-0.0509741
-0.0499442
-0.0499992
-0.050878
-0.0520039
-0.0528278
-0.0531162
-0.0531024
-0.0531985
-0.0535006
-0.0538027
-0.0537203
-0.0531162
-0.0520863
-0.0511389
-0.0507956
-0.0511801
-0.0518117
-0.0519627
-0.0513311
-0.0502738
-0.0493813
-0.0491616
-0.0496834
-0.050521
-0.0510427
-0.0509466
-0.050466
-0.0500953
-0.0499854
-0.0499992
-0.049958
-0.0498481
-0.0496834
-0.0496284
-0.0498069
-0.0502326
-0.0506308
-0.0507407
-0.0506033
-0.0504111
-0.050315
-0.0503425
-0.0505347
-0.0508368
-0.0509878
-0.0507544
-0.0501502
-0.0493401
-0.0484887
-0.0476923
-0.046992
-0.046484
-0.0462368
-0.0463467
-0.0467586
-0.0470882
-0.0469783
-0.0466625
-0.0467449
-0.0473765
-0.0478434
-0.047404
-0.0461956
-0.0450285
-0.044644
-0.0452344
-0.0465938
-0.0483102
-0.0497932
-0.0505347
-0.0502189
-0.0489831
-0.0473491
-0.0460995
-0.0458661
-0.0467311
-0.0482278
-0.0495598
-0.0500541
-0.049395
-0.0477885
-0.0458798
-0.0444106
-0.0437927
-0.0437652
-0.0438613
-0.0438339
-0.0438751
-0.0441222
-0.044438
-0.0445067
-0.0442321
-0.0438476
-0.0438613
-0.0447127
-0.0462231
-0.0475825
-0.0478434
-0.0468273
-0.0452344
-0.0439025
-0.0431885
-0.0430512
-0.0433533
-0.0440948
-0.0451109
-0.0461819
-0.0470058
-0.0472941
-0.046841
-0.0456327
-0.04393
-0.042241
-0.0412799
-0.041527
-0.042859
-0.0445479
-0.045921
-0.0468547
-0.0474864
-0.0477198
-0.0472255
-0.0459897
-0.0446028
-0.0438201
-0.0439712
-0.0445754
-0.0447813
-0.0440673
-0.0428178
-0.0419664
-0.042241
-0.0434631
-0.0447127
-0.0450148
-0.044081
-0.0424745
-0.0412799
-0.04117
-0.0419252
-0.0427491
-0.0429413
-0.0425157
-0.0420625
-0.0421999
-0.0432434
-0.0449736
-0.0465252
-0.0468959
-0.0456189
-0.0432297
-0.0408817
-0.0394811
-0.0393712
-0.040305
-0.0416643
-0.0426255
-0.0427628
-0.0423097
-0.0418566
-0.0417605
-0.0418978
-0.041939
-0.0416369
-0.0411151
-0.040813
-0.0409503
-0.0412661
-0.0412936
-0.0409366
-0.0405247
-0.0402638
-0.0400303
-0.0397557
-0.0396321
-0.0400441
-0.0410739
-0.0424333
-0.0435318
-0.0438613
-0.0431198
-0.0416781
-0.040305
-0.0396459
-0.039893
-0.0406894
-0.041527
-0.0419527
-0.0417467
-0.0410327
-0.0400853
-0.0391103
-0.0383139
-0.038108
-0.0388769
-0.0404972
-0.0421724
-0.0429688
-0.0424882
-0.0410602
-0.0394262
-0.0383689
-0.0383002
-0.0391103
-0.040305
-0.0413073
-0.0418291
-0.041884
-0.0416231
-0.0412524
-0.0409915
-0.0409091
-0.0407993
-0.040456
-0.039893
-0.0391927
-0.0384238
-0.0376686
-0.0372566
-0.0374763
-0.0381903
-0.0389044
-0.0392065
-0.0391241
-0.0389868
-0.0390691
-0.0394948
-0.0401127
-0.0405658
-0.0404835
-0.039687
-0.0382865
-0.0367623
-0.0357737
-0.0357187
-0.0365426
-0.0378059
-0.0390829
-0.0399754
-0.0401539
-0.0394948
-0.0381766
-0.0367348
-0.0356775
-0.0352107
-0.0353068
-0.035856
-0.036776
-0.0378745
-0.0387945
-0.0392476
-0.0390829
-0.0384924
-0.0378883
-0.0376136
-0.037545
-0.0373527
-0.0369133
-0.0365701
-0.0366525
-0.0370369
-0.0373116
-0.0372704
-0.0370781
-0.0370232
-0.0372292
-0.0376411
-0.0380668
-0.0382865
-0.0382865
-0.0380393
-0.0374626
-0.0365014
-0.035348
-0.0344692
-0.0342632
-0.0349086
-0.0362268
-0.0377647
-0.0388906
-0.0390417
-0.0382041
-0.0369683
-0.0361581
-0.036268
-0.0371742
-0.0383826
-0.0392339
-0.0392339
-0.0382041
-0.036419
-0.0345104
-0.0330961
-0.0324782
-0.0325194
-0.0329725
-0.0337689
-0.0348262
-0.0356775
-0.0356913
-0.0348537
-0.0341122
-0.0345241
-0.0361307
-0.0379569
-0.0389181
-0.0387259
-0.0378196
-0.0366662
-0.0354578
-0.0342495
-0.0332471
-0.0326292
-0.0325194
-0.0329176
-0.0338238
-0.0351695
-0.0366936
-0.0378608
-0.0380805
-0.0371468
-0.0354578
-0.0338238
-0.0328764
-0.0327391
-0.0331098
-0.0336865
-0.0344692
-0.035554
-0.0367898
-0.0377235
-0.0378471
-0.0370507
-0.0358698
-0.0352931
-0.0358423
-0.0371056
-0.0381354
-0.0382865
-0.0375724
-0.0365289
-0.0358286
-0.0360071
-0.0369545
-0.0378883
-0.0380805
-0.0372704
-0.0358698
-0.0346202
-0.0341396
-0.0346889
-0.0361032
-0.0378059
-0.0392614
-0.0402088
-0.0406894
-0.0408405
-0.0407443
-0.0403187
-0.0395635
-0.0386297
-0.0378608
-0.0372978
-0.0367211
-0.035856
-0.0349223
-0.0344005
-0.0346065
-0.0354304
-0.0365563
-0.0376823
-0.0385199
-0.0389044
-0.0389456
-0.0388632
-0.0387945
-0.0386709
-0.0383139
-0.0376411
-0.0368035
-0.0362268
-0.0362817
-0.0369271
-0.0375313
-0.0372841
-0.0359384
-0.0340298
-0.0324507
-0.031723
-0.0319015
-0.0327253
-0.0338376
-0.0348399
-0.0354304
-0.0356089
-0.0355677
-0.0353617
-0.0349223
-0.0343044
-0.0337826
-0.0336865
-0.0340161
-0.0344005
-0.0344967
-0.0343044
-0.0342495
-0.0347301
-0.0356226
-0.0363916
-0.0366113
-0.0363778
-0.0359384
-0.0353205
-0.0343868
-0.0330823
-0.0315582
-0.0301851
-0.029526
-0.0300615
-0.0317641
-0.0339199
-0.0355677
-0.0360757
-0.0355265
-0.0345104
-0.0336591
-0.0332197
-0.0330137
-0.0327116
-0.0322173
-0.0316955
-0.0315033
-0.0318603
-0.0326704
-0.0334531
-0.0337552
-0.0332608
-0.0320388
-0.0304322
-0.028963
-0.0281254
-0.028249
-0.029169
-0.0303498
-0.0312973
-0.0319427
-0.0324232
-0.0327803
-0.0327528
-0.0321486
-0.0310501
-0.0297869
-0.0288257
-0.028551
-0.0290866
-0.0301027
-0.0309128
-0.0312149
-0.0313385
-0.0317367
-0.0323409
-0.0325743
-0.0321486
-0.0313797
-0.0309677
-0.0312561
-0.0318877
-0.0321349
-0.0317092
-0.0310089
-0.030597
-0.0304734
-0.0301439
-0.0295122
-0.0290042
-0.0290866
-0.0296907
-0.0304048
-0.030954
-0.0312836
-0.0313934
-0.0313385
-0.0312149
-0.0311051
-0.0309265
-0.0306382
-0.030391
-0.0304185
-0.0307206
-0.0311462
-0.0313659
-0.0309815
-0.0297182
-0.0278508
-0.0264502
-0.0264914
-0.0279606
-0.0297869
-0.0308854
-0.0310227
-0.0307343
-0.0304871
-0.0302812
-0.0297457
-0.0287707
-0.0277684
-0.0273702
-0.0279331
-0.0293063
-0.0309403
-0.0321486
-0.0324095
-0.0317367
-0.0307206
-0.0301164
-0.0301439
-0.0305283
-0.0308716
-0.0310089
-0.0309403
