LECROYHDO9204-MSöv,30454,Waveform
Segments,1,SegmentSize,2002
Ampl
-0.0173464
-0.0173052
-0.0160831
-0.0140509
-0.0119226
-0.0104671
-0.0102062
-0.0111399
-0.0126229
-0.0137076
-0.01379
-0.0130897
-0.012307
-0.0119912
-0.0121011
-0.012362
-0.0125954
-0.0126366
-0.0123757
-0.0118402
-0.0113733
-0.0114008
-0.0122659
-0.0138312
-0.0153416
-0.015836
-0.0149022
-0.0131721
-0.0117715
-0.0114008
-0.0120599
-0.0133369
-0.0146002
-0.0152455
-0.0149984
-0.0141196
-0.0131858
-0.0125679
-0.0123894
-0.0125954
-0.0131172
-0.0136527
-0.0138861
-0.0137626
-0.0134742
-0.0132408
-0.0131584
-0.0132133
-0.0132682
-0.0131172
-0.0126915
-0.0122109
-0.0120599
-0.0123482
-0.0127876
-0.0130897
-0.0132408
-0.0134193
-0.0137488
-0.0142569
-0.0148885
-0.0153966
-0.0153828
-0.01471
-0.0137488
-0.0131309
-0.0131996
-0.0138312
-0.014504
-0.0146963
-0.014202
-0.0133643
-0.0127464
-0.0126778
-0.0130211
-0.0135703
-0.0142569
-0.015067
-0.0158634
-0.0165774
-0.0172503
-0.017827
-0.0180741
-0.0178407
-0.0171679
-0.0162479
-0.0151219
-0.0139685
-0.0131446
-0.0130211
-0.013639
-0.0146002
-0.0153416
-0.015424
-0.0146688
-0.0133506
-0.0120324
-0.0111399
-0.0108515
-0.0110712
-0.0115518
-0.0119363
-0.012156
-0.0126366
-0.0138312
-0.0155888
-0.0171267
-0.0177446
-0.0173052
-0.016344
-0.0155751
-0.0153554
-0.015424
-0.0151631
-0.0142843
-0.013282
-0.012925
-0.013433
-0.0142569
-0.0146963
-0.0144217
-0.013584
-0.012513
-0.0116617
-0.0113184
-0.0115381
-0.0120462
-0.0125679
-0.0129661
-0.0133232
-0.0135978
-0.0136115
-0.0131172
-0.0121285
-0.0110712
-0.010673
-0.0113733
-0.0128838
-0.0143667
-0.0150533
-0.0147375
-0.0137076
-0.0124856
-0.0116754
-0.0117303
-0.0126915
-0.0140646
-0.0152318
-0.0157948
-0.0156575
-0.0149297
-0.0138999
-0.0129661
-0.0123757
-0.0122247
-0.0124581
-0.0130485
-0.0138037
-0.0143667
-0.014504
-0.0142843
-0.0140234
-0.0138861
-0.01379
-0.0134742
-0.0129661
-0.0126503
-0.012925
-0.0137214
-0.0145178
-0.0147512
-0.0142294
-0.0132408
-0.0122659
-0.0117853
-0.0121011
-0.013227
-0.0147649
-0.0160831
-0.0166186
-0.0161243
-0.0148473
-0.0134742
-0.0128151
-0.0133643
-0.0147787
-0.0160557
-0.0162479
-0.0150807
-0.0130348
-0.0110438
-0.0100963
-0.0107692
-0.0127876
-0.0150396
-0.0163715
-0.0164951
-0.0160282
-0.0157124
-0.0156987
-0.0156437
-0.0153691
-0.0151906
-0.0155888
-0.0164676
-0.0171679
-0.017113
-0.0164539
-0.0156849
-0.015067
-0.0145315
-0.0142294
-0.014559
-0.0155339
-0.01655
-0.0168658
-0.0163989
-0.0157398
-0.0155751
-0.0160831
-0.0168521
-0.0172915
-0.0170306
-0.0161792
-0.0149709
-0.0136252
-0.0123482
-0.0113596
-0.0108241
-0.0107692
-0.0111399
-0.0118676
-0.0128014
-0.013584
-0.0138724
-0.0137351
-0.0136939
-0.014147
-0.0149022
-0.0153142
-0.0148748
-0.0137214
-0.0124718
-0.0116891
-0.0115518
-0.0119775
-0.0127464
-0.0136527
-0.0144766
-0.0149846
-0.0149709
-0.0143667
-0.0133643
-0.0122659
-0.0114283
-0.0111674
-0.0114969
-0.0120462
-0.0123345
-0.012307
-0.012513
-0.0133506
-0.0145864
-0.0155064
-0.015479
-0.014504
-0.0129661
-0.0114283
-0.0103709
-0.00998648
-0.0102336
-0.01103
-0.0121423
-0.013227
-0.0138175
-0.0138037
-0.0133781
-0.0128975
-0.0124032
-0.011799
-0.0110712
-0.0104259
-0.0100551
-0.0101787
-0.0109065
-0.0120736
-0.0133918
-0.0146414
-0.0156025
-0.0160969
-0.0159733
-0.0153966
-0.0147924
-0.0145315
-0.0146688
-0.0150121
-0.0153004
-0.0153554
-0.0150258
-0.0143805
-0.0136939
-0.0133232
-0.0134055
-0.0138587
-0.0144217
-0.0148336
-0.0150121
-0.0150121
-0.0148199
-0.0144903
-0.0141058
-0.0140097
-0.0143805
-0.0150258
-0.0153828
-0.0152455
-0.0149846
-0.0152318
-0.016193
-0.0175524
-0.0186371
-0.0189804
-0.0186646
-0.0180879
-0.0174288
-0.0164264
-0.0149572
-0.0136664
-0.0134879
-0.0148336
-0.0170992
-0.0191177
-0.0200652
-0.0197768
-0.018747
-0.0176348
-0.0168795
-0.0163715
-0.0157398
-0.0149709
-0.0144491
-0.0146688
-0.0155888
-0.0167285
-0.0174562
-0.0174837
-0.0170168
-0.0163715
-0.0157398
-0.0149709
-0.0139136
-0.0127327
-0.011799
-0.0115656
-0.0124306
-0.0144217
-0.0168795
-0.0188019
-0.019461
-0.0189667
-0.0178133
-0.0163852
-0.0148061
-0.013433
-0.0128014
-0.0130211
-0.0135978
-0.0139411
-0.0138724
-0.0136115
-0.0134467
-0.0135566
-0.0140097
-0.0146963
-0.0153004
-0.0156163
-0.0156163
-0.0154103
-0.0149297
-0.0141196
-0.0131309
-0.012307
-0.0120187
-0.0124032
-0.0132682
-0.0142843
-0.0150533
-0.0153966
-0.0152318
-0.0145864
-0.0137626
-0.0133094
-0.0137214
-0.0150258
-0.0166461
-0.0177858
-0.0178544
-0.016907
-0.0157536
-0.0153279
-0.0159733
-0.0171954
-0.0181565
-0.0184861
-0.0183213
-0.0180879
-0.0181565
-0.0185685
-0.0190491
-0.0191177
-0.0186371
-0.0178956
-0.0173876
-0.0173876
-0.0176759
-0.0178819
-0.0176073
-0.0165774
-0.0149984
-0.0136664
-0.0134605
-0.0146276
-0.0164676
-0.017978
-0.0185959
-0.0184586
-0.017978
-0.0175386
-0.0171816
-0.0167697
-0.0161655
-0.0154515
-0.014861
-0.014504
-0.0142981
-0.0142843
-0.01471
-0.0156025
-0.0166461
-0.0173327
-0.0173601
-0.0168658
-0.0163577
-0.0165774
-0.0177446
-0.01931
-0.0204222
-0.0209714
-0.0218502
-0.0241296
-0.0281391
-0.0332197
-0.0383826
-0.0431198
-0.0477335
-0.0530063
-0.0594874
-0.0671906
-0.0757726
-0.085
-0.0948453
-0.105267
-0.116074
-0.126866
-0.137384
-0.147861
-0.159107
-0.17196
-0.186377
-0.201276
-0.215378
-0.228216
-0.240341
-0.252809
-0.266224
-0.280285
-0.29392
-0.3061
-0.31659
-0.325941
-0.334963
-0.344217
-0.353774
-0.36318
-0.371872
-0.379685
-0.386839
-0.393444
-0.398991
-0.402891
-0.405033
-0.406173
-0.40734
-0.409317
-0.412324
-0.415716
-0.418119
-0.418078
-0.415221
-0.410745
-0.406406
-0.40344
-0.401779
-0.400378
-0.39803
-0.394199
-0.389338
-0.38445
-0.380262
-0.376733
-0.373286
-0.369497
-0.365158
-0.360379
-0.355408
-0.35052
-0.346016
-0.342117
-0.339
-0.336665
-0.334853
-0.332889
-0.330033
-0.326079
-0.321671
-0.317977
-0.315931
-0.315588
-0.316206
-0.316934
-0.317208
-0.316851
-0.315945
-0.31486
-0.314146
-0.314242
-0.315368
-0.317579
-0.32071
-0.324197
-0.327012
-0.328262
-0.328028
-0.327493
-0.327946
-0.329717
-0.332148
-0.334441
-0.336061
-0.33683
-0.336789
-0.336267
-0.335951
-0.336597
-0.338588
-0.341705
-0.345137
-0.348048
-0.349971
-0.350863
-0.351042
-0.351069
-0.35144
-0.352305
-0.353294
-0.353788
-0.353486
-0.352703
-0.352195
-0.352511
-0.353527
-0.354626
-0.355244
-0.355175
-0.354639
-0.353994
-0.353459
-0.352937
-0.352154
-0.350987
-0.34971
-0.348927
-0.349133
-0.350314
-0.351797
-0.352854
-0.353239
-0.35317
-0.352868
-0.35225
-0.351111
-0.349573
-0.348062
-0.347019
-0.346538
-0.346469
-0.346511
-0.346414
-0.345989
-0.345234
-0.344272
-0.343215
-0.342144
-0.341155
-0.340441
-0.340167
-0.340332
-0.340826
-0.341403
-0.34176
-0.341787
-0.341663
-0.341718
-0.342185
-0.342968
-0.343764
-0.344163
-0.343833
-0.342803
-0.341581
-0.34084
-0.34084
-0.341334
-0.341842
-0.342103
-0.341979
-0.341389
-0.340304
-0.338876
-0.337572
-0.336995
-0.337448
-0.338588
-0.339741
-0.340414
-0.340634
-0.340661
-0.340647
-0.340538
-0.340167
-0.33937
-0.338203
-0.337064
-0.336514
-0.336734
-0.337215
-0.337173
-0.336322
-0.335169
-0.334551
-0.334963
-0.336144
-0.33716
-0.337228
-0.336459
-0.335663
-0.335361
-0.335484
-0.335471
-0.33499
-0.334249
-0.33385
-0.334235
-0.335127
-0.335512
-0.33451
-0.332285
-0.329937
-0.328578
-0.328605
-0.329676
-0.3312
-0.332505
-0.33315
-0.332958
-0.33201
-0.330596
-0.329223
-0.328468
-0.328289
-0.327987
-0.32704
-0.325804
-0.325337
-0.326161
-0.327658
-0.328701
-0.328646
-0.327671
-0.326339
-0.325104
-0.324101
-0.323222
-0.322357
-0.321561
-0.321231
-0.321904
-0.323579
-0.325419
-0.326312
-0.325818
-0.324499
-0.323181
-0.322206
-0.32141
-0.320696
-0.320243
-0.320023
-0.319817
-0.319515
-0.319309
-0.319419
-0.319529
-0.319117
-0.318211
-0.3174
-0.317318
-0.317922
-0.318513
-0.318375
-0.317359
-0.315849
-0.314544
-0.313803
-0.313405
-0.31302
-0.312746
-0.312952
-0.313597
-0.314091
-0.313803
-0.312704
-0.311221
-0.309876
-0.309093
-0.309148
-0.309862
-0.3107
-0.311015
-0.310562
-0.309505
-0.308242
-0.307239
-0.306704
-0.306415
-0.30599
-0.30529
-0.304576
-0.304136
-0.303875
-0.30345
-0.302749
-0.301994
-0.301568
-0.301788
-0.302584
-0.303422
-0.303573
-0.302749
-0.30139
-0.300264
-0.29977
-0.299632
-0.299385
-0.298808
-0.298039
-0.297202
-0.296186
-0.294977
-0.29381
-0.293206
-0.293412
-0.294208
-0.295115
-0.295733
-0.295884
-0.295513
-0.294826
-0.294195
-0.293906
-0.293879
-0.293893
-0.293755
-0.293398
-0.292863
-0.292272
-0.291915
-0.29208
-0.292753
-0.293591
-0.294071
-0.293838
-0.292945
-0.291902
-0.291311
-0.291339
-0.291435
-0.290899
-0.289512
-0.287741
-0.286327
-0.285572
-0.285434
-0.285681
-0.286107
-0.286437
-0.286423
-0.28608
-0.285764
-0.285819
-0.286135
-0.286382
-0.286368
-0.286093
-0.28564
-0.28505
-0.284212
-0.283141
-0.282111
-0.281521
-0.28148
-0.281727
-0.281837
-0.281741
-0.281713
-0.282029
-0.282743
-0.283416
-0.283471
-0.282592
-0.281054
-0.279489
-0.278486
-0.278184
-0.278294
-0.278308
-0.2778
-0.276866
-0.276028
-0.275877
-0.276413
-0.277017
-0.276921
-0.275877
-0.274243
-0.272692
-0.271758
-0.271785
-0.272664
-0.273859
-0.274532
-0.274147
-0.272733
-0.270865
-0.269204
-0.268284
-0.268215
-0.268586
-0.268682
-0.268023
-0.266664
-0.265277
-0.264618
-0.264906
-0.265606
-0.265799
-0.265002
-0.263574
-0.262352
-0.26183
-0.26172
-0.261446
-0.260704
-0.259812
-0.259276
-0.25951
-0.260416
-0.261693
-0.262943
-0.263698
-0.263354
-0.261569
-0.258768
-0.255967
-0.254251
-0.254004
-0.254855
-0.25594
-0.256489
-0.256255
-0.2555
-0.25458
-0.253798
-0.253193
-0.252603
-0.251807
-0.25079
-0.24987
-0.249555
-0.250035
-0.25101
-0.251861
-0.252136
-0.251903
-0.251491
-0.25112
-0.250763
-0.25031
-0.249623
-0.24869
-0.247605
-0.246561
-0.245573
-0.244584
-0.243801
-0.243746
-0.244694
-0.246094
-0.246946
-0.246726
-0.245655
-0.244392
-0.243362
-0.242689
-0.242305
-0.24214
-0.24214
-0.24214
-0.241838
-0.241179
-0.240423
-0.239915
-0.239654
-0.239311
-0.238693
-0.237952
-0.237334
-0.236963
-0.236688
-0.236359
-0.236002
-0.235755
-0.235563
-0.235109
-0.234052
-0.232391
-0.230647
-0.229438
-0.229081
-0.229287
-0.229507
-0.229507
-0.229452
-0.229452
-0.229356
-0.228862
-0.228024
-0.227186
-0.226788
-0.226926
-0.227283
-0.22731
-0.226678
-0.225717
-0.225113
-0.22536
-0.226404
-0.227695
-0.22856
-0.228724
-0.228326
-0.227763
-0.22742
-0.227475
-0.227695
-0.227544
-0.226569
-0.224948
-0.223438
-0.222751
-0.222944
-0.223438
-0.223575
-0.223301
-0.223053
-0.223108
-0.223177
-0.222847
-0.222175
-0.221735
-0.221886
-0.222436
-0.22271
-0.222216
-0.221049
-0.219744
-0.218865
-0.218659
-0.218962
-0.219401
-0.219662
-0.219579
-0.219181
-0.218659
-0.218206
-0.217808
-0.217382
-0.216998
-0.216874
-0.217163
-0.217671
-0.217781
-0.216902
-0.215007
-0.212892
-0.211643
-0.211821
-0.212961
-0.214032
-0.214169
-0.213236
-0.211753
-0.210393
-0.209652
-0.20946
-0.209418
-0.209116
-0.208622
-0.20832
-0.208471
-0.2088
-0.208732
-0.208004
-0.206892
-0.205999
-0.205821
-0.20626
-0.206686
-0.206397
-0.205107
-0.203335
-0.202072
-0.202031
-0.202992
-0.203871
-0.203692
-0.202512
-0.201303
-0.201083
-0.201921
-0.203061
-0.20361
-0.203418
-0.202882
-0.202415
-0.202003
-0.201358
-0.200424
-0.199367
-0.198475
-0.197857
-0.197417
-0.196964
-0.196415
-0.19577
-0.19533
-0.195261
-0.195454
-0.195495
-0.195261
-0.195014
-0.195056
-0.195316
-0.195426
-0.195207
-0.194781
-0.194369
-0.194012
-0.193627
-0.193257
-0.193023
-0.193106
-0.193353
-0.193339
-0.1929
-0.192323
-0.192035
-0.192035
-0.191897
-0.191458
-0.191101
-0.191279
-0.191842
-0.192062
-0.191376
-0.189989
-0.188684
-0.18797
-0.187847
-0.18797
-0.188121
-0.188231
-0.188217
-0.187998
-0.187613
-0.187133
-0.186638
-0.186007
-0.185087
-0.183961
-0.182958
-0.18234
-0.181983
-0.181475
-0.18083
-0.180569
-0.181242
-0.182752
-0.184235
-0.184496
-0.182862
-0.179759
-0.176532
-0.174678
-0.174678
-0.175859
-0.17726
-0.178358
-0.179114
-0.179457
-0.179182
-0.178276
-0.176985
-0.175598
-0.174445
-0.173827
-0.173827
-0.17417
-0.174363
-0.174074
-0.173456
-0.173058
-0.17325
-0.174033
-0.175035
-0.175791
-0.175955
-0.175543
-0.174775
-0.173923
-0.173237
-0.172893
-0.172852
-0.172729
-0.17196
-0.170504
-0.16898
-0.168238
-0.168623
-0.169625
-0.170312
-0.169955
-0.168637
-0.167154
-0.16644
-0.166824
-0.16784
-0.168664
-0.168788
-0.168307
-0.167607
-0.166948
-0.166261
-0.165575
-0.165176
-0.165396
-0.166138
-0.166893
-0.167264
-0.167236
-0.167085
-0.166934
-0.166646
-0.166165
-0.165602
-0.16508
-0.164586
-0.164009
-0.163254
-0.162334
-0.161428
-0.160906
-0.161098
-0.161908
-0.162746
-0.163034
-0.162526
-0.161496
-0.160398
-0.159753
-0.159835
-0.160467
-0.161139
-0.161318
-0.160892
-0.160096
-0.159368
-0.159231
-0.159959
-0.161208
-0.162101
-0.16184
-0.160247
-0.15772
-0.155139
-0.153409
-0.152983
-0.153532
-0.154205
-0.154425
-0.154164
-0.153711
-0.153162
-0.152448
-0.151637
-0.151074
-0.151047
-0.151473
-0.152091
-0.152681
-0.153107
-0.15323
-0.152873
-0.152132
-0.151335
-0.1508
-0.150608
-0.150621
-0.150608
-0.150457
-0.150278
-0.150333
-0.150621
-0.150772
-0.150182
-0.148603
-0.146598
-0.145307
-0.145609
-0.147271
-0.149111
-0.149921
-0.149344
-0.148109
-0.147326
-0.147628
-0.148713
-0.149784
-0.150155
-0.149578
-0.14826
-0.146639
-0.145417
-0.14517
-0.145815
-0.146557
-0.146612
-0.145925
-0.144978
-0.144195
-0.14366
-0.143426
-0.14355
-0.14403
-0.144758
-0.145568
-0.146365
-0.146955
-0.147106
-0.146749
-0.146063
-0.145115
-0.143797
-0.142232
-0.140927
-0.140405
-0.140721
-0.141421
-0.142108
-0.142616
-0.142987
-0.14322
-0.143344
-0.143509
-0.143769
-0.143866
-0.143316
-0.141957
-0.140364
-0.139403
-0.139609
-0.140611
-0.141545
-0.141765
-0.141133
-0.139897
-0.138552
-0.137577
-0.137233
-0.13722
-0.137014
-0.136327
-0.135448
-0.134721
-0.134199
-0.133636
-0.133032
-0.132592
-0.132565
-0.132936
-0.13354
-0.134213
-0.134872
-0.135256
-0.135119
-0.13446
-0.133691
-0.133471
-0.134116
-0.135393
-0.136712
-0.137453
-0.137247
-0.136162
-0.134528
-0.132771
-0.131219
-0.130025
-0.12916
-0.128638
-0.128597
-0.129132
-0.130025
-0.130794
-0.130999
-0.130615
-0.129915
-0.129365
-0.129256
-0.129585
-0.130176
-0.13078
-0.131233
-0.131425
-0.131288
-0.130848
-0.130244
-0.129544
-0.128816
-0.128336
-0.128418
-0.129036
-0.129599
-0.129503
-0.128775
-0.128061
-0.127786
-0.127896
-0.128143
-0.128432
-0.128597
-0.128294
-0.127278
-0.12585
-0.124738
-0.124477
-0.124971
-0.125589
-0.125768
-0.125383
-0.124587
-0.123598
-0.122665
-0.122115
-0.122239
-0.122994
-0.123859
-0.124285
-0.124038
-0.12331
-0.122569
-0.122184
-0.12228
-0.122816
-0.123447
-0.123681
-0.123186
-0.122033
-0.120783
-0.120042
-0.120028
-0.120344
-0.120413
-0.119973
-0.119246
-0.118573
-0.118175
-0.118092
-0.118147
-0.118133
-0.11801
-0.118037
-0.118545
-0.119506
-0.120413
-0.120701
-0.120124
-0.118943
-0.117721
-0.117104
-0.117337
-0.118051
-0.118518
-0.118202
-0.1172
-0.11606
-0.115332
-0.115126
-0.115222
-0.115401
-0.115662
-0.116074
-0.116444
-0.116417
-0.115744
-0.114673
-0.113643
-0.113053
-0.112957
-0.113176
-0.113492
-0.113781
-0.11411
-0.114659
-0.115497
-0.116321
-0.116609
-0.116087
-0.115044
-0.114028
-0.113437
-0.113314
-0.113465
-0.11363
-0.113616
-0.113314
-0.112586
-0.111419
-0.110018
-0.108782
-0.108
-0.107739
-0.107917
-0.108439
-0.109139
-0.109826
-0.11032
-0.110636
-0.110746
-0.110691
-0.110581
-0.110554
-0.110513
-0.110114
-0.109249
-0.108247
-0.107492
-0.106997
-0.106489
-0.105913
-0.105528
-0.105514
-0.105816
-0.106297
-0.106778
-0.10708
-0.107025
-0.106572
-0.105816
-0.104965
-0.104265
-0.103976
-0.104059
-0.104292
-0.104608
-0.105212
-0.106325
-0.107656
-0.108425
-0.107794
-0.105665
-0.102892
-0.10075
-0.100159
-0.100956
-0.102109
-0.102548
-0.102178
-0.10167
-0.101766
-0.102603
-0.103812
-0.104924
-0.105583
-0.105322
-0.103771
-0.101217
-0.0988136
-0.0978249
-0.0986625
-0.10053
-0.102027
-0.102342
-0.101821
-0.101381
-0.101738
-0.102782
-0.103949
-0.104608
-0.104539
-0.103894
-0.102905
-0.101738
-0.100448
-0.0992255
-0.0985939
-0.0989646
-0.100159
-0.101354
-0.101793
-0.101148
-0.0995962
-0.0976601
-0.0958888
-0.0946805
-0.0941312
-0.0942411
-0.0950375
-0.0963282
-0.097564
-0.0980721
-0.0976601
-0.0967127
-0.0958476
-0.0954906
-0.0955455
-0.0956966
-0.0958202
-0.0960261
-0.0964518
-0.0968088
-0.0967264
-0.0961634
-0.0955181
-0.0951748
-0.0951336
-0.09501
-0.094653
-0.0942548
-0.09409
-0.0941587
-0.0941724
-0.0939665
-0.0936232
-0.0934035
-0.093582
-0.0942685
-0.095216
-0.0959575
-0.0960811
-0.0955181
-0.0946256
-0.0938978
-0.0935408
-0.0933348
-0.0929229
-0.0921127
-0.0911378
-0.0903552
-0.0900119
-0.0901355
-0.0905749
-0.091179
-0.0918107
-0.0924286
-0.0929641
-0.0931975
-0.092868
-0.092099
-0.0914536
-0.0914536
-0.0920441
-0.092813
-0.0934309
-0.0939115
-0.0942273
-0.0941724
-0.0935683
-0.0925247
-0.0914125
-0.090616
-0.0903552
-0.0905749
-0.0911378
-0.0917557
-0.0921951
-0.0922775
-0.091948
-0.0913026
-0.0906572
-0.0902865
-0.090259
-0.090314
-0.0902316
-0.0899432
-0.0896274
-0.0895175
-0.0897372
-0.0900256
-0.0899569
-0.0892704
-0.0881994
-0.0872382
-0.0868537
-0.0870871
-0.0878698
-0.0889683
-0.0900668
-0.0908495
-0.0911653
-0.0910966
-0.0907534
-0.0901492
-0.0892429
-0.088117
-0.0870734
-0.0864555
-0.0863456
-0.0863731
-0.0860848
-0.0854806
-0.0850274
-0.0850686
-0.0852471
-0.0850824
-0.0845057
-0.0840525
-0.0842036
-0.0849863
-0.0860161
-0.0865928
-0.0861671
-0.084643
-0.0826657
-0.0812239
-0.0809905
-0.0818555
-0.0832836
-0.084794
-0.0860848
-0.0870185
-0.0874304
-0.0872107
-0.0863319
-0.0850824
-0.0840525
-0.083723
-0.0841075
-0.0846842
-0.0849588
-0.0848627
-0.0847254
-0.0849451
-0.0854943
-0.0859062
-0.0856179
-0.0845469
-0.0832424
-0.0825696
-0.0831051
-0.0845606
-0.0860298
-0.0866203
-0.0859886
-0.0843272
-0.0822126
-0.0804962
-0.0800293
-0.0810729
-0.0829266
-0.0843546
-0.0843272
-0.0828579
-0.0809493
-0.0798645
-0.0801529
-0.0814299
-0.0827755
-0.0834209
-0.0830639
-0.0819379
-0.0807433
-0.0799469
-0.0795624
-0.0792603
-0.0789445
-0.078972
-0.0796311
-0.0807021
-0.0814848
-0.0814161
-0.0805099
-0.0792878
-0.0784777
-0.0784639
-0.0791505
-0.0800568
-0.0806472
-0.080606
-0.0799057
-0.0788484
-0.0779559
-0.0775577
-0.0776126
-0.0778323
-0.0780108
-0.0781756
-0.0785326
-0.0790956
-0.0796586
-0.0797959
-0.0793015
-0.0784502
-0.0777087
-0.0773929
-0.0773792
-0.0773792
-0.0771457
-0.0765141
-0.0754843
-0.0744132
-0.0739326
-0.0743995
-0.0755255
-0.0765553
-0.0768986
-0.0765141
-0.0758001
-0.0751273
-0.0747291
-0.0746329
-0.0748664
-0.075347
-0.0759923
-0.0765553
-0.0766652
-0.0760335
-0.0748114
-0.0736031
-0.073095
-0.0735482
-0.0746055
-0.0756216
-0.0759923
-0.0755255
-0.074427
-0.0731362
-0.0720515
-0.0714198
-0.071461
-0.0722025
-0.0735482
-0.075141
-0.0764317
-0.0768849
-0.0763219
-0.0749899
-0.0734932
-0.072381
-0.0719279
-0.0720103
-0.0723673
-0.0728067
-0.0732049
-0.0734795
-0.0735619
-0.0734658
-0.073301
-0.0732049
-0.0732049
-0.0731225
-0.0727792
-0.0722712
-0.072024
-0.0723261
-0.0730401
-0.0737267
-0.0740013
-0.0737541
-0.0730813
-0.0721888
-0.0713237
-0.0706097
-0.0699094
-0.0690169
-0.0681518
-0.0677948
-0.068344
-0.0696348
-0.0710354
-0.0717357
-0.0712688
-0.0699094
-0.0684264
-0.0675202
-0.0672867
-0.0673966
-0.0675476
-0.06763
-0.06763
-0.0675751
-0.0675064
-0.0675064
-0.0675751
-0.0676712
-0.0677811
-0.0678635
-0.0677673
-0.067273
-0.0663668
-0.0653369
-0.0645405
-0.0641835
-0.0643208
-0.0648838
-0.0656253
-0.0662157
-0.0665453
-0.0668473
-0.0673691
-0.067987
-0.0683852
-0.068344
-0.0679321
-0.0672867
-0.0664903
-0.065639
-0.0649524
-0.0647327
-0.0651172
-0.0658312
-0.0663805
-0.0663668
-0.0659411
-0.0656253
-0.0655978
-0.065488
-0.0649662
-0.0642796
-0.0641286
-0.0649113
-0.066202
-0.0670945
-0.0668748
-0.0655154
-0.0637304
-0.0624534
-0.0621925
-0.0627692
-0.0636068
-0.0642522
-0.0645954
-0.0647739
-0.0649936
-0.0653644
-0.0659274
-0.0666276
-0.0671357
-0.0669572
-0.0657489
-0.0637578
-0.0619041
-0.0610116
-0.0611901
-0.0617256
-0.0619179
-0.0614922
-0.060682
-0.0598582
-0.0594325
-0.0597071
-0.0606134
-0.0617531
-0.062522
-0.0624808
-0.0615471
-0.0600779
-0.0588558
-0.0585812
-0.0593089
-0.0603388
-0.0608331
-0.0605447
-0.0597346
-0.0588283
-0.0582242
-0.0582791
-0.0589656
-0.0598032
-0.0601465
-0.0595835
-0.0581555
-0.0562743
-0.0546403
-0.0539675
-0.0546129
-0.0562743
-0.0582242
-0.0597758
-0.0606683
-0.0610528
-0.0611626
-0.0610665
-0.0607919
-0.0603937
-0.0600779
-0.0598582
-0.0595835
-0.0589656
-0.0580594
-0.0571669
-0.0566863
-0.0566039
-0.0566313
-0.0563567
-0.0555603
-0.0543382
-0.0531985
-0.0528553
-0.0536242
-0.0550385
-0.0563018
-0.0569472
-0.0569746
-0.0566451
-0.0561233
-0.0556152
-0.0552857
-0.0551209
-0.0549561
-0.0547227
-0.0544893
-0.0543932
-0.0545305
-0.0550385
-0.0560134
-0.0572081
-0.0580594
-0.0579907
-0.056906
-0.0554367
-0.0545305
-0.0547364
-0.0556702
-0.0564803
-0.0566176
-0.0562469
-0.0557937
-0.0556152
-0.0559448
-0.0567961
-0.0578122
-0.0583203
-0.0577985
-0.0564254
-0.055066
-0.0546678
-0.0553818
-0.056494
-0.0570021
-0.0563979
-0.0550934
-0.0538988
-0.0534732
-0.0539263
-0.0550248
-0.0564391
-0.05762
-0.0579083
-0.0571119
-0.0556702
-0.0543932
