LECROYHDO9204-MSöv,30454,Waveform
Segments,1,SegmentSize,2002
Ampl
-0.0166324
-0.0158085
-0.0144079
-0.0130485
-0.0124169
-0.0127053
-0.013639
-0.0147512
-0.0156712
-0.0162891
-0.0168795
-0.0176897
-0.0184998
-0.0186234
-0.0177446
-0.0162891
-0.0149846
-0.0141882
-0.0138587
-0.0139685
-0.01471
-0.0160007
-0.0173189
-0.0178682
-0.017264
-0.0157948
-0.0143393
-0.0137076
-0.0141333
-0.0152455
-0.0164401
-0.0173189
-0.0177995
-0.0179094
-0.017621
-0.0167834
-0.0153554
-0.0135154
-0.011799
-0.0107005
-0.0103847
-0.0106318
-0.0111399
-0.011799
-0.0125679
-0.0133781
-0.0140646
-0.0145178
-0.0146688
-0.014504
-0.0142981
-0.0143942
-0.0151357
-0.0165363
-0.0182527
-0.0195297
-0.0196258
-0.0183488
-0.0163577
-0.0146551
-0.0139548
-0.0143118
-0.0153279
-0.016344
-0.0167422
-0.0163577
-0.0157398
-0.0156163
-0.0160969
-0.0166598
-0.0167834
-0.0164951
-0.0162754
-0.0164813
-0.0170168
-0.0173876
-0.0170992
-0.0160419
-0.0147237
-0.0138999
-0.0138999
-0.0143118
-0.0146551
-0.0148885
-0.0154103
-0.0163852
-0.01747
-0.0180879
-0.0179231
-0.0171816
-0.0163715
-0.0157536
-0.0151631
-0.0143118
-0.0132682
-0.0124856
-0.0122933
-0.0125954
-0.01287
-0.0127464
-0.0121148
-0.0111674
-0.0104396
-0.0105495
-0.0116891
-0.013433
-0.0149984
-0.0156437
-0.0152455
-0.0142569
-0.0133918
-0.0130485
-0.0131035
-0.0132957
-0.0135978
-0.0140784
-0.01471
-0.0153554
-0.0159184
-0.0163715
-0.0165774
-0.0163852
-0.0158222
-0.0152318
-0.0149572
-0.0151357
-0.0157124
-0.0164951
-0.0172228
-0.0175112
-0.0171267
-0.0162204
-0.0151357
-0.014202
-0.0136527
-0.0137076
-0.0144079
-0.0155201
-0.0165774
-0.0170168
-0.0165363
-0.0153279
-0.014202
-0.0139823
-0.0148199
-0.0160969
-0.0170031
-0.0171404
-0.0166324
-0.0157673
-0.0149572
-0.0144491
-0.0141608
-0.0137763
-0.0131584
-0.0124581
-0.0120599
-0.0122384
-0.0131035
-0.0144079
-0.0154103
-0.0153554
-0.014147
-0.0123894
-0.0109751
-0.0105495
-0.011236
-0.0127053
-0.0143118
-0.015424
-0.0158085
-0.0156849
-0.0153691
-0.0149709
-0.0144903
-0.0138999
-0.0131858
-0.0124444
-0.0118951
-0.0117578
-0.0119912
-0.0123894
-0.0128426
-0.0132133
-0.0134055
-0.0132957
-0.0131035
-0.0131584
-0.0135291
-0.013996
-0.0141882
-0.01379
-0.0128014
-0.0116342
-0.0108103
-0.0105906
-0.0107554
-0.0109202
-0.0108241
-0.0105495
-0.0104121
-0.0107966
-0.0117166
-0.0125954
-0.0126915
-0.0118402
-0.010728
-0.0103298
-0.0109065
-0.0119638
-0.012925
-0.013639
-0.0141882
-0.014559
-0.014559
-0.0140646
-0.0131996
-0.0122109
-0.0113871
-0.0108241
-0.0104259
-0.0100689
-0.0098217
-0.00995901
-0.0107692
-0.012156
-0.013639
-0.014504
-0.0142706
-0.0131309
-0.0117715
-0.0109339
-0.0108103
-0.011085
-0.011442
-0.0118539
-0.0122933
-0.0126229
-0.0125954
-0.0122109
-0.0116342
-0.0111674
-0.0111124
-0.0116754
-0.0127602
-0.0139411
-0.0147787
-0.0149297
-0.0144628
-0.0136802
-0.0130485
-0.0128288
-0.0130348
-0.0134742
-0.0138587
-0.0138999
-0.0133918
-0.0124169
-0.0113871
-0.0108378
-0.01103
-0.011799
-0.0127602
-0.0134879
-0.013584
-0.0128426
-0.0115244
-0.0103709
-0.0100551
-0.0107829
-0.0121148
-0.0133369
-0.0138175
-0.0133918
-0.0124169
-0.0114969
-0.0110438
-0.01103
-0.0112497
-0.0114969
-0.0116205
-0.0115656
-0.0114283
-0.0113184
-0.0112909
-0.0113321
-0.0115518
-0.0120599
-0.0127602
-0.0133232
-0.0134879
-0.0132408
-0.0127053
-0.0120736
-0.0115793
-0.0115244
-0.0118402
-0.0121285
-0.0119638
-0.0113321
-0.0105906
-0.0102062
-0.0103298
-0.0106868
-0.010879
-0.0108378
-0.0108515
-0.0111536
-0.0115656
-0.0117029
-0.0114832
-0.0110438
-0.0106181
-0.0103572
-0.0103709
-0.0106318
-0.0109065
-0.0110163
-0.0111124
-0.0115106
-0.0122933
-0.0131996
-0.0139548
-0.0143255
-0.0142157
-0.0135017
-0.012307
-0.0110163
-0.0100963
-0.0098217
-0.010165
-0.0108515
-0.0114694
-0.0118265
-0.0120462
-0.0122933
-0.0125267
-0.0124856
-0.0120187
-0.0113596
-0.0110575
-0.0116754
-0.013282
-0.0151906
-0.0162342
-0.0156025
-0.0137351
-0.01195
-0.0113596
-0.0120324
-0.0132408
-0.0140646
-0.0140509
-0.0132545
-0.0121972
-0.0114008
-0.0110575
-0.0109614
-0.0107554
-0.0103709
-0.00990409
-0.00954708
-0.00935484
-0.00921753
-0.00903902
-0.00887425
-0.00895664
-0.0093823
-0.0100139
-0.0106456
-0.0113184
-0.0121011
-0.0128563
-0.0132133
-0.0130348
-0.0124718
-0.011799
-0.0110438
-0.0102062
-0.00956081
-0.00975305
-0.0111811
-0.0135291
-0.0156163
-0.0162342
-0.0149709
-0.0125817
-0.0105083
-0.00983543
-0.010673
-0.012307
-0.0137076
-0.014202
-0.0138449
-0.013282
-0.0131172
-0.0135429
-0.0143393
-0.0152867
-0.0161792
-0.0166736
-0.0164401
-0.0155888
-0.0146963
-0.0142706
-0.0142981
-0.0143393
-0.0140509
-0.0134605
-0.0128151
-0.0123894
-0.0123894
-0.01287
-0.0135978
-0.0141058
-0.013996
-0.0133232
-0.0125679
-0.012307
-0.0126503
-0.0131309
-0.0131996
-0.0127464
-0.0121148
-0.0116479
-0.0115518
-0.012156
-0.0137076
-0.0160145
-0.0181565
-0.0190216
-0.0181703
-0.0160557
-0.0137214
-0.0120599
-0.0114008
-0.0115656
-0.0121835
-0.0130623
-0.0140921
-0.0149846
-0.0154652
-0.0156712
-0.0160007
-0.0165088
-0.0168246
-0.0166736
-0.0162479
-0.0159733
-0.0161243
-0.0168383
-0.0182389
-0.0202437
-0.0224956
-0.0245141
-0.0261481
-0.0277134
-0.0297457
-0.0325194
-0.0358423
-0.039385
-0.0431473
-0.0474589
-0.0524433
-0.057771
-0.0629889
-0.0679733
-0.0729303
-0.0778598
-0.0825009
-0.0867164
-0.0908495
-0.0956005
-0.101244
-0.107368
-0.113121
-0.118024
-0.122239
-0.126276
-0.130505
-0.134885
-0.139128
-0.142932
-0.14609
-0.148603
-0.150594
-0.152406
-0.154411
-0.156883
-0.159876
-0.163103
-0.166069
-0.168184
-0.1692
-0.169392
-0.169323
-0.16931
-0.169241
-0.16898
-0.168417
-0.167538
-0.166357
-0.165163
-0.164394
-0.164215
-0.164284
-0.164023
-0.162979
-0.161153
-0.159011
-0.157144
-0.155771
-0.154658
-0.153395
-0.151843
-0.150141
-0.148534
-0.147216
-0.146282
-0.145733
-0.145349
-0.144895
-0.14414
-0.142863
-0.140927
-0.138483
-0.136231
-0.135009
-0.135215
-0.136437
-0.137824
-0.138716
-0.139032
-0.138977
-0.138826
-0.138648
-0.138442
-0.13825
-0.138277
-0.138785
-0.13976
-0.140858
-0.141669
-0.142012
-0.142012
-0.141888
-0.141696
-0.141353
-0.1409
-0.140543
-0.140749
-0.141833
-0.143522
-0.145074
-0.145884
-0.14598
-0.145857
-0.146021
-0.146543
-0.147079
-0.147298
-0.147202
-0.147216
-0.147669
-0.14852
-0.149427
-0.150045
-0.150319
-0.150553
-0.150896
-0.15128
-0.151349
-0.150869
-0.150045
-0.149427
-0.149427
-0.149852
-0.150141
-0.14988
-0.149235
-0.148836
-0.149207
-0.150319
-0.151445
-0.151747
-0.15102
-0.149935
-0.149331
-0.149495
-0.1501
-0.150553
-0.150566
-0.150113
-0.149344
-0.148452
-0.147628
-0.146955
-0.14642
-0.146159
-0.146365
-0.14712
-0.148191
-0.149303
-0.150237
-0.150731
-0.150539
-0.149633
-0.148411
-0.147312
-0.146543
-0.14609
-0.145953
-0.146186
-0.146722
-0.14734
-0.14771
-0.147614
-0.14723
-0.146914
-0.146886
-0.146996
-0.1469
-0.146488
-0.145884
-0.145376
-0.145225
-0.145555
-0.146159
-0.146461
-0.146008
-0.144937
-0.143879
-0.143385
-0.14344
-0.143701
-0.143934
-0.144209
-0.144717
-0.145417
-0.145966
-0.14587
-0.144992
-0.14366
-0.142506
-0.141998
-0.142108
-0.142465
-0.142753
-0.143028
-0.143632
-0.144689
-0.145857
-0.146557
-0.146626
-0.146323
-0.145939
-0.145335
-0.144305
-0.142946
-0.14171
-0.140982
-0.140831
-0.140982
-0.141064
-0.1409
-0.14046
-0.139925
-0.139513
-0.139458
-0.139815
-0.140529
-0.141353
-0.142026
-0.142314
-0.142081
-0.14127
-0.140035
-0.138854
-0.138222
-0.138236
-0.138524
-0.138552
-0.138112
-0.137481
-0.137124
-0.137384
-0.138263
-0.139307
-0.13987
-0.139499
-0.138401
-0.137179
-0.136423
-0.136355
-0.136863
-0.137618
-0.138263
-0.138442
-0.138071
-0.137275
-0.136341
-0.135517
-0.13505
-0.135091
-0.135545
-0.136107
-0.136437
-0.136465
-0.136368
-0.1363
-0.136217
-0.135915
-0.135352
-0.134789
-0.134583
-0.134899
-0.135462
-0.135847
-0.135723
-0.13516
-0.134487
-0.133938
-0.13354
-0.13321
-0.132894
-0.132661
-0.132702
-0.133196
-0.134089
-0.134913
-0.135078
-0.134473
-0.133608
-0.133224
-0.133553
-0.134295
-0.134872
-0.134968
-0.134707
-0.134391
-0.134171
-0.133993
-0.133869
-0.133787
-0.133608
-0.133073
-0.132249
-0.131521
-0.13126
-0.131425
-0.131645
-0.131631
-0.131356
-0.130917
-0.130368
-0.129777
-0.129324
-0.129201
-0.129448
-0.129764
-0.129736
-0.129242
-0.1285
-0.127883
-0.127539
-0.127457
-0.127539
-0.127608
-0.127347
-0.126496
-0.125205
-0.123997
-0.123489
-0.124024
-0.125397
-0.126908
-0.127855
-0.127855
-0.127114
-0.126152
-0.125507
-0.125425
-0.125823
-0.126386
-0.12677
-0.126825
-0.126537
-0.125891
-0.124917
-0.123777
-0.122871
-0.122651
-0.123255
-0.124409
-0.125589
-0.126248
-0.126084
-0.125177
-0.124079
-0.12342
-0.123502
-0.124079
-0.124628
-0.124807
-0.124642
-0.124326
-0.1239
-0.123283
-0.1225
-0.121813
-0.121456
-0.121443
-0.121497
-0.121333
-0.120797
-0.119987
-0.119122
-0.118477
-0.118257
-0.118518
-0.118985
-0.119136
-0.118683
-0.11768
-0.116554
-0.115703
-0.115264
-0.11503
-0.114852
-0.11492
-0.115538
-0.116678
-0.117804
-0.118188
-0.117612
-0.116376
-0.115099
-0.114344
-0.114357
-0.114961
-0.115744
-0.116307
-0.116472
-0.116142
-0.115305
-0.114179
-0.113204
-0.112737
-0.112792
-0.113039
-0.113218
-0.113286
-0.113273
-0.113245
-0.113355
-0.113739
-0.114261
-0.114398
-0.113575
-0.111941
-0.110348
-0.109799
-0.110677
-0.11249
-0.114357
-0.115497
-0.115621
-0.114879
-0.113767
-0.112819
-0.112435
-0.11271
-0.113273
-0.113712
-0.113781
-0.113451
-0.11271
-0.111597
-0.11043
-0.109689
-0.109524
-0.109702
-0.109881
-0.110018
-0.110348
-0.111144
-0.112462
-0.113918
-0.114824
-0.114604
-0.113231
-0.111419
-0.110252
-0.110403
-0.111501
-0.112229
-0.111501
-0.109524
-0.10767
-0.107231
-0.108288
-0.109881
-0.110938
-0.111007
-0.110238
-0.109181
-0.108467
-0.108618
-0.109634
-0.110787
-0.111103
-0.110087
-0.108041
-0.105899
-0.104471
-0.103935
-0.104031
-0.104485
-0.105405
-0.106791
-0.108123
-0.108549
-0.107753
-0.106325
-0.105144
-0.104608
-0.104526
-0.104526
-0.10432
-0.103825
-0.103125
-0.102384
-0.101725
-0.101299
-0.101244
-0.10167
-0.102342
-0.102933
-0.103221
-0.103153
-0.102713
-0.101958
-0.101217
-0.100901
-0.10123
-0.101985
-0.102699
-0.102851
-0.102233
-0.101079
-0.100187
-0.100173
-0.100928
-0.101766
-0.102274
-0.102617
-0.103029
-0.103331
-0.103098
-0.102246
-0.10134
-0.100997
-0.101299
-0.101725
-0.10156
-0.100489
-0.0987861
-0.0970285
-0.095724
-0.095065
-0.0949551
-0.0952297
-0.0956554
-0.0959575
-0.0959849
-0.0958476
-0.0958202
-0.0961223
-0.0965617
-0.0966028
-0.0957378
-0.09409
-0.0925796
-0.0921402
-0.0929229
-0.0941999
-0.0950924
-0.0953121
-0.0951061
-0.0948041
-0.0945294
-0.0941038
-0.0933074
-0.0922089
-0.0912339
-0.0907534
-0.0907396
-0.0908907
-0.0910829
-0.0913575
-0.0919342
-0.0927993
-0.0938017
-0.0947491
-0.0955593
-0.0962458
-0.0966028
-0.0961909
-0.0948178
-0.0928542
-0.0911378
-0.0902865
-0.090259
-0.0905749
-0.0910142
-0.0916871
-0.0927993
-0.094145
-0.0952435
-0.0955593
-0.0949414
-0.0937193
-0.0924698
-0.0916322
-0.0912339
-0.0910417
-0.090822
-0.0905474
-0.0903963
-0.0906847
-0.0915498
-0.0926757
-0.0934309
-0.0933348
-0.0924835
-0.0913163
-0.0901355
-0.089037
-0.088117
-0.0876501
-0.0879247
-0.0890232
-0.0906298
-0.0921539
-0.0928954
-0.0925659
-0.0914399
-0.090108
-0.0889683
-0.0879934
-0.0870734
-0.0863731
-0.0862907
-0.0869773
-0.0881307
-0.0891056
-0.0894077
-0.088982
-0.0881719
-0.0873068
-0.0865379
-0.0859337
-0.0856316
-0.0856316
-0.0857827
-0.0859612
-0.0862907
-0.0869224
-0.0876913
-0.088117
-0.0879247
-0.0872794
-0.0866752
-0.0865104
-0.086785
-0.0870734
-0.0868262
-0.0859749
-0.0850274
-0.0845881
-0.0848078
-0.0854119
-0.0860848
-0.086634
-0.0868812
-0.0867438
-0.0863319
-0.0858925
-0.0854668
-0.0849313
-0.0843546
-0.0840113
-0.0839839
-0.0840525
-0.0841349
-0.0843821
-0.0849863
-0.0857415
-0.0862633
-0.0864006
-0.0863594
-0.0863456
-0.0862083
-0.0854119
-0.0835857
-0.0811415
-0.079123
-0.0784502
-0.0791917
-0.0806197
-0.0817457
-0.0818967
-0.080963
-0.0794251
-0.0780795
-0.0774616
-0.077489
-0.0776263
-0.0774204
-0.076926
-0.0766652
-0.0771046
-0.078258
-0.079535
-0.0801254
-0.0796036
-0.0782717
-0.0770771
-0.0767338
-0.0772556
-0.0780383
-0.0785051
-0.0785875
-0.0785601
-0.0787386
-0.0791368
-0.0795624
-0.0799332
-0.0803039
-0.0805923
-0.0804687
-0.0795899
-0.078258
-0.0771869
-0.0768849
-0.0772693
-0.0779284
-0.0785189
-0.0788484
-0.0787798
-0.0784365
-0.0781207
-0.0779971
-0.0778186
-0.077132
-0.0757726
-0.0742485
-0.0734795
-0.0741523
-0.0760061
-0.077901
-0.0784639
-0.0772831
-0.0752096
-0.0737541
-0.0739052
-0.0755255
-0.0774341
-0.0783129
-0.0778186
-0.0767201
-0.0760061
-0.0758825
-0.0756902
-0.0748664
-0.0736306
-0.0726968
-0.0726145
-0.0732873
-0.0742622
-0.0749762
-0.0751822
-0.0750174
-0.0747702
-0.0746192
-0.0745231
-0.0745231
-0.0747702
-0.0752783
-0.0758687
-0.0763081
-0.0764317
-0.0760884
-0.0751822
-0.0739876
-0.0730127
-0.0726831
-0.0730127
-0.0735756
-0.0739189
-0.0737679
-0.0732598
-0.0729028
-0.07315
-0.0739052
-0.0746741
-0.0749488
-0.0746329
-0.0739189
-0.073095
-0.0724771
-0.0724771
-0.0733697
-0.0747565
-0.0756765
-0.0755392
-0.0745094
-0.0733285
-0.0725321
-0.0722162
-0.0721339
-0.0719142
-0.0713237
-0.0704037
-0.0695387
-0.0691267
-0.0693602
-0.0701154
-0.0711452
-0.0721888
-0.0728204
-0.072738
-0.0719554
-0.0710216
-0.0706097
-0.0708431
-0.0712139
-0.0710354
-0.0702527
-0.0693602
-0.0688521
-0.0688246
-0.0691817
-0.069676
-0.0700193
-0.0699369
-0.0693327
-0.0684814
-0.0677948
-0.0676163
-0.0679047
-0.0682617
-0.0680969
-0.0672044
-0.0661471
-0.0659136
-0.067067
-0.0690718
-0.0707607
-0.07131
-0.0708157
-0.0699369
-0.0692228
-0.0687697
-0.0684951
-0.0684264
-0.0686873
-0.0693052
-0.0699643
-0.0702527
-0.0700742
-0.0696348
-0.0692915
-0.0693052
-0.0697858
-0.070596
-0.0711315
-0.070596
-0.0689208
-0.0669023
-0.065639
-0.0655292
-0.0660921
-0.0666688
-0.0672044
-0.0680694
-0.06947
-0.0709392
-0.0717494
-0.071516
-0.0704861
-0.0691679
-0.0679184
-0.0669297
-0.0664354
-0.0665727
-0.0670533
-0.0674103
-0.067479
-0.0673691
-0.0672867
-0.067273
-0.0674103
-0.0678635
-0.0686324
-0.0694563
-0.0699781
-0.0699643
-0.0694014
-0.0683852
-0.0672044
-0.066202
-0.0655566
-0.0652408
-0.0651996
-0.0653918
-0.0658038
-0.0661883
-0.0663393
-0.0661883
-0.0657489
-0.0651309
-0.0645268
-0.0642247
-0.0642933
-0.0644856
-0.0646229
-0.0648838
-0.0654468
-0.0660921
-0.0661745
-0.0652271
-0.0634283
-0.0615334
-0.0605585
-0.0610665
-0.0626456
-0.0641011
-0.0644581
-0.0636892
-0.0625632
-0.0618629
-0.0619179
-0.0625083
-0.0631125
-0.0633734
-0.063291
-0.0631125
-0.062879
-0.0622474
-0.0610802
-0.0598032
-0.0592128
-0.0596659
-0.0607782
-0.0616844
-0.0616707
-0.0607644
-0.0597621
-0.0594188
-0.0597209
-0.0599406
-0.0595149
-0.0586086
-0.0576612
-0.0568922
-0.0563155
-0.0560409
-0.056343
-0.057263
-0.0585262
-0.0596522
-0.0601465
-0.0596934
-0.0584027
-0.0569609
-0.0562469
-0.0566725
-0.0577848
-0.0586773
-0.0587185
-0.057977
-0.0571394
-0.0567412
-0.0567824
-0.0568922
-0.0567824
-0.0565078
-0.0562194
-0.0560821
-0.0564254
-0.0575513
-0.0593501
-0.0610116
-0.0617943
-0.0614785
-0.0604761
-0.0593776
-0.0585949
-0.0582654
-0.058183
-0.057977
-0.0574003
-0.0565764
-0.0560409
-0.0561919
-0.0570433
-0.058128
-0.0587322
-0.0584301
-0.057263
-0.0558075
-0.0548188
-0.0548051
-0.0558212
-0.0574003
-0.0587871
-0.0593638
-0.059048
-0.0581692
-0.0570707
-0.055931
-0.0550385
-0.0548737
-0.0556015
-0.0568373
-0.0578809
-0.0583477
-0.0584301
-0.0585949
-0.0591167
-0.0599268
-0.0607232
-0.0611214
-0.0609017
-0.0601328
-0.0592677
-0.0587734
-0.0587734
-0.0588695
-0.05854
-0.0577298
-0.0569197
-0.0567137
-0.0572218
-0.0580182
-0.05854
-0.0583889
-0.0574964
-0.0560546
-0.0545305
-0.0535144
-0.0533496
-0.0539675
-0.0552033
-0.0567
-0.0580045
-0.0585537
-0.058183
-0.0572492
-0.0563979
-0.0560684
-0.0562469
-0.0566176
-0.0567824
-0.056549
-0.0560684
-0.0557663
-0.0559173
-0.0563018
-0.0564666
-0.0562606
-0.0559722
-0.0559997
-0.0565215
-0.0571806
-0.0571943
-0.0559722
-0.0538576
-0.0520451
-0.0516469
-0.0529239
-0.0552308
-0.0573728
-0.058183
-0.0572081
-0.0551758
-0.0535693
-0.053377
-0.0543794
-0.0554642
-0.0558212
-0.055423
-0.0546403
-0.0538027
-0.0531162
-0.0528965
-0.0533633
-0.0542833
-0.0547914
-0.0540911
-0.0521687
-0.0500266
-0.0489144
-0.0493813
-0.0510839
-0.0532535
-0.0550111
-0.055574
-0.0545579
-0.0523472
-0.0501228
-0.0489968
-0.0492028
-0.0501502
-0.0510702
-0.0514547
-0.0511801
-0.0504386
-0.0497246
-0.0495049
-0.0498893
-0.0506857
-0.0515645
-0.0521962
-0.0524159
-0.0522923
-0.052155
-0.0521138
-0.0518529
-0.0510977
-0.0499854
-0.049038
-0.0487771
-0.049395
-0.0506308
-0.0517156
-0.0518117
-0.0507269
-0.0492028
-0.0482004
-0.0480631
-0.0485711
-0.0493538
-0.0501228
-0.0505347
-0.0503836
-0.0498069
-0.0491616
-0.048681
-0.0482828
-0.0477335
-0.0468135
-0.0455503
-0.0443419
-0.0437652
-0.0442046
-0.0455365
-0.0472392
-0.0487771
-0.0498207
-0.0503699
-0.0505484
-0.0503974
-0.0498069
-0.0487359
-0.0474452
-0.0464291
-0.0459622
-0.0459073
-0.0460995
-0.0465115
-0.047198
-0.047967
-0.0485711
-0.0489281
-0.0492028
-0.0494911
-0.0496696
-0.0496147
-0.049395
-0.0490517
-0.0485162
-0.0476511
-0.0465252
-0.0455228
-0.0449736
-0.0448362
-0.0446715
-0.0442458
-0.0438751
-0.0442046
-0.0453443
-0.0466625
-0.0473902
-0.0472529
-0.0466213
-0.0459485
-0.0453992
-0.0448774
-0.0443145
-0.0439437
-0.044136
-0.0449598
-0.0460034
-0.0465801
-0.0464291
-0.0459347
-0.0457837
-0.0462918
-0.0472117
-0.0479395
-0.0479395
-0.0471431
-0.0461132
-0.045564
-0.0457425
-0.0462368
-0.0464565
-0.0460721
-0.0450559
-0.043573
-0.0421037
-0.0414721
-0.0421724
-0.0436966
-0.0450148
-0.0455228
-0.0455777
-0.0457837
-0.046278
-0.0465664
-0.0460721
-0.0447127
-0.0431198
-0.0422136
-0.0424745
-0.0436004
-0.0449186
-0.0459759
-0.0467311
-0.0472804
-0.0478022
-0.0483926
-0.0489144
-0.0489281
-0.0482141
-0.0469783
-0.045715
-0.0446577
-0.0439025
-0.0434906
-0.0435181
-0.0439849
-0.0446852
-0.0451795
-0.0449461
-0.0437652
-0.0421175
-0.0409091
-0.0407855
-0.0415545
-0.0424745
-0.0429413
-0.0427903
-0.0423646
-0.0421449
-0.0424196
-0.0430375
-0.0436142
-0.0437927
-0.0435867
-0.0431061
-0.0425431
-0.042296
-0.042859
-0.0443145
-0.0459622
-0.046841
-0.0465664
-0.0453718
-0.043724
-0.0420763
-0.040964
-0.040813
-0.0414034
-0.0420488
-0.0421449
-0.0416918
-0.04117
-0.0410876
-0.0416506
-0.0425569
-0.0432846
-0.0435043
-0.0431198
-0.0422136
-0.0409366
-0.039687
-0.038973
-0.039028
-0.0394536
-0.0396459
-0.0393026
-0.0386572
-0.0381629
-0.0381903
-0.0388769
-0.040099
-0.0414584
-0.0426118
-0.0433533
-0.0437103
-0.0436828
-0.0431473
-0.0420214
-0.0404697
-0.039028
-0.0383414
-0.0386435
-0.0396321
-0.0406345
-0.0411151
-0.0409503
-0.0403324
-0.0396733
-0.0394262
-0.0398244
-0.040662
-0.0414309
-0.0416781
-0.0412936
-0.0405109
-0.0397282
-0.0392751
-0.0392751
-0.0395223
-0.0396733
-0.0395085
-0.0389593
-0.0382178
-0.0376548
-0.0377372
-0.0386297
-0.0399067
-0.0408267
-0.0408817
-0.0401402
-0.0390554
-0.0382315
-0.0381903
-0.0390554
-0.0403599
-0.0414172
-0.0418428
-0.0418291
-0.041733
-0.0417605
-0.0417742
-0.0416094
-0.04117
-0.0405658
-0.0400715
-0.0400166
-0.0404148
-0.041019
-0.041582
-0.0420076
-0.0421587
-0.0418017
-0.0409366
-0.0399754
-0.0393987
-0.0393163
-0.0395909
-0.0400166
-0.0404423
-0.0406894
-0.040607
-0.0402638
-0.039893
-0.0397145
-0.0397969
-0.0399205
-0.0397832
-0.0392202
-0.038465
-0.0379432
-0.0379706
-0.0385336
-0.0394811
-0.0406345
-0.0416781
-0.0420625
-0.0414996
-0.0402088
-0.0388769
-0.0381903
-0.0383414
-0.038973
-0.0394399
-0.0392476
-0.0385474
-0.0379706
-0.0381217
-0.0389318
-0.0399067
-0.0405109
-0.0404423
-0.0397832
-0.0389318
-0.0383277
-0.0382865
-0.0386984
-0.0393026
-0.0397969
-0.0399479
-0.0396459
-0.0390142
-0.0384924
-0.0383963
-0.0386847
-0.039028
-0.0391378
-0.0389456
-0.0385611
-0.0382453
-0.0382315
-0.0384924
-0.0387259
-0.0386297
-0.0381629
-0.0377372
-0.0377372
-0.0381492
-0.038616
-0.0387945
-0.0386023
-0.038259
-0.0380256
-0.0379432
-0.0379295
-0.0378333
-0.0376823
-0.0374763
-0.0372154
-0.0368584
-0.0365151
-0.0364053
-0.0365701
-0.0368172
-0.036831
-0.0364739
-0.0359796
-0.0357187
-0.0358835
-0.0363916
-0.037133
-0.0379981
-0.038822
-0.0392888
-0.0392476
-0.0388906
-0.0385199
-0.0382178
-0.0377921
-0.0372429
-0.0367623
-0.0365701
-0.0366113
-0.0366799
-0.0367898
-0.0370919
-0.0375862
-0.0379981
-0.038053
-0.0377372
-0.0372154
-0.0365289
-0.0356089
-0.0344555
-0.0334943
-0.0332471
-0.0339062
-0.0350184
-0.0358835
-0.0361444
-0.0360208
-0.0360757
-0.0366387
-0.0375724
-0.0383002
-0.0383002
-0.0374901
-0.0364739
-0.0360345
-0.036419
-0.0371056
-0.0374901
-0.0373939
-0.0371193
-0.0368722
-0.0366799
-0.0365151
-0.0364328
-0.0366113
-0.0371056
-0.0377372
-0.0380668
-0.0378059
-0.0370644
-0.0362268
-0.0355402
-0.0350459
-0.0347575
-0.0347987
-0.0351695
-0.0356775
-0.0360895
-0.0363366
-0.036419
-0.0363366
-0.036062
-0.0355952
-0.0349361
-0.0341808
-0.0335217
-0.0332334
-0.0334119
-0.0339749
-0.0347713
-0.0355402
-0.0359659
-0.0358835
-0.035499
-0.0352656
-0.0353343
-0.035348
-0.0349361
-0.0341808
-0.0336316
-0.0336591
-0.0342083
-0.0346889
-0.0344967
-0.0334256
-0.0320113
-0.0311051
-0.0312836
-0.0324507
-0.0339611
-0.0350871
-0.0353343
-0.0348262
-0.0342358
-0.0342632
-0.0350459
-0.0360345
-0.0365014
-0.0360757
-0.0348811
-0.0333707
-0.0321212
-0.0316131
-0.0319289
-0.0327253
-0.0335492
-0.0340985
-0.0344143
-0.0344829
-0.0341808
-0.0335217
-0.0329862
-0.0331647
-0.0341259
-0.035142
-0.0353617
-0.0346202
-0.0336316
-0.0331647
-0.0334668
-0.034071
-0.0345104
-0.0346614
-0.0347164
-0.0348537
-0.0350322
-0.0350734
-0.0350459
-0.0351832
-0.0355814
-0.035911
-0.0356501
-0.0346614
-0.0334119
-0.0325606
-0.0325056
-0.0331373
-0.0339337
-0.034277
-0.0338238
-0.0328077
