LECROYHDO9204-MSöv,30454,Waveform
Segments,1,SegmentSize,2002
Ampl
-0.0158772
-0.0175936
-0.0182801
-0.0175661
-0.0155064
-0.0128426
-0.0107005
-0.00998648
-0.0107554
-0.0122521
-0.013639
-0.0144766
-0.0148336
-0.0150807
-0.0155888
-0.0164676
-0.01747
-0.0180741
-0.0176759
-0.0161792
-0.0140921
-0.0122384
-0.0111674
-0.01103
-0.0117441
-0.0131858
-0.0151631
-0.0172503
-0.0188019
-0.0193786
-0.0188431
-0.0174425
-0.0156025
-0.0140234
-0.0135017
-0.0144491
-0.0165363
-0.0188431
-0.0204085
-0.0207929
-0.0201064
-0.0189255
-0.0178819
-0.0172777
-0.017058
-0.0170306
-0.0169482
-0.016701
-0.0163852
-0.0163715
-0.0168658
-0.0175524
-0.0175798
-0.0164813
-0.0146276
-0.0131309
-0.0129387
-0.0141745
-0.0161655
-0.0179231
-0.0187607
-0.0184998
-0.0173464
-0.015836
-0.0146963
-0.0144766
-0.0151082
-0.0158772
-0.015987
-0.0152455
-0.0140372
-0.01287
-0.0119638
-0.0114283
-0.0113459
-0.0116891
-0.0121423
-0.0123208
-0.0121285
-0.01195
-0.0121285
-0.0126915
-0.013282
-0.0135291
-0.0134879
-0.0134879
-0.0137214
-0.0140509
-0.0143667
-0.0146963
-0.0150121
-0.0152181
-0.0153554
-0.0157261
-0.0164264
-0.0170031
-0.0167148
-0.0153966
-0.0135429
-0.0119226
-0.0109202
-0.0104671
-0.0102611
-0.0101238
-0.0100689
-0.0102748
-0.0109202
-0.0120599
-0.0136115
-0.0152181
-0.0163303
-0.0164127
-0.0154378
-0.0140509
-0.013076
-0.0128838
-0.0133369
-0.0140921
-0.0149709
-0.015836
-0.0165774
-0.0170168
-0.017058
-0.0166873
-0.0158772
-0.0146963
-0.013433
-0.0126229
-0.0126641
-0.013282
-0.0136527
-0.0131584
-0.0119638
-0.0108103
-0.0103572
-0.0105769
-0.0110987
-0.0116342
-0.0121285
-0.0125542
-0.0128426
-0.013076
-0.0133232
-0.0135017
-0.0134605
-0.013282
-0.0132408
-0.0133643
-0.0134879
-0.0134605
-0.0134605
-0.0137763
-0.0144903
-0.0153142
-0.015781
-0.0155201
-0.0146688
-0.0137351
-0.0130211
-0.0124444
-0.0117853
-0.0112497
-0.0112223
-0.0117578
-0.0124581
-0.0129112
-0.0129387
-0.0125954
-0.0119363
-0.0111948
-0.0108241
-0.0111399
-0.0119912
-0.0127053
-0.0126366
-0.0116342
-0.0102611
-0.00940977
-0.00956081
-0.0104808
-0.0113321
-0.0113321
-0.0101375
-0.00817396
-0.00630652
-0.00542772
-0.00572981
-0.00670472
-0.00763844
-0.00840739
-0.00910768
-0.00968439
-0.00987663
-0.00967066
-0.00947842
-0.00969812
-0.0103572
-0.0111262
-0.0115518
-0.0113459
-0.0105769
-0.00976678
-0.00950588
-0.0101101
-0.0112909
-0.0124169
-0.012925
-0.0126503
-0.0119775
-0.0115793
-0.01195
-0.0129112
-0.0137351
-0.0138175
-0.0131721
-0.0121697
-0.0111811
-0.0102748
-0.00935484
-0.00851724
-0.00794053
-0.00784441
-0.00820142
-0.00870947
-0.00913514
-0.009602
-0.0103435
-0.0113184
-0.0121423
-0.0124581
-0.0122933
-0.0119363
-0.0116754
-0.0115656
-0.0114557
-0.0109751
-0.00990409
-0.00853097
-0.00743247
-0.00711666
-0.00762471
-0.00877813
-0.0102611
-0.0116342
-0.0124581
-0.0126091
-0.0122796
-0.0118539
-0.0115106
-0.0112497
-0.0109889
-0.0107142
-0.0103847
-0.00993155
-0.00935484
-0.00884679
-0.00868201
-0.00892917
-0.00936857
-0.00969812
-0.00984916
-0.0101238
-0.0107417
-0.011442
-0.0116891
-0.0111536
-0.0101375
-0.00940977
-0.009602
-0.0107417
-0.0121972
-0.0131309
-0.0130485
-0.0121148
-0.0109477
-0.010165
-0.0100139
-0.0104121
-0.0110438
-0.0115656
-0.0118127
-0.0119775
-0.0122384
-0.0125954
-0.0127327
-0.0124169
-0.0116754
-0.0108241
-0.0101787
-0.00997274
-0.0102886
-0.0109889
-0.0118127
-0.0124032
-0.0124856
-0.0121423
-0.0118265
-0.0120187
-0.0127053
-0.0133232
-0.0131035
-0.0118814
-0.0102474
-0.00909395
-0.00899783
-0.0098217
-0.0109751
-0.0118265
-0.0120736
-0.0118676
-0.011593
-0.0114557
-0.0114283
-0.0113871
-0.0112635
-0.0110987
-0.0111262
-0.0115793
-0.012362
-0.0130623
-0.0131858
-0.0127053
-0.0119912
-0.0114008
-0.0109339
-0.010522
-0.0102199
-0.0102199
-0.0106318
-0.0113596
-0.0122109
-0.0127876
-0.0127739
-0.0122933
-0.0118265
-0.0118402
-0.0124169
-0.0133369
-0.014147
-0.014353
-0.0136802
-0.012307
-0.0108515
-0.00989036
-0.00975305
-0.0103984
-0.0114694
-0.0124444
-0.0128563
-0.0127327
-0.0125954
-0.0131309
-0.0144079
-0.0157536
-0.0162342
-0.0154927
-0.0139823
-0.0125817
-0.011799
-0.0115518
-0.011442
-0.0112635
-0.011085
-0.0110712
-0.0114008
-0.0122109
-0.0133918
-0.0144354
-0.0146688
-0.0138312
-0.0123757
-0.0112772
-0.0113596
-0.0127464
-0.0146688
-0.0159184
-0.0157124
-0.0142706
-0.0126091
-0.0117029
-0.0119226
-0.012925
-0.0139685
-0.0143805
-0.0138999
-0.0129524
-0.0122109
-0.0121011
-0.0125267
-0.013227
-0.0138861
-0.0141608
-0.0137351
-0.0127602
-0.0117715
-0.0112635
-0.0114694
-0.012362
-0.0134742
-0.0141745
-0.013996
-0.0131721
-0.012362
-0.0121423
-0.0126641
-0.0137763
-0.0151357
-0.0162204
-0.0164264
-0.01563
-0.0142157
-0.0129524
-0.0123208
-0.0123345
-0.0124718
-0.0121972
-0.0114969
-0.0108653
-0.0107692
-0.0111948
-0.0118127
-0.0124306
-0.0131858
-0.0141608
-0.015067
-0.0155064
-0.0153279
-0.0147787
-0.0141745
-0.0138175
-0.01379
-0.0139823
-0.0143118
-0.0147649
-0.0153279
-0.0157673
-0.0158909
-0.0157124
-0.0154103
-0.0150807
-0.0147375
-0.0145727
-0.0147924
-0.0153142
-0.0156712
-0.0155476
-0.0151357
-0.0149984
-0.0156163
-0.017058
-0.0190216
-0.021095
-0.0228938
-0.0241021
-0.0246377
-0.0247887
-0.0252144
-0.0266287
-0.0292513
-0.032588
-0.0358972
-0.0389044
-0.0419664
-0.0457013
-0.0503287
-0.0557114
-0.0613686
-0.0668336
-0.0716807
-0.0758825
-0.0798371
-0.0841898
-0.0893116
-0.0949688
-0.100475
-0.10535
-0.109634
-0.113822
-0.118463
-0.123694
-0.129365
-0.135009
-0.140144
-0.144415
-0.147587
-0.149756
-0.151294
-0.152736
-0.154562
-0.157006
-0.160041
-0.163364
-0.166481
-0.168953
-0.170463
-0.170861
-0.170367
-0.169557
-0.168966
-0.168678
-0.168527
-0.168458
-0.168595
-0.168939
-0.169268
-0.169255
-0.168595
-0.166989
-0.164353
-0.161098
-0.158077
-0.155908
-0.154507
-0.153162
-0.151184
-0.148548
-0.145925
-0.144154
-0.143522
-0.143577
-0.14366
-0.14344
-0.142987
-0.142534
-0.142177
-0.141765
-0.140941
-0.139334
-0.136973
-0.134597
-0.13332
-0.133732
-0.135393
-0.137096
-0.137838
-0.137343
-0.136053
-0.134611
-0.133636
-0.133581
-0.134556
-0.136204
-0.137824
-0.138785
-0.13884
-0.138346
-0.137838
-0.137824
-0.138483
-0.139733
-0.141229
-0.142383
-0.142712
-0.142245
-0.141641
-0.141531
-0.142081
-0.143069
-0.144264
-0.1455
-0.146557
-0.147395
-0.14804
-0.148534
-0.14885
-0.148932
-0.148932
-0.149111
-0.149619
-0.150347
-0.150869
-0.150814
-0.150127
-0.149235
-0.148575
-0.148452
-0.148864
-0.149646
-0.15036
-0.150498
-0.149907
-0.149015
-0.148548
-0.148919
-0.149756
-0.150306
-0.150196
-0.14977
-0.149605
-0.149894
-0.150306
-0.150347
-0.149839
-0.149001
-0.148301
-0.148026
-0.148191
-0.148411
-0.148356
-0.14804
-0.147683
-0.147436
-0.14723
-0.146928
-0.146543
-0.146214
-0.146063
-0.146145
-0.146475
-0.146955
-0.147436
-0.147779
-0.147944
-0.147971
-0.147916
-0.147669
-0.147051
-0.146076
-0.144964
-0.143975
-0.143152
-0.142438
-0.14193
-0.141737
-0.141916
-0.14241
-0.143152
-0.144003
-0.144786
-0.145294
-0.145458
-0.145266
-0.144731
-0.144003
-0.143248
-0.142561
-0.141847
-0.141119
-0.140488
-0.140062
-0.139842
-0.139829
-0.140021
-0.140364
-0.140556
-0.140364
-0.139911
-0.139705
-0.140131
-0.140996
-0.141861
-0.142383
-0.142561
-0.142547
-0.142383
-0.141943
-0.141229
-0.140419
-0.139678
-0.139073
-0.138579
-0.138304
-0.138153
-0.137865
-0.137371
-0.136876
-0.13678
-0.137179
-0.13781
-0.138387
-0.138813
-0.13906
-0.13895
-0.138456
-0.137975
-0.138126
-0.139019
-0.139897
-0.139705
-0.138085
-0.135792
-0.134116
-0.133856
-0.134913
-0.136616
-0.138318
-0.139609
-0.140158
-0.13976
-0.138565
-0.137192
-0.13619
-0.135654
-0.135284
-0.134789
-0.134254
-0.133993
-0.134144
-0.13446
-0.134611
-0.134556
-0.134556
-0.134762
-0.135064
-0.135242
-0.135366
-0.135723
-0.13641
-0.136931
-0.136712
-0.135613
-0.134171
-0.132991
-0.132373
-0.13229
-0.132702
-0.133457
-0.134089
-0.134048
-0.133251
-0.13218
-0.131315
-0.130697
-0.130134
-0.129558
-0.129214
-0.129434
-0.130327
-0.131645
-0.132839
-0.133389
-0.133196
-0.132551
-0.131878
-0.131398
-0.130999
-0.130601
-0.130203
-0.129846
-0.12953
-0.129214
-0.12894
-0.12883
-0.128885
-0.128912
-0.128748
-0.128487
-0.128404
-0.128693
-0.129214
-0.129571
-0.129379
-0.128597
-0.127484
-0.126386
-0.125562
-0.125081
-0.12493
-0.12504
-0.125315
-0.125823
-0.126715
-0.127924
-0.12894
-0.12916
-0.128514
-0.127512
-0.126633
-0.125891
-0.125164
-0.124614
-0.124532
-0.125013
-0.125727
-0.126248
-0.126235
-0.125644
-0.124807
-0.124216
-0.124257
-0.124958
-0.126056
-0.126976
-0.127114
-0.126139
-0.12445
-0.122926
-0.122239
-0.122349
-0.122637
-0.122596
-0.122198
-0.121937
-0.122184
-0.122843
-0.123365
-0.123269
-0.12261
-0.1218
-0.121305
-0.121099
-0.120948
-0.120742
-0.120674
-0.120921
-0.121456
-0.122019
-0.122349
-0.122212
-0.121456
-0.120111
-0.118422
-0.116856
-0.115895
-0.115703
-0.116142
-0.116788
-0.117364
-0.117749
-0.117831
-0.117461
-0.116513
-0.115154
-0.114069
-0.114
-0.115154
-0.116939
-0.118394
-0.118834
-0.118326
-0.117351
-0.116417
-0.11584
-0.115648
-0.115675
-0.115648
-0.115442
-0.11514
-0.114961
-0.114948
-0.11492
-0.114646
-0.114289
-0.114289
-0.114934
-0.116046
-0.1172
-0.118037
-0.118435
-0.118422
-0.118065
-0.117612
-0.117392
-0.117598
-0.118065
-0.118353
-0.118133
-0.117337
-0.11617
-0.114907
-0.113822
-0.113108
-0.112806
-0.112984
-0.113698
-0.114879
-0.116074
-0.11665
-0.116321
-0.115373
-0.114344
-0.113465
-0.112682
-0.111954
-0.111433
-0.11113
-0.110897
-0.110622
-0.110444
-0.110622
-0.11113
-0.111529
-0.111529
-0.11113
-0.110664
-0.110471
-0.110622
-0.110966
-0.111281
-0.11146
-0.11146
-0.11135
-0.111309
-0.111446
-0.111625
-0.111556
-0.111172
-0.110746
-0.110513
-0.11032
-0.109853
-0.109167
-0.1087
-0.108686
-0.108879
-0.108906
-0.108824
-0.10903
-0.109853
-0.110993
-0.111707
-0.111336
-0.109867
-0.107849
-0.105995
-0.104745
-0.10421
-0.104457
-0.105446
-0.106874
-0.108082
-0.108398
-0.107547
-0.10583
-0.103922
-0.102576
-0.102315
-0.102988
-0.10399
-0.104869
-0.105542
-0.106036
-0.106077
-0.105253
-0.103702
-0.10226
-0.101848
-0.102713
-0.1041
-0.104924
-0.104581
-0.103345
-0.102013
-0.10123
-0.10112
-0.101409
-0.101711
-0.101848
-0.101903
-0.102068
-0.102439
-0.102878
-0.103125
-0.102988
-0.102576
-0.102164
-0.101889
-0.101546
-0.100791
-0.0995962
-0.0985389
-0.0984016
-0.0991019
-0.0997336
-0.0994589
-0.0985664
-0.0981407
-0.0990333
-0.100942
-0.102809
-0.103716
-0.103496
-0.102603
-0.101711
-0.101258
-0.10112
-0.100901
-0.100448
-0.100104
-0.100173
-0.100544
-0.100626
-0.099967
-0.0985527
-0.0969736
-0.0959849
-0.0960261
-0.0969187
-0.0980584
-0.0988273
-0.098896
-0.098333
-0.0973993
-0.0964106
-0.0956005
-0.0951885
-0.0952847
-0.0958064
-0.0964243
-0.096699
-0.0963969
-0.0956279
-0.094859
-0.0945432
-0.0948727
-0.0955867
-0.0962596
-0.0966028
-0.0965891
-0.0961909
-0.0953808
-0.0942411
-0.0931289
-0.0924698
-0.0924698
-0.092813
-0.0930327
-0.092813
-0.092099
-0.0909868
-0.0897372
-0.0887623
-0.0883367
-0.0886388
-0.0896549
-0.0911516
-0.0925384
-0.0929092
-0.0918107
-0.0898059
-0.0881444
-0.0877737
-0.0886388
-0.0900393
-0.0911928
-0.0916733
-0.091385
-0.0905474
-0.0895725
-0.088831
-0.0884602
-0.0883229
-0.0881856
-0.0878149
-0.0873343
-0.0873618
-0.0884465
-0.0905749
-0.0930327
-0.0948315
-0.0952572
-0.094145
-0.0919068
-0.089394
-0.0874853
-0.0866477
-0.0867027
-0.0872382
-0.087911
-0.0886799
-0.0894764
-0.0901492
-0.0904238
-0.0901355
-0.089394
-0.0885152
-0.0878149
-0.0874853
-0.0874991
-0.087705
-0.0879659
-0.0882268
-0.0883916
-0.0883229
-0.0879247
-0.0874167
-0.0871146
-0.0872382
-0.087705
-0.0883092
-0.0887349
-0.0887349
-0.0880895
-0.0868949
-0.0855767
-0.0847116
-0.0846567
-0.0852197
-0.085714
-0.0856454
-0.085206
-0.0849863
-0.0853845
-0.0862495
-0.0871009
-0.0874167
-0.0870322
-0.0861534
-0.0852471
-0.0846155
-0.0841898
-0.0837504
-0.0831463
-0.0824048
-0.0818418
-0.0817182
-0.0820066
-0.0823087
-0.0822949
-0.0821302
-0.0823224
-0.0829952
-0.0837779
-0.0842173
-0.0842448
-0.0840937
-0.083929
-0.0837093
-0.0833385
-0.0828991
-0.0826108
-0.0825284
-0.0824048
-0.0818281
-0.0806747
-0.0792741
-0.0782305
-0.0780245
-0.0787111
-0.0799057
-0.0810454
-0.0816496
-0.0815672
-0.0809218
-0.080043
-0.0790269
-0.0779833
-0.0771732
-0.0770496
-0.0778872
-0.0794938
-0.0811964
-0.0822263
-0.0821027
-0.0808944
-0.0791917
-0.0776263
-0.0765004
-0.0758962
-0.0759786
-0.0767201
-0.077695
-0.0781207
-0.0775302
-0.0761983
-0.0748664
-0.0743034
-0.0748938
-0.0764455
-0.0781893
-0.079178
-0.0789583
-0.0778323
-0.0766652
-0.0761708
-0.0764317
-0.0770084
-0.077489
-0.0777225
-0.0777911
-0.0777499
-0.0774341
-0.0765141
-0.0749625
-0.0732598
-0.0721339
-0.0722574
-0.0737129
-0.0758275
-0.0775577
-0.0780932
-0.0774341
-0.076212
-0.0751822
-0.0747977
-0.0750861
-0.0757864
-0.0765141
-0.0770496
-0.0773105
-0.0773517
-0.0771732
-0.0766926
-0.0759786
-0.0751822
-0.0744407
-0.0738091
-0.0733834
-0.073301
-0.0734658
-0.0736031
-0.0736443
-0.0737541
-0.0741112
-0.0746055
-0.0749899
-0.0748938
-0.0740562
-0.0726419
-0.0712276
-0.070541
-0.0708157
-0.0718455
-0.0731362
-0.0741249
-0.0743583
-0.0738091
-0.0728891
-0.0720652
-0.0714748
-0.0710491
-0.0708706
-0.0711177
-0.0716258
-0.0718867
-0.0716395
-0.0711315
-0.0708019
-0.0707745
-0.0707607
-0.0703763
-0.0695249
-0.06855
-0.0680282
-0.0682754
-0.0689345
-0.0692778
-0.0687423
-0.067479
-0.0661059
-0.0653095
-0.0653506
-0.065996
-0.0668748
-0.0677811
-0.0688246
-0.0698957
-0.0705136
-0.070239
-0.0691817
-0.0680282
-0.0674103
-0.0673966
-0.0677399
-0.0681518
-0.0685912
-0.0691817
-0.0700055
-0.0708569
-0.0711589
-0.0704587
-0.068907
-0.0673417
-0.0666276
-0.0669847
-0.0679321
-0.0688933
-0.0696485
-0.0702252
-0.0706646
-0.070747
-0.0701428
-0.0687697
-0.0669847
-0.0653918
-0.0645268
-0.0646092
-0.0655978
-0.0670533
-0.0682754
-0.0685363
-0.067685
-0.066202
-0.0649799
-0.0646641
-0.0655154
-0.0672044
-0.0688933
-0.0696485
-0.0691405
-0.0677811
-0.0663118
-0.0653918
-0.0654056
-0.0662706
-0.067479
-0.0682479
-0.0680145
-0.0667787
-0.0651859
-0.0641835
-0.0643071
-0.0651996
-0.0659136
-0.0657763
-0.065076
-0.0644719
-0.0642933
-0.0644856
-0.0649113
-0.0654605
-0.0659411
-0.0661059
-0.0658999
-0.0655429
-0.0651447
-0.0646504
-0.064156
-0.0640736
-0.0646916
-0.0656802
-0.066353
-0.0663118
-0.0656253
-0.0646229
-0.063648
-0.062934
-0.062522
-0.062371
-0.0624808
-0.0629752
-0.063799
-0.0645954
-0.0649662
-0.0647053
-0.0639089
-0.0628653
-0.062014
-0.0618355
-0.0623984
-0.0631537
-0.063291
-0.0623847
-0.060737
-0.0591579
-0.0584439
-0.0589656
-0.0604486
-0.0622749
-0.0638677
-0.0648975
-0.0651584
-0.0646778
-0.0638265
-0.0631125
-0.0627692
-0.0625907
-0.062371
-0.0620552
-0.0617256
-0.0614098
-0.0612313
-0.0612999
-0.0615883
-0.0617393
-0.0615196
-0.0611764
-0.0612313
-0.061959
-0.0631811
-0.0643757
-0.0649662
-0.064719
-0.0639226
-0.0631537
-0.062879
-0.0631674
-0.0637853
-0.0643757
-0.0644993
-0.0638951
-0.062728
-0.061451
-0.0604211
-0.0595835
-0.058691
-0.057826
-0.0574003
-0.0575651
-0.0579633
-0.058183
-0.0581006
-0.0579495
-0.0579495
-0.0580457
-0.0578534
-0.0570982
-0.0559448
-0.0549699
-0.0546129
-0.05486
-0.0554505
-0.0561233
-0.0567275
-0.0571531
-0.0573454
-0.0573316
-0.0570158
-0.0563155
-0.0555054
-0.0550385
-0.0551758
-0.0556564
-0.0559036
-0.055423
-0.0541597
-0.0525532
-0.0515508
-0.0520039
-0.05394
-0.0563293
-0.0578534
-0.0578534
-0.0567687
-0.055629
-0.0552857
-0.0559036
-0.0569609
-0.0577436
-0.0578809
-0.0573316
-0.0561645
-0.0544893
-0.0526768
-0.0513311
-0.0510153
-0.0518529
-0.0534732
-0.0552445
-0.056549
-0.0570433
-0.0567
-0.0557114
-0.0543245
-0.0527729
-0.0514409
-0.050823
-0.0512899
-0.0526218
-0.0539675
-0.0543382
-0.0533221
-0.0514821
-0.0500266
-0.0498344
-0.0507681
-0.0518117
-0.0521412
-0.0516881
-0.0510016
-0.0506033
-0.0507544
-0.0513998
-0.0522923
-0.0529651
-0.05302
-0.052306
-0.0511251
-0.0500816
-0.0496696
-0.0500266
-0.0507407
-0.0511801
-0.0510839
-0.0507681
-0.0505896
-0.050672
-0.0509192
-0.0512075
-0.0514547
-0.0515096
-0.0513998
-0.0513311
-0.0514272
-0.0515233
-0.051386
-0.050823
-0.0498207
-0.048681
-0.0481043
-0.0486261
-0.0499992
-0.0512213
-0.0515233
-0.0509192
-0.0499442
-0.0490929
-0.048475
-0.0479532
-0.047404
-0.0469508
-0.0469783
-0.0477198
-0.0489968
-0.0503562
-0.051386
-0.0518392
-0.0515783
-0.0506308
-0.0493263
-0.0481867
-0.0475825
-0.0474177
-0.0473491
-0.0470332
-0.0463604
-0.0455365
-0.0448912
-0.0447127
-0.0450422
-0.0456876
-0.0463741
-0.0468685
-0.0470744
-0.0470058
-0.0467311
-0.0463467
-0.0458935
-0.0454953
-0.045564
-0.0464016
-0.0476923
-0.0486947
-0.0489281
-0.0486398
-0.0483789
-0.0482278
-0.0478296
-0.0470332
-0.0461407
-0.0455915
-0.0455503
-0.0458935
-0.0464016
-0.0467861
-0.0468273
-0.0464703
-0.045921
-0.0455777
-0.0458386
-0.0466762
-0.047555
-0.0479258
-0.0477747
-0.047555
-0.0477335
-0.0483789
-0.0492302
-0.0498344
-0.0497657
-0.0487908
-0.0472667
-0.0460034
-0.0457425
-0.0465115
-0.0476786
-0.0483789
-0.0481729
-0.0472117
-0.046127
-0.0455365
-0.0458112
-0.0468135
-0.0479944
-0.0487908
-0.0489281
-0.0484201
-0.0475001
-0.0464428
-0.0455777
-0.045207
-0.0454267
-0.0460309
-0.0466076
-0.0468273
-0.0467311
-0.0465801
-0.0465252
-0.0465664
-0.0466762
-0.0468685
-0.047047
-0.046992
-0.0467037
-0.0465389
-0.0467586
-0.0471019
-0.0470058
-0.0462231
-0.0450422
-0.0439025
-0.0430924
-0.0426942
-0.0427079
-0.0432846
-0.0446165
-0.0466076
-0.0486261
-0.049752
-0.0494225
-0.0477885
-0.0454541
-0.043161
-0.0415545
-0.0410739
-0.0416231
-0.0427079
-0.0438751
-0.0449324
-0.0458386
-0.0464016
-0.0464153
-0.0459485
-0.0454541
-0.0453443
-0.0457013
-0.0462643
-0.0465252
-0.0461407
-0.0451933
-0.0440124
-0.0428727
-0.0417879
-0.040813
-0.0402226
-0.0404011
-0.0415545
-0.0434357
-0.0454541
-0.046992
-0.0476374
-0.0473902
-0.0465938
-0.0455915
-0.044493
-0.0435592
-0.0432022
-0.0436142
-0.0443419
-0.0445754
-0.0440398
-0.0432434
-0.0428452
-0.0429139
-0.0429551
-0.0425569
-0.041733
-0.0408267
-0.0402226
-0.0400715
-0.0401951
-0.0402088
-0.0398518
-0.0391241
-0.0384238
-0.0382315
-0.0388632
-0.0401676
-0.041527
-0.042241
-0.0418291
-0.0403461
-0.0383689
-0.0367348
-0.0359796
-0.0361307
-0.0368584
-0.0378471
-0.0388632
-0.0396596
-0.0399891
-0.0397969
-0.0392339
-0.0385611
-0.0379706
-0.0375862
-0.0373665
-0.0372292
-0.0370781
-0.0369545
-0.0370369
-0.0374489
-0.0381354
-0.0387671
-0.0389044
-0.0382727
-0.0370507
-0.0359247
-0.0355952
-0.0362405
-0.0373665
-0.0382727
-0.0385611
-0.0382453
-0.0375999
-0.0368447
-0.0361032
-0.035348
-0.0346202
-0.0341534
-0.0343319
-0.0351558
-0.0360208
-0.0362131
-0.0356501
-0.0349635
-0.0348811
-0.0354441
-0.0360208
-0.0359384
-0.0351558
-0.0344143
-0.0344967
-0.035499
-0.036776
-0.0375724
-0.037696
-0.0374763
-0.0371742
-0.0368859
-0.0365151
-0.0360483
-0.0355814
-0.0351969
-0.0349498
-0.0348537
-0.034991
-0.0354304
-0.0362817
-0.0375038
-0.038973
-0.0403461
-0.0412249
-0.0412661
-0.0405109
-0.0394262
-0.0385474
-0.038108
-0.0379157
-0.0377647
-0.0377098
-0.0378196
-0.0378883
-0.0376274
-0.0370095
-0.0362817
-0.035705
-0.035499
-0.0356089
-0.0358835
-0.0361307
-0.0364053
-0.0367898
-0.0371468
-0.0372154
-0.0368859
-0.0363916
-0.036062
-0.0360757
-0.0363092
-0.0365151
-0.0363641
-0.035705
-0.0347575
-0.034071
-0.0341396
-0.0348811
-0.0359522
-0.0369545
-0.0376823
-0.0379569
-0.0377509
-0.0372429
-0.036776
-0.0365151
-0.0363641
-0.0361993
-0.0360345
-0.0359384
-0.0360208
-0.0363366
-0.0369271
-0.0376548
-0.0383551
-0.0389318
-0.03933
-0.0393575
-0.0387396
-0.0374763
-0.0360071
-0.0349223
-0.0346752
-0.0352244
-0.0361169
-0.0366799
-0.0365563
-0.0359384
-0.0353617
-0.0352656
-0.0356501
-0.0362405
-0.0367074
-0.0369957
-0.0372978
-0.0378333
-0.0385611
-0.0391378
-0.0393438
-0.0392888
-0.0391241
-0.0387533
-0.037902
-0.0365838
-0.0352244
-0.0343731
-0.0343044
-0.0348262
-0.0355128
-0.0359934
-0.0361581
-0.0361856
-0.0361856
-0.0361856
-0.0362405
-0.0363366
-0.036268
-0.0357187
-0.0348674
-0.0344005
-0.0347301
-0.0354029
-0.035499
-0.0346202
-0.0332883
-0.0324507
-0.0326292
-0.0335217
-0.0343456
-0.0346202
-0.0344555
-0.0341396
-0.0337689
-0.0333707
-0.033151
-0.0333707
-0.0340435
-0.0349223
-0.0357325
-0.036268
-0.0364465
-0.0363229
-0.0361581
-0.0362817
-0.036776
-0.0373253
-0.037545
-0.0372154
-0.0364053
-0.0352656
-0.0341671
-0.0334943
-0.0333982
-0.0336728
-0.0339611
-0.0340985
-0.034071
-0.0339749
-0.0340298
-0.0345653
-0.0357325
-0.0371193
-0.0379981
-0.0377921
-0.0365563
-0.0350184
-0.0340161
-0.0338376
-0.0341946
-0.0345378
-0.0346752
-0.0346752
-0.0347026
-0.0348125
-0.0350322
-0.0353205
-0.035554
-0.0355677
-0.0353205
-0.0347987
-0.0339199
-0.0328215
-0.0319838
-0.0318603
-0.0324919
-0.0334531
-0.034222
-0.034428
-0.0339337
-0.0329725
-0.03208
-0.0316543
-0.0316406
-0.0316543
-0.0315582
-0.0315856
-0.0319701
-0.0325468
-0.0329588
-0.0330823
-0.0330549
-0.0330549
-0.0331922
-0.0335217
-0.0340435
-0.0344829
-0.0346065
-0.0345241
-0.0346477
-0.0352244
-0.0359796
-0.0364053
-0.0362817
-0.0358835
-0.0357874
-0.0361169
-0.0363504
-0.0358149
-0.0344829
-0.0331098
-0.0324919
-0.032945
-0.0341808
-0.0355952
-0.0366113
-0.0368859
-0.036419
-0.0354029
-0.034222
-0.0334119
-0.0333844
-0.0341671
-0.0352107
-0.0357874
-0.0355402
-0.0347164
-0.0338513
-0.0332883
-0.0331373
-0.0332746
-0.0334394
-0.0332059
-0.0323271
-0.0311462
-0.0303636
-0.0304871
-0.0313797
-0.0324782
-0.0332197
-0.0333707
-0.0330411
-0.0323546
-0.031311
-0.0300477
-0.0291827
-0.0293337
-0.0305421
-0.0319838
-0.0328215
-0.0326429
-0.0317504
-0.0308442
-0.0306657
-0.0314758
-0.0327803
-0.0336453
-0.0334256
-0.0323409
-0.0311051
-0.03024
-0.029883
-0.0299242
-0.0302125
-0.030597
-0.0310089
-0.0314209
-0.0318191
-0.0322173
-0.0325331
-0.032588
-0.0321898
-0.0314071
-0.0305695
