LECROYHDO9204-MSöv,30454,Waveform
Segments,1,SegmentSize,2002
Ampl
-0.0136252
-0.0135566
-0.0131309
-0.0125817
-0.0123345
-0.0126503
-0.0132682
-0.013639
-0.0134742
-0.0130211
-0.0128975
-0.0134879
-0.0145315
-0.0152318
-0.0149297
-0.0137076
-0.012362
-0.0116754
-0.0118539
-0.0126229
-0.0135566
-0.0142294
-0.0142706
-0.013584
-0.0126503
-0.0122796
-0.0128426
-0.0137488
-0.0140372
-0.013282
-0.0119363
-0.0109477
-0.0109614
-0.0119363
-0.0132682
-0.0141745
-0.014202
-0.0133918
-0.0122659
-0.0113321
-0.0108241
-0.0104808
-0.0100002
-0.00943723
-0.0093823
-0.0102199
-0.0115793
-0.0126091
-0.012925
-0.0128014
-0.0127739
-0.0131172
-0.0135978
-0.0138999
-0.0138724
-0.0135978
-0.0132682
-0.0128288
-0.012156
-0.0112909
-0.010522
-0.0102062
-0.0105357
-0.0113733
-0.0124306
-0.0133369
-0.0136802
-0.0132957
-0.0125267
-0.012156
-0.0125817
-0.0134193
-0.0140372
-0.014147
-0.0140784
-0.0141882
-0.0146688
-0.0153554
-0.0158634
-0.0156987
-0.0146963
-0.0133094
-0.0123208
-0.0120736
-0.0123208
-0.0126503
-0.0131309
-0.0141882
-0.015836
-0.0172228
-0.0172365
-0.0155751
-0.013227
-0.0116205
-0.0114008
-0.012005
-0.0125542
-0.0126229
-0.0123482
-0.012156
-0.0123482
-0.012925
-0.0133781
-0.013282
-0.0126915
-0.0122384
-0.0124718
-0.013282
-0.0140646
-0.0143255
-0.0141196
-0.0138587
-0.0138724
-0.0140784
-0.0142569
-0.0141608
-0.0137488
-0.0131172
-0.0124993
-0.0121011
-0.0119775
-0.0119638
-0.0119638
-0.0121423
-0.0128014
-0.0138449
-0.0146414
-0.0144354
-0.0132957
-0.01195
-0.011085
-0.0108103
-0.010728
-0.0104259
-0.0100002
-0.00991782
-0.0105769
-0.0118676
-0.0131584
-0.0138175
-0.0136527
-0.0131172
-0.01287
-0.013282
-0.0141745
-0.0149709
-0.0151494
-0.0145452
-0.0135154
-0.0126778
-0.0124581
-0.0128288
-0.0134193
-0.0138312
-0.0138037
-0.0133643
-0.0127464
-0.0120873
-0.0114145
-0.010879
-0.0109339
-0.01195
-0.0137763
-0.015836
-0.0174425
-0.0182527
-0.0182801
-0.0177858
-0.0170855
-0.0163028
-0.015479
-0.0147649
-0.014504
-0.0148473
-0.0154652
-0.0158085
-0.0156849
-0.0153279
-0.0149846
-0.0146414
-0.014202
-0.0136802
-0.0132545
-0.0131584
-0.0135017
-0.0141608
-0.0147512
-0.014916
-0.0145178
-0.0138037
-0.0131721
-0.0130897
-0.0138449
-0.0152867
-0.0168933
-0.017978
-0.0181565
-0.0175249
-0.0164676
-0.0153554
-0.0146276
-0.0146139
-0.0153554
-0.0164539
-0.0173601
-0.0177446
-0.0175798
-0.017058
-0.0164676
-0.0160969
-0.0160282
-0.0161106
-0.0161381
-0.0160831
-0.015836
-0.0151631
-0.0139411
-0.0124993
-0.0116342
-0.0119226
-0.0133094
-0.0150396
-0.0162204
-0.016344
-0.0155888
-0.014353
-0.0130348
-0.0119226
-0.0113459
-0.0114832
-0.012156
-0.0128288
-0.0130623
-0.0129112
-0.0128563
-0.0133643
-0.0144903
-0.0158222
-0.0167697
-0.016907
-0.0162891
-0.0154103
-0.0148336
-0.0147237
-0.0148336
-0.0146825
-0.014202
-0.0138449
-0.0141882
-0.0151906
-0.0161106
-0.0162204
-0.0155751
-0.0148061
-0.0144766
-0.0146002
-0.0148748
-0.0150121
-0.0149572
-0.0147787
-0.0145727
-0.0142431
-0.0136115
-0.0126641
-0.0117853
-0.0115244
-0.012156
-0.0135017
-0.0149846
-0.0160007
-0.016193
-0.0156025
-0.0147924
-0.0143942
-0.0146414
-0.0151906
-0.0155751
-0.0155888
-0.0153416
-0.0149572
-0.0145315
-0.014202
-0.0141608
-0.014559
-0.0152455
-0.0156987
-0.0154927
-0.0146139
-0.0135703
-0.0128838
-0.012719
-0.0128426
-0.0129799
-0.0130485
-0.0131858
-0.013639
-0.0146414
-0.015987
-0.0168933
-0.0166873
-0.0155751
-0.0145452
-0.0144766
-0.0153828
-0.0165363
-0.017113
-0.0168109
-0.0159184
-0.0151494
-0.015067
-0.0157398
-0.0167697
-0.0176622
-0.0179094
-0.0173189
-0.0162479
-0.0155476
-0.0159184
-0.017113
-0.0181016
-0.0179918
-0.016756
-0.0151357
-0.0139136
-0.0135154
-0.0137351
-0.0139823
-0.0137076
-0.0130348
-0.012513
-0.0125267
-0.0128563
-0.0131035
-0.0130897
-0.0129799
-0.012925
-0.0130073
-0.0131584
-0.0133232
-0.0135017
-0.0137763
-0.0140921
-0.0142981
-0.0142981
-0.0142843
-0.0144766
-0.0148199
-0.0149572
-0.0146414
-0.0139548
-0.0133094
-0.0130623
-0.0134193
-0.0142294
-0.0150258
-0.0152593
-0.0147787
-0.0140234
-0.0136115
-0.0139136
-0.0149297
-0.0164539
-0.0180467
-0.0190903
-0.019104
-0.018033
-0.0163852
-0.0148885
-0.0141608
-0.0144217
-0.0154103
-0.0165774
-0.017264
-0.0172091
-0.016701
-0.0163028
-0.0163166
-0.0164264
-0.0161243
-0.0153966
-0.0148336
-0.0150945
-0.0161655
-0.0173052
-0.0177995
-0.0175386
-0.0170306
-0.0168933
-0.0173739
-0.0182527
-0.0190628
-0.019461
-0.0194061
-0.0189804
-0.0181428
-0.0168246
-0.0153828
-0.0143667
-0.0140646
-0.0143255
-0.0149022
-0.0155751
-0.0160557
-0.0160007
-0.0154652
-0.0149022
-0.0148061
-0.0151769
-0.01563
-0.0156987
-0.0151906
-0.0141882
-0.0130073
-0.0120324
-0.0116342
-0.0118265
-0.0123345
-0.0127327
-0.0126503
-0.0121285
-0.0115656
-0.0114283
-0.0118814
-0.0127327
-0.0137763
-0.0149022
-0.0158085
-0.0160694
-0.0154515
-0.0142843
-0.0131446
-0.0124718
-0.0124581
-0.0130623
-0.013996
-0.0147924
-0.0151906
-0.015273
-0.0152593
-0.0153142
-0.0154378
-0.0156025
-0.0157124
-0.0157536
-0.0158085
-0.0159321
-0.0160694
-0.0160969
-0.0160969
-0.0163166
-0.0169757
-0.017978
-0.0190353
-0.0197631
-0.0200377
-0.0200102
-0.0202986
-0.0215344
-0.0238412
-0.0266012
-0.0289355
-0.0304734
-0.0314758
-0.0324919
-0.0340573
-0.0365701
-0.0400715
-0.044081
-0.0478296
-0.050823
-0.0531985
-0.0554367
-0.0578534
-0.06038
-0.0626731
-0.0645817
-0.0662981
-0.0682067
-0.0705273
-0.0730813
-0.0755117
-0.0776675
-0.0796448
-0.0817457
-0.0841761
-0.0866615
-0.0884602
-0.0889271
-0.0882955
-0.087554
-0.0876913
-0.088831
-0.0903689
-0.091536
-0.0920441
-0.0921402
-0.0922226
-0.0924835
-0.0927581
-0.092813
-0.0926071
-0.0922501
-0.091742
-0.0910005
-0.0899158
-0.0885426
-0.0872382
-0.0864967
-0.0866203
-0.0873206
-0.0878423
-0.0875677
-0.0865791
-0.085508
-0.0847666
-0.0842585
-0.0835857
-0.0825009
-0.0809081
-0.0789308
-0.0769947
-0.0756628
-0.0752646
-0.0755804
-0.0762395
-0.0770359
-0.0779284
-0.0787523
-0.0791917
-0.0789857
-0.078258
-0.077338
-0.0765141
-0.0759099
-0.0756216
-0.0756353
-0.0756902
-0.0754568
-0.074935
-0.0746467
-0.0751685
-0.076624
-0.0784914
-0.0800568
-0.080757
-0.0802627
-0.0786424
-0.0766377
-0.0754293
-0.0758138
-0.0775714
-0.0796174
-0.0810729
-0.0818006
-0.082089
-0.0822126
-0.0822949
-0.0825009
-0.0830639
-0.0838603
-0.084286
-0.0837367
-0.0821027
-0.080098
-0.078766
-0.0786424
-0.0795075
-0.0808394
-0.0821851
-0.0832561
-0.0837093
-0.0833385
-0.0824185
-0.0815809
-0.0812376
-0.0812376
-0.0812239
-0.0809218
-0.0803314
-0.0795624
-0.0788759
-0.0786424
-0.0791505
-0.0802353
-0.0814436
-0.0822675
-0.0824597
-0.0819929
-0.0812239
-0.0806335
-0.0805785
-0.0810454
-0.0817045
-0.082089
-0.0817869
-0.0807433
-0.0793427
-0.0782305
-0.0778872
-0.0784639
-0.0798371
-0.0815123
-0.0826245
-0.0823911
-0.0806884
-0.0783266
-0.0764729
-0.0761022
-0.0775577
-0.0803039
-0.0829403
-0.0840251
-0.082954
-0.0805099
-0.0783678
-0.077846
-0.0792329
-0.0816908
-0.083874
-0.0847528
-0.0842448
-0.0830227
-0.0818418
-0.0810866
-0.0807708
-0.0808944
-0.0812514
-0.0815123
-0.0813612
-0.0807845
-0.0800842
-0.0796723
-0.0798645
-0.0806472
-0.0815535
-0.0819791
-0.081732
-0.0810866
-0.0805648
-0.0803314
-0.0801803
-0.0799057
-0.07948
-0.0790269
-0.0786013
-0.078203
-0.077901
-0.0778598
-0.0781756
-0.0786974
-0.0792054
-0.079535
-0.0796174
-0.0794663
-0.0790681
-0.0783266
-0.0773242
-0.0764043
-0.0760884
-0.0766377
-0.0777911
-0.0789033
-0.0795899
-0.0799469
-0.0803863
-0.0808944
-0.0809767
-0.0803176
-0.079178
-0.0781893
-0.0776126
-0.0773654
-0.0774204
-0.0779971
-0.0790681
-0.0800705
-0.0803588
-0.0797409
-0.0785738
-0.0773654
-0.0766514
-0.0766926
-0.0772831
-0.0778598
-0.0779971
-0.077695
-0.0771869
-0.0767613
-0.0765965
-0.0766789
-0.0769123
-0.0771457
-0.0774341
-0.0777911
-0.0780245
-0.077846
-0.0772144
-0.0764866
-0.0761434
-0.0764455
-0.0771457
-0.0776538
-0.0775165
-0.0768574
-0.0762944
-0.0763768
-0.0771869
-0.0783816
-0.0795212
-0.0803726
-0.0808394
-0.080812
-0.0802765
-0.0794938
-0.0788347
-0.0783816
-0.0779559
-0.0774204
-0.0769947
-0.0769672
-0.0774478
-0.0781344
-0.0785326
-0.0782305
-0.0771869
-0.075855
-0.0747977
-0.0744407
-0.0747565
-0.0755529
-0.0765965
-0.0776126
-0.0782854
-0.0782992
-0.077489
-0.0761434
-0.0750723
-0.0750861
-0.0763356
-0.0781344
-0.07948
-0.0798508
-0.0793839
-0.0786287
-0.0780657
-0.0777911
-0.0775165
-0.0770359
-0.0764455
-0.0761846
-0.0764866
-0.0772281
-0.0781344
-0.0789857
-0.0795487
-0.079535
-0.0787386
-0.0773654
-0.0760061
-0.0753195
-0.0756765
-0.076926
-0.0782992
-0.0789171
-0.0783541
-0.076981
-0.0755941
-0.0749213
-0.0754156
-0.0768849
-0.0784914
-0.0790956
-0.0782305
-0.0763356
-0.0742759
-0.0727243
-0.0720789
-0.0725458
-0.0739464
-0.0755255
-0.0763081
-0.0756628
-0.0737541
-0.0713924
-0.0695661
-0.0688658
-0.0693052
-0.0703763
-0.0715434
-0.0724909
-0.073095
-0.0733422
-0.0734383
-0.0737541
-0.0742485
-0.0744132
-0.0737541
-0.0723124
-0.0706097
-0.0693327
-0.0689894
-0.0696348
-0.0706234
-0.0710079
-0.0702527
-0.0686736
-0.0671906
-0.0666002
-0.067273
-0.0689482
-0.0709255
-0.0722986
-0.0723948
-0.0712688
-0.0695661
-0.0682342
-0.0679321
-0.0687011
-0.0699506
-0.0708019
-0.070747
-0.0698545
-0.0687285
-0.0680832
-0.0682067
-0.0688933
-0.0694563
-0.0693327
-0.0684676
-0.0673005
-0.0664354
-0.0661333
-0.0661745
-0.0661883
-0.0660097
-0.0657077
-0.0654193
-0.0651584
-0.0648975
-0.0646366
-0.0645405
-0.0648151
-0.065433
-0.0660235
-0.066202
-0.0660372
-0.0659823
-0.0663942
-0.0672181
-0.0680145
-0.0681655
-0.0673142
-0.0658312
-0.0645954
-0.0642384
-0.064513
-0.0648289
-0.0648014
-0.064513
-0.0641835
-0.0640462
-0.0642933
-0.064925
-0.065639
-0.0660647
-0.0660097
-0.0655017
-0.0646778
-0.0636754
-0.0628104
-0.0624259
-0.0627143
-0.0635244
-0.0644719
-0.065076
-0.0651447
-0.064925
-0.064925
-0.065488
-0.0664629
-0.0673554
-0.0677124
-0.0674103
-0.0667375
-0.0660784
-0.0656253
-0.0651996
-0.0644856
-0.0634969
-0.0627005
-0.0626456
-0.0634695
-0.0647877
-0.0660235
-0.0666826
-0.0665865
-0.0658862
-0.0650211
-0.0645268
-0.0646916
-0.0652957
-0.0658038
-0.0657214
-0.0648838
-0.0635244
-0.0620552
-0.0607919
-0.0600229
-0.0599543
-0.0606958
-0.0620002
-0.0632086
-0.0638677
-0.0641011
-0.0642522
-0.0643895
-0.0643345
-0.064005
-0.0636205
-0.0635793
-0.0641148
-0.065076
-0.0659823
-0.0664766
-0.0665041
-0.066353
-0.0662157
-0.0659411
-0.0653095
-0.0643345
-0.0631262
-0.0619316
-0.0610802
-0.0609292
-0.061602
-0.0627143
-0.063648
-0.0641011
-0.0642933
-0.064513
-0.0647053
-0.0644993
-0.0636754
-0.062522
-0.061657
-0.0615608
-0.0620689
-0.0624396
-0.0621375
-0.0612999
-0.0606271
-0.0606683
-0.0613549
-0.0621101
-0.0622749
-0.0616158
-0.0605035
-0.0596797
-0.059611
-0.0600504
-0.0604211
-0.0605585
-0.0609017
-0.0619041
-0.063442
-0.0646778
-0.0647602
-0.0636068
-0.0621101
-0.0612725
-0.0612862
-0.0616432
-0.0618904
-0.0620002
-0.0620277
-0.0618217
-0.0612725
-0.0605997
-0.0601328
-0.0599268
-0.0598032
-0.0595149
-0.0589382
-0.0581006
-0.0573179
-0.0569609
-0.0572355
-0.0579358
-0.0586773
-0.0591441
-0.0591441
-0.0587048
-0.0581418
-0.0579633
-0.0585262
-0.0594737
-0.0601465
-0.0600916
-0.0595149
-0.0590206
-0.0590068
-0.0593913
-0.0599131
-0.060325
-0.0604486
-0.0600779
-0.0589656
-0.0571394
-0.055066
-0.0536517
-0.0536517
-0.0549836
-0.0567549
-0.0578397
-0.0576337
-0.0565352
-0.055423
-0.0549561
-0.0550385
-0.0552582
-0.0554505
-0.0558075
-0.0562881
-0.056494
-0.0561233
-0.055423
-0.0550523
-0.0554505
-0.0565764
-0.0578397
-0.0584851
-0.0581418
-0.0571531
-0.0563018
-0.0561233
-0.0565215
-0.0569609
-0.0569884
-0.0563979
-0.0554093
-0.0545717
-0.0543794
-0.0547639
-0.0552994
-0.0556839
-0.0559997
-0.0562057
-0.05578
-0.0544069
-0.0524433
-0.0507407
-0.0498207
-0.0497657
-0.0505072
-0.0519078
-0.0536791
-0.0553818
-0.0565352
-0.0567412
-0.0557937
-0.0540224
-0.0522374
-0.0511938
-0.0510702
-0.0517156
-0.0528278
-0.0540224
-0.0546678
-0.054352
-0.0531711
-0.0517156
-0.0506445
-0.0503562
-0.0508368
-0.0517018
-0.0523609
-0.0523884
-0.051798
-0.0508368
-0.0498481
-0.0491204
-0.0488183
-0.0489693
-0.049546
-0.0504935
-0.0516332
-0.0525944
-0.0530612
-0.0530887
-0.0529788
-0.0529514
-0.0528415
-0.0524983
-0.0518941
-0.0512213
-0.0505896
-0.0502051
-0.050315
-0.0509878
-0.0518803
-0.0524433
-0.0523884
-0.0518803
-0.0512899
-0.050878
-0.0507407
-0.050878
-0.051235
-0.0516332
-0.0517293
-0.051235
-0.0502051
-0.049038
-0.0481455
-0.0478159
-0.0482004
-0.0492989
-0.0507544
-0.0520039
-0.0524296
-0.0520177
-0.0512624
-0.0507132
-0.0505347
-0.0506033
-0.050672
-0.050521
-0.0500129
-0.0493126
-0.0487496
-0.0486261
-0.049038
-0.0498756
-0.0508368
-0.0515096
-0.0515233
-0.0508368
-0.049958
-0.0494637
-0.0496147
-0.0502738
-0.0510977
-0.0516606
-0.0514409
-0.0501777
-0.0482004
-0.0462094
-0.0448225
-0.0443694
-0.0448774
-0.046127
-0.0475825
-0.0485849
-0.0487222
-0.0480219
-0.0469783
-0.0462231
-0.0462231
-0.0468822
-0.0476237
-0.0477885
-0.0472392
-0.0463055
-0.0454816
-0.0449049
-0.0443694
-0.0438476
-0.043724
-0.0443282
-0.0454816
-0.0463879
-0.0464428
-0.0457288
-0.0448912
-0.0445067
-0.0445891
-0.0450285
-0.0458112
-0.046992
-0.0483377
-0.0493813
-0.0497383
-0.0494087
-0.0487222
-0.048118
-0.0479258
-0.0482416
-0.0489007
-0.0496971
-0.0503699
-0.0506583
-0.0503974
-0.0497246
-0.0489419
-0.0484064
-0.0483514
-0.0487908
-0.0494225
-0.0495323
-0.0485711
-0.04669
-0.0447539
-0.0436416
-0.0435043
-0.0438339
-0.0442183
-0.044644
-0.0453168
-0.0463879
-0.0476374
-0.0484887
-0.0483926
-0.047198
-0.0453992
-0.0437103
-0.0426804
-0.0425157
-0.0431061
-0.0442321
-0.0455365
-0.046635
-0.0471019
-0.0466488
-0.0453168
-0.0435592
-0.0420625
-0.0413211
-0.0413897
-0.0420625
-0.0429688
-0.0436279
-0.0435867
-0.0429688
-0.0424058
-0.0424882
-0.0430787
-0.0436142
-0.0436828
-0.0434494
-0.0434082
-0.0438064
-0.0443007
-0.0443694
-0.0438888
-0.0432709
-0.0430924
-0.0435043
-0.0442321
-0.0449736
-0.0456052
-0.0460583
-0.0462094
-0.0459347
-0.0454679
-0.0451933
-0.045207
-0.0451795
-0.0446989
-0.0437377
-0.0425569
-0.0414034
-0.0404148
-0.0397969
-0.0399067
-0.0410876
-0.0431061
-0.0450422
-0.0457974
-0.0450971
-0.0436966
-0.0426118
-0.0422548
-0.0423646
-0.0424058
-0.0421587
-0.0417467
-0.0414858
-0.0415682
-0.0418566
-0.0420076
-0.0417742
-0.0411288
-0.0404148
-0.0400303
-0.0402912
-0.0410876
-0.0419252
-0.0421861
-0.0416506
-0.0406208
-0.0396321
-0.0390554
-0.0391103
-0.0397145
-0.0405933
-0.0412524
-0.0414721
-0.041376
-0.0413211
-0.0414446
-0.0415408
-0.0412799
-0.0405384
-0.0395909
-0.0390554
-0.0394262
-0.0408817
-0.0430237
-0.0452344
-0.0467586
-0.0471019
-0.0461956
-0.0444792
-0.0425843
-0.040964
-0.0397145
-0.0388083
-0.0382315
-0.0379706
-0.038108
-0.0387121
-0.0397008
-0.0406345
-0.0409915
-0.0405247
-0.0395635
-0.0386435
-0.038053
-0.0378059
-0.0377372
-0.0377098
-0.0375724
-0.037339
-0.0371605
-0.037339
-0.0379569
-0.0389044
-0.0399479
-0.0407855
-0.0411563
-0.0409778
-0.0404423
-0.0398381
-0.0394536
-0.039536
-0.0401127
-0.0408542
-0.0411837
-0.0407993
-0.0399342
-0.0392476
-0.0392614
-0.0400853
-0.0413073
-0.042241
-0.0422136
-0.0412112
-0.0399342
-0.0391515
-0.0390554
-0.0392476
-0.0392751
-0.0390829
-0.0387533
-0.0384787
-0.0384238
-0.0385886
-0.0387259
-0.0385611
-0.038108
-0.0376548
-0.0374763
-0.0376686
-0.0381766
-0.0389456
-0.0397832
-0.0404011
-0.0404697
-0.0399754
-0.0392751
-0.0387396
-0.0384375
-0.0380393
-0.0374489
-0.037133
-0.0375862
-0.0387121
-0.0397282
-0.0399891
-0.0395635
-0.0389593
-0.0385474
-0.0382865
-0.0379981
-0.0375999
-0.0371468
-0.0367074
-0.0363504
-0.0362405
-0.0363778
-0.0367211
-0.037188
-0.0376411
-0.0378883
-0.0377647
-0.0372704
-0.0366113
-0.0358698
-0.0351146
-0.0344692
-0.0341808
-0.0345516
-0.0357325
-0.0375175
-0.0392476
-0.0401264
-0.0397832
-0.0385336
-0.0370919
-0.0361719
-0.0360757
-0.0365151
-0.0367623
-0.0363229
-0.0354578
-0.0349772
-0.0353755
-0.036419
-0.0373802
-0.0377372
-0.0375313
-0.037188
-0.0371193
-0.0372704
-0.0372978
-0.0369545
-0.0363778
-0.0359659
-0.0360345
-0.0364739
-0.0369545
-0.0371605
-0.0369271
-0.0363916
-0.0359796
-0.0360483
-0.0365014
-0.0368859
-0.0367623
-0.0361581
-0.0354578
-0.0349772
-0.0347164
-0.0345516
-0.0344143
-0.0344143
-0.0347301
-0.0353068
-0.0357325
-0.0355265
-0.034785
-0.0341259
-0.0340985
-0.034579
-0.0350459
-0.0351969
-0.0350459
-0.0347026
-0.0342358
-0.0337689
-0.0334531
-0.0334943
-0.0339062
-0.0345104
-0.0349635
-0.034991
-0.0347575
-0.034634
-0.0348399
-0.0351558
-0.0352793
-0.0350871
-0.0347026
-0.0344829
-0.0347301
-0.0353617
-0.0358972
-0.0357325
-0.0347301
-0.0334119
-0.0325331
-0.0324232
-0.0328764
-0.0333982
-0.0336728
-0.0335904
-0.0333432
-0.0332059
-0.0333158
-0.0336041
-0.0339199
-0.0341534
-0.0342632
-0.0340985
-0.0335904
-0.0328764
-0.0322722
-0.0319701
-0.0319564
-0.0321761
-0.0325606
-0.0330823
-0.0337414
-0.0345653
-0.0353892
-0.0358286
-0.0355677
-0.034634
-0.0335629
-0.0330686
-0.0335904
-0.0348949
-0.036268
-0.0369957
-0.036776
-0.0357462
-0.0342632
-0.0328764
-0.0321761
-0.0325743
-0.033865
-0.0352244
-0.035856
-0.035499
-0.0344005
-0.032945
-0.0315856
-0.030748
-0.0304597
-0.0304185
-0.0302263
-0.0298555
-0.0296495
-0.0299242
-0.030803
-0.0321624
-0.0336041
-0.0346477
-0.0350184
-0.0346889
-0.0337277
-0.0322997
-0.0309265
-0.0302949
-0.0306382
-0.0314209
-0.0319838
-0.0321074
-0.032025
-0.0319701
-0.0321486
-0.0326979
-0.0335767
-0.0344143
-0.0345928
-0.0337689
-0.0320388
-0.030034
-0.0284549
-0.0276723
-0.0276723
-0.0282627
-0.029169
-0.0301164
-0.0309265
-0.0316131
-0.0323134
-0.033
-0.0334394
-0.0333982
-0.0329862
-0.032588
-0.0325331
-0.0329313
-0.0336865
-0.0345516
-0.0352381
-0.035499
-0.0352244
-0.0345378
-0.0336591
-0.0329176
-0.0325331
-0.0326429
-0.0330686
-0.0334256
-0.0333295
-0.0326155
-0.0314346
-0.0302537
-0.0296221
-0.0298967
-0.0310089
-0.0324782
-0.0337002
-0.0342495
-0.0340435
-0.0333844
-0.0326567
-0.0320525
-0.0314621
-0.0308304
-0.0304048
-0.0305421
-0.03116
-0.0317367
-0.0318877
-0.0315307
-0.0308716
-0.0301439
-0.0296084
-0.0293612
-0.0292788
-0.0291278
-0.0287433
-0.0282078
-0.0277958
-0.0278645
-0.028551
-0.0297182
-0.0308442
-0.0314758
-0.031517
-0.0312012
-0.0308167
-0.0304048
-0.0301301
-0.0302263
-0.0308716
-0.0319152
-0.0329176
-0.0333844
-0.033151
-0.0324644
-0.0318877
-0.0318877
-0.0325331
-0.0333982
-0.0339749
-0.033865
-0.0328626
-0.0310364
-0.0286746
-0.0264776
-0.0250771
-0.0247338
-0.0251457
-0.025846
-0.0265738
-0.0271642
-0.02748
-0.0275212
-0.0274251
-0.0275761
-0.0284275
-0.0300615
-0.031874
-0.0330137
-0.0330686
-0.0324644
-0.0318465
-0.0315719
-0.0315994
-0.0317367
-0.0317367
-0.0313797
-0.0306107
-0.0296495
-0.0288531
-0.0284549
-0.0284549
-0.0287982
-0.0293612
-0.029883
-0.0299928
-0.0294024
-0.028249
-0.0271367
-0.0268209
-0.0275212
-0.0287845
-0.0297869
-0.0300203
-0.0295672
-0.0289218
-0.028551
-0.0286197
-0.0289218
-0.0289904
-0.0284824
-0.0275761
-0.0268758
-0.0269033
-0.0275212
-0.0281666
-0.0284
-0.0281391
-0.0275624
-0.0268621
-0.0260382
-0.0251457
-0.0245553
-0.0248299
-0.0260657
-0.0276036
-0.0284687
-0.0283176
-0.027686
-0.0273839
-0.0277684
-0.0285099
-0.0290454
-0.0290042
-0.0285099
-0.0281528
-0.0283725
-0.028963
-0.0292513
-0.0288669
-0.0282764
-0.0281528
-0.0285922
-0.0290728
-0.0290316
-0.0283725
-0.027329
-0.026203
-0.0252693
-0.0246789
-0.0244866
-0.0246651
-0.0252144
-0.0261206
-0.0272466
-0.0283725
-0.0292239
-0.0296907
-0.0298555
-0.0300203
-0.0302263
-0.0301713
-0.0296084
-0.0287021
-0.0278645
-0.0272878
-0.0267523
-0.0261069
-0.0254753
-0.0250771
-0.0249809
-0.025132
-0.0253929
-0.0255576
-0.0254615
-0.0251594
-0.0248574
-0.0246789
-0.0246789
-0.0248986
-0.0253791
-0.0259009
-0.0261069
-0.0258323
-0.0252693
-0.0246926
-0.0242806
-0.0242257
-0.0246926
-0.0255576
-0.0261893
-0.0259696
-0.0249123
-0.0237451
-0.0233195
-0.0240198
-0.0255302
-0.0270406
-0.0277272
-0.0273015
-0.0262305
-0.0253379
-0.0251869
-0.0257087
-0.026409
-0.0268758
-0.0269582
-0.026766
-0.026409
-0.0259559
-0.025489
-0.0253379
-0.0258872
-0.0271093
-0.028551
-0.0295946
-0.0297594
-0.0290042
-0.0276585
-0.0263541
-0.0255576
-0.0253791
-0.0255714
-0.0257773
-0.025695
-0.0250771
-0.0240747
-0.0231684
-0.0229625
-0.023649
-0.0249397
-0.0262991
-0.0270818
-0.0268621
-0.0256675
-0.0240335
-0.0226329
-0.0219326
-0.0220425
-0.0228801
-0.0240884
-0.0250908
-0.0254753
-0.0253379
-0.0251457
-0.0251183
-0.0250084
-0.0246651
-0.0243218
-0.0242944
-0.0246102
-0.0249809
-0.0250908
-0.0249535
-0.02472
-0.0246102
-0.0246377
-0.0246651
-0.0245553
-0.0241845
-0.0235804
-0.0229075
-0.0223171
-0.0218777
-0.0215481
-0.0213284
-0.0212461
-0.0214108
-0.0220013
-0.0231547
-0.0246651
-0.0259833
-0.0264364
-0.0257911
-0.024418
-0.0229625
-0.0218228
-0.0211499
-0.0209165
-0.0210813
-0.021452
-0.0216855
-0.0215344
-0.0211774
-0.0210538
-0.0213834
-0.0218228
-0.0219601
-0.0219052
-0.0221111
-0.0228801
-0.0240609
-0.0251183
-0.0255714
-0.0253517
-0.0248711
-0.024569
-0.0245278
-0.0243905
-0.0239786
-0.023443
-0.0231822
-0.0234293
-0.0240472
-0.0247063
-0.0250084
-0.0248986
-0.0247338
-0.0249123
-0.0254341
-0.025846
-0.025695
-0.0248574
-0.0236353
-0.0225368
-0.0220425
-0.0222347
-0.0229075
-0.0237314
-0.0245553
-0.0252693
-0.0257087
-0.025695
-0.0252281
-0.0246789
-0.0244454
-0.0247063
-0.0253105
-0.0258597
-0.0259147
-0.0252693
-0.0241845
-0.0231272
-0.0224544
-0.022166
-0.0222484
-0.0227565
-0.0237039
-0.0248162
-0.0257224
-0.0260108
-0.0255576
-0.024569
-0.023855
-0.0241708
-0.0253242
-0.026203
-0.0257636
-0.0240884
-0.0221111
-0.0209165
-0.0210675
-0.0223995
-0.0240198
-0.0250084
-0.0251594
-0.0249535
-0.02472
-0.0242395
-0.0232233
-0.0218365
-0.0207517
-0.0206419
-0.0216305
-0.0231959
-0.024569
-0.0252418
-0.0251457
-0.0244454
-0.0234019
-0.0222896
-0.0213696
-0.0208204
-0.0205183
-0.0203261
-0.0201613
-0.0199965
-0.0197356
-0.0193511
-0.0192001
-0.019818
-0.0211362
-0.0225093
-0.0232645
-0.0233607
-0.023141
-0.0228801
-0.0226604
-0.022372
-0.0219601
-0.0214108
-0.0209165
-0.0207105
-0.0207655
-0.0208067
-0.0206831
-0.0206419
-0.0209989
-0.0217404
-0.0224681
-0.0226878
-0.0221798
-0.0211637
-0.0202437
-0.0199553
-0.0204085
-0.0212461
-0.0219875
-0.0223583
-0.022372
-0.022221
-0.0222072
-0.022372
