LECROYHDO9204-MSöv,30454,Waveform
Segments,1,SegmentSize,2002
Ampl
-0.0131996
-0.0142843
-0.0150396
-0.0151082
-0.0146825
-0.0141196
-0.0135429
-0.0128838
-0.0121697
-0.0115518
-0.0111674
-0.0110575
-0.0111674
-0.0113321
-0.0113596
-0.0112086
-0.0110438
-0.0111262
-0.0115793
-0.0121011
-0.0122109
-0.0116617
-0.0108241
-0.0102886
-0.0102199
-0.0102748
-0.0101924
-0.0100963
-0.0103984
-0.0111948
-0.0121835
-0.0128838
-0.0130348
-0.0126366
-0.01195
-0.0113459
-0.0111124
-0.0112223
-0.0114557
-0.0116342
-0.0117166
-0.0116891
-0.0114145
-0.0108515
-0.0101512
-0.00958827
-0.00946469
-0.00989036
-0.0107142
-0.0115518
-0.0119363
-0.0117303
-0.0111262
-0.0105495
-0.010316
-0.0105769
-0.0111536
-0.0116891
-0.0118402
-0.0115381
-0.0109751
-0.0104945
-0.0103847
-0.0107417
-0.0113596
-0.0118402
-0.0119363
-0.0119363
-0.0122659
-0.0130485
-0.0138587
-0.014147
-0.0136664
-0.0126915
-0.0118127
-0.0116205
-0.0122247
-0.0131858
-0.0140097
-0.0146002
-0.0151906
-0.0158772
-0.0162342
-0.0157673
-0.0144079
-0.0128014
-0.0117578
-0.0117303
-0.0126091
-0.0136664
-0.0141882
-0.0139411
-0.0132682
-0.012513
-0.0117715
-0.0111399
-0.0108515
-0.0112223
-0.0122796
-0.0136527
-0.0147375
-0.0149709
-0.0142569
-0.0129799
-0.0117441
-0.0109614
-0.0106868
-0.0107966
-0.0110026
-0.0109751
-0.0104945
-0.0096432
-0.00875067
-0.00820142
-0.00821515
-0.00880559
-0.00971185
-0.0104808
-0.0105906
-0.00989036
-0.0087644
-0.00781695
-0.00765217
-0.00850351
-0.0100277
-0.0112635
-0.0113047
-0.0100689
-0.00836619
-0.00729516
-0.00751486
-0.0089841
-0.0112223
-0.0134742
-0.0150945
-0.0158634
-0.0159733
-0.0159321
-0.0160282
-0.0162342
-0.0161518
-0.0155613
-0.0146551
-0.0139685
-0.0138587
-0.0141196
-0.0143393
-0.0143942
-0.0144491
-0.0146551
-0.0149572
-0.0152867
-0.0155339
-0.0155888
-0.0153966
-0.0151082
-0.0149022
-0.0147512
-0.0145727
-0.014353
-0.0142157
-0.0142843
-0.014559
-0.0149984
-0.0154103
-0.0155339
-0.0152593
-0.0148885
-0.0148748
-0.0152593
-0.0155064
-0.0151357
-0.0142431
-0.0133369
-0.0129112
-0.0130623
-0.0136252
-0.0142569
-0.01471
-0.0149984
-0.0151769
-0.0149846
-0.0140784
-0.0127739
-0.0120187
-0.0123482
-0.0133506
-0.014147
-0.0142843
-0.0139548
-0.0135978
-0.0134879
-0.0136115
-0.0136252
-0.0132133
-0.0124306
-0.0116479
-0.0112223
-0.0111124
-0.0109751
-0.010522
-0.00978051
-0.00917633
-0.00925872
-0.0102336
-0.0116754
-0.0128014
-0.0131172
-0.0126915
-0.0119638
-0.0114008
-0.0112909
-0.0116479
-0.0122109
-0.0126503
-0.012925
-0.0132682
-0.0138449
-0.0143667
-0.0143805
-0.0137626
-0.0128014
-0.0119363
-0.0114694
-0.0113733
-0.011442
-0.0114832
-0.0114694
-0.0114283
-0.0114145
-0.0112772
-0.0109477
-0.0106318
-0.0107829
-0.0116205
-0.0128563
-0.0137626
-0.0136664
-0.0124718
-0.0107417
-0.00928618
-0.00872321
-0.00919007
-0.0103435
-0.0115244
-0.0121423
-0.0120462
-0.0117853
-0.0119912
-0.0128563
-0.0139685
-0.0147237
-0.0146825
-0.0136115
-0.0115656
-0.00909395
-0.00717158
-0.00653995
-0.00717158
-0.00829754
-0.00906649
-0.00903902
-0.00839366
-0.0076659
-0.00737755
-0.00769337
-0.00840739
-0.00914887
-0.00968439
-0.00997274
-0.0101375
-0.0104533
-0.0110438
-0.0117853
-0.0121285
-0.0115793
-0.00998648
-0.0078856
-0.0062104
-0.00563369
-0.00611428
-0.00713039
-0.00816023
-0.0089429
-0.00925872
-0.0089841
-0.00829754
-0.00777575
-0.00791307
-0.00861336
-0.00932738
-0.009602
-0.00936857
-0.0089429
-0.00872321
-0.00892917
-0.0094235
-0.00994528
-0.0102474
-0.0102474
-0.00997274
-0.0096432
-0.00971185
-0.0106044
-0.0121285
-0.0134879
-0.0138724
-0.0133094
-0.0125954
-0.0125542
-0.013433
-0.0148199
-0.0159321
-0.0161381
-0.0153554
-0.0141608
-0.0133506
-0.0131446
-0.0131172
-0.0127464
-0.0118951
-0.0108927
-0.0101512
-0.00997274
-0.0102062
-0.0103298
-0.0100277
-0.00943723
-0.00903902
-0.00903902
-0.00931365
-0.00973931
-0.0103023
-0.0109339
-0.0114557
-0.0117715
-0.0118814
-0.0118676
-0.0117166
-0.0114283
-0.0109889
-0.0103984
-0.00965693
-0.00892917
-0.00847604
-0.00844858
-0.00865455
-0.00875067
-0.0085447
-0.00807784
-0.00761098
-0.00762471
-0.00846231
-0.00990409
-0.0112772
-0.0121423
-0.0124444
-0.0124718
-0.0123894
-0.0124169
-0.0127739
-0.0133369
-0.0135978
-0.0130897
-0.0119088
-0.0105083
-0.00932738
-0.00864082
-0.00865455
-0.00949215
-0.011085
-0.0130211
-0.0147375
-0.0156849
-0.0156712
-0.0150807
-0.0143805
-0.0137488
-0.01287
-0.011593
-0.0102062
-0.00934111
-0.00932738
-0.00987663
-0.0102474
-0.00993155
-0.00914887
-0.0087644
-0.00951961
-0.0113047
-0.0132408
-0.0144628
-0.0147237
-0.0142843
-0.0135154
-0.0127464
-0.0122247
-0.0121972
-0.012719
-0.013639
-0.0144766
-0.0147375
-0.0142981
-0.0135429
-0.0129387
-0.012513
-0.0120873
-0.0117715
-0.0118265
-0.0122521
-0.0125679
-0.0123894
-0.0117029
-0.0109065
-0.0103435
-0.0101101
-0.0100963
-0.0100689
-0.00991782
-0.00978051
-0.00991782
-0.0104259
-0.0112223
-0.0121148
-0.01287
-0.0131721
-0.012719
-0.0116754
-0.0105769
-0.0100139
-0.00997274
-0.0101375
-0.0102336
-0.0102199
-0.0101787
-0.0101512
-0.0100826
-0.00998648
-0.00987663
-0.00975305
-0.00951961
-0.0092038
-0.00890171
-0.00886052
-0.00931365
-0.0103435
-0.0116205
-0.0126915
-0.0131721
-0.01287
-0.0119912
-0.0111124
-0.0108103
-0.0111811
-0.0120462
-0.0134467
-0.0155751
-0.018335
-0.0211087
-0.0232783
-0.0248299
-0.0263815
-0.0284275
-0.0310364
-0.0337826
-0.0361444
-0.0379844
-0.0396733
-0.0419527
-0.0451109
-0.0487908
-0.0522648
-0.0551346
-0.0575101
-0.059817
-0.0623023
-0.0648975
-0.0672456
-0.0690581
-0.0704587
-0.0719142
-0.0737679
-0.0761022
-0.0787798
-0.0814436
-0.0836406
-0.0851648
-0.0863731
-0.0876776
-0.0888722
-0.0892567
-0.0885426
-0.0872656
-0.0863319
-0.0862358
-0.0868949
-0.0878835
-0.0888585
-0.0896549
-0.090259
-0.0906023
-0.0904513
-0.0896823
-0.0884465
-0.0870597
-0.0857964
-0.0848078
-0.0841349
-0.0836818
-0.08316
-0.0822949
-0.0812102
-0.0802627
-0.079686
-0.0793565
-0.0789308
-0.0782442
-0.0774341
-0.0767338
-0.0763768
-0.0764729
-0.076981
-0.077695
-0.0782305
-0.0781893
-0.0774066
-0.0761434
-0.074935
-0.0741386
-0.0737953
-0.0738228
-0.0743583
-0.0754568
-0.0767887
-0.0776401
-0.0775577
-0.0766926
-0.0756902
-0.0751135
-0.0750586
-0.0753195
-0.0756216
-0.0758413
-0.0760747
-0.0763356
-0.0764043
-0.0760335
-0.0753607
-0.0748801
-0.0750586
-0.0759374
-0.0771595
-0.0782854
-0.0790681
-0.0796448
-0.0803176
-0.0811827
-0.0819929
-0.0824185
-0.0824048
-0.0822537
-0.08224
-0.0823224
-0.0822949
-0.0820066
-0.0815535
-0.0812102
-0.0812239
-0.0817457
-0.0825696
-0.0831875
-0.08316
-0.0823636
-0.0810317
-0.0795212
-0.0782992
-0.077901
-0.0785601
-0.0798783
-0.0811415
-0.081732
-0.0815947
-0.0810179
-0.0804962
-0.0802627
-0.0802215
-0.080043
-0.0794663
-0.0785463
-0.0774753
-0.0764455
-0.0757452
-0.0756353
-0.0761983
-0.0771183
-0.0779147
-0.0782168
-0.0779284
-0.0773929
-0.0771732
-0.077695
-0.0786836
-0.0792603
-0.0787523
-0.077338
-0.075855
-0.0750449
-0.0750586
-0.0756079
-0.0762669
-0.0766926
-0.0766789
-0.0762395
-0.0756765
-0.0754705
-0.0759099
-0.0768849
-0.077846
-0.0781344
-0.077489
-0.0762807
-0.0751959
-0.0747291
-0.0748938
-0.075347
-0.0757452
-0.0758825
-0.0758138
-0.0756765
-0.075498
-0.0752646
-0.0749625
-0.0747977
-0.0750586
-0.0757452
-0.0764592
-0.0767201
-0.0765004
-0.0761296
-0.075855
-0.0756216
-0.0752096
-0.0748114
-0.0749625
-0.0759237
-0.0772968
-0.0782442
-0.0782168
-0.0774341
-0.0766652
-0.076775
-0.0781344
-0.0802078
-0.0817182
-0.0815397
-0.079686
-0.0773105
-0.0758001
-0.0756902
-0.0763631
-0.0766377
-0.0757726
-0.0740837
-0.0726831
-0.0726556
-0.0741386
-0.0764455
-0.0786424
-0.0801391
-0.0806472
-0.0800842
-0.0786562
-0.0768711
-0.0753882
-0.0745505
-0.0743308
-0.0745505
-0.0749488
-0.0752508
-0.0752508
-0.074935
-0.074578
-0.0745643
-0.0749899
-0.0755529
-0.0756765
-0.0749625
-0.0735619
-0.0722025
-0.071818
-0.0727655
-0.074578
-0.0763631
-0.077489
-0.077901
-0.0779559
-0.0779147
-0.0776126
-0.0769123
-0.0760472
-0.075498
-0.075347
-0.0751822
-0.0745231
-0.0734795
-0.0726694
-0.0725046
-0.0728341
-0.0730813
-0.0728067
-0.0721201
-0.0715434
-0.0715571
-0.0722849
-0.0733559
-0.0742622
-0.0746741
-0.0746604
-0.0744407
-0.0743583
-0.0745643
-0.0750586
-0.075649
-0.0760884
-0.0761022
-0.075498
-0.0744132
-0.0734246
-0.0731088
-0.0736168
-0.0745094
-0.0752096
-0.0751959
-0.0741249
-0.0721064
-0.0698682
-0.0686324
-0.0691405
-0.0709942
-0.0729165
-0.0737541
-0.0732049
-0.0717768
-0.0702939
-0.0694837
-0.0694837
-0.0699369
-0.0703763
-0.070596
-0.0706234
-0.0705273
-0.0703076
-0.0699094
-0.0693602
-0.0688796
-0.0689208
-0.0695799
-0.0704037
-0.070747
-0.0704312
-0.0697996
-0.069319
-0.0691267
-0.0692778
-0.0697584
-0.0705548
-0.0715709
-0.0725046
-0.0729165
-0.072587
-0.0717219
-0.0708431
-0.0702664
-0.0700193
-0.0700193
-0.07039
-0.0711864
-0.0720652
-0.0724085
-0.0719142
-0.0707745
-0.06947
-0.068399
-0.0678635
-0.0678909
-0.0682342
-0.0684951
-0.06855
-0.0685912
-0.0687011
-0.0687148
-0.0684951
-0.0680145
-0.0674103
-0.0668199
-0.0665315
-0.0669435
-0.068399
-0.0706784
-0.0729715
-0.0741386
-0.0734658
-0.07131
-0.0689208
-0.067685
-0.067987
-0.0691267
-0.0700467
-0.070184
-0.0695112
-0.068399
-0.0673005
-0.0665315
-0.0661745
-0.0660784
-0.0661059
-0.0662432
-0.066559
-0.0670259
-0.0675339
-0.0679733
-0.0681655
-0.0679458
-0.0672181
-0.0660509
-0.0648014
-0.0639638
-0.0638128
-0.0642933
-0.0650486
-0.0657763
-0.0664903
-0.0672044
-0.0676163
-0.0672456
-0.0660784
-0.0647053
-0.0637716
-0.0633734
-0.0634008
-0.0638128
-0.0647465
-0.0660647
-0.0673829
-0.0682754
-0.0685775
-0.0683578
-0.0677399
-0.0668885
-0.0659686
-0.0652683
-0.0649936
-0.065076
-0.0651584
-0.0649113
-0.0643483
-0.0638539
-0.0638265
-0.0642659
-0.0648014
-0.0650623
-0.0651859
-0.065639
-0.0666963
-0.067987
-0.0686873
-0.068193
-0.0667375
-0.0651721
-0.0642796
-0.0641423
-0.0643757
-0.0647053
-0.0651447
-0.0658175
-0.0667512
-0.0676987
-0.0683029
-0.0682479
-0.0675339
-0.0663942
-0.0651447
-0.0638402
-0.0624534
-0.0610528
-0.0598856
-0.0591167
-0.0588283
-0.0590206
-0.0595973
-0.0603113
-0.0608056
-0.0608605
-0.0603662
-0.0595012
-0.0587734
-0.0587322
-0.0594737
-0.0605035
-0.0613411
-0.0617805
-0.0619316
-0.0617943
-0.0612038
-0.0600641
-0.0584988
-0.056906
-0.0558761
-0.0556976
-0.0561645
-0.0567549
-0.0571806
-0.0574827
-0.0578122
-0.0580731
-0.0581555
-0.0581006
-0.0580731
-0.0580868
-0.0581006
-0.0581555
-0.0583477
-0.0584851
-0.058334
-0.0579358
-0.0577573
-0.0582791
-0.0595149
-0.0609155
-0.0618767
-0.0621238
-0.0620002
-0.0619865
-0.0621925
-0.0623023
-0.0619728
-0.061245
-0.0604486
-0.0598444
-0.0595424
-0.0594737
-0.0594462
-0.0591441
-0.0585125
-0.0578671
-0.0577161
-0.0582516
-0.0592128
-0.0600367
-0.0604349
-0.0604211
-0.060174
-0.0597209
-0.0589107
-0.0578671
-0.0571257
-0.0572904
-0.0582928
-0.0594188
-0.0599268
-0.0596385
-0.0588283
-0.057771
-0.0566863
-0.0558624
-0.0557114
-0.0564254
-0.0578397
-0.0595424
-0.0608331
-0.0610802
-0.0601328
-0.0584576
-0.0568236
-0.05578
-0.0555191
-0.0558487
-0.0563704
-0.0565901
-0.0563018
-0.0558761
-0.0558487
-0.056343
-0.0569884
-0.0573454
-0.0572355
-0.0567687
-0.0562743
-0.0560958
-0.0562194
-0.0562743
-0.0557937
-0.0546952
-0.0532947
-0.0520314
-0.0512899
-0.0511938
-0.0515783
-0.0520177
-0.0521824
-0.0520039
-0.051743
-0.0516332
-0.0517568
-0.0521412
-0.052663
-0.0531848
-0.0536379
-0.0539675
-0.0541597
-0.0540361
-0.0535006
-0.0527866
-0.052306
-0.0523335
-0.0527454
-0.0530887
-0.0528965
-0.0520451
-0.0508642
-0.0499305
-0.0496147
-0.049752
-0.0500404
-0.0504111
-0.0509329
-0.051592
-0.0522786
-0.0528141
-0.0531573
-0.0532535
-0.0530887
-0.0527454
-0.0523335
-0.0519353
-0.0515645
-0.0511663
-0.0506857
-0.0501914
-0.0498344
-0.049752
-0.0498344
-0.0499305
-0.049958
-0.0499992
-0.0500953
-0.0501639
-0.0502463
-0.0504248
-0.0505896
-0.0503836
-0.0497383
-0.0490517
-0.048832
-0.0490655
-0.0492165
-0.048832
-0.0479944
-0.047198
-0.0469508
-0.0473353
-0.0479807
-0.0483926
-0.0485299
-0.0489144
-0.0499305
-0.051386
-0.0527729
-0.0536791
-0.0538439
-0.0530612
-0.0515371
-0.0499854
-0.0493126
-0.0497246
-0.050672
-0.0512624
-0.0510977
-0.0503699
-0.049601
-0.0491066
-0.0489144
-0.0488046
-0.0485437
-0.0480768
-0.0476237
-0.0474726
-0.0477885
-0.0484338
-0.0488869
-0.0487634
-0.0481317
-0.0475138
-0.0474452
-0.0478296
-0.0480768
-0.0477335
-0.0469508
-0.0464291
-0.04669
-0.0475825
-0.0483514
-0.0483514
-0.0474589
-0.0461956
-0.0451933
-0.0448774
-0.0454541
-0.0467174
-0.048118
-0.0489693
-0.049189
-0.0492165
-0.0494362
-0.0494637
-0.0486261
-0.0468822
-0.045001
-0.0438476
-0.0438201
-0.0447813
-0.046278
-0.0477473
-0.0486672
-0.0488046
-0.048475
-0.0482141
-0.0484475
-0.0490792
-0.0496284
-0.0497383
-0.0495735
-0.0494499
-0.0494362
-0.0491066
-0.0482004
-0.0471294
-0.0465938
-0.0469508
-0.047912
-0.0488732
-0.0494499
-0.0494637
-0.0488869
-0.0478159
-0.0465664
-0.0454953
-0.0448637
-0.0446303
-0.0446028
-0.0445616
-0.0445479
-0.0447264
-0.0452207
-0.0459485
-0.0467998
-0.0475413
-0.0478159
-0.0473765
-0.0464428
-0.0456601
-0.045564
-0.0462094
-0.0472941
-0.0482553
-0.0484613
-0.0476923
-0.0465115
-0.045715
-0.045564
-0.0455503
-0.0451109
-0.044287
-0.0437515
-0.0440673
-0.0453031
-0.0469234
-0.0481455
-0.0484475
-0.0478983
-0.047047
-0.0464428
-0.0462368
-0.0463604
-0.0466488
-0.0468547
-0.0467449
-0.0462918
-0.0455915
-0.0448088
-0.0439849
-0.0432434
-0.0425981
-0.0421037
-0.0417742
-0.0416643
-0.0417467
-0.0419115
-0.0421312
-0.0426118
-0.0435455
-0.0447539
-0.045715
-0.0460309
-0.0456876
-0.0448774
-0.0438201
-0.0427079
-0.0417055
-0.0409503
-0.040456
-0.040305
-0.0407443
-0.0418154
-0.0430924
-0.0438064
-0.0435181
-0.0426255
-0.0419252
-0.0418566
-0.0421449
-0.0421724
-0.0416231
-0.040813
-0.0403187
-0.0404011
-0.041019
-0.0418566
-0.0425431
-0.0427628
-0.0423372
-0.0414996
-0.0407032
-0.0402775
-0.0402775
-0.0407032
-0.0415408
-0.0425294
-0.0431473
-0.0429963
-0.0421861
-0.0411014
-0.0399617
-0.0389593
-0.0383002
-0.0382453
-0.0388906
-0.0400166
-0.0412936
-0.0424196
-0.0431748
-0.0435318
-0.0435043
-0.0431061
-0.042296
-0.0411426
-0.0399342
-0.0390691
-0.0388632
-0.0393712
-0.0402638
-0.041019
-0.0412387
-0.0409091
-0.0403324
-0.0397832
-0.039385
-0.0390554
-0.0387533
-0.0385199
-0.0384787
-0.0387671
-0.0394399
-0.0402363
-0.0406482
-0.0404423
-0.0399067
-0.039536
-0.0394536
-0.0393026
-0.0388083
-0.0381766
-0.0377921
-0.0378059
-0.0379706
-0.0378471
-0.0372841
-0.0366525
-0.0365289
-0.0372154
-0.03841
-0.0396733
-0.0406345
-0.04117
-0.0413348
-0.0414172
-0.0416094
-0.0417605
-0.0414996
-0.0407581
-0.0399067
-0.0394536
-0.0395909
-0.0400578
-0.040456
-0.0407169
-0.0411014
-0.0417742
-0.0424196
-0.0424333
-0.0417193
-0.0409778
-0.0410602
-0.0421037
-0.0434906
-0.0444655
-0.0447401
-0.0444106
-0.0436691
-0.0427354
-0.0418291
-0.0411014
-0.040662
-0.0406482
-0.0409778
-0.0413211
-0.0413348
-0.0410876
-0.0408817
-0.040964
-0.0412661
-0.0416231
-0.0417879
-0.041582
-0.0410602
-0.0407855
-0.041527
-0.0435181
-0.0460034
-0.0476511
-0.0474864
-0.0454679
-0.0424333
-0.0395497
-0.0377784
-0.0373527
-0.0379706
-0.0390417
-0.0400715
-0.0406757
-0.0407169
-0.0405247
-0.0405933
-0.0410739
-0.041582
-0.041527
-0.0407032
-0.0394399
-0.0383826
-0.0380668
-0.0386297
-0.0397969
-0.041019
-0.041939
-0.0424333
-0.042447
-0.0417742
-0.0404285
-0.0389044
-0.0379981
-0.0381354
-0.0390554
-0.0400166
-0.0404972
-0.0403324
-0.0397557
-0.0389181
-0.0378745
-0.0368035
-0.0362268
-0.0365151
-0.0373939
-0.038108
-0.0382041
-0.0377921
-0.0374626
-0.0376548
-0.0383826
-0.0391927
-0.0395635
-0.0393575
-0.0387533
-0.0380393
-0.0372978
-0.0365838
-0.0361719
-0.0364328
-0.0373802
-0.0384375
-0.0389318
-0.0386847
-0.038108
-0.0376548
-0.0374901
-0.0375038
-0.037545
-0.0376823
-0.0380668
-0.0386847
-0.0392614
-0.039385
-0.0389868
-0.0382453
-0.0374351
-0.0365426
-0.035554
-0.0347164
-0.0344143
-0.0348262
-0.0356638
-0.0364877
-0.0369957
-0.037133
-0.037133
-0.0373116
-0.0377509
-0.0382315
-0.0382178
-0.0372566
-0.0354578
-0.0335217
-0.0323683
-0.0325056
-0.0335767
-0.0347164
-0.0351695
-0.0347438
-0.0338238
-0.0328901
-0.0323134
-0.0322035
-0.0325194
-0.0330411
-0.0335492
-0.0339199
-0.0340985
-0.0341259
-0.0341259
-0.0343319
-0.0349086
-0.0358149
-0.0368447
-0.0375862
-0.0375587
-0.0365014
-0.0348262
-0.0333707
-0.0328626
-0.0332471
-0.0338788
-0.0340985
-0.0338513
-0.0336453
-0.0340161
-0.0349498
-0.0358149
-0.0358149
-0.0349086
-0.0337689
-0.0332883
-0.0336179
-0.0342495
-0.0344829
-0.0339474
-0.0327665
-0.0315719
-0.0310227
-0.0313934
-0.0323546
-0.0333844
-0.0341122
-0.0344692
-0.0344967
-0.0342358
-0.0337964
-0.0334394
-0.0334394
-0.0338101
-0.0343182
-0.0346065
-0.034579
-0.0343593
-0.0341671
-0.0340435
-0.0338376
-0.033357
-0.0325331
-0.0317504
-0.0316131
-0.0324919
-0.034071
-0.0354716
-0.035911
-0.0353343
-0.0343593
-0.0336316
-0.0333158
-0.0332197
-0.0331098
-0.0328764
-0.0326018
-0.0323958
-0.0323271
-0.0322173
-0.0319015
-0.0315307
-0.0314346
-0.0316406
-0.0317779
-0.0314758
-0.0308716
-0.0303773
-0.0302812
-0.0304871
-0.0307618
-0.0310501
-0.0313385
-0.0317504
-0.0323409
-0.0330686
-0.0337002
-0.0338513
-0.0332334
-0.0319701
-0.0306519
-0.0299928
-0.0303086
-0.0314346
-0.0329038
-0.0343044
-0.035142
-0.0350596
-0.0339749
-0.0322722
-0.0305421
-0.0293063
-0.0290728
-0.0301851
-0.0323409
-0.0344417
-0.0352519
-0.0345928
-0.0335492
-0.0333982
-0.0343731
-0.0354029
-0.0351969
-0.0334668
-0.0311737
-0.0296358
-0.0294573
-0.0301164
-0.0306931
-0.0306931
-0.0302949
-0.029883
-0.0297319
-0.030034
-0.0307618
-0.0315033
-0.0317504
-0.0314071
-0.0309815
-0.0310089
-0.0315582
-0.0321074
-0.0320937
-0.0313522
-0.0302949
-0.0295672
-0.0294298
-0.0295809
-0.0294848
-0.0289081
-0.0280018
-0.0270955
-0.0263678
-0.0259284
-0.0258185
-0.0259696
-0.0264639
-0.0275212
-0.0293063
-0.0313248
-0.0325056
-0.0321349
-0.0305421
-0.0289767
-0.0284412
-0.0289081
-0.0295534
-0.0295122
-0.0287158
-0.0277821
-0.027329
-0.0273702
-0.0274251
-0.0271642
-0.026766
-0.0266699
-0.0272054
-0.0282627
-0.0292101
-0.0293612
-0.0285373
-0.0273427
-0.0265051
-0.0262167
-0.0261618
-0.026052
-0.0260382
-0.0264639
-0.02748
-0.0288531
-0.0301164
-0.030954
-0.0313385
-0.0314621
-0.0313934
-0.0309815
-0.0300477
-0.0288394
-0.0278508
-0.0273564
-0.0273564
-0.0275899
-0.0277272
-0.0275899
-0.0271779
-0.0268621
-0.0269857
-0.0274663
-0.0278645
-0.0277821
-0.0271779
-0.0262305
-0.0251869
-0.024363
-0.0241296
-0.0246651
-0.0257636
-0.0269033
-0.0275487
-0.0273839
-0.0264776
-0.0253517
-0.0246102
-0.0245141
-0.0248162
-0.0251183
-0.025283
-0.0254478
-0.0258048
-0.0263129
-0.0266561
-0.0264914
-0.0257773
-0.0249535
-0.0246514
-0.0251869
-0.0262854
-0.0274114
-0.028043
-0.027892
-0.0269445
-0.0255439
-0.0243768
-0.0240884
-0.0247887
-0.0259696
-0.0268896
-0.0271093
-0.0265875
-0.0255988
-0.0243493
-0.0230448
-0.022015
-0.0216717
-0.0221249
-0.0230448
-0.0239374
-0.0246239
-0.0251732
-0.0256263
-0.0259284
-0.0261893
-0.0264227
-0.0264639
-0.026052
-0.0253105
-0.0247887
-0.024926
-0.0255165
-0.0259421
-0.025695
-0.0248299
-0.0238962
-0.0235804
-0.0243081
-0.0259421
-0.0278508
-0.0292101
-0.0295672
-0.029114
-0.0282764
-0.027329
-0.0261206
-0.0246926
-0.0234293
-0.0229487
-0.023498
-0.0248162
-0.0263541
-0.0277684
-0.0289218
-0.0297045
-0.0298555
-0.0292925
-0.0284137
-0.0279469
-0.0283451
-0.0293887
-0.0303636
-0.0306245
-0.0299654
-0.028757
-0.0275899
-0.0268896
-0.0266836
-0.0268209
-0.0270681
-0.0272466
-0.0271093
-0.0266012
-0.0259559
-0.0255439
-0.0257087
-0.0266012
-0.027892
-0.0289218
-0.0290316
-0.0281803
-0.0268621
-0.0257087
-0.0251045
-0.0251869
-0.0258323
-0.0266561
-0.0271917
-0.0273564
-0.0275624
-0.0283176
-0.0296358
-0.0308854
-0.0312424
-0.0302674
-0.028194
-0.0258597
-0.0240747
-0.0233744
-0.0237863
-0.0249672
-0.0262305
-0.0269445
-0.0268072
-0.0260932
-0.0252693
-0.0246514
-0.0241845
-0.023855
-0.0236353
-0.0233744
-0.0229625
-0.0225505
-0.022578
-0.023292
-0.0243905
-0.0253242
-0.0257773
-0.0258323
-0.0256263
-0.025132
-0.0242944
-0.0234156
-0.0229075
-0.0228938
-0.023086
-0.023141
-0.023141
-0.0235529
-0.0246377
-0.0259421
-0.02656
-0.0259009
-0.0241845
-0.0224132
-0.0217541
-0.0228114
-0.0250633
-0.0272603
-0.0282352
-0.0277409
-0.0263403
-0.0246926
-0.0231684
-0.0220699
-0.021658
-0.0221523
-0.0233607
-0.0247338
-0.0256263
-0.0257087
-0.0251732
-0.0246377
-0.024569
-0.0248848
-0.0252144
-0.0254066
-0.0257224
-0.0263129
-0.0269308
-0.0271093
-0.0266699
-0.0259147
-0.0254341
-0.0258185
-0.0271779
-0.0288531
-0.029677
-0.0289218
-0.0269994
-0.0250359
-0.0238001
-0.0233057
-0.0231547
-0.0232096
-0.0235666
-0.0242669
-0.0249123
-0.0249672
-0.0243218
-0.0235941
-0.0235941
-0.0245278
-0.0258048
-0.02656
-0.0263403
-0.0252144
-0.0238001
-0.0229213
-0.0231822
-0.0245003
-0.0260932
-0.0269994
-0.0267385
-0.0255439
-0.0240747
-0.0231272
-0.0231822
-0.0241571
-0.0254615
-0.0262579
-0.0260108
-0.02472
-0.0230036
-0.0216305
-0.0210264
-0.0211225
-0.0215207
-0.0219875
-0.0225368
-0.0232371
-0.024006
-0.0246789
-0.0250359
-0.0248848
-0.024212
-0.0234842
-0.0233469
-0.0240884
-0.0252556
-0.0260108
-0.0257636
-0.02472
-0.0236627
-0.0233469
-0.0239236
-0.0249535
-0.0258048
-0.0259147
-0.0250221
-0.0233332
-0.0217404
-0.0213284
-0.0224407
-0.024363
-0.0258735
-0.0262305
-0.0257224
-0.0252968
-0.0258185
-0.027274
-0.0287296
-0.0290179
-0.0279469
-0.0264364
-0.0256812
-0.025846
-0.0260794
-0.0255576
-0.0244866
-0.0239374
-0.0246926
-0.0265875
-0.028551
-0.0293887
-0.0284412
-0.025997
-0.023086
-0.0210264
-0.0207655
-0.0223445
-0.0247887
-0.0267385
-0.0274251
-0.0270955
-0.026409
-0.0258597
-0.0254478
-0.0250496
-0.0245278
-0.0238687
-0.0233057
-0.0234293
-0.0245827
-0.0263953
-0.0278645
-0.0283314
-0.0279194
-0.027123
-0.0263815
-0.0259696
-0.0259696
-0.0261756
-0.0262167
-0.0260382
-0.0260794
-0.0265463
-0.0270406
-0.0268209
-0.0257636
-0.0244866
-0.0237177
-0.0237451
-0.0242806
-0.0248299
-0.025132
-0.0250633
-0.0244866
-0.0233195
-0.0218365
-0.0206831
-0.0203673
-0.0208753
-0.0217678
-0.0226192
-0.0231822
-0.0235117
-0.0237726
-0.0241708
-0.0246239
-0.0248162
-0.0244866
-0.0238138
-0.0232508
-0.0229899
-0.0228389
-0.0225231
-0.0218914
-0.0211225
-0.0206831
-0.0211499
-0.0227153
-0.0248162
-0.0263403
-0.0266973
-0.0262442
-0.0257499
-0.0255576
-0.0253517
-0.0247475
-0.0238138
