LECROYHDO9204-MSöv,30454,Waveform
Segments,1,SegmentSize,2002
Ampl
-0.0153828
-0.0141745
-0.0127327
-0.0117303
-0.0114145
-0.0116479
-0.0122247
-0.0131035
-0.0142843
-0.0154378
-0.0160557
-0.0157948
-0.014861
-0.0138175
-0.0131858
-0.0131584
-0.013639
-0.0141745
-0.0142843
-0.0137351
-0.0128563
-0.0123757
-0.0127602
-0.0138724
-0.015067
-0.0158497
-0.0162204
-0.01655
-0.0170031
-0.0173327
-0.0171679
-0.0166598
-0.016344
-0.0165225
-0.0167971
-0.0164264
-0.0150945
-0.0131996
-0.0114832
-0.0105769
-0.0107966
-0.0119775
-0.0133643
-0.0141333
-0.013996
-0.0132545
-0.0124581
-0.0118951
-0.0117578
-0.0121972
-0.0131858
-0.0143805
-0.0151631
-0.0150533
-0.013996
-0.0124581
-0.0111536
-0.0105495
-0.010673
-0.0112772
-0.012156
-0.013076
-0.013639
-0.0135291
-0.0129661
-0.0124306
-0.0121835
-0.0120873
-0.0119363
-0.0118402
-0.0119912
-0.0124581
-0.0131584
-0.0138037
-0.0140097
-0.013584
-0.0128426
-0.0123757
-0.0124444
-0.0127602
-0.0130211
-0.0133781
-0.014202
-0.0155339
-0.0168658
-0.0173601
-0.0164813
-0.0143942
-0.0120736
-0.0106456
-0.0107829
-0.0123894
-0.0147649
-0.0169757
-0.018184
-0.0179368
-0.0165637
-0.0148061
-0.0133232
-0.0123757
-0.0120324
-0.012362
-0.0133369
-0.014559
-0.015479
-0.0157398
-0.0154515
-0.0148336
-0.0140372
-0.013076
-0.01195
-0.0107829
-0.00994528
-0.00975305
-0.0101924
-0.0108515
-0.0113459
-0.0116754
-0.0120873
-0.0127602
-0.0134742
-0.0137626
-0.0133094
-0.0122933
-0.0112909
-0.0109065
-0.0113321
-0.0122933
-0.0132408
-0.0138175
-0.0139273
-0.013584
-0.0127876
-0.0117029
-0.0107005
-0.0100963
-0.00995901
-0.0101101
-0.0103023
-0.010522
-0.0110438
-0.0120462
-0.013227
-0.0139411
-0.0137626
-0.0128563
-0.011799
-0.0111262
-0.0111811
-0.0119363
-0.0129524
-0.0135978
-0.013639
-0.0134467
-0.0135703
-0.0141745
-0.0149297
-0.015273
-0.0147924
-0.0135566
-0.0122521
-0.0116891
-0.0121972
-0.0133918
-0.0145178
-0.014916
-0.014353
-0.0130485
-0.0117853
-0.0113596
-0.0121285
-0.0136115
-0.0148473
-0.0151631
-0.0146276
-0.0138175
-0.0132545
-0.0130485
-0.0130073
-0.013076
-0.0134055
-0.0140921
-0.0148885
-0.015424
-0.0154927
-0.0151906
-0.0146414
-0.013996
-0.0134742
-0.013282
-0.0133369
-0.0133094
-0.013076
-0.0129661
-0.0134605
-0.0146276
-0.0159595
-0.0167285
-0.0165774
-0.0156163
-0.0143942
-0.0135017
-0.0133781
-0.0139823
-0.0151082
-0.0163577
-0.0173601
-0.0178544
-0.0178133
-0.0174151
-0.0168383
-0.0163715
-0.0162891
-0.0166873
-0.0172365
-0.0173327
-0.0166049
-0.0152593
-0.0139411
-0.0132682
-0.0134742
-0.014147
-0.0145452
-0.0142843
-0.0138037
-0.0137763
-0.0144079
-0.0151631
-0.0155064
-0.015273
-0.0145864
-0.0136664
-0.01287
-0.0127464
-0.0136527
-0.0152867
-0.0169207
-0.0179643
-0.018335
-0.0183213
-0.0183762
-0.0188294
-0.019667
-0.020381
-0.0203123
-0.0192825
-0.0177446
-0.0165225
-0.0161518
-0.0166049
-0.0173876
-0.0178819
-0.0177309
-0.0168383
-0.0152455
-0.013282
-0.0117029
-0.0114145
-0.012719
-0.0149297
-0.0168658
-0.0176759
-0.0171679
-0.0157398
-0.0142157
-0.0135154
-0.0141196
-0.0157398
-0.0174425
-0.0182115
-0.0177171
-0.0165363
-0.0156987
-0.015781
-0.0166186
-0.0175112
-0.0179368
-0.0176759
-0.016907
-0.015987
-0.0153554
-0.0151494
-0.0152043
-0.0153004
-0.0155613
-0.0160282
-0.0163715
-0.0161518
-0.0152867
-0.0142431
-0.013639
-0.0137488
-0.0143118
-0.0149022
-0.0152043
-0.0151494
-0.0150121
-0.0151494
-0.0156712
-0.0162479
-0.0164401
-0.0161655
-0.0157948
-0.0157673
-0.0161792
-0.0165912
-0.0163303
-0.0151631
-0.0136527
-0.0127739
-0.0129387
-0.0137076
-0.0142706
-0.0141745
-0.0134055
-0.0122521
-0.0112635
-0.0109614
-0.0113871
-0.0121972
-0.0132408
-0.0146139
-0.0161381
-0.017113
-0.016907
-0.0155751
-0.0138861
-0.0126641
-0.0122933
-0.0126091
-0.0131172
-0.0133781
-0.0133781
-0.0131996
-0.0129112
-0.0125267
-0.0121697
-0.0120736
-0.0122247
-0.012307
-0.0121011
-0.0116205
-0.0110987
-0.0107142
-0.0105357
-0.0104671
-0.0103709
-0.0101787
-0.00994528
-0.00969812
-0.00940977
-0.0091626
-0.0091626
-0.00958827
-0.0103023
-0.010879
-0.0107966
-0.0100277
-0.00903902
-0.00855843
-0.00902529
-0.0101787
-0.0113047
-0.0118402
-0.0118814
-0.0118402
-0.0119088
-0.0118951
-0.0117303
-0.0116068
-0.0117303
-0.012005
-0.0121835
-0.0121972
-0.0121972
-0.0124306
-0.0130348
-0.0139136
-0.0148061
-0.0153691
-0.0153966
-0.0149297
-0.0142981
-0.0139136
-0.0141333
-0.0146414
-0.0147787
-0.0140646
-0.0130485
-0.0126229
-0.0131584
-0.0140509
-0.0146002
-0.0145315
-0.0141333
-0.0138037
-0.0138999
-0.0143805
-0.0148199
-0.01471
-0.013996
-0.0130897
-0.0124993
-0.0124306
-0.0127739
-0.0132545
-0.0135291
-0.0134742
-0.0132408
-0.0130348
-0.012925
-0.0128838
-0.012925
-0.0130211
-0.0130073
-0.0127602
-0.0123345
-0.0118814
-0.0115793
-0.0116342
-0.0123208
-0.0136252
-0.014916
-0.0153554
-0.0146551
-0.013433
-0.0127739
-0.0132545
-0.014559
-0.0157536
-0.0160969
-0.0156712
-0.0152043
-0.0152455
-0.0157398
-0.0162479
-0.0165912
-0.0168383
-0.0170718
-0.0172915
-0.017621
-0.0182527
-0.0192688
-0.0205458
-0.0218365
-0.0229625
-0.0238687
-0.0248024
-0.0262991
-0.0287296
-0.0318877
-0.0353343
-0.0390966
-0.0438751
-0.0503974
-0.0588558
-0.0687697
-0.0793427
-0.0898883
-0.100091
-0.110224
-0.12088
-0.132688
-0.146021
-0.161016
-0.177507
-0.194959
-0.212618
-0.229699
-0.245779
-0.26113
-0.276784
-0.29381
-0.312073
-0.330321
-0.347266
-0.362892
-0.378381
-0.394872
-0.412324
-0.42979
-0.446281
-0.461413
-0.475433
-0.488683
-0.501041
-0.512013
-0.521171
-0.528586
-0.534916
-0.540958
-0.547068
-0.552959
-0.557971
-0.561555
-0.563683
-0.56485
-0.565674
-0.566347
-0.566402
-0.565235
-0.562489
-0.558589
-0.554373
-0.55046
-0.546698
-0.542468
-0.537264
-0.531126
-0.524741
-0.518782
-0.513482
-0.508607
-0.503788
-0.498899
-0.493846
-0.488354
-0.482175
-0.475556
-0.469336
-0.464407
-0.461029
-0.458585
-0.456031
-0.452612
-0.4483
-0.443755
-0.440047
-0.437988
-0.437727
-0.438606
-0.439581
-0.439855
-0.439169
-0.437919
-0.436711
-0.435969
-0.43575
-0.43601
-0.436793
-0.438029
-0.439388
-0.440624
-0.44197
-0.443824
-0.446158
-0.448575
-0.450744
-0.452831
-0.455042
-0.457376
-0.459683
-0.462072
-0.464791
-0.467977
-0.471341
-0.474266
-0.476188
-0.476916
-0.476943
-0.477122
-0.478042
-0.479772
-0.481859
-0.483891
-0.485525
-0.486514
-0.486802
-0.486569
-0.486171
-0.485937
-0.48591
-0.485992
-0.486033
-0.485855
-0.485429
-0.484962
-0.484715
-0.484866
-0.485251
-0.48558
-0.485566
-0.485003
-0.483932
-0.482738
-0.481886
-0.481735
-0.48223
-0.482944
-0.483273
-0.482861
-0.481735
-0.480362
-0.479387
-0.479154
-0.479497
-0.47984
-0.479483
-0.477946
-0.475323
-0.472371
-0.470174
-0.469597
-0.470682
-0.472467
-0.47351
-0.472865
-0.470819
-0.468636
-0.467386
-0.467139
-0.46718
-0.466892
-0.466247
-0.465423
-0.464585
-0.463844
-0.463487
-0.463816
-0.464873
-0.46626
-0.467386
-0.467716
-0.466974
-0.465285
-0.463445
-0.462498
-0.46302
-0.464626
-0.466164
-0.466755
-0.466425
-0.465862
-0.465546
-0.465436
-0.465272
-0.464983
-0.464667
-0.464544
-0.464901
-0.46578
-0.466727
-0.467153
-0.466864
-0.466247
-0.465711
-0.465368
-0.465107
-0.464915
-0.46486
-0.464942
-0.465025
-0.464983
-0.464764
-0.464324
-0.463638
-0.462786
-0.461921
-0.461248
-0.460919
-0.461084
-0.461674
-0.462196
-0.461949
-0.460534
-0.458255
-0.455866
-0.454232
-0.454026
-0.45533
-0.457596
-0.459724
-0.460782
-0.460301
-0.458557
-0.456209
-0.453957
-0.452364
-0.451746
-0.451994
-0.45268
-0.453174
-0.45312
-0.452625
-0.452145
-0.45198
-0.45209
-0.452117
-0.451774
-0.450881
-0.449577
-0.448204
-0.447092
-0.446185
-0.44532
-0.44451
-0.444002
-0.443851
-0.443769
-0.44348
-0.442945
-0.44219
-0.441393
-0.440707
-0.440295
-0.440144
-0.440212
-0.440487
-0.440871
-0.44105
-0.440734
-0.439951
-0.439045
-0.438207
-0.437411
-0.436628
-0.436203
-0.436395
-0.43693
-0.437082
-0.436422
-0.434981
-0.433182
-0.431589
-0.430697
-0.430724
-0.431452
-0.43244
-0.433196
-0.433251
-0.432385
-0.430902
-0.429392
-0.428362
-0.427744
-0.427126
-0.426275
-0.425286
-0.424463
-0.424064
-0.424051
-0.424092
-0.423803
-0.423035
-0.42184
-0.420412
-0.419094
-0.418338
-0.418448
-0.419107
-0.419547
-0.419176
-0.418119
-0.416979
-0.416059
-0.415249
-0.414425
-0.413766
-0.413615
-0.414068
-0.414727
-0.414837
-0.413903
-0.412201
-0.410622
-0.409839
-0.409962
-0.410594
-0.411253
-0.411542
-0.411404
-0.410924
-0.41021
-0.409221
-0.407958
-0.406612
-0.405472
-0.404539
-0.403701
-0.40296
-0.402534
-0.402438
-0.402438
-0.4023
-0.402053
-0.401902
-0.401765
-0.401477
-0.401133
-0.401202
-0.401847
-0.402506
-0.402273
-0.400749
-0.398497
-0.396616
-0.395874
-0.396066
-0.396327
-0.396066
-0.395407
-0.394789
-0.394405
-0.394144
-0.393815
-0.393334
-0.392606
-0.391535
-0.390025
-0.388144
-0.38618
-0.38456
-0.383736
-0.383942
-0.384958
-0.38618
-0.386921
-0.386674
-0.385397
-0.383612
-0.381992
-0.380797
-0.379768
-0.378449
-0.376788
-0.375428
-0.375222
-0.37639
-0.378024
-0.3786
-0.377282
-0.374714
-0.372408
-0.371391
-0.37157
-0.37216
-0.372531
-0.372627
-0.372792
-0.373177
-0.373328
-0.372463
-0.370293
-0.367533
-0.365391
-0.364732
-0.365487
-0.366833
-0.36789
-0.368041
-0.367121
-0.365405
-0.363633
-0.362576
-0.362617
-0.363455
-0.364292
-0.364444
-0.363853
-0.362974
-0.362247
-0.361656
-0.360887
-0.35983
-0.3588
-0.358374
-0.358924
-0.360214
-0.361368
-0.361464
-0.360118
-0.357949
-0.35615
-0.355518
-0.355834
-0.35615
-0.355669
-0.354365
-0.352827
-0.35166
-0.351124
-0.351069
-0.351097
-0.350891
-0.35052
-0.350204
-0.349957
-0.349573
-0.348817
-0.347788
-0.346813
-0.346277
-0.346318
-0.34662
-0.346579
-0.345893
-0.344739
-0.343613
-0.342913
-0.342556
-0.342199
-0.34143
-0.340167
-0.338725
-0.337681
-0.337462
-0.337984
-0.338684
-0.33889
-0.338258
-0.336967
-0.335594
-0.334674
-0.334207
-0.333809
-0.332999
-0.331571
-0.329649
-0.327864
-0.326971
-0.327301
-0.328193
-0.32844
-0.327273
-0.325062
-0.323003
-0.322275
-0.323305
-0.325406
-0.327328
-0.328042
-0.327424
-0.325955
-0.324211
-0.322714
-0.321891
-0.321891
-0.322371
-0.322907
-0.323332
-0.323731
-0.324005
-0.323868
-0.323058
-0.321781
-0.320586
-0.319941
-0.320009
-0.320641
-0.32152
-0.322248
-0.322467
-0.321836
-0.320202
-0.317895
-0.315739
-0.314435
-0.313926
-0.313611
-0.312883
-0.311729
-0.310507
-0.309711
-0.309642
-0.310343
-0.311496
-0.312649
-0.313309
-0.31313
-0.311922
-0.309944
-0.307953
-0.306745
-0.306402
-0.306292
-0.305811
-0.305056
-0.304383
-0.30404
-0.30404
-0.30426
-0.304452
-0.304273
-0.303628
-0.302804
-0.302173
-0.301788
-0.3015
-0.301184
-0.300621
-0.299715
-0.298561
-0.297435
-0.296625
-0.296227
-0.296062
-0.29598
-0.295939
-0.296062
-0.296392
-0.296694
-0.296515
-0.29554
-0.293906
-0.292135
-0.290597
-0.289471
-0.288798
-0.288537
-0.288551
-0.288592
-0.288483
-0.288222
-0.287906
-0.287549
-0.287041
-0.286395
-0.285736
-0.28516
-0.284706
-0.284363
-0.284102
-0.283855
-0.283663
-0.283581
-0.283649
-0.283718
-0.283498
-0.282757
-0.281535
-0.280189
-0.279214
-0.278981
-0.279557
-0.280656
-0.281686
-0.281809
-0.280477
-0.277841
-0.274793
-0.272568
-0.272005
-0.273035
-0.274806
-0.27633
-0.276893
-0.276262
-0.274765
-0.273296
-0.272747
-0.273268
-0.274133
-0.274422
-0.27379
-0.272554
-0.271291
-0.27044
-0.269973
-0.269712
-0.269533
-0.269492
-0.269616
-0.269753
-0.269685
-0.269382
-0.268916
-0.268243
-0.267282
-0.266142
-0.265098
-0.264329
-0.263849
-0.263643
-0.263725
-0.263931
-0.26411
-0.264274
-0.264563
-0.265016
-0.265277
-0.264879
-0.263711
-0.262174
-0.260746
-0.259688
-0.258864
-0.258027
-0.257107
-0.256365
-0.256104
-0.256283
-0.256461
-0.256187
-0.255404
-0.254621
-0.254443
-0.255061
-0.25594
-0.256173
-0.255157
-0.25318
-0.251189
-0.250035
-0.249939
-0.250488
-0.251038
-0.25112
-0.250694
-0.249925
-0.249088
-0.24836
-0.248017
-0.248195
-0.248717
-0.249074
-0.248923
-0.248429
-0.248154
-0.248429
-0.248854
-0.248607
-0.247234
-0.245147
-0.243527
-0.243321
-0.244543
-0.246204
-0.247138
-0.246795
-0.245504
-0.244241
-0.243829
-0.244364
-0.245092
-0.245133
-0.24435
-0.243431
-0.243101
-0.243362
-0.243499
-0.243073
-0.242263
-0.241467
-0.240671
-0.239586
-0.238144
-0.236716
-0.235659
-0.234876
-0.23397
-0.232734
-0.231416
-0.230619
-0.230743
-0.231718
-0.232954
-0.233901
-0.234313
-0.234231
-0.233777
-0.232954
-0.231663
-0.230015
-0.228381
-0.227269
-0.226857
-0.226857
-0.226692
-0.225978
-0.224756
-0.223465
-0.222559
-0.222092
-0.221845
-0.221488
-0.220966
-0.220472
-0.220376
-0.220911
-0.221886
-0.222875
-0.223465
-0.223589
-0.22341
-0.223053
-0.222573
-0.221996
-0.221433
-0.220898
-0.220307
-0.219662
-0.219167
-0.218975
-0.218865
-0.218344
-0.21719
-0.215886
-0.215089
-0.215103
-0.215652
-0.216476
-0.217341
-0.218
-0.218069
-0.217533
-0.216737
-0.216119
-0.215735
-0.215488
-0.215323
-0.215131
-0.214719
-0.214046
-0.213414
-0.213318
-0.213963
-0.215048
-0.216037
-0.216394
-0.215735
-0.213895
-0.211176
-0.208334
-0.206288
-0.205477
-0.205738
-0.206727
-0.208086
-0.209473
-0.21038
-0.210338
-0.209405
-0.208141
-0.207153
-0.206603
-0.206109
-0.205258
-0.204036
-0.203006
-0.202882
-0.203871
-0.205368
-0.206192
-0.205615
-0.203871
-0.201921
-0.20063
-0.20026
-0.200521
-0.200974
-0.201207
-0.201015
-0.200287
-0.199092
-0.197761
-0.196895
-0.196841
-0.197239
-0.197321
-0.196593
-0.195248
-0.194067
-0.193861
-0.194877
-0.196538
-0.197829
-0.198076
-0.197445
-0.196662
-0.196195
-0.195948
-0.195577
-0.194959
-0.194287
-0.193724
-0.193449
-0.193573
-0.19393
-0.194136
-0.193833
-0.193092
-0.192364
-0.192035
-0.192158
-0.192364
-0.192254
-0.191815
-0.191403
-0.191348
-0.191595
-0.191719
-0.191376
-0.190593
-0.189851
-0.189673
-0.190181
-0.190936
-0.191225
-0.19062
-0.189494
-0.188698
-0.188643
-0.188725
-0.188011
-0.186309
-0.184565
-0.18392
-0.184661
-0.185911
-0.186419
-0.185526
-0.183659
-0.181901
-0.181269
-0.181983
-0.183521
-0.184963
-0.185636
-0.18554
-0.1851
-0.184798
-0.184661
-0.184331
-0.183425
-0.18197
-0.180336
-0.17888
-0.177809
-0.177287
-0.177342
-0.177713
-0.178097
-0.178276
-0.17829
-0.17818
-0.177905
-0.177521
-0.177232
-0.177301
-0.177672
-0.177905
-0.177548
-0.176518
-0.175241
-0.174225
-0.173758
-0.173676
-0.17369
-0.173635
-0.173525
-0.173498
-0.173786
-0.174541
-0.175516
-0.17623
-0.176203
-0.175406
-0.17417
-0.172962
-0.172111
-0.171726
-0.17174
-0.172001
-0.172303
-0.172385
-0.171905
-0.170683
-0.16898
-0.167538
-0.167167
-0.167964
-0.169241
-0.169982
-0.169721
-0.168678
-0.167442
-0.166495
-0.165877
-0.165286
-0.164462
-0.16368
-0.163515
-0.164174
-0.16519
-0.165698
-0.1653
-0.164215
-0.16313
-0.162636
-0.162801
-0.163227
-0.163364
-0.162952
-0.162156
-0.161345
-0.16092
-0.161126
-0.16173
-0.162059
-0.161579
-0.160453
-0.159396
-0.15908
-0.159602
-0.160549
-0.161236
-0.16103
-0.159808
-0.158064
-0.15654
-0.155771
-0.155853
-0.156526
-0.157377
-0.158077
-0.158476
-0.158544
-0.158242
-0.157528
-0.156485
-0.155372
-0.154452
-0.153752
-0.153217
-0.152832
-0.152763
-0.153038
-0.153381
-0.15334
-0.152736
-0.151761
-0.150869
-0.150402
-0.150429
-0.150731
-0.151074
-0.15128
-0.151349
-0.151198
-0.150745
-0.149894
-0.148919
-0.148218
-0.148067
-0.148328
-0.148658
-0.148795
-0.148768
-0.148754
-0.148974
-0.149386
-0.149633
-0.149358
-0.148589
-0.14771
-0.147216
-0.147408
-0.148067
-0.148575
-0.148273
-0.146969
-0.145129
-0.143522
-0.142726
-0.142918
-0.143921
-0.145431
-0.147134
-0.148754
-0.149976
-0.150415
-0.149852
-0.14852
-0.147051
-0.146021
-0.145513
-0.145252
-0.145033
-0.144841
-0.144607
-0.144195
-0.143481
-0.142644
-0.141998
-0.14171
-0.141559
-0.141202
-0.140666
-0.140309
-0.140447
-0.140982
-0.141449
-0.141435
-0.140831
-0.140007
-0.139554
-0.139787
-0.140378
-0.140543
-0.139829
-0.138607
-0.137728
-0.137673
-0.138153
-0.138648
-0.138867
-0.138895
-0.13895
-0.139142
-0.139444
-0.139485
-0.13884
-0.137508
-0.136121
-0.13538
-0.135435
-0.135805
-0.135998
-0.135888
-0.135819
-0.136245
-0.13722
-0.138291
-0.138881
-0.138964
-0.138799
-0.138538
-0.137796
-0.136272
-0.134171
-0.132208
-0.130986
-0.130629
-0.130835
-0.131219
-0.131659
-0.132167
-0.132785
-0.133389
-0.133759
-0.133842
-0.133705
-0.133499
-0.13343
-0.133595
-0.133965
-0.134295
-0.134158
-0.133224
-0.131562
-0.129722
-0.128336
-0.127841
-0.128363
-0.129626
-0.130986
-0.1317
-0.131137
-0.129242
-0.12677
-0.124834
-0.124134
-0.124463
-0.125068
-0.125507
-0.125768
-0.125974
-0.126001
-0.125699
-0.125068
-0.12434
-0.123791
-0.123612
-0.123887
-0.124532
-0.125425
-0.126262
-0.126647
-0.12629
-0.125246
-0.123928
-0.122898
-0.122308
-0.121992
-0.121717
-0.121511
-0.121443
-0.121497
-0.121635
-0.121937
-0.122459
-0.122953
-0.122967
-0.122239
-0.121058
-0.120042
-0.11974
-0.120069
-0.12055
-0.120701
-0.120454
-0.120138
-0.120207
-0.120825
-0.121772
-0.122596
-0.122884
-0.1225
-0.121635
-0.120619
-0.119767
-0.119301
-0.119355
-0.119795
-0.120179
-0.120097
-0.119493
-0.118724
-0.118133
-0.117804
-0.117735
-0.117996
-0.118641
-0.119438
-0.120028
-0.120138
-0.119905
-0.119616
-0.119479
-0.11941
-0.119095
-0.118422
-0.117639
-0.117076
-0.116801
-0.116444
-0.115703
-0.114577
-0.11341
-0.112449
-0.111666
-0.110897
-0.110183
-0.10995
-0.110636
-0.112133
-0.113822
-0.115058
-0.115511
-0.11514
-0.114055
-0.112641
-0.111529
-0.111227
-0.111707
-0.112531
-0.113259
-0.113739
-0.113849
-0.113382
-0.112215
-0.110554
-0.109222
-0.109153
-0.110664
-0.112984
-0.114701
-0.114673
-0.112874
-0.110348
-0.108288
-0.107354
-0.107464
-0.10811
-0.108741
-0.108961
-0.108659
-0.107917
-0.106819
-0.105528
-0.104457
-0.103976
-0.104155
-0.104553
-0.104732
-0.104608
-0.104512
-0.104732
-0.105089
-0.105102
-0.104485
-0.103537
-0.102933
-0.103194
-0.104155
-0.105226
-0.105775
-0.105501
-0.104608
-0.103633
-0.103111
-0.10318
-0.103482
-0.103523
-0.103194
-0.102768
-0.102494
-0.102329
-0.102274
-0.102384
-0.102699
-0.103002
-0.10296
-0.102521
-0.101985
-0.101848
-0.102246
-0.102823
-0.102988
-0.102439
-0.101436
-0.10053
-0.100036
-0.0998846
-0.0998846
-0.0999121
-0.0998846
-0.0995688
-0.0989234
-0.0982369
-0.097976
-0.0983467
-0.0991157
-0.0997885
-0.0999533
-0.0995551
-0.0988548
-0.0980309
-0.0971521
-0.0963557
-0.0960399
-0.0964793
-0.0973169
-0.0978112
-0.0975778
-0.0967951
-0.0959437
-0.0953945
-0.0952984
-0.0955593
-0.0958064
-0.0956554
-0.0950375
-0.094447
-0.0945706
-0.0958476
-0.0979073
-0.0995688
-0.09961
-0.0978112
-0.0950512
-0.0925247
-0.0908632
-0.0900943
-0.0902178
-0.0912477
-0.092868
-0.0943509
-0.0949551
-0.0945157
-0.0936232
-0.0930327
-0.0931563
-0.0937468
-0.0942823
-0.094447
-0.0943921
-0.0943097
-0.0942411
-0.094145
-0.0942136
-0.0947079
-0.095573
-0.096287
-0.0962733
-0.0954082
-0.0939939
-0.0923462
-0.0908083
-0.0897922
-0.0897372
-0.0908083
-0.0925521
-0.09409
-0.094653
-0.0941312
-0.0931151
-0.0922775
-0.0920304
-0.0923187
-0.0928817
-0.0933211
-0.0933211
-0.0926757
-0.0915635
-0.0904787
-0.0899295
-0.0899158
-0.0900393
-0.0898746
-0.089394
-0.0888585
-0.0885426
-0.0885426
-0.0888447
-0.0893528
-0.089902
-0.0902453
-0.0901629
-0.0894214
-0.0879247
-0.0857827
-0.0833934
-0.0816358
-0.0815123
-0.0833522
-0.086428
-0.0892017
-0.0905199
-0.0901766
-0.0887898
-0.0872931
-0.0864967
-0.0865241
-0.0867576
-0.0863868
-0.0852883
-0.0841349
-0.0835857
-0.0838878
-0.0850274
-0.0868125
-0.0887074
-0.0897922
-0.0894214
-0.0878698
-0.0861122
-0.0849176
-0.0844233
-0.0843958
-0.0845743
-0.0848352
-0.0850412
-0.0851236
-0.0850961
-0.0849588
-0.0847666
-0.0846292
-0.0846292
-0.0847803
-0.0848764
-0.0845881
-0.0837916
-0.0826245
-0.0815809
-0.0810866
-0.0811827
-0.0814985
-0.0816633
-0.0814848
-0.0809905
-0.0803451
-0.0799057
-0.0800293
-0.0806472
-0.0812376
-0.0812651
-0.0806335
-0.0797409
-0.0790269
-0.078766
-0.0788621
-0.0790132
-0.078972
-0.0787935
-0.0786424
-0.0784502
-0.0779147
-0.076981
-0.0760198
-0.0755392
-0.0758413
-0.0767475
-0.0778323
-0.078766
-0.07948
-0.0800705
-0.080455
-0.0804824
-0.0801803
-0.0798096
-0.0796311
-0.0795762
-0.0794251
-0.0792466
-0.0793427
-0.0797135
-0.0798783
-0.0793839
-0.0783404
-0.0774204
-0.0771183
-0.0774204
-0.0778735
-0.0779422
-0.0774341
-0.0765416
-0.0756628
-0.0751685
-0.0751959
-0.0755804
-0.0759099
-0.0757177
-0.0750037
-0.0743995
-0.0745505
-0.0755255
-0.0767338
-0.0775714
-0.0777774
-0.0773792
-0.0765553
-0.0757177
-0.0752783
-0.0752508
-0.0752096
-0.0749213
-0.0745643
-0.0744544
-0.0746192
-0.0749213
-0.0752508
-0.075498
-0.0754843
-0.0750586
-0.074427
-0.07407
-0.0743583
-0.0752508
-0.0762258
-0.0767338
-0.0766102
-0.0761846
-0.0760335
-0.0763768
-0.0769123
-0.077132
-0.0767475
-0.075855
-0.0748801
-0.0743858
-0.0746192
-0.0752783
-0.0758138
-0.0759923
-0.0758825
-0.0755667
-0.0749899
-0.0741661
-0.0734246
-0.0731362
-0.0734795
-0.0743308
-0.0753607
-0.0761983
-0.0764592
-0.076061
-0.0752234
-0.0743034
-0.0734658
-0.0729028
-0.0728616
-0.0735344
-0.0746741
-0.0757452
-0.0761983
-0.0757864
-0.0745368
-0.0726831
-0.0706097
-0.068907
-0.068193
-0.0688246
-0.0705685
-0.0726419
-0.0742759
-0.0751685
-0.0753607
-0.0750037
-0.074221
-0.0732598
-0.0725183
