LECROYHDO9204-MSöv,30454,Waveform
Segments,1,SegmentSize,2002
Ampl
-0.0132408
-0.01379
-0.0139685
-0.0135154
-0.0126366
-0.0118951
-0.0117166
-0.012005
-0.0123482
-0.0124169
-0.012156
-0.0117441
-0.0114557
-0.0116479
-0.0123757
-0.0131721
-0.0133918
-0.0129112
-0.0122247
-0.0119088
-0.0120462
-0.0122796
-0.0122796
-0.0119912
-0.011593
-0.0113047
-0.0112223
-0.0112497
-0.0112635
-0.0112909
-0.0114969
-0.0120324
-0.0128975
-0.0139136
-0.0147375
-0.0149709
-0.0146139
-0.0142706
-0.0146139
-0.0156163
-0.0164264
-0.0162754
-0.0152043
-0.0138724
-0.0131172
-0.0132133
-0.0137763
-0.0140509
-0.0135566
-0.0125954
-0.0118814
-0.01195
-0.0127053
-0.0137214
-0.0144903
-0.0146825
-0.0142843
-0.0136802
-0.0134193
-0.0136802
-0.0141058
-0.0141608
-0.0136252
-0.0128014
-0.0121697
-0.0119775
-0.0120873
-0.0121423
-0.0118951
-0.0113459
-0.0106868
-0.0101787
-0.0100277
-0.0103023
-0.0109614
-0.011799
-0.0125405
-0.0129661
-0.012925
-0.0124169
-0.011593
-0.0108515
-0.0107005
-0.0114969
-0.0131035
-0.0148885
-0.0160282
-0.0160694
-0.0150396
-0.0135703
-0.0125267
-0.0124444
-0.0131996
-0.0141745
-0.0146825
-0.0143393
-0.0133094
-0.0122384
-0.0117029
-0.0117303
-0.0119638
-0.0121697
-0.0125267
-0.013227
-0.0141608
-0.0150258
-0.0155064
-0.0154652
-0.0149434
-0.0143393
-0.0140097
-0.0139411
-0.0137626
-0.0132957
-0.0128838
-0.0130348
-0.0139136
-0.0152318
-0.0164264
-0.0170306
-0.0168383
-0.0160007
-0.014916
-0.0139136
-0.0133232
-0.0133369
-0.0138999
-0.0145727
-0.014916
-0.0149297
-0.0151082
-0.0158085
-0.0166461
-0.0169207
-0.0163303
-0.0153142
-0.0146276
-0.0148199
-0.015781
-0.0168246
-0.017058
-0.0161381
-0.0145315
-0.0131172
-0.0124444
-0.0124169
-0.012513
-0.0124444
-0.0122796
-0.0123208
-0.0127464
-0.0134193
-0.0139685
-0.014147
-0.0140509
-0.0140646
-0.0144491
-0.0153142
-0.0165363
-0.0177171
-0.0182115
-0.0175661
-0.0158634
-0.0138724
-0.0124718
-0.0121972
-0.0128014
-0.0134742
-0.0134605
-0.0126641
-0.0115793
-0.0107829
-0.0105632
-0.0109751
-0.0119912
-0.0133643
-0.0146551
-0.015273
-0.0150258
-0.0140921
-0.0129799
-0.0122109
-0.0120736
-0.0124993
-0.0131721
-0.0137626
-0.0141333
-0.0143118
-0.0142981
-0.0141196
-0.0138587
-0.0138037
-0.0141333
-0.0148061
-0.0153416
-0.0151357
-0.0140646
-0.0126641
-0.0117578
-0.0117578
-0.0123482
-0.0130211
-0.0135566
-0.0140372
-0.0146825
-0.0155064
-0.0162616
-0.0166186
-0.0164676
-0.0160831
-0.015781
-0.0156712
-0.0158222
-0.0163715
-0.0173464
-0.0182664
-0.01839
-0.0174837
-0.0161243
-0.0153142
-0.0156987
-0.0171816
-0.0188843
-0.0197494
-0.019255
-0.0177034
-0.0158222
-0.0143118
-0.013639
-0.0139823
-0.0149434
-0.015781
-0.0157948
-0.0149434
-0.01379
-0.0131446
-0.0135154
-0.0147375
-0.0161792
-0.017058
-0.0170031
-0.0164676
-0.0162342
-0.0166736
-0.0172091
-0.0170031
-0.0158634
-0.0144766
-0.0138724
-0.0145178
-0.0160419
-0.0174837
-0.0180192
-0.0174288
-0.0160831
-0.0148061
-0.0143667
-0.0152867
-0.017264
-0.0191864
-0.0199553
-0.0192413
-0.0176622
-0.0161518
-0.015273
-0.0150258
-0.0149022
-0.0143805
-0.0132682
-0.0119638
-0.0112635
-0.0117166
-0.013227
-0.015273
-0.0171267
-0.0181291
-0.0179368
-0.0168383
-0.0155751
-0.0149572
-0.0152318
-0.015987
-0.0164539
-0.0161655
-0.0153691
-0.0147375
-0.0146139
-0.0147237
-0.0144491
-0.0136252
-0.0125679
-0.0118676
-0.0118539
-0.0123894
-0.0130348
-0.0133643
-0.0133918
-0.0134879
-0.0140234
-0.0149022
-0.0156437
-0.0158085
-0.0154515
-0.015067
-0.015067
-0.015479
-0.0159733
-0.0162616
-0.0163166
-0.0162616
-0.0160969
-0.0156025
-0.0146414
-0.0134193
-0.0124169
-0.0119226
-0.0119226
-0.0122521
-0.0127876
-0.0133918
-0.0140921
-0.0151082
-0.0164264
-0.0175249
-0.0176485
-0.0166049
-0.0150396
-0.0139548
-0.0139548
-0.0147924
-0.0154927
-0.0152043
-0.0139411
-0.0126503
-0.012156
-0.0124032
-0.0126503
-0.0124169
-0.0118814
-0.0115244
-0.0115656
-0.0117853
-0.0119088
-0.0119775
-0.0122247
-0.0128151
-0.0136664
-0.0145315
-0.0150807
-0.0150396
-0.0142843
-0.0130348
-0.0118814
-0.0114557
-0.0118676
-0.0125542
-0.0127876
-0.0123208
-0.0115381
-0.0110575
-0.0113321
-0.0124306
-0.0139273
-0.0150533
-0.0151631
-0.0143393
-0.0132682
-0.0127053
-0.0128288
-0.013227
-0.0133643
-0.0131309
-0.0127876
-0.0126915
-0.0127602
-0.0126366
-0.0121011
-0.0114694
-0.0111536
-0.0113184
-0.0116754
-0.0119226
-0.0119912
-0.0119363
-0.0118814
-0.0121423
-0.01287
-0.0138312
-0.0144217
-0.0142157
-0.0133369
-0.0122933
-0.0115793
-0.0115793
-0.012362
-0.0137214
-0.0150807
-0.0160694
-0.0166049
-0.0168521
-0.0168795
-0.0167834
-0.0167834
-0.0170718
-0.0176073
-0.0180192
-0.0179231
-0.0172228
-0.0162479
-0.0155064
-0.0153142
-0.0156575
-0.0162616
-0.0168521
-0.0171404
-0.0168658
-0.0159321
-0.0147237
-0.0138312
-0.0136664
-0.0141196
-0.0147787
-0.0151769
-0.0150945
-0.0147375
-0.0145727
-0.0147512
-0.014861
-0.0143118
-0.0130485
-0.0116617
-0.0109202
-0.0111536
-0.0122247
-0.0136252
-0.0147237
-0.0150807
-0.0148748
-0.0146002
-0.0144628
-0.0142431
-0.0137076
-0.0130348
-0.0125405
-0.012307
-0.0122659
-0.0123757
-0.0128288
-0.0139548
-0.0158634
-0.0183213
-0.0209714
-0.0237039
-0.0269033
-0.0308579
-0.0352519
-0.0393712
-0.04301
-0.0467723
-0.0517018
-0.0583203
-0.0664491
-0.0754843
-0.0849313
-0.0945432
-0.104292
-0.114206
-0.124367
-0.134583
-0.144662
-0.154603
-0.164806
-0.175749
-0.187682
-0.200287
-0.212673
-0.223877
-0.233517
-0.242208
-0.251051
-0.260594
-0.270399
-0.279447
-0.287013
-0.293096
-0.298369
-0.303573
-0.309162
-0.315245
-0.321712
-0.328083
-0.333644
-0.337599
-0.339508
-0.339439
-0.33797
-0.336253
-0.335498
-0.336212
-0.337723
-0.33856
-0.337668
-0.3351
-0.331736
-0.32855
-0.325845
-0.323291
-0.320284
-0.31659
-0.312443
-0.308146
-0.303861
-0.299742
-0.296145
-0.293398
-0.291325
-0.289375
-0.287123
-0.284665
-0.282468
-0.280711
-0.278871
-0.276234
-0.272582
-0.268586
-0.265332
-0.263506
-0.262915
-0.262737
-0.26194
-0.25999
-0.257258
-0.254772
-0.253715
-0.254676
-0.257121
-0.259743
-0.261336
-0.261528
-0.261006
-0.260842
-0.261597
-0.262956
-0.264096
-0.26448
-0.264178
-0.263821
-0.264192
-0.26595
-0.269108
-0.272953
-0.276344
-0.278363
-0.27883
-0.278363
-0.278074
-0.278857
-0.280875
-0.283347
-0.285187
-0.285654
-0.284967
-0.284157
-0.284363
-0.285887
-0.288071
-0.289979
-0.291009
-0.291133
-0.29068
-0.290103
-0.289869
-0.290144
-0.290789
-0.291339
-0.291503
-0.29138
-0.291352
-0.291668
-0.292121
-0.292314
-0.29197
-0.291037
-0.289691
-0.288414
-0.287755
-0.287892
-0.288483
-0.288853
-0.288716
-0.288084
-0.287137
-0.285956
-0.284761
-0.283869
-0.283581
-0.283814
-0.284212
-0.284391
-0.284198
-0.283814
-0.283512
-0.283306
-0.282894
-0.282043
-0.280917
-0.280052
-0.279818
-0.280093
-0.280409
-0.280436
-0.280107
-0.279557
-0.279008
-0.278692
-0.278747
-0.27909
-0.279406
-0.279324
-0.278665
-0.277635
-0.276811
-0.276893
-0.278115
-0.280024
-0.281727
-0.282523
-0.282358
-0.281699
-0.281109
-0.280903
-0.281013
-0.281274
-0.281521
-0.281644
-0.281562
-0.281246
-0.280958
-0.28104
-0.281452
-0.281686
-0.281191
-0.280024
-0.278816
-0.278267
-0.278514
-0.279077
-0.279283
-0.278733
-0.277607
-0.276729
-0.276976
-0.27839
-0.279942
-0.280436
-0.279626
-0.278198
-0.276893
-0.275891
-0.275053
-0.274298
-0.273735
-0.273447
-0.273337
-0.273117
-0.272527
-0.271579
-0.270687
-0.270344
-0.270728
-0.271497
-0.272088
-0.272266
-0.272321
-0.272609
-0.273131
-0.273255
-0.272417
-0.270728
-0.268929
-0.267762
-0.267378
-0.267433
-0.267817
-0.268517
-0.269328
-0.269726
-0.26941
-0.268737
-0.268339
-0.26838
-0.268531
-0.268408
-0.267886
-0.267089
-0.266142
-0.265236
-0.26459
-0.264329
-0.264316
-0.264123
-0.263437
-0.26238
-0.261446
-0.261144
-0.261624
-0.262544
-0.263437
-0.263945
-0.264
-0.26367
-0.263094
-0.262448
-0.261899
-0.261391
-0.260718
-0.259757
-0.258768
-0.258233
-0.258425
-0.25907
-0.259647
-0.259949
-0.2601
-0.260279
-0.26032
-0.260018
-0.2594
-0.258837
-0.258658
-0.258672
-0.258343
-0.25745
-0.256475
-0.256077
-0.256352
-0.256915
-0.257313
-0.257478
-0.257491
-0.257423
-0.257244
-0.257038
-0.256763
-0.256173
-0.254924
-0.25318
-0.251669
-0.251065
-0.251244
-0.251532
-0.251463
-0.251051
-0.250475
-0.24987
-0.249417
-0.249362
-0.249788
-0.250557
-0.251395
-0.251903
-0.251532
-0.249912
-0.247399
-0.245051
-0.243925
-0.244186
-0.245078
-0.245641
-0.245559
-0.245339
-0.245724
-0.246836
-0.24814
-0.248799
-0.248415
-0.247207
-0.245875
-0.245023
-0.244639
-0.244323
-0.243856
-0.243554
-0.243829
-0.244529
-0.244996
-0.244666
-0.243554
-0.242181
-0.241165
-0.240753
-0.240849
-0.241124
-0.241288
-0.241055
-0.240286
-0.239215
-0.238377
-0.238322
-0.239174
-0.240492
-0.241549
-0.241659
-0.240492
-0.238391
-0.236194
-0.234711
-0.234189
-0.234272
-0.234382
-0.234162
-0.233736
-0.233407
-0.233297
-0.233118
-0.232459
-0.231169
-0.229754
-0.228999
-0.229329
-0.230455
-0.231745
-0.232748
-0.233407
-0.233654
-0.23316
-0.231498
-0.228711
-0.225525
-0.222902
-0.221392
-0.22098
-0.2212
-0.221516
-0.221543
-0.221406
-0.22168
-0.222861
-0.22477
-0.226472
-0.227035
-0.226143
-0.224193
-0.222037
-0.220444
-0.219799
-0.219813
-0.21984
-0.21936
-0.218399
-0.217479
-0.217204
-0.217822
-0.218989
-0.219868
-0.219758
-0.218605
-0.217108
-0.216078
-0.215748
-0.215542
-0.214719
-0.213139
-0.211464
-0.210544
-0.210709
-0.211505
-0.212165
-0.212274
-0.211986
-0.211615
-0.211327
-0.21119
-0.211327
-0.211766
-0.212206
-0.212247
-0.21189
-0.211396
-0.210888
-0.210174
-0.208951
-0.207372
-0.206082
-0.205656
-0.206109
-0.206796
-0.207057
-0.206851
-0.206672
-0.207002
-0.207716
-0.208265
-0.208251
-0.207798
-0.207441
-0.207606
-0.20832
-0.20913
-0.209514
-0.209157
-0.208086
-0.206617
-0.205285
-0.20453
-0.204461
-0.20475
-0.204956
-0.204818
-0.204269
-0.203308
-0.202237
-0.201605
-0.201866
-0.20291
-0.203981
-0.204242
-0.203432
-0.20188
-0.200315
-0.199326
-0.199189
-0.199738
-0.200383
-0.200534
-0.200054
-0.199326
-0.198983
-0.199271
-0.199944
-0.200356
-0.199944
-0.198571
-0.196758
-0.195467
-0.19544
-0.196621
-0.198172
-0.199175
-0.199285
-0.198653
-0.197513
-0.196085
-0.194602
-0.193298
-0.192378
-0.191911
-0.191911
-0.192282
-0.192762
-0.192996
-0.192762
-0.192103
-0.191307
-0.190716
-0.190607
-0.190977
-0.191527
-0.191884
-0.191993
-0.192007
-0.192007
-0.191911
-0.191458
-0.190524
-0.189371
-0.188368
-0.187805
-0.187586
-0.187476
-0.187393
-0.187476
-0.187819
-0.188204
-0.188162
-0.187503
-0.186597
-0.186103
-0.186419
-0.187366
-0.18841
-0.189082
-0.189069
-0.1883
-0.186927
-0.18532
-0.183988
-0.183425
-0.183796
-0.184743
-0.18565
-0.186116
-0.186075
-0.185677
-0.185197
-0.184826
-0.184524
-0.183837
-0.182354
-0.180363
-0.178674
-0.177974
-0.17818
-0.178715
-0.179031
-0.178935
-0.178468
-0.177644
-0.17656
-0.175447
-0.174596
-0.174239
-0.174376
-0.174843
-0.175475
-0.17612
-0.176766
-0.177603
-0.178674
-0.179814
-0.180624
-0.180555
-0.179182
-0.176422
-0.172756
-0.169282
-0.16703
-0.16655
-0.167703
-0.169859
-0.172042
-0.173305
-0.173154
-0.17185
-0.170257
-0.1692
-0.169076
-0.169639
-0.170188
-0.170037
-0.169049
-0.167854
-0.167181
-0.167277
-0.167703
-0.167909
-0.167607
-0.167016
-0.166756
-0.16714
-0.167621
-0.167099
-0.165122
-0.162622
-0.161071
-0.161139
-0.162087
-0.162554
-0.16184
-0.160343
-0.159011
-0.158558
-0.158819
-0.159094
-0.158819
-0.158146
-0.157597
-0.157459
-0.157583
-0.157734
-0.157981
-0.158531
-0.159299
-0.159862
-0.159821
-0.15919
-0.158352
-0.157803
-0.157679
-0.157762
-0.157775
-0.157514
-0.156855
-0.155757
-0.154315
-0.152956
-0.152159
-0.152104
-0.152654
-0.153477
-0.154329
-0.155043
-0.15562
-0.156086
-0.156388
-0.156498
-0.156443
-0.15632
-0.1561
-0.155647
-0.154947
-0.15426
-0.153738
-0.153423
-0.153203
-0.152983
-0.152736
-0.152434
-0.152022
-0.151528
-0.151047
-0.150772
-0.150704
-0.150772
-0.150896
-0.151033
-0.151322
-0.151802
-0.152228
-0.152187
-0.151404
-0.150058
-0.148603
-0.147463
-0.146804
-0.146557
-0.146488
-0.146461
-0.14642
-0.146461
-0.146571
-0.146626
-0.14642
-0.145939
-0.145431
-0.145088
-0.144937
-0.144799
-0.144511
-0.144113
-0.143852
-0.143975
-0.14447
-0.144992
-0.14506
-0.144456
-0.143371
-0.142328
-0.141724
-0.141586
-0.141655
-0.141641
-0.141627
-0.141778
-0.142067
-0.142026
-0.141243
-0.139787
-0.138318
-0.137481
-0.137467
-0.137975
-0.138634
-0.139293
-0.139774
-0.139746
-0.13906
-0.137947
-0.136959
-0.13667
-0.137151
-0.137879
-0.13814
-0.137563
-0.136313
-0.134954
-0.134103
-0.134103
-0.134885
-0.135874
-0.136341
-0.135956
-0.135036
-0.134199
-0.133677
-0.133293
-0.132936
-0.132853
-0.133402
-0.134501
-0.13549
-0.135723
-0.135105
-0.134268
-0.133828
-0.133842
-0.13391
-0.133814
-0.133773
-0.13413
-0.134803
-0.135201
-0.134776
-0.133416
-0.131562
-0.129983
-0.129352
-0.129997
-0.131562
-0.133155
-0.133993
-0.133842
-0.133087
-0.132428
-0.132263
-0.132455
-0.13251
-0.132071
-0.131315
-0.130697
-0.130505
-0.130546
-0.130505
-0.130272
-0.130025
-0.129997
-0.130176
-0.130299
-0.130176
-0.129832
-0.129379
-0.128885
-0.128391
-0.12802
-0.12791
-0.127883
-0.127718
-0.127457
-0.127498
-0.128088
-0.128926
-0.129228
-0.128459
-0.126839
-0.125164
-0.124065
-0.123461
-0.122843
-0.121923
-0.121031
-0.12055
-0.120495
-0.120578
-0.120591
-0.120619
-0.120893
-0.121539
-0.122363
-0.123077
-0.123434
-0.123365
-0.123008
-0.122651
-0.122596
-0.122926
-0.123392
-0.123598
-0.123296
-0.122623
-0.121951
-0.121635
-0.121676
-0.121855
-0.121992
-0.122143
-0.122417
-0.122788
-0.123063
-0.123022
-0.122651
-0.122212
-0.122033
-0.122102
-0.122047
-0.121552
-0.120591
-0.11952
-0.118641
-0.118106
-0.117914
-0.11812
-0.118765
-0.119726
-0.120578
-0.120907
-0.120578
-0.119918
-0.119424
-0.119383
-0.119685
-0.119946
-0.119877
-0.119438
-0.118669
-0.117763
-0.116939
-0.116431
-0.116156
-0.115813
-0.115181
-0.114371
-0.113575
-0.11297
-0.112586
-0.112353
-0.112284
-0.112696
-0.113835
-0.115387
-0.116527
-0.116595
-0.115662
-0.114412
-0.113588
-0.113382
-0.11352
-0.113533
-0.113067
-0.112147
-0.111007
-0.110087
-0.109826
-0.110307
-0.11113
-0.111597
-0.111378
-0.110719
-0.110046
-0.109593
-0.109455
-0.109853
-0.110979
-0.112558
-0.113849
-0.114179
-0.113465
-0.112009
-0.110348
-0.108906
-0.107904
-0.107299
-0.107052
-0.107176
-0.10767
-0.108137
-0.108041
-0.107176
-0.105885
-0.104745
-0.104224
-0.104512
-0.105418
-0.10627
-0.106366
-0.105569
-0.104388
-0.103537
-0.103221
-0.103262
-0.103372
-0.103427
-0.103304
-0.103002
-0.102974
-0.103922
-0.105954
-0.108041
-0.108714
-0.107286
-0.104539
-0.102123
-0.101217
-0.101889
-0.10329
-0.10432
-0.104416
-0.103743
-0.102837
-0.102219
-0.102178
-0.102576
-0.102947
-0.102933
-0.10248
-0.101766
-0.100983
-0.100338
-0.100145
-0.100557
-0.101477
-0.102411
-0.102823
-0.102452
-0.101574
-0.100763
-0.100434
-0.100585
-0.100956
-0.101368
-0.101876
-0.102384
-0.102535
-0.102027
-0.101134
-0.100516
-0.100544
-0.100956
-0.101244
-0.101038
-0.100489
-0.0998983
-0.0995139
-0.0992804
-0.0990195
-0.0985939
-0.0981545
-0.0980721
-0.0984566
-0.0989371
-0.0989646
-0.098333
-0.0973169
-0.0965617
-0.0965342
-0.0971521
-0.0977975
-0.0978661
-0.097207
-0.0962458
-0.0956005
-0.0957103
-0.096493
-0.0973718
-0.0977288
-0.0974267
-0.0968363
-0.0963282
-0.09593
-0.0955181
-0.0950787
-0.0945981
-0.0938566
-0.092813
-0.091893
-0.0917969
-0.0927306
-0.0941312
-0.0952847
-0.0959575
-0.0963008
-0.0963831
-0.09593
-0.0947629
-0.0931975
-0.0920441
-0.0920716
-0.0933897
-0.0952984
-0.096699
-0.0969049
-0.0958751
-0.0939665
-0.0918244
-0.0902865
-0.0899158
-0.0905886
-0.0914948
-0.0918519
-0.0914399
-0.0905749
-0.0897784
-0.0895313
-0.0899844
-0.0907671
-0.0912065
-0.0908083
-0.0896411
-0.0882131
-0.0871695
-0.0869224
-0.0874991
-0.088474
-0.0892704
-0.0894626
-0.089037
-0.0883092
-0.0876638
-0.0874304
-0.087554
-0.0876226
-0.0872931
-0.0867027
-0.0863182
-0.0863594
-0.0867027
-0.0869498
-0.0868537
-0.0864006
-0.0858239
-0.0854943
-0.0857277
-0.0865928
-0.0878561
-0.0889958
-0.0895038
-0.0891193
-0.0879797
-0.0864967
-0.0851236
-0.0840525
-0.0834072
-0.0832012
-0.0832973
-0.0833248
-0.0829266
-0.0820615
-0.0811278
-0.080606
-0.0809081
-0.0820752
-0.083723
-0.0850686
-0.0853295
-0.0842036
-0.0821439
-0.0803451
-0.079892
-0.0809356
-0.0825284
-0.0834484
-0.0832012
-0.0821851
-0.0811553
-0.0805923
-0.0805785
-0.0808394
-0.0811278
-0.0810866
-0.0804138
-0.0790681
-0.0775577
-0.0766514
-0.0768986
-0.0781069
-0.079535
-0.0803588
-0.0802353
-0.0795624
-0.0789583
-0.078615
-0.0782992
-0.0777636
-0.0771457
-0.0768162
-0.0770634
-0.0779147
-0.079123
-0.0801666
-0.0806472
-0.0805373
-0.0800018
-0.0792054
-0.0783678
-0.0778735
-0.078052
-0.0786287
-0.0789445
-0.0785463
-0.0777636
-0.0772968
-0.077489
-0.0780108
-0.0782717
-0.0779284
-0.076981
-0.0757452
-0.074578
-0.0738915
-0.0740288
-0.0751685
-0.0769123
-0.0784365
-0.0790681
-0.0786836
-0.0776675
-0.0765278
-0.0754568
-0.0744819
-0.0736855
-0.0734109
-0.0739052
-0.0751135
-0.0765828
-0.077695
-0.0780245
-0.0775714
-0.076569
-0.075292
-0.0740837
-0.0733147
-0.0731774
-0.0734383
-0.0735619
-0.0732186
-0.0726145
-0.07223
-0.0722986
-0.072738
-0.0732598
-0.0736992
-0.074015
-0.0742622
-0.074427
-0.0743995
-0.0741386
-0.0737404
-0.0733422
-0.0729715
-0.0726145
-0.0722712
-0.0718455
-0.0711727
-0.0702801
-0.0694014
-0.0687697
-0.0684127
-0.0682205
-0.0683578
-0.0692366
-0.070953
-0.0730676
-0.0747153
-0.0751547
-0.0740837
-0.0718455
-0.0693052
-0.0675202
-0.067122
-0.0679733
-0.0692915
-0.0701703
-0.0701016
-0.0690993
-0.0677399
-0.0669435
-0.0674241
-0.0690443
-0.0710079
-0.0723536
-0.0726831
-0.07223
-0.0715297
-0.0708981
-0.0703625
-0.069827
-0.0692915
-0.0688521
-0.06855
-0.0684676
-0.0686324
-0.0689894
-0.069319
-0.0694975
-0.0697172
-0.0701291
-0.0706097
-0.070747
-0.0702115
-0.0691405
-0.0680694
-0.067479
-0.0674653
-0.0676987
-0.0678085
-0.06763
-0.0673417
-0.0670396
-0.0666276
-0.065996
-0.0653918
-0.0651996
-0.0655292
-0.0660647
-0.0663393
-0.066202
-0.0659136
-0.0659136
-0.066408
-0.0672318
-0.0679733
-0.0683303
-0.0683029
-0.0680557
-0.0676163
-0.0668473
-0.0657489
-0.0648014
-0.0645817
-0.0652408
-0.0665041
-0.0677536
-0.0683852
-0.0680145
-0.0669023
-0.0657351
-0.0651447
-0.0651996
-0.0655978
-0.065996
-0.0662706
-0.0664629
-0.0667512
-0.067273
-0.0678497
-0.0679596
-0.0673279
-0.066202
-0.0652408
-0.0647877
-0.0646778
-0.0644719
-0.0639638
-0.0633734
-0.0631262
-0.0633871
-0.0638677
-0.0641698
-0.0641698
-0.0641011
-0.0642659
-0.0647327
-0.0653232
-0.0658038
-0.0659411
-0.0655154
-0.0644719
-0.0631674
-0.0622199
-0.0620826
-0.0626456
-0.0632498
-0.0631949
-0.0624259
-0.0615746
-0.0613961
-0.0620826
-0.0630438
-0.0637029
-0.0638677
-0.0637716
-0.0635381
-0.0631125
-0.0624122
-0.061657
-0.0611214
-0.0610528
-0.0614373
-0.0620689
-0.0626456
-0.0628516
-0.062522
-0.0617393
-0.0608331
-0.0602152
-0.0600641
-0.0602289
-0.0604486
-0.0607782
-0.0613823
-0.0621925
-0.0627417
-0.0628104
-0.0626868
-0.0626868
-0.0627966
-0.0627692
-0.0625632
-0.0623435
-0.0621787
-0.0619179
-0.0614373
-0.0608468
-0.0602838
-0.0600092
-0.0601465
-0.0606683
-0.0613549
-0.0619453
-0.0620826
-0.0614922
-0.060174
-0.0587185
-0.0579633
-0.0584027
-0.0597483
-0.0612176
-0.0621238
-0.062014
-0.060737
-0.058691
-0.0568236
-0.056137
-0.0567961
-0.0581143
-0.0592128
-0.0596797
-0.0595835
-0.0591304
-0.0583477
-0.0573042
-0.0562743
-0.0557251
-0.0557937
-0.0560821
-0.0560134
-0.0553818
-0.0544481
-0.0537753
-0.0538302
-0.0548051
-0.0564803
-0.0581692
-0.0589107
-0.058128
-0.0560684
-0.0536791
-0.0519627
-0.0515096
-0.0522511
-0.0535418
-0.054503
-0.0546815
-0.0543657
-0.0542833
-0.054709
-0.055423
-0.0561919
-0.0570707
-0.0578809
-0.0580594
-0.0572081
-0.055629
-0.0541185
-0.0533496
-0.0536242
-0.0547776
-0.0561782
-0.056906
-0.0562469
-0.0543932
-0.0522923
-0.0510427
-0.0510977
-0.0519902
-0.0528003
-0.0529514
-0.0525944
-0.0523335
-0.0524571
-0.0528553
-0.0533359
-0.053789
-0.0540361
-0.0539263
-0.0535144
-0.0530887
-0.0528827
-0.0528827
-0.0528965
-0.0527591
-0.0525532
-0.0525394
-0.0528827
-0.0533633
-0.053583
-0.0534182
-0.0529651
-0.0523197
-0.0515233
-0.0506995
-0.0502189
-0.0502189
-0.0505072
-0.0507407
-0.0508917
-0.0511801
-0.051798
-0.0526218
-0.0533633
-0.0536654
-0.0533359
-0.0525394
-0.0516744
-0.0512487
-0.051386
-0.0517156
-0.0517568
-0.0512213
-0.0503699
-0.0498893
-0.0502326
-0.0511801
-0.0520314
-0.0523197
-0.0521962
-0.0520314
-0.0519765
-0.051949
-0.0520039
-0.0521138
-0.0520314
-0.0514547
-0.050466
-0.0495735
-0.0493538
-0.0498756
-0.0505759
-0.0506995
-0.0499992
-0.0490517
-0.0488595
-0.0498756
-0.0516469
-0.0533084
-0.0542421
-0.0542558
-0.0533908
-0.0519353
-0.050466
-0.0495323
-0.0493538
-0.049546
-0.0497246
-0.0497932
-0.0500129
-0.0504523
-0.0508642
-0.0509878
-0.0510565
-0.0516606
-0.0530063
-0.0545167
-0.0552994
-0.0549699
-0.0539675
-0.0529514
-0.0520451
-0.0509054
-0.0492714
-0.0475001
-0.0464703
-0.0467586
-0.0481317
-0.049546
-0.0499442
-0.0491753
-0.0478983
-0.047047
-0.0470058
-0.0475001
-0.0479944
-0.0481455
-0.0481317
-0.0484475
-0.0494225
-0.0506995
-0.0515371
-0.0514135
-0.0504935
-0.0493126
-0.0482965
-0.0476923
-0.0476786
-0.0482141
-0.0489693
-0.0495598
-0.0497657
-0.0495323
-0.0488458
-0.0478296
-0.0468547
-0.0463879
-0.0467174
-0.0478846
-0.0495735
-0.0510977
-0.0517156
-0.0511663
-0.0499992
-0.0490929
-0.0488732
-0.049038
