LECROYHDO9204-MSöv,30454,Waveform
Segments,1,SegmentSize,2002
Ampl
-0.0145452
-0.0140372
-0.0136527
-0.013639
-0.0139685
-0.0143805
-0.0145178
-0.0141608
-0.0134467
-0.0127739
-0.0123345
-0.0120187
-0.0116479
-0.0113184
-0.0113321
-0.0119363
-0.013076
-0.0142706
-0.0148336
-0.0143255
-0.0128975
-0.0111124
-0.00950588
-0.00853097
-0.00848978
-0.00945096
-0.0111399
-0.0129524
-0.0142431
-0.0146002
-0.0140097
-0.0129936
-0.0122933
-0.0122933
-0.0126915
-0.0128151
-0.0122384
-0.0111674
-0.0102474
-0.0101101
-0.0108653
-0.0119912
-0.0127602
-0.0126778
-0.0119775
-0.0112772
-0.0111674
-0.0117853
-0.01287
-0.0139548
-0.0146414
-0.0147375
-0.0143393
-0.0136939
-0.0129524
-0.0122247
-0.0118814
-0.012362
-0.0136939
-0.0151357
-0.0156712
-0.0148748
-0.0131996
-0.0115518
-0.0106318
-0.0104533
-0.0105769
-0.0105495
-0.0102748
-0.00997274
-0.00989036
-0.0100826
-0.0106181
-0.0114969
-0.0125817
-0.0135291
-0.0139548
-0.0136252
-0.0127053
-0.0117029
-0.011236
-0.011593
-0.0124993
-0.0133232
-0.0135291
-0.0130348
-0.0121697
-0.0114283
-0.0112497
-0.0117303
-0.0124581
-0.0127876
-0.0123757
-0.0113733
-0.0103709
-0.00989036
-0.0101238
-0.0108927
-0.0118127
-0.0125405
-0.0129387
-0.0129661
-0.0126091
-0.0119775
-0.0114557
-0.0116068
-0.0125954
-0.0138861
-0.0147237
-0.0146825
-0.0138587
-0.012719
-0.0118539
-0.0117166
-0.0122521
-0.0129661
-0.0132957
-0.0130623
-0.0125267
-0.0120736
-0.0119226
-0.0120736
-0.0125405
-0.013282
-0.0141745
-0.0148473
-0.0148473
-0.0141058
-0.0131446
-0.0126503
-0.0128151
-0.0131172
-0.0129936
-0.0124306
-0.0119363
-0.0119226
-0.0123208
-0.0128426
-0.0132682
-0.0136115
-0.0139823
-0.0143667
-0.0145315
-0.0142431
-0.0135154
-0.0126641
-0.0121011
-0.0119912
-0.0122521
-0.0124856
-0.0123894
-0.0118814
-0.0111399
-0.0104533
-0.0100963
-0.0101787
-0.0107829
-0.0117166
-0.0125679
-0.0128838
-0.0127464
-0.0126366
-0.0128838
-0.0134193
-0.0140097
-0.0144903
-0.0147375
-0.0146276
-0.0141058
-0.0133369
-0.0126229
-0.0121835
-0.0121148
-0.0125267
-0.0134055
-0.014559
-0.0155201
-0.015836
-0.0153416
-0.0142981
-0.0132957
-0.0127739
-0.0128288
-0.0132408
-0.0138312
-0.0144491
-0.0148336
-0.0147512
-0.0144354
-0.0143393
-0.0146002
-0.0147924
-0.0145178
-0.0139273
-0.013584
-0.0138587
-0.0145315
-0.0150396
-0.0150258
-0.0144628
-0.0136802
-0.013076
-0.012925
-0.0133643
-0.0143805
-0.0156437
-0.0164813
-0.0162754
-0.0150396
-0.0134193
-0.0122933
-0.0121835
-0.0131446
-0.0148199
-0.0165225
-0.0175798
-0.017621
-0.0166324
-0.0150533
-0.013584
-0.0129387
-0.0133781
-0.0144079
-0.0152593
-0.0154103
-0.0148336
-0.0137214
-0.0124444
-0.0114832
-0.0113184
-0.0121148
-0.0137214
-0.0156163
-0.017058
-0.01747
-0.0166873
-0.0151906
-0.0137488
-0.0129799
-0.0129387
-0.013282
-0.0135429
-0.0134193
-0.012925
-0.0124169
-0.0122933
-0.0127602
-0.0136115
-0.014504
-0.0151906
-0.0156163
-0.0159321
-0.0164401
-0.0173327
-0.0182389
-0.01839
-0.0174151
-0.0157673
-0.0143667
-0.0137488
-0.0138449
-0.0144903
-0.015424
-0.016193
-0.0164264
-0.0161655
-0.0159184
-0.0161792
-0.0169619
-0.0177446
-0.018033
-0.0176759
-0.017058
-0.0166598
-0.0166873
-0.0169482
-0.0170855
-0.0170031
-0.0169619
-0.017113
-0.0173601
-0.0172777
-0.0166324
-0.0156575
-0.0150807
-0.0154652
-0.0166049
-0.0178133
-0.0185547
-0.0188019
-0.0187058
-0.0184174
-0.0180055
-0.0175661
-0.0172091
-0.0170031
-0.0170992
-0.0175661
-0.0183762
-0.01931
-0.0202025
-0.0209165
-0.0211087
-0.020381
-0.0187332
-0.0168383
-0.0156025
-0.015424
-0.0159321
-0.0165088
-0.0168383
-0.0170992
-0.0174974
-0.0179506
-0.0181977
-0.0181428
-0.0178956
-0.0175112
-0.0168383
-0.0158634
-0.015067
-0.0150121
-0.0158497
-0.0172091
-0.0186097
-0.0195159
-0.0194747
-0.018335
-0.0165637
-0.0150533
-0.0145727
-0.0151494
-0.0163166
-0.0174288
-0.018033
-0.0179368
-0.0172503
-0.016193
-0.0149572
-0.0137214
-0.0129661
-0.0132408
-0.0146276
-0.0163577
-0.0172503
-0.0166461
-0.0149022
-0.0131172
-0.012362
-0.0128151
-0.0137626
-0.0144491
-0.0148336
-0.0154103
-0.0163577
-0.0172091
-0.0172915
-0.0164127
-0.0149984
-0.0137214
-0.013076
-0.0131172
-0.0135978
-0.0141745
-0.0146414
-0.0148061
-0.0144628
-0.0136939
-0.0129936
-0.0128563
-0.0133232
-0.0140921
-0.0150258
-0.016193
-0.0175524
-0.0187607
-0.0195159
-0.0197219
-0.0194885
-0.0188706
-0.0178682
-0.0164401
-0.0147237
-0.0129936
-0.0117715
-0.0114832
-0.012307
-0.0139411
-0.0157673
-0.0170306
-0.0171542
-0.0160557
-0.0143942
-0.0131721
-0.0129112
-0.0134193
-0.014202
-0.0148473
-0.0151769
-0.0150945
-0.0147375
-0.0143667
-0.0141196
-0.0139411
-0.0137763
-0.0137488
-0.0140234
-0.0146688
-0.0154927
-0.0160694
-0.0160831
-0.0157124
-0.0154103
-0.0154652
-0.0156849
-0.0156575
-0.0152593
-0.0145864
-0.0138587
-0.0133369
-0.0133781
-0.0142981
-0.0158634
-0.0173464
-0.0180467
-0.0175661
-0.0160282
-0.0140921
-0.0126778
-0.0124718
-0.0133369
-0.014504
-0.0153004
-0.0155613
-0.015479
-0.0151769
-0.0147237
-0.0142431
-0.0139548
-0.0140646
-0.0145452
-0.0151082
-0.0153279
-0.0149709
-0.0142843
-0.0138861
-0.0142157
-0.0152181
-0.0167834
-0.0189118
-0.0215619
-0.0243768
-0.0270955
-0.0299104
-0.0332197
-0.0371605
-0.0414584
-0.0457288
-0.0497108
-0.0534869
-0.0574415
-0.0620689
-0.0676987
-0.0743034
-0.081732
-0.089751
-0.0980858
-0.106503
-0.114797
-0.122637
-0.129585
-0.135476
-0.140872
-0.146886
-0.154343
-0.163007
-0.171781
-0.179567
-0.186089
-0.192035
-0.198378
-0.205354
-0.212302
-0.218275
-0.223012
-0.226898
-0.230537
-0.234272
-0.238117
-0.241838
-0.245174
-0.247921
-0.250021
-0.251601
-0.252809
-0.25355
-0.253509
-0.252534
-0.250969
-0.249431
-0.248497
-0.248291
-0.248497
-0.24847
-0.247673
-0.245875
-0.243417
-0.240822
-0.238446
-0.236277
-0.234189
-0.232006
-0.22948
-0.226253
-0.222147
-0.217533
-0.213332
-0.210407
-0.208924
-0.208251
-0.207674
-0.206768
-0.205395
-0.20361
-0.201715
-0.200246
-0.199683
-0.199971
-0.200507
-0.200562
-0.19982
-0.198461
-0.197005
-0.195824
-0.195056
-0.194602
-0.194369
-0.194506
-0.195152
-0.196278
-0.197527
-0.198529
-0.199189
-0.199683
-0.200273
-0.201056
-0.202072
-0.203294
-0.204475
-0.205244
-0.205519
-0.205725
-0.206384
-0.207523
-0.208581
-0.209089
-0.209363
-0.210146
-0.21178
-0.213689
-0.214911
-0.215048
-0.214416
-0.213675
-0.213387
-0.21395
-0.21546
-0.217657
-0.219772
-0.220829
-0.220266
-0.218316
-0.215968
-0.21443
-0.214485
-0.215927
-0.217698
-0.218563
-0.217863
-0.215968
-0.213936
-0.212769
-0.212741
-0.213345
-0.213963
-0.214307
-0.214485
-0.214691
-0.215021
-0.215501
-0.216009
-0.216243
-0.215872
-0.214773
-0.213263
-0.211972
-0.211519
-0.212027
-0.212975
-0.213524
-0.213222
-0.212329
-0.21156
-0.211313
-0.211382
-0.211272
-0.210723
-0.209844
-0.208938
-0.208237
-0.207853
-0.207674
-0.207427
-0.206864
-0.206068
-0.205574
-0.205917
-0.207029
-0.208306
-0.20913
-0.209308
-0.20902
-0.208485
-0.207771
-0.207084
-0.206741
-0.207057
-0.20799
-0.20902
-0.209391
-0.208691
-0.207482
-0.206919
-0.207674
-0.209322
-0.210737
-0.211148
-0.210572
-0.209583
-0.2088
-0.208471
-0.208512
-0.208677
-0.208855
-0.209157
-0.209583
-0.209789
-0.209418
-0.208526
-0.207496
-0.206851
-0.206768
-0.207098
-0.207469
-0.207606
-0.2074
-0.206823
-0.205889
-0.204763
-0.203885
-0.20372
-0.204338
-0.205175
-0.205423
-0.20486
-0.203967
-0.203349
-0.203061
-0.202814
-0.202237
-0.201358
-0.200479
-0.199985
-0.200109
-0.200809
-0.20188
-0.202882
-0.203363
-0.203157
-0.202539
-0.201784
-0.200795
-0.199381
-0.197912
-0.197307
-0.198131
-0.199875
-0.201303
-0.201537
-0.200672
-0.199559
-0.199092
-0.199408
-0.199903
-0.199642
-0.1982
-0.196085
-0.194479
-0.194369
-0.19577
-0.197692
-0.198983
-0.199134
-0.198502
-0.197678
-0.196786
-0.195632
-0.19441
-0.193916
-0.194822
-0.196772
-0.198392
-0.198282
-0.196085
-0.192762
-0.189851
-0.188465
-0.188684
-0.189645
-0.190291
-0.190153
-0.189481
-0.18878
-0.188368
-0.188259
-0.188327
-0.188588
-0.189082
-0.189618
-0.18981
-0.189549
-0.18922
-0.189233
-0.189494
-0.189453
-0.188698
-0.18749
-0.186446
-0.186116
-0.186556
-0.18738
-0.18808
-0.188465
-0.188684
-0.188876
-0.188876
-0.188396
-0.187325
-0.185965
-0.184839
-0.184373
-0.184592
-0.185045
-0.185251
-0.185128
-0.184977
-0.185059
-0.185128
-0.184647
-0.183494
-0.182121
-0.181118
-0.180679
-0.180583
-0.180638
-0.180926
-0.181599
-0.182629
-0.183782
-0.18451
-0.184386
-0.183439
-0.182327
-0.181832
-0.182107
-0.182794
-0.183439
-0.18381
-0.18392
-0.183768
-0.183357
-0.182725
-0.182176
-0.181997
-0.182299
-0.182807
-0.183164
-0.183274
-0.183315
-0.18348
-0.183604
-0.18337
-0.182533
-0.181146
-0.179553
-0.17829
-0.177713
-0.177699
-0.177713
-0.177342
-0.176656
-0.176106
-0.176052
-0.176409
-0.176875
-0.177026
-0.176601
-0.175557
-0.174294
-0.173401
-0.173333
-0.173937
-0.174569
-0.174651
-0.174198
-0.173813
-0.174033
-0.174665
-0.174829
-0.173951
-0.172426
-0.171108
-0.170394
-0.17012
-0.169996
-0.169859
-0.169653
-0.16931
-0.168911
-0.168609
-0.168458
-0.168376
-0.168266
-0.16828
-0.168595
-0.169158
-0.169612
-0.169488
-0.168568
-0.167264
-0.166371
-0.16633
-0.166714
-0.166659
-0.165753
-0.164504
-0.163762
-0.164064
-0.165273
-0.166728
-0.167621
-0.167538
-0.166618
-0.165369
-0.16427
-0.163501
-0.162993
-0.162609
-0.162224
-0.161826
-0.161565
-0.161579
-0.161853
-0.162114
-0.16195
-0.161318
-0.160618
-0.160357
-0.160645
-0.161139
-0.161181
-0.160467
-0.159162
-0.157707
-0.15654
-0.15599
-0.156237
-0.15724
-0.158558
-0.159451
-0.159217
-0.157597
-0.15507
-0.152695
-0.151596
-0.152187
-0.153793
-0.155194
-0.155606
-0.155098
-0.154301
-0.153793
-0.153793
-0.154246
-0.154823
-0.155029
-0.154548
-0.15345
-0.152132
-0.151074
-0.150539
-0.150484
-0.150717
-0.151061
-0.151418
-0.151555
-0.151047
-0.149797
-0.148369
-0.147559
-0.1476
-0.148095
-0.148589
-0.149015
-0.149468
-0.149825
-0.149839
-0.149468
-0.148932
-0.148397
-0.147875
-0.147285
-0.146708
-0.146447
-0.146763
-0.147518
-0.148218
-0.148493
-0.148411
-0.148301
-0.148328
-0.148479
-0.148548
-0.148452
-0.148191
-0.147752
-0.147147
-0.146392
-0.1455
-0.144607
-0.143838
-0.143275
-0.142863
-0.142712
-0.142932
-0.143426
-0.143824
-0.143893
-0.143783
-0.143646
-0.143412
-0.142822
-0.141778
-0.140474
-0.139279
-0.138524
-0.138346
-0.138538
-0.138716
-0.138648
-0.138497
-0.138565
-0.139005
-0.139636
-0.140213
-0.140584
-0.140598
-0.140213
-0.139664
-0.139403
-0.139733
-0.140309
-0.140501
-0.139993
-0.138936
-0.13759
-0.136162
-0.134954
-0.134419
-0.134817
-0.135929
-0.137124
-0.137906
-0.137975
-0.137206
-0.135586
-0.133416
-0.131439
-0.130574
-0.131343
-0.133348
-0.135462
-0.136506
-0.135998
-0.134254
-0.132222
-0.130794
-0.13045
-0.130972
-0.131727
-0.132235
-0.1324
-0.132386
-0.132208
-0.131796
-0.131123
-0.13034
-0.129777
-0.129777
-0.130423
-0.131356
-0.132029
-0.132002
-0.131329
-0.130588
-0.130368
-0.13078
-0.13126
-0.131219
-0.130601
-0.129887
-0.129558
-0.12964
-0.129805
-0.129915
-0.130052
-0.130189
-0.130066
-0.12953
-0.128748
-0.128212
-0.128185
-0.128569
-0.128967
-0.128926
-0.128198
-0.126921
-0.125603
-0.124738
-0.124381
-0.124257
-0.123983
-0.123406
-0.122733
-0.122349
-0.122445
-0.122788
-0.122994
-0.122912
-0.122541
-0.121937
-0.12125
-0.120619
-0.12022
-0.120138
-0.120248
-0.120426
-0.120591
-0.120866
-0.12136
-0.121923
-0.122225
-0.122115
-0.121772
-0.121594
-0.121813
-0.122157
-0.122033
-0.121072
-0.119589
-0.118381
-0.117955
-0.118161
-0.118477
-0.118586
-0.118586
-0.118724
-0.119053
-0.119438
-0.119699
-0.119712
-0.119506
-0.119301
-0.119259
-0.119301
-0.11904
-0.118229
-0.117172
-0.116554
-0.116801
-0.117694
-0.118696
-0.11941
-0.119863
-0.120207
-0.12055
-0.12077
-0.120523
-0.11941
-0.117488
-0.115538
-0.114426
-0.114344
-0.114673
-0.114673
-0.114193
-0.113657
-0.113588
-0.113973
-0.114371
-0.114467
-0.114371
-0.114275
-0.114138
-0.113767
-0.113121
-0.112407
-0.111762
-0.111336
-0.111254
-0.11168
-0.112476
-0.113314
-0.113877
-0.114055
-0.113945
-0.11363
-0.11319
-0.11271
-0.112243
-0.111748
-0.111254
-0.110801
-0.110403
-0.109922
-0.10929
-0.108714
-0.108576
-0.10881
-0.108769
-0.108068
-0.10708
-0.106764
-0.107533
-0.108741
-0.10929
-0.108879
-0.108302
-0.10848
-0.109318
-0.10962
-0.10848
-0.106366
-0.104663
-0.104471
-0.10572
-0.107423
-0.108508
-0.108453
-0.107478
-0.106077
-0.104732
-0.103757
-0.103304
-0.103304
-0.103496
-0.103619
-0.103661
-0.103661
-0.103523
-0.103166
-0.102782
-0.102851
-0.103578
-0.104512
-0.104787
-0.103825
-0.101793
-0.0995825
-0.0981545
-0.097976
-0.0988548
-0.100173
-0.10123
-0.101574
-0.101258
-0.100681
-0.10031
-0.100187
-0.0998571
-0.0987449
-0.0968912
-0.09501
-0.0940076
-0.0942685
-0.0955318
-0.0972894
-0.0991019
-0.100461
-0.100969
-0.100434
-0.0992118
-0.0979485
-0.0971658
-0.0970011
-0.0972345
-0.0974404
-0.0973169
-0.0969187
-0.0965342
-0.0964106
-0.0966852
-0.0973993
-0.0984154
-0.0993765
-0.0999395
-0.100008
-0.0996237
-0.0988273
-0.0976876
-0.096493
-0.0956691
-0.0954906
-0.0958202
-0.0961634
-0.0961497
-0.095724
-0.0953121
-0.0953258
-0.0956417
-0.0955593
-0.0945157
-0.0929092
-0.091893
-0.0923736
-0.0941587
-0.0960811
-0.0968637
-0.0960124
-0.094145
-0.0923736
-0.0913575
-0.0909044
-0.090616
-0.090465
-0.0905886
-0.0907396
-0.0902865
-0.0890919
-0.0878423
-0.0875128
-0.0884877
-0.0903963
-0.0924286
-0.0937193
-0.0936781
-0.0922775
-0.0901355
-0.088117
-0.086991
-0.0870734
-0.0881032
-0.0892704
-0.0897098
-0.0892429
-0.0884328
-0.0881994
-0.088982
-0.0904238
-0.0916459
-0.091893
-0.091179
-0.0901904
-0.0897098
-0.0900943
-0.0911928
-0.0926345
-0.0938841
-0.0943647
-0.0936781
-0.0920166
-0.0901904
-0.0890919
-0.0890644
-0.0897922
-0.0906023
-0.0910554
-0.0910966
-0.091028
-0.0910829
-0.0913163
-0.0914811
-0.0912614
-0.0903414
-0.0887761
-0.0872244
-0.086634
-0.0874441
-0.0891056
-0.0906023
-0.0914125
-0.0915498
-0.0911928
-0.0902316
-0.0887074
-0.0870597
-0.0860573
-0.0861397
-0.0871695
-0.088625
-0.0898471
-0.090314
-0.0899569
-0.0891193
-0.0884328
-0.0882955
-0.0888035
-0.0896411
-0.0902865
-0.0903826
-0.089902
-0.089188
-0.0884053
-0.087554
-0.0867988
-0.0864692
-0.0867988
-0.0874441
-0.0877737
-0.0873755
-0.0863456
-0.0852197
-0.0846704
-0.0849176
-0.0857003
-0.0865379
-0.0871695
-0.0874991
-0.0873068
-0.086277
-0.0844645
-0.0825421
-0.0814024
-0.0814299
-0.0821302
-0.0825833
-0.0821988
-0.0812788
-0.0805648
-0.0803451
-0.0802078
-0.0796036
-0.0786013
-0.0777636
-0.0776401
-0.0783129
-0.0793977
-0.0802902
-0.0805373
-0.0802215
-0.0798096
-0.0796311
-0.0796036
-0.0793977
-0.0788621
-0.0782854
-0.0780657
-0.0783541
-0.0789583
-0.079535
-0.0798508
-0.0797821
-0.0793839
-0.0788072
-0.0781756
-0.0775714
-0.0772556
-0.0775714
-0.0787111
-0.0803314
-0.0817869
-0.0824323
-0.0819654
-0.0806747
-0.0792878
-0.0785326
-0.0784777
-0.0785326
-0.0782442
-0.0778323
-0.0777636
-0.0782168
-0.0787935
-0.0789033
-0.0783404
-0.0773242
-0.0763905
-0.0758825
-0.0757589
-0.0757589
-0.0757314
-0.0756765
-0.0757314
-0.0759649
-0.0764866
-0.0772419
-0.0780108
-0.0785051
-0.0787248
-0.0789583
-0.0792741
-0.0793565
-0.0787248
-0.0772968
-0.075649
-0.0746467
-0.0748389
-0.0760061
-0.0773517
-0.0780657
-0.0779147
-0.0772144
-0.076418
-0.0758275
-0.0756079
-0.0756765
-0.0758001
-0.0756765
-0.0752508
-0.0748526
-0.0749076
-0.0755529
-0.0764866
-0.0771732
-0.0772007
-0.0764866
-0.075347
-0.0742897
-0.0736168
-0.0732735
-0.0730538
-0.0729989
-0.0732324
-0.0737679
-0.0743583
-0.0746467
-0.0743995
-0.0737267
-0.0730813
-0.0729165
-0.0732186
-0.0736031
-0.0736443
-0.0731362
-0.0720927
-0.0708569
-0.0700742
-0.0703625
-0.0715709
-0.0728341
-0.0732598
-0.0726419
-0.0715434
-0.0706921
-0.0706646
-0.0715846
-0.0730127
-0.0740562
-0.0739738
-0.0727792
-0.0711864
-0.070033
-0.069827
-0.0705273
-0.071818
-0.0732186
-0.0742485
-0.0746192
-0.0742622
-0.0734246
-0.0725321
-0.0719279
-0.0716945
-0.0716945
-0.0717494
-0.0717082
-0.0714473
-0.0710491
-0.0707745
-0.0706784
-0.0705273
-0.0700467
-0.0693876
-0.068962
-0.0690443
-0.0696485
-0.0706646
-0.0719142
-0.0730401
-0.0735894
-0.0733834
-0.0726007
-0.0714336
-0.0699369
-0.0682891
-0.0669709
-0.0665453
-0.0672044
-0.0686461
-0.0701703
-0.0710766
-0.070953
-0.0699231
-0.0685775
-0.0675339
-0.0670808
-0.0671632
-0.067479
-0.0675751
-0.0672044
-0.0666276
-0.0662844
-0.0664354
-0.0669572
-0.0677124
-0.0686461
-0.0695661
-0.0700467
-0.0698133
-0.0690031
-0.068042
-0.0672181
-0.0666688
-0.0664766
-0.066559
-0.0666551
-0.0664903
-0.0660784
-0.0656802
-0.0655292
-0.0656802
-0.0660235
-0.0663805
-0.0664903
-0.0662157
-0.0656939
-0.0651721
-0.0648014
-0.0646366
-0.064719
-0.0650486
-0.0654468
-0.0656802
-0.0656665
-0.0654742
-0.0651584
-0.0647053
-0.0641698
-0.0637029
-0.0634969
-0.0636617
-0.0641011
-0.0644307
-0.064156
-0.0630987
-0.061657
-0.0604486
-0.0598582
-0.0599818
-0.0608056
-0.0622337
-0.0637441
-0.0646229
-0.0644032
-0.0632498
-0.0617531
-0.0607782
-0.0608743
-0.0619453
-0.0631674
-0.0637029
-0.0633459
-0.0624396
-0.0615334
-0.0610253
-0.0610802
-0.0615608
-0.0620689
-0.0621375
-0.0615059
-0.0604211
-0.0594874
-0.0593364
-0.0599818
-0.0609704
-0.0616158
-0.0616295
-0.0610253
-0.0597895
-0.0580045
-0.0562331
-0.0552033
-0.0551484
-0.0554779
-0.0556427
-0.0557251
-0.0562194
-0.0572081
-0.0582654
-0.0589519
-0.0591441
-0.0590343
-0.0589382
-0.0590068
-0.0590755
-0.0587322
-0.0576886
-0.0560546
-0.0544069
-0.053583
-0.0541872
-0.0560684
-0.0582104
-0.059405
-0.059254
-0.0582242
-0.0569746
-0.0558487
-0.055066
-0.0548326
-0.0552308
-0.055931
-0.0564391
-0.0565078
-0.0561782
-0.0557251
-0.0555328
-0.0559448
-0.0569472
-0.0580731
-0.0587185
-0.0586636
-0.0580319
-0.0570707
-0.0560134
-0.0551484
-0.0547639
-0.055066
-0.0559997
-0.0571806
-0.0579907
-0.0578809
-0.0567961
-0.0552857
-0.0542147
-0.054146
-0.0549699
-0.0560958
-0.0567961
-0.0567687
-0.0563155
-0.0559036
-0.0556152
-0.0550248
-0.0539812
-0.0528141
-0.0520314
-0.0518117
-0.0519902
-0.0524708
-0.053377
-0.0547364
-0.0562469
-0.0573454
-0.0575651
-0.0570021
-0.0561782
-0.055574
-0.0551072
-0.0544206
-0.0536242
-0.0532672
-0.0536242
-0.0542284
-0.0543245
-0.0537066
-0.0528965
-0.0526493
-0.0533359
-0.0546129
-0.0556702
-0.0556839
-0.0544206
-0.0522648
-0.0500266
-0.0484201
-0.0478846
-0.0485711
-0.0502051
-0.0521824
-0.0538576
-0.054709
-0.0544481
-0.0531162
-0.0511801
-0.0493263
-0.0479807
-0.0472667
-0.0472804
-0.0481043
-0.0495186
-0.0509466
-0.0518529
-0.0520589
-0.0517156
-0.0510565
-0.0504386
-0.0502601
-0.0507681
-0.0517293
-0.0525257
-0.0525669
-0.051592
-0.0498481
-0.0480356
-0.0468685
-0.0468135
-0.0478708
-0.0496696
-0.0517568
-0.0534869
-0.0542833
-0.0539812
-0.0529376
-0.051743
-0.0507681
-0.0502463
-0.0501502
-0.0503562
-0.0506308
-0.0509329
-0.0512075
-0.0513174
-0.0510839
-0.050672
-0.0505759
-0.0510702
-0.0518392
-0.052155
-0.0516057
-0.0506033
-0.0500953
-0.0506995
-0.0519765
-0.0528278
-0.0525257
-0.0513723
-0.0502189
-0.0495049
-0.0490105
-0.048681
-0.0487634
-0.0494225
-0.0503013
-0.0510016
-0.0514272
-0.0516057
-0.0513586
-0.0505072
-0.0493263
-0.0484064
-0.0482553
-0.0489968
-0.0503013
-0.0515783
-0.052155
-0.051798
-0.050823
-0.0498069
-0.0492165
-0.0490655
-0.0491341
-0.0492028
-0.0492165
-0.0492028
-0.0492714
-0.0494362
-0.0496422
-0.0497795
-0.0497108
-0.0494225
-0.0491204
-0.0489968
-0.0489693
-0.0485299
-0.0473628
-0.0457974
-0.0448088
-0.0451109
-0.0465115
-0.048118
-0.0491341
-0.0494087
-0.0491753
-0.0485986
-0.0475413
-0.0459347
-0.0442321
-0.043367
-0.0440673
-0.0460446
-0.048118
-0.0492577
-0.0492165
-0.0484064
-0.0473628
-0.0465252
-0.0461819
-0.0463055
-0.0464291
-0.0462506
-0.0459073
-0.0458661
-0.0463741
-0.0471019
-0.0475138
-0.0472117
-0.0461956
-0.0448912
-0.0440261
-0.0441085
-0.0451658
-0.04669
-0.0479944
-0.0485849
-0.0483102
-0.0475413
-0.0469508
-0.0469234
-0.0472804
-0.0476237
-0.0476923
-0.0474726
-0.0470058
-0.046484
-0.0461407
-0.046127
-0.0462918
-0.0462506
-0.0457288
-0.0447539
-0.0438201
-0.0437377
-0.0448362
-0.046484
-0.0474177
-0.046841
-0.045207
-0.043724
-0.0432022
-0.0435592
-0.0440536
-0.0440261
-0.0432984
-0.0422822
-0.0417193
-0.0419939
-0.0429688
-0.0440261
-0.0446165
-0.044438
-0.0436279
-0.0425706
-0.0415957
-0.0408817
-0.0404285
-0.0402638
-0.0403736
-0.0406482
-0.0408817
-0.0409366
-0.0406757
-0.0400578
-0.0391241
-0.038108
-0.0374077
-0.0373116
-0.0378196
-0.0386572
-0.0395085
-0.0401951
-0.0406208
-0.0407581
-0.0405796
-0.0402088
-0.0399754
-0.0402775
-0.0411975
-0.0422822
-0.0427628
-0.0422548
-0.0411426
-0.0403324
-0.0405521
-0.0419527
-0.0439163
-0.0453855
-0.0455915
-0.0446028
-0.043216
-0.0423646
-0.0424882
-0.0433533
-0.0442183
-0.0443968
-0.0436966
-0.0426667
-0.0419664
-0.0418978
-0.0422822
-0.04301
-0.0439437
-0.0446303
-0.0444518
-0.043367
-0.0419939
-0.0410327
-0.0406757
-0.0407581
-0.0410876
-0.0415545
-0.0418703
-0.0418154
-0.0414584
-0.0410876
-0.0407993
-0.0404697
-0.0400715
-0.0398244
-0.0400441
-0.0409229
-0.0421861
-0.0431885
-0.0433258
-0.0425569
-0.0413348
-0.0401402
-0.039179
-0.03841
-0.0377509
-0.037188
-0.0368447
-0.0368172
-0.037133
-0.0376411
-0.0380942
-0.0383551
-0.0384238
-0.0383002
-0.0379844
-0.037696
-0.0377921
-0.038465
-0.0394124
-0.040099
-0.0401264
-0.0395497
-0.0386435
-0.0376411
-0.0367623
-0.0362405
-0.0362405
-0.0366799
-0.037339
-0.0381217
-0.0390005
-0.0397832
-0.0400715
-0.0396459
-0.0386847
-0.0378196
-0.0376274
-0.038053
-0.0385336
-0.0384787
-0.0378608
-0.0371605
-0.0368447
-0.0369545
-0.0372841
-0.0375038
-0.0375313
-0.0375587
-0.0377098
-0.0378883
-0.0377784
-0.0374077
-0.0371605
-0.0374489
-0.0382041
-0.0387671
-0.0384512
