LECROYHDO9204-MSöv,30454,Waveform
Segments,1,SegmentSize,2002
Ampl
-0.01195
-0.0123208
-0.0123208
-0.0120462
-0.0120324
-0.0126778
-0.0138724
-0.0150533
-0.0157536
-0.0159046
-0.0156849
-0.0151494
-0.0143255
-0.0132545
-0.0121285
-0.011236
-0.0108103
-0.0108927
-0.0112635
-0.0116617
-0.0119775
-0.0122247
-0.0122796
-0.0121423
-0.0121423
-0.0127327
-0.0138449
-0.014559
-0.0139136
-0.0119088
-0.00968439
-0.00859962
-0.00914887
-0.010728
-0.0122521
-0.0130623
-0.013227
-0.0131584
-0.013227
-0.0135291
-0.0140372
-0.0145452
-0.0147237
-0.0142981
-0.0134467
-0.0126503
-0.0124169
-0.0128975
-0.0139136
-0.0151769
-0.0162204
-0.0165088
-0.015836
-0.0146688
-0.0137763
-0.0135291
-0.0137076
-0.0139685
-0.0142981
-0.014861
-0.0155339
-0.0159184
-0.0156849
-0.014861
-0.0138999
-0.013433
-0.0137626
-0.0146825
-0.0156575
-0.0162342
-0.016344
-0.016344
-0.0167148
-0.0175524
-0.0184998
-0.0190353
-0.0190353
-0.0188019
-0.0188019
-0.0191177
-0.0195434
-0.0198043
-0.0198317
-0.0196532
-0.0193237
-0.0188431
-0.0182938
-0.0178544
-0.0176073
-0.0173739
-0.0168383
-0.0158634
-0.0146688
-0.0137214
-0.013433
-0.0139685
-0.0151219
-0.0163577
-0.0170306
-0.0167971
-0.0159733
-0.0153416
-0.0153966
-0.0159184
-0.0163028
-0.0162616
-0.0159595
-0.0156987
-0.0155064
-0.0151906
-0.0145727
-0.0136802
-0.0128151
-0.0125405
-0.0131721
-0.014353
-0.0152593
-0.0152867
-0.0146139
-0.0140234
-0.0141333
-0.0146825
-0.0149709
-0.0145315
-0.0137488
-0.0133369
-0.0136664
-0.0145727
-0.0156575
-0.0166598
-0.0173052
-0.0173327
-0.0166049
-0.0153279
-0.0138724
-0.0126091
-0.0119088
-0.0120324
-0.0130623
-0.0146139
-0.0159733
-0.0165225
-0.0161243
-0.0151906
-0.0143255
-0.01379
-0.0134742
-0.0131996
-0.0130897
-0.0134055
-0.0141333
-0.0147924
-0.0149846
-0.0146963
-0.0141882
-0.0136252
-0.0131996
-0.0131996
-0.0138999
-0.0151631
-0.01655
-0.0175524
-0.0178133
-0.0171404
-0.0157536
-0.0142294
-0.013227
-0.0129799
-0.0132682
-0.0136115
-0.0136664
-0.0134742
-0.013282
-0.013282
-0.013282
-0.0129799
-0.012513
-0.0123757
-0.01287
-0.0136252
-0.0139548
-0.013639
-0.0131446
-0.0131172
-0.0138037
-0.0146688
-0.014861
-0.01379
-0.0117715
-0.00978051
-0.00881932
-0.00912141
-0.0100414
-0.0107417
-0.0108241
-0.0105906
-0.010673
-0.0115518
-0.013076
-0.0146139
-0.0154927
-0.0154927
-0.0147649
-0.0136664
-0.0125542
-0.0116754
-0.0111536
-0.0109889
-0.0112086
-0.0117441
-0.0124306
-0.0130211
-0.0133232
-0.0131996
-0.0126641
-0.0118402
-0.0111262
-0.010879
-0.0111948
-0.0118402
-0.0124581
-0.0128563
-0.0130623
-0.0131446
-0.0131721
-0.0130897
-0.0128151
-0.0123482
-0.0118402
-0.0114557
-0.0113733
-0.0116342
-0.0122521
-0.0129936
-0.0134193
-0.0131309
-0.0121423
-0.0109065
-0.0101101
-0.0101512
-0.0109889
-0.0119638
-0.012362
-0.0118539
-0.0107692
-0.00972558
-0.00924499
-0.00953335
-0.0104121
-0.0114969
-0.012362
-0.012925
-0.0133094
-0.0137076
-0.0141333
-0.014559
-0.014916
-0.0150533
-0.0146963
-0.0136802
-0.0123482
-0.0112497
-0.0107692
-0.0108653
-0.0112086
-0.0115518
-0.0117166
-0.011593
-0.0112086
-0.0107005
-0.0103023
-0.0102611
-0.0107692
-0.0117029
-0.0125817
-0.0129387
-0.0127739
-0.012513
-0.012513
-0.0127739
-0.0131584
-0.0136252
-0.0141333
-0.014504
-0.0146139
-0.014504
-0.0141745
-0.013433
-0.012307
-0.0111948
-0.010728
-0.0111811
-0.0122796
-0.0135429
-0.0145178
-0.0150258
-0.0150807
-0.0148199
-0.0144079
-0.0139411
-0.0133781
-0.0126503
-0.0117029
-0.0108241
-0.0104396
-0.0108515
-0.0119226
-0.0131035
-0.0137763
-0.0136115
-0.0128426
-0.012005
-0.0116479
-0.0118265
-0.0121835
-0.0122796
-0.0122109
-0.0123757
-0.0128838
-0.0133369
-0.0133369
-0.0128838
-0.0123757
-0.0121011
-0.0121835
-0.0124581
-0.0126915
-0.0128014
-0.0129387
-0.0131996
-0.0133918
-0.0132133
-0.0127602
-0.0124993
-0.0127053
-0.0130623
-0.0130897
-0.012719
-0.0122247
-0.01195
-0.0118402
-0.0116342
-0.0111262
-0.0105632
-0.0104808
-0.0111399
-0.0123208
-0.0135566
-0.0144903
-0.014916
-0.0146688
-0.0137351
-0.0124581
-0.0114145
-0.0109065
-0.0108653
-0.0110438
-0.0113184
-0.0116479
-0.0120324
-0.0124169
-0.0127876
-0.0131721
-0.0134879
-0.013639
-0.0135703
-0.0133232
-0.0130485
-0.0128975
-0.01287
-0.0127327
-0.0121285
-0.011085
-0.0101101
-0.00984916
-0.0104533
-0.0114969
-0.0123894
-0.0128014
-0.0127739
-0.0125954
-0.0124718
-0.0123208
-0.0119638
-0.0114283
-0.0109477
-0.0108653
-0.0112909
-0.0120462
-0.0127739
-0.0130623
-0.012719
-0.0119088
-0.0111262
-0.0107554
-0.0109065
-0.0114694
-0.0121972
-0.0127602
-0.0129524
-0.0128014
-0.0124032
-0.0118951
-0.0114832
-0.0114969
-0.0119912
-0.0126229
-0.0129387
-0.0128563
-0.0126641
-0.0125405
-0.0123757
-0.0120187
-0.0116754
-0.0117853
-0.0126778
-0.0143393
-0.0163166
-0.0178407
-0.0182252
-0.0173327
-0.0157261
-0.0142706
-0.0135978
-0.0138587
-0.0146551
-0.0153279
-0.0153691
-0.014861
-0.0144217
-0.0146963
-0.0156849
-0.016756
-0.0170718
-0.0162754
-0.0147512
-0.0132957
-0.0125954
-0.0128563
-0.0138587
-0.0151906
-0.0163989
-0.0170168
-0.0168658
-0.0163028
-0.0160145
-0.0166324
-0.0182664
-0.0207517
-0.0238275
-0.027274
-0.0308716
-0.0345928
-0.0385336
-0.0427079
-0.0470195
-0.0514821
-0.056549
-0.0628378
-0.0708431
-0.080606
-0.0916184
-0.102796
-0.112943
-0.121676
-0.129915
-0.139293
-0.150965
-0.164888
-0.179979
-0.194877
-0.208691
-0.22131
-0.233228
-0.245078
-0.257326
-0.270096
-0.283031
-0.295431
-0.306759
-0.31703
-0.32671
-0.336226
-0.345659
-0.354832
-0.363537
-0.371666
-0.379081
-0.385603
-0.391315
-0.396698
-0.402314
-0.408054
-0.412997
-0.416073
-0.417089
-0.416801
-0.416045
-0.415084
-0.413793
-0.412352
-0.411143
-0.410306
-0.409482
-0.408068
-0.405665
-0.402108
-0.397316
-0.391604
-0.385699
-0.380495
-0.376527
-0.373616
-0.371034
-0.368027
-0.364238
-0.359857
-0.355408
-0.35144
-0.348227
-0.345632
-0.343037
-0.339741
-0.335539
-0.330967
-0.326944
-0.324376
-0.323593
-0.324197
-0.325255
-0.325722
-0.325076
-0.323511
-0.321726
-0.320517
-0.32027
-0.320888
-0.321918
-0.323003
-0.324033
-0.32509
-0.326188
-0.327328
-0.328468
-0.329594
-0.330761
-0.33223
-0.334441
-0.337558
-0.340936
-0.34349
-0.344643
-0.344959
-0.345453
-0.346565
-0.348021
-0.34938
-0.350506
-0.351605
-0.352854
-0.354228
-0.355477
-0.356287
-0.356521
-0.35637
-0.356342
-0.356809
-0.357743
-0.358882
-0.360091
-0.361368
-0.362645
-0.363592
-0.363812
-0.363084
-0.361587
-0.359816
-0.358333
-0.357537
-0.357578
-0.358182
-0.358841
-0.359157
-0.359102
-0.358937
-0.358869
-0.358896
-0.3588
-0.358388
-0.357578
-0.35637
-0.354955
-0.353719
-0.353005
-0.352951
-0.353404
-0.354035
-0.354406
-0.354022
-0.35269
-0.350754
-0.34901
-0.348021
-0.347788
-0.347897
-0.347911
-0.34776
-0.347595
-0.34754
-0.34765
-0.347842
-0.347939
-0.34765
-0.346813
-0.345618
-0.344465
-0.343572
-0.342872
-0.342254
-0.341815
-0.341828
-0.342432
-0.343352
-0.343874
-0.343476
-0.342226
-0.340881
-0.340222
-0.340592
-0.341691
-0.342886
-0.343833
-0.344588
-0.345275
-0.345618
-0.345179
-0.343998
-0.34268
-0.341938
-0.342048
-0.342652
-0.343023
-0.342638
-0.341499
-0.340084
-0.339247
-0.339727
-0.341677
-0.3443
-0.346332
-0.346923
-0.346373
-0.345604
-0.345192
-0.34489
-0.344121
-0.342707
-0.341004
-0.339604
-0.338917
-0.338835
-0.338986
-0.339082
-0.339082
-0.338931
-0.338327
-0.337132
-0.33569
-0.334647
-0.334276
-0.334276
-0.33418
-0.33385
-0.333548
-0.333617
-0.334207
-0.335182
-0.336006
-0.336061
-0.335155
-0.333699
-0.332313
-0.33142
-0.330967
-0.330788
-0.330761
-0.330706
-0.330486
-0.330061
-0.329594
-0.329292
-0.329182
-0.329113
-0.328866
-0.32855
-0.328564
-0.329154
-0.329882
-0.329937
-0.329003
-0.327534
-0.326243
-0.325419
-0.324884
-0.324417
-0.323978
-0.323703
-0.323854
-0.324445
-0.32509
-0.325255
-0.324774
-0.323909
-0.323003
-0.322193
-0.321657
-0.321657
-0.322193
-0.322714
-0.322536
-0.321479
-0.320174
-0.319529
-0.320009
-0.321369
-0.322824
-0.323634
-0.323593
-0.323003
-0.322275
-0.321575
-0.320833
-0.3199
-0.318787
-0.317703
-0.316865
-0.316343
-0.316
-0.315684
-0.315423
-0.315341
-0.315327
-0.315149
-0.314723
-0.314338
-0.314283
-0.314435
-0.314297
-0.31346
-0.311908
-0.310205
-0.309079
-0.308887
-0.309423
-0.310164
-0.310741
-0.31107
-0.311153
-0.310878
-0.310027
-0.308544
-0.306676
-0.30507
-0.304617
-0.305784
-0.308036
-0.309944
-0.310082
-0.308022
-0.304576
-0.301253
-0.299481
-0.299852
-0.301843
-0.304136
-0.305317
-0.304905
-0.303436
-0.301788
-0.300497
-0.29955
-0.29885
-0.298369
-0.2983
-0.298616
-0.299014
-0.299124
-0.299069
-0.299248
-0.299866
-0.300621
-0.300868
-0.300085
-0.298177
-0.29565
-0.293302
-0.291915
-0.291654
-0.292053
-0.292698
-0.293494
-0.294373
-0.29506
-0.295087
-0.294401
-0.293316
-0.292272
-0.291394
-0.290597
-0.289952
-0.289636
-0.289677
-0.289787
-0.289622
-0.289169
-0.28862
-0.288084
-0.287508
-0.286849
-0.286217
-0.285736
-0.28542
-0.285228
-0.285091
-0.284858
-0.284308
-0.283361
-0.282235
-0.281315
-0.280848
-0.280724
-0.280642
-0.280505
-0.280422
-0.280422
-0.280422
-0.280367
-0.280148
-0.279516
-0.278239
-0.276385
-0.27449
-0.273337
-0.273323
-0.274202
-0.275273
-0.275877
-0.275864
-0.275493
-0.275081
-0.274738
-0.274298
-0.273722
-0.2732
-0.272939
-0.272747
-0.272239
-0.271319
-0.270426
-0.270165
-0.270742
-0.271717
-0.272376
-0.272321
-0.271662
-0.270687
-0.269685
-0.268806
-0.268092
-0.267446
-0.266815
-0.26632
-0.266375
-0.267227
-0.268559
-0.269575
-0.26941
-0.267831
-0.2654
-0.263107
-0.261666
-0.26135
-0.262036
-0.263272
-0.264316
-0.264494
-0.263739
-0.262489
-0.26135
-0.260649
-0.260265
-0.259908
-0.259427
-0.258837
-0.25826
-0.25778
-0.257464
-0.257313
-0.257258
-0.257093
-0.256489
-0.255253
-0.253454
-0.251628
-0.250502
-0.250516
-0.251367
-0.252246
-0.252562
-0.252342
-0.252054
-0.251999
-0.252136
-0.252191
-0.25193
-0.251326
-0.250722
-0.250584
-0.250914
-0.251175
-0.250845
-0.249967
-0.249115
-0.248744
-0.248978
-0.24961
-0.250365
-0.250941
-0.251189
-0.251326
-0.251916
-0.253454
-0.255706
-0.257821
-0.258919
-0.258947
-0.258494
-0.258301
-0.258686
-0.259647
-0.26102
-0.262695
-0.264535
-0.266499
-0.268517
-0.27033
-0.271483
-0.271593
-0.270783
-0.269781
-0.26952
-0.270536
-0.272609
-0.274957
-0.276811
-0.277882
-0.278418
-0.278775
-0.279063
-0.2792
-0.279173
-0.279077
-0.278953
-0.278706
-0.278157
-0.277429
-0.277017
-0.277292
-0.277992
-0.278267
-0.277264
-0.274696
-0.27114
-0.267748
-0.265634
-0.265153
-0.26573
-0.26643
-0.266691
-0.266485
-0.266238
-0.266293
-0.266568
-0.266581
-0.265936
-0.264769
-0.263602
-0.26275
-0.262174
-0.261638
-0.261006
-0.260292
-0.25951
-0.258507
-0.257272
-0.256159
-0.255555
-0.255459
-0.2555
-0.255404
-0.255418
-0.255953
-0.256887
-0.25745
-0.256928
-0.255322
-0.253289
-0.251628
-0.25079
-0.250818
-0.251285
-0.251573
-0.251175
-0.250269
-0.249733
-0.250392
-0.252191
-0.254209
-0.255555
-0.255912
-0.2555
-0.254525
-0.25318
-0.251724
-0.250516
-0.249761
-0.249321
-0.249019
-0.248758
-0.248593
-0.248593
-0.248662
-0.248511
-0.247783
-0.246493
-0.245023
-0.24398
-0.243595
-0.243636
-0.243636
-0.243458
-0.243376
-0.243636
-0.243993
-0.244021
-0.243527
-0.242799
-0.242208
-0.241824
-0.241398
-0.240753
-0.239957
-0.239242
-0.238748
-0.238597
-0.238858
-0.239407
-0.239847
-0.239888
-0.239792
-0.240094
-0.240959
-0.241728
-0.241453
-0.239929
-0.237869
-0.236359
-0.235878
-0.236098
-0.236304
-0.236029
-0.235288
-0.234423
-0.23386
-0.233874
-0.23445
-0.235082
-0.235164
-0.234464
-0.233352
-0.232555
-0.232473
-0.232995
-0.233599
-0.23375
-0.233118
-0.231759
-0.230276
-0.229521
-0.229919
-0.230908
-0.231471
-0.231031
-0.229864
-0.228669
-0.227749
-0.226926
-0.225951
-0.224866
-0.223836
-0.222889
-0.222024
-0.221502
-0.221873
-0.223314
-0.225154
-0.226157
-0.225429
-0.223122
-0.220225
-0.217877
-0.216861
-0.217328
-0.218907
-0.220815
-0.222271
-0.222696
-0.222024
-0.220486
-0.218536
-0.216641
-0.215103
-0.214046
-0.213538
-0.213675
-0.214513
-0.215858
-0.217163
-0.217533
-0.216174
-0.213112
-0.209446
-0.206713
-0.205958
-0.207194
-0.209679
-0.212371
-0.214265
-0.214719
-0.213661
-0.211519
-0.209034
-0.206988
-0.205766
-0.205258
-0.205107
-0.205162
-0.205697
-0.20707
-0.209103
-0.211011
-0.211808
-0.211203
-0.209803
-0.208443
-0.207441
-0.206576
-0.205546
-0.204557
-0.204159
-0.20464
-0.205546
-0.206288
-0.206617
-0.206741
-0.206672
-0.206123
-0.204942
-0.203486
-0.202443
-0.202127
-0.202457
-0.203226
-0.204187
-0.205011
-0.205272
-0.20464
-0.203226
-0.201482
-0.199903
-0.198818
-0.198461
-0.198928
-0.200012
-0.201138
-0.201495
-0.20063
-0.1989
-0.197266
-0.196662
-0.19739
-0.198873
-0.200095
-0.200342
-0.199669
-0.198584
-0.197513
-0.19647
-0.195426
-0.194493
-0.193902
-0.193751
-0.193971
-0.19441
-0.194822
-0.194904
-0.194561
-0.193902
-0.193147
-0.19235
-0.191568
-0.19095
-0.190867
-0.191362
-0.192048
-0.192364
-0.191966
-0.190881
-0.189604
-0.188698
-0.188423
-0.188519
-0.188629
-0.188616
-0.188739
-0.189302
-0.190401
-0.191746
-0.192666
-0.192502
-0.19117
-0.189426
-0.188162
-0.187847
-0.188162
-0.188561
-0.188808
-0.18889
-0.188616
-0.187613
-0.185801
-0.183727
-0.182285
-0.181791
-0.181736
-0.181407
-0.180748
-0.180336
-0.180459
-0.180638
-0.180212
-0.179141
-0.178084
-0.177658
-0.177974
-0.178606
-0.179114
-0.179388
-0.179635
-0.180102
-0.180638
-0.180748
-0.180061
-0.178798
-0.177631
-0.17704
-0.177013
-0.177136
-0.177123
-0.176889
-0.176477
-0.176024
-0.175653
-0.175392
-0.175159
-0.174884
-0.174651
-0.174569
-0.174569
-0.174404
-0.173978
-0.173594
-0.173703
-0.174363
-0.175214
-0.175777
-0.175804
-0.175269
-0.174335
-0.173182
-0.172069
-0.171246
-0.170861
-0.170738
-0.170381
-0.169296
-0.167456
-0.165479
-0.164298
-0.164504
-0.165836
-0.167428
-0.168293
-0.16806
-0.166989
-0.165492
-0.163927
-0.162568
-0.161648
-0.161208
-0.161071
-0.161043
-0.161139
-0.16151
-0.162156
-0.16287
-0.163227
-0.162856
-0.161648
-0.160055
-0.15875
-0.158283
-0.158695
-0.159629
-0.160645
-0.161359
-0.161551
-0.161263
-0.160782
-0.160384
-0.160123
-0.159959
-0.159725
-0.159148
-0.157981
-0.156361
-0.154933
-0.154411
-0.154988
-0.156155
-0.157102
-0.157267
-0.156649
-0.155771
-0.155194
-0.155057
-0.155015
-0.154768
-0.154343
-0.154013
-0.154027
-0.154384
-0.154919
-0.155372
-0.155468
-0.155139
-0.154809
-0.155029
-0.155812
-0.156485
-0.15632
-0.155098
-0.153285
-0.151679
-0.150827
-0.1508
-0.151322
-0.152022
-0.152695
-0.153203
-0.153299
-0.15275
-0.151528
-0.150072
-0.149029
-0.148781
-0.149207
-0.149784
-0.149962
-0.149564
-0.14874
-0.147889
-0.147381
-0.147436
-0.147848
-0.148177
-0.147958
-0.147175
-0.146406
-0.146282
-0.1469
-0.147724
-0.147999
-0.147367
-0.145966
-0.144332
-0.143097
-0.142644
-0.142904
-0.143618
-0.144566
-0.145445
-0.145788
-0.145349
-0.144429
-0.143742
-0.143715
-0.144181
-0.144689
-0.144992
-0.145101
-0.145033
-0.144717
-0.144058
-0.143042
-0.14171
-0.140378
-0.139417
-0.139046
-0.13906
-0.139197
-0.139376
-0.139609
-0.139829
-0.140035
-0.140268
-0.14057
-0.140886
-0.141312
-0.141833
-0.142149
-0.141669
-0.140144
-0.137934
-0.135874
-0.134762
-0.134954
-0.136162
-0.137687
-0.138771
-0.13906
-0.138703
-0.138291
-0.138387
-0.139224
-0.140405
-0.141202
-0.140982
-0.139774
-0.138373
-0.137577
-0.13759
-0.137879
-0.137796
-0.137247
-0.136657
-0.136396
-0.136465
-0.136478
-0.136149
-0.135682
-0.135572
-0.136066
-0.136808
-0.137165
-0.136876
-0.136149
-0.135325
-0.134625
-0.134281
-0.134377
-0.134748
-0.134858
-0.134213
-0.132812
-0.131192
-0.130052
-0.12975
-0.130093
-0.13056
-0.130752
-0.130601
-0.130244
-0.12975
-0.129022
-0.127965
-0.126688
-0.125686
-0.125562
-0.126509
-0.127965
-0.128899
-0.128734
-0.127704
-0.126496
-0.125534
-0.124834
-0.124285
-0.123804
-0.123392
-0.123049
-0.122843
-0.122939
-0.123379
-0.123942
-0.124175
-0.123694
-0.122555
-0.121195
-0.12022
-0.120015
-0.120591
-0.121566
-0.122376
-0.12261
-0.122225
-0.121635
-0.121305
-0.121374
-0.121525
-0.121319
-0.120632
-0.119671
-0.118779
-0.118326
-0.118532
-0.11941
-0.120742
-0.122198
-0.12342
-0.124052
-0.123667
-0.122239
-0.120317
-0.118834
-0.118449
-0.119095
-0.120166
-0.120962
-0.121072
-0.120591
-0.119822
-0.118998
-0.118161
-0.117406
-0.11709
-0.117598
-0.11893
-0.120426
-0.121154
-0.120564
-0.118902
-0.116898
-0.115154
-0.113849
-0.113012
-0.112861
-0.113602
-0.114961
-0.116293
-0.116966
-0.116733
-0.115717
-0.114275
-0.112916
-0.111982
-0.111625
-0.111762
-0.112298
-0.113094
-0.114
-0.114769
-0.115209
-0.115236
-0.114879
-0.11433
-0.113808
-0.113465
-0.113286
-0.113163
-0.113094
-0.113218
-0.113671
-0.114357
-0.114838
-0.114632
-0.11352
-0.111693
-0.109744
-0.108439
-0.108343
-0.109469
-0.111172
-0.112407
-0.112435
-0.111419
-0.110169
-0.109634
-0.110101
-0.111144
-0.112119
-0.11271
-0.112916
-0.112874
-0.1126
-0.112078
-0.111336
-0.110554
-0.109991
-0.109895
-0.110197
-0.110691
-0.111089
-0.11124
-0.111021
-0.110375
-0.109442
-0.10859
-0.108123
-0.108082
-0.10837
-0.108796
-0.109112
-0.109181
-0.109016
-0.108659
-0.108082
-0.107148
-0.10583
-0.104292
-0.103029
-0.102754
-0.103716
-0.105391
-0.106764
-0.107148
-0.106613
-0.105652
-0.104718
-0.104045
-0.103743
-0.103757
-0.103839
-0.103798
-0.103688
-0.103578
-0.103276
-0.102645
-0.101917
-0.10167
-0.102205
-0.103084
-0.103551
-0.103276
-0.102658
-0.102397
-0.102727
-0.103194
-0.103194
-0.102562
-0.101628
-0.10086
-0.100516
-0.100557
-0.10086
-0.101175
-0.101285
-0.100997
-0.100338
-0.0995551
-0.0989097
-0.0986076
-0.0985801
-0.0986076
-0.0984703
-0.0981545
-0.0978249
-0.0976327
-0.0975091
-0.0973855
-0.0974404
-0.0979485
-0.0989646
-0.100036
-0.100489
-0.0998297
-0.0979348
-0.0952572
-0.0927718
-0.0915635
-0.0921402
-0.0940488
-0.0960948
-0.0972345
-0.0972207
-0.0965479
-0.0959026
-0.0956142
-0.0955593
-0.0953945
-0.0950375
-0.094653
-0.094447
-0.0945569
-0.0949414
-0.0954632
-0.0959026
-0.0960536
-0.0959712
-0.0958614
-0.0958614
-0.0958339
-0.0956417
-0.0951473
-0.0944608
-0.093733
-0.0931975
-0.0929092
-0.0927581
-0.092662
-0.0927444
-0.09317
-0.0938978
-0.0946256
-0.0949551
-0.0945844
-0.0935683
-0.0923736
-0.0917145
-0.0919068
-0.0925521
-0.0929503
-0.0928405
-0.0924698
-0.0921539
-0.0919205
-0.0916733
-0.091385
-0.0910554
-0.0905886
-0.0899158
-0.0892017
-0.0889271
-0.0894626
-0.0906023
-0.0915223
-0.0913163
-0.0899158
-0.0881994
-0.0872931
-0.0876364
-0.0888859
-0.0902728
-0.0911241
-0.0911653
-0.090671
-0.0903963
-0.0908083
-0.0916047
-0.0920716
-0.091742
-0.0909319
-0.090259
-0.0899844
-0.0897784
-0.0892567
-0.0883092
-0.0872244
-0.0864555
-0.0863319
-0.0866889
-0.0869635
-0.0867301
-0.0861534
-0.0857689
-0.0859474
-0.0865241
-0.0870597
-0.0871832
-0.08684
-0.0862221
-0.085563
-0.0850549
-0.0847528
-0.0848489
-0.0855767
-0.0868812
-0.0883504
-0.0893528
-0.0894077
-0.0883229
-0.0863182
-0.0840388
-0.08224
-0.0813887
-0.0814436
-0.0820752
-0.0828305
-0.0834621
-0.0839839
-0.0845057
-0.085
-0.0853158
-0.0853158
-0.0850686
-0.0846979
-0.084231
-0.0835857
-0.0828167
-0.0821027
-0.0815947
-0.0813475
-0.0813612
-0.0814848
-0.0815123
-0.0811827
-0.0805511
-0.079892
-0.0794251
-0.0791642
-0.0791093
-0.0794251
-0.0803039
-0.0815809
-0.0825558
-0.0825696
-0.0815672
-0.0802627
-0.0795487
-0.0797272
-0.0804275
-0.0810179
-0.0813338
-0.0814573
-0.0813475
-0.0808257
-0.080043
-0.07948
-0.0796997
-0.0807708
-0.0821988
-0.0831875
-0.0830364
-0.0815672
-0.079329
-0.0772281
-0.0759099
-0.075498
-0.0757864
-0.0765278
-0.0775165
-0.0784639
-0.0791368
-0.0794663
-0.079686
-0.0801803
-0.0809218
-0.0813887
-0.0808944
-0.0793565
-0.0775714
-0.0764866
-0.0763905
-0.0767475
-0.0769398
-0.0768437
-0.0766789
-0.0765828
-0.0765141
-0.0764043
-0.0762258
-0.0759511
-0.0755667
-0.0751273
-0.0746879
-0.0743858
-0.0743034
-0.0745505
-0.0751273
-0.0758275
-0.0763768
-0.0765416
-0.0762669
-0.0757589
-0.0754431
-0.0754156
-0.0753607
-0.0748801
-0.0740974
-0.0734795
-0.0732735
-0.0733285
-0.0734383
-0.0735894
-0.0739601
-0.0745368
-0.0750861
-0.0753332
-0.0751959
-0.074784
-0.0742759
-0.0736992
-0.0729577
-0.0719828
-0.0709392
-0.0701291
-0.0696897
-0.0695936
-0.0697996
-0.0700742
-0.0700193
-0.06947
-0.068907
-0.0689894
-0.0698133
-0.070596
-0.0707333
-0.0704998
-0.0708294
-0.0722162
-0.0740425
-0.0750449
-0.0743583
-0.0723536
-0.0702252
-0.0690443
-0.068962
-0.0694288
-0.069676
-0.0694151
-0.068962
-0.0688384
-0.0692503
-0.0699094
-0.0702801
-0.0701154
-0.069676
-0.0694837
-0.0696348
-0.0697034
-0.0694563
-0.069113
-0.0690855
-0.069319
-0.0693052
-0.0688109
-0.0680694
-0.0675202
-0.0672593
-0.0669709
-0.0663942
-0.0655978
-0.0648975
-0.0645817
-0.0647327
-0.0652545
-0.0660509
-0.067067
-0.068042
-0.0686873
-0.0688796
-0.0686599
-0.0680694
-0.0670808
-0.065845
-0.0648426
-0.0644032
-0.0644307
-0.064568
-0.0646778
-0.0649113
-0.0654468
-0.0663668
-0.0676163
-0.0690855
-0.070541
-0.0716121
-0.0719004
-0.0711864
-0.0696348
-0.0677811
-0.0662706
-0.0654056
-0.0651035
-0.0650623
-0.0651309
-0.0653781
-0.0658587
-0.0664629
-0.0669709
-0.0671906
-0.0670121
-0.0665178
-0.065845
-0.0651584
-0.0645817
-0.064156
-0.0639913
-0.064156
-0.0645954
-0.0652408
-0.065996
