LECROYHDO9204-MSöv,30454,Waveform
Segments,1,SegmentSize,2002
Ampl
-0.0111262
-0.0107692
-0.0110438
-0.0118265
-0.0129661
-0.0142843
-0.015273
-0.0153691
-0.0143805
-0.0127602
-0.0112772
-0.0105357
-0.0108103
-0.0119226
-0.0132682
-0.0140097
-0.0135978
-0.0122659
-0.0107417
-0.00967066
-0.00936857
-0.00972558
-0.0103709
-0.0108378
-0.0108927
-0.0106868
-0.0104671
-0.0103298
-0.0103435
-0.0106318
-0.0114283
-0.0125679
-0.0135154
-0.0137076
-0.0130623
-0.0119775
-0.0111262
-0.0109202
-0.0113596
-0.0121423
-0.0128563
-0.0131446
-0.0128014
-0.0119638
-0.0112497
-0.0111948
-0.0117578
-0.0123345
-0.0124993
-0.0123482
-0.0122384
-0.0121972
-0.0121011
-0.0119638
-0.0119912
-0.012307
-0.0128563
-0.0134467
-0.0138175
-0.0138037
-0.0134605
-0.0130073
-0.0125954
-0.0122659
-0.0120462
-0.0120736
-0.0123894
-0.0128288
-0.0132682
-0.0137351
-0.0142294
-0.014559
-0.0144491
-0.0137763
-0.012719
-0.0116068
-0.0107142
-0.0101787
-0.00997274
-0.0101238
-0.0107554
-0.0118539
-0.0130897
-0.0138587
-0.0139273
-0.0135978
-0.0133094
-0.0131584
-0.013076
-0.013076
-0.0133094
-0.0137488
-0.0140784
-0.0138999
-0.0131035
-0.0121972
-0.0118676
-0.0122933
-0.0130073
-0.0133506
-0.0131309
-0.0126778
-0.012362
-0.0121148
-0.011799
-0.0114694
-0.0114283
-0.0119775
-0.013282
-0.0149709
-0.0162342
-0.0162891
-0.0151219
-0.0135017
-0.0122384
-0.0116617
-0.0116479
-0.0119775
-0.0123482
-0.0126503
-0.0129387
-0.0133232
-0.0136802
-0.01379
-0.0136115
-0.0133369
-0.013227
-0.0134193
-0.0138587
-0.0143118
-0.0144491
-0.0141058
-0.0135291
-0.0132957
-0.0137351
-0.0146139
-0.0153554
-0.0155888
-0.015273
-0.0146139
-0.0138861
-0.013433
-0.0135017
-0.0139548
-0.0144491
-0.01471
-0.01471
-0.0144903
-0.014147
-0.0137214
-0.0133506
-0.0131858
-0.0133643
-0.0139548
-0.014916
-0.0160282
-0.017113
-0.0179094
-0.0181291
-0.0175936
-0.0163303
-0.0146414
-0.0131309
-0.0124993
-0.0132545
-0.0150396
-0.0168109
-0.0175249
-0.0170992
-0.0162479
-0.0156712
-0.015424
-0.0153416
-0.0154103
-0.0157398
-0.0162067
-0.0165637
-0.016756
-0.0169757
-0.017264
-0.0173739
-0.0170718
-0.0164264
-0.0157673
-0.0154378
-0.0153966
-0.0154652
-0.0155613
-0.0158085
-0.0162342
-0.0164401
-0.0158772
-0.0146276
-0.0135154
-0.0135291
-0.014861
-0.0167697
-0.0182938
-0.0190491
-0.0192138
-0.0190353
-0.0185547
-0.0177721
-0.0169482
-0.0164951
-0.0166186
-0.0170855
-0.0173601
-0.0171404
-0.0165363
-0.0159046
-0.0154652
-0.015273
-0.0153279
-0.0156575
-0.0163715
-0.0175112
-0.0186646
-0.0189804
-0.0178544
-0.0156575
-0.0135703
-0.0125679
-0.0127602
-0.0135978
-0.0145178
-0.0152043
-0.0155201
-0.0155339
-0.0154652
-0.015424
-0.0153691
-0.0150533
-0.0143667
-0.013584
-0.0131172
-0.0133369
-0.0141333
-0.0149572
-0.0151219
-0.0143805
-0.0131309
-0.01195
-0.0112497
-0.0111811
-0.0116891
-0.0124718
-0.0131309
-0.0135291
-0.0137214
-0.0138037
-0.0136527
-0.0133506
-0.0131309
-0.0131446
-0.0131858
-0.0130073
-0.0126366
-0.0123345
-0.0122384
-0.0122659
-0.0122109
-0.0119088
-0.0112635
-0.0103709
-0.00951961
-0.00908022
-0.00919007
-0.00984916
-0.0107829
-0.011593
-0.0118402
-0.011593
-0.0114283
-0.0119088
-0.0128288
-0.0134193
-0.0129387
-0.0112909
-0.00909395
-0.00739128
-0.00702054
-0.00806411
-0.00986289
-0.011593
-0.0127464
-0.0131996
-0.0131996
-0.0131584
-0.013282
-0.0134193
-0.0132545
-0.0128426
-0.0125542
-0.0126503
-0.0129661
-0.0131035
-0.0128014
-0.0121285
-0.0114694
-0.011442
-0.012362
-0.0137626
-0.0147375
-0.0147512
-0.0140921
-0.0133918
-0.0129661
-0.0128014
-0.0129387
-0.0134193
-0.0141745
-0.0149297
-0.0153279
-0.0151219
-0.0143118
-0.013227
-0.0122796
-0.0117715
-0.011799
-0.0122933
-0.0129936
-0.0135429
-0.0136664
-0.013282
-0.0126091
-0.012005
-0.0117578
-0.0121011
-0.0131721
-0.0147649
-0.0162754
-0.0170168
-0.0166873
-0.0155339
-0.0140784
-0.012925
-0.0122933
-0.0119775
-0.0115244
-0.0108653
-0.0103572
-0.0103023
-0.0106593
-0.0111948
-0.0117441
-0.0121972
-0.0123757
-0.0122109
-0.0119363
-0.0118951
-0.012156
-0.0124581
-0.0126091
-0.0127464
-0.0132408
-0.0143805
-0.0158497
-0.0168933
-0.0167971
-0.0157536
-0.0146414
-0.0143393
-0.0148748
-0.0156987
-0.0161243
-0.0159046
-0.0151082
-0.014202
-0.0137351
-0.0140509
-0.0150396
-0.0161381
-0.0165637
-0.0158772
-0.0142431
-0.0124169
-0.011236
-0.0110987
-0.0116891
-0.012307
-0.0124169
-0.0120462
-0.0117029
-0.0119088
-0.0126778
-0.0135703
-0.0141196
-0.0143118
-0.0144217
-0.0146414
-0.0146825
-0.0141608
-0.0130485
-0.0118265
-0.0110575
-0.0111948
-0.0121423
-0.0133643
-0.0141608
-0.0142981
-0.0141882
-0.0143118
-0.0146551
-0.0147924
-0.0143255
-0.0133094
-0.0122521
-0.0118402
-0.0123757
-0.0135154
-0.0144628
-0.0147512
-0.0144217
-0.0138312
-0.013227
-0.0127464
-0.0124306
-0.012307
-0.0123208
-0.0125679
-0.013076
-0.0137214
-0.0142157
-0.0145178
-0.0149434
-0.0156987
-0.016701
-0.0176897
-0.0184724
-0.018898
-0.0187058
-0.0178682
-0.0167285
-0.0158222
-0.0153554
-0.015067
-0.0146002
-0.01379
-0.012925
-0.012513
-0.0128975
-0.0139136
-0.0151219
-0.0163577
-0.0177034
-0.0192688
-0.0209165
-0.0225093
-0.0239648
-0.0253379
-0.0269033
-0.0291415
-0.0323134
-0.0361307
-0.0399479
-0.0435455
-0.0474314
-0.0524983
-0.0591441
-0.0669984
-0.0751547
-0.0827481
-0.0893116
-0.095065
-0.100695
-0.106819
-0.113684
-0.121168
-0.129036
-0.137041
-0.144854
-0.152187
-0.159107
-0.166014
-0.173429
-0.181448
-0.189604
-0.197115
-0.203514
-0.208924
-0.21395
-0.219113
-0.224536
-0.229919
-0.234739
-0.238597
-0.241371
-0.243156
-0.244309
-0.245367
-0.246808
-0.248703
-0.250571
-0.25171
-0.25182
-0.251298
-0.250763
-0.250557
-0.250475
-0.249967
-0.248621
-0.246451
-0.243801
-0.241192
-0.238995
-0.23721
-0.235425
-0.233283
-0.230715
-0.228038
-0.225594
-0.223548
-0.221667
-0.219524
-0.216806
-0.213675
-0.210709
-0.208443
-0.206974
-0.206013
-0.205093
-0.203885
-0.202333
-0.200658
-0.199202
-0.198214
-0.197706
-0.197541
-0.197664
-0.198049
-0.198667
-0.199298
-0.199779
-0.199958
-0.199834
-0.199353
-0.198626
-0.197939
-0.197623
-0.19787
-0.198571
-0.199477
-0.200369
-0.201262
-0.202264
-0.20339
-0.204557
-0.205642
-0.20659
-0.207523
-0.208553
-0.209597
-0.210517
-0.211286
-0.211876
-0.212165
-0.212082
-0.21189
-0.211945
-0.212384
-0.212934
-0.213345
-0.213579
-0.213826
-0.214128
-0.214252
-0.21395
-0.213442
-0.213236
-0.213744
-0.214677
-0.215378
-0.215158
-0.213881
-0.212
-0.210352
-0.209528
-0.209597
-0.210228
-0.211066
-0.211972
-0.21281
-0.213318
-0.213153
-0.212219
-0.210819
-0.209432
-0.208443
-0.208045
-0.208237
-0.208855
-0.209734
-0.210558
-0.210997
-0.210778
-0.209981
-0.209157
-0.208965
-0.209569
-0.210544
-0.211162
-0.211039
-0.210297
-0.209418
-0.208842
-0.208649
-0.208691
-0.208787
-0.208897
-0.208938
-0.208814
-0.208512
-0.208169
-0.208018
-0.208251
-0.208979
-0.210077
-0.21108
-0.2113
-0.210517
-0.209281
-0.208594
-0.20902
-0.210256
-0.211341
-0.211574
-0.210984
-0.210215
-0.209693
-0.209363
-0.209144
-0.209185
-0.209597
-0.210228
-0.210613
-0.210544
-0.210187
-0.209885
-0.209885
-0.210297
-0.211066
-0.212
-0.212714
-0.212975
-0.212755
-0.212219
-0.211341
-0.21016
-0.208842
-0.207798
-0.207386
-0.207523
-0.207757
-0.207798
-0.207784
-0.208059
-0.208691
-0.209281
-0.209322
-0.208608
-0.207372
-0.206233
-0.205615
-0.205546
-0.205532
-0.205024
-0.203967
-0.202772
-0.201825
-0.201262
-0.200878
-0.200452
-0.19993
-0.199559
-0.199546
-0.199889
-0.200342
-0.200713
-0.201001
-0.201399
-0.202113
-0.203157
-0.204159
-0.204544
-0.203816
-0.202113
-0.200191
-0.19901
-0.199202
-0.20074
-0.20291
-0.204805
-0.205642
-0.205052
-0.203129
-0.200452
-0.198049
-0.196827
-0.196937
-0.197664
-0.19809
-0.198049
-0.198104
-0.198832
-0.199999
-0.200672
-0.200191
-0.198653
-0.196744
-0.19511
-0.194122
-0.193902
-0.194424
-0.195467
-0.196648
-0.197637
-0.198241
-0.198406
-0.198159
-0.19761
-0.196909
-0.196154
-0.195426
-0.194767
-0.194177
-0.193696
-0.19338
-0.193188
-0.19301
-0.192735
-0.192282
-0.191746
-0.191389
-0.191485
-0.19198
-0.192392
-0.192076
-0.190799
-0.189
-0.187558
-0.18705
-0.187421
-0.188204
-0.18889
-0.189124
-0.188739
-0.18786
-0.186995
-0.186789
-0.187503
-0.188602
-0.189165
-0.188574
-0.187133
-0.185705
-0.184977
-0.185155
-0.185952
-0.18694
-0.187654
-0.187641
-0.186803
-0.18543
-0.183892
-0.182546
-0.181723
-0.181668
-0.182327
-0.183109
-0.183096
-0.181819
-0.179759
-0.178029
-0.177548
-0.178235
-0.179292
-0.179937
-0.180061
-0.180061
-0.180294
-0.180706
-0.180885
-0.180473
-0.179512
-0.178482
-0.177933
-0.177905
-0.177905
-0.177411
-0.176367
-0.175283
-0.174898
-0.175585
-0.177164
-0.17888
-0.179828
-0.179388
-0.177438
-0.174527
-0.17174
-0.170202
-0.170545
-0.172344
-0.174239
-0.174926
-0.173937
-0.171973
-0.170257
-0.169776
-0.170847
-0.173003
-0.175228
-0.176354
-0.175791
-0.1738
-0.171314
-0.169378
-0.168554
-0.168705
-0.169323
-0.169969
-0.170353
-0.170257
-0.169515
-0.16817
-0.166714
-0.165849
-0.166069
-0.167291
-0.168911
-0.170243
-0.170765
-0.170257
-0.16887
-0.167099
-0.165671
-0.165135
-0.16552
-0.166453
-0.167346
-0.167662
-0.167154
-0.166083
-0.165053
-0.164559
-0.164421
-0.164037
-0.163089
-0.162087
-0.16184
-0.162664
-0.164037
-0.165108
-0.165273
-0.164407
-0.162993
-0.16173
-0.161098
-0.161057
-0.161249
-0.161318
-0.161139
-0.160728
-0.160261
-0.159904
-0.159821
-0.160013
-0.160371
-0.160714
-0.160879
-0.160673
-0.159849
-0.15827
-0.156361
-0.154919
-0.154686
-0.155496
-0.156416
-0.15654
-0.155771
-0.154837
-0.154645
-0.15551
-0.156993
-0.158283
-0.158778
-0.158448
-0.15772
-0.157006
-0.156416
-0.155716
-0.154864
-0.154178
-0.153986
-0.154356
-0.15496
-0.155345
-0.155249
-0.1547
-0.153999
-0.153354
-0.152942
-0.152805
-0.152969
-0.153189
-0.153052
-0.152283
-0.151102
-0.150045
-0.149495
-0.149413
-0.149592
-0.149935
-0.150388
-0.150855
-0.151239
-0.151363
-0.151143
-0.150594
-0.149894
-0.149344
-0.14918
-0.149372
-0.149633
-0.149646
-0.149303
-0.148685
-0.14782
-0.146777
-0.145664
-0.144731
-0.144264
-0.144305
-0.144566
-0.144593
-0.14425
-0.143811
-0.143673
-0.143975
-0.144552
-0.145088
-0.14517
-0.144525
-0.14333
-0.142163
-0.141573
-0.141586
-0.141875
-0.142218
-0.142479
-0.142561
-0.142273
-0.141518
-0.140419
-0.139224
-0.138414
-0.138387
-0.139197
-0.140419
-0.14149
-0.142108
-0.142108
-0.141408
-0.140076
-0.138579
-0.137645
-0.137645
-0.138222
-0.138579
-0.138195
-0.137096
-0.135737
-0.134583
-0.13391
-0.133732
-0.133732
-0.13354
-0.133032
-0.132606
-0.132702
-0.133389
-0.134226
-0.134707
-0.134693
-0.134501
-0.134597
-0.135146
-0.135874
-0.136259
-0.135902
-0.134762
-0.133087
-0.131343
-0.129942
-0.129228
-0.129338
-0.130162
-0.13126
-0.132016
-0.132029
-0.13148
-0.131027
-0.131096
-0.13148
-0.131714
-0.131727
-0.131878
-0.132345
-0.132853
-0.132977
-0.132867
-0.133045
-0.133801
-0.134666
-0.134858
-0.134034
-0.132524
-0.130999
-0.129983
-0.129571
-0.12953
-0.129475
-0.129269
-0.129077
-0.129146
-0.129503
-0.129846
-0.129874
-0.12942
-0.128514
-0.127361
-0.126317
-0.125823
-0.126125
-0.127045
-0.127979
-0.12824
-0.12758
-0.126441
-0.125562
-0.125383
-0.125644
-0.125686
-0.125068
-0.123928
-0.122871
-0.122445
-0.122788
-0.123502
-0.123997
-0.124079
-0.123914
-0.123804
-0.123846
-0.124038
-0.12434
-0.124807
-0.125425
-0.125946
-0.126194
-0.126125
-0.125768
-0.125081
-0.124065
-0.122871
-0.121882
-0.121209
-0.120797
-0.120619
-0.120838
-0.12158
-0.122541
-0.123063
-0.122582
-0.121195
-0.119712
-0.11904
-0.119548
-0.120756
-0.121923
-0.122637
-0.122871
-0.122761
-0.122308
-0.121415
-0.120069
-0.118545
-0.117309
-0.116815
-0.117213
-0.118024
-0.118435
-0.11801
-0.117049
-0.11628
-0.116293
-0.117145
-0.118477
-0.119685
-0.120234
-0.119877
-0.118792
-0.117639
-0.117145
-0.117488
-0.118161
-0.118298
-0.117433
-0.115964
-0.114989
-0.115277
-0.11665
-0.117969
-0.118037
-0.116609
-0.114522
-0.11297
-0.112462
-0.112751
-0.113369
-0.114041
-0.114673
-0.115044
-0.114934
-0.114357
-0.113671
-0.11341
-0.113849
-0.114714
-0.115401
-0.115373
-0.114536
-0.113218
-0.111954
-0.111158
-0.111076
-0.111721
-0.112545
-0.11271
-0.11179
-0.110265
-0.109098
-0.1087
-0.108645
-0.108316
-0.107643
-0.107093
-0.107093
-0.107547
-0.108055
-0.108233
-0.107986
-0.107313
-0.106434
-0.10583
-0.105816
-0.106242
-0.106599
-0.106476
-0.105926
-0.10524
-0.1048
-0.104663
-0.104608
-0.10432
-0.103647
-0.102864
-0.102439
-0.102548
-0.102892
-0.10296
-0.102548
-0.101876
-0.101271
-0.100791
-0.10042
-0.100297
-0.100654
-0.101532
-0.102466
-0.102699
-0.101725
-0.0998846
-0.0980309
-0.0968363
-0.0963557
-0.0962458
-0.0961497
-0.0959712
-0.095724
-0.0954357
-0.0951885
-0.0952297
-0.0957927
-0.0969461
-0.0984016
-0.0996924
-0.100324
-0.100063
-0.0989783
-0.0974679
-0.0962046
-0.0957927
-0.096493
-0.0978798
-0.0989646
-0.0989509
-0.0978661
-0.0963557
-0.0951748
-0.0947629
-0.095216
-0.0962458
-0.0973306
-0.0980584
-0.0983604
-0.0984428
-0.0984291
-0.0981957
-0.097564
-0.0965617
-0.0955044
-0.0948178
-0.0946942
-0.094859
-0.0947629
-0.0940763
-0.0931975
-0.0928405
-0.0934172
-0.0945569
-0.095573
-0.09593
-0.0956005
-0.0950512
-0.0949688
-0.0956554
-0.0966715
-0.097207
-0.096699
-0.0953258
-0.0938978
-0.0935271
-0.0947491
-0.0970422
-0.0989921
-0.0993765
-0.0979897
-0.095724
-0.0937605
-0.0928405
-0.0929503
-0.0935683
-0.0940076
-0.0939665
-0.093733
-0.0937742
-0.0942685
-0.0949139
-0.0952709
-0.0952572
-0.0949963
-0.0945981
-0.0940626
-0.0934721
-0.09317
-0.0933486
-0.093788
-0.0940214
-0.0937742
-0.0933623
-0.0931975
-0.093225
-0.093019
-0.0923736
-0.0916871
-0.0914399
-0.0916184
-0.0916733
-0.0911241
-0.0899432
-0.0885564
-0.0875815
-0.0875265
-0.0885014
-0.0900531
-0.0913575
-0.0917969
-0.0912065
-0.0898334
-0.0881444
-0.0866615
-0.0857689
-0.0854806
-0.085508
-0.0856454
-0.0857415
-0.0856316
-0.0851236
-0.0843546
-0.0839015
-0.0843684
-0.0858376
-0.08776
-0.0893528
-0.0899844
-0.0893802
-0.0877737
-0.0859474
-0.084794
-0.0848627
-0.0860161
-0.0874304
-0.0881719
-0.0878561
-0.0869773
-0.0864006
-0.0865791
-0.087197
-0.0875265
-0.0870734
-0.0859749
-0.0848901
-0.0844645
-0.0849313
-0.0860024
-0.0871146
-0.0878149
-0.0877737
-0.0869635
-0.0856179
-0.0842036
-0.0832149
-0.0828579
-0.0830914
-0.0836818
-0.0843546
-0.0849451
-0.0853158
-0.0854531
-0.0851648
-0.0842585
-0.0827481
-0.0810454
-0.0796997
-0.079123
-0.0794251
-0.080455
-0.0818143
-0.0829952
-0.0836131
-0.0836269
-0.0832699
-0.0826794
-0.0818281
-0.0806472
-0.0793015
-0.0781481
-0.0776538
-0.0780383
-0.079123
-0.0804138
-0.0813338
-0.0816908
-0.0815809
-0.0812102
-0.0806335
-0.0799469
-0.0794251
-0.079178
-0.0790544
-0.0789583
-0.0789445
-0.0791917
-0.0796311
-0.0800018
-0.0801254
-0.0800018
-0.0797547
-0.079535
-0.0795624
-0.0799606
-0.0804962
-0.080757
-0.0803726
-0.0794526
-0.0783816
-0.0776675
-0.0776126
-0.0780795
-0.0785875
-0.0786562
-0.0781619
-0.0774753
-0.0770908
-0.0773517
-0.0781619
-0.0792054
-0.0801391
-0.0806884
-0.0806472
-0.0800156
-0.0790956
-0.0783129
-0.0778048
-0.0772693
-0.0762395
-0.0747702
-0.0733971
-0.0727518
-0.0729715
-0.0737953
-0.0747977
-0.0756216
-0.0759511
-0.0756765
-0.0750586
-0.0745368
-0.0744407
-0.0747977
-0.0753607
-0.0757864
-0.0757452
-0.0752096
-0.074578
-0.0743446
-0.0746741
-0.0753195
-0.0757864
-0.0756628
-0.0749625
-0.0741935
-0.0739876
-0.0745231
-0.0753607
-0.0760884
-0.0765828
-0.0768849
-0.0768986
-0.0765278
-0.0759099
-0.0752371
-0.0746192
-0.0739464
-0.0732873
-0.0729715
-0.0733834
-0.0745917
-0.0761296
-0.0771732
-0.0771457
-0.0761571
-0.0749762
-0.0743446
-0.0745368
-0.0753058
-0.0761846
-0.076775
-0.076775
-0.0760472
-0.0744819
-0.0722025
-0.0698545
-0.0684402
-0.0686324
-0.070033
-0.0715571
-0.0723398
-0.0723398
-0.0720927
-0.0719142
-0.0718318
-0.0717219
-0.0715434
-0.0713237
-0.0712413
-0.0712551
-0.0710766
-0.070239
-0.0687148
-0.0670945
-0.0662294
-0.0665041
-0.0676026
-0.0687834
-0.0693876
-0.069113
-0.068193
-0.0672044
-0.0666826
-0.0667512
-0.0670945
-0.0672044
-0.0666826
-0.065433
-0.0638265
-0.0626181
-0.062371
-0.0630987
-0.0643757
-0.065639
-0.0665315
-0.0670945
-0.0674927
-0.067836
-0.0679596
-0.0675614
-0.0665453
-0.0651996
-0.0641011
-0.0637853
-0.0644719
-0.0658724
-0.0673417
-0.0681655
-0.0680282
-0.0671769
-0.066202
-0.0654742
-0.0650623
-0.0647739
-0.0644444
-0.0639363
-0.0633871
-0.0630575
-0.0630438
-0.0631674
-0.0633047
-0.0636068
-0.0642384
-0.0649524
-0.0652545
-0.0648014
-0.0637029
-0.0623435
-0.0611901
-0.0605859
-0.0605585
-0.0609429
-0.0614373
-0.0617668
-0.0617256
-0.0612038
-0.0605173
-0.0602289
-0.0606683
-0.0614922
-0.0619728
-0.0617393
-0.0610665
-0.0606271
-0.0609292
-0.0619316
-0.0631949
-0.0641423
-0.0644993
-0.0642933
-0.0636068
-0.0625632
-0.0613549
-0.0601877
-0.0590755
-0.0578809
-0.0567137
-0.0560821
-0.056343
-0.057263
-0.0582791
-0.059048
-0.0596247
-0.0600641
-0.060325
-0.0602838
-0.059968
-0.059611
-0.0595698
-0.0600092
-0.0607232
-0.061094
-0.0607232
-0.0598032
-0.0588558
-0.0582791
-0.0580868
-0.0580182
-0.0578397
-0.0574277
-0.0570295
-0.0569472
-0.0572218
-0.0573866
-0.0569197
-0.0556839
-0.054146
-0.0531299
-0.0534457
-0.0552308
-0.0577161
-0.0596247
-0.0602564
-0.0597483
-0.058691
-0.0575788
-0.0568373
-0.0568098
-0.05762
-0.0588421
-0.0597209
-0.059817
-0.059254
-0.0584439
-0.0577985
-0.0575101
-0.0574689
-0.0573454
-0.0568785
-0.0561919
-0.055629
-0.0554642
-0.0556702
-0.056137
-0.0566725
-0.0569609
-0.0568098
-0.0562881
-0.0558212
-0.0558075
-0.0563842
-0.0572904
-0.0580457
-0.0581967
-0.0576749
-0.0567961
-0.0559448
-0.0553543
-0.0551209
-0.055272
-0.055629
-0.0559036
-0.0560272
-0.056137
-0.0563567
-0.056549
-0.0566451
-0.0568236
-0.0572492
-0.0576474
-0.057414
-0.056137
-0.0541048
-0.0522236
-0.0515233
-0.0524021
-0.0542558
-0.0557525
-0.0558487
-0.0544481
-0.0524433
-0.0510702
-0.0512487
-0.0530475
-0.0555878
-0.05762
-0.0583615
-0.0577848
-0.0564116
-0.0548326
-0.0538027
-0.0539812
-0.0555054
-0.0577024
-0.0594874
-0.0601877
-0.0597895
-0.0586773
-0.0573591
-0.0563293
-0.0557937
-0.0554779
-0.0549012
-0.053995
-0.0533221
-0.0534732
-0.0544618
-0.0556839
-0.0564254
-0.0563979
-0.0560134
-0.055931
-0.0562743
-0.0564116
-0.0556976
-0.0542284
-0.0526493
-0.0515645
-0.0511938
-0.0514135
-0.0518803
-0.0522374
-0.052306
-0.0519353
-0.0509741
-0.0494637
-0.0478846
-0.047198
-0.0480082
-0.0500541
-0.0524159
-0.0541048
-0.0544618
-0.0534457
-0.0518117
-0.0506857
-0.0506445
-0.0512762
-0.051743
-0.0514821
-0.0505072
-0.0492989
-0.048475
-0.0483926
-0.0489419
-0.0497246
-0.0503562
-0.0506033
-0.0503425
-0.049546
-0.0485437
-0.0476923
-0.047198
-0.0470195
-0.0472117
-0.0478708
-0.048832
-0.0496422
-0.0501365
-0.0505896
-0.0510839
-0.0511938
-0.0506033
-0.0495872
-0.0488458
-0.0485711
-0.0484475
-0.0480219
-0.0473079
-0.0466625
-0.0464016
-0.0464565
-0.0465938
-0.0465664
-0.0464153
-0.0463467
-0.0465938
-0.047198
-0.0481043
-0.0491478
-0.0500404
-0.0505622
-0.0506995
-0.050672
-0.0506445
-0.0504935
-0.0500129
-0.0492714
-0.0485574
-0.0482004
-0.048324
-0.048832
-0.0493538
-0.0495323
-0.0492989
-0.0489007
-0.0485986
-0.0482828
-0.0477198
-0.0469097
-0.0462231
-0.0460858
-0.04669
-0.0478571
-0.0490105
-0.0494087
-0.0487908
-0.0476374
-0.0466625
-0.0461819
-0.0460995
-0.0461819
-0.0461956
-0.0460583
-0.0458524
-0.0458661
-0.0463192
-0.0473079
-0.0486398
-0.0498619
-0.0501639
-0.0490655
-0.0469508
-0.0448912
-0.0439986
-0.0445891
-0.0462368
-0.0481455
-0.0497108
-0.0507407
-0.0513311
-0.0514547
-0.050878
-0.0495049
-0.0478434
-0.0466625
-0.0463467
-0.0466213
-0.0469646
-0.0471156
-0.0471431
-0.0471019
-0.0468685
-0.0463055
-0.0452482
-0.0438751
-0.0427766
-0.0425981
-0.0434631
-0.0448088
-0.0458386
-0.0460721
-0.045413
-0.0439849
-0.0422685
-0.0409778
-0.0407169
-0.0415545
-0.0430649
-0.0446028
-0.0454541
-0.0451933
-0.0440124
-0.0427628
-0.0424058
-0.0432984
-0.0450697
-0.046992
-0.0483652
-0.0488183
-0.0483102
-0.0471568
-0.0457974
-0.0445342
-0.0436828
-0.0434769
-0.0439574
-0.0447813
-0.0455228
-0.045921
-0.0460721
-0.0462094
-0.0465526
-0.046992
-0.047198
-0.0469234
-0.0464565
-0.0462231
-0.0462368
-0.0459759
-0.0450834
-0.0439437
-0.0433121
-0.0435318
-0.0444655
-0.0457562
-0.047047
-0.0478708
-0.047761
-0.0465801
-0.0447539
-0.0432984
-0.0430924
-0.0442183
-0.0458798
-0.0469508
-0.0469646
-0.0462506
-0.0454679
-0.0450971
-0.045207
-0.0456876
-0.0463329
-0.0469234
-0.0473765
-0.0476511
-0.0476099
-0.0470332
-0.0458661
-0.0445891
-0.0439163
-0.0441909
-0.045001
-0.0455915
-0.0453992
-0.0445479
-0.0436142
-0.0431336
-0.0431748
-0.0433395
-0.043367
-0.0433121
-0.0435181
-0.0441085
-0.0448637
-0.0452756
-0.0450285
-0.0443557
-0.0438064
-0.0437515
-0.0440124
-0.044136
-0.0439986
-0.0439437
-0.0443282
-0.0449598
-0.0453443
-0.0451521
-0.0444792
-0.0436554
-0.0430787
-0.0429688
-0.0432297
-0.0434494
-0.0432297
-0.0425569
-0.0417879
-0.0412661
-0.0410602
-0.0410876
-0.0412249
-0.0413211
-0.0411837
-0.0406482
-0.0396184
-0.0383414
-0.0373939
-0.037339
-0.038259
-0.0396321
-0.040813
-0.0413897
-0.0413348
-0.0408267
-0.0401814
-0.0397008
-0.0394948
-0.0394399
-0.0394399
-0.039385
-0.0392065
-0.0389318
-0.0388494
-0.0392751
-0.0399754
-0.0401676
-0.0392339
-0.0373527
-0.035499
-0.0346752
-0.0353617
-0.037133
-0.038973
-0.0399617
-0.0398244
-0.0390691
-0.0385062
-0.0387259
-0.0397694
-0.0411426
-0.0420488
-0.0420351
-0.041376
-0.0408267
-0.0407993
-0.041019
-0.0410464
-0.0408267
-0.0407718
-0.0412249
-0.04209
-0.042804
-0.0427903
-0.0419115
-0.0408267
-0.0403187
-0.0406482
-0.0412661
-0.0414996
-0.0411151
-0.0404011
-0.0398793
-0.0399067
-0.0404697
