LECROYHDO9204-MSöv,30454,Waveform
Segments,1,SegmentSize,2002
Ampl
-0.0135429
-0.0145315
-0.015479
-0.0156437
-0.0148748
-0.0138037
-0.0134055
-0.014202
-0.015836
-0.0175524
-0.0185547
-0.0184998
-0.0174562
-0.0159733
-0.0146551
-0.0139273
-0.0138861
-0.0143393
-0.0150396
-0.015781
-0.0163852
-0.0166598
-0.0164676
-0.0159595
-0.0156025
-0.015836
-0.0165363
-0.0169757
-0.0165912
-0.0155201
-0.0143393
-0.0133918
-0.0126091
-0.0121148
-0.0121972
-0.0129112
-0.0138312
-0.0144766
-0.0148061
-0.0151082
-0.0155476
-0.0158634
-0.0156025
-0.0145727
-0.0132682
-0.0126366
-0.0132133
-0.0144079
-0.0149434
-0.0141196
-0.0124993
-0.0112772
-0.0112772
-0.0125267
-0.0143667
-0.0160007
-0.0168521
-0.0167971
-0.0162204
-0.0155613
-0.015067
-0.01471
-0.0143805
-0.0138999
-0.0131996
-0.0124444
-0.0119226
-0.0118127
-0.0120187
-0.0123345
-0.0125817
-0.0126778
-0.0126503
-0.0127739
-0.0131721
-0.0136802
-0.013996
-0.0139411
-0.0135566
-0.0128975
-0.0121423
-0.0116754
-0.0118539
-0.0124444
-0.0128426
-0.0126366
-0.0119775
-0.0112909
-0.0109202
-0.0109614
-0.011442
-0.0122933
-0.0131584
-0.0136802
-0.0137214
-0.0135017
-0.0133506
-0.0134742
-0.0138724
-0.0142843
-0.0143393
-0.0139548
-0.0134879
-0.0133232
-0.0135154
-0.0138861
-0.0142843
-0.0146825
-0.0150396
-0.0152867
-0.0152867
-0.014861
-0.0139548
-0.0128563
-0.0121285
-0.0121972
-0.0131035
-0.0144628
-0.0155064
-0.0155339
-0.0144079
-0.0126366
-0.0109889
-0.00993155
-0.00954708
-0.00980797
-0.010673
-0.0119638
-0.0132408
-0.0141196
-0.0144491
-0.0143255
-0.0138724
-0.0134055
-0.0133232
-0.0137351
-0.0141882
-0.0141745
-0.0136802
-0.0133232
-0.0137214
-0.0149846
-0.0164539
-0.0172915
-0.0170718
-0.0160831
-0.0151219
-0.0148473
-0.0154103
-0.0163715
-0.0170718
-0.0169894
-0.0160282
-0.0146688
-0.0135429
-0.0130897
-0.0133232
-0.0140509
-0.0149297
-0.0155201
-0.0155613
-0.0151769
-0.0146963
-0.014353
-0.0141333
-0.0141745
-0.0146963
-0.0156437
-0.0164951
-0.0167148
-0.0161106
-0.0151357
-0.0146139
-0.015067
-0.0162067
-0.017058
-0.0168246
-0.0156163
-0.0142706
-0.013433
-0.0130623
-0.0129387
-0.0131996
-0.0140509
-0.0152043
-0.0160831
-0.0163577
-0.0162342
-0.0161792
-0.0164539
-0.0169482
-0.017264
-0.0169619
-0.0160007
-0.0148061
-0.0139823
-0.0138999
-0.0145727
-0.0156712
-0.0165774
-0.01655
-0.0153416
-0.0135978
-0.0126091
-0.0132408
-0.0152593
-0.0174974
-0.0186234
-0.0180741
-0.0163166
-0.0144491
-0.0135566
-0.0139136
-0.0150533
-0.0162479
-0.0170443
-0.0174151
-0.0174425
-0.0172091
-0.0167148
-0.0160419
-0.0153966
-0.0148473
-0.0143118
-0.0138999
-0.0140921
-0.015273
-0.0170306
-0.0182801
-0.0183213
-0.0173189
-0.0161381
-0.015273
-0.01471
-0.0141882
-0.0135978
-0.013076
-0.0127464
-0.0127053
-0.0128014
-0.012925
-0.0131996
-0.0138999
-0.0149984
-0.0160145
-0.0164401
-0.0160694
-0.0150945
-0.0138587
-0.0127327
-0.0120187
-0.011799
-0.0118951
-0.0120873
-0.0122659
-0.0125954
-0.0132545
-0.0142981
-0.0154652
-0.0162754
-0.016344
-0.0158085
-0.0150945
-0.0146002
-0.0144079
-0.0144079
-0.0142981
-0.0137763
-0.012719
-0.0114969
-0.0107142
-0.010673
-0.0111124
-0.0115656
-0.0117715
-0.0118951
-0.0121285
-0.0126091
-0.0131584
-0.0134605
-0.0132545
-0.0126091
-0.0118539
-0.0113047
-0.0110026
-0.0108653
-0.0109477
-0.0115244
-0.0129112
-0.0150533
-0.0173052
-0.0187607
-0.0188431
-0.0178133
-0.0164813
-0.0156849
-0.015836
-0.0167834
-0.0178682
-0.0181565
-0.0171404
-0.0152043
-0.0133781
-0.0125405
-0.0128151
-0.0136252
-0.014353
-0.0147924
-0.0151219
-0.0154927
-0.015781
-0.0158085
-0.0156575
-0.0155201
-0.0153691
-0.0148336
-0.0137214
-0.0125267
-0.012005
-0.0125542
-0.01379
-0.0150396
-0.0157948
-0.0159321
-0.0156987
-0.0153966
-0.0152455
-0.0151494
-0.0148336
-0.0141745
-0.0134193
-0.0130073
-0.0131721
-0.0138312
-0.0146002
-0.0150258
-0.0148748
-0.0142569
-0.0133781
-0.0124993
-0.0119226
-0.0118814
-0.0122659
-0.0125817
-0.0124032
-0.0118539
-0.0114557
-0.0114008
-0.0114557
-0.0113184
-0.0110026
-0.0107966
-0.0108515
-0.011236
-0.012005
-0.0131721
-0.014559
-0.0156849
-0.0160419
-0.015479
-0.0143805
-0.0134193
-0.0131721
-0.0138999
-0.0155613
-0.0179094
-0.0204359
-0.0224956
-0.0237451
-0.0246102
-0.0258597
-0.0278233
-0.0301301
-0.0324919
-0.0349772
-0.0378059
-0.0409091
-0.0439986
-0.0468547
-0.0493675
-0.0514409
-0.0533496
-0.0555878
-0.0584439
-0.0615608
-0.064362
-0.0666139
-0.0686461
-0.0708843
-0.0734521
-0.0759649
-0.0779696
-0.0794526
-0.0808806
-0.0827755
-0.0851098
-0.0871421
-0.0881719
-0.0881307
-0.0877737
-0.0879385
-0.088831
-0.0898883
-0.0904375
-0.090314
-0.0899432
-0.089751
-0.0898059
-0.0899569
-0.0901355
-0.0902178
-0.0899295
-0.089037
-0.0876226
-0.0861259
-0.0850137
-0.0845194
-0.0844507
-0.0843134
-0.0836131
-0.0821851
-0.0805099
-0.0792603
-0.078615
-0.0782442
-0.0777362
-0.0770634
-0.0763905
-0.0759099
-0.075855
-0.0764866
-0.0776813
-0.0788484
-0.0792878
-0.0786424
-0.0771183
-0.0752508
-0.0738228
-0.0733834
-0.0738228
-0.0745505
-0.0751135
-0.0755529
-0.0760884
-0.0768574
-0.0779284
-0.0793153
-0.0808532
-0.0823773
-0.0840388
-0.0862495
-0.0891743
-0.0926345
-0.0965617
-0.101217
-0.106791
-0.113053
-0.119465
-0.125658
-0.131631
-0.137494
-0.143358
-0.149344
-0.155757
-0.163076
-0.171864
-0.182134
-0.193023
-0.203226
-0.212027
-0.219978
-0.22823
-0.237485
-0.24755
-0.25778
-0.267762
-0.27747
-0.286931
-0.29609
-0.304933
-0.313624
-0.322385
-0.331145
-0.339645
-0.347499
-0.35453
-0.36086
-0.366641
-0.371886
-0.376335
-0.379671
-0.38191
-0.383489
-0.38504
-0.386867
-0.388926
-0.390835
-0.392098
-0.392318
-0.39148
-0.390052
-0.388555
-0.387251
-0.386084
-0.384903
-0.383557
-0.381731
-0.379095
-0.37558
-0.371529
-0.367602
-0.364498
-0.362411
-0.36086
-0.358814
-0.355559
-0.35133
-0.347074
-0.343613
-0.341293
-0.340002
-0.339315
-0.338464
-0.336816
-0.3344
-0.331942
-0.330061
-0.328839
-0.327973
-0.327328
-0.326861
-0.326518
-0.326216
-0.325845
-0.325378
-0.324843
-0.324472
-0.324431
-0.324609
-0.324664
-0.324472
-0.324321
-0.324705
-0.32579
-0.327342
-0.32888
-0.330047
-0.330857
-0.33175
-0.333068
-0.334798
-0.336624
-0.338368
-0.340029
-0.34143
-0.34224
-0.342281
-0.341883
-0.341512
-0.341499
-0.341856
-0.342597
-0.343915
-0.345783
-0.347788
-0.349243
-0.349641
-0.348914
-0.347348
-0.345522
-0.344135
-0.343764
-0.344588
-0.346263
-0.347939
-0.348804
-0.348639
-0.347842
-0.34695
-0.346346
-0.346305
-0.346868
-0.347499
-0.347307
-0.34581
-0.3436
-0.341952
-0.341691
-0.342515
-0.34349
-0.343874
-0.3436
-0.343119
-0.342954
-0.343133
-0.34338
-0.343531
-0.343682
-0.343929
-0.344108
-0.343806
-0.342858
-0.341485
-0.340098
-0.339109
-0.338849
-0.339343
-0.340194
-0.340785
-0.340606
-0.339631
-0.338354
-0.337297
-0.336583
-0.335979
-0.335251
-0.334606
-0.334372
-0.334606
-0.335004
-0.335155
-0.334935
-0.334455
-0.333974
-0.333672
-0.333699
-0.334084
-0.334743
-0.335471
-0.33613
-0.336569
-0.33672
-0.336679
-0.336569
-0.336555
-0.336624
-0.336885
-0.337379
-0.338038
-0.338588
-0.338739
-0.338231
-0.336899
-0.334976
-0.333233
-0.332711
-0.333905
-0.336185
-0.338258
-0.338917
-0.337723
-0.335127
-0.332299
-0.330514
-0.330418
-0.331502
-0.332683
-0.333109
-0.332642
-0.331612
-0.330555
-0.330006
-0.330116
-0.330418
-0.33017
-0.328962
-0.326957
-0.324747
-0.322962
-0.322028
-0.322014
-0.322659
-0.323566
-0.324348
-0.324802
-0.32498
-0.325117
-0.325351
-0.325433
-0.325008
-0.324088
-0.323099
-0.322495
-0.322454
-0.322838
-0.323332
-0.323456
-0.322989
-0.322083
-0.321314
-0.321108
-0.321643
-0.322701
-0.323785
-0.324239
-0.323607
-0.322151
-0.320627
-0.319639
-0.319268
-0.319089
-0.318828
-0.318705
-0.319021
-0.319707
-0.320147
-0.31979
-0.318883
-0.318211
-0.318279
-0.318664
-0.318403
-0.316934
-0.314517
-0.312032
-0.310356
-0.309958
-0.31059
-0.311427
-0.311729
-0.3114
-0.310933
-0.310658
-0.310411
-0.309876
-0.309107
-0.308461
-0.308242
-0.308461
-0.308777
-0.308777
-0.308132
-0.30702
-0.30599
-0.305482
-0.305592
-0.306031
-0.306443
-0.306525
-0.306168
-0.305537
-0.304933
-0.304411
-0.303807
-0.302928
-0.301967
-0.30117
-0.300525
-0.299866
-0.29911
-0.298383
-0.298012
-0.298163
-0.298685
-0.299083
-0.299097
-0.298932
-0.299056
-0.299481
-0.299687
-0.299303
-0.298493
-0.297737
-0.297353
-0.297216
-0.297092
-0.296721
-0.29598
-0.294922
-0.293824
-0.293028
-0.292753
-0.292877
-0.292959
-0.292547
-0.291641
-0.29068
-0.290103
-0.289938
-0.289869
-0.289718
-0.289512
-0.289169
-0.288579
-0.287769
-0.287137
-0.286986
-0.287206
-0.287384
-0.287096
-0.286244
-0.285132
-0.284267
-0.283965
-0.284226
-0.284816
-0.285489
-0.28597
-0.286025
-0.285475
-0.284404
-0.283018
-0.281562
-0.280175
-0.279049
-0.278596
-0.279049
-0.280134
-0.281095
-0.281246
-0.280409
-0.279063
-0.278006
-0.277951
-0.278939
-0.280107
-0.280203
-0.278665
-0.276138
-0.273996
-0.273172
-0.273516
-0.274147
-0.274326
-0.273982
-0.273598
-0.273447
-0.273282
-0.272747
-0.271799
-0.270879
-0.270302
-0.270138
-0.270206
-0.270453
-0.270811
-0.271085
-0.271154
-0.271071
-0.270962
-0.270714
-0.269987
-0.268723
-0.267364
-0.266485
-0.26643
-0.267103
-0.268105
-0.268861
-0.268957
-0.26849
-0.268078
-0.268105
-0.26816
-0.267433
-0.265593
-0.263176
-0.261116
-0.260128
-0.260237
-0.260787
-0.260869
-0.260018
-0.258617
-0.257505
-0.25723
-0.257546
-0.257766
-0.257354
-0.256324
-0.255116
-0.254141
-0.253592
-0.253331
-0.253056
-0.252644
-0.252205
-0.251916
-0.251683
-0.251244
-0.250461
-0.249445
-0.248525
-0.247934
-0.247756
-0.248017
-0.248525
-0.248896
-0.248841
-0.248442
-0.247989
-0.247564
-0.247014
-0.246314
-0.245888
-0.246314
-0.247646
-0.24917
-0.249761
-0.248772
-0.246589
-0.244405
-0.243334
-0.243691
-0.244872
-0.245957
-0.246314
-0.245902
-0.245174
-0.244598
-0.244199
-0.243678
-0.242785
-0.241659
-0.240533
-0.239407
-0.237993
-0.236222
-0.234478
-0.233475
-0.23353
-0.234327
-0.235233
-0.235659
-0.235288
-0.234217
-0.23283
-0.231745
-0.231388
-0.2318
-0.232487
-0.232871
-0.232706
-0.232185
-0.231718
-0.231553
-0.231649
-0.231732
-0.231484
-0.230729
-0.229466
-0.228024
-0.226884
-0.226472
-0.226829
-0.227571
-0.228244
-0.228615
-0.228711
-0.228628
-0.228367
-0.227763
-0.226761
-0.225388
-0.223905
-0.222696
-0.222161
-0.222326
-0.222793
-0.222998
-0.222696
-0.222037
-0.221502
-0.221474
-0.222078
-0.223177
-0.224358
-0.225223
-0.225539
-0.225292
-0.224605
-0.223658
-0.222532
-0.221378
-0.220568
-0.220664
-0.221845
-0.223561
-0.224536
-0.223822
-0.221584
-0.219085
-0.217533
-0.217094
-0.217108
-0.217012
-0.216792
-0.216696
-0.216641
-0.216408
-0.215982
-0.215611
-0.215405
-0.215227
-0.214856
-0.214183
-0.213318
-0.212577
-0.212343
-0.212879
-0.214046
-0.215254
-0.21568
-0.214911
-0.213236
-0.211505
-0.21038
-0.209871
-0.209487
-0.208828
-0.207839
-0.206933
-0.206507
-0.206796
-0.207606
-0.208361
-0.208361
-0.207455
-0.20615
-0.205024
-0.204297
-0.203843
-0.203596
-0.203583
-0.203816
-0.204104
-0.204242
-0.204091
-0.203528
-0.202512
-0.201193
-0.200081
-0.199738
-0.200383
-0.201605
-0.202553
-0.202319
-0.200672
-0.1982
-0.196072
-0.195261
-0.195893
-0.19728
-0.198488
-0.198941
-0.198694
-0.198255
-0.198172
-0.198667
-0.199298
-0.199298
-0.198282
-0.196703
-0.195591
-0.195728
-0.197088
-0.198873
-0.20004
-0.199958
-0.198735
-0.19706
-0.195687
-0.195083
-0.195207
-0.195522
-0.19544
-0.194657
-0.193463
-0.192447
-0.192062
-0.192309
-0.192611
-0.192309
-0.191101
-0.189439
-0.188204
-0.188053
-0.188959
-0.190236
-0.191128
-0.191376
-0.191183
-0.190675
-0.189769
-0.188423
-0.186899
-0.185773
-0.185526
-0.186116
-0.186968
-0.187311
-0.186803
-0.185663
-0.184441
-0.183494
-0.183
-0.183068
-0.183851
-0.185183
-0.186432
-0.186899
-0.18635
-0.18521
-0.184359
-0.184386
-0.185169
-0.186007
-0.186171
-0.185348
-0.183714
-0.18164
-0.179539
-0.177905
-0.177205
-0.177589
-0.178715
-0.179979
-0.180816
-0.180995
-0.180542
-0.179539
-0.178276
-0.17715
-0.176409
-0.175914
-0.175379
-0.174692
-0.174047
-0.173662
-0.17369
-0.174102
-0.174816
-0.175722
-0.176587
-0.17704
-0.176669
-0.175434
-0.173923
-0.172962
-0.172935
-0.173594
-0.174335
-0.17461
-0.174102
-0.17277
-0.170847
-0.168801
-0.167209
-0.166591
-0.167003
-0.167991
-0.16865
-0.168348
-0.167154
-0.16563
-0.164421
-0.163954
-0.164353
-0.165382
-0.166426
-0.166852
-0.16644
-0.165465
-0.164613
-0.16438
-0.164847
-0.165424
-0.165451
-0.16471
-0.163666
-0.163076
-0.163446
-0.164737
-0.166508
-0.16795
-0.16817
-0.166769
-0.16427
-0.161977
-0.160961
-0.161469
-0.162842
-0.163982
-0.164078
-0.163103
-0.161744
-0.160961
-0.161181
-0.161922
-0.162334
-0.161785
-0.160384
-0.158736
-0.157542
-0.157048
-0.157157
-0.157624
-0.158379
-0.159423
-0.16048
-0.161126
-0.161139
-0.160618
-0.159849
-0.159052
-0.158311
-0.157638
-0.157116
-0.156951
-0.157322
-0.158119
-0.158846
-0.159107
-0.158833
-0.158283
-0.15772
-0.157267
-0.156951
-0.156704
-0.156443
-0.156182
-0.156031
-0.156141
-0.156512
-0.15691
-0.156951
-0.156498
-0.155716
-0.154905
-0.154178
-0.153354
-0.152297
-0.151184
-0.150388
-0.150155
-0.150415
-0.15102
-0.15172
-0.152228
-0.152283
-0.151761
-0.150759
-0.149729
-0.149276
-0.149605
-0.150429
-0.151088
-0.151157
-0.150621
-0.149743
-0.148836
-0.148205
-0.148095
-0.148507
-0.149056
-0.149152
-0.148548
-0.147546
-0.146708
-0.146392
-0.146461
-0.146392
-0.145815
-0.144703
-0.143495
-0.14274
-0.142753
-0.143289
-0.143921
-0.144319
-0.144415
-0.144374
-0.144374
-0.144429
-0.144278
-0.143467
-0.14182
-0.139774
-0.138236
-0.13781
-0.138387
-0.139499
-0.14068
-0.14171
-0.142259
-0.142094
-0.141312
-0.140172
-0.13895
-0.1377
-0.136561
-0.135847
-0.135778
-0.136327
-0.137261
-0.138277
-0.138977
-0.138991
-0.138277
-0.13722
-0.136492
-0.136561
-0.137426
-0.138607
-0.13954
-0.139801
-0.139307
-0.138195
-0.13678
-0.135462
-0.134583
-0.134213
-0.134185
-0.134309
-0.134501
-0.13483
-0.135339
-0.135929
-0.136506
-0.137069
-0.137645
-0.138277
-0.138881
-0.139307
-0.139444
-0.13943
-0.139774
-0.140927
-0.142836
-0.14495
-0.146667
-0.147738
-0.148328
-0.148795
-0.149564
-0.150992
-0.153093
-0.155455
-0.157281
-0.158009
-0.157913
-0.158009
-0.159286
-0.16184
-0.164792
-0.167195
-0.168513
-0.168829
-0.168637
-0.168678
-0.169364
-0.170587
-0.171946
-0.173278
-0.174692
-0.176175
-0.17737
-0.177946
-0.177878
-0.177438
-0.176875
-0.176409
-0.176285
-0.176834
-0.178056
-0.179361
-0.179924
-0.17932
-0.177823
-0.176216
-0.175214
-0.175008
-0.175516
-0.17634
-0.176889
-0.17634
-0.174253
-0.170957
-0.167648
-0.165479
-0.164847
-0.165327
-0.166055
-0.166234
-0.165479
-0.163872
-0.162005
-0.160714
-0.160549
-0.161524
-0.163103
-0.16438
-0.164641
-0.163803
-0.162416
-0.161222
-0.160604
-0.16059
-0.160851
-0.160988
-0.16081
-0.160549
-0.160508
-0.160618
-0.16048
-0.159917
-0.15919
-0.158654
-0.158489
-0.158613
-0.158874
-0.159066
-0.159025
-0.158709
-0.158297
-0.158091
-0.158379
-0.159176
-0.160178
-0.160865
-0.160961
-0.1607
-0.160494
-0.160576
-0.160755
-0.160673
-0.160192
-0.159602
-0.159354
-0.159547
-0.15989
-0.159917
-0.159588
-0.159135
-0.158709
-0.158215
-0.157638
-0.157212
-0.157226
-0.157665
-0.158228
-0.158668
-0.159052
-0.159423
-0.159478
-0.158819
-0.157473
-0.156004
-0.155098
-0.155002
-0.155468
-0.156004
-0.156073
-0.155276
-0.153601
-0.151486
-0.149674
-0.148974
-0.149674
-0.151363
-0.153148
-0.15415
-0.153931
-0.152571
-0.150635
-0.148891
-0.147971
-0.14793
-0.148369
-0.148946
-0.149578
-0.150292
-0.150992
-0.151445
-0.151377
-0.150717
-0.149729
-0.148795
-0.148191
-0.147916
-0.147903
-0.148122
-0.148617
-0.149303
-0.14999
-0.150402
-0.150333
-0.149743
-0.148699
-0.147504
-0.146516
-0.145966
-0.145884
-0.146131
-0.146502
-0.146708
-0.146584
-0.146269
-0.146145
-0.146392
-0.146804
-0.147065
-0.14712
-0.14712
-0.147257
-0.147504
-0.147779
-0.147971
-0.14804
-0.147848
-0.147202
-0.146008
-0.144346
-0.142575
-0.141312
-0.141064
-0.141847
-0.143124
-0.144181
-0.144621
-0.144511
-0.14425
-0.144195
-0.144374
-0.144484
-0.144346
-0.144017
-0.143632
-0.14322
-0.142671
-0.141888
-0.140749
-0.139293
-0.137742
-0.136588
-0.136382
-0.137247
-0.138634
-0.139746
-0.14009
-0.139842
-0.139458
-0.139238
-0.139142
-0.138977
-0.138703
-0.138346
-0.137865
-0.137179
-0.136382
-0.13586
-0.136025
-0.136849
-0.137989
-0.138867
-0.139156
-0.138922
-0.138497
-0.138181
-0.137975
-0.137714
-0.137233
-0.136574
-0.135956
-0.135599
-0.135476
-0.135339
-0.134995
-0.134473
-0.133883
-0.133183
-0.132386
-0.131617
-0.131274
-0.131755
-0.133142
-0.135078
-0.136876
-0.137961
-0.138002
-0.137082
-0.135654
-0.134377
-0.133732
-0.133773
-0.13424
-0.134844
-0.135407
-0.135888
-0.13619
-0.136231
-0.135902
-0.135174
-0.134185
-0.133238
-0.132702
-0.132826
-0.133526
-0.134322
-0.134556
-0.133952
-0.132826
-0.131961
-0.131865
-0.132469
-0.1331
-0.133059
-0.132125
-0.130752
-0.129805
-0.129956
-0.131178
-0.132798
-0.133869
-0.133746
-0.132318
-0.130162
-0.128171
-0.127182
-0.127402
-0.128294
-0.128912
-0.128706
-0.127937
-0.127388
-0.127443
-0.127786
-0.1278
-0.127168
-0.126152
-0.125232
-0.124779
-0.124875
-0.125287
-0.125782
-0.126194
-0.126509
-0.126743
-0.126811
-0.126578
-0.125905
-0.124848
-0.123777
-0.122967
-0.12261
-0.122761
-0.123475
-0.124573
-0.125548
-0.125878
-0.125301
-0.123914
-0.122047
-0.120207
-0.118971
-0.118724
-0.11941
-0.120591
-0.121717
-0.122527
-0.122898
-0.122678
-0.121772
-0.120509
-0.119575
-0.119548
-0.120468
-0.121772
-0.122665
-0.122706
-0.122019
-0.121223
-0.12088
-0.121127
-0.121635
-0.122033
-0.122047
-0.121662
-0.121113
-0.120564
-0.119987
-0.119259
-0.118614
-0.118394
-0.11882
-0.119575
-0.120028
-0.119726
-0.118861
-0.118092
-0.117845
-0.117941
-0.118051
-0.118216
-0.118683
-0.119383
-0.119767
-0.119287
-0.117859
-0.115881
-0.114096
-0.11308
-0.112819
-0.112833
-0.112764
-0.112806
-0.113465
-0.114838
-0.116458
-0.117708
-0.118422
-0.118792
-0.119012
-0.11893
-0.118271
-0.117021
-0.115607
-0.114591
-0.114302
-0.114563
-0.114838
-0.114769
-0.114412
-0.114151
-0.114357
-0.11503
-0.115758
-0.116115
-0.115936
-0.115442
-0.114961
-0.114659
-0.114412
-0.114
-0.113424
-0.112984
-0.113121
-0.113932
-0.114975
-0.115497
-0.114961
-0.113465
-0.111858
-0.111103
-0.111501
-0.112462
-0.113149
-0.113121
-0.112531
-0.111844
-0.111419
-0.111323
-0.111281
-0.110787
-0.109387
-0.107148
-0.104855
-0.103633
-0.104265
-0.10653
-0.10929
-0.11113
-0.110966
-0.1087
-0.105487
-0.103249
-0.10329
-0.105253
-0.107602
-0.108796
-0.108412
-0.106888
-0.104938
-0.103235
-0.102233
-0.102137
-0.102892
-0.104196
-0.105487
-0.10616
-0.105913
-0.104938
-0.103633
-0.102452
-0.101793
-0.101903
-0.102603
-0.103304
-0.103345
-0.102699
-0.102013
-0.101972
-0.10259
-0.103139
-0.102768
-0.101285
-0.0993903
-0.0980446
-0.0978112
-0.0984566
-0.0992942
-0.0997473
-0.0997336
-0.0995688
-0.0997748
-0.10053
-0.101738
-0.103057
-0.104018
-0.104169
-0.103208
-0.101285
-0.0990333
-0.0973169
-0.0967951
-0.0974954
-0.098896
-0.100173
-0.100708
-0.100434
-0.0996786
-0.0990058
-0.098841
-0.099253
-0.0999945
-0.10053
-0.100448
-0.0997061
-0.09869
-0.0979897
-0.0978661
-0.0981407
-0.0983742
-0.0983055
-0.0978798
-0.0971933
-0.096493
-0.0961634
-0.0964243
-0.0970972
-0.0976876
-0.0977563
-0.0973443
-0.0967264
-0.0961634
-0.0956966
-0.0952435
-0.0949002
-0.0947491
-0.0947903
-0.0948727
-0.0947766
-0.0943647
-0.0937605
-0.0932524
-0.0931838
-0.0935957
-0.0940763
-0.0938703
-0.0923736
-0.089902
-0.0876501
-0.0868537
-0.0876913
-0.0893802
-0.0909731
-0.0920853
-0.0927169
-0.0926757
-0.0917832
-0.0902316
-0.0887898
-0.0882268
-0.0886388
-0.0893665
-0.0895862
-0.0891056
-0.0885564
-0.0885564
-0.0891056
-0.0897235
-0.0899707
-0.0898059
-0.0893253
-0.088625
-0.0878423
-0.0873206
-0.0873343
-0.0879385
-0.0889134
-0.0899569
-0.0907946
-0.0912065
-0.0909593
-0.0900256
-0.0887349
-0.087705
-0.0874029
-0.0878561
-0.0886388
-0.0892979
-0.0895999
-0.0895862
-0.0892155
-0.0884328
-0.0875265
-0.087197
-0.0879385
-0.089394
-0.0907534
-0.091385
-0.0912889
-0.0907946
-0.0902728
-0.0898196
-0.0894626
-0.089188
-0.0890095
-0.0888173
-0.0884191
-0.08776
-0.0872382
-0.0872244
-0.0877188
-0.0881444
-0.0880483
-0.0874579
-0.0869361
-0.0869086
-0.0874029
-0.0879247
-0.0878561
-0.0869498
-0.0855355
-0.0843821
-0.0839839
-0.0842173
-0.0845881
-0.0847528
-0.0847254
-0.0846567
-0.0845331
-0.0842997
-0.0839427
-0.0836406
-0.0836406
-0.0839015
-0.0840663
-0.0836955
-0.0826794
-0.0813063
-0.0800018
-0.0789033
-0.0781481
-0.0779147
-0.0783541
-0.0792603
-0.0801254
-0.0805785
-0.0805511
-0.0803314
-0.0803176
-0.0806884
-0.0813063
-0.0818693
-0.0823499
-0.0828305
-0.0831737
-0.0829952
-0.0819654
-0.0803039
-0.0785738
-0.0774341
-0.0772831
-0.0781756
-0.0796036
-0.0807433
-0.0808806
-0.0798508
-0.0781207
-0.0765004
-0.0756902
-0.0758275
-0.0765278
-0.0773105
-0.0778735
-0.0780383
-0.0776538
-0.0768711
-0.0761571
-0.0759511
-0.0762532
-0.076569
-0.0766102
-0.0765553
-0.0767887
-0.0771457
-0.0771183
-0.0764043
-0.0753195
-0.0743171
-0.0736718
