LECROYHDO9204-MSöv,30454,Waveform
Segments,1,SegmentSize,2002
Ampl
-0.0184724
-0.0184586
-0.0176759
-0.0168933
-0.0167148
-0.0170992
-0.0174425
-0.0172915
-0.0167148
-0.0162204
-0.0162616
-0.0168933
-0.017827
-0.0187332
-0.0193374
-0.0195022
-0.0192413
-0.0188431
-0.0184861
-0.0181016
-0.0174837
-0.0167148
-0.0161243
-0.015781
-0.0153966
-0.0147924
-0.0142294
-0.0141882
-0.0147237
-0.015424
-0.0158497
-0.0158909
-0.015781
-0.0157398
-0.0158634
-0.0161106
-0.0164813
-0.0171679
-0.0181977
-0.0191177
-0.0191864
-0.0181428
-0.0164401
-0.0149022
-0.0140646
-0.0140097
-0.0144903
-0.0151631
-0.0157124
-0.0160557
-0.016193
-0.0162204
-0.0162067
-0.0163166
-0.0167148
-0.0173327
-0.0178956
-0.0181153
-0.017978
-0.0177309
-0.017621
-0.0177309
-0.0178682
-0.0177309
-0.0171267
-0.016193
-0.0152043
-0.0143805
-0.0138999
-0.0140509
-0.0150121
-0.0166049
-0.0183625
-0.0199416
-0.0212323
-0.0221798
-0.022578
-0.0221523
-0.0208616
-0.0191177
-0.0175936
-0.0168246
-0.0168246
-0.0171542
-0.0174288
-0.0177446
-0.0183213
-0.0190903
-0.019667
-0.0198729
-0.019818
-0.0194747
-0.0187195
-0.0177446
-0.017113
-0.0172365
-0.0179918
-0.0189941
-0.0199828
-0.0207655
-0.0210401
-0.0204771
-0.0190216
-0.0170443
-0.0151769
-0.0140646
-0.013996
-0.0147375
-0.015836
-0.0168933
-0.0176485
-0.0179094
-0.0174974
-0.0164539
-0.0151219
-0.0139273
-0.0131721
-0.0130897
-0.0138999
-0.0153828
-0.0167971
-0.0174151
-0.0171542
-0.0165912
-0.0163715
-0.0168246
-0.0177309
-0.0185547
-0.0188568
-0.0187058
-0.0184037
-0.0181016
-0.0177171
-0.0172365
-0.0168109
-0.0164951
-0.0162342
-0.0160557
-0.0161655
-0.016701
-0.0174837
-0.0180467
-0.0179094
-0.0167971
-0.0150258
-0.0133781
-0.0125542
-0.0126229
-0.0129936
-0.0131446
-0.0131309
-0.0132682
-0.0137488
-0.0144354
-0.0150945
-0.0156712
-0.0161106
-0.0163303
-0.0161518
-0.015479
-0.014504
-0.0135978
-0.013076
-0.0130211
-0.0132957
-0.0137763
-0.014202
-0.0143255
-0.0140921
-0.0137076
-0.0135154
-0.01379
-0.0145727
-0.01563
-0.0165225
-0.0168521
-0.0166186
-0.0162342
-0.0162754
-0.0167971
-0.0172091
-0.0167971
-0.0154652
-0.0138724
-0.0129112
-0.0130897
-0.0142706
-0.015781
-0.0168795
-0.0172091
-0.0169482
-0.0166049
-0.01655
-0.0168933
-0.0175386
-0.0182664
-0.0187882
-0.0189529
-0.0187332
-0.0182664
-0.0177721
-0.0174974
-0.01747
-0.0173739
-0.0169345
-0.016344
-0.0160694
-0.0163989
-0.0172365
-0.0181565
-0.0185685
-0.0180467
-0.016756
-0.0155201
-0.0152593
-0.0160007
-0.0169619
-0.0173876
-0.017264
-0.0169757
-0.0168246
-0.0167971
-0.0168795
-0.0170306
-0.0172091
-0.0174013
-0.0175661
-0.0175798
-0.0172503
-0.0165225
-0.0156575
-0.0151357
-0.0153004
-0.015987
-0.016701
-0.0169894
-0.0169345
-0.0170031
-0.0175386
-0.0183762
-0.0189941
-0.0190079
-0.0183625
-0.0173739
-0.0163989
-0.0156987
-0.0152593
-0.0148885
-0.0145315
-0.0145452
-0.0153279
-0.0167148
-0.0178956
-0.0181565
-0.017621
-0.0172365
-0.017827
-0.0192688
-0.0206007
-0.0209028
-0.0201064
-0.0189255
-0.0180741
-0.0177171
-0.0176073
-0.0177034
-0.0181153
-0.0185685
-0.0185135
-0.0177446
-0.0166461
-0.0156437
-0.0146963
-0.0136664
-0.0128838
-0.0129387
-0.0140509
-0.0159046
-0.0177995
-0.0190628
-0.0194747
-0.01931
-0.0189667
-0.0186646
-0.0183213
-0.0178133
-0.0172228
-0.0168933
-0.0171542
-0.017978
-0.0190216
-0.0196807
-0.0195022
-0.0183762
-0.0165774
-0.014504
-0.0126915
-0.011799
-0.0123345
-0.0141745
-0.0165088
-0.0183213
-0.0189255
-0.0182389
-0.0168521
-0.0155751
-0.0149022
-0.0147649
-0.0147924
-0.0147787
-0.0146414
-0.0144628
-0.0143255
-0.0144766
-0.0150396
-0.0158772
-0.0165774
-0.0168383
-0.0165774
-0.0157536
-0.0143942
-0.0127464
-0.0113733
-0.0109065
-0.0115381
-0.0127876
-0.0136802
-0.0136115
-0.0128014
-0.0122384
-0.0127327
-0.0142431
-0.0158772
-0.0167422
-0.0166049
-0.0159321
-0.0153828
-0.0154103
-0.0158497
-0.0160007
-0.0152867
-0.0139136
-0.0126778
-0.0121972
-0.0125267
-0.0134055
-0.0145452
-0.0157398
-0.0167422
-0.0173327
-0.01747
-0.0171679
-0.0165225
-0.0157536
-0.0149846
-0.0141196
-0.0131035
-0.0121697
-0.0116342
-0.0115656
-0.0117166
-0.012005
-0.0126503
-0.0136252
-0.0144766
-0.0146825
-0.014147
-0.0132133
-0.0122933
-0.0117853
-0.0119638
-0.0126641
-0.0134879
-0.014202
-0.0149022
-0.01563
-0.0160831
-0.0157536
-0.0145864
-0.013076
-0.0120187
-0.0119363
-0.0127876
-0.0139823
-0.0149022
-0.0153004
-0.0154103
-0.0155751
-0.015781
-0.0159321
-0.015987
-0.0160969
-0.0162067
-0.0161518
-0.0157261
-0.0148199
-0.0136527
-0.0126503
-0.0120873
-0.0118814
-0.0117029
-0.0114694
-0.0114283
-0.011799
-0.0125679
-0.0134742
-0.0141882
-0.0144079
-0.0141196
-0.013584
-0.0132545
-0.0134193
-0.0140372
-0.0148748
-0.01563
-0.0160557
-0.0159595
-0.0153279
-0.0143805
-0.0135566
-0.0133369
-0.0138861
-0.0147375
-0.0151769
-0.0148885
-0.0142981
-0.0139548
-0.0139823
-0.0140372
-0.0138175
-0.0133781
-0.0129524
-0.0127464
-0.0129524
-0.0135703
-0.0144354
-0.0151631
-0.0155751
-0.0156025
-0.0153279
-0.0147237
-0.0140372
-0.013639
-0.0137076
-0.0140646
-0.0144354
-0.0147787
-0.0152318
-0.0158085
-0.0162891
-0.0165088
-0.0165088
-0.0166461
-0.0174288
-0.0191315
-0.0217266
-0.0248848
-0.0283314
-0.0318603
-0.0353617
-0.0389181
-0.0429825
-0.0479944
-0.0541185
-0.0611077
-0.0686599
-0.0765004
-0.0844095
-0.0922089
-0.100063
-0.108453
-0.117927
-0.128487
-0.139554
-0.150443
-0.160865
-0.170985
-0.181118
-0.191417
-0.201784
-0.212123
-0.222381
-0.232432
-0.24192
-0.250653
-0.258892
-0.267158
-0.275616
-0.28391
-0.291545
-0.298369
-0.304562
-0.310329
-0.31567
-0.320408
-0.32439
-0.327603
-0.330239
-0.332601
-0.33499
-0.337599
-0.340112
-0.341691
-0.341595
-0.339769
-0.33694
-0.333892
-0.331173
-0.328962
-0.327287
-0.325914
-0.324307
-0.321836
-0.318279
-0.313954
-0.309629
-0.306004
-0.30323
-0.300717
-0.297779
-0.294359
-0.291064
-0.288345
-0.28608
-0.283938
-0.281795
-0.279708
-0.277594
-0.275273
-0.272898
-0.270948
-0.269657
-0.268531
-0.266911
-0.264851
-0.263148
-0.262407
-0.262338
-0.262009
-0.260897
-0.2594
-0.258452
-0.25848
-0.259139
-0.259633
-0.259565
-0.259112
-0.258878
-0.259537
-0.261405
-0.264261
-0.267378
-0.269877
-0.271236
-0.271634
-0.271703
-0.272033
-0.272788
-0.273982
-0.275671
-0.277772
-0.279859
-0.281356
-0.281988
-0.28207
-0.282111
-0.282468
-0.283072
-0.283704
-0.284226
-0.284679
-0.285201
-0.285846
-0.286533
-0.287055
-0.28726
-0.287109
-0.286615
-0.285942
-0.285503
-0.28575
-0.286794
-0.288126
-0.2891
-0.289485
-0.289526
-0.289622
-0.289814
-0.289787
-0.28921
-0.288071
-0.286752
-0.285695
-0.28516
-0.285022
-0.285105
-0.285366
-0.285805
-0.286272
-0.286519
-0.286354
-0.285681
-0.284569
-0.283155
-0.281727
-0.280601
-0.279955
-0.279681
-0.279434
-0.278953
-0.278363
-0.278115
-0.278637
-0.279873
-0.281109
-0.281603
-0.281109
-0.279969
-0.278761
-0.277841
-0.277223
-0.276715
-0.276221
-0.275795
-0.275479
-0.275259
-0.27504
-0.274847
-0.274683
-0.274381
-0.273818
-0.27298
-0.272142
-0.271676
-0.271868
-0.272747
-0.274106
-0.275424
-0.276097
-0.275809
-0.274806
-0.273735
-0.273227
-0.273365
-0.273763
-0.273982
-0.273859
-0.273502
-0.273049
-0.272623
-0.272527
-0.273007
-0.273982
-0.274889
-0.274916
-0.273818
-0.272115
-0.270687
-0.270028
-0.269973
-0.270042
-0.270069
-0.270275
-0.27103
-0.27228
-0.273406
-0.27368
-0.272815
-0.271277
-0.269863
-0.26919
-0.269479
-0.270426
-0.271442
-0.271936
-0.27173
-0.271113
-0.270495
-0.270179
-0.270206
-0.27044
-0.270673
-0.270673
-0.270344
-0.269739
-0.268916
-0.267858
-0.266609
-0.265387
-0.264549
-0.264233
-0.264261
-0.264302
-0.26422
-0.264068
-0.264068
-0.264288
-0.264508
-0.264316
-0.263602
-0.262723
-0.262256
-0.262489
-0.263203
-0.263835
-0.263794
-0.262805
-0.26113
-0.259565
-0.259125
-0.260086
-0.261734
-0.262888
-0.262805
-0.261693
-0.260347
-0.259455
-0.259043
-0.258741
-0.258356
-0.257999
-0.257821
-0.257807
-0.257807
-0.257642
-0.257217
-0.256599
-0.256173
-0.256393
-0.257395
-0.258727
-0.259565
-0.259249
-0.257793
-0.255898
-0.254457
-0.254045
-0.254539
-0.255239
-0.255349
-0.254718
-0.253921
-0.253688
-0.254058
-0.254443
-0.254347
-0.253839
-0.253331
-0.253111
-0.253111
-0.253084
-0.252809
-0.252342
-0.251889
-0.251614
-0.251546
-0.25145
-0.251161
-0.250626
-0.24998
-0.249362
-0.248813
-0.248278
-0.247619
-0.246616
-0.245229
-0.243746
-0.24284
-0.24306
-0.244309
-0.245696
-0.246273
-0.245806
-0.244749
-0.243801
-0.243293
-0.243266
-0.243623
-0.244158
-0.244488
-0.244296
-0.243568
-0.242689
-0.242016
-0.241508
-0.240986
-0.240465
-0.240094
-0.239819
-0.23927
-0.238309
-0.237375
-0.237142
-0.23776
-0.238776
-0.239709
-0.240423
-0.24089
-0.240945
-0.240341
-0.23927
-0.238213
-0.237457
-0.236812
-0.236043
-0.235357
-0.235096
-0.235192
-0.235109
-0.234505
-0.233736
-0.233448
-0.233736
-0.234025
-0.233668
-0.232803
-0.232143
-0.232102
-0.232391
-0.232555
-0.23261
-0.23272
-0.232665
-0.231869
-0.230249
-0.228546
-0.227653
-0.227763
-0.228285
-0.228573
-0.228477
-0.22834
-0.228244
-0.227791
-0.226472
-0.224289
-0.221982
-0.220554
-0.220664
-0.222106
-0.223905
-0.224948
-0.224701
-0.223548
-0.222367
-0.22179
-0.22157
-0.221049
-0.220005
-0.219085
-0.219195
-0.220527
-0.222353
-0.223575
-0.223589
-0.222532
-0.220994
-0.219662
-0.218824
-0.218399
-0.218069
-0.21763
-0.217053
-0.216476
-0.216051
-0.215886
-0.215858
-0.215625
-0.214897
-0.213799
-0.212865
-0.212659
-0.213181
-0.213922
-0.21432
-0.214032
-0.213126
-0.212
-0.21119
-0.21097
-0.211286
-0.211959
-0.2127
-0.213181
-0.213085
-0.212329
-0.211203
-0.210215
-0.20972
-0.209748
-0.209926
-0.209871
-0.20935
-0.208594
-0.2081
-0.208196
-0.208663
-0.208828
-0.208018
-0.206192
-0.204063
-0.202814
-0.203102
-0.204475
-0.205848
-0.206384
-0.206068
-0.205491
-0.205189
-0.20512
-0.204832
-0.204159
-0.203404
-0.20328
-0.204159
-0.205683
-0.206864
-0.206713
-0.205011
-0.20247
-0.200424
-0.19982
-0.200713
-0.202319
-0.20361
-0.203926
-0.203088
-0.201482
-0.199806
-0.198735
-0.198529
-0.198955
-0.199559
-0.199903
-0.199765
-0.19923
-0.198598
-0.1982
-0.198118
-0.198131
-0.198076
-0.197829
-0.19739
-0.196662
-0.195618
-0.194451
-0.193682
-0.193669
-0.194383
-0.195303
-0.195687
-0.195097
-0.193724
-0.192241
-0.191266
-0.190922
-0.190977
-0.191238
-0.191499
-0.191527
-0.191032
-0.190016
-0.188863
-0.188094
-0.18786
-0.187874
-0.187709
-0.187133
-0.186364
-0.185924
-0.186268
-0.187462
-0.189014
-0.190181
-0.190277
-0.18911
-0.187133
-0.185265
-0.184263
-0.184263
-0.184894
-0.185581
-0.185883
-0.185746
-0.185279
-0.184702
-0.184029
-0.183247
-0.182464
-0.18197
-0.181997
-0.182409
-0.183054
-0.183768
-0.184112
-0.183439
-0.181379
-0.178606
-0.176601
-0.176601
-0.178633
-0.181379
-0.183082
-0.182711
-0.180569
-0.177974
-0.176312
-0.175997
-0.176436
-0.176711
-0.176299
-0.17542
-0.174555
-0.173978
-0.17358
-0.173113
-0.172468
-0.17196
-0.171946
-0.172468
-0.173237
-0.173951
-0.174376
-0.174212
-0.173292
-0.171973
-0.170779
-0.169982
-0.169337
-0.168747
-0.168513
-0.168994
-0.169982
-0.170806
-0.170916
-0.170298
-0.169392
-0.16865
-0.168142
-0.167607
-0.166797
-0.165794
-0.164833
-0.164147
-0.163927
-0.164325
-0.16519
-0.166041
-0.166453
-0.166453
-0.166206
-0.165657
-0.164531
-0.162815
-0.161112
-0.160096
-0.160151
-0.161016
-0.161991
-0.162348
-0.161757
-0.160576
-0.159574
-0.159258
-0.159409
-0.159258
-0.158297
-0.1568
-0.155647
-0.15551
-0.156279
-0.157281
-0.15794
-0.158201
-0.158325
-0.158489
-0.158599
-0.158379
-0.157638
-0.15654
-0.155523
-0.154933
-0.154713
-0.154452
-0.15404
-0.153848
-0.154288
-0.155208
-0.156004
-0.156141
-0.155592
-0.154631
-0.15345
-0.1522
-0.151088
-0.15036
-0.150182
-0.150608
-0.151541
-0.152667
-0.153574
-0.153876
-0.153368
-0.1522
-0.1508
-0.149784
-0.149688
-0.150525
-0.151747
-0.152557
-0.152393
-0.151212
-0.149495
-0.147903
-0.1469
-0.146461
-0.146323
-0.146337
-0.146557
-0.146983
-0.147422
-0.147724
-0.14793
-0.148218
-0.148672
-0.149152
-0.149248
-0.148617
-0.147216
-0.145527
-0.144209
-0.143701
-0.14403
-0.144868
-0.145582
-0.145445
-0.144209
-0.142451
-0.141133
-0.140886
-0.141559
-0.142547
-0.143371
-0.143879
-0.144168
-0.144305
-0.144291
-0.14403
-0.143564
-0.143042
-0.142698
-0.142616
-0.142767
-0.143001
-0.143069
-0.142726
-0.141888
-0.14079
-0.13987
-0.139403
-0.139403
-0.139705
-0.140131
-0.140653
-0.141161
-0.141545
-0.141531
-0.14079
-0.139348
-0.137824
-0.136973
-0.137027
-0.137467
-0.137742
-0.137879
-0.138181
-0.138785
-0.139417
-0.13965
-0.139293
-0.13851
-0.137632
-0.136931
-0.136423
-0.136066
-0.135764
-0.135586
-0.135668
-0.136121
-0.136835
-0.137494
-0.137851
-0.137824
-0.137536
-0.136959
-0.135915
-0.134309
-0.132414
-0.130807
-0.129942
-0.129915
-0.13056
-0.131686
-0.133059
-0.13424
-0.134748
-0.134419
-0.133663
-0.1331
-0.133045
-0.133306
-0.133444
-0.133169
-0.132537
-0.131823
-0.131192
-0.130533
-0.12975
-0.128954
-0.128391
-0.128212
-0.128294
-0.128391
-0.128391
-0.128418
-0.128638
-0.128995
-0.129297
-0.12942
-0.129489
-0.129558
-0.129407
-0.12883
-0.12791
-0.127017
-0.126674
-0.127127
-0.128157
-0.129146
-0.129434
-0.128844
-0.127896
-0.127306
-0.127306
-0.127539
-0.127539
-0.127141
-0.126358
-0.125301
-0.124299
-0.123722
-0.123667
-0.123873
-0.124052
-0.124326
-0.125013
-0.12607
-0.126798
-0.126468
-0.124944
-0.122857
-0.12114
-0.120344
-0.120385
-0.120756
-0.120866
-0.120426
-0.11963
-0.119081
-0.119232
-0.11996
-0.120481
-0.120166
-0.119149
-0.118202
-0.117982
-0.118518
-0.119342
-0.119946
-0.120042
-0.11963
-0.118971
-0.118367
-0.117886
-0.117323
-0.116472
-0.115346
-0.114247
-0.113588
-0.11363
-0.114426
-0.115634
-0.116774
-0.117351
-0.117186
-0.116623
-0.116238
-0.116348
-0.11676
-0.116898
-0.116403
-0.115511
-0.11481
-0.114742
-0.115181
-0.115799
-0.116321
-0.116733
-0.117049
-0.117296
-0.117447
-0.117488
-0.117433
-0.117145
-0.116458
-0.115401
-0.11433
-0.113781
-0.114014
-0.114701
-0.115222
-0.115236
-0.114755
-0.114055
-0.113396
-0.112874
-0.112558
-0.112353
-0.112023
-0.111364
-0.11054
-0.110142
-0.110705
-0.112201
-0.114069
-0.115566
-0.116129
-0.115607
-0.114316
-0.113025
-0.112462
-0.112806
-0.113547
-0.11389
-0.113396
-0.112366
-0.111501
-0.111254
-0.111446
-0.11157
-0.111378
-0.110979
-0.110499
-0.110004
-0.109661
-0.109744
-0.110348
-0.111144
-0.11146
-0.110815
-0.109208
-0.107231
-0.105624
-0.104855
-0.104938
-0.105528
-0.106215
-0.106599
-0.106393
-0.105583
-0.104471
-0.103537
-0.103029
-0.102905
-0.102947
-0.102974
-0.102947
-0.102933
-0.102947
-0.10296
-0.102905
-0.102754
-0.102631
-0.102548
-0.102425
-0.102342
-0.102576
-0.103345
-0.104402
-0.105034
-0.104581
-0.103084
-0.101285
-0.100269
-0.10075
-0.102494
-0.104471
-0.105624
-0.105528
-0.104471
-0.103125
-0.102082
-0.101546
-0.10145
-0.101601
-0.10178
-0.101862
-0.101889
-0.102013
-0.102452
-0.103111
-0.103702
-0.104073
-0.104388
-0.104842
-0.105144
-0.104663
-0.103098
-0.100901
-0.0990745
-0.0984703
-0.099253
-0.10075
-0.101903
-0.101876
-0.100585
-0.0985527
-0.0964381
-0.0948727
-0.0945294
-0.0957515
-0.0981957
-0.100599
-0.101587
-0.100599
-0.0983192
-0.0961085
-0.0949688
-0.0949551
-0.0953945
-0.0956005
-0.0952984
-0.0945706
-0.0936644
-0.0929229
-0.0927856
-0.0932799
-0.0938566
-0.0937605
-0.0928268
-0.0916871
-0.0911241
-0.0913301
-0.0919205
-0.0923324
-0.0923187
-0.0920304
-0.0917283
-0.0914948
-0.0911653
-0.0906847
-0.0902728
-0.0902041
-0.0903552
-0.0903963
-0.0901355
-0.0897647
-0.089545
-0.0896274
-0.0899981
-0.090465
-0.0907122
-0.0904375
-0.0895313
-0.0882955
-0.0873755
-0.0874441
-0.0887623
-0.0908769
-0.0927718
-0.0934447
-0.0925521
-0.0905611
-0.0883779
-0.0868537
-0.0864418
-0.0871146
-0.0885289
-0.0900805
-0.0912202
-0.0916047
-0.0911516
-0.090108
-0.088831
-0.0876638
-0.0867713
-0.0861534
-0.0857827
-0.0855767
-0.085563
-0.0858239
-0.0864143
-0.0869635
-0.08684
-0.0856591
-0.0838054
-0.0823087
-0.082089
-0.0833385
-0.0853433
-0.0870459
-0.08776
-0.0875265
-0.0867301
-0.0856728
-0.0844507
-0.0832973
-0.0825009
-0.08224
-0.0824872
-0.082954
-0.0833934
-0.0837093
-0.083874
-0.0840113
-0.084231
-0.0844645
-0.0846018
-0.0844782
-0.08408
-0.0834484
-0.0826657
-0.0817732
-0.0809081
-0.0802353
-0.0798645
-0.0797547
-0.0799194
-0.0805511
-0.0818006
-0.0833797
-0.0845331
-0.0846155
-0.0835857
-0.082089
-0.080963
-0.0805373
-0.0804824
-0.0804412
-0.0803588
-0.0802902
-0.0799881
-0.0792466
-0.0782305
-0.0774616
-0.0772007
-0.0772693
-0.0774616
-0.077846
-0.0785463
-0.0793702
-0.080098
-0.0806609
-0.0811553
-0.0815535
-0.0816633
-0.0813063
-0.0804962
-0.0795075
-0.078766
-0.0785189
-0.0786562
-0.0787248
-0.0783678
-0.077489
-0.076418
-0.0757726
-0.0761296
-0.0774478
-0.0789583
-0.0796586
-0.0791505
-0.077901
-0.0767338
-0.0762395
-0.0764455
-0.0767613
-0.0765828
-0.0758413
-0.0752096
-0.0755255
-0.0768437
-0.0783266
-0.0789583
-0.0784227
-0.0773242
-0.0765828
-0.0768162
-0.077901
-0.0791368
-0.0796448
-0.0790406
-0.0776538
-0.0763768
-0.0760472
-0.0768574
-0.0781619
-0.0789308
-0.078409
-0.0768162
-0.0749899
-0.0737541
-0.0733285
-0.0736443
-0.074578
-0.0760884
-0.0779147
-0.0795212
-0.0802902
-0.0798508
-0.078409
-0.0767338
-0.0755804
-0.0752646
-0.0754431
-0.0756216
-0.0755529
-0.0752234
-0.0747153
-0.0742759
-0.0742759
-0.0749213
-0.075855
-0.0763493
-0.0758825
-0.074427
-0.0725458
-0.0709667
-0.0701978
-0.0702527
-0.0708706
-0.0718455
-0.0729715
-0.0737816
-0.0737679
-0.072944
-0.0720927
-0.0720103
-0.0726968
-0.0733147
-0.0729989
-0.0716258
-0.0698545
-0.0685637
-0.0682342
-0.0686324
-0.0691954
-0.0694975
-0.0694975
-0.0693464
-0.0691542
-0.0690306
-0.0692091
-0.069827
-0.0706784
-0.0712825
-0.0712551
-0.0704587
-0.0690443
-0.0673279
-0.0658038
-0.0651859
-0.0659136
-0.0677673
-0.0699094
-0.0714336
-0.0719691
-0.0717357
-0.0711452
-0.0705548
-0.0702115
-0.0703213
-0.0707333
-0.0708706
-0.0702115
-0.0689208
-0.0678085
-0.0676712
-0.0685775
-0.0698545
-0.0706372
-0.0705822
-0.0700055
-0.0694288
-0.0689757
-0.0683578
-0.0675476
-0.0670259
-0.067273
-0.0682067
-0.0690581
-0.0691542
-0.0684264
-0.0674378
-0.0667924
-0.0667787
-0.0673005
-0.068042
-0.0686461
-0.0688109
-0.0684676
-0.0677261
-0.0668748
-0.0661196
-0.0655566
-0.0650898
-0.0646229
-0.0643071
-0.0643483
-0.0647739
-0.0654193
-0.0662157
-0.0671632
-0.0680557
-0.0683303
-0.0675888
-0.0659686
-0.0641423
-0.0628378
-0.0625769
-0.063442
-0.0650074
-0.0665453
-0.0674378
-0.0675476
-0.0671357
-0.0666002
-0.0663256
-0.0664766
-0.0669435
-0.0672456
-0.066916
-0.0658862
-0.0646092
-0.0637029
-0.063648
-0.0645268
-0.0661059
-0.0678085
-0.0690718
-0.0695249
-0.0691679
-0.0683578
-0.06763
-0.0673554
-0.0675064
-0.0678085
-0.0680145
-0.068042
-0.0677536
-0.0669572
-0.0657489
-0.0645268
-0.0638951
-0.0641423
-0.0651035
-0.0662706
-0.0670945
-0.0672318
-0.0666688
-0.0656802
-0.0646504
-0.0638402
-0.0633184
-0.063085
-0.0630713
-0.0633184
-0.0638677
-0.0646504
-0.0653095
-0.0653644
-0.0648014
-0.0640874
-0.0635931
-0.0631262
-0.0623023
-0.0612038
-0.0603662
-0.0602426
-0.0608743
-0.0618217
-0.0624808
-0.0624534
-0.0618767
-0.0612862
-0.0611901
-0.0616844
-0.062728
-0.0640599
-0.0651859
-0.0653644
-0.0642247
-0.0622199
-0.0603388
-0.0593227
-0.0593776
-0.0600229
-0.0604761
-0.060174
-0.059254
-0.0584027
-0.058128
-0.0584027
-0.0589656
-0.0596522
-0.0604349
-0.0612588
-0.0619041
-0.0621925
-0.0620964
-0.0616158
-0.0608468
-0.0600229
-0.0595149
-0.0594874
-0.0597621
-0.0598444
-0.0594325
-0.0585674
-0.0576474
-0.0571806
-0.0574552
-0.0584439
-0.0597483
-0.0609292
-0.0615471
-0.0613137
-0.0602976
-0.0589107
-0.0577436
-0.0572492
-0.0575925
-0.0585674
-0.0596934
-0.0603662
-0.0601877
-0.0592677
-0.0581555
-0.0574277
-0.0573728
-0.0578809
-0.0586498
-0.0592677
-0.0594874
-0.0592128
-0.0584713
-0.0575239
-0.056851
-0.0570021
-0.0580457
-0.0594188
-0.0603388
-0.0603662
-0.0595973
-0.0584027
-0.057414
-0.0570433
-0.0573316
-0.0578397
-0.058183
-0.0582379
-0.0580594
-0.0577573
-0.0574689
-0.0573728
-0.0575651
-0.0579221
-0.058334
-0.0587185
-0.0588833
-0.0585125
-0.05762
-0.0566451
-0.0560272
-0.0556839
-0.0551758
-0.0542833
-0.0532809
-0.0526218
-0.0526493
-0.0533221
-0.0542009
-0.0545579
-0.0540911
-0.0531024
-0.0523197
-0.0522511
-0.0528141
-0.0535556
-0.05394
-0.0536929
-0.0530612
-0.0526081
-0.0528278
-0.0536654
-0.054654
-0.0552445
-0.0551346
-0.054297
-0.0529514
-0.0514547
-0.0501914
-0.0495598
-0.0499305
-0.0512899
-0.0531985
-0.0549424
-0.0559997
-0.0563018
-0.0560958
-0.0556427
-0.0552033
-0.0549287
-0.0545991
-0.0539126
-0.0530338
-0.0524433
-0.052306
-0.0521962
-0.0517293
-0.0511663
-0.0510565
-0.0515096
-0.0521962
-0.0528278
-0.0533221
-0.0535556
-0.0533908
-0.0526905
-0.0516057
-0.0505896
-0.0502189
-0.0507819
-0.0518803
-0.0525257
-0.0520177
-0.0506995
-0.049546
-0.0493813
-0.0501228
-0.0510427
-0.0515508
-0.051743
-0.0520726
-0.0527729
-0.053432
-0.0533908
-0.0524845
-0.0513036
-0.0505759
-0.0504798
-0.0507407
-0.0509878
-0.0510427
-0.0507681
-0.0502189
-0.0497795
-0.0499717
-0.050878
-0.0520451
-0.0526768
-0.0522511
-0.0508093
-0.0489419
-0.0473765
-0.0465664
-0.0465389
-0.0471156
-0.0479532
-0.0486123
-0.0488046
-0.0487496
-0.0491066
-0.0502189
-0.0515233
-0.0520314
-0.0513174
-0.0500816
-0.0494225
-0.0497795
-0.0504798
-0.0503562
-0.0487908
-0.0463879
-0.0443145
-0.0435043
-0.0439712
-0.0452344
-0.0466762
-0.0477198
-0.0479944
-0.0475138
