LECROYHDO9204-MSöv,30454,Waveform
Segments,1,SegmentSize,2002
Ampl
-0.0159595
-0.0148061
-0.0135978
-0.0127739
-0.0127327
-0.0134605
-0.0146276
-0.0157948
-0.0166049
-0.0166186
-0.015479
-0.0132408
-0.0106456
-0.00895664
-0.00906649
-0.0109065
-0.0132682
-0.0148336
-0.0152181
-0.0150396
-0.0151082
-0.0155339
-0.0159458
-0.0160145
-0.0158497
-0.0157536
-0.0158497
-0.0160282
-0.0160145
-0.0156987
-0.0151769
-0.0145178
-0.0137351
-0.0129112
-0.0124718
-0.0129112
-0.0140921
-0.0151494
-0.015273
-0.0142706
-0.0127464
-0.011593
-0.0113733
-0.0119226
-0.0126091
-0.0129112
-0.0130348
-0.0135429
-0.0146688
-0.0159733
-0.016701
-0.0164401
-0.0153142
-0.0138999
-0.0128563
-0.0124993
-0.0128014
-0.013433
-0.0140097
-0.014147
-0.0134605
-0.0118539
-0.00965693
-0.00762471
-0.00645756
-0.00656741
-0.0078856
-0.00975305
-0.0111811
-0.0114283
-0.0107005
-0.00986289
-0.00972558
-0.0103435
-0.0110575
-0.0110438
-0.0100414
-0.00857216
-0.00778948
-0.00837993
-0.00978051
-0.010673
-0.0103709
-0.00946469
-0.00906649
-0.00957454
-0.0104808
-0.0111262
-0.0113459
-0.0114557
-0.0118539
-0.0125267
-0.0131721
-0.0133643
-0.0129936
-0.0122384
-0.011442
-0.0109202
-0.0109614
-0.0117578
-0.0133369
-0.0153554
-0.0171404
-0.0179506
-0.0173739
-0.0156437
-0.0136939
-0.0124581
-0.0122796
-0.0128838
-0.0138037
-0.0145864
-0.014916
-0.01471
-0.0142294
-0.0139411
-0.0141333
-0.0146551
-0.0151082
-0.0152043
-0.0148885
-0.0143667
-0.0138999
-0.0135291
-0.0130485
-0.0122933
-0.0114694
-0.0108927
-0.0107692
-0.0111124
-0.01195
-0.0131309
-0.014202
-0.0146139
-0.0142157
-0.0134605
-0.0129112
-0.0126503
-0.0124032
-0.01195
-0.0115656
-0.0117166
-0.0125954
-0.0138312
-0.0146825
-0.0146002
-0.0137626
-0.0128288
-0.0123757
-0.0124444
-0.01287
-0.0135017
-0.0142843
-0.0150396
-0.0155201
-0.0156025
-0.0153416
-0.0148199
-0.0140646
-0.0131172
-0.0121148
-0.0112086
-0.010728
-0.0109477
-0.0119775
-0.0135017
-0.014916
-0.0156987
-0.0157124
-0.0151082
-0.014147
-0.0130623
-0.0121011
-0.0115518
-0.0115656
-0.0120187
-0.0125954
-0.0128975
-0.0128563
-0.0126778
-0.0125954
-0.0126915
-0.0129524
-0.0132957
-0.0135017
-0.0134193
-0.0131172
-0.0127876
-0.0125405
-0.0122933
-0.0119912
-0.0118265
-0.0119363
-0.0122384
-0.0125405
-0.0126915
-0.0126641
-0.0125679
-0.012719
-0.0133232
-0.0142843
-0.0151769
-0.0155888
-0.0154103
-0.0148061
-0.0140646
-0.013584
-0.013639
-0.014202
-0.0149709
-0.0155476
-0.0157948
-0.0158085
-0.015781
-0.0158085
-0.015836
-0.0159184
-0.016193
-0.0167971
-0.0175798
-0.0181428
-0.0182252
-0.0178682
-0.0172777
-0.0166186
-0.0160282
-0.0156712
-0.0155064
-0.0153142
-0.0149022
-0.0144217
-0.0142706
-0.0146825
-0.0155613
-0.0165363
-0.0171679
-0.017113
-0.0162479
-0.0149709
-0.0140646
-0.0140921
-0.0147787
-0.015424
-0.0156575
-0.0157948
-0.0163166
-0.0173464
-0.0184449
-0.0189392
-0.0185273
-0.0175386
-0.0166873
-0.0166324
-0.0175112
-0.0189804
-0.0203123
-0.0207792
-0.0201064
-0.018747
-0.0174151
-0.0165363
-0.0159458
-0.0153966
-0.0149572
-0.0148199
-0.015067
-0.0154927
-0.0158222
-0.0160145
-0.0163028
-0.0168383
-0.017264
-0.0169619
-0.015781
-0.0144354
-0.0138724
-0.0144491
-0.0156163
-0.0165912
-0.0167971
-0.0162342
-0.0151906
-0.0141058
-0.013282
-0.0127876
-0.0125405
-0.0124444
-0.0123894
-0.0121972
-0.0118127
-0.0114557
-0.0115106
-0.012156
-0.0133369
-0.0147375
-0.0157673
-0.0157673
-0.014559
-0.0126915
-0.0111674
-0.0107554
-0.011442
-0.0126366
-0.0135566
-0.0137488
-0.0133232
-0.01287
-0.01287
-0.0133232
-0.0138037
-0.0139548
-0.0136664
-0.0131584
-0.0127053
-0.0123894
-0.0121697
-0.0118951
-0.0115656
-0.0114832
-0.0119638
-0.0128288
-0.0134879
-0.0134879
-0.0129661
-0.0124169
-0.0121423
-0.0121148
-0.0122384
-0.0124032
-0.0124993
-0.0124169
-0.0121423
-0.011799
-0.011442
-0.0111399
-0.0109065
-0.0107829
-0.0108653
-0.0112909
-0.0120462
-0.01287
-0.0132957
-0.0129661
-0.011799
-0.0101101
-0.00837993
-0.00717158
-0.00681457
-0.0072677
-0.00831127
-0.00958827
-0.0107829
-0.0116342
-0.0119638
-0.0119912
-0.0120736
-0.0124306
-0.0128014
-0.0126778
-0.0117441
-0.0101924
-0.00872321
-0.00816023
-0.00877813
-0.0100414
-0.0110987
-0.0114969
-0.0114694
-0.0115518
-0.0121423
-0.0131584
-0.0141058
-0.0143393
-0.0136252
-0.0123894
-0.0113321
-0.0108927
-0.0110163
-0.0116068
-0.0124444
-0.0131584
-0.0132682
-0.0126229
-0.0116479
-0.0109065
-0.010728
-0.0110575
-0.0117166
-0.0123894
-0.0128426
-0.0130623
-0.013282
-0.0135566
-0.0136939
-0.013584
-0.0134055
-0.0133369
-0.0133369
-0.0133918
-0.0136664
-0.0142294
-0.0146551
-0.0144217
-0.0134605
-0.0123757
-0.0118676
-0.0122796
-0.013282
-0.0142981
-0.0149846
-0.0152593
-0.0151906
-0.0146825
-0.0137214
-0.0127053
-0.0121835
-0.0123757
-0.0129387
-0.0133232
-0.0132545
-0.0129112
-0.0126091
-0.0125679
-0.0127876
-0.0130623
-0.0131172
-0.0128426
-0.0124444
-0.0122933
-0.0125954
-0.0131309
-0.0133643
-0.0129387
-0.0120324
-0.0113047
-0.0113184
-0.0120599
-0.013076
-0.0138449
-0.0140646
-0.0136664
-0.0128838
-0.0121148
-0.0117029
-0.0116479
-0.0117166
-0.0117578
-0.0119363
-0.0124444
-0.0133232
-0.0145864
-0.0162204
-0.0179506
-0.0190079
-0.0188156
-0.017621
-0.0164951
-0.0165088
-0.0180055
-0.0205595
-0.0235666
-0.0266836
-0.0300203
-0.0335492
-0.0367623
-0.039028
-0.040305
-0.0413211
-0.0428727
-0.0451933
-0.0479944
-0.0507132
-0.052869
-0.0543108
-0.055423
-0.056906
-0.0591716
-0.0621101
-0.0654056
-0.0688384
-0.0722162
-0.0751822
-0.0774204
-0.0788896
-0.0799881
-0.0812102
-0.0828854
-0.0848352
-0.0866203
-0.0878012
-0.0883504
-0.0885838
-0.0887898
-0.0890919
-0.0895038
-0.0899158
-0.0902728
-0.0905199
-0.090671
-0.090671
-0.0903552
-0.0894489
-0.087911
-0.0860024
-0.0842722
-0.0831737
-0.0828442
-0.0830639
-0.0832699
-0.0828854
-0.081732
-0.0803039
-0.0793702
-0.0792329
-0.0795899
-0.0798645
-0.0796174
-0.0787248
-0.0772831
-0.0754705
-0.0736031
-0.0720927
-0.0711589
-0.0707058
-0.0704861
-0.0704587
-0.0708431
-0.0717768
-0.0729715
-0.0738503
-0.0740013
-0.073507
-0.0727243
-0.0719279
-0.07131
-0.0711177
-0.0714885
-0.0722025
-0.0727106
-0.0726282
-0.072024
-0.0713512
-0.0711864
-0.0717494
-0.0728341
-0.0738503
-0.0743858
-0.074578
-0.0749213
-0.0756216
-0.0763905
-0.0768986
-0.0772419
-0.0778735
-0.0790544
-0.0803314
-0.0810454
-0.0811415
-0.0812376
-0.081732
-0.0822675
-0.082089
-0.0810454
-0.0798783
-0.0795075
-0.0802902
-0.0818555
-0.0835445
-0.0847116
-0.0847528
-0.0835033
-0.0814161
-0.0793427
-0.0779696
-0.0775028
-0.0776813
-0.0781344
-0.0785738
-0.0789308
-0.0791917
-0.0792054
-0.0787935
-0.0780657
-0.0773105
-0.0766377
-0.0759374
-0.0752646
-0.0748252
-0.0747016
-0.0746879
-0.0746879
-0.0747565
-0.0749488
-0.0751547
-0.075347
-0.0757589
-0.0765004
-0.0772968
-0.0776538
-0.0773929
-0.0767063
-0.0759923
-0.0754843
-0.075141
-0.0747153
-0.0740562
-0.0732598
-0.0726556
-0.0723673
-0.0724497
-0.0729715
-0.0739464
-0.0750586
-0.0758138
-0.0759511
-0.0757589
-0.0756628
-0.0757314
-0.0757589
-0.0755117
-0.0750174
-0.0745368
-0.0743583
-0.0747428
-0.0756353
-0.076624
-0.0770908
-0.0765828
-0.0750723
-0.0732735
-0.0723673
-0.0730676
-0.0748938
-0.0763081
-0.0761846
-0.0747153
-0.073095
-0.0723261
-0.072587
-0.0735207
-0.0746467
-0.0755255
-0.0758687
-0.0756902
-0.0752096
-0.0747977
-0.0747977
-0.0753195
-0.0760472
-0.0764317
-0.0760884
-0.0751685
-0.0743034
-0.07407
-0.0747428
-0.0759511
-0.0768437
-0.076775
-0.0759649
-0.0754431
-0.076212
-0.078258
-0.0806197
-0.0821027
-0.0821851
-0.0811278
-0.0794938
-0.0776813
-0.0759649
-0.0746192
-0.0738915
-0.073864
-0.0743446
-0.0750311
-0.0756765
-0.0761846
-0.0766102
-0.0771457
-0.0779559
-0.0788896
-0.079329
-0.0787798
-0.0775028
-0.0764729
-0.0763768
-0.0770634
-0.0778872
-0.0783404
-0.0783953
-0.078258
-0.0781069
-0.0778598
-0.077338
-0.0765965
-0.0760747
-0.0762395
-0.0770496
-0.077846
-0.0779833
-0.0773929
-0.0764866
-0.0756079
-0.0748938
-0.0742759
-0.0737541
-0.0734383
-0.0734109
-0.0736168
-0.0738091
-0.0737404
-0.0733285
-0.072793
-0.0724359
-0.0724497
-0.0728753
-0.073658
-0.0746467
-0.0754568
-0.0756628
-0.075141
-0.0742073
-0.0734521
-0.0733697
-0.0741112
-0.0754156
-0.0767063
-0.0773929
-0.077132
-0.0760472
-0.0745231
-0.0731225
-0.0721888
-0.0718592
-0.0719142
-0.0721339
-0.0723536
-0.0724909
-0.0724085
-0.0720789
-0.0715846
-0.0711589
-0.0710491
-0.0714336
-0.0722162
-0.0729852
-0.0732735
-0.0728753
-0.072024
-0.0710903
-0.0704175
-0.0703076
-0.0707607
-0.0714061
-0.0716533
-0.0712413
-0.0703763
-0.0694837
-0.0688384
-0.0684951
-0.0684539
-0.0687697
-0.0696073
-0.0709118
-0.0723261
-0.0731912
-0.0730401
-0.0721064
-0.0710903
-0.070541
-0.0704175
-0.0702664
-0.0698407
-0.0691817
-0.068399
-0.0676987
-0.0673829
-0.0675888
-0.0681793
-0.0687972
-0.0692366
-0.0695387
-0.0697309
-0.0697309
-0.0694014
-0.068756
-0.0680694
-0.0676987
-0.0677673
-0.0681381
-0.0685775
-0.0689345
-0.069113
-0.0689894
-0.0685363
-0.067987
-0.06763
-0.0675476
-0.0673966
-0.0668885
-0.0660921
-0.0653095
-0.0649662
-0.0652545
-0.0661059
-0.0671494
-0.0678772
-0.0680145
-0.0675888
-0.0668748
-0.0661608
-0.0657351
-0.0658038
-0.0662706
-0.0667787
-0.067122
-0.067273
-0.0673417
-0.0672044
-0.0667375
-0.0661196
-0.0657077
-0.0657077
-0.0661196
-0.0666414
-0.0667924
-0.0662157
-0.0650348
-0.0640599
-0.0641698
-0.0655154
-0.0674241
-0.0688109
-0.0689757
-0.0678497
-0.0661333
-0.064719
-0.0641423
-0.0643071
-0.0648701
-0.0656253
-0.0663668
-0.0667787
-0.0666414
-0.0660235
-0.0651996
-0.0643345
-0.0635519
-0.0629889
-0.0627555
-0.062728
-0.0628928
-0.0633184
-0.0641148
-0.0650486
-0.0655429
-0.0652683
-0.064362
-0.0633596
-0.0629202
-0.0634557
-0.064719
-0.0658175
-0.0658724
-0.0646778
-0.0628653
-0.0612176
-0.0603113
-0.0603662
-0.0612725
-0.0625769
-0.0637304
-0.0643895
-0.0644581
-0.0639363
-0.0630163
-0.0622337
-0.0621238
-0.0628378
-0.0639775
-0.0648701
-0.0651035
-0.0647053
-0.064156
-0.0638677
-0.0639226
-0.064005
-0.0639089
-0.0636892
-0.0633871
-0.0626044
-0.0609841
-0.0589382
-0.0575925
-0.057826
-0.0593913
-0.0610665
-0.061808
-0.061451
-0.0605447
-0.0596522
-0.0588421
-0.0579083
-0.0569609
-0.0565078
-0.0569472
-0.0580457
-0.059103
-0.0593776
-0.0585674
-0.0569472
-0.0552308
-0.054146
-0.0538714
-0.0540911
-0.0544206
-0.0548737
-0.0556015
-0.0564116
-0.0567549
-0.0561645
-0.054654
-0.0527866
-0.0515096
-0.0514821
-0.052512
-0.0538027
-0.0547364
-0.055272
-0.0555603
-0.0556015
-0.0554093
-0.0551346
-0.0549836
-0.0550248
-0.0552582
-0.0556427
-0.0559722
-0.0559448
-0.0554779
-0.0549287
-0.0546952
-0.0547502
-0.0545717
-0.053789
-0.0526218
-0.0517568
-0.051798
-0.0527591
-0.0541048
-0.055217
-0.0558624
-0.0562194
-0.0563979
-0.0562057
-0.0555603
-0.0548188
-0.0544481
-0.0545305
-0.0547364
-0.0549149
-0.0550385
-0.0550385
-0.0545991
-0.0536791
-0.0527729
-0.0524845
-0.0529239
-0.0535556
-0.0537478
-0.0532535
-0.0523197
-0.0513448
-0.0506445
-0.0503974
-0.0507407
-0.0516606
-0.0527591
-0.0534732
-0.053583
-0.0534457
-0.0535006
-0.0535967
-0.0533084
-0.0524296
-0.0513036
-0.050466
-0.0502875
-0.0506857
-0.0513586
-0.0519902
-0.0524296
-0.0526356
-0.0526218
-0.0524983
-0.0524571
-0.0526356
-0.0529239
-0.0529788
-0.052663
-0.0521824
-0.0518392
-0.0517705
-0.0520451
-0.0528003
-0.0540087
-0.0552445
-0.0558761
-0.0556152
-0.0546952
-0.053583
-0.0527454
-0.0523884
-0.0523472
-0.0521962
-0.0516469
-0.0507681
-0.0499168
-0.0494774
-0.0496696
-0.0503836
-0.0511801
-0.0514821
-0.0509466
-0.0497383
-0.0483926
-0.0474864
-0.0474452
-0.0482141
-0.0494225
-0.050466
-0.0510153
-0.0510153
-0.0506308
-0.0499442
-0.0491616
-0.0485986
-0.0485574
-0.0489419
-0.0493675
-0.0495598
-0.049546
-0.0495735
-0.0498619
-0.0503425
-0.0506583
-0.0503974
-0.0492989
-0.0475825
-0.0458798
-0.0451109
-0.045921
-0.0480219
-0.0501914
-0.0510839
-0.0504248
-0.0490517
-0.0480493
-0.0478708
-0.0482416
-0.0486947
-0.0488595
-0.0485025
-0.0476786
-0.0467449
-0.0460995
-0.0458661
-0.0460309
-0.0465526
-0.0472117
-0.0476786
-0.0477473
-0.0476374
-0.0477198
-0.0478846
-0.0476374
-0.046635
-0.0451795
-0.0439437
-0.0435455
-0.0441634
-0.0455091
-0.0469646
-0.047967
-0.0482004
-0.0474726
-0.0457288
-0.0433258
-0.0411014
-0.0399479
-0.0402226
-0.0414858
-0.0429413
-0.0442046
-0.0451795
-0.04577
-0.0456876
-0.0448912
-0.0439025
-0.0435867
-0.0443831
-0.0458524
-0.0472255
-0.0480768
-0.0484064
-0.0480631
-0.0467037
-0.0445067
-0.0424882
-0.0418154
-0.0427903
-0.0447951
-0.0469097
-0.0484338
-0.0488183
-0.0478846
-0.0460858
-0.0443282
-0.0434082
-0.0435181
-0.0442733
-0.0450559
-0.0455365
-0.0457562
-0.0459073
-0.0460171
-0.0458798
-0.0454679
-0.0450148
-0.0448225
-0.0450148
-0.045564
-0.0463055
-0.0468685
-0.0467174
-0.045715
-0.0443694
-0.0434082
-0.0432984
-0.0440261
-0.0451933
-0.0463055
-0.0469783
-0.0472117
-0.0471568
-0.0469234
-0.0465938
-0.0464565
-0.0468273
-0.047555
-0.0480219
-0.0477198
-0.04669
-0.0453855
-0.0444106
-0.0442321
-0.045001
-0.0463192
-0.0475001
-0.0479532
-0.0476923
-0.0471431
-0.0466488
-0.0461407
-0.0453031
-0.0439025
-0.0421724
-0.0408405
-0.0407443
-0.0420488
-0.0440261
-0.0456738
-0.0466625
-0.0473079
-0.0479532
-0.0485986
-0.0489556
-0.0487908
-0.0480905
-0.0470882
-0.0461544
-0.0457013
-0.04577
-0.046127
-0.0463604
-0.0460858
-0.0452619
-0.0443968
-0.0441222
-0.0446165
-0.0454267
-0.0460309
-0.0462231
-0.0460858
-0.0457288
-0.0454541
-0.0456876
-0.0465664
-0.0476099
-0.0481043
-0.0475001
-0.0457562
-0.0432297
-0.040607
-0.0385336
-0.0375175
-0.0376823
-0.0387396
-0.0402363
-0.0417742
-0.0430375
-0.0438201
-0.0439574
-0.0434219
-0.0423097
-0.0410327
-0.040099
-0.0398518
-0.0402226
-0.0409091
-0.041582
-0.0419802
-0.0418154
-0.041019
-0.039893
-0.0390417
-0.0388632
-0.0394262
-0.0403461
-0.0410739
-0.04117
-0.0406482
-0.0398793
-0.0392614
-0.0389456
-0.0389593
-0.0394399
-0.040456
-0.0418017
-0.0430237
-0.0437103
-0.0436279
-0.0428727
-0.0418154
-0.041019
-0.0408542
-0.0412661
-0.0418566
-0.0422273
-0.0422136
-0.0419802
-0.0418703
-0.0422548
-0.0430787
-0.0437652
-0.0437789
-0.0431198
-0.0422685
-0.0418291
-0.0419664
-0.0423509
-0.0423234
-0.0415133
-0.04025
-0.0394124
-0.0396047
-0.0405658
-0.0413897
-0.0414034
-0.040662
-0.0397008
-0.0390554
-0.0389044
-0.0389456
-0.0389044
-0.0388906
-0.0392065
-0.0398244
-0.0401127
-0.0396047
-0.0384787
-0.0375038
-0.0373253
-0.0380256
-0.0391103
-0.0398793
-0.0398793
-0.03933
-0.0389044
-0.0390691
-0.0396321
-0.0399617
-0.0395497
-0.0383963
-0.0369957
-0.0360071
-0.0358423
-0.0364739
-0.0375313
-0.0387121
-0.0397008
-0.0402226
-0.0401264
-0.0396184
-0.0390966
-0.0387671
-0.0385199
-0.0380942
-0.0373253
-0.0361444
-0.0347438
-0.0334668
-0.0327391
-0.0328764
-0.0339474
-0.0357187
-0.0376136
-0.0389044
-0.0390691
-0.038259
-0.0371605
-0.0364053
-0.0361993
-0.0365014
-0.0370919
-0.0375862
-0.0375175
-0.0367898
-0.0358972
-0.0355128
-0.0358972
-0.0366799
-0.0372566
-0.0372566
-0.0366662
-0.0358286
-0.035142
-0.0348537
-0.0349223
-0.0351283
-0.0351146
-0.0347987
-0.0342495
-0.0338238
-0.0339062
-0.0347438
-0.0361169
-0.0375587
-0.038465
-0.0384375
-0.0374351
-0.0357737
-0.0340435
-0.0326704
-0.0319427
-0.0319838
-0.0327253
-0.0337689
-0.0345104
-0.034634
-0.0343456
-0.0340573
-0.0339886
-0.0339749
-0.0337414
-0.0332471
-0.032794
-0.0327803
-0.0333432
-0.034222
-0.0348811
-0.034991
-0.0343593
-0.033
-0.0312836
-0.0300477
-0.030034
-0.0312973
-0.0331373
-0.034785
-0.0358286
-0.0361444
-0.035705
-0.034785
-0.033865
-0.0332883
-0.0329313
-0.0323546
-0.0314483
-0.0306107
-0.0304048
-0.0310776
-0.0323546
-0.0335217
-0.033714
-0.0326567
-0.0310364
-0.0300203
-0.0302949
-0.031668
-0.0333158
-0.0344143
-0.0345241
-0.0337002
-0.0322997
-0.0308442
-0.0297731
-0.0292513
-0.0292925
-0.0297319
-0.0305146
-0.0315994
-0.0328215
-0.033714
-0.033865
-0.0334119
-0.0328215
-0.0324919
-0.032437
-0.0325194
-0.032588
-0.0325331
-0.0322997
-0.0320388
-0.0321898
-0.0330549
-0.0344143
-0.0356226
-0.0361719
-0.036062
-0.0356775
-0.0353343
-0.0350322
-0.0345928
-0.0340573
-0.0337277
-0.0339199
-0.0346202
-0.035499
-0.0361993
-0.0365289
-0.0363916
-0.0358011
-0.0350047
-0.0343044
-0.0339474
-0.0339474
-0.0341946
-0.0346202
-0.0350596
-0.0353343
-0.0353343
-0.0349498
-0.0340573
-0.0326979
-0.0312698
-0.0303224
-0.0301851
-0.0307068
-0.0313797
-0.0317916
-0.0318465
-0.0317367
-0.0318191
-0.0321898
-0.0326292
-0.0327391
-0.0323546
-0.0316543
-0.030954
-0.0304734
-0.0301851
-0.0300066
-0.0299379
-0.0299791
-0.0300066
-0.0296221
-0.0285785
-0.0270681
-0.025846
-0.0255302
-0.0262579
-0.0276585
-0.0292239
-0.0305558
-0.031311
-0.0313522
-0.0309403
-0.0305146
-0.0303636
-0.0304734
-0.0307892
-0.0313385
-0.0320525
-0.0326567
-0.0328077
-0.0324095
-0.0316406
-0.0309128
-0.0306245
-0.0308716
-0.0313522
-0.0315444
-0.0312286
-0.0305558
-0.0297457
-0.0290042
-0.0286884
-0.0292376
-0.0307343
-0.0325331
-0.0336728
-0.0336179
-0.0326841
-0.0317092
-0.0314346
-0.0319838
-0.0328352
-0.0332334
-0.0327253
-0.0313522
-0.0294298
-0.0273152
-0.0257499
-0.02564
-0.0274663
-0.0306794
-0.0340023
-0.0361856
-0.0368035
-0.0361444
-0.0349361
-0.0337964
-0.0329038
-0.0321898
-0.0316406
-0.0312424
-0.0307755
-0.0299928
-0.0290454
-0.0285373
-0.0289493
-0.0300615
-0.0312424
-0.0317916
-0.0312973
-0.0298555
-0.0281391
-0.0270406
-0.0269994
-0.0277821
-0.0287433
-0.0293887
-0.0296221
-0.0296358
-0.0296633
-0.0298692
-0.030391
-0.0313248
-0.0326155
-0.033865
-0.0344143
-0.0337826
-0.0322447
-0.0307068
-0.0299791
-0.0300752
-0.0304597
-0.0306931
-0.0307343
-0.0307343
-0.0307618
-0.0306931
-0.0305283
-0.0302674
-0.0300203
-0.0298281
-0.0298418
-0.0301439
-0.0306382
-0.0308854
-0.0304185
-0.0292925
-0.0281803
-0.0276997
-0.0279606
-0.0285648
-0.0292651
-0.0300615
-0.0308854
-0.0313522
-0.0311874
-0.0305283
-0.0297182
-0.0290454
-0.0287021
-0.0288257
-0.0294161
-0.0301988
-0.0308991
-0.0314346
-0.0318328
-0.0320662
-0.0320388
-0.0315994
-0.0308167
-0.0299928
-0.0294298
-0.0290591
-0.0284961
-0.02748
-0.0263678
-0.0257499
-0.0258323
-0.0262442
-0.0265188
-0.026615
-0.026766
-0.0271505
-0.0277134
-0.0281803
-0.0282352
-0.0276036
-0.0263815
-0.0250359
-0.0240472
-0.0236353
-0.0238001
-0.0244042
-0.0251594
-0.025846
-0.0265051
-0.0273839
-0.0283451
-0.0288669
-0.0284961
-0.0273427
-0.0260245
-0.0250221
-0.0244454
-0.0242257
-0.024418
-0.0251594
-0.0265463
-0.0281803
-0.02932
-0.0292925
-0.028194
-0.0267935
-0.0258735
-0.0257087
-0.0260794
-0.0266561
-0.0273427
-0.0281391
-0.0289767
-0.0295122
-0.0294573
-0.0289081
-0.0282902
-0.0279743
-0.0279057
-0.0277684
-0.0274663
-0.0273427
-0.0277684
-0.0287433
-0.0299104
-0.0308854
-0.0314209
-0.0314071
-0.0308579
-0.0298967
-0.0287433
-0.0276723
-0.0269445
-0.0267248
-0.026917
-0.0270955
-0.0269582
-0.0266424
-0.0266836
-0.0275349
-0.0293063
-0.0315033
-0.0332334
-0.0336179
-0.0324507
-0.0303773
-0.0284137
-0.0273152
-0.0271779
-0.0276173
-0.0282902
-0.0289767
-0.0298281
-0.0310501
-0.0327116
-0.0344143
-0.0352519
-0.0343319
-0.0315856
-0.0280155
-0.0251594
-0.0238824
-0.0239923
-0.0246926
-0.0255988
-0.026766
-0.0282902
-0.0298692
-0.0310364
-0.0313522
-0.0307206
-0.0294573
-0.0282352
-0.0277684
-0.0282352
-0.0291552
-0.0297182
-0.0294161
-0.0284687
-0.0274937
-0.0271779
-0.0276585
-0.0285648
-0.0293063
-0.0296084
-0.0293887
-0.0286334
-0.0274663
-0.0263403
-0.0257087
-0.0256812
-0.0260382
-0.026615
-0.0274526
-0.0285236
-0.0294985
-0.0300066
-0.0298692
-0.0292101
-0.0281803
-0.0270543
-0.0260108
-0.025132
-0.0244454
-0.0240884
-0.0241159
-0.0244042
-0.0246102
-0.0245827
-0.024418
-0.024212
-0.0239923
-0.0238412
-0.023855
-0.024006
-0.0241571
-0.0243081
-0.0246651
-0.0253929
-0.0263541
-0.0273564
-0.0282902
-0.0291415
-0.0298281
-0.0302263
-0.0302125
-0.0297182
-0.0287158
-0.0274251
-0.0262579
-0.0255439
-0.0253105
-0.0254753
-0.0260108
-0.0268621
-0.0278508
-0.0286334
-0.0288531
-0.0283314
-0.0272603
-0.0262167
-0.0257773
-0.0259833
-0.0265326
-0.0271367
-0.0275899
-0.0277134
-0.0273427
-0.0266973
-0.026203
-0.0261069
-0.0261756
-0.0261893
-0.0261893
-0.0262305
-0.0262442
-0.0260108
-0.0255988
-0.0253654
-0.0258185
-0.0269994
-0.0283725
-0.0289767
-0.0283039
-0.0269445
-0.0262167
-0.027123
-0.0292101
-0.0310089
-0.0311051
-0.0294024
-0.0269857
-0.0252556
-0.0247612
-0.025132
-0.0255988
-0.0258597
-0.0259696
-0.0260932
-0.0262854
-0.0268072
-0.0279881
-0.0297457
-0.0312836
-0.0316131
-0.0304597
-0.0283451
-0.0262717
-0.0250908
-0.0252556
-0.0265188
-0.0281666
-0.0294298
-0.029883
-0.0295534
-0.0286884
-0.0276723
-0.026917
-0.0265326
-0.0265326
-0.0269033
-0.0274388
-0.0277134
-0.0271917
-0.0259559
-0.0246377
-0.0239099
-0.0239236
-0.024363
-0.0248024
-0.0250359
-0.0249809
-0.0248436
-0.0248574
-0.0252281
-0.025846
-0.0263403
-0.0262991
-0.0256538
-0.0247063
-0.0239511
-0.0237589
-0.0241159
-0.0247887
-0.0255851
-0.0263266
-0.0267797
-0.0267797
-0.02656
-0.0265738
-0.0269857
-0.0274663
-0.0276723
-0.0276173
-0.0274663
-0.027274
-0.0270818
-0.0270955
-0.0274937
-0.0281254
-0.0285922
-0.0285373
-0.0278233
-0.026615
-0.0253517
-0.0245003
-0.0243905
-0.0249535
-0.0259284
-0.0269033
-0.0274114
-0.0271779
-0.0263678
-0.025489
-0.0250084
-0.0251594
-0.0259833
-0.027274
-0.0284824
-0.0289218
-0.0283039
-0.0269033
-0.0253105
-0.0239099
-0.0227565
-0.0217678
-0.0211225
-0.0212049
-0.0222759
-0.0241296
-0.0260382
-0.0273015
-0.0277409
-0.0276997
-0.0276036
-0.0275075
-0.0273427
-0.0271642
-0.027123
-0.0272466
-0.0274663
-0.0275349
-0.0271367
-0.0261756
-0.0249672
-0.0241708
-0.0242669
-0.0251457
-0.0263266
-0.0272878
-0.0278233
-0.0280979
-0.0284
-0.0287158
-0.0286334
-0.0277272
-0.0260657
-0.0242532
-0.0229213
-0.0223995
-0.0227565
-0.0237177
-0.0246514
-0.02472
-0.0236078
-0.021864
-0.020532
-0.0203673
-0.0214932
-0.0234019
-0.0251732
-0.0260657
-0.0259009
-0.0251869
-0.0246102
-0.0245553
-0.0249397
-0.0254066
-0.0256263
-0.0255302
-0.0252693
-0.024926
-0.0244454
-0.0237039
-0.0229075
-0.0226054
-0.0231959
-0.0244866
-0.0257636
-0.0262167
-0.0256263
-0.0245278
-0.0239236
-0.0243905
-0.0256263
-0.0267385
-0.0269445
-0.0261069
-0.0246651
-0.0233744
-0.0228389
-0.023141
-0.0237451
-0.0239099
-0.0233607
-0.0223583
-0.0213971
-0.0206693
-0.0201888
-0.0199004
-0.0198729
-0.0202574
-0.0211911
-0.0224681
-0.023649
-0.0243081
-0.0244042
-0.0242532
-0.0241983
-0.0243356
