LECROYHDO9204-MSöv,30454,Waveform
Segments,1,SegmentSize,2002
Ampl
-0.0150945
-0.0153279
-0.014861
-0.0136252
-0.0122109
-0.0115518
-0.012307
-0.0142706
-0.0166324
-0.0183076
-0.0186234
-0.0175112
-0.0155064
-0.0132682
-0.0113596
-0.0102886
-0.0103847
-0.0115106
-0.0130211
-0.0140509
-0.0143255
-0.0142431
-0.0143942
-0.0149984
-0.0159458
-0.0167971
-0.0171542
-0.0168383
-0.0160007
-0.0150533
-0.0143118
-0.0138861
-0.01379
-0.0140372
-0.0146688
-0.0153828
-0.0156712
-0.0151357
-0.0139136
-0.0126366
-0.0120599
-0.0125679
-0.0138037
-0.0149846
-0.0155339
-0.0154103
-0.0148473
-0.013996
-0.0129524
-0.0119775
-0.0114283
-0.0115244
-0.0121697
-0.0129661
-0.0133643
-0.013076
-0.012307
-0.0115106
-0.0110712
-0.01103
-0.0113184
-0.0118539
-0.0123482
-0.0125954
-0.0126091
-0.0126229
-0.0127053
-0.0124581
-0.0115656
-0.0100963
-0.00865455
-0.00778948
-0.00777575
-0.00839366
-0.00934111
-0.0103435
-0.0111262
-0.0112909
-0.0104945
-0.0089429
-0.00758352
-0.00735009
-0.00848978
-0.0103298
-0.0119226
-0.0127053
-0.0125679
-0.0116754
-0.0103298
-0.00901156
-0.00816023
-0.00799545
-0.00855843
-0.0096432
-0.0107692
-0.0114145
-0.0113596
-0.0109065
-0.0105769
-0.010728
-0.0113047
-0.0119226
-0.0121148
-0.0117578
-0.0113047
-0.0113871
-0.012307
-0.0136802
-0.0148885
-0.0154652
-0.0152318
-0.0142981
-0.0130073
-0.0118265
-0.0111536
-0.0111948
-0.0119912
-0.0131996
-0.0140509
-0.0138999
-0.012925
-0.0120187
-0.0119638
-0.0127739
-0.0138587
-0.0145727
-0.0144903
-0.0135566
-0.0121011
-0.0107142
-0.00990409
-0.00986289
-0.0104533
-0.0112635
-0.0117578
-0.011442
-0.0103023
-0.00892917
-0.00816023
-0.00829754
-0.00903902
-0.00973931
-0.0100139
-0.00983543
-0.00954708
-0.009602
-0.0101924
-0.0110575
-0.0118402
-0.0123482
-0.0126778
-0.0129524
-0.0131446
-0.0131172
-0.0128288
-0.0124993
-0.0124993
-0.0129799
-0.0135291
-0.0134879
-0.0126091
-0.0111948
-0.00986289
-0.00912141
-0.00927245
-0.0102611
-0.0115793
-0.0125679
-0.0129524
-0.012925
-0.0128014
-0.0125405
-0.0119912
-0.0111811
-0.0103984
-0.0100139
-0.0102062
-0.0108515
-0.0117166
-0.0126229
-0.0134055
-0.0138175
-0.0135978
-0.0127739
-0.0118127
-0.0111674
-0.01103
-0.0111948
-0.0114008
-0.0115106
-0.0115244
-0.0115244
-0.0116479
-0.0120324
-0.0124993
-0.0126641
-0.0123757
-0.0118127
-0.0113321
-0.0111948
-0.0114969
-0.0121011
-0.0126503
-0.0127602
-0.0123345
-0.0116479
-0.0111536
-0.0111948
-0.0118814
-0.0130073
-0.0139685
-0.0141745
-0.0135429
-0.0125405
-0.0117166
-0.0113733
-0.011593
-0.0123482
-0.0134605
-0.0143667
-0.0145727
-0.0138861
-0.0126091
-0.0113321
-0.0107142
-0.0110026
-0.0117578
-0.0121972
-0.0120736
-0.0117441
-0.0116891
-0.0119638
-0.012307
-0.0124169
-0.0120324
-0.0111124
-0.00994528
-0.0089429
-0.00829754
-0.00785814
-0.00759725
-0.00763844
-0.00820142
-0.00932738
-0.0108103
-0.0122796
-0.013282
-0.0134742
-0.0128014
-0.0114969
-0.00989036
-0.00821515
-0.0068283
-0.00610055
-0.00625159
-0.00717158
-0.00846231
-0.00973931
-0.0107554
-0.0114008
-0.0117441
-0.0119226
-0.0119363
-0.0116342
-0.0109339
-0.0100551
-0.00946469
-0.00947842
-0.0100963
-0.0109477
-0.0116479
-0.0121148
-0.0125679
-0.0131721
-0.0136527
-0.0135703
-0.0128563
-0.0119226
-0.0112635
-0.0110712
-0.011236
-0.0115518
-0.011799
-0.0117578
-0.0113459
-0.0105632
-0.00965693
-0.00905275
-0.0092038
-0.0102474
-0.0117715
-0.0131446
-0.0138724
-0.0138449
-0.0133232
-0.0126091
-0.0120462
-0.0118951
-0.0121835
-0.0126915
-0.0130348
-0.012925
-0.0123757
-0.0116342
-0.0110712
-0.0110026
-0.011442
-0.0121423
-0.012719
-0.0128288
-0.0122659
-0.0112223
-0.0102886
-0.0101238
-0.0108515
-0.012005
-0.0129387
-0.0133369
-0.0132133
-0.0127876
-0.0122933
-0.0119088
-0.011593
-0.0112635
-0.0110987
-0.0113871
-0.0121697
-0.0130623
-0.0136802
-0.0138449
-0.0135154
-0.0128288
-0.0120187
-0.011442
-0.011236
-0.0113047
-0.0115244
-0.0116068
-0.0112909
-0.0104259
-0.00925872
-0.008325
-0.00799545
-0.00827008
-0.00886052
-0.00945096
-0.00983543
-0.0101238
-0.0105769
-0.0112772
-0.0118814
-0.0120873
-0.0119363
-0.0116617
-0.0112772
-0.0107142
-0.0102474
-0.0103709
-0.0112497
-0.0124718
-0.0135017
-0.0141333
-0.0145452
-0.014916
-0.0152318
-0.0153004
-0.0147787
-0.013584
-0.0121285
-0.0111536
-0.0110163
-0.0114008
-0.0116479
-0.0113871
-0.0108103
-0.0104396
-0.010728
-0.0116754
-0.0128563
-0.0137351
-0.0140646
-0.0140234
-0.0139273
-0.0140097
-0.0143805
-0.0147787
-0.0147924
-0.014147
-0.0131858
-0.0124993
-0.0123894
-0.0125405
-0.0126091
-0.0124718
-0.0121697
-0.0116068
-0.0107142
-0.00968439
-0.00902529
-0.00906649
-0.00980797
-0.010879
-0.012005
-0.0131584
-0.0142981
-0.015067
-0.0149984
-0.0140097
-0.0126503
-0.0115381
-0.0111124
-0.0115106
-0.0126778
-0.0142706
-0.0157124
-0.01655
-0.0168933
-0.0171954
-0.0177858
-0.0184586
-0.0187882
-0.0185273
-0.0177995
-0.0168795
-0.0161655
-0.0158634
-0.015987
-0.0163852
-0.016907
-0.0173052
-0.0172503
-0.0167971
-0.0165225
-0.0169207
-0.0176759
-0.0180879
-0.017827
-0.0172091
-0.0166324
-0.0162616
-0.0161655
-0.0164951
-0.017264
-0.0182527
-0.0191864
-0.0199965
-0.0206419
-0.021095
-0.0213559
-0.0215207
-0.0219326
-0.0228938
-0.0245965
-0.0268896
-0.0294161
-0.0319976
-0.0349086
-0.0385886
-0.0432297
-0.0485299
-0.0540361
-0.0595561
-0.0653232
-0.0717082
-0.0789033
-0.0867164
-0.0946805
-0.102315
-0.10951
-0.116513
-0.123585
-0.130725
-0.137742
-0.14458
-0.15161
-0.159505
-0.168623
-0.178509
-0.188025
-0.196072
-0.202512
-0.208155
-0.213991
-0.220335
-0.226706
-0.232418
-0.237059
-0.240725
-0.243788
-0.246671
-0.249623
-0.252809
-0.256187
-0.259455
-0.262064
-0.263574
-0.264027
-0.263849
-0.263423
-0.262888
-0.262091
-0.260952
-0.259427
-0.257546
-0.255528
-0.253729
-0.252424
-0.251436
-0.250227
-0.248346
-0.245641
-0.242305
-0.238748
-0.235315
-0.232143
-0.229095
-0.22617
-0.223575
-0.221502
-0.219813
-0.218165
-0.21638
-0.214568
-0.213002
-0.211794
-0.210764
-0.209652
-0.208334
-0.207015
-0.206013
-0.20534
-0.204654
-0.20361
-0.202429
-0.201784
-0.202072
-0.202978
-0.203651
-0.203624
-0.203143
-0.202869
-0.203335
-0.20453
-0.206054
-0.207469
-0.208567
-0.209446
-0.21038
-0.211684
-0.213455
-0.215323
-0.216641
-0.21697
-0.216476
-0.215707
-0.215268
-0.215666
-0.217039
-0.219113
-0.221159
-0.222422
-0.222532
-0.221886
-0.22131
-0.221612
-0.222971
-0.224921
-0.226582
-0.227406
-0.227461
-0.227283
-0.227159
-0.226926
-0.226349
-0.225704
-0.225649
-0.22661
-0.228093
-0.228917
-0.228161
-0.226129
-0.224028
-0.222889
-0.222765
-0.222971
-0.22293
-0.2226
-0.222353
-0.222477
-0.222889
-0.22315
-0.222957
-0.222518
-0.222559
-0.223603
-0.225058
-0.225566
-0.224303
-0.221927
-0.220046
-0.21973
-0.220596
-0.221323
-0.220884
-0.219483
-0.218124
-0.217643
-0.217959
-0.218302
-0.218014
-0.217135
-0.216366
-0.21638
-0.217135
-0.217959
-0.218096
-0.217396
-0.216353
-0.215707
-0.215927
-0.216957
-0.218083
-0.218563
-0.218138
-0.217135
-0.216105
-0.21535
-0.214883
-0.214691
-0.214842
-0.21546
-0.216394
-0.217286
-0.217794
-0.217794
-0.217437
-0.21708
-0.217053
-0.217479
-0.218138
-0.218605
-0.218618
-0.218165
-0.217355
-0.216462
-0.215968
-0.216256
-0.217176
-0.217945
-0.217698
-0.216298
-0.21443
-0.213085
-0.212659
-0.212769
-0.212673
-0.212041
-0.21108
-0.210228
-0.209775
-0.209748
-0.209871
-0.209844
-0.209569
-0.209308
-0.209432
-0.210091
-0.211011
-0.211808
-0.212302
-0.212563
-0.212467
-0.211739
-0.210434
-0.209226
-0.208979
-0.209885
-0.211135
-0.21156
-0.210723
-0.209171
-0.207826
-0.20729
-0.207441
-0.207839
-0.208073
-0.207977
-0.207606
-0.207111
-0.206466
-0.205574
-0.204365
-0.203088
-0.202141
-0.201852
-0.202209
-0.202869
-0.203267
-0.203171
-0.202827
-0.202814
-0.203418
-0.204461
-0.20545
-0.205903
-0.205423
-0.203885
-0.201619
-0.199449
-0.198282
-0.198447
-0.199518
-0.200864
-0.202086
-0.203006
-0.203308
-0.202772
-0.201427
-0.19982
-0.198735
-0.198612
-0.199422
-0.20085
-0.202443
-0.203692
-0.204049
-0.20328
-0.201715
-0.200054
-0.198832
-0.198159
-0.197925
-0.197925
-0.19787
-0.197472
-0.196717
-0.195962
-0.195509
-0.195371
-0.195275
-0.195083
-0.194808
-0.194685
-0.19485
-0.195261
-0.195701
-0.195975
-0.195975
-0.195591
-0.194836
-0.193861
-0.193092
-0.1929
-0.193312
-0.193971
-0.194259
-0.193806
-0.192817
-0.191733
-0.190785
-0.189893
-0.188863
-0.187819
-0.187215
-0.187435
-0.1883
-0.189096
-0.189124
-0.188355
-0.187393
-0.186776
-0.186583
-0.186487
-0.186254
-0.185814
-0.18532
-0.185142
-0.185554
-0.186474
-0.187297
-0.187448
-0.186885
-0.18624
-0.186158
-0.186652
-0.187091
-0.186858
-0.185842
-0.1844
-0.182945
-0.181956
-0.181832
-0.18278
-0.184455
-0.186103
-0.186872
-0.186322
-0.184688
-0.182807
-0.181517
-0.18105
-0.180885
-0.180391
-0.179594
-0.179141
-0.179663
-0.180954
-0.181997
-0.181915
-0.180624
-0.17888
-0.177562
-0.176958
-0.176683
-0.176326
-0.176024
-0.176285
-0.177219
-0.178207
-0.178468
-0.177754
-0.176546
-0.175571
-0.175338
-0.175859
-0.176656
-0.17704
-0.176669
-0.17564
-0.174349
-0.173264
-0.172797
-0.173168
-0.174143
-0.17509
-0.17531
-0.17461
-0.173209
-0.171479
-0.169818
-0.168678
-0.168335
-0.168568
-0.168843
-0.16876
-0.168458
-0.168321
-0.168568
-0.16909
-0.169612
-0.16979
-0.169502
-0.16887
-0.168348
-0.168472
-0.16931
-0.170394
-0.17104
-0.170779
-0.169584
-0.167978
-0.166687
-0.166275
-0.166838
-0.168019
-0.169049
-0.16909
-0.167936
-0.16633
-0.165327
-0.165259
-0.165588
-0.165492
-0.164751
-0.163831
-0.163323
-0.163487
-0.16416
-0.16497
-0.165533
-0.165671
-0.165273
-0.164366
-0.163213
-0.162375
-0.162279
-0.162938
-0.163982
-0.165012
-0.165822
-0.166344
-0.166536
-0.166371
-0.165781
-0.164655
-0.162897
-0.160659
-0.158283
-0.156237
-0.154988
-0.154892
-0.155949
-0.157734
-0.159533
-0.160659
-0.160714
-0.159698
-0.158036
-0.156361
-0.155111
-0.154466
-0.154507
-0.155304
-0.156773
-0.158517
-0.159739
-0.159753
-0.158297
-0.155743
-0.152983
-0.151116
-0.1508
-0.151994
-0.154082
-0.156169
-0.157405
-0.157336
-0.156265
-0.155029
-0.154274
-0.153958
-0.153587
-0.152873
-0.151926
-0.151061
-0.150498
-0.150264
-0.150333
-0.150539
-0.150635
-0.150525
-0.15036
-0.150374
-0.150594
-0.1508
-0.150676
-0.150155
-0.149509
-0.149138
-0.149152
-0.149097
-0.148534
-0.147477
-0.146461
-0.145912
-0.145939
-0.146433
-0.147257
-0.14804
-0.148191
-0.147408
-0.146118
-0.145184
-0.145143
-0.145939
-0.14712
-0.148287
-0.149097
-0.149193
-0.148411
-0.146873
-0.145005
-0.143316
-0.142259
-0.142122
-0.142877
-0.14425
-0.145637
-0.146378
-0.146227
-0.145582
-0.145115
-0.14517
-0.145472
-0.145431
-0.144662
-0.143261
-0.141614
-0.140144
-0.139128
-0.138634
-0.138661
-0.139101
-0.139774
-0.14035
-0.140515
-0.14009
-0.139142
-0.13803
-0.137151
-0.136863
-0.137192
-0.137879
-0.138552
-0.138991
-0.13906
-0.13884
-0.138456
-0.138112
-0.137769
-0.137137
-0.135888
-0.134226
-0.132839
-0.132524
-0.13354
-0.135462
-0.137453
-0.138552
-0.138263
-0.136876
-0.135188
-0.133965
-0.133567
-0.133938
-0.134734
-0.135462
-0.135737
-0.135531
-0.135105
-0.134693
-0.134405
-0.134199
-0.134007
-0.133773
-0.133471
-0.133142
-0.132949
-0.132908
-0.132908
-0.132771
-0.132304
-0.131617
-0.131068
-0.131137
-0.131878
-0.132894
-0.133485
-0.13332
-0.132537
-0.131617
-0.131027
-0.130945
-0.131123
-0.131178
-0.130917
-0.130615
-0.130505
-0.130533
-0.13034
-0.12975
-0.12894
-0.128294
-0.128143
-0.128583
-0.129503
-0.130533
-0.131137
-0.130835
-0.129695
-0.128336
-0.127388
-0.127059
-0.127072
-0.126908
-0.12629
-0.125452
-0.124848
-0.124752
-0.124999
-0.125219
-0.125081
-0.124573
-0.123955
-0.123612
-0.123708
-0.12412
-0.124505
-0.124669
-0.124628
-0.124395
-0.124038
-0.123681
-0.123502
-0.123598
-0.123914
-0.124271
-0.124463
-0.124354
-0.123804
-0.122857
-0.121607
-0.120166
-0.118806
-0.117941
-0.117859
-0.11849
-0.119465
-0.120275
-0.120523
-0.120028
-0.119053
-0.118188
-0.117872
-0.11801
-0.118229
-0.11849
-0.119067
-0.120083
-0.120948
-0.120989
-0.120234
-0.11941
-0.119163
-0.11952
-0.120111
-0.12066
-0.120976
-0.120948
-0.120385
-0.119218
-0.117529
-0.115675
-0.11411
-0.113286
-0.113437
-0.114357
-0.115415
-0.11584
-0.115332
-0.114234
-0.113176
-0.112696
-0.112943
-0.113671
-0.114302
-0.114247
-0.113286
-0.111776
-0.11032
-0.109428
-0.109304
-0.109936
-0.111199
-0.112806
-0.114193
-0.114604
-0.113602
-0.111474
-0.109194
-0.107821
-0.107794
-0.108659
-0.10951
-0.109853
-0.109826
-0.109895
-0.11021
-0.110252
-0.109455
-0.10789
-0.106407
-0.105803
-0.106173
-0.10697
-0.107602
-0.10789
-0.108013
-0.108165
-0.108247
-0.108123
-0.107766
-0.107519
-0.107766
-0.108535
-0.109373
-0.109634
-0.109057
-0.108055
-0.107299
-0.107052
-0.10697
-0.106503
-0.105473
-0.104196
-0.103139
-0.102548
-0.10226
-0.101972
-0.10156
-0.101162
-0.101052
-0.101422
-0.102191
-0.103015
-0.103482
-0.103414
-0.103057
-0.102878
-0.103043
-0.103276
-0.103084
-0.102288
-0.101217
-0.100324
-0.0998434
-0.0997336
-0.0998297
-0.0999121
-0.0996512
-0.098896
-0.0977975
-0.09685
-0.0964793
-0.0968912
-0.0978661
-0.0988548
-0.0993354
-0.0990882
-0.0982231
-0.0971933
-0.0964243
-0.0961223
-0.0960673
-0.0960399
-0.0960261
-0.0960536
-0.0959026
-0.0953396
-0.0945569
-0.0942273
-0.0949139
-0.0963831
-0.0977563
-0.0981545
-0.0973443
-0.0957103
-0.0939115
-0.0925933
-0.0921539
-0.0925659
-0.0933486
-0.0939665
-0.09409
-0.093788
-0.0933074
-0.0929641
-0.0929778
-0.0933486
-0.0938429
-0.0940626
-0.0936094
-0.0923324
-0.0906023
-0.0892292
-0.0888585
-0.089545
-0.0907808
-0.0920029
-0.0926757
-0.0925247
-0.0918107
-0.0913987
-0.0919342
-0.0931014
-0.0938703
-0.0934859
-0.0921127
-0.0905062
-0.0893528
-0.0890095
-0.0893802
-0.0900119
-0.0904375
-0.0904513
-0.0902316
-0.0899432
-0.089545
-0.0889271
-0.0881856
-0.0875952
-0.0874304
-0.0878012
-0.0884465
-0.0889546
-0.0889683
-0.0885426
-0.0879934
-0.0877874
-0.0882131
-0.0892567
-0.0904787
-0.0910417
-0.0903826
-0.0888035
-0.0873618
-0.0870459
-0.0879385
-0.0893116
-0.0903963
-0.0908083
-0.0906023
-0.0900256
-0.0893665
-0.0887074
-0.0880208
-0.0873068
-0.0866889
-0.0862907
-0.0861122
-0.0861259
-0.0862633
-0.0863731
-0.0863319
-0.0860985
-0.0858788
-0.0859337
-0.086277
-0.0867164
-0.086991
-0.0868262
-0.0861671
-0.0851785
-0.0842722
-0.0839015
-0.0842448
-0.085151
-0.0862083
-0.0869773
-0.0871146
-0.0865653
-0.0854531
-0.08408
-0.0827206
-0.0815672
-0.0806884
-0.0801941
-0.0802627
-0.0810591
-0.0824872
-0.08408
-0.0851373
-0.085151
-0.0842585
-0.0830639
-0.0821439
-0.081732
-0.081732
-0.0820752
-0.0827893
-0.0838328
-0.0847391
-0.0849725
-0.084437
-0.0836269
-0.0831325
-0.0830227
-0.0829678
-0.0827618
-0.0826657
-0.0828717
-0.0832699
-0.0834896
-0.0832424
-0.0824323
-0.0812926
-0.0803863
-0.0801254
-0.0804412
-0.0808257
-0.0807708
-0.0801666
-0.0792329
-0.0783129
-0.0779147
-0.0783953
-0.0796997
-0.0812651
-0.0823773
-0.0826382
-0.0821027
-0.0812376
-0.0805236
-0.0800293
-0.0793977
-0.0783678
-0.0772144
-0.0765278
-0.0766377
-0.0773242
-0.0782168
-0.0790818
-0.0797959
-0.0801117
-0.0798508
-0.0790818
-0.0781893
-0.0774478
-0.0769398
-0.0764455
-0.075855
-0.075347
-0.075292
-0.0759099
-0.0767887
-0.0772281
-0.0769672
-0.0764729
-0.0764043
-0.0769535
-0.0778323
-0.0786013
-0.0789308
-0.0787111
-0.078052
-0.0772419
-0.0764317
-0.0756216
-0.0747428
-0.0738915
-0.0732735
-0.073095
-0.0733971
-0.0740013
-0.0747291
-0.0754568
-0.0762395
-0.0771183
-0.0778598
-0.0780795
-0.0777362
-0.0770359
-0.0762944
-0.0755804
-0.0750311
-0.0748526
-0.0751822
-0.0758413
-0.0764043
-0.076624
-0.0765416
-0.0764866
-0.0766377
-0.0767475
-0.0762395
-0.0747428
-0.0726694
-0.0711177
-0.0710903
-0.0725458
-0.0744407
-0.0754705
-0.0749625
-0.073301
-0.0715846
-0.0706509
-0.0706921
-0.0714336
-0.0726007
-0.0739189
-0.0748389
-0.0748252
-0.0739738
-0.0730264
-0.0726556
-0.0728067
-0.0729989
-0.0727518
-0.071818
-0.0702115
-0.0684951
-0.0675339
-0.0679458
-0.0694014
-0.070747
-0.0709667
-0.0700604
-0.0689345
-0.0685637
-0.0691405
-0.0701154
-0.0706509
-0.0702252
-0.0688933
-0.0673417
-0.0664354
-0.0667924
-0.0683715
-0.0703351
-0.0715709
-0.0715297
-0.0705548
-0.0695112
-0.068962
-0.068907
-0.0689208
-0.0688658
-0.0689345
-0.0693876
-0.0699918
-0.0701703
-0.0695524
-0.0684676
-0.06763
-0.0673966
-0.0674927
-0.0675614
-0.0675476
-0.067685
-0.0682754
-0.0694151
-0.0707607
-0.0717082
-0.071667
-0.0706234
-0.0691679
-0.0682205
-0.0682754
-0.0692091
-0.0703625
-0.0710216
-0.0708431
-0.0701154
-0.0693602
-0.0688109
-0.0684127
-0.0681655
-0.0682617
-0.0687285
-0.0692091
-0.0692228
-0.0686187
-0.0677673
-0.0672181
-0.0672593
-0.0677948
-0.0685363
-0.069319
-0.0700604
-0.0706509
-0.0709667
-0.0707607
-0.069827
-0.0681381
-0.066202
-0.0648563
-0.0647739
-0.0658587
-0.0673142
-0.0680832
-0.0676987
-0.066408
-0.0648701
-0.0637029
-0.0631811
-0.0633047
-0.0638539
-0.064568
-0.0653369
-0.0661471
-0.0668885
-0.0672181
-0.0669435
-0.0661333
-0.0649936
-0.063648
-0.0622886
-0.0612176
-0.0606958
-0.0607507
-0.0612176
-0.0618767
-0.0624808
-0.0626593
-0.0623161
-0.0617393
-0.0613274
-0.0611764
-0.0611764
-0.0612588
-0.0615196
-0.0619728
-0.0626456
-0.0634969
-0.0644169
-0.0650348
-0.0648289
-0.0634969
-0.0612862
-0.0589244
-0.0572904
-0.0567824
-0.0571943
-0.0580319
-0.0589794
-0.0598719
-0.0605035
-0.060682
-0.0605722
-0.0606683
-0.0611764
-0.0617393
-0.061808
-0.0612176
-0.0603937
-0.0597346
-0.0593364
-0.0589519
-0.0583615
-0.0577024
-0.0574003
-0.0578122
-0.0588009
-0.0597895
-0.060325
-0.0603937
-0.0602015
-0.059817
-0.0591441
-0.0582654
-0.0574827
-0.0570845
-0.0571806
-0.0576886
-0.0585262
-0.0596522
-0.0610116
-0.0622062
-0.0625358
-0.0615196
-0.0595149
-0.0574277
-0.0559036
-0.0549424
-0.0544343
-0.0544618
-0.0550385
-0.0557663
-0.0560684
-0.055629
-0.0547502
-0.05394
-0.0536929
-0.0541048
-0.0547914
-0.0549836
-0.0542284
-0.0528141
-0.0516332
-0.0512899
-0.0518666
-0.0529514
-0.0538988
-0.0542421
-0.0540499
-0.0536654
-0.0533359
-0.0529651
-0.0525532
-0.0522923
-0.0523197
-0.0524159
-0.0523197
-0.0520451
-0.0518666
-0.051949
-0.0524021
-0.0531848
-0.0542421
-0.0552445
-0.0557114
-0.0552582
-0.0540636
-0.0527317
-0.0519078
-0.0518666
-0.0524296
-0.0531299
-0.0534869
-0.0531711
-0.0522099
-0.0509741
-0.050109
-0.0500129
-0.0504111
-0.0506445
-0.0504798
-0.0503013
-0.0506857
-0.0516057
-0.0525532
-0.0531162
-0.0532397
-0.0531436
-0.0531436
-0.0533908
-0.0538027
-0.0539812
-0.0536791
-0.0530338
-0.052512
-0.0525394
-0.0532123
-0.0542558
-0.0551621
-0.0553681
-0.054709
-0.0533221
-0.0516332
-0.0502189
-0.0497932
-0.0506995
-0.0524983
-0.0541185
-0.0545991
-0.0536242
-0.051592
-0.0492852
-0.0476374
-0.0472667
-0.0481867
-0.0498069
-0.0516057
-0.0533221
-0.0547914
-0.0555878
-0.0554505
-0.0544755
-0.0530887
-0.0516469
-0.0503287
-0.0491066
-0.0478571
-0.0465801
-0.0456464
-0.045413
-0.0459485
-0.0469371
-0.0479807
-0.0489968
-0.0500816
-0.051235
-0.0522511
-0.0526356
-0.0519902
-0.0504386
-0.0488183
-0.048118
-0.048681
-0.049958
-0.0510427
-0.0513586
-0.0509604
-0.0502601
-0.0497246
-0.0495735
-0.0497383
-0.0499992
-0.0503425
-0.050878
-0.0515371
-0.0518803
-0.0516195
-0.0508093
-0.0498619
-0.0490929
-0.0485986
-0.0483377
-0.0482965
-0.048324
-0.048118
-0.047404
-0.0463055
-0.0453718
-0.0453168
-0.0464977
-0.0485849
-0.0505347
-0.0514272
-0.0511663
-0.0502463
-0.0491616
-0.0480905
-0.0471019
-0.0464565
-0.0464153
-0.0469783
-0.0477335
-0.0481729
-0.0480768
-0.0477747
-0.047912
-0.0488046
-0.0500678
-0.0509054
-0.0506995
-0.0494087
-0.0476374
-0.0461819
-0.0454816
-0.0455915
-0.0462506
-0.0469783
-0.0472255
-0.04669
-0.0456464
-0.0448088
-0.0446989
-0.0452756
-0.0461956
-0.0472117
-0.048118
-0.0485711
-0.0481867
-0.0471156
-0.0459347
-0.0451246
-0.0447127
-0.0445479
-0.0445479
-0.0445754
-0.0443419
-0.0438613
-0.0436691
-0.044493
-0.046278
-0.0481455
-0.0491204
-0.0489831
-0.0481867
-0.0473491
-0.0467861
-0.0464977
-0.0463467
-0.046127
-0.0457013
-0.0450559
-0.0444518
-0.0442595
-0.0445891
-0.0451795
-0.0456189
-0.0456876
-0.0455777
-0.0454679
-0.0453306
-0.0451933
-0.045207
-0.045564
-0.0460171
-0.0459759
-0.0450285
-0.0434631
-0.0420625
-0.0415408
-0.0419252
-0.0427216
-0.0432572
-0.043216
-0.0427628
-0.0423509
-0.0422822
-0.0425294
-0.0427903
-0.0429001
-0.0429551
-0.0432297
-0.0438888
-0.0448088
-0.04577
-0.04669
-0.0475138
-0.0480768
-0.0480905
-0.0475138
-0.0467449
-0.0463192
-0.0464291
-0.0467174
-0.0465389
-0.0456327
-0.0442046
-0.0428315
-0.0419664
-0.0415957
-0.0415957
-0.0418703
-0.0423646
-0.0429001
-0.0432297
-0.0432846
-0.0431198
-0.0428727
-0.0427354
-0.0430375
-0.0438064
-0.0444655
-0.0442046
-0.042859
-0.0411563
-0.0400853
-0.0401402
-0.0412799
-0.0429825
-0.0445204
-0.0452207
-0.0449049
-0.0439712
-0.0430924
-0.0427079
-0.0428864
-0.0434769
-0.0442595
-0.0450148
-0.0455091
-0.0455228
-0.0450422
-0.0443831
-0.0439025
-0.043724
-0.0436142
-0.0433395
-0.04301
-0.0429688
-0.0433395
-0.0438339
-0.0441909
-0.0445342
-0.0450422
-0.0455228
-0.0455091
-0.0449186
-0.0442321
-0.0439574
-0.0442183
-0.0447127
-0.0451383
-0.0453168
-0.045207
-0.0449049
-0.044438
-0.0438613
-0.0434082
-0.0434357
-0.0440398
-0.044644
-0.0445067
-0.043367
-0.0417193
-0.0403873
-0.0398656
-0.0401951
-0.0409915
-0.0416506
-0.0418703
-0.0418428
-0.0420625
-0.0425157
-0.0427766
-0.0425157
-0.0419252
-0.0415408
-0.0416369
-0.0420488
-0.0423097
-0.04209
-0.0414858
-0.0408817
-0.0404972
-0.0402363
-0.0399479
-0.0396596
-0.0394262
-0.03933
-0.0393712
-0.0395085
-0.0396733
-0.0397008
-0.0394811
-0.0390691
-0.0386709
-0.0384375
-0.0383826
-0.0383826
-0.0384238
-0.0387121
-0.0396047
-0.041019
-0.0424058
-0.0430924
-0.0428727
-0.0421587
