LECROYHDO9204-MSöv,30454,Waveform
Segments,1,SegmentSize,2002
Ampl
-0.0155201
-0.0162754
-0.0171267
-0.0176622
-0.0175249
-0.0168246
-0.0160145
-0.0155339
-0.0155201
-0.0160282
-0.017058
-0.0183762
-0.0194335
-0.0197768
-0.0194747
-0.018898
-0.0184449
-0.0182938
-0.0182938
-0.0182115
-0.0178133
-0.017113
-0.0162204
-0.0151357
-0.0138724
-0.0127053
-0.0121835
-0.0127053
-0.014147
-0.0158909
-0.0171954
-0.0175661
-0.0169757
-0.0158772
-0.014916
-0.0145178
-0.0147787
-0.0156163
-0.0166324
-0.0172777
-0.0171542
-0.0163303
-0.0153416
-0.0146825
-0.0144766
-0.0145864
-0.0147512
-0.0147237
-0.014559
-0.0145864
-0.0150533
-0.0157124
-0.0158772
-0.0152043
-0.0140646
-0.0131035
-0.0126229
-0.0125817
-0.0128426
-0.0132957
-0.0137214
-0.0138861
-0.013639
-0.012925
-0.0118402
-0.0107005
-0.00993155
-0.0098217
-0.0104396
-0.0115793
-0.0127876
-0.0136115
-0.0140234
-0.0145315
-0.0155888
-0.0167697
-0.017058
-0.0158772
-0.0138587
-0.0124169
-0.0124993
-0.0139273
-0.0155339
-0.015987
-0.0148336
-0.0129799
-0.0119226
-0.0124169
-0.0139685
-0.0155201
-0.0165088
-0.0170443
-0.0172503
-0.0169757
-0.0160282
-0.01471
-0.01379
-0.0138037
-0.0144766
-0.0149022
-0.0144766
-0.013584
-0.0131035
-0.0135017
-0.0144217
-0.0152593
-0.0155613
-0.0152181
-0.0145315
-0.0141058
-0.0144766
-0.0154652
-0.0162891
-0.0163166
-0.0157124
-0.0150258
-0.0146276
-0.0145864
-0.0149022
-0.0155476
-0.0164676
-0.0175936
-0.0186646
-0.0192962
-0.0192825
-0.0188706
-0.0184724
-0.0181153
-0.0174151
-0.016193
-0.014916
-0.0143942
-0.0149022
-0.0161106
-0.0173601
-0.0182252
-0.0186097
-0.0185685
-0.0183076
-0.0178956
-0.0172915
-0.0163852
-0.0153416
-0.0146414
-0.0147649
-0.0158497
-0.0174013
-0.0187332
-0.0193374
-0.0192413
-0.0187332
-0.0181428
-0.0176485
-0.0172365
-0.0167285
-0.0159046
-0.0149297
-0.0142981
-0.0143805
-0.014861
-0.0150396
-0.0146551
-0.0141608
-0.0142294
-0.015067
-0.0162204
-0.0169207
-0.0164951
-0.014916
-0.0129524
-0.0116754
-0.0117303
-0.0129799
-0.0146139
-0.0156712
-0.0156163
-0.0146276
-0.0134193
-0.0126778
-0.0126503
-0.0131172
-0.0137488
-0.0142294
-0.014353
-0.0141608
-0.0140372
-0.0144628
-0.0154927
-0.0165637
-0.0169345
-0.016344
-0.0152593
-0.0144766
-0.0145315
-0.0153142
-0.0163303
-0.017113
-0.0174837
-0.017264
-0.016344
-0.0148473
-0.0133232
-0.0123757
-0.0122384
-0.0127464
-0.0135703
-0.0144766
-0.0153142
-0.0158634
-0.0159046
-0.0153828
-0.0145178
-0.0135154
-0.0124993
-0.0115106
-0.0106593
-0.0101787
-0.0104533
-0.0114969
-0.0128288
-0.0137076
-0.0138449
-0.0135703
-0.0133369
-0.0132545
-0.0131858
-0.0130348
-0.0127602
-0.0123345
-0.0118676
-0.0116342
-0.0119638
-0.0128426
-0.0139411
-0.01471
-0.0149297
-0.0148473
-0.0149297
-0.0152318
-0.0151906
-0.0143118
-0.0129112
-0.0117853
-0.0115656
-0.0122933
-0.0137488
-0.0155064
-0.0169207
-0.0172091
-0.0161243
-0.0142294
-0.0123482
-0.0109751
-0.0103847
-0.010879
-0.0126229
-0.0150945
-0.0172228
-0.0180055
-0.017113
-0.0150945
-0.012925
-0.0115656
-0.0113321
-0.0119363
-0.0127327
-0.0131996
-0.0131584
-0.0127602
-0.0124581
-0.0126778
-0.0135566
-0.0148885
-0.0163166
-0.0174837
-0.0181565
-0.018033
-0.0170168
-0.0153691
-0.0137076
-0.0126503
-0.0124169
-0.0126641
-0.0127464
-0.0123208
-0.0117853
-0.0117715
-0.0124032
-0.0131721
-0.0135291
-0.0133918
-0.0131309
-0.0129661
-0.0128838
-0.0127464
-0.0125267
-0.0123208
-0.0122247
-0.012156
-0.0120324
-0.01195
-0.0120599
-0.012362
-0.0125405
-0.0122384
-0.0114694
-0.0106044
-0.0101924
-0.0106181
-0.0119226
-0.013584
-0.0146688
-0.0143805
-0.0128014
-0.0109202
-0.00994528
-0.0102886
-0.0115106
-0.0128288
-0.0136664
-0.0137763
-0.0132682
-0.0124856
-0.0117303
-0.0111811
-0.0108927
-0.0108241
-0.0108927
-0.0109339
-0.0109477
-0.011085
-0.0114145
-0.011799
-0.012005
-0.0119638
-0.0117303
-0.0113733
-0.0110987
-0.0110575
-0.0114283
-0.0122109
-0.0132957
-0.0143118
-0.0148336
-0.0146002
-0.0138037
-0.0129387
-0.0124032
-0.0121697
-0.0120324
-0.01195
-0.0121148
-0.0126915
-0.013584
-0.0142706
-0.0140921
-0.0129387
-0.0114969
-0.0106318
-0.0105769
-0.0108653
-0.0111536
-0.0115656
-0.012362
-0.0134467
-0.0142157
-0.0142157
-0.0135017
-0.0126366
-0.0124169
-0.0131446
-0.0143942
-0.0152318
-0.0149572
-0.0136939
-0.0123208
-0.0116891
-0.0120462
-0.0130211
-0.013996
-0.0144903
-0.0143805
-0.0137076
-0.0127053
-0.0117578
-0.0114008
-0.0118676
-0.0127464
-0.0133781
-0.0134467
-0.0131309
-0.0127464
-0.0125542
-0.0127053
-0.0131858
-0.0138449
-0.0144903
-0.015067
-0.01563
-0.0161106
-0.0161792
-0.0156437
-0.0146139
-0.0135566
-0.0128838
-0.0127464
-0.0128975
-0.0129936
-0.0129936
-0.0131858
-0.0137488
-0.0144217
-0.0146551
-0.0141333
-0.0130485
-0.0119363
-0.0112909
-0.0114283
-0.0121697
-0.0129524
-0.0130073
-0.0121148
-0.010879
-0.010165
-0.0105083
-0.0117578
-0.0133506
-0.0146688
-0.0153691
-0.0154652
-0.0150945
-0.0144491
-0.0136527
-0.0130485
-0.0129524
-0.0134467
-0.0142843
-0.0152043
-0.0160145
-0.0164951
-0.0164676
-0.0160969
-0.0158222
-0.015987
-0.0164401
-0.0168109
-0.0170168
-0.0172365
-0.0177171
-0.018541
-0.0196532
-0.0208478
-0.0220837
-0.0236765
-0.0261206
-0.0296358
-0.0340161
-0.0390417
-0.0447127
-0.0511938
-0.058334
-0.0658312
-0.0736306
-0.0821164
-0.0916733
-0.102356
-0.113753
-0.125301
-0.136561
-0.147614
-0.15919
-0.172166
-0.186762
-0.2021
-0.216861
-0.230249
-0.242483
-0.254402
-0.266444
-0.278349
-0.289718
-0.300731
-0.312155
-0.324623
-0.337874
-0.350726
-0.361766
-0.370293
-0.376664
-0.381992
-0.387292
-0.393032
-0.399321
-0.405953
-0.412475
-0.418091
-0.42184
-0.423186
-0.422389
-0.420508
-0.418929
-0.418448
-0.418764
-0.418805
-0.417515
-0.414645
-0.410745
-0.406736
-0.403124
-0.39976
-0.396066
-0.39181
-0.38721
-0.382651
-0.378202
-0.373671
-0.369043
-0.364553
-0.360393
-0.356589
-0.353019
-0.349573
-0.346195
-0.342844
-0.339631
-0.336789
-0.334688
-0.333342
-0.332313
-0.330939
-0.328839
-0.326175
-0.323456
-0.321231
-0.319872
-0.319543
-0.320284
-0.321836
-0.323497
-0.324403
-0.324211
-0.323346
-0.322687
-0.32292
-0.324348
-0.326848
-0.329951
-0.332903
-0.335059
-0.336171
-0.336391
-0.336267
-0.336487
-0.337475
-0.339123
-0.340853
-0.342089
-0.342844
-0.343558
-0.344657
-0.346277
-0.348213
-0.350232
-0.35214
-0.353788
-0.354969
-0.355601
-0.35582
-0.355971
-0.356507
-0.357605
-0.359075
-0.360324
-0.360722
-0.360036
-0.358759
-0.357811
-0.35788
-0.3588
-0.359816
-0.360297
-0.360242
-0.359953
-0.359432
-0.358594
-0.357564
-0.356823
-0.356713
-0.357166
-0.357647
-0.357441
-0.356273
-0.354433
-0.352648
-0.35144
-0.350946
-0.351069
-0.351495
-0.351852
-0.351825
-0.351454
-0.351083
-0.350863
-0.350712
-0.350506
-0.350342
-0.350369
-0.350396
-0.349916
-0.348557
-0.34662
-0.344904
-0.344149
-0.344341
-0.344767
-0.344753
-0.344341
-0.344121
-0.344478
-0.345179
-0.345494
-0.345
-0.343902
-0.342803
-0.34213
-0.341842
-0.341595
-0.341183
-0.340716
-0.340592
-0.341238
-0.342721
-0.344451
-0.345549
-0.3457
-0.345371
-0.345275
-0.345481
-0.34533
-0.344465
-0.343394
-0.343105
-0.343764
-0.344451
-0.344176
-0.343078
-0.342172
-0.34224
-0.343215
-0.344451
-0.345275
-0.345261
-0.344231
-0.342377
-0.340194
-0.338464
-0.337778
-0.338244
-0.339384
-0.3404
-0.340785
-0.340551
-0.339906
-0.339055
-0.338038
-0.336995
-0.336144
-0.335553
-0.335196
-0.334853
-0.334372
-0.333658
-0.332944
-0.33267
-0.333164
-0.334304
-0.335526
-0.336116
-0.335718
-0.334674
-0.333947
-0.334317
-0.335622
-0.336844
-0.33705
-0.335965
-0.334111
-0.33223
-0.330816
-0.329882
-0.329168
-0.328591
-0.328413
-0.328893
-0.329717
-0.330129
-0.329539
-0.328179
-0.326875
-0.326339
-0.3266
-0.326902
-0.326353
-0.324898
-0.323374
-0.322728
-0.323085
-0.323731
-0.323909
-0.323387
-0.32244
-0.321437
-0.320655
-0.32027
-0.320202
-0.320229
-0.320215
-0.320311
-0.320627
-0.320971
-0.321025
-0.3206
-0.319721
-0.318499
-0.316975
-0.3153
-0.313872
-0.313267
-0.313899
-0.315464
-0.317016
-0.317579
-0.317071
-0.316233
-0.315835
-0.315945
-0.316014
-0.315533
-0.314489
-0.313309
-0.31254
-0.31232
-0.312306
-0.312004
-0.311166
-0.309917
-0.308681
-0.30783
-0.307596
-0.308036
-0.308846
-0.309395
-0.309107
-0.307953
-0.306402
-0.305001
-0.303985
-0.303312
-0.302983
-0.303134
-0.303944
-0.305152
-0.306031
-0.305866
-0.304699
-0.303202
-0.30209
-0.301431
-0.301033
-0.300827
-0.300786
-0.300635
-0.300085
-0.299289
-0.298781
-0.299014
-0.30003
-0.301445
-0.302639
-0.302969
-0.302214
-0.300813
-0.299577
-0.29922
-0.299838
-0.300964
-0.301967
-0.302488
-0.30253
-0.302516
-0.302914
-0.304026
-0.305688
-0.307308
-0.308338
-0.30864
-0.308667
-0.308887
-0.309478
-0.310329
-0.311427
-0.312814
-0.314325
-0.315382
-0.315519
-0.314737
-0.313569
-0.312691
-0.312691
-0.313913
-0.316
-0.318005
-0.319007
-0.31876
-0.317716
-0.316618
-0.315959
-0.315821
-0.315753
-0.315341
-0.314586
-0.313899
-0.313638
-0.313734
-0.313968
-0.314132
-0.314064
-0.313528
-0.312375
-0.310755
-0.309107
-0.307844
-0.30713
-0.30691
-0.306937
-0.306924
-0.306814
-0.306745
-0.306718
-0.306429
-0.305454
-0.303875
-0.302241
-0.301143
-0.300731
-0.300703
-0.30047
-0.299632
-0.298218
-0.296611
-0.295252
-0.294483
-0.294442
-0.295032
-0.295939
-0.296859
-0.297573
-0.297971
-0.297806
-0.296914
-0.295513
-0.294126
-0.293096
-0.29241
-0.291819
-0.29127
-0.290927
-0.291078
-0.291847
-0.293082
-0.294277
-0.294922
-0.29484
-0.294222
-0.293343
-0.292423
-0.291503
-0.290693
-0.290158
-0.290171
-0.290817
-0.291764
-0.292478
-0.292574
-0.292149
-0.291627
-0.291366
-0.291462
-0.291709
-0.29186
-0.291641
-0.290927
-0.289883
-0.288949
-0.288524
-0.28862
-0.288661
-0.288139
-0.286945
-0.285517
-0.284446
-0.284143
-0.284665
-0.285709
-0.286697
-0.286931
-0.285942
-0.283896
-0.281576
-0.279955
-0.279571
-0.280203
-0.280958
-0.280889
-0.279612
-0.277662
-0.276152
-0.276001
-0.277182
-0.278692
-0.279557
-0.279571
-0.279159
-0.278747
-0.278349
-0.277868
-0.277223
-0.276372
-0.275356
-0.274271
-0.273406
-0.273076
-0.273186
-0.273227
-0.272692
-0.271593
-0.270426
-0.269726
-0.26963
-0.269945
-0.27022
-0.270193
-0.269712
-0.268861
-0.267735
-0.266485
-0.265345
-0.264659
-0.264673
-0.265291
-0.266046
-0.266334
-0.265799
-0.26459
-0.263025
-0.261418
-0.260059
-0.259317
-0.259345
-0.259853
-0.260237
-0.260169
-0.259839
-0.259798
-0.260347
-0.261226
-0.261679
-0.260869
-0.2587
-0.256091
-0.254319
-0.254086
-0.25502
-0.256091
-0.256393
-0.255734
-0.254731
-0.254127
-0.2541
-0.254113
-0.253633
-0.252727
-0.251985
-0.252081
-0.253001
-0.25399
-0.254155
-0.253303
-0.252026
-0.251106
-0.250735
-0.250475
-0.249788
-0.248635
-0.24744
-0.246808
-0.246959
-0.247728
-0.248593
-0.249074
-0.248923
-0.248209
-0.246987
-0.245394
-0.243719
-0.242497
-0.242277
-0.24317
-0.244749
-0.246287
-0.247083
-0.246795
-0.245518
-0.243829
-0.242401
-0.241755
-0.241851
-0.242195
-0.242085
-0.24111
-0.23949
-0.237993
-0.237389
-0.237773
-0.238432
-0.23846
-0.237444
-0.235865
-0.234766
-0.234931
-0.236057
-0.236991
-0.236743
-0.235535
-0.234546
-0.23478
-0.235961
-0.236949
-0.23673
-0.235315
-0.233668
-0.232665
-0.232363
-0.232157
-0.231773
-0.231635
-0.232198
-0.233022
-0.23305
-0.231594
-0.228999
-0.22639
-0.224893
-0.225058
-0.226775
-0.229411
-0.23202
-0.233544
-0.233462
-0.232047
-0.230111
-0.228477
-0.227585
-0.227406
-0.227667
-0.227887
-0.22764
-0.226747
-0.225539
-0.22455
-0.224166
-0.224275
-0.224413
-0.224056
-0.22315
-0.222078
-0.22131
-0.221117
-0.221378
-0.221818
-0.222106
-0.222037
-0.22157
-0.220774
-0.219676
-0.218316
-0.216957
-0.216133
-0.216133
-0.216723
-0.217149
-0.216833
-0.215803
-0.214636
-0.214073
-0.214389
-0.215185
-0.215693
-0.215378
-0.214403
-0.213359
-0.212741
-0.212494
-0.212068
-0.211107
-0.209748
-0.208649
-0.208388
-0.209089
-0.210503
-0.21211
-0.213277
-0.213469
-0.212618
-0.211203
-0.209926
-0.209199
-0.208993
-0.209116
-0.20935
-0.209432
-0.208993
-0.207757
-0.205903
-0.204008
-0.2028
-0.202649
-0.203212
-0.203816
-0.203898
-0.203377
-0.202635
-0.202209
-0.202292
-0.202525
-0.202264
-0.201248
-0.19982
-0.198653
-0.1982
-0.198529
-0.199216
-0.19971
-0.19971
-0.199367
-0.19912
-0.199367
-0.200095
-0.200891
-0.201111
-0.200356
-0.198804
-0.196992
-0.195385
-0.194136
-0.193216
-0.19268
-0.192474
-0.192433
-0.19246
-0.192639
-0.193064
-0.193614
-0.194053
-0.194287
-0.194534
-0.194959
-0.195413
-0.195275
-0.194067
-0.191911
-0.18959
-0.188108
-0.187998
-0.189151
-0.191005
-0.192749
-0.193627
-0.193216
-0.191746
-0.189961
-0.188657
-0.187915
-0.187188
-0.186103
-0.185059
-0.184771
-0.185471
-0.186528
-0.187119
-0.186776
-0.185636
-0.184277
-0.183453
-0.183617
-0.184757
-0.186405
-0.187902
-0.18878
-0.188986
-0.188657
-0.187847
-0.18657
-0.185128
-0.184043
-0.183768
-0.184139
-0.184579
-0.184579
-0.184153
-0.1837
-0.183631
-0.184029
-0.184592
-0.184894
-0.184551
-0.183384
-0.181626
-0.179814
-0.178619
-0.1784
-0.178976
-0.179718
-0.179979
-0.17969
-0.179333
-0.179265
-0.17932
-0.179086
-0.178468
-0.177713
-0.176917
-0.176065
-0.175338
-0.175104
-0.175557
-0.176367
-0.176917
-0.176752
-0.175997
-0.175159
-0.174665
-0.174555
-0.174569
-0.174486
-0.174253
-0.173964
-0.173635
-0.17325
-0.172811
-0.172262
-0.171465
-0.170367
-0.169268
-0.168678
-0.168801
-0.169364
-0.169818
-0.169804
-0.169268
-0.168431
-0.167593
-0.167016
-0.166687
-0.166563
-0.166618
-0.166769
-0.16681
-0.166536
-0.166041
-0.165671
-0.165794
-0.166508
-0.167524
-0.168252
-0.168225
-0.167415
-0.166302
-0.165396
-0.164929
-0.164833
-0.164957
-0.165122
-0.164957
-0.164256
-0.163268
-0.162581
-0.162595
-0.163103
-0.163487
-0.16324
-0.16221
-0.160769
-0.159519
-0.159025
-0.15919
-0.159519
-0.15956
-0.159245
-0.158833
-0.158627
-0.15886
-0.159409
-0.159862
-0.159711
-0.158942
-0.157926
-0.157061
-0.156553
-0.156526
-0.157089
-0.157995
-0.158668
-0.158585
-0.157844
-0.156979
-0.156512
-0.156526
-0.156608
-0.156306
-0.155468
-0.154397
-0.153436
-0.152791
-0.152585
-0.152887
-0.153615
-0.15437
-0.154727
-0.15459
-0.15415
-0.153738
-0.15356
-0.153615
-0.153628
-0.153258
-0.15242
-0.151404
-0.150649
-0.150457
-0.150676
-0.150882
-0.150676
-0.150003
-0.149056
-0.148163
-0.147697
-0.147958
-0.148946
-0.150223
-0.151074
-0.150951
-0.149935
-0.148685
-0.147903
-0.147806
-0.148054
-0.148191
-0.147971
-0.147449
-0.146859
-0.146392
-0.14609
-0.145678
-0.144895
-0.143838
-0.142946
-0.142602
-0.142712
-0.142891
-0.143014
-0.143303
-0.143989
-0.144895
-0.145417
-0.14506
-0.143866
-0.14241
-0.141463
-0.141421
-0.142081
-0.142891
-0.14333
-0.14311
-0.142259
-0.141037
-0.139815
-0.139046
-0.139005
-0.139609
-0.140241
-0.140227
-0.139472
-0.138565
-0.138071
-0.137989
-0.137769
-0.137027
-0.135819
-0.134611
-0.13402
-0.134364
-0.135393
-0.136341
-0.136533
-0.135805
-0.134405
-0.132647
-0.130862
-0.12953
-0.129146
-0.129668
-0.130437
-0.130848
-0.130794
-0.130546
-0.130437
-0.130574
-0.130821
-0.130862
-0.130505
-0.129819
-0.12916
-0.128802
-0.128761
-0.128871
-0.128981
-0.12894
-0.128706
-0.12824
-0.127539
-0.126784
-0.126235
-0.126221
-0.126839
-0.127786
-0.128569
-0.12894
-0.129008
-0.129036
-0.129105
-0.129118
-0.128844
-0.128171
-0.127182
-0.126221
-0.125617
-0.125329
-0.125109
-0.124958
-0.125164
-0.125946
-0.127004
-0.127773
-0.127828
-0.127292
-0.126578
-0.12607
-0.125795
-0.125521
-0.125026
-0.12434
-0.123791
-0.123681
-0.124065
-0.124711
-0.125301
-0.125548
-0.125438
-0.125411
-0.12585
-0.126578
-0.126866
-0.126152
-0.124546
-0.122733
-0.121443
-0.121127
-0.121786
-0.123118
-0.124477
-0.12515
-0.124793
-0.123626
-0.122253
-0.121305
-0.120907
-0.120893
-0.121099
-0.121607
-0.122514
-0.123571
-0.124285
-0.124079
-0.122747
-0.120632
-0.118573
-0.117515
-0.117749
-0.118586
-0.11893
-0.118284
-0.117172
-0.116637
-0.117241
-0.118532
-0.119561
-0.119671
-0.118916
-0.117831
-0.117021
-0.116801
-0.11709
-0.117557
-0.117818
-0.117721
-0.117447
-0.117296
-0.117406
-0.11757
-0.117474
-0.117145
-0.11687
-0.116952
-0.117323
-0.117598
-0.117447
-0.116884
-0.116238
-0.115772
-0.115428
-0.114961
-0.114344
-0.113822
-0.11363
-0.113726
-0.11389
-0.114124
-0.114536
-0.115058
-0.115291
-0.114838
-0.113616
-0.111886
-0.110156
-0.108933
-0.108439
-0.108618
-0.109304
-0.110279
-0.111172
-0.111446
-0.110801
-0.10962
-0.108755
-0.108769
-0.109496
-0.11021
-0.110444
-0.110279
-0.110004
-0.109757
-0.109496
-0.109181
-0.108741
-0.108192
-0.107574
-0.107039
-0.106723
-0.106682
-0.106819
-0.107039
-0.107437
-0.108041
-0.108576
-0.108563
-0.10789
-0.106956
-0.106311
-0.106009
-0.105762
-0.105336
-0.104814
-0.104443
-0.104375
-0.104512
-0.104677
-0.104842
-0.105048
-0.105308
-0.105501
-0.105405
-0.104896
-0.104114
-0.103331
-0.102782
-0.10248
-0.102233
-0.101917
-0.101477
-0.101052
-0.100901
-0.10112
-0.101491
-0.101532
-0.100997
-0.100049
-0.0992942
-0.0993765
-0.10053
-0.102205
-0.103427
-0.103414
-0.102205
-0.100475
-0.0991843
-0.0989509
-0.0996649
-0.100544
-0.100736
-0.0999807
-0.0988136
-0.0978798
-0.0973443
-0.0969599
-0.0967539
-0.0970697
-0.0981819
-0.0997198
-0.100777
-0.100585
-0.0992392
-0.0976601
-0.0969873
-0.0977013
-0.0992667
-0.100571
-0.100832
-0.100118
-0.0992392
-0.0989646
-0.0995688
-0.10064
-0.101601
-0.101999
-0.101683
-0.100626
-0.0988548
-0.0965617
-0.0943097
-0.0927444
-0.0921402
-0.0923187
-0.0929503
-0.0938429
-0.0947354
-0.0952847
-0.0951061
-0.094145
-0.0927856
-0.0915498
-0.0908495
-0.0907808
-0.0911241
-0.0914262
-0.0911104
-0.089902
-0.0881444
-0.0867576
-0.086785
-0.0885289
-0.0911653
-0.0932936
-0.0938566
-0.0927306
-0.090671
-0.088831
-0.0880895
-0.0885701
-0.0896137
-0.0901766
-0.0895313
-0.0877188
-0.0855218
-0.08408
-0.0842448
-0.0861122
-0.0888859
-0.0912889
-0.0924286
-0.0922913
-0.0915635
-0.0911241
-0.0913987
-0.0920716
-0.092305
-0.0915223
-0.0900531
-0.0889134
-0.0888585
-0.0897647
-0.0909456
-0.0917283
-0.091742
-0.0909319
-0.0895175
-0.0879385
-0.086634
-0.0858376
-0.0856179
-0.0858788
-0.0863456
-0.0867164
-0.0867713
-0.0864692
-0.0858925
-0.0852334
-0.0846704
-0.0843821
-0.0845469
-0.0852197
-0.086277
-0.0874304
-0.0882543
-0.0883504
-0.0876226
-0.0863045
-0.0851098
-0.0847528
-0.0855355
-0.0868125
-0.0875952
-0.0873068
-0.0863045
-0.0852334
-0.0843409
-0.0833522
-0.0821164
-0.0810729
-0.0809081
-0.0817457
-0.0829952
-0.0839015
-0.0840663
-0.0835994
-0.0827343
-0.0815947
-0.0803863
-0.0795212
-0.0794389
-0.0801391
-0.0811141
-0.0817732
-0.081883
-0.0815535
-0.080963
-0.0804
-0.0802765
-0.0808532
-0.0820066
-0.0832149
-0.0838328
-0.0835307
-0.0823773
-0.0808394
-0.0795762
-0.0790544
-0.0793702
-0.0802627
-0.0812926
-0.0820066
-0.0819517
-0.0809081
-0.0791917
-0.0775851
-0.0767338
-0.0767887
-0.0775577
-0.0787935
-0.080249
-0.0814985
-0.0821302
-0.0818281
-0.0805236
-0.0786424
-0.0769123
-0.0759786
-0.0759511
-0.0764729
-0.0771869
-0.0778735
-0.0782717
-0.0780657
-0.0771869
-0.0760335
-0.0753195
-0.0753882
-0.076061
-0.0767613
-0.0770084
-0.0766102
-0.0757726
-0.0748526
-0.0742622
-0.074221
-0.0746604
-0.0751822
-0.075347
-0.0750723
-0.0746329
-0.0745231
-0.0749899
-0.0758001
-0.0763219
-0.0760061
-0.0748526
-0.0735344
-0.0728341
-0.0731088
-0.07407
-0.0750037
-0.0754156
-0.0751547
-0.0742759
-0.0729715
-0.0716395
-0.0706921
-0.0704037
-0.070747
-0.0714473
-0.0721201
-0.0724359
-0.0723261
-0.0720652
-0.0719004
-0.0718592
-0.0719279
-0.0721888
-0.0727655
-0.0734383
-0.0737816
-0.0735756
-0.0728753
-0.0719279
-0.0709392
-0.0701291
-0.0696897
-0.0697721
-0.070239
-0.0708294
-0.0712963
-0.0715022
-0.0713786
-0.0710216
-0.0706234
-0.0704587
-0.0706097
-0.0709255
-0.0710766
-0.0708157
-0.0702115
-0.0697309
-0.0699231
-0.0708981
-0.0722437
-0.0732735
-0.0734109
-0.0725458
-0.0710079
-0.0695524
-0.0688933
-0.0691817
-0.0699231
-0.070541
-0.0709118
-0.0712001
-0.0713786
-0.0712139
-0.0706784
-0.0701291
-0.070033
-0.0706372
-0.071667
-0.0725183
-0.0726694
-0.0720652
-0.0712825
-0.0710216
-0.0715022
-0.0721888
-0.0722986
-0.0714336
-0.0699506
-0.0687423
-0.0685363
-0.069264
-0.0702252
-0.0708019
-0.0708294
-0.0704587
-0.0698819
-0.069264
-0.0687834
-0.0684951
-0.0683166
-0.0682754
-0.0684951
-0.068962
-0.0693327
-0.069264
-0.0686461
-0.0676987
-0.0668885
-0.06671
-0.0674103
-0.0686461
-0.0696348
-0.0697721
-0.0690993
-0.0681106
-0.0673554
-0.0671494
-0.0675751
-0.0682754
-0.0686736
-0.0684127
-0.0676575
-0.0668885
-0.0664491
-0.066353
-0.0665178
-0.0668199
-0.0670945
-0.0671906
-0.0669984
-0.0667512
-0.0667924
-0.0673829
-0.0683852
-0.0692778
-0.0695249
-0.068962
-0.0678635
-0.0666688
-0.0657077
-0.0651584
-0.0650486
-0.0652957
-0.0657077
-0.0661059
-0.0664491
-0.0668062
-0.0672044
-0.06763
-0.067987
-0.0681655
-0.0680145
-0.0675339
-0.0668885
-0.0664491
-0.0666139
-0.0675751
-0.0690718
-0.0703076
-0.0704998
-0.0694288
-0.067685
-0.0662844
-0.0658862
-0.0664217
-0.0671906
-0.0674927
-0.0671494
-0.0665865
-0.0663668
-0.0666551
-0.0670945
-0.0672593
-0.0671494
-0.0669709
-0.0667787
-0.0664766
-0.0660784
-0.0657626
-0.0657351
-0.0660647
-0.0665727
-0.0669023
-0.0667238
-0.0659411
-0.0647602
-0.0635656
-0.0627143
-0.062371
-0.0623847
-0.0624808
-0.062371
-0.0621925
-0.0623572
-0.0630987
-0.064156
-0.0649936
