LECROYHDO9204-MSöv,30454,Waveform
Segments,1,SegmentSize,2002
Ampl
-0.0181153
-0.0167422
-0.0147924
-0.0132957
-0.0129524
-0.0137076
-0.0149846
-0.016344
-0.01747
-0.0181153
-0.0180604
-0.0173601
-0.0163577
-0.0154515
-0.0148336
-0.0145452
-0.0145727
-0.0148748
-0.0154378
-0.0160969
-0.0167148
-0.0171816
-0.0174151
-0.0173739
-0.0169482
-0.0161655
-0.015424
-0.015273
-0.0159321
-0.0170855
-0.0181016
-0.018541
-0.0181977
-0.0171679
-0.0157948
-0.0146551
-0.0141608
-0.0143667
-0.0150396
-0.015781
-0.0161243
-0.0157398
-0.0146551
-0.0133369
-0.0124856
-0.0125954
-0.0136802
-0.0153142
-0.0167285
-0.0171816
-0.0163989
-0.014916
-0.0137076
-0.0134742
-0.0141333
-0.0150396
-0.0156163
-0.0157261
-0.015424
-0.014861
-0.0143805
-0.0144491
-0.015273
-0.0163303
-0.01655
-0.0151082
-0.0122521
-0.00921753
-0.00733635
-0.007048
-0.00800918
-0.00969812
-0.0115518
-0.0129661
-0.013433
-0.0127876
-0.0112497
-0.00927245
-0.00743247
-0.00653995
-0.00719904
-0.00914887
-0.0113321
-0.0126915
-0.0130073
-0.0127602
-0.0123894
-0.0121285
-0.0121423
-0.0124856
-0.013076
-0.0136252
-0.0138312
-0.0135978
-0.0129387
-0.0119912
-0.0110026
-0.0104671
-0.0108241
-0.012156
-0.0138175
-0.0147924
-0.0143255
-0.0125679
-0.0104945
-0.00906649
-0.00868201
-0.00924499
-0.0104396
-0.0119088
-0.013282
-0.0141608
-0.0141608
-0.0131584
-0.0115381
-0.0100689
-0.00953335
-0.0102199
-0.0117441
-0.0133369
-0.0141882
-0.013996
-0.0129387
-0.0115518
-0.0104808
-0.0101238
-0.0104945
-0.011236
-0.0118676
-0.0122247
-0.0126229
-0.0135017
-0.0146825
-0.0153142
-0.0147649
-0.0132957
-0.0119088
-0.0113321
-0.0114832
-0.011799
-0.0118676
-0.0116342
-0.0113321
-0.0112772
-0.0116754
-0.0124581
-0.0133369
-0.0140234
-0.0143255
-0.0141882
-0.013584
-0.0127602
-0.0121423
-0.01195
-0.0121423
-0.0124169
-0.0125679
-0.0124444
-0.0119088
-0.01103
-0.0101238
-0.009602
-0.00975305
-0.0105906
-0.011799
-0.0128151
-0.0131446
-0.0127464
-0.012005
-0.0113733
-0.0110438
-0.0110163
-0.0112497
-0.0117303
-0.0124169
-0.0131721
-0.013639
-0.0134879
-0.0127327
-0.01195
-0.0117853
-0.012362
-0.0131446
-0.013584
-0.0136939
-0.0138175
-0.013996
-0.0139548
-0.0134467
-0.0127053
-0.0122933
-0.0126503
-0.0135978
-0.0144491
-0.0146276
-0.0141745
-0.0134742
-0.0127876
-0.0120873
-0.0114832
-0.0113047
-0.0117578
-0.0124856
-0.0128838
-0.0126366
-0.0120187
-0.0115244
-0.0115244
-0.012005
-0.0126503
-0.0131996
-0.0135154
-0.013584
-0.0134193
-0.0131309
-0.0129799
-0.0130485
-0.0131035
-0.0128426
-0.0122247
-0.0115381
-0.0111124
-0.01103
-0.0112086
-0.0115518
-0.0119226
-0.0119638
-0.0114145
-0.0103435
-0.00924499
-0.00879186
-0.00936857
-0.0108378
-0.0125405
-0.0137763
-0.0142294
-0.0140509
-0.0134879
-0.0127053
-0.0119363
-0.0113871
-0.0111811
-0.0112635
-0.0116205
-0.0121423
-0.0125542
-0.0124306
-0.0116617
-0.0107692
-0.0104121
-0.0108653
-0.0117853
-0.0125542
-0.0128288
-0.0127464
-0.0127602
-0.0131446
-0.0137488
-0.0141608
-0.014147
-0.01379
-0.0133232
-0.0128426
-0.0124856
-0.0124444
-0.0128426
-0.0135703
-0.014353
-0.0148748
-0.0148885
-0.0143255
-0.0134055
-0.0124581
-0.0117029
-0.0110987
-0.0106181
-0.0104259
-0.0105632
-0.0108241
-0.0109751
-0.0110987
-0.0115244
-0.0123894
-0.013433
-0.0141333
-0.0141196
-0.0133781
-0.012307
-0.0114008
-0.0109477
-0.0109339
-0.0112497
-0.0118402
-0.0126778
-0.0136252
-0.0144766
-0.0149022
-0.0146825
-0.0140372
-0.0135017
-0.0135703
-0.0143118
-0.015424
-0.0164401
-0.016907
-0.0166736
-0.0158772
-0.0150396
-0.0146139
-0.0148061
-0.0153279
-0.0157536
-0.0158497
-0.0156987
-0.0155201
-0.015424
-0.0152318
-0.0145864
-0.0133918
-0.0120187
-0.0110575
-0.010879
-0.0113871
-0.0121148
-0.0125954
-0.0126915
-0.0125267
-0.0123208
-0.0121697
-0.0121011
-0.0121697
-0.0124993
-0.0131309
-0.0139411
-0.0146414
-0.0150258
-0.0150533
-0.0149572
-0.0151082
-0.0156849
-0.0162616
-0.0160831
-0.0147787
-0.0129799
-0.0116754
-0.0113047
-0.0115656
-0.0119912
-0.0123894
-0.0127602
-0.0130073
-0.0130623
-0.0129387
-0.0126641
-0.012307
-0.0121148
-0.0123894
-0.0131309
-0.0138312
-0.0140097
-0.0136115
-0.012925
-0.0122796
-0.0118402
-0.0116342
-0.0115381
-0.011236
-0.0105769
-0.00976678
-0.00924499
-0.00940977
-0.0103435
-0.0117715
-0.0131446
-0.0139411
-0.0140509
-0.0137214
-0.0132957
-0.0129112
-0.0125405
-0.0121423
-0.0118402
-0.0118676
-0.0125405
-0.0137626
-0.0149022
-0.0152593
-0.0146963
-0.0137351
-0.0130073
-0.012719
-0.0127327
-0.0127327
-0.0125817
-0.0124718
-0.0127602
-0.0134742
-0.014147
-0.0141196
-0.0131858
-0.0117715
-0.0106456
-0.0102886
-0.0107417
-0.0116068
-0.0123894
-0.012719
-0.0125817
-0.012156
-0.0115793
-0.0109889
-0.0106456
-0.010879
-0.0117853
-0.0130897
-0.0141882
-0.0145315
-0.0138861
-0.0125405
-0.0111536
-0.0103298
-0.0103435
-0.0109065
-0.0114832
-0.0117029
-0.0117715
-0.0121285
-0.0129936
-0.013996
-0.0144766
-0.0141608
-0.0134055
-0.012719
-0.0122796
-0.0119775
-0.0119088
-0.0122659
-0.0130211
-0.0139136
-0.0147649
-0.0155751
-0.0162479
-0.0166186
-0.0168658
-0.0174013
-0.01839
-0.0193511
-0.019667
-0.0192276
-0.0187195
-0.0189667
-0.0204085
-0.0228114
-0.0255439
-0.0283588
-0.0315307
-0.0357187
-0.0413348
-0.0481867
-0.0555878
-0.0628104
-0.0693739
-0.075141
-0.0803176
-0.0854531
-0.0911653
-0.0977151
-0.104883
-0.112339
-0.120056
-0.128157
-0.136327
-0.143838
-0.150333
-0.156443
-0.163199
-0.171108
-0.179759
-0.1883
-0.196017
-0.202484
-0.207633
-0.211849
-0.215954
-0.220664
-0.226074
-0.231567
-0.236386
-0.240149
-0.242854
-0.244598
-0.245586
-0.246149
-0.246808
-0.247742
-0.248552
-0.248703
-0.247976
-0.246685
-0.245325
-0.244254
-0.243623
-0.243307
-0.243005
-0.242414
-0.241385
-0.239915
-0.237965
-0.235384
-0.232212
-0.228779
-0.225498
-0.222532
-0.219703
-0.216723
-0.213538
-0.210393
-0.207798
-0.20626
-0.205958
-0.206425
-0.206672
-0.205766
-0.203555
-0.200685
-0.198145
-0.196497
-0.195838
-0.196072
-0.196895
-0.197719
-0.197815
-0.196854
-0.195234
-0.193847
-0.193435
-0.194067
-0.195165
-0.195921
-0.195783
-0.194836
-0.193833
-0.193682
-0.194781
-0.196731
-0.198749
-0.200122
-0.200685
-0.20074
-0.200713
-0.201042
-0.201976
-0.203445
-0.20512
-0.206576
-0.207674
-0.208608
-0.209679
-0.211011
-0.212398
-0.213263
-0.213112
-0.212014
-0.210791
-0.21038
-0.21097
-0.211862
-0.212247
-0.211959
-0.211533
-0.211643
-0.212384
-0.213222
-0.213483
-0.213002
-0.212137
-0.211437
-0.211217
-0.211464
-0.211917
-0.212178
-0.211904
-0.211052
-0.210064
-0.209665
-0.210201
-0.211451
-0.212714
-0.213414
-0.213359
-0.212659
-0.21167
-0.210709
-0.21016
-0.210146
-0.210421
-0.210503
-0.210242
-0.209789
-0.209377
-0.208979
-0.208567
-0.208251
-0.208224
-0.208443
-0.208718
-0.20891
-0.209103
-0.209363
-0.209473
-0.208979
-0.207757
-0.206233
-0.205272
-0.205477
-0.206713
-0.208155
-0.208924
-0.20854
-0.207166
-0.205354
-0.203898
-0.203418
-0.204077
-0.205477
-0.206988
-0.208073
-0.208443
-0.208073
-0.207208
-0.20637
-0.206082
-0.206562
-0.207537
-0.208388
-0.208649
-0.208347
-0.208004
-0.208224
-0.209048
-0.209844
-0.209803
-0.208594
-0.206809
-0.205546
-0.205519
-0.206521
-0.207496
-0.207441
-0.20615
-0.2042
-0.202457
-0.201399
-0.201152
-0.201578
-0.202553
-0.203761
-0.204736
-0.205011
-0.204557
-0.203981
-0.203885
-0.204297
-0.204654
-0.20442
-0.203432
-0.202086
-0.200932
-0.200287
-0.200232
-0.200617
-0.201138
-0.201495
-0.201495
-0.201111
-0.200452
-0.199587
-0.198639
-0.197733
-0.197005
-0.196511
-0.196291
-0.196484
-0.197307
-0.198681
-0.200026
-0.200411
-0.199395
-0.197417
-0.19544
-0.194177
-0.193861
-0.194396
-0.195536
-0.196731
-0.197362
-0.197156
-0.196401
-0.195564
-0.194836
-0.194108
-0.193284
-0.192502
-0.192021
-0.191952
-0.192158
-0.192405
-0.192639
-0.1929
-0.193174
-0.193449
-0.193559
-0.193339
-0.192625
-0.191403
-0.19003
-0.189124
-0.189096
-0.189769
-0.190552
-0.191087
-0.191568
-0.192419
-0.193765
-0.195097
-0.195632
-0.194946
-0.193284
-0.191609
-0.19084
-0.191211
-0.192062
-0.192323
-0.191321
-0.189357
-0.187421
-0.186487
-0.186858
-0.18808
-0.189426
-0.190401
-0.190689
-0.190181
-0.189
-0.187517
-0.186268
-0.185636
-0.185759
-0.186501
-0.187462
-0.187998
-0.187558
-0.186103
-0.184277
-0.182958
-0.182519
-0.182711
-0.183178
-0.18381
-0.184537
-0.185032
-0.184894
-0.184125
-0.183205
-0.182643
-0.182615
-0.183
-0.183453
-0.183439
-0.182615
-0.181187
-0.179855
-0.179182
-0.179072
-0.17888
-0.178125
-0.17693
-0.17612
-0.17634
-0.177425
-0.178427
-0.178413
-0.177425
-0.176326
-0.176038
-0.176738
-0.178029
-0.179265
-0.179786
-0.17932
-0.178235
-0.17737
-0.177356
-0.178125
-0.179169
-0.179965
-0.180212
-0.179814
-0.17888
-0.17774
-0.176807
-0.176326
-0.176244
-0.176258
-0.176065
-0.175612
-0.175118
-0.174884
-0.175008
-0.175186
-0.174994
-0.174335
-0.17347
-0.172797
-0.172481
-0.172619
-0.173141
-0.173813
-0.174061
-0.173429
-0.172042
-0.1706
-0.1699
-0.170243
-0.171136
-0.17174
-0.171424
-0.17023
-0.16876
-0.167717
-0.167511
-0.167978
-0.168321
-0.167717
-0.166165
-0.164545
-0.163899
-0.164462
-0.165575
-0.166412
-0.166481
-0.165726
-0.164311
-0.162677
-0.161387
-0.160947
-0.161373
-0.162252
-0.162938
-0.162966
-0.162362
-0.161565
-0.161098
-0.161208
-0.161689
-0.162059
-0.161895
-0.161181
-0.160329
-0.16
-0.160535
-0.161634
-0.162471
-0.162458
-0.161648
-0.160563
-0.159684
-0.159148
-0.158984
-0.159148
-0.159739
-0.160686
-0.161634
-0.161977
-0.161414
-0.160343
-0.159505
-0.159299
-0.159464
-0.159588
-0.159588
-0.159656
-0.159725
-0.159629
-0.159341
-0.159094
-0.159011
-0.158846
-0.15816
-0.156897
-0.1554
-0.15415
-0.153299
-0.152763
-0.152585
-0.153052
-0.154246
-0.155674
-0.156471
-0.156031
-0.154521
-0.152791
-0.15183
-0.152173
-0.153546
-0.155111
-0.156141
-0.156292
-0.155482
-0.153889
-0.151994
-0.150429
-0.14955
-0.149358
-0.149537
-0.149811
-0.149949
-0.149894
-0.149839
-0.150196
-0.151253
-0.152736
-0.153821
-0.15367
-0.152214
-0.150333
-0.149262
-0.149427
-0.150209
-0.150402
-0.149303
-0.147298
-0.145417
-0.144415
-0.144209
-0.14425
-0.144387
-0.144882
-0.145939
-0.147216
-0.147971
-0.147628
-0.1462
-0.144387
-0.14311
-0.142918
-0.143742
-0.145046
-0.146172
-0.146598
-0.146186
-0.145143
-0.143879
-0.142863
-0.14252
-0.143001
-0.144044
-0.144992
-0.145225
-0.144621
-0.143564
-0.142369
-0.141106
-0.139856
-0.139073
-0.139321
-0.140611
-0.142135
-0.142767
-0.141902
-0.139856
-0.137714
-0.136602
-0.136835
-0.137783
-0.138483
-0.138538
-0.138181
-0.137879
-0.137755
-0.137618
-0.137165
-0.136286
-0.135119
-0.133979
-0.133196
-0.132839
-0.132716
-0.132551
-0.13229
-0.132071
-0.132153
-0.132633
-0.133306
-0.133773
-0.133814
-0.133526
-0.133169
-0.132922
-0.132908
-0.133251
-0.133938
-0.134707
-0.135036
-0.134515
-0.133087
-0.131247
-0.129777
-0.12916
-0.129352
-0.129846
-0.130025
-0.12942
-0.127951
-0.126152
-0.125013
-0.125342
-0.127045
-0.129063
-0.130162
-0.12986
-0.128569
-0.127017
-0.12574
-0.125081
-0.12526
-0.126166
-0.127237
-0.127677
-0.126949
-0.125342
-0.123749
-0.122939
-0.122953
-0.123241
-0.123296
-0.123063
-0.122747
-0.122431
-0.122088
-0.121649
-0.121099
-0.120399
-0.119548
-0.118614
-0.11768
-0.116952
-0.116705
-0.117104
-0.118065
-0.119397
-0.12077
-0.1218
-0.121992
-0.121182
-0.119712
-0.118257
-0.117282
-0.116939
-0.117255
-0.118133
-0.119149
-0.119534
-0.118834
-0.117309
-0.115909
-0.115442
-0.116142
-0.117557
-0.118985
-0.119767
-0.119671
-0.118916
-0.118065
-0.117653
-0.117872
-0.118422
-0.118792
-0.118779
-0.118573
-0.118422
-0.118326
-0.117982
-0.117241
-0.116362
-0.115909
-0.116238
-0.117117
-0.117859
-0.117914
-0.117351
-0.116801
-0.116774
-0.117145
-0.117392
-0.117158
-0.116582
-0.116087
-0.116046
-0.116554
-0.117419
-0.118175
-0.118339
-0.117694
-0.116444
-0.115167
-0.114426
-0.114495
-0.115154
-0.115868
-0.116184
-0.116115
-0.115964
-0.115923
-0.115868
-0.115373
-0.11411
-0.112284
-0.110622
-0.110032
-0.110815
-0.112504
-0.114151
-0.114975
-0.114852
-0.11411
-0.113218
-0.1126
-0.112325
-0.112078
-0.111446
-0.110265
-0.108892
-0.108041
-0.108178
-0.109181
-0.110403
-0.111227
-0.11135
-0.111034
-0.110664
-0.11054
-0.110705
-0.110966
-0.110952
-0.11032
-0.108975
-0.107299
-0.105954
-0.105528
-0.10616
-0.107519
-0.108961
-0.109826
-0.10962
-0.108329
-0.106421
-0.104649
-0.103606
-0.103372
-0.103537
-0.103729
-0.103825
-0.103839
-0.103674
-0.103304
-0.103098
-0.103523
-0.104594
-0.105583
-0.105748
-0.105144
-0.104498
-0.104457
-0.104828
-0.10491
-0.104182
-0.102782
-0.101422
-0.100846
-0.101491
-0.103331
-0.105871
-0.108274
-0.109634
-0.109442
-0.108
-0.106242
-0.105006
-0.104457
-0.104004
-0.103125
-0.101848
-0.100736
-0.100187
-0.100214
-0.100544
-0.100887
-0.101093
-0.101038
-0.100708
-0.100338
-0.100269
-0.10064
-0.101134
-0.10123
-0.10064
-0.0996512
-0.0988136
-0.0985252
-0.0988136
-0.0995413
-0.100475
-0.101271
-0.101574
-0.101244
-0.100365
-0.0992118
-0.0982918
-0.0980446
-0.0985939
-0.0994315
-0.0997061
-0.0990607
-0.0978936
-0.097056
-0.097056
-0.0977425
-0.098484
-0.0986351
-0.097921
-0.0966303
-0.0954769
-0.0952297
-0.0961223
-0.0977013
-0.0991294
-0.0998846
-0.0998983
-0.0994864
-0.098896
-0.0980858
-0.0969187
-0.0955044
-0.0942273
-0.0934996
-0.0935271
-0.0941862
-0.0950787
-0.0956279
-0.0953945
-0.0944745
-0.0935133
-0.09317
-0.0935957
-0.0943372
-0.0947766
-0.094653
-0.0942823
-0.0941724
-0.0944745
-0.0948864
-0.0950375
-0.0947629
-0.0941862
-0.0936506
-0.0935133
-0.0937468
-0.093788
-0.0929229
-0.0910554
-0.0888859
-0.087348
-0.0870185
-0.0877188
-0.0889271
-0.0901355
-0.0911104
-0.0917008
-0.0915223
-0.0901355
-0.0875815
-0.0848215
-0.0831875
-0.0835719
-0.085714
-0.0883916
-0.090314
-0.0908495
-0.0902041
-0.0891468
-0.0885976
-0.0890507
-0.0901904
-0.0910966
-0.091028
-0.0899158
-0.0882405
-0.086483
-0.0849588
-0.0839701
-0.0837367
-0.0840937
-0.0847254
-0.0854943
-0.0864555
-0.0874304
-0.0880483
-0.088062
-0.0877188
-0.0874579
-0.0875403
-0.0878149
-0.0880758
-0.0881719
-0.088062
-0.0877737
-0.087348
-0.0869635
-0.0867713
-0.0866752
-0.0864006
-0.0859062
-0.0853845
-0.085
-0.0846842
-0.0843546
-0.0841761
-0.0843409
-0.0848215
-0.0852471
-0.0852883
-0.0849039
-0.0844095
-0.0841075
-0.0840663
-0.0841624
-0.0842585
-0.0843684
-0.0846155
-0.0850274
-0.0853982
-0.0854257
-0.0850412
-0.0843272
-0.0834621
-0.0825833
-0.0818555
-0.0814161
-0.08132
-0.0815397
-0.0819654
-0.082446
-0.0827343
-0.0827206
-0.082652
-0.0828717
-0.0833797
-0.0837367
-0.0835582
-0.0828991
-0.0823361
-0.0822949
-0.0827069
-0.083009
-0.0826794
-0.0816908
-0.0805511
-0.0799057
-0.0800568
-0.0807433
-0.0814573
-0.0817869
-0.0816496
-0.0812376
-0.0808532
-0.0806335
-0.0804138
-0.0800018
-0.0795075
-0.0792054
-0.079329
-0.0796997
-0.0799744
-0.0798645
-0.079535
-0.0794114
-0.0796311
-0.0798096
-0.0793702
-0.0781619
-0.0767613
-0.0759649
-0.0761571
-0.0770222
-0.077901
-0.0782717
-0.0780657
-0.0776813
-0.0776813
-0.0781893
-0.0786699
-0.0784914
-0.0777225
-0.0770908
-0.0769535
-0.0768574
-0.0761983
-0.075141
-0.0744544
-0.0747153
-0.0757314
-0.0766926
-0.0770222
-0.0767475
-0.0763356
-0.0761434
-0.0759649
-0.0753195
-0.0741112
-0.072793
-0.0721201
-0.0725321
-0.0738365
-0.0752646
-0.0759374
-0.0755392
-0.0744682
-0.073507
-0.0732186
-0.0735756
-0.07407
-0.0742897
-0.0742073
-0.0740013
-0.0738777
-0.0737953
-0.0735344
-0.0729715
-0.0723948
-0.0722025
-0.0724771
-0.0728753
-0.0730813
-0.0730813
-0.0730676
-0.0729715
-0.0726968
-0.0722712
-0.0719554
-0.0719004
-0.072024
-0.0721064
-0.0720103
-0.0716533
-0.0711177
-0.0706372
-0.0704449
-0.0706097
-0.0710491
-0.0715022
-0.071667
-0.0715297
-0.071516
-0.0719554
-0.0724222
-0.0719691
-0.070239
-0.0678635
-0.0659823
-0.0653232
-0.0660509
-0.0678085
-0.0699231
-0.071461
-0.0717357
-0.070747
-0.0690993
-0.0677261
-0.0672456
-0.067685
-0.0685637
-0.0693464
-0.0697721
-0.0698682
-0.0696897
-0.0691542
-0.0682617
-0.0674103
-0.0673142
-0.0683715
-0.0703076
-0.0721751
-0.0731774
-0.0729303
-0.0716395
-0.0697172
-0.0676438
-0.0660509
-0.065433
-0.0657351
-0.0662432
-0.0661471
-0.0651721
-0.0637441
-0.0625358
-0.0619041
-0.0618629
-0.0623161
-0.063236
-0.0645542
-0.0659136
-0.0667238
-0.0664217
-0.0648975
-0.0627966
-0.0611489
-0.0606546
-0.061245
-0.0622611
-0.0628653
-0.0627143
-0.062165
-0.0619865
-0.0625769
-0.0634695
-0.0639089
-0.0634557
-0.0622474
-0.0606408
-0.0590343
-0.0580731
-0.0582654
-0.0595286
-0.0611352
-0.0623847
-0.0630163
-0.0630987
-0.0626181
-0.0616432
-0.0605035
-0.0596797
-0.0595286
-0.0599818
-0.060682
-0.0611489
-0.061094
-0.0607919
-0.0608605
-0.061657
-0.0628241
-0.0637578
-0.0641286
-0.0639775
-0.0633871
-0.0624808
-0.0615883
-0.0612176
-0.0615746
-0.0623847
-0.0629752
-0.062728
-0.0615883
-0.0601328
-0.0591991
-0.0592403
-0.0601191
-0.0612038
-0.0617805
-0.061451
-0.0604211
-0.0594737
-0.0592403
-0.0595698
-0.059817
-0.0596659
-0.0593638
-0.0592815
-0.05946
-0.0596797
-0.0597758
-0.0598582
-0.0600779
-0.06038
-0.0605585
-0.0604074
-0.0599818
-0.0595012
-0.0592128
-0.0590618
-0.0589244
-0.0588009
-0.0588283
-0.0590755
-0.0593501
-0.0594325
-0.0591579
-0.0584988
-0.0575925
-0.0568785
-0.0567824
-0.0574277
-0.0585125
-0.0595149
-0.0600504
-0.0599543
-0.0592952
-0.0584301
-0.0577985
-0.0576063
-0.0576749
-0.0577298
-0.057771
-0.0579907
-0.0585262
-0.0594874
-0.0607095
-0.0617256
-0.0617531
-0.0604349
-0.0583203
-0.0565352
-0.0558075
-0.0560546
-0.0566725
-0.0571943
-0.0574552
-0.0576063
-0.0577573
-0.0578534
-0.0576337
-0.0570433
-0.0563979
-0.0560546
-0.055986
-0.0559585
-0.0558075
-0.0555328
-0.0552445
-0.0549287
-0.0545305
-0.0539812
-0.0534182
-0.0532809
-0.053995
-0.0553681
-0.0566725
-0.0572492
-0.0570982
-0.0566451
-0.056343
-0.056343
-0.0565627
-0.0567549
-0.0566039
-0.0560272
-0.055217
-0.0544893
-0.0539126
-0.0533359
-0.0526218
-0.051949
-0.0517293
-0.0523609
-0.0537615
-0.0553543
-0.0562606
-0.0561233
-0.0552308
-0.0542833
-0.0536517
-0.0534182
-0.0534594
-0.0537341
-0.0542558
-0.0551072
-0.0562743
-0.0573591
-0.057771
-0.0573316
-0.0564116
-0.0556152
-0.0551209
-0.0547227
-0.0543108
-0.053995
-0.0540087
-0.0544069
-0.0550111
-0.0554642
-0.0555054
-0.0552445
-0.0551758
-0.0557388
-0.0568098
-0.0577848
-0.0581143
-0.0577298
-0.0571119
-0.0568373
-0.0571669
-0.0578534
-0.0581967
-0.0577024
-0.056549
-0.055423
-0.0549287
-0.0551209
-0.0556015
-0.0558212
-0.055423
-0.0545305
-0.0536654
-0.0533633
-0.0538302
-0.0549699
-0.0563567
-0.0571943
-0.0568785
-0.0554917
-0.0540087
-0.0535006
-0.054146
-0.0552033
-0.0556015
-0.0547639
-0.0529239
-0.0511526
-0.0505622
-0.0514684
-0.0530338
-0.0541048
-0.054146
-0.053377
-0.052306
-0.0513174
-0.050521
-0.0500541
-0.0499992
-0.0503974
-0.0512762
-0.052512
-0.0537341
-0.0543932
-0.0540224
-0.0525669
-0.050466
-0.0486123
-0.0478708
-0.0483514
-0.0493401
-0.0500816
-0.0504935
-0.0510565
-0.0519765
-0.0529514
-0.0535556
-0.0535693
-0.0530887
-0.0523884
-0.0518529
-0.0516881
-0.0516332
-0.0511114
-0.0498481
-0.0481455
-0.0468273
-0.0465664
-0.0474864
-0.0489693
-0.0503013
-0.0511114
-0.0513311
-0.0508917
-0.0496422
-0.0478159
-0.0460309
-0.0450697
-0.0452344
-0.0461956
-0.0472117
-0.0476511
-0.0473079
-0.0465526
-0.0459622
-0.0458935
-0.0460995
-0.0460858
-0.0456601
-0.0450697
-0.0446852
-0.0445891
-0.0446577
-0.0447127
-0.0446852
-0.044644
-0.0447401
-0.0452482
-0.0462368
-0.0474864
-0.0483926
-0.0483514
-0.0472117
-0.0456601
-0.0447676
-0.0450422
-0.0460446
-0.0470195
-0.0476099
-0.0478571
-0.0478296
-0.0474452
-0.0467174
-0.0459073
-0.045358
-0.045207
-0.0453992
-0.0457974
-0.0463329
-0.0469234
-0.047404
-0.0476786
-0.0478159
-0.0480082
-0.0483377
-0.0486123
-0.0484887
-0.0478708
-0.0470744
-0.0465252
-0.0463879
-0.046635
-0.047047
-0.0473216
-0.0472392
-0.0469097
-0.0465938
-0.0464428
-0.0463329
-0.0461132
-0.0458249
-0.0454816
-0.0450148
-0.0443419
-0.0435592
-0.0430924
-0.0432572
-0.0440261
-0.0450148
-0.0457974
-0.0461407
-0.0460995
-0.0459485
-0.0458112
-0.0456876
-0.0455091
-0.045207
-0.0445754
-0.0434769
-0.0420763
-0.0407993
-0.0401951
-0.0405933
-0.0420076
-0.0438888
-0.0453168
-0.0455915
-0.0447676
-0.0435867
-0.0427628
-0.0425569
-0.042804
-0.0431748
-0.0433395
-0.0430787
-0.0425294
-0.0420076
-0.0418154
-0.0418978
-0.0421175
-0.0423921
-0.0426393
-0.042653
-0.0423646
-0.0420488
-0.0420625
-0.0423234
-0.0425431
-0.0426118
-0.0426255
-0.0426393
-0.0426255
-0.0425431
-0.0424607
-0.0425157
-0.0427354
-0.0430237
-0.0430924
-0.042804
-0.0423921
-0.0421724
-0.0421724
-0.0419939
-0.0412799
-0.04025
-0.0395497
-0.039742
-0.0409229
-0.0425843
-0.0439849
-0.0446165
-0.044493
-0.0439849
-0.0435043
-0.043161
-0.0428452
-0.0423646
-0.0416781
-0.0409778
-0.0404835
-0.0402226
-0.0400303
-0.0396596
-0.0391653
-0.0387671
-0.0386847
-0.0390142
-0.0397557
-0.0408817
-0.0421724
-0.043216
-0.0436966
-0.0436004
-0.0430787
-0.0422136
-0.0412112
-0.0404148
-0.0401264
-0.04025
-0.0404285
-0.0403187
-0.0396733
-0.0384787
-0.0372292
-0.0366387
-0.0371056
-0.0381629
-0.0390142
-0.03933
-0.0393987
-0.0396321
-0.0401539
-0.040662
-0.0407718
-0.0404148
-0.0398518
-0.0394536
-0.0393026
-0.0391241
-0.0387808
-0.0384924
-0.0386435
-0.0393163
-0.0402088
-0.0408267
-0.0409229
-0.0406345
-0.0403461
-0.0404148
-0.0409778
-0.041884
-0.042804
-0.0432709
-0.042859
-0.0414446
-0.0396459
-0.0386023
-0.039179
-0.04117
-0.0433533
-0.0445479
-0.044438
-0.0434906
-0.0424196
-0.0416506
-0.0411151
-0.0405109
-0.0397008
-0.0390142
-0.0389181
-0.0395635
-0.0407306
-0.041884
-0.0425157
-0.0423921
-0.041733
-0.041019
-0.0405384
-0.0402363
-0.0399891
-0.0397694
-0.0396184
