LECROYHDO9204-MSöv,30454,Waveform
Segments,1,SegmentSize,2002
Ampl
-0.012156
-0.0124993
-0.0127464
-0.0126366
-0.0120736
-0.0113047
-0.0106181
-0.0101924
-0.0101375
-0.0105495
-0.0113596
-0.0122384
-0.0128975
-0.0134879
-0.0142843
-0.0151769
-0.0153554
-0.0141608
-0.0118676
-0.00972558
-0.00892917
-0.00984916
-0.0117441
-0.013433
-0.0140509
-0.0136527
-0.0128838
-0.0123208
-0.0122521
-0.0127053
-0.0135154
-0.0142431
-0.0143667
-0.0138724
-0.0132682
-0.0131858
-0.0137626
-0.0146551
-0.0154378
-0.0157398
-0.0153691
-0.0144217
-0.0132682
-0.0124169
-0.0121835
-0.0126503
-0.0136115
-0.0146688
-0.0153554
-0.0153691
-0.0147237
-0.0137214
-0.0127464
-0.0121285
-0.0118814
-0.0118402
-0.0119226
-0.0122521
-0.0128288
-0.013282
-0.0131996
-0.012719
-0.0124581
-0.0128838
-0.0137763
-0.0145178
-0.0146139
-0.0139823
-0.0128426
-0.0115793
-0.0107005
-0.0104945
-0.0109614
-0.0118127
-0.0126641
-0.0131035
-0.0127602
-0.0116205
-0.0101512
-0.00909395
-0.00891544
-0.00945096
-0.0103023
-0.0112635
-0.0124032
-0.0136527
-0.0145178
-0.0144491
-0.0134467
-0.0122521
-0.0116754
-0.0118539
-0.0122109
-0.0122521
-0.0119226
-0.0114832
-0.0112635
-0.0114008
-0.0118814
-0.0124169
-0.0125954
-0.0122933
-0.0118265
-0.0116617
-0.0119363
-0.0124169
-0.0126641
-0.0124581
-0.0118814
-0.0113047
-0.0111124
-0.0114283
-0.0121835
-0.0130073
-0.0135017
-0.0134742
-0.0132545
-0.0135017
-0.0146825
-0.0165912
-0.0184037
-0.01931
-0.0189667
-0.0176897
-0.0162479
-0.0154927
-0.0157124
-0.0163852
-0.0167834
-0.0168109
-0.0168246
-0.0169345
-0.016701
-0.0156575
-0.0140921
-0.0127464
-0.0122384
-0.0125679
-0.0133369
-0.0141196
-0.0146963
-0.0149297
-0.0148473
-0.0145452
-0.0140234
-0.0131858
-0.0121011
-0.0111399
-0.0109614
-0.0119226
-0.0136527
-0.0150945
-0.0153004
-0.0142706
-0.0127876
-0.0116068
-0.0110438
-0.0110026
-0.0113321
-0.0118951
-0.0124581
-0.0128426
-0.0129661
-0.0127876
-0.012307
-0.0116891
-0.0111674
-0.010879
-0.0108653
-0.0112635
-0.0122659
-0.0138724
-0.0156025
-0.0167422
-0.0167285
-0.0155339
-0.0136252
-0.011799
-0.0107005
-0.0105357
-0.0111124
-0.0121148
-0.0131858
-0.0138037
-0.013584
-0.0127053
-0.0118265
-0.0114969
-0.0117441
-0.0122933
-0.0128838
-0.0134742
-0.0140509
-0.0144903
-0.0145315
-0.013996
-0.0131584
-0.0126641
-0.0130623
-0.014202
-0.0153004
-0.0157124
-0.0154103
-0.0146963
-0.0138312
-0.0131172
-0.0129799
-0.0136252
-0.0146276
-0.0153142
-0.0153416
-0.0149984
-0.0146963
-0.0144354
-0.0138999
-0.0129387
-0.0118676
-0.0113321
-0.0115793
-0.012362
-0.0131721
-0.0137214
-0.0138724
-0.0135703
-0.0129387
-0.0124444
-0.0125405
-0.0132408
-0.0142706
-0.0152181
-0.01563
-0.015067
-0.0134879
-0.0115793
-0.0102611
-0.0100414
-0.0107142
-0.0117715
-0.0127602
-0.0135017
-0.013996
-0.0142569
-0.0143667
-0.0145727
-0.0151494
-0.0161106
-0.0169207
-0.0169482
-0.0160831
-0.0150945
-0.0148336
-0.0154652
-0.0163028
-0.0166049
-0.0161381
-0.0152867
-0.0146688
-0.0147787
-0.0157536
-0.0173876
-0.0190903
-0.0201888
-0.0202849
-0.0193923
-0.0179506
-0.0166598
-0.0160694
-0.0162891
-0.0169757
-0.0177171
-0.0182252
-0.0184037
-0.0182664
-0.0179368
-0.0175524
-0.0169619
-0.0159458
-0.0145178
-0.013076
-0.0120187
-0.0114832
-0.0114969
-0.0120736
-0.013076
-0.0139823
-0.0142431
-0.0137214
-0.0128426
-0.012307
-0.0124444
-0.0129387
-0.0131172
-0.0126915
-0.0120873
-0.0119912
-0.0125405
-0.0131996
-0.0134055
-0.0131584
-0.0128151
-0.0126366
-0.0128288
-0.0135154
-0.0145452
-0.0153828
-0.0154652
-0.0148885
-0.0142431
-0.0140646
-0.0143118
-0.0146002
-0.0147649
-0.0149984
-0.0153828
-0.0156849
-0.0155201
-0.0147512
-0.0136939
-0.0127739
-0.0122933
-0.012307
-0.0127739
-0.013639
-0.0147375
-0.0157124
-0.0162342
-0.0161518
-0.0156849
-0.0151219
-0.0147375
-0.0146551
-0.014861
-0.0152455
-0.0156575
-0.0159184
-0.0158497
-0.015424
-0.0148061
-0.0141882
-0.0136527
-0.0131584
-0.0126503
-0.012156
-0.0118265
-0.0118951
-0.0124856
-0.013282
-0.013639
-0.0131172
-0.0120187
-0.0110712
-0.0109339
-0.0117441
-0.0131584
-0.0144217
-0.0148061
-0.013996
-0.0124718
-0.0111811
-0.0109751
-0.0120324
-0.0138449
-0.0156025
-0.0166461
-0.0167148
-0.0160007
-0.0150533
-0.0144628
-0.0144217
-0.0146139
-0.0145727
-0.0142706
-0.0142706
-0.0151494
-0.0167148
-0.0180055
-0.0181565
-0.0172091
-0.0159321
-0.0150945
-0.0149022
-0.0151219
-0.015273
-0.0149709
-0.014202
-0.0134467
-0.0131858
-0.0134742
-0.0138861
-0.0141882
-0.0145864
-0.0152043
-0.0156575
-0.0153828
-0.0143393
-0.0132408
-0.0128151
-0.0131858
-0.0138861
-0.0144079
-0.0147512
-0.0152318
-0.0160145
-0.0167971
-0.0171267
-0.0168795
-0.0162754
-0.0155201
-0.0146825
-0.0138724
-0.013227
-0.012925
-0.0131584
-0.013996
-0.0151906
-0.0161106
-0.0162891
-0.0158222
-0.0153416
-0.0153279
-0.0157948
-0.0164813
-0.0172365
-0.017978
-0.0184861
-0.01839
-0.0175112
-0.0161655
-0.0150396
-0.0147787
-0.0154378
-0.0165088
-0.0172915
-0.0174837
-0.017113
-0.0162754
-0.0152318
-0.0145178
-0.0145315
-0.0150121
-0.0152181
-0.0148061
-0.0142431
-0.0143393
-0.0155339
-0.0177171
-0.0204771
-0.0232783
-0.0255851
-0.0270681
-0.028043
-0.0292376
-0.0314758
-0.0351283
-0.0401127
-0.0459485
-0.0521412
-0.0584164
-0.0648838
-0.0719142
-0.0798096
-0.0885564
-0.0978249
-0.107121
-0.116211
-0.125081
-0.133759
-0.142218
-0.150608
-0.159492
-0.169488
-0.180706
-0.192598
-0.20431
-0.215309
-0.225525
-0.235178
-0.244282
-0.252452
-0.259427
-0.265689
-0.272211
-0.279722
-0.288029
-0.296254
-0.303518
-0.309436
-0.314187
-0.318279
-0.322151
-0.325845
-0.328976
-0.331104
-0.33212
-0.332285
-0.332148
-0.332244
-0.332834
-0.33359
-0.333617
-0.332134
-0.329003
-0.324898
-0.320778
-0.317304
-0.314435
-0.311592
-0.308338
-0.304891
-0.301884
-0.299577
-0.2976
-0.295403
-0.292945
-0.29068
-0.288963
-0.287494
-0.285311
-0.281713
-0.276866
-0.271785
-0.267556
-0.264783
-0.263327
-0.262517
-0.261748
-0.260869
-0.260059
-0.259455
-0.259002
-0.2587
-0.258755
-0.259345
-0.260183
-0.260636
-0.260347
-0.259496
-0.258741
-0.25859
-0.259166
-0.2601
-0.26102
-0.261844
-0.262888
-0.264453
-0.26632
-0.267927
-0.268847
-0.269163
-0.269369
-0.269849
-0.270824
-0.272335
-0.274257
-0.276372
-0.278363
-0.279928
-0.280985
-0.281782
-0.28277
-0.284198
-0.285846
-0.287219
-0.288057
-0.288386
-0.288373
-0.288084
-0.287727
-0.287563
-0.2877
-0.287782
-0.287453
-0.286862
-0.286574
-0.286945
-0.287741
-0.288359
-0.288359
-0.287535
-0.285997
-0.284047
-0.282221
-0.281095
-0.28104
-0.281878
-0.28299
-0.283581
-0.283278
-0.28229
-0.281205
-0.280628
-0.280779
-0.28137
-0.281795
-0.281548
-0.280546
-0.279104
-0.277621
-0.276358
-0.275438
-0.275026
-0.275095
-0.275369
-0.275534
-0.275575
-0.275795
-0.276303
-0.276756
-0.276536
-0.275342
-0.273557
-0.271978
-0.271181
-0.27125
-0.271923
-0.272843
-0.273722
-0.274367
-0.274628
-0.274477
-0.274051
-0.273886
-0.274422
-0.275685
-0.277017
-0.277511
-0.27666
-0.27482
-0.273049
-0.272348
-0.273021
-0.274518
-0.275946
-0.276591
-0.27633
-0.275561
-0.274889
-0.274738
-0.275108
-0.275575
-0.275658
-0.275191
-0.274326
-0.273419
-0.272856
-0.272788
-0.273007
-0.273021
-0.272527
-0.271744
-0.271113
-0.270934
-0.271085
-0.271291
-0.271346
-0.27125
-0.271016
-0.270659
-0.270165
-0.269616
-0.269053
-0.268339
-0.267199
-0.265606
-0.264041
-0.263231
-0.26356
-0.264728
-0.265881
-0.266389
-0.266169
-0.26562
-0.265153
-0.264851
-0.264549
-0.264178
-0.263739
-0.263409
-0.263286
-0.2633
-0.263231
-0.262956
-0.262544
-0.262187
-0.262009
-0.262009
-0.262064
-0.262146
-0.262407
-0.263011
-0.263863
-0.264659
-0.265085
-0.265098
-0.2647
-0.263904
-0.262682
-0.261391
-0.260608
-0.260787
-0.261775
-0.262791
-0.263039
-0.262297
-0.261199
-0.260608
-0.26091
-0.261789
-0.262393
-0.262105
-0.260952
-0.259661
-0.259098
-0.259675
-0.261089
-0.262627
-0.263574
-0.263492
-0.262352
-0.260608
-0.258919
-0.257738
-0.256983
-0.25631
-0.255528
-0.254814
-0.254443
-0.254374
-0.254209
-0.253605
-0.252672
-0.251958
-0.252026
-0.252946
-0.254141
-0.254827
-0.254484
-0.253317
-0.252136
-0.251861
-0.252699
-0.253894
-0.254319
-0.253441
-0.251669
-0.249802
-0.24836
-0.247303
-0.246424
-0.245724
-0.245353
-0.24538
-0.245614
-0.24571
-0.24538
-0.244543
-0.243279
-0.242016
-0.24133
-0.241549
-0.242318
-0.242785
-0.242442
-0.241645
-0.241137
-0.241275
-0.241714
-0.241975
-0.241865
-0.241522
-0.241151
-0.240629
-0.239819
-0.238872
-0.238281
-0.238446
-0.239297
-0.240245
-0.240616
-0.240204
-0.239339
-0.238638
-0.23835
-0.238185
-0.237705
-0.236771
-0.235714
-0.234945
-0.234574
-0.234395
-0.234066
-0.233475
-0.23272
-0.232171
-0.232047
-0.232308
-0.232624
-0.232652
-0.232391
-0.231965
-0.231443
-0.230729
-0.22985
-0.229232
-0.229438
-0.230509
-0.231677
-0.23202
-0.231223
-0.229837
-0.228628
-0.227942
-0.227653
-0.227392
-0.227035
-0.226788
-0.226939
-0.22764
-0.228724
-0.229644
-0.229782
-0.228862
-0.227241
-0.225704
-0.224825
-0.224509
-0.224303
-0.223836
-0.223081
-0.222271
-0.221625
-0.221282
-0.221172
-0.221145
-0.221172
-0.221419
-0.222092
-0.22304
-0.223644
-0.223273
-0.221996
-0.220568
-0.219662
-0.219195
-0.218536
-0.217355
-0.215968
-0.215103
-0.215131
-0.215748
-0.216147
-0.215872
-0.215021
-0.214101
-0.213442
-0.213071
-0.212851
-0.212659
-0.212508
-0.212453
-0.212343
-0.211945
-0.211176
-0.210366
-0.210119
-0.210723
-0.211835
-0.212686
-0.2127
-0.21178
-0.210297
-0.208924
-0.208251
-0.208306
-0.208553
-0.208485
-0.208018
-0.207455
-0.206988
-0.206617
-0.206329
-0.206192
-0.206246
-0.206356
-0.20637
-0.206137
-0.20556
-0.204557
-0.203198
-0.201839
-0.200878
-0.200534
-0.200795
-0.201509
-0.202333
-0.202841
-0.20269
-0.202017
-0.201262
-0.200864
-0.200795
-0.20074
-0.200452
-0.199985
-0.199504
-0.199024
-0.198488
-0.198104
-0.198241
-0.198928
-0.199683
-0.199903
-0.19934
-0.198337
-0.197404
-0.196882
-0.196841
-0.197211
-0.197829
-0.198461
-0.198859
-0.198818
-0.19831
-0.197445
-0.19636
-0.195261
-0.194314
-0.193792
-0.193902
-0.194657
-0.195824
-0.197088
-0.198035
-0.198227
-0.197307
-0.195536
-0.193875
-0.193312
-0.193984
-0.19522
-0.196195
-0.196593
-0.196484
-0.196003
-0.195193
-0.194232
-0.193284
-0.192392
-0.191362
-0.190208
-0.18922
-0.188725
-0.18867
-0.188574
-0.187998
-0.187009
-0.18602
-0.185416
-0.185197
-0.185142
-0.185114
-0.185169
-0.185279
-0.185224
-0.184798
-0.184057
-0.183535
-0.1837
-0.184496
-0.185224
-0.185128
-0.184249
-0.183357
-0.183151
-0.183659
-0.184441
-0.185073
-0.185389
-0.185361
-0.185114
-0.184881
-0.184977
-0.185402
-0.185787
-0.185746
-0.185224
-0.18462
-0.184125
-0.183549
-0.182588
-0.181283
-0.180102
-0.179388
-0.179155
-0.1791
-0.178908
-0.178276
-0.177177
-0.175804
-0.17472
-0.1745
-0.175338
-0.176738
-0.177892
-0.178249
-0.177864
-0.176972
-0.175832
-0.174665
-0.173717
-0.173319
-0.173552
-0.174349
-0.175379
-0.176175
-0.176134
-0.175063
-0.173429
-0.171918
-0.170998
-0.170669
-0.170751
-0.170971
-0.171026
-0.170738
-0.170188
-0.169584
-0.169021
-0.168472
-0.168033
-0.167909
-0.168005
-0.16773
-0.166536
-0.164613
-0.162952
-0.162485
-0.163295
-0.164504
-0.164998
-0.164202
-0.162499
-0.160879
-0.160329
-0.161139
-0.162719
-0.164009
-0.164339
-0.163913
-0.163529
-0.163748
-0.16438
-0.164696
-0.164105
-0.162595
-0.160755
-0.159464
-0.159217
-0.15989
-0.16081
-0.161442
-0.161579
-0.161194
-0.160357
-0.159382
-0.158819
-0.159052
-0.159711
-0.159959
-0.159231
-0.157624
-0.155729
-0.154205
-0.153505
-0.153656
-0.154356
-0.15518
-0.155729
-0.15562
-0.154686
-0.153354
-0.152434
-0.15242
-0.153189
-0.154205
-0.15507
-0.155455
-0.155084
-0.153917
-0.152255
-0.150663
-0.149578
-0.149207
-0.149482
-0.150141
-0.150827
-0.151239
-0.151171
-0.150649
-0.149894
-0.149344
-0.149358
-0.149866
-0.150429
-0.150525
-0.150237
-0.149976
-0.149962
-0.149949
-0.149537
-0.148672
-0.147738
-0.147092
-0.146845
-0.146832
-0.1469
-0.147079
-0.147491
-0.148122
-0.14874
-0.149015
-0.14874
-0.148026
-0.147395
-0.147243
-0.147642
-0.148218
-0.148603
-0.148685
-0.148562
-0.148397
-0.148095
-0.147395
-0.146145
-0.144758
-0.143989
-0.144374
-0.145733
-0.147271
-0.148273
-0.148562
-0.148342
-0.147806
-0.146955
-0.145733
-0.144223
-0.142753
-0.141655
-0.141188
-0.141312
-0.141614
-0.1416
-0.141106
-0.140584
-0.140584
-0.141133
-0.141627
-0.141518
-0.140817
-0.139938
-0.139376
-0.139348
-0.139705
-0.139938
-0.139733
-0.139142
-0.138538
-0.138112
-0.137632
-0.136767
-0.13549
-0.134226
-0.133567
-0.133883
-0.134968
-0.136259
-0.137206
-0.13759
-0.137467
-0.137014
-0.136465
-0.136039
-0.135902
-0.135998
-0.136135
-0.136176
-0.136176
-0.136204
-0.136259
-0.1363
-0.13619
-0.135709
-0.134652
-0.133224
-0.13181
-0.130848
-0.130739
-0.131782
-0.133979
-0.136574
-0.138346
-0.138414
-0.136849
-0.134679
-0.133045
-0.132496
-0.132812
-0.133471
-0.133924
-0.133828
-0.133087
-0.131837
-0.130491
-0.129475
-0.129077
-0.129269
-0.129901
-0.130752
-0.131384
-0.131343
-0.130437
-0.12894
-0.127333
-0.126029
-0.125315
-0.125356
-0.126029
-0.126715
-0.12677
-0.126029
-0.125013
-0.124395
-0.124656
-0.125809
-0.127457
-0.128775
-0.128844
-0.127402
-0.12515
-0.123365
-0.122884
-0.123708
-0.125095
-0.126111
-0.126194
-0.125315
-0.123997
-0.122871
-0.122335
-0.12239
-0.122651
-0.122678
-0.122417
-0.122321
-0.122816
-0.123832
-0.124834
-0.125425
-0.125727
-0.12596
-0.126235
-0.126509
-0.126702
-0.126606
-0.12596
-0.124601
-0.122775
-0.121017
-0.119781
-0.119122
-0.118779
-0.118518
-0.118257
-0.117996
-0.117639
-0.117227
-0.117007
-0.117337
-0.118353
-0.119822
-0.121264
-0.122239
-0.122404
-0.121607
-0.120001
-0.118229
-0.117035
-0.11676
-0.117076
-0.117392
-0.117378
-0.117186
-0.117172
-0.117447
-0.117708
-0.117543
-0.116925
-0.116238
-0.116032
-0.116541
-0.117639
-0.118861
-0.119658
-0.119863
-0.119561
-0.118943
-0.118133
-0.117337
-0.116788
-0.116582
-0.116554
-0.116458
-0.116211
-0.115909
-0.115758
-0.115799
-0.115964
-0.116005
-0.115744
-0.115099
-0.114289
-0.113794
-0.114014
-0.114824
-0.115579
-0.115566
-0.114687
-0.113533
-0.112943
-0.113204
-0.113904
-0.114398
-0.114385
-0.113918
-0.113273
-0.112737
-0.112435
-0.112339
-0.112325
-0.112229
-0.111803
-0.11076
-0.109098
-0.10745
-0.106805
-0.107574
-0.10903
-0.10995
-0.109702
-0.108769
-0.107931
-0.107629
-0.107766
-0.108192
-0.108824
-0.109442
-0.109689
-0.109263
-0.108288
-0.107272
-0.10675
-0.106929
-0.107464
-0.107656
-0.107052
-0.105926
-0.105185
-0.105514
-0.106791
-0.108288
-0.1094
-0.109881
-0.109757
-0.109194
-0.108274
-0.107052
-0.105707
-0.104567
-0.103922
-0.103853
-0.104059
-0.104334
-0.104526
-0.104581
-0.104334
-0.103661
-0.102727
-0.101944
-0.101587
-0.10156
-0.101464
-0.100846
-0.0996924
-0.0983467
-0.0972619
-0.0967402
-0.09685
-0.0974542
-0.0981819
-0.0985252
-0.0981957
-0.0974267
-0.0967814
-0.0967402
-0.0972482
-0.0978387
-0.0979073
-0.0971521
-0.0958476
-0.0947217
-0.0943784
-0.0947491
-0.0952847
-0.0954906
-0.0953945
-0.0953808
-0.0958751
-0.0968775
-0.0978387
-0.0979897
-0.0969599
-0.0951199
-0.0934447
-0.0927581
-0.0932662
-0.0944745
-0.0955593
-0.0958476
-0.0951473
-0.0938291
-0.0926208
-0.0920441
-0.092099
-0.092662
-0.0935683
-0.0946805
-0.0957652
-0.096493
-0.0968088
-0.0968912
-0.0969187
-0.0967676
-0.096136
-0.0949002
-0.0934309
-0.0924286
-0.0923874
-0.0931289
-0.0939802
-0.0944059
-0.0942411
-0.0936506
-0.0929778
-0.092456
-0.0921677
-0.0920853
-0.0921951
-0.092456
-0.0925384
-0.0921814
-0.0913987
-0.0907122
-0.090465
-0.0907396
-0.0914536
-0.0924698
-0.0935545
-0.0943372
-0.0945569
-0.0942411
-0.0934584
-0.0922363
-0.0906984
-0.089188
-0.0881994
-0.087911
-0.0881307
-0.0885014
-0.0887349
-0.0885976
-0.0879797
-0.0870871
-0.0863868
-0.0861397
-0.086277
-0.0864143
-0.0862907
-0.0858788
-0.0855218
-0.085714
-0.0866065
-0.0876776
-0.088117
-0.0876364
-0.0867164
-0.086071
-0.0858788
-0.0858513
-0.085508
-0.0846292
-0.0832973
-0.0819242
-0.0811003
-0.0812102
-0.0821302
-0.0833385
-0.0842997
-0.0847666
-0.0848352
-0.0847666
-0.0847528
-0.0848627
-0.0851236
-0.0855492
-0.0861259
-0.0865928
-0.0865379
-0.0856865
-0.0841761
-0.0826108
-0.0818006
-0.0821714
-0.0834896
-0.0849176
-0.0854394
-0.0846018
-0.0829403
-0.0815947
-0.0814985
-0.0827069
-0.0843134
-0.085151
-0.0846155
-0.0831325
-0.0817182
-0.0812376
-0.0819517
-0.0834758
-0.0848901
-0.0853021
-0.0843546
-0.0825284
-0.0806884
-0.0795624
-0.0794526
-0.0804412
-0.0823224
-0.0844645
-0.0859886
-0.0861946
-0.085151
-0.0836681
-0.082652
-0.082446
-0.0827481
-0.0828991
-0.0824872
-0.0815809
-0.0806197
-0.0800156
-0.0799744
-0.0804962
-0.0812788
-0.0818693
-0.0818967
-0.0815397
-0.0812102
-0.0810729
-0.0809218
-0.0805923
-0.0803039
-0.0804138
-0.0809767
-0.0816496
-0.0820752
-0.0822126
-0.0823773
-0.082803
-0.0832561
-0.0831737
-0.0824597
-0.0816908
-0.0817182
-0.0827618
-0.0843684
-0.0860298
-0.0876364
-0.0893665
-0.0913438
-0.0934721
-0.095422
-0.0969736
-0.0982781
-0.0998571
-0.102095
-0.104663
-0.106778
-0.107959
-0.1087
-0.110059
-0.112723
-0.116541
-0.12066
-0.124148
-0.126468
-0.127622
-0.128006
-0.12824
-0.128844
-0.130052
-0.131604
-0.132949
-0.133705
-0.133993
-0.134309
-0.135091
-0.136245
-0.137371
-0.138057
-0.138236
-0.138071
-0.137851
-0.137728
-0.137645
-0.137398
-0.136739
-0.135613
-0.134419
-0.133746
-0.133979
-0.13483
-0.135462
-0.135078
-0.133663
-0.131947
-0.130684
-0.130025
-0.129613
-0.12905
-0.128267
-0.127416
-0.126647
-0.12596
-0.125287
-0.124752
-0.124546
-0.124573
-0.124546
-0.124203
-0.123681
-0.123228
-0.12298
-0.122802
-0.122431
-0.1218
-0.121058
-0.120413
-0.120083
-0.120124
-0.12055
-0.121182
-0.121717
-0.121745
-0.121209
-0.120468
-0.11996
-0.119822
-0.119973
-0.120317
-0.120935
-0.121841
-0.122816
-0.123489
-0.123681
-0.123475
-0.123104
-0.122747
-0.122623
-0.122912
-0.123626
-0.124409
-0.124697
-0.124285
-0.123543
-0.123186
-0.123667
-0.124724
-0.125507
-0.125329
-0.124285
-0.123063
-0.12239
-0.122321
-0.122472
-0.122431
-0.122198
-0.122157
-0.122623
-0.123461
-0.124257
-0.124738
-0.12493
-0.124958
-0.124862
-0.124573
-0.124052
-0.123337
-0.122459
-0.121525
-0.120783
-0.120468
-0.120591
-0.120893
-0.121017
-0.120674
-0.119726
-0.118435
-0.117337
-0.116939
-0.117323
-0.118188
-0.119149
-0.120015
-0.120797
-0.12147
-0.121937
-0.122115
-0.122088
-0.122047
-0.122184
-0.122555
-0.123035
-0.123324
-0.123228
-0.12272
-0.122006
-0.121429
-0.121209
-0.121168
-0.120907
-0.120179
-0.119259
-0.1186
-0.118532
-0.118971
-0.119671
-0.12044
-0.120976
-0.120948
-0.120028
-0.118284
-0.116156
-0.114275
-0.113039
-0.112558
-0.112833
-0.113781
-0.115264
-0.116939
-0.118271
-0.11882
-0.118559
-0.117859
-0.117213
-0.116925
-0.116911
-0.116884
-0.116719
-0.116527
-0.116527
-0.116705
-0.116829
-0.116678
-0.116266
-0.115868
-0.115689
-0.115827
-0.116142
-0.116266
-0.115936
-0.11525
-0.114522
-0.11411
-0.114069
-0.114165
-0.114165
-0.11389
-0.113465
-0.113149
-0.1133
-0.113863
-0.114357
-0.11422
-0.113341
-0.11216
-0.111364
-0.111309
-0.111899
-0.112613
-0.113053
-0.11308
-0.112833
-0.112545
-0.112284
-0.111968
-0.111501
-0.110856
-0.110252
-0.110101
-0.110567
-0.111295
-0.11168
-0.111309
-0.110334
-0.109208
-0.10837
-0.108041
-0.108165
-0.108453
-0.108659
-0.108659
-0.10859
-0.108549
-0.108535
-0.108741
-0.109277
-0.109908
-0.110142
-0.109689
-0.108714
-0.107698
-0.106915
-0.106325
-0.105816
-0.105295
-0.104704
-0.10399
-0.103331
-0.103262
-0.104279
-0.106366
-0.108879
-0.110924
-0.111803
-0.111529
-0.110444
-0.108988
-0.107492
-0.10627
-0.105569
-0.105267
-0.104883
-0.104045
-0.102947
-0.102191
-0.102219
-0.102933
-0.103688
-0.103839
-0.103317
-0.102864
-0.103372
-0.104855
-0.106407
-0.107066
-0.106585
-0.105501
-0.104485
-0.103894
-0.103606
-0.103331
-0.102768
-0.101958
-0.101244
-0.100928
-0.101065
-0.101477
-0.101931
-0.102315
-0.10259
-0.102562
-0.102054
-0.101011
-0.0996924
-0.0985252
-0.0978661
-0.0978524
-0.0983467
-0.0990058
-0.0995688
-0.100077
-0.10064
-0.101148
-0.101258
-0.100612
-0.0993354
-0.097976
-0.097207
-0.0971933
-0.0974816
-0.0973443
-0.0965891
-0.0956554
-0.095216
-0.0956279
-0.0968363
-0.0983879
-0.0996649
-0.100214
-0.099967
-0.0992255
-0.0982506
-0.0971796
-0.0961909
-0.0956279
-0.0957378
-0.0963282
-0.0968088
-0.0967402
-0.0960948
-0.0952572
-0.0946942
-0.0946805
-0.0951061
-0.0955455
-0.0956279
-0.0953121
-0.094859
-0.094653
-0.0949002
-0.0954906
-0.0960124
-0.0959987
-0.0953121
-0.0942685
-0.0934035
-0.0930602
-0.093225
-0.0935683
-0.0938154
-0.0938017
-0.0935133
-0.0929366
-0.0921402
-0.0913575
-0.0909731
-0.0911516
-0.0915772
-0.0917832
-0.091536
-0.0910005
-0.0903414
-0.0898196
-0.0895587
-0.0894626
-0.0891331
-0.088268
-0.0872244
-0.0866752
-0.0869773
-0.0878973
-0.0889546
-0.0898196
-0.0903002
-0.0902316
-0.0895862
-0.0885838
-0.0874991
-0.0865104
-0.0857689
-0.0854531
-0.085714
-0.0865104
-0.087554
-0.0885014
-0.0891331
-0.0894901
-0.0898471
-0.0903277
-0.0905886
-0.0900393
-0.0885564
-0.0866752
-0.0853433
-0.0851648
-0.0859337
-0.0868537
-0.0871421
-0.0866477
-0.0858513
-0.0854668
-0.0859062
-0.0870185
-0.0883092
-0.0891743
-0.0892429
-0.0884053
-0.0868262
-0.0849725
-0.0835994
-0.0833248
-0.0842173
