LECROYHDO9204-MSöv,30454,Waveform
Segments,1,SegmentSize,2002
Ampl
-0.0132957
-0.013282
-0.013282
-0.0134193
-0.0135703
-0.0135154
-0.0131858
-0.0126503
-0.0121285
-0.0118539
-0.0119775
-0.0124581
-0.0131858
-0.0140097
-0.0146002
-0.0146963
-0.0142981
-0.0137488
-0.0133232
-0.0131035
-0.0128975
-0.0126091
-0.0122659
-0.0120324
-0.012156
-0.0127876
-0.0138724
-0.0151906
-0.0164264
-0.0172777
-0.01747
-0.0169619
-0.0160282
-0.0150945
-0.0144217
-0.0139685
-0.0137763
-0.0141058
-0.0150396
-0.0160969
-0.01655
-0.0161792
-0.0154515
-0.0150533
-0.0153142
-0.0159733
-0.0165225
-0.0166186
-0.0162754
-0.0158085
-0.0156712
-0.0163028
-0.0177446
-0.0194473
-0.020587
-0.020587
-0.0195297
-0.0179918
-0.0166324
-0.0157673
-0.015479
-0.0156849
-0.0162754
-0.0170443
-0.0176897
-0.0179231
-0.0176485
-0.0170718
-0.0165637
-0.0164676
-0.0168521
-0.0175386
-0.0181153
-0.0181428
-0.0174151
-0.0162479
-0.0155064
-0.0158222
-0.0168521
-0.0175661
-0.0171542
-0.0157124
-0.0141333
-0.0134193
-0.0138999
-0.015067
-0.0160419
-0.016344
-0.0162067
-0.0161518
-0.0164539
-0.0168795
-0.017113
-0.0169482
-0.0162891
-0.0152593
-0.014353
-0.0142157
-0.0151769
-0.0168246
-0.0183076
-0.018898
-0.0184174
-0.0172091
-0.0158634
-0.0149572
-0.0148061
-0.0153416
-0.0162067
-0.0168246
-0.016701
-0.0157124
-0.0144217
-0.01379
-0.0144628
-0.016193
-0.018033
-0.0188431
-0.0180055
-0.0158634
-0.0136664
-0.0126641
-0.0131446
-0.0143255
-0.015067
-0.0147512
-0.0135291
-0.0121835
-0.0116479
-0.0122933
-0.0137076
-0.0148885
-0.0150807
-0.0143118
-0.013227
-0.0124718
-0.0122933
-0.0124856
-0.0127464
-0.0130485
-0.0134879
-0.0140784
-0.0144628
-0.014353
-0.0137763
-0.0131035
-0.0125954
-0.0123208
-0.0124856
-0.0133369
-0.0149022
-0.0166186
-0.0176485
-0.0174837
-0.0163852
-0.0151357
-0.0144354
-0.014353
-0.0146414
-0.0150807
-0.0156987
-0.0163715
-0.0167697
-0.0166873
-0.0162754
-0.0157398
-0.015067
-0.0142157
-0.0135978
-0.0138587
-0.0151494
-0.016701
-0.0174837
-0.0170306
-0.0157536
-0.0143805
-0.0133918
-0.0129524
-0.0130073
-0.013584
-0.0146688
-0.0161243
-0.0175798
-0.0185822
-0.0188706
-0.0185685
-0.0179918
-0.01747
-0.0172365
-0.0173189
-0.0174562
-0.0173052
-0.0167148
-0.0159184
-0.0152455
-0.0148199
-0.0144903
-0.0139411
-0.0130485
-0.0119226
-0.0110987
-0.011085
-0.012005
-0.0133232
-0.0143805
-0.0147924
-0.0146139
-0.0142294
-0.0140372
-0.0141058
-0.0141608
-0.0138724
-0.0133643
-0.0130897
-0.0135291
-0.0148061
-0.0165912
-0.0182527
-0.0191452
-0.0189529
-0.0179643
-0.0167697
-0.015987
-0.0159184
-0.0165774
-0.0176485
-0.0185135
-0.0186509
-0.0180741
-0.0172365
-0.0165637
-0.0160694
-0.0155751
-0.0150396
-0.0147375
-0.0148885
-0.0154927
-0.0161518
-0.0164951
-0.0164539
-0.0163715
-0.0166736
-0.0174151
-0.0182938
-0.0187882
-0.0185822
-0.0175661
-0.0159321
-0.0143942
-0.0138175
-0.0146414
-0.0162754
-0.0175249
-0.0174013
-0.0158772
-0.0138999
-0.0127876
-0.0131721
-0.0145864
-0.0159595
-0.0166873
-0.0169345
-0.017058
-0.017113
-0.0169482
-0.0164264
-0.0156437
-0.0148885
-0.0145452
-0.0149022
-0.0159458
-0.0173876
-0.018747
-0.0195297
-0.0194198
-0.0184861
-0.0170718
-0.0156163
-0.0143942
-0.0135978
-0.0134742
-0.0141196
-0.0151631
-0.0158634
-0.0157261
-0.0149984
-0.0144217
-0.014504
-0.0151906
-0.0159321
-0.0162754
-0.016193
-0.0159733
-0.015987
-0.0163989
-0.0171542
-0.0179368
-0.0184312
-0.0183076
-0.0176073
-0.0167285
-0.0163028
-0.0167285
-0.0177034
-0.0184449
-0.0182801
-0.0172777
-0.0161106
-0.0155064
-0.0156849
-0.0162342
-0.0165088
-0.0161243
-0.0150807
-0.0135978
-0.0121011
-0.0111948
-0.0115106
-0.0132133
-0.0156575
-0.0177995
-0.0188706
-0.0188019
-0.0180604
-0.0173464
-0.017113
-0.0173876
-0.0178133
-0.0179643
-0.0176759
-0.0171816
-0.0167971
-0.0167285
-0.0168246
-0.0168658
-0.0168109
-0.0167697
-0.0167422
-0.0165088
-0.0159321
-0.0152593
-0.0149984
-0.0152181
-0.0155064
-0.0153966
-0.0149846
-0.0147375
-0.0150533
-0.0158085
-0.0165637
-0.0169207
-0.0168383
-0.0164951
-0.0160831
-0.0155888
-0.0149709
-0.0143667
-0.013996
-0.013996
-0.0143393
-0.0149984
-0.0156849
-0.0159321
-0.0154378
-0.014504
-0.0137488
-0.0135703
-0.0139685
-0.0148336
-0.0159458
-0.0169207
-0.0172365
-0.0167422
-0.0156712
-0.0143942
-0.0133232
-0.0128563
-0.0131584
-0.0138861
-0.0144628
-0.0146276
-0.0146825
-0.0150533
-0.0157948
-0.0166461
-0.0172503
-0.0173876
-0.017113
-0.0166324
-0.0163989
-0.0167285
-0.0175798
-0.0184724
-0.0187058
-0.017978
-0.01655
-0.0152043
-0.0145178
-0.0146139
-0.0151219
-0.0156437
-0.015987
-0.0161243
-0.0162342
-0.0165225
-0.0170992
-0.0177995
-0.0182801
-0.0183625
-0.0181016
-0.0177034
-0.0173601
-0.0172228
-0.0173464
-0.0176759
-0.0180879
-0.018335
-0.0181291
-0.0171816
-0.0155751
-0.0139823
-0.0132682
-0.013639
-0.014559
-0.0153828
-0.0159046
-0.016344
-0.0169345
-0.0175936
-0.0180192
-0.017978
-0.0175798
-0.0173739
-0.017827
-0.0189529
-0.0202025
-0.0208616
-0.0203947
-0.0187744
-0.0167422
-0.0155339
-0.0160557
-0.0180879
-0.0204634
-0.022015
-0.0223857
-0.0222896
-0.0228663
-0.0248574
-0.0280018
-0.0312698
-0.0338513
-0.0357874
-0.0378883
-0.0408954
-0.0451383
-0.050466
-0.0566588
-0.0635381
-0.0710216
-0.0790406
-0.0874441
-0.0960399
-0.104745
-0.113616
-0.122706
-0.132139
-0.142218
-0.153313
-0.165643
-0.179045
-0.192927
-0.206631
-0.21973
-0.232226
-0.244364
-0.256338
-0.268078
-0.279447
-0.290432
-0.301239
-0.312155
-0.323195
-0.334043
-0.344025
-0.352497
-0.359294
-0.364828
-0.369909
-0.375319
-0.381484
-0.388185
-0.394611
-0.399719
-0.402863
-0.404223
-0.40469
-0.405088
-0.405637
-0.406035
-0.405994
-0.405431
-0.404511
-0.403303
-0.40171
-0.39954
-0.396629
-0.393087
-0.38916
-0.385191
-0.381333
-0.377502
-0.373396
-0.368728
-0.363647
-0.3588
-0.354845
-0.351811
-0.349188
-0.346469
-0.343435
-0.340139
-0.336816
-0.333823
-0.331461
-0.329759
-0.328605
-0.327836
-0.327163
-0.326079
-0.324129
-0.321479
-0.318966
-0.317291
-0.316604
-0.316604
-0.317002
-0.317428
-0.31762
-0.31762
-0.317634
-0.317785
-0.318087
-0.318705
-0.319886
-0.321753
-0.324266
-0.327397
-0.330884
-0.334152
-0.336473
-0.337736
-0.338629
-0.339892
-0.341581
-0.34316
-0.344231
-0.345055
-0.346208
-0.347842
-0.349531
-0.350616
-0.350959
-0.35085
-0.350589
-0.350383
-0.350493
-0.351165
-0.352388
-0.353692
-0.354502
-0.354612
-0.35442
-0.354488
-0.355051
-0.355834
-0.35637
-0.356411
-0.35604
-0.355587
-0.355257
-0.355079
-0.35479
-0.354104
-0.353156
-0.35258
-0.352882
-0.353761
-0.354406
-0.354296
-0.353513
-0.352429
-0.351275
-0.350108
-0.349174
-0.348776
-0.348914
-0.349078
-0.348708
-0.347774
-0.346909
-0.346936
-0.348117
-0.349737
-0.350479
-0.349531
-0.347321
-0.345179
-0.344025
-0.343764
-0.343709
-0.343435
-0.343119
-0.343229
-0.343847
-0.344547
-0.344794
-0.344231
-0.342995
-0.341622
-0.340812
-0.340895
-0.341567
-0.342213
-0.342419
-0.342226
-0.342007
-0.342185
-0.342803
-0.343435
-0.343572
-0.342968
-0.341993
-0.341334
-0.341581
-0.342762
-0.344259
-0.345316
-0.345494
-0.344904
-0.343915
-0.342789
-0.34176
-0.341142
-0.341252
-0.341952
-0.342638
-0.342776
-0.342323
-0.341746
-0.341512
-0.341705
-0.34202
-0.341993
-0.34143
-0.34051
-0.339796
-0.339659
-0.340098
-0.340771
-0.341238
-0.34121
-0.340675
-0.339727
-0.338478
-0.337091
-0.335732
-0.334647
-0.333988
-0.333713
-0.333562
-0.333191
-0.332601
-0.332175
-0.332326
-0.332999
-0.333672
-0.333754
-0.333274
-0.332821
-0.333054
-0.333864
-0.334455
-0.334029
-0.332642
-0.33109
-0.330239
-0.330321
-0.330843
-0.331132
-0.330747
-0.329717
-0.328454
-0.327534
-0.327328
-0.327699
-0.328125
-0.328179
-0.32774
-0.326916
-0.325873
-0.324719
-0.323634
-0.322728
-0.322042
-0.321506
-0.321025
-0.320614
-0.320353
-0.32027
-0.320408
-0.320696
-0.321067
-0.321369
-0.321465
-0.321341
-0.321025
-0.320408
-0.319488
-0.31854
-0.317867
-0.317497
-0.31703
-0.316165
-0.315052
-0.314146
-0.313995
-0.314846
-0.316494
-0.318252
-0.319309
-0.319227
-0.318266
-0.317263
-0.317016
-0.317593
-0.318197
-0.317744
-0.315753
-0.312787
-0.309972
-0.308228
-0.307789
-0.30831
-0.309285
-0.310288
-0.311153
-0.311798
-0.311881
-0.310919
-0.30864
-0.305495
-0.302667
-0.301184
-0.301253
-0.302392
-0.303834
-0.304933
-0.305331
-0.305029
-0.30437
-0.303971
-0.304246
-0.305029
-0.305564
-0.305015
-0.30323
-0.30095
-0.299413
-0.299399
-0.300758
-0.302584
-0.303889
-0.303958
-0.302749
-0.300758
-0.298795
-0.297449
-0.297078
-0.297682
-0.298932
-0.30025
-0.301005
-0.300799
-0.299619
-0.2976
-0.295293
-0.293467
-0.292794
-0.29322
-0.294016
-0.294291
-0.293563
-0.292204
-0.291229
-0.291462
-0.292739
-0.29392
-0.29392
-0.292657
-0.291064
-0.29002
-0.289622
-0.289416
-0.289018
-0.288469
-0.28792
-0.287302
-0.286368
-0.285091
-0.283828
-0.283072
-0.283031
-0.283471
-0.283938
-0.28402
-0.283567
-0.282661
-0.281589
-0.280779
-0.280628
-0.281246
-0.282304
-0.283155
-0.283347
-0.282839
-0.281988
-0.281178
-0.280628
-0.280354
-0.280285
-0.280299
-0.280203
-0.279791
-0.279063
-0.278267
-0.277813
-0.277813
-0.278019
-0.278143
-0.278212
-0.278294
-0.278253
-0.277731
-0.27655
-0.275122
-0.274037
-0.273516
-0.273268
-0.272829
-0.271936
-0.270756
-0.269602
-0.268765
-0.268421
-0.268586
-0.269218
-0.27011
-0.270769
-0.270536
-0.269163
-0.267254
-0.265867
-0.265579
-0.266114
-0.266719
-0.266911
-0.26665
-0.266183
-0.265744
-0.265373
-0.264824
-0.263808
-0.262325
-0.2608
-0.259853
-0.259771
-0.260457
-0.261528
-0.262599
-0.263203
-0.262846
-0.261418
-0.259441
-0.257807
-0.256942
-0.256599
-0.256283
-0.255843
-0.255308
-0.254676
-0.254017
-0.253592
-0.253537
-0.253495
-0.252946
-0.251752
-0.250502
-0.249884
-0.250063
-0.250557
-0.250722
-0.250241
-0.249349
-0.24858
-0.248305
-0.248566
-0.249143
-0.249843
-0.250365
-0.250282
-0.249307
-0.247715
-0.246245
-0.245545
-0.2456
-0.245916
-0.246122
-0.24619
-0.246245
-0.246383
-0.24652
-0.246493
-0.246149
-0.245394
-0.244268
-0.242922
-0.241549
-0.240286
-0.23927
-0.238501
-0.238103
-0.238213
-0.238995
-0.240341
-0.241838
-0.242881
-0.242922
-0.241783
-0.23986
-0.237883
-0.236537
-0.23618
-0.236606
-0.237251
-0.237471
-0.237004
-0.236084
-0.235357
-0.235288
-0.235933
-0.236812
-0.237293
-0.236936
-0.235837
-0.234546
-0.233572
-0.233063
-0.232706
-0.23213
-0.231251
-0.2304
-0.230056
-0.230509
-0.23158
-0.232652
-0.233105
-0.232693
-0.231773
-0.230729
-0.229658
-0.22845
-0.2272
-0.226129
-0.225552
-0.22558
-0.226088
-0.22661
-0.226596
-0.2258
-0.224509
-0.223246
-0.222436
-0.22223
-0.222408
-0.222463
-0.221914
-0.220774
-0.219772
-0.219662
-0.220623
-0.222106
-0.223204
-0.223163
-0.221598
-0.218852
-0.215913
-0.213826
-0.212975
-0.213139
-0.21384
-0.214801
-0.215845
-0.216765
-0.217286
-0.217094
-0.216133
-0.214719
-0.213483
-0.213057
-0.21384
-0.215515
-0.217273
-0.218193
-0.217808
-0.216064
-0.213414
-0.210613
-0.208622
-0.208045
-0.208704
-0.209693
-0.210023
-0.209363
-0.208251
-0.207565
-0.207867
-0.20891
-0.20994
-0.210174
-0.209487
-0.208485
-0.208114
-0.2088
-0.210009
-0.210531
-0.209556
-0.207331
-0.204942
-0.203335
-0.202759
-0.20269
-0.202553
-0.202141
-0.201756
-0.201715
-0.201825
-0.201646
-0.200905
-0.199779
-0.198749
-0.198159
-0.19809
-0.19842
-0.198955
-0.19934
-0.199271
-0.198694
-0.197953
-0.197541
-0.1975
-0.197417
-0.196635
-0.195001
-0.192968
-0.191444
-0.191197
-0.192392
-0.194396
-0.196072
-0.196429
-0.195261
-0.193353
-0.191939
-0.191829
-0.19279
-0.193875
-0.194149
-0.193531
-0.192598
-0.192131
-0.192474
-0.193394
-0.194369
-0.194973
-0.195069
-0.194671
-0.193861
-0.192749
-0.191609
-0.190703
-0.190085
-0.189687
-0.189439
-0.189494
-0.190016
-0.191005
-0.192144
-0.192927
-0.1929
-0.191911
-0.190318
-0.188849
-0.188011
-0.187723
-0.187435
-0.186721
-0.185608
-0.184606
-0.184222
-0.184675
-0.185759
-0.186995
-0.187737
-0.187517
-0.186295
-0.184537
-0.182835
-0.181571
-0.180912
-0.180912
-0.181324
-0.18164
-0.181558
-0.181311
-0.181242
-0.181269
-0.181091
-0.18061
-0.180185
-0.180061
-0.180047
-0.179869
-0.179498
-0.179265
-0.179429
-0.179841
-0.180089
-0.179937
-0.179539
-0.179169
-0.178921
-0.178647
-0.178152
-0.177246
-0.175832
-0.174157
-0.172962
-0.172866
-0.173717
-0.174486
-0.174212
-0.17288
-0.171301
-0.170271
-0.17001
-0.17023
-0.170696
-0.171561
-0.173003
-0.174747
-0.176038
-0.176024
-0.174651
-0.172729
-0.171232
-0.170532
-0.170353
-0.170243
-0.169914
-0.1692
-0.168115
-0.166907
-0.165877
-0.165273
-0.16519
-0.165602
-0.166165
-0.166385
-0.165973
-0.165149
-0.164462
-0.164298
-0.164586
-0.165067
-0.165506
-0.165753
-0.165684
-0.16519
-0.164256
-0.163089
-0.161991
-0.161002
-0.159931
-0.158778
-0.158091
-0.158421
-0.159711
-0.161085
-0.161634
-0.161222
-0.160371
-0.159588
-0.159011
-0.158668
-0.158668
-0.159066
-0.15967
-0.160068
-0.159972
-0.159299
-0.158146
-0.156787
-0.155784
-0.155592
-0.156237
-0.156951
-0.156691
-0.155057
-0.15286
-0.151624
-0.152283
-0.154439
-0.156814
-0.158352
-0.158627
-0.157789
-0.15632
-0.154809
-0.153752
-0.153162
-0.152777
-0.152269
-0.151624
-0.15102
-0.150608
-0.150333
-0.14999
-0.14955
-0.149207
-0.149262
-0.149743
-0.150306
-0.150388
-0.149592
-0.14804
-0.146351
-0.14517
-0.144895
-0.14539
-0.146214
-0.146928
-0.147243
-0.147051
-0.146461
-0.145747
-0.145252
-0.145184
-0.145404
-0.145555
-0.145239
-0.14436
-0.143275
-0.142534
-0.142547
-0.143234
-0.144044
-0.14447
-0.144332
-0.143824
-0.143028
-0.141916
-0.140625
-0.139513
-0.138936
-0.138922
-0.13917
-0.139376
-0.139499
-0.139746
-0.140296
-0.141064
-0.141737
-0.141971
-0.141751
-0.141325
-0.140872
-0.140419
-0.139966
-0.139705
-0.13987
-0.140405
-0.140996
-0.141243
-0.140913
-0.139993
-0.138716
-0.137398
-0.136341
-0.135764
-0.135819
-0.136382
-0.137027
-0.137041
-0.136149
-0.134844
-0.134007
-0.134144
-0.135023
-0.135984
-0.13641
-0.136011
-0.135009
-0.133952
-0.133293
-0.133087
-0.133169
-0.133265
-0.133251
-0.133004
-0.132606
-0.132235
-0.131961
-0.13159
-0.130945
-0.130107
-0.129462
-0.129462
-0.130299
-0.131686
-0.132963
-0.133348
-0.132428
-0.130519
-0.128445
-0.1271
-0.126894
-0.127553
-0.128267
-0.128294
-0.127471
-0.12629
-0.12548
-0.125425
-0.125905
-0.126482
-0.12677
-0.126702
-0.126386
-0.125974
-0.12574
-0.12607
-0.127168
-0.128748
-0.130025
-0.130189
-0.129091
-0.127278
-0.125713
-0.124985
-0.125054
-0.125425
-0.125768
-0.125933
-0.125878
-0.125603
-0.125232
-0.125026
-0.125191
-0.125589
-0.12585
-0.125727
-0.125232
-0.124532
-0.123873
-0.123489
-0.123653
-0.124367
-0.125136
-0.125383
-0.125013
-0.124518
-0.124326
-0.124257
-0.123832
-0.122994
-0.122308
-0.12239
-0.123173
-0.12401
-0.124244
-0.123708
-0.122596
-0.12114
-0.119671
-0.118655
-0.118504
-0.119232
-0.120248
-0.120838
-0.120729
-0.120152
-0.119534
-0.118998
-0.118381
-0.117515
-0.116568
-0.115964
-0.115964
-0.116389
-0.116747
-0.116733
-0.116376
-0.115895
-0.115538
-0.115415
-0.115483
-0.115401
-0.114797
-0.113643
-0.112572
-0.112284
-0.112888
-0.113808
-0.11433
-0.114261
-0.114041
-0.11411
-0.114508
-0.114755
-0.11433
-0.113163
-0.111776
-0.110677
-0.110059
-0.109716
-0.109593
-0.109826
-0.110485
-0.111254
-0.111501
-0.110856
-0.109647
-0.10881
-0.109098
-0.11032
-0.11135
-0.111144
-0.109702
-0.108027
-0.107162
-0.107354
-0.107959
-0.108302
-0.108274
-0.108192
-0.108302
-0.108686
-0.109249
-0.10984
-0.110265
-0.110307
-0.109853
-0.108975
-0.108123
-0.107849
-0.108329
-0.109112
-0.109483
-0.109167
-0.108412
-0.107533
-0.106613
-0.105542
-0.104375
-0.10351
-0.103468
-0.104388
-0.105762
-0.106819
-0.107107
-0.106558
-0.105487
-0.104292
-0.103372
-0.102919
-0.102988
-0.103606
-0.104704
-0.105968
-0.106997
-0.107464
-0.107148
-0.106036
-0.104443
-0.103029
-0.102384
-0.102452
-0.102631
-0.102397
-0.101821
-0.101505
-0.102013
-0.10329
-0.104649
-0.105075
-0.104182
-0.102356
-0.100544
-0.0993354
-0.09869
-0.0981819
-0.0977975
-0.0979622
-0.0989646
-0.100434
-0.10156
-0.101862
-0.101354
-0.100338
-0.0993079
-0.0987861
-0.0991431
-0.100145
-0.100983
-0.100736
-0.0992255
-0.0971521
-0.095573
-0.0951199
-0.0956691
-0.0968088
-0.0982918
-0.0999258
-0.10123
-0.101628
-0.100901
-0.0995962
-0.098484
-0.0978661
-0.097564
-0.097413
-0.0976052
-0.0984291
-0.0996512
-0.100557
-0.100475
-0.0994177
-0.098127
-0.0972345
-0.0968775
-0.0968912
-0.0969736
-0.0968775
-0.0964655
-0.0960261
-0.096136
-0.0969049
-0.0976739
-0.0975091
-0.0960948
-0.093939
-0.0920029
-0.0911241
-0.0917832
-0.0939527
-0.0969599
-0.0996374
-0.100846
-0.100228
-0.0982781
-0.0959987
-0.0943784
-0.0939253
-0.0944196
-0.0951885
-0.0956279
-0.0956554
-0.0955181
-0.0954082
-0.0954494
-0.0956554
-0.0959575
-0.0961223
-0.0959712
-0.0956691
-0.0956142
-0.0959163
-0.0961085
-0.0955593
-0.0941862
-0.0926208
-0.0917969
-0.0921951
-0.0936506
-0.0954494
-0.0966166
-0.0963969
-0.0948178
-0.0927169
-0.0913575
-0.0913987
-0.0924972
-0.0936781
-0.0941587
-0.0936369
-0.0922913
-0.0906984
-0.0896549
-0.0896549
-0.090465
-0.0913713
-0.0918107
-0.0915772
-0.090822
-0.0897922
-0.0888585
-0.0882955
-0.088062
-0.0879385
-0.087705
-0.0872656
-0.0866477
-0.0859749
-0.0854394
-0.0851373
-0.0849039
-0.0845331
-0.0840525
-0.0836818
-0.0837093
-0.0840525
-0.0845057
-0.0849313
-0.0854668
-0.0861946
-0.0867576
-0.0866065
-0.0855355
-0.0840113
-0.0828167
-0.0822537
-0.0819517
-0.0814711
-0.0807982
-0.080249
-0.0800568
-0.0803314
-0.0812239
-0.0826931
-0.0842448
-0.0851373
-0.0850137
-0.0841898
-0.0832836
-0.0827481
-0.0826108
-0.0826108
-0.0825284
-0.0822949
-0.0819791
-0.081677
-0.0814024
-0.0813063
-0.0816496
-0.0824872
-0.0833934
-0.0837916
-0.0834621
-0.0826931
-0.0820752
-0.0819242
-0.08224
-0.0828167
-0.0834484
-0.0839152
-0.0840663
-0.083874
-0.0834758
-0.0828991
-0.0821714
-0.0814024
-0.0809905
-0.0813063
-0.0822949
-0.0833522
-0.083723
-0.0831875
-0.08224
-0.081677
-0.0819242
-0.0827206
-0.0834346
-0.0834896
-0.0827755
-0.0816496
-0.0808394
-0.0807845
-0.0811141
-0.0810042
-0.080043
-0.0784639
-0.0768849
-0.075855
-0.0757864
-0.0768711
-0.0786974
-0.0802902
-0.080757
-0.0799057
-0.0782717
-0.076569
-0.0754156
-0.0751959
-0.0759923
-0.0774478
-0.0789857
-0.0800018
-0.0802902
-0.0801254
-0.0799744
-0.0801529
-0.080606
-0.0811003
-0.081375
-0.0812651
-0.0807433
-0.0799469
-0.0790406
-0.0781207
-0.0772419
-0.0766926
-0.0768711
-0.077901
-0.0792192
-0.0799744
-0.0797547
-0.0789583
-0.0783678
-0.0783404
-0.0787386
-0.0791093
-0.0792878
-0.0794251
-0.0797547
-0.0802078
-0.0805648
-0.0807159
-0.0807159
-0.0805923
-0.0803726
-0.0801391
-0.0801254
-0.0802765
-0.0800018
-0.0786836
-0.0763905
-0.0741112
-0.0729989
-0.0734795
-0.0749213
-0.0761159
-0.076212
-0.0754293
-0.0747565
-0.0749899
-0.0758687
-0.0764866
-0.0762395
-0.0752371
-0.0741112
-0.0734795
-0.0734246
-0.0735619
-0.0734521
-0.0731362
-0.072944
-0.0729852
-0.073095
-0.0732186
-0.0734521
-0.0737541
-0.0739326
-0.0739052
-0.0738228
-0.0737679
-0.0734246
-0.0722849
-0.0703351
-0.0682891
-0.0670396
-0.066916
-0.06763
-0.068756
-0.0700467
-0.07131
-0.0722162
-0.0724359
-0.0718592
-0.0707058
-0.0692503
-0.0676712
-0.0660235
-0.0645268
-0.0636617
-0.0638128
-0.0647465
-0.065845
-0.0666688
-0.0673142
-0.0680145
-0.0688246
-0.069621
-0.0701291
-0.0700742
-0.0692503
-0.0677673
-0.066202
-0.0652408
-0.0652545
-0.0660921
-0.0671769
-0.0678909
-0.0679458
-0.0675888
-0.0673691
-0.067479
-0.0674927
-0.067067
-0.066353
-0.0658862
-0.0658587
-0.0660509
-0.0661471
-0.0660647
-0.0658312
-0.0655841
-0.0654468
-0.0654605
-0.0654468
-0.0652133
-0.0649662
-0.0651859
-0.0661471
-0.0676026
-0.0689208
-0.0696073
-0.0695799
-0.0690031
-0.0680282
-0.0668199
-0.0655841
-0.064719
-0.0644993
-0.0649662
-0.0658312
-0.0666963
-0.0673417
-0.0677536
-0.0679596
-0.0679184
-0.0676712
-0.0674653
-0.0675202
-0.0678223
-0.0679596
-0.0675888
-0.066765
-0.0659411
-0.0655292
-0.065488
-0.0655292
-0.0653918
-0.0650898
-0.0647877
-0.0645954
-0.0646641
-0.0649799
-0.065282
-0.0650486
-0.0641286
-0.0630438
-0.0625907
-0.0630713
-0.0641286
-0.0651035
-0.0656253
-0.0656253
-0.0653095
-0.0650074
-0.0649113
-0.0649524
-0.0649799
-0.064925
-0.0648289
-0.0647327
-0.0646504
-0.0644993
-0.0641423
-0.0635519
-0.063085
-0.0631674
-0.0637853
-0.0643071
-0.0640874
-0.0630713
-0.0617805
-0.0609429
-0.0609017
-0.0614922
-0.0623435
-0.0632086
-0.0640325
-0.064925
-0.0659411
-0.0668748
-0.0674241
-0.0671632
-0.0659136
-0.0640187
-0.0624122
-0.0619728
-0.0629065
-0.0644719
-0.0655703
-0.0656115
-0.0648563
-0.0639913
-0.0635656
-0.0636068
-0.0635931
-0.0630713
-0.0620002
-0.0609155
-0.06038
-0.0604623
-0.0609292
-0.0615196
-0.0620964
-0.0624946
-0.0625907
-0.0625495
-0.0627555
-0.0633596
-0.0639638
-0.0640187
-0.0633734
-0.062522
-0.0623161
-0.063085
-0.0642933
-0.064925
-0.0644581
-0.0631537
-0.0616982
-0.060682
-0.0604898
-0.0613137
-0.0629202
-0.0644856
-0.0650623
-0.064211
-0.0623023
-0.0601328
-0.05854
-0.0578671
-0.0579633
-0.0583889
-0.0589107
-0.0595286
-0.0602152
-0.0606408
-0.0605859
-0.0602976
-0.0602564
-0.0607095
-0.061451
-0.0621238
-0.0625495
-0.0628241
-0.0631537
-0.0636068
-0.0639089
-0.0634969
-0.0620552
-0.0600779
-0.0584301
-0.0577436
-0.0580594
-0.0588695
-0.0595561
-0.0597758
-0.0597071
-0.0597483
-0.0599543
-0.0599955
-0.0595424
-0.0588833
-0.0585262
-0.0587185
-0.059254
-0.0598582
