LECROYHDO9204-MSöv,30454,Waveform
Segments,1,SegmentSize,2002
Ampl
-0.0117029
-0.0120462
-0.012307
-0.0121972
-0.0118265
-0.011593
-0.0117441
-0.012156
-0.0125542
-0.0128426
-0.0130348
-0.0131721
-0.0132957
-0.0134055
-0.0134742
-0.013433
-0.0133094
-0.0131446
-0.012925
-0.0126091
-0.0123345
-0.0123345
-0.0124718
-0.0122796
-0.0113733
-0.0100277
-0.00892917
-0.00877813
-0.00976678
-0.0116617
-0.0138312
-0.015479
-0.0160419
-0.015424
-0.0141608
-0.0130485
-0.0126778
-0.0130211
-0.0135703
-0.0137351
-0.0134055
-0.0128563
-0.0122521
-0.0115381
-0.0107417
-0.0101924
-0.0102611
-0.0109889
-0.0119775
-0.0126366
-0.0126641
-0.012307
-0.0120599
-0.0121285
-0.0124032
-0.0125679
-0.0125954
-0.0125405
-0.0123345
-0.0118814
-0.0113184
-0.01103
-0.0112223
-0.0116068
-0.0117166
-0.0113459
-0.0107142
-0.0102611
-0.0102748
-0.0107142
-0.0113321
-0.0119226
-0.0125954
-0.0134193
-0.014147
-0.0143393
-0.0139548
-0.0134742
-0.0134742
-0.0140234
-0.0146002
-0.0146139
-0.0138587
-0.0127876
-0.0121148
-0.0121148
-0.0124169
-0.0124169
-0.0119775
-0.0113871
-0.0110163
-0.011085
-0.0115381
-0.0122659
-0.0132545
-0.0144628
-0.0156437
-0.0162891
-0.0160145
-0.0149022
-0.0134879
-0.0124032
-0.0118539
-0.0116617
-0.0116068
-0.0116891
-0.0117441
-0.0115106
-0.0108378
-0.0100002
-0.00935484
-0.00919007
-0.00957454
-0.0102336
-0.010673
-0.0106456
-0.0103984
-0.0103298
-0.0105769
-0.0109751
-0.0114008
-0.0118127
-0.0121148
-0.0120873
-0.0116342
-0.0109202
-0.0103298
-0.0102199
-0.0107417
-0.0117578
-0.0126641
-0.0128838
-0.0123345
-0.0116068
-0.0114008
-0.0119226
-0.0128426
-0.0137214
-0.0141745
-0.0139823
-0.0132133
-0.0122384
-0.0115656
-0.0115244
-0.0121423
-0.0131584
-0.0141882
-0.0147512
-0.014559
-0.0137214
-0.0127327
-0.0121011
-0.0119638
-0.0120873
-0.0120873
-0.0118539
-0.0116617
-0.0118265
-0.0122796
-0.0126366
-0.0126229
-0.0122659
-0.0117029
-0.0111262
-0.010879
-0.0114008
-0.0126778
-0.014202
-0.0153279
-0.015781
-0.0156849
-0.0153416
-0.0150807
-0.0150533
-0.0151906
-0.0152043
-0.0147649
-0.0137763
-0.0125542
-0.0116754
-0.0114557
-0.0117166
-0.0119775
-0.0117853
-0.0111674
-0.0105083
-0.0103572
-0.0110026
-0.0122933
-0.0135291
-0.0139136
-0.0130897
-0.0115244
-0.0101512
-0.0096432
-0.0100689
-0.011085
-0.0121972
-0.012925
-0.0129936
-0.0124856
-0.0117853
-0.0113047
-0.0111262
-0.0111948
-0.0113733
-0.0115244
-0.0115656
-0.0115793
-0.0117441
-0.0120736
-0.0122521
-0.0120324
-0.0115793
-0.0113184
-0.011442
-0.0118402
-0.0122796
-0.0125954
-0.012719
-0.0127876
-0.0129661
-0.0132545
-0.0134055
-0.0133232
-0.0132545
-0.0135017
-0.0139823
-0.0143255
-0.0142843
-0.0138587
-0.0132957
-0.0129112
-0.01287
-0.0131309
-0.0135566
-0.0140372
-0.0143393
-0.0141882
-0.0134742
-0.0125542
-0.0120187
-0.0121972
-0.0129112
-0.0136252
-0.0138312
-0.0133918
-0.0126778
-0.0124032
-0.0129661
-0.0139136
-0.0142431
-0.0133781
-0.0117166
-0.0102336
-0.00971185
-0.0103984
-0.0119912
-0.0138037
-0.0150121
-0.0151769
-0.0145864
-0.0138037
-0.0131858
-0.0127602
-0.0123894
-0.0121011
-0.0121011
-0.0125954
-0.0134742
-0.0142294
-0.0143805
-0.0139548
-0.0133506
-0.0129112
-0.0128151
-0.0130897
-0.0137214
-0.0146002
-0.0154515
-0.0159733
-0.0158634
-0.0150396
-0.0137763
-0.0128014
-0.0128014
-0.0138037
-0.0150945
-0.0158085
-0.0155339
-0.0146002
-0.0137351
-0.0135703
-0.0140784
-0.0146002
-0.0144079
-0.0133918
-0.0121972
-0.0118265
-0.0128563
-0.0150121
-0.0171404
-0.0180055
-0.0171267
-0.0151494
-0.0132682
-0.0123208
-0.0122933
-0.0127053
-0.0130485
-0.0131172
-0.0129661
-0.0128563
-0.0128563
-0.0128288
-0.0125542
-0.0122247
-0.0122796
-0.0129524
-0.0138861
-0.0145727
-0.0147649
-0.0144628
-0.0138449
-0.0131446
-0.0125679
-0.0122796
-0.0123894
-0.013076
-0.0142569
-0.0154652
-0.0160419
-0.0156849
-0.0146688
-0.0133506
-0.0119638
-0.0107142
-0.00995901
-0.0101375
-0.0113596
-0.0132545
-0.0151631
-0.0163166
-0.0163577
-0.0155201
-0.0146414
-0.0143942
-0.0148199
-0.0154927
-0.0160557
-0.0164813
-0.0168383
-0.017264
-0.0178133
-0.0183488
-0.0185822
-0.018335
-0.0177583
-0.0172777
-0.0172091
-0.01747
-0.0177721
-0.0178819
-0.0177721
-0.0176073
-0.0175936
-0.0179094
-0.0185959
-0.0193923
-0.0197905
-0.0191864
-0.0174562
-0.0152318
-0.0136802
-0.0137076
-0.0152318
-0.0174288
-0.0192138
-0.0199828
-0.0196944
-0.0188156
-0.0178956
-0.0175249
-0.018033
-0.0194061
-0.0209852
-0.021809
-0.0212186
-0.0193923
-0.0172365
-0.0156712
-0.0151494
-0.0155064
-0.0162616
-0.0169894
-0.0174288
-0.017621
-0.0177721
-0.0181016
-0.0186234
-0.0192001
-0.0196944
-0.0198867
-0.0194885
-0.0183488
-0.0167148
-0.0153004
-0.014861
-0.0156712
-0.0171954
-0.0185959
-0.0192001
-0.0188431
-0.0177858
-0.0166461
-0.0161655
-0.0168658
-0.0186234
-0.0206968
-0.0222484
-0.0228938
-0.0227839
-0.0222896
-0.021658
-0.0208616
-0.0198867
-0.0188019
-0.0177034
-0.016756
-0.0161655
-0.0161381
-0.0167285
-0.0177858
-0.0188843
-0.0194747
-0.0194335
-0.0192001
-0.0194335
-0.0204222
-0.0217816
-0.0228801
-0.0232233
-0.0227702
-0.0218228
-0.0209714
-0.0207243
-0.0213422
-0.0227702
-0.0248436
-0.0272603
-0.0296221
-0.0316406
-0.0333432
-0.0349086
-0.0365701
-0.0386023
-0.041376
-0.0451246
-0.0495735
-0.0543245
-0.0593913
-0.0653369
-0.0725458
-0.0806747
-0.0889546
-0.0968912
-0.104622
-0.112476
-0.120509
-0.128267
-0.135339
-0.141792
-0.148109
-0.154754
-0.161991
-0.169859
-0.178372
-0.187188
-0.195618
-0.203143
-0.209926
-0.216627
-0.223493
-0.230001
-0.235357
-0.239215
-0.241989
-0.244515
-0.247371
-0.250502
-0.253386
-0.255473
-0.256654
-0.257299
-0.258123
-0.259551
-0.261336
-0.262599
-0.262599
-0.261322
-0.259372
-0.257395
-0.255583
-0.253688
-0.251532
-0.249129
-0.246547
-0.243623
-0.24019
-0.236428
-0.232995
-0.230537
-0.229136
-0.228175
-0.226802
-0.22455
-0.221584
-0.218563
-0.216119
-0.214499
-0.213483
-0.212549
-0.211313
-0.209679
-0.207798
-0.205889
-0.204104
-0.20258
-0.201482
-0.200987
-0.20107
-0.201372
-0.201303
-0.200438
-0.19901
-0.197802
-0.197486
-0.198131
-0.199326
-0.200658
-0.201798
-0.202443
-0.202457
-0.202155
-0.202306
-0.203514
-0.205642
-0.208004
-0.209899
-0.211107
-0.211698
-0.211766
-0.211547
-0.211492
-0.212
-0.212879
-0.213455
-0.213387
-0.213194
-0.213702
-0.215295
-0.217739
-0.220499
-0.22304
-0.224756
-0.225141
-0.224083
-0.222216
-0.220568
-0.219923
-0.220403
-0.221433
-0.222326
-0.222738
-0.222861
-0.222985
-0.223177
-0.223232
-0.222916
-0.22212
-0.221076
-0.220293
-0.22028
-0.220884
-0.221378
-0.221007
-0.219868
-0.218797
-0.218646
-0.219483
-0.220527
-0.220898
-0.220293
-0.218962
-0.217355
-0.215845
-0.214746
-0.214389
-0.214828
-0.215845
-0.216929
-0.217328
-0.216545
-0.214719
-0.212755
-0.211698
-0.211862
-0.212577
-0.212796
-0.212
-0.210544
-0.209281
-0.208951
-0.209514
-0.210434
-0.211135
-0.211478
-0.211574
-0.211519
-0.2113
-0.211066
-0.210942
-0.210888
-0.210778
-0.210517
-0.210187
-0.209995
-0.210174
-0.210764
-0.211547
-0.212096
-0.212027
-0.211203
-0.209885
-0.208594
-0.20788
-0.207894
-0.208443
-0.209157
-0.209871
-0.210695
-0.211794
-0.213002
-0.213895
-0.214073
-0.213524
-0.212577
-0.211657
-0.211011
-0.210448
-0.209597
-0.208334
-0.207235
-0.206919
-0.207496
-0.20843
-0.20913
-0.209446
-0.209556
-0.209405
-0.208883
-0.207963
-0.206823
-0.205642
-0.204489
-0.2035
-0.202951
-0.202978
-0.203418
-0.203789
-0.203761
-0.203486
-0.203349
-0.20361
-0.204214
-0.204901
-0.205354
-0.205175
-0.204228
-0.202786
-0.201358
-0.200369
-0.199958
-0.200164
-0.20096
-0.202003
-0.202649
-0.202415
-0.201482
-0.200466
-0.199848
-0.199655
-0.199573
-0.199408
-0.199244
-0.199189
-0.199079
-0.198612
-0.197857
-0.197184
-0.196937
-0.197033
-0.197129
-0.196937
-0.196442
-0.195879
-0.195701
-0.196291
-0.197445
-0.198488
-0.198832
-0.198571
-0.198324
-0.198612
-0.199381
-0.200136
-0.200411
-0.199916
-0.198667
-0.197184
-0.196236
-0.196291
-0.197033
-0.197857
-0.198447
-0.199024
-0.199683
-0.199875
-0.198914
-0.196717
-0.194136
-0.192117
-0.191183
-0.191307
-0.19209
-0.193037
-0.193518
-0.192996
-0.19154
-0.189906
-0.189192
-0.18992
-0.19165
-0.193339
-0.194012
-0.193408
-0.191925
-0.190332
-0.189357
-0.189371
-0.190071
-0.190552
-0.189824
-0.187696
-0.185059
-0.183343
-0.183398
-0.184922
-0.186748
-0.187819
-0.18786
-0.187297
-0.186721
-0.186185
-0.185334
-0.183906
-0.182272
-0.181105
-0.180857
-0.181434
-0.182478
-0.183672
-0.184743
-0.185251
-0.184867
-0.183782
-0.18256
-0.181654
-0.181063
-0.180514
-0.179814
-0.179155
-0.17888
-0.179155
-0.179704
-0.180116
-0.18013
-0.179814
-0.179347
-0.178674
-0.177603
-0.176189
-0.174857
-0.174129
-0.174074
-0.174349
-0.174431
-0.174006
-0.173237
-0.17255
-0.172317
-0.172523
-0.172838
-0.173031
-0.173127
-0.17325
-0.173388
-0.173498
-0.173539
-0.173635
-0.173896
-0.174225
-0.174335
-0.174006
-0.173346
-0.172811
-0.17266
-0.172605
-0.171973
-0.170559
-0.168994
-0.168403
-0.169268
-0.171053
-0.172523
-0.172715
-0.171424
-0.169213
-0.166961
-0.165547
-0.165479
-0.166604
-0.168238
-0.169433
-0.169584
-0.168692
-0.167428
-0.166604
-0.166632
-0.167332
-0.168156
-0.168554
-0.168266
-0.16747
-0.166591
-0.165781
-0.164957
-0.164023
-0.163213
-0.162787
-0.162691
-0.162609
-0.162471
-0.16254
-0.162979
-0.163515
-0.163625
-0.162993
-0.161826
-0.160576
-0.159602
-0.159217
-0.159643
-0.160892
-0.162375
-0.163268
-0.163117
-0.162197
-0.161208
-0.160618
-0.160467
-0.160604
-0.16092
-0.161236
-0.161139
-0.160247
-0.158476
-0.1561
-0.153766
-0.152214
-0.151885
-0.152695
-0.154027
-0.15518
-0.155784
-0.155908
-0.155935
-0.15621
-0.156649
-0.156759
-0.156114
-0.154823
-0.153381
-0.152324
-0.152049
-0.152832
-0.154576
-0.156677
-0.158091
-0.158064
-0.156677
-0.154713
-0.152942
-0.151747
-0.151033
-0.150649
-0.150566
-0.151074
-0.15231
-0.153931
-0.155153
-0.155455
-0.155015
-0.154425
-0.154027
-0.153738
-0.153258
-0.152503
-0.151665
-0.151129
-0.151143
-0.151486
-0.15183
-0.152022
-0.152242
-0.152612
-0.152942
-0.152846
-0.152187
-0.151363
-0.150978
-0.151418
-0.152475
-0.153546
-0.154027
-0.153656
-0.152585
-0.151198
-0.149839
-0.148823
-0.148246
-0.148012
-0.148012
-0.148218
-0.148836
-0.14999
-0.151432
-0.152516
-0.152626
-0.151569
-0.149619
-0.147285
-0.145239
-0.144127
-0.144236
-0.145184
-0.146227
-0.146763
-0.146763
-0.146626
-0.146557
-0.146351
-0.145788
-0.144978
-0.144387
-0.14436
-0.144717
-0.144868
-0.14436
-0.143275
-0.14219
-0.141682
-0.141984
-0.142877
-0.143838
-0.14447
-0.144662
-0.144511
-0.144044
-0.143152
-0.141984
-0.141023
-0.140721
-0.141078
-0.141655
-0.141984
-0.141916
-0.141627
-0.141435
-0.141435
-0.141367
-0.140776
-0.13943
-0.137742
-0.136506
-0.136423
-0.137453
-0.138854
-0.13954
-0.138922
-0.137165
-0.135078
-0.133567
-0.133169
-0.133759
-0.134679
-0.135297
-0.135366
-0.135064
-0.134611
-0.134116
-0.133622
-0.133265
-0.133114
-0.133004
-0.132675
-0.132167
-0.131755
-0.131686
-0.131947
-0.132386
-0.132798
-0.132963
-0.132661
-0.131878
-0.130958
-0.130395
-0.130423
-0.130848
-0.131302
-0.131466
-0.131233
-0.130697
-0.130107
-0.129695
-0.129571
-0.129709
-0.129997
-0.130368
-0.130739
-0.130876
-0.130546
-0.12986
-0.129338
-0.129503
-0.13034
-0.131178
-0.131398
-0.130945
-0.130423
-0.13034
-0.130574
-0.130546
-0.129805
-0.128542
-0.127443
-0.127278
-0.128212
-0.129626
-0.130656
-0.130876
-0.130478
-0.129681
-0.128583
-0.127306
-0.126235
-0.12585
-0.12629
-0.12721
-0.12802
-0.128267
-0.127992
-0.127718
-0.127951
-0.128679
-0.129228
-0.128761
-0.127059
-0.124862
-0.123447
-0.123681
-0.125232
-0.126839
-0.127347
-0.126674
-0.125754
-0.125507
-0.125891
-0.126125
-0.125562
-0.124312
-0.122939
-0.121992
-0.121717
-0.122019
-0.122692
-0.12353
-0.124312
-0.124738
-0.124546
-0.123846
-0.123118
-0.122953
-0.123365
-0.123873
-0.123818
-0.123049
-0.121923
-0.121058
-0.12088
-0.12125
-0.121525
-0.121113
-0.119932
-0.118504
-0.117488
-0.117227
-0.117639
-0.11849
-0.11941
-0.120015
-0.120001
-0.119438
-0.118614
-0.117845
-0.117282
-0.117007
-0.116966
-0.117007
-0.116925
-0.116623
-0.116142
-0.115717
-0.115497
-0.115483
-0.115621
-0.115909
-0.116362
-0.116898
-0.117227
-0.116815
-0.115373
-0.113176
-0.111117
-0.110169
-0.110719
-0.112311
-0.113904
-0.114618
-0.11433
-0.113616
-0.113314
-0.113712
-0.11433
-0.114481
-0.113932
-0.112916
-0.111831
-0.111034
-0.110801
-0.111295
-0.112298
-0.113163
-0.113314
-0.112723
-0.111913
-0.111597
-0.112119
-0.113273
-0.114412
-0.11492
-0.114577
-0.113602
-0.112366
-0.111227
-0.110526
-0.110389
-0.11065
-0.110924
-0.110924
-0.110636
-0.110169
-0.109661
-0.109332
-0.109428
-0.110087
-0.111117
-0.112037
-0.112325
-0.111762
-0.110595
-0.109318
-0.108522
-0.108522
-0.109263
-0.110348
-0.11135
-0.112092
-0.112462
-0.112353
-0.111542
-0.110156
-0.10859
-0.107286
-0.106448
-0.105954
-0.105542
-0.105061
-0.104581
-0.104224
-0.104169
-0.104498
-0.105226
-0.106187
-0.107066
-0.107643
-0.107862
-0.107766
-0.107368
-0.106599
-0.105487
-0.104279
-0.1034
-0.10307
-0.103235
-0.103496
-0.103359
-0.102494
-0.101052
-0.0995551
-0.0985389
-0.0980995
-0.0982231
-0.0987861
-0.0998297
-0.101299
-0.102809
-0.103688
-0.103455
-0.102274
-0.100942
-0.100187
-0.100173
-0.100585
-0.100928
-0.10086
-0.100297
-0.099404
-0.0985115
-0.0977151
-0.0969324
-0.0961085
-0.0955867
-0.0957103
-0.0964793
-0.0973169
-0.0975503
-0.0968637
-0.0956142
-0.094502
-0.0940763
-0.0945157
-0.0956142
-0.097056
-0.0985389
-0.0995276
-0.0993216
-0.0976601
-0.095065
-0.0926895
-0.0915498
-0.0918519
-0.0929641
-0.0938291
-0.0936094
-0.0922089
-0.0903826
-0.0894901
-0.0904101
-0.0927856
-0.0952435
-0.0964518
-0.09593
-0.0940626
-0.0917695
-0.0898334
-0.0887074
-0.0884053
-0.0887898
-0.0896411
-0.0905062
-0.0908769
-0.090465
-0.0895313
-0.0886662
-0.0883641
-0.0888035
-0.089751
-0.0906572
-0.0909181
-0.0902453
-0.0888447
-0.087348
-0.0864143
-0.0863456
-0.0868949
-0.0873755
-0.0874167
-0.0872931
-0.0875677
-0.0883641
-0.0892292
-0.0895175
-0.0890232
-0.088117
-0.0874716
-0.0876913
-0.0889134
-0.0906572
-0.0920166
-0.0921814
-0.0910005
-0.089037
-0.0871283
-0.0858513
-0.0853158
-0.0853021
-0.0855355
-0.0858788
-0.0864006
-0.0872244
-0.0883092
-0.0894764
-0.0904238
-0.0907396
-0.0900943
-0.0885014
-0.086428
-0.0846979
-0.0839015
-0.0840937
-0.0847803
-0.0853845
-0.0856865
-0.085714
-0.0854394
-0.0848352
-0.0842036
-0.0841349
-0.0848352
-0.0858925
-0.0866477
-0.0866889
-0.0859886
-0.084794
-0.0834896
-0.0825146
-0.0821851
-0.0825696
-0.0833934
-0.084231
-0.0846704
-0.0845194
-0.0838878
-0.0831737
-0.0827618
-0.0826108
-0.0823636
-0.081732
-0.0809218
-0.0803726
-0.0803314
-0.0807845
-0.0814711
-0.0822126
-0.0829128
-0.0833797
-0.0833248
-0.0825558
-0.0812376
-0.080098
-0.0797684
-0.0803039
-0.081169
-0.0818693
-0.08224
-0.082446
-0.0825146
-0.0822263
-0.0813338
-0.0797272
-0.0776813
-0.0758275
-0.0748114
-0.0748389
-0.0756353
-0.0767475
-0.0777911
-0.0784502
-0.0784777
-0.0778598
-0.0768986
-0.0760335
-0.0754705
-0.075141
-0.074935
-0.0748664
-0.0750037
-0.0754568
-0.0762395
-0.0772144
-0.0781619
-0.0788072
-0.0789583
-0.0784777
-0.0775989
-0.0768711
-0.0767887
-0.0771732
-0.0773654
-0.0768299
-0.0757177
-0.0746329
-0.0740562
-0.0741249
-0.0747016
-0.0756353
-0.0766652
-0.0774478
-0.0777225
-0.0775577
-0.0773105
-0.0772281
-0.0772144
-0.0770222
-0.0765416
-0.0759099
-0.075292
-0.0748252
-0.074578
-0.0747702
-0.0756079
-0.0769672
-0.0783541
-0.0792466
-0.0794114
-0.0789857
-0.0782305
-0.0775165
-0.0771457
-0.0772831
-0.0777087
-0.0779422
-0.0774478
-0.0761022
-0.0744682
-0.0734383
-0.0736168
-0.0746467
-0.0755804
-0.0756765
-0.0749762
-0.0740288
-0.0732735
-0.0727792
-0.0723398
-0.0718043
-0.07131
-0.0712276
-0.0717494
-0.0727106
-0.0736855
-0.0742759
-0.0743446
-0.0739464
-0.0733559
-0.0729577
-0.072944
-0.0731637
-0.0732735
-0.0732324
-0.073301
-0.0736031
-0.0739601
-0.0739189
-0.0732873
-0.0722574
-0.0712413
-0.0704724
-0.0699231
-0.0694563
-0.0688933
-0.0682617
-0.0676987
-0.0673966
-0.0674653
-0.068042
-0.0690443
-0.0703076
-0.071461
-0.0721339
-0.0721339
-0.0714748
-0.0704037
-0.0692778
-0.0684127
-0.0680282
-0.0681243
-0.0685088
-0.0689482
-0.0693052
-0.0696485
-0.0700055
-0.0701978
-0.0697446
-0.0684127
-0.0666139
-0.0653095
-0.0652683
-0.0663668
-0.0677948
-0.0688658
-0.0694151
-0.069621
-0.0696485
-0.0696073
-0.069621
-0.0696348
-0.0694563
-0.0688521
-0.0679184
-0.0669847
-0.0664217
-0.0662432
-0.0661059
-0.0657763
-0.0653918
-0.0653644
-0.0658312
-0.0663256
-0.066202
-0.0652957
-0.0641148
-0.0634146
-0.063648
-0.0646092
-0.0657214
-0.0664629
-0.0667375
-0.06671
-0.0664491
-0.065845
-0.0649936
-0.0642384
-0.0638265
-0.0637716
-0.0639226
-0.0640599
-0.0639501
-0.0635244
-0.0630301
-0.0628516
-0.0631537
-0.0637029
-0.064156
-0.0643757
-0.0643757
-0.0642659
-0.0642247
-0.0643345
-0.0644444
-0.064211
-0.063442
-0.0623023
-0.061245
-0.060737
-0.0610391
-0.0621238
-0.0635793
-0.0645954
-0.064568
-0.0636754
-0.0628653
-0.0627829
-0.0630713
-0.0627829
-0.0615059
-0.0598719
-0.0589931
-0.0593501
-0.0604074
-0.0611214
-0.0609429
-0.060174
-0.0595424
-0.0594874
-0.059968
-0.0606408
-0.0610391
-0.0608743
-0.0602701
-0.0596522
-0.0593638
-0.0594737
-0.0598582
-0.0604074
-0.0609429
-0.0611214
-0.060682
-0.0596659
-0.0583752
-0.0572218
-0.0566176
-0.0566725
-0.0571394
-0.0575651
-0.0577985
-0.0581143
-0.0588283
-0.0598582
-0.0608468
-0.0614098
-0.0612176
-0.0602564
-0.0589519
-0.0580457
-0.0580319
-0.0587322
-0.0595973
-0.0600092
-0.0597346
-0.058897
-0.0579907
-0.0575376
-0.0577161
-0.0582928
-0.0590068
-0.0597758
-0.0602701
-0.0599406
-0.0586224
-0.057057
-0.0562606
-0.0566039
-0.0574964
-0.0581555
-0.0582654
-0.0580045
-0.0576886
-0.0574827
-0.0572904
-0.0570021
-0.0567
-0.0566451
-0.0568785
-0.0570845
-0.0570295
-0.0568922
-0.0569884
-0.0572492
-0.057263
-0.0567275
-0.0556976
-0.0546678
-0.0542284
-0.0547502
-0.0560409
-0.0574689
-0.0584164
-0.0586636
-0.0585262
-0.0585674
-0.0591304
-0.0598994
-0.0599955
-0.0587597
-0.0564528
-0.0543657
-0.0537341
-0.0548051
-0.0566451
-0.0578809
-0.0576749
-0.0560684
-0.0539675
-0.0525257
-0.0525257
-0.0538714
-0.0556152
-0.0567137
-0.0567412
-0.0560134
-0.0552445
-0.0548051
-0.054654
-0.0544893
-0.0541323
-0.0536105
-0.05302
-0.0523747
-0.0518117
-0.0516881
-0.0523472
-0.0536379
-0.0547914
-0.0550111
-0.0542009
-0.0529376
-0.0520451
-0.0518803
-0.0520863
-0.0518117
-0.0505896
-0.0488595
-0.0476374
-0.0476374
-0.0486672
-0.0499854
-0.0510702
-0.051949
-0.0529651
-0.0541735
-0.0551758
-0.055574
-0.0553955
-0.0550111
-0.0545579
-0.0538576
-0.0528827
-0.0519902
-0.0515508
-0.0514135
-0.0512075
-0.0507819
-0.0503287
-0.0502601
-0.050878
-0.0521275
-0.0534182
-0.0541323
-0.0540224
-0.0533359
-0.0524159
-0.0514135
-0.0505072
-0.0500266
-0.0502875
-0.0512624
-0.0525669
-0.0538164
-0.0547364
-0.0551484
-0.0548737
-0.0537615
-0.0519215
-0.0498619
-0.0482828
-0.0477061
-0.0482004
-0.0493675
-0.0507407
-0.0520314
-0.053226
-0.0543108
-0.0551072
-0.055272
-0.0545991
-0.053075
-0.0510702
-0.0492852
-0.0484613
-0.0488869
-0.0502738
-0.0519627
-0.053226
-0.0536791
-0.0533908
-0.0526768
-0.051949
-0.0514959
-0.0514409
-0.0516744
-0.0519215
-0.0518529
-0.0514135
-0.0509878
-0.0509741
-0.0513998
-0.0518254
-0.0518529
-0.0514409
-0.0509466
-0.0507544
-0.0510153
-0.0514547
-0.0517156
-0.0515371
-0.0507956
-0.049546
-0.048118
-0.0471705
-0.0471431
-0.047912
-0.0487634
-0.049189
-0.0491616
-0.0489831
-0.0488595
-0.0489144
-0.0491066
-0.0491204
-0.0485849
-0.0476511
-0.0470332
-0.0472667
-0.0481867
-0.0492028
-0.0498893
-0.0501502
-0.0501365
-0.0499854
-0.0497932
-0.049546
-0.049189
-0.0488732
-0.0488458
-0.049189
-0.0497383
-0.0503974
-0.0512075
-0.0519627
-0.0521824
-0.0516195
-0.0506583
-0.0499305
-0.0496834
-0.0497108
-0.0496971
-0.049601
-0.0494499
-0.0493263
-0.0491753
-0.0488869
-0.0482553
-0.0473491
-0.0465526
-0.0463741
-0.0470195
-0.048118
-0.048832
-0.048324
-0.0464291
-0.0440124
-0.0425019
-0.042804
-0.0446577
-0.0467037
-0.047404
-0.0459485
-0.0429825
-0.040099
-0.0387671
-0.039385
-0.0411975
-0.0431473
-0.044438
-0.0447676
-0.0443007
-0.0435318
-0.0428178
-0.0422273
-0.0416231
-0.0411975
-0.0412799
-0.0418428
-0.0423921
-0.0425431
-0.0423646
-0.0423234
-0.0426667
-0.0432709
-0.0437789
-0.0438751
-0.0433258
-0.0420488
-0.0402775
-0.0386297
-0.0377098
-0.0377921
-0.0386984
-0.0399067
-0.0409503
-0.0416781
-0.0422136
-0.0425431
-0.0425294
-0.0422685
-0.0420763
-0.0421449
-0.0422273
-0.041884
-0.041019
-0.0399067
-0.0390142
-0.0388083
-0.0394948
-0.0408405
-0.0423097
-0.0434494
-0.0441634
-0.044493
-0.044287
-0.0434219
-0.0420625
-0.040662
-0.0396321
-0.0391378
-0.0390554
-0.0392065
-0.0394673
-0.039893
-0.0405658
-0.0413485
-0.0419527
-0.042241
-0.0422548
-0.0421587
-0.0420763
-0.0420763
-0.0421312
-0.0420214
-0.0414172
-0.0402912
-0.0390417
-0.038259
-0.0381492
-0.0385748
-0.0392476
-0.0399205
-0.0404697
-0.0408267
-0.0408679
-0.0404835
-0.039687
-0.0387121
-0.0379844
-0.0379569
-0.0388083
-0.0404148
-0.0422685
-0.0436279
-0.0439986
-0.0434631
-0.0424745
-0.0414721
-0.040607
-0.0398656
-0.0391927
-0.0386023
-0.0381629
-0.0380805
-0.0385199
-0.0394124
-0.0403461
-0.0407855
-0.0404972
-0.0396184
-0.0385199
-0.0376274
-0.0372292
-0.0375313
-0.0384238
-0.0394536
-0.0400166
-0.0398656
-0.0392614
-0.0388494
-0.038973
-0.0394399
-0.0396596
-0.0392065
-0.0381903
-0.0370781
-0.0361856
-0.035554
-0.0351969
-0.0351558
-0.0353755
-0.0356501
-0.0356913
-0.0354716
-0.0351832
-0.0350596
-0.0350596
-0.0350047
-0.0347301
-0.034277
-0.0337964
-0.0334805
-0.0334805
-0.0340023
-0.0351146
