LECROYHDO9204-MSöv,30454,Waveform
Segments,1,SegmentSize,2002
Ampl
-0.0127464
-0.0131996
-0.0133643
-0.0131584
-0.0125267
-0.0117029
-0.0111674
-0.0113459
-0.0122521
-0.0135291
-0.0146688
-0.0153554
-0.0154927
-0.0151494
-0.0144079
-0.0133369
-0.0121835
-0.0114832
-0.0116068
-0.0124169
-0.0132408
-0.0136115
-0.0136252
-0.0136939
-0.0139411
-0.0141333
-0.0139136
-0.0132408
-0.0124581
-0.0120187
-0.0121423
-0.0124856
-0.0125954
-0.0124169
-0.0123345
-0.0127464
-0.0135703
-0.0143667
-0.0145864
-0.0140646
-0.0131446
-0.0126229
-0.0131446
-0.0145727
-0.0160694
-0.0167285
-0.0162479
-0.0150396
-0.0139823
-0.0138312
-0.0147787
-0.016344
-0.0177858
-0.0186921
-0.0190353
-0.0190079
-0.0188294
-0.0186783
-0.0186783
-0.0188019
-0.0188294
-0.0185273
-0.0177858
-0.0168383
-0.0161792
-0.0162891
-0.0172091
-0.0184586
-0.01931
-0.0193237
-0.0184174
-0.0167285
-0.0146551
-0.0128975
-0.0122521
-0.0129524
-0.0143255
-0.015479
-0.0158909
-0.0156712
-0.0150945
-0.0144766
-0.014202
-0.0145315
-0.0152867
-0.0159321
-0.0158772
-0.0149984
-0.0136802
-0.0125405
-0.0119775
-0.0119088
-0.0119638
-0.0118814
-0.011593
-0.0111811
-0.0110026
-0.0114283
-0.0124856
-0.0136664
-0.0143118
-0.0142431
-0.0137214
-0.0130897
-0.0125267
-0.0121697
-0.0121011
-0.0122247
-0.0122521
-0.0119912
-0.0117441
-0.0119912
-0.01287
-0.0141058
-0.0151082
-0.0153416
-0.0147512
-0.0136664
-0.012513
-0.0116068
-0.0110987
-0.0111124
-0.0116754
-0.0125954
-0.0135566
-0.0142431
-0.0143942
-0.0138999
-0.0129661
-0.0122521
-0.0124993
-0.0138999
-0.0158085
-0.0173052
-0.0178682
-0.0177721
-0.0175798
-0.017621
-0.0176897
-0.0174151
-0.0166598
-0.015836
-0.0155201
-0.0158497
-0.016344
-0.0164264
-0.0157673
-0.0146276
-0.013584
-0.0133369
-0.014147
-0.0156575
-0.0171267
-0.0180192
-0.0181565
-0.0175386
-0.0163577
-0.0152318
-0.0148885
-0.0156163
-0.0169345
-0.0180192
-0.0184312
-0.018184
-0.0174837
-0.0165912
-0.0157124
-0.0149984
-0.0143805
-0.0138449
-0.0135566
-0.0137488
-0.0144766
-0.0155339
-0.0166049
-0.0174151
-0.0177995
-0.0177171
-0.0173739
-0.0171542
-0.0174425
-0.0183213
-0.0195022
-0.0203947
-0.0204908
-0.0195983
-0.0180192
-0.0164676
-0.01563
-0.0157261
-0.0163166
-0.0166598
-0.016344
-0.0155888
-0.0148885
-0.0144079
-0.0139136
-0.013282
-0.0126366
-0.012156
-0.0119226
-0.0120736
-0.012719
-0.0136252
-0.0142569
-0.0143805
-0.0144079
-0.0148061
-0.0155064
-0.0159046
-0.0155201
-0.0144491
-0.0132682
-0.0126778
-0.013076
-0.0141745
-0.0152181
-0.0154652
-0.0148336
-0.0139548
-0.0135978
-0.014147
-0.0153142
-0.0164539
-0.0169207
-0.0165088
-0.0155476
-0.0146551
-0.0144079
-0.0150807
-0.0163852
-0.0176073
-0.0180055
-0.0173052
-0.0159184
-0.0146139
-0.0140784
-0.0145315
-0.0156437
-0.0167285
-0.0171954
-0.0170306
-0.016701
-0.0166186
-0.0166598
-0.0165088
-0.0160694
-0.0156712
-0.0155613
-0.0157124
-0.0156575
-0.0150807
-0.0141608
-0.0134879
-0.0135978
-0.0145178
-0.0158497
-0.0170306
-0.0175524
-0.0171404
-0.0158909
-0.0144491
-0.0137076
-0.0142157
-0.0156025
-0.0168658
-0.017113
-0.0162342
-0.0148061
-0.0137076
-0.0136115
-0.0146139
-0.0162754
-0.0177995
-0.0183762
-0.0176622
-0.0160831
-0.0145727
-0.01379
-0.0137351
-0.0140921
-0.01471
-0.0156437
-0.016756
-0.017621
-0.0177995
-0.0171404
-0.0158772
-0.0144766
-0.0135017
-0.0133232
-0.0138587
-0.0145727
-0.0148748
-0.0145178
-0.0138587
-0.0135429
-0.0138724
-0.0145452
-0.0149572
-0.0148473
-0.0144766
-0.0141608
-0.0138449
-0.0133506
-0.0127327
-0.0122384
-0.0121835
-0.012719
-0.0138861
-0.0152043
-0.0159321
-0.0155888
-0.0145315
-0.0135703
-0.0131858
-0.0131996
-0.0131446
-0.0127876
-0.0122384
-0.0118265
-0.0120462
-0.0131309
-0.0146002
-0.0155201
-0.0153279
-0.0141882
-0.0127602
-0.0116891
-0.0113596
-0.0119088
-0.0131446
-0.0144628
-0.0152455
-0.0150258
-0.0138175
-0.0120462
-0.0105769
-0.0101924
-0.0110438
-0.0124856
-0.0137351
-0.0144217
-0.0146002
-0.0143255
-0.0137076
-0.0129661
-0.0124306
-0.0121835
-0.0121148
-0.0120324
-0.0118402
-0.0114832
-0.0109889
-0.0104396
-0.0100689
-0.0102062
-0.0111124
-0.0127053
-0.0144491
-0.0156712
-0.015987
-0.0154927
-0.0145178
-0.0133781
-0.0123345
-0.0115518
-0.0112223
-0.0115106
-0.0125679
-0.0140646
-0.0153279
-0.0156712
-0.0151769
-0.014559
-0.0144354
-0.0147924
-0.0151494
-0.0150396
-0.0143805
-0.0134605
-0.0125679
-0.0118127
-0.0111811
-0.0107692
-0.0107417
-0.0111124
-0.0116754
-0.0122384
-0.0127327
-0.0130897
-0.0131721
-0.01287
-0.0123894
-0.012156
-0.0123345
-0.0127464
-0.0131721
-0.0135978
-0.0140372
-0.0144079
-0.0145315
-0.0142706
-0.0136527
-0.0127739
-0.0118127
-0.0110163
-0.0105769
-0.0106593
-0.0113733
-0.0126915
-0.0142294
-0.0153416
-0.0155339
-0.0148748
-0.0138861
-0.013227
-0.0131584
-0.0134193
-0.0133781
-0.0125954
-0.0114557
-0.010879
-0.0115793
-0.0134193
-0.015479
-0.0167285
-0.0166736
-0.0155476
-0.0142569
-0.0136664
-0.0139823
-0.0147512
-0.0153828
-0.0156849
-0.0157948
-0.0158772
-0.0160557
-0.0164127
-0.0169894
-0.0176759
-0.0183076
-0.018747
-0.0189118
-0.018898
-0.018898
-0.0190765
-0.019461
-0.0199553
-0.020587
-0.0215619
-0.0232371
-0.0258597
-0.0294024
-0.0334256
-0.0373527
-0.0410327
-0.0449461
-0.0498756
-0.0561919
-0.0634695
-0.0707333
-0.0771046
-0.0824597
-0.0872794
-0.0923187
-0.0982231
-0.105405
-0.113794
-0.122939
-0.131988
-0.140158
-0.147271
-0.153917
-0.160865
-0.16839
-0.176038
-0.18337
-0.190359
-0.197307
-0.204146
-0.210476
-0.215858
-0.220087
-0.223273
-0.225731
-0.22812
-0.2311
-0.234917
-0.239133
-0.242895
-0.2456
-0.246973
-0.247138
-0.246479
-0.245518
-0.244776
-0.244556
-0.24468
-0.244694
-0.244241
-0.243321
-0.242044
-0.240204
-0.237512
-0.234121
-0.230702
-0.227804
-0.225498
-0.22352
-0.221667
-0.219868
-0.218083
-0.216256
-0.214403
-0.212467
-0.210352
-0.208114
-0.206274
-0.205326
-0.205175
-0.204956
-0.203706
-0.201235
-0.198241
-0.195632
-0.193984
-0.193394
-0.193806
-0.194946
-0.196154
-0.196607
-0.196044
-0.195028
-0.19452
-0.195138
-0.196744
-0.198653
-0.200054
-0.200548
-0.200273
-0.199779
-0.199449
-0.19934
-0.199381
-0.199532
-0.199903
-0.200479
-0.201138
-0.20177
-0.202553
-0.203816
-0.205601
-0.207427
-0.208746
-0.209446
-0.20994
-0.21064
-0.211505
-0.212247
-0.212714
-0.212934
-0.213043
-0.213126
-0.213236
-0.213373
-0.213483
-0.213524
-0.213524
-0.213606
-0.213922
-0.214458
-0.215021
-0.215446
-0.215748
-0.216064
-0.216339
-0.21638
-0.216009
-0.215378
-0.214773
-0.214389
-0.214169
-0.213881
-0.213332
-0.212522
-0.211643
-0.21108
-0.211217
-0.212178
-0.213606
-0.214815
-0.215213
-0.214513
-0.212934
-0.210997
-0.209405
-0.208732
-0.209103
-0.209968
-0.210489
-0.210187
-0.209267
-0.208443
-0.208141
-0.208224
-0.208334
-0.208347
-0.208457
-0.208787
-0.209075
-0.208951
-0.208402
-0.20788
-0.207949
-0.208608
-0.209308
-0.209336
-0.208471
-0.207139
-0.206082
-0.205752
-0.206027
-0.206425
-0.20648
-0.206027
-0.205368
-0.205079
-0.205601
-0.206837
-0.208086
-0.208649
-0.208416
-0.207771
-0.207194
-0.206988
-0.20718
-0.207661
-0.208128
-0.20821
-0.207674
-0.206562
-0.205189
-0.204091
-0.203816
-0.204681
-0.206494
-0.208443
-0.209514
-0.209006
-0.206933
-0.204091
-0.201633
-0.200521
-0.20096
-0.202388
-0.203843
-0.204434
-0.203775
-0.202072
-0.200067
-0.198694
-0.198667
-0.200012
-0.202209
-0.204461
-0.206054
-0.206603
-0.206192
-0.205148
-0.203775
-0.202333
-0.201138
-0.200493
-0.200411
-0.200658
-0.200946
-0.201193
-0.201358
-0.201386
-0.201138
-0.200507
-0.199518
-0.198516
-0.197857
-0.197664
-0.197774
-0.198049
-0.198516
-0.199216
-0.199834
-0.199916
-0.19934
-0.19842
-0.197541
-0.196868
-0.196456
-0.196415
-0.196854
-0.197678
-0.198324
-0.198172
-0.197184
-0.195934
-0.195179
-0.195303
-0.196127
-0.197129
-0.197774
-0.197733
-0.196895
-0.195564
-0.194424
-0.194177
-0.195097
-0.19669
-0.197939
-0.197967
-0.196621
-0.194575
-0.192749
-0.191678
-0.191197
-0.190922
-0.190703
-0.190799
-0.19154
-0.192941
-0.194561
-0.195715
-0.195742
-0.19463
-0.192996
-0.191705
-0.19117
-0.191101
-0.191005
-0.190689
-0.190373
-0.190318
-0.19062
-0.191101
-0.191417
-0.191211
-0.190332
-0.189082
-0.188011
-0.187531
-0.187586
-0.187723
-0.187352
-0.186185
-0.184524
-0.183054
-0.182368
-0.182643
-0.183604
-0.184771
-0.185773
-0.186474
-0.186968
-0.187352
-0.187462
-0.186968
-0.185663
-0.183768
-0.181777
-0.180198
-0.179374
-0.179388
-0.180061
-0.18105
-0.182148
-0.183123
-0.1837
-0.183562
-0.18256
-0.180912
-0.1791
-0.177535
-0.176601
-0.176587
-0.177644
-0.179374
-0.180954
-0.181709
-0.181599
-0.181091
-0.180569
-0.180047
-0.179374
-0.178564
-0.177837
-0.177521
-0.17774
-0.178358
-0.179072
-0.179553
-0.179539
-0.178921
-0.177864
-0.176875
-0.176601
-0.177274
-0.178441
-0.179374
-0.179553
-0.178935
-0.177878
-0.176724
-0.175626
-0.174514
-0.173484
-0.172784
-0.172578
-0.172605
-0.172289
-0.171191
-0.169364
-0.167332
-0.165849
-0.16552
-0.166522
-0.16828
-0.169845
-0.170477
-0.17012
-0.169296
-0.168513
-0.167854
-0.167071
-0.166165
-0.165506
-0.165547
-0.166357
-0.167401
-0.167895
-0.167456
-0.166302
-0.165176
-0.164737
-0.165094
-0.165739
-0.165973
-0.165575
-0.164957
-0.164655
-0.164641
-0.164504
-0.163941
-0.163185
-0.162595
-0.162485
-0.162952
-0.16379
-0.164545
-0.164792
-0.164504
-0.163954
-0.163282
-0.162334
-0.161126
-0.16
-0.159547
-0.159931
-0.160782
-0.161469
-0.161812
-0.162128
-0.162609
-0.163048
-0.163007
-0.162389
-0.161483
-0.160714
-0.160288
-0.160274
-0.160728
-0.161565
-0.162307
-0.162389
-0.161648
-0.160357
-0.158778
-0.15691
-0.154837
-0.152983
-0.152049
-0.152599
-0.154548
-0.157116
-0.15919
-0.159931
-0.159203
-0.157405
-0.155111
-0.152942
-0.151624
-0.151583
-0.152571
-0.153738
-0.15426
-0.153944
-0.15323
-0.152599
-0.152187
-0.151692
-0.150923
-0.150003
-0.149358
-0.149303
-0.149715
-0.150155
-0.150278
-0.1501
-0.149825
-0.149743
-0.149949
-0.150237
-0.150237
-0.149839
-0.14918
-0.148424
-0.147669
-0.147024
-0.146612
-0.14642
-0.146227
-0.145857
-0.145349
-0.144841
-0.144497
-0.144415
-0.144648
-0.145129
-0.145664
-0.145884
-0.145596
-0.144895
-0.144154
-0.143715
-0.14366
-0.143824
-0.143989
-0.144113
-0.144223
-0.144319
-0.144346
-0.144374
-0.144621
-0.145033
-0.145239
-0.145005
-0.144484
-0.143962
-0.143618
-0.143412
-0.143399
-0.143618
-0.143866
-0.143811
-0.143358
-0.142781
-0.142506
-0.142822
-0.143673
-0.144484
-0.144566
-0.143577
-0.14193
-0.140405
-0.13965
-0.139719
-0.140172
-0.140447
-0.140199
-0.139527
-0.138771
-0.138236
-0.137975
-0.138002
-0.138332
-0.138895
-0.139389
-0.139389
-0.13862
-0.137192
-0.135599
-0.134515
-0.134405
-0.13516
-0.136011
-0.136094
-0.135229
-0.134116
-0.133759
-0.134515
-0.135764
-0.136492
-0.13608
-0.134789
-0.13343
-0.13273
-0.132963
-0.133828
-0.134734
-0.135091
-0.134556
-0.13321
-0.131562
-0.130272
-0.129846
-0.130299
-0.131205
-0.132016
-0.132345
-0.132029
-0.131109
-0.129874
-0.128857
-0.128473
-0.128802
-0.129503
-0.130052
-0.130121
-0.129791
-0.129379
-0.129118
-0.128995
-0.128748
-0.12824
-0.127567
-0.127017
-0.126894
-0.127374
-0.128363
-0.129448
-0.130258
-0.130588
-0.130519
-0.130162
-0.129668
-0.129105
-0.128459
-0.127594
-0.126372
-0.12482
-0.123269
-0.122184
-0.121813
-0.122074
-0.122788
-0.123804
-0.124848
-0.125301
-0.124738
-0.123489
-0.122569
-0.122788
-0.123928
-0.125123
-0.12574
-0.125754
-0.125493
-0.125191
-0.124917
-0.124573
-0.123955
-0.122967
-0.121758
-0.120783
-0.120481
-0.12088
-0.121649
-0.12228
-0.122321
-0.121539
-0.120207
-0.119136
-0.119012
-0.119932
-0.121333
-0.122541
-0.123077
-0.122802
-0.122006
-0.12114
-0.120591
-0.120413
-0.120303
-0.119973
-0.11952
-0.119301
-0.119671
-0.120591
-0.121649
-0.12239
-0.122651
-0.122459
-0.121772
-0.12055
-0.119067
-0.117831
-0.117255
-0.117255
-0.117392
-0.117309
-0.116939
-0.116376
-0.115868
-0.115799
-0.116362
-0.117104
-0.117145
-0.115991
-0.114069
-0.11249
-0.112064
-0.112655
-0.113355
-0.11352
-0.113273
-0.113108
-0.113231
-0.11341
-0.113231
-0.112792
-0.112545
-0.112861
-0.113506
-0.113932
-0.113863
-0.113588
-0.113355
-0.11308
-0.112476
-0.11168
-0.11113
-0.111021
-0.111007
-0.110499
-0.109387
-0.108137
-0.10745
-0.107602
-0.108288
-0.109057
-0.109922
-0.111199
-0.113012
-0.114934
-0.116156
-0.116129
-0.114852
-0.112916
-0.11113
-0.110142
-0.110059
-0.110485
-0.11076
-0.110362
-0.109016
-0.106956
-0.104814
-0.103496
-0.103633
-0.105116
-0.107162
-0.108782
-0.109332
-0.108576
-0.106599
-0.103935
-0.10145
-0.1002
-0.100928
-0.103551
-0.106901
-0.109263
-0.109304
-0.10708
-0.104018
-0.101876
-0.101642
-0.103002
-0.10491
-0.106091
-0.105816
-0.1041
-0.101834
-0.100242
-0.100049
-0.100914
-0.101944
-0.102439
-0.102315
-0.101999
-0.101944
-0.102274
-0.102741
-0.102988
-0.10296
-0.102851
-0.102988
-0.103551
-0.104375
-0.10491
-0.104622
-0.103482
-0.101985
-0.10075
-0.0999807
-0.0996237
-0.0997336
-0.100434
-0.101409
-0.101876
-0.101258
-0.0998022
-0.0985389
-0.0984428
-0.0997198
-0.101725
-0.103441
-0.104141
-0.103716
-0.102452
-0.100777
-0.0991843
-0.0983192
-0.0986076
-0.0998297
-0.101065
-0.101505
-0.101011
-0.0999807
-0.0987449
-0.0974542
-0.0963145
-0.0957515
-0.0958751
-0.0962596
-0.0962596
-0.0956829
-0.0949688
-0.0947766
-0.0955181
-0.0971521
-0.0991294
-0.100571
-0.100736
-0.0994864
-0.097564
-0.0960673
-0.0955867
-0.0959163
-0.0964518
-0.0968912
-0.0972207
-0.0973581
-0.0970011
-0.0959712
-0.0945569
-0.0933074
-0.0926345
-0.0925796
-0.0929778
-0.0936506
-0.0943647
-0.0947354
-0.0943921
-0.0933897
-0.0922913
-0.0918107
-0.0921814
-0.0930465
-0.0938841
-0.0943235
-0.0941724
-0.0934172
-0.0922913
-0.091179
-0.0903277
-0.0896137
-0.0888173
-0.0881994
-0.088268
-0.0891468
-0.0901629
-0.0904925
-0.0898608
-0.0887486
-0.0880208
-0.0882543
-0.089339
-0.090465
-0.090822
-0.0902728
-0.0895038
-0.0892017
-0.0894626
-0.0898746
-0.0900119
-0.089902
-0.0899295
-0.0903414
-0.0908769
-0.0910005
-0.090465
-0.0897098
-0.0895725
-0.0905337
-0.0923324
-0.0940763
-0.0948453
-0.0941862
-0.0923324
-0.0899295
-0.0876776
-0.0860298
-0.0854257
-0.0861534
-0.0879385
-0.0899158
-0.091179
-0.0914811
-0.0910966
-0.0903414
-0.089339
-0.0881856
-0.0871695
-0.0865653
-0.0863456
-0.0862907
-0.0862221
-0.0862358
-0.0863868
-0.0866065
-0.0865928
-0.0861809
-0.0854943
-0.0848489
-0.0844645
-0.084286
-0.0842036
-0.084286
-0.0845331
-0.0846979
-0.0843684
-0.0836406
-0.0831188
-0.0834484
-0.0845881
-0.0857827
-0.0861946
-0.0854257
-0.083874
-0.0824323
-0.0817182
-0.0815672
-0.08132
-0.0804824
-0.0794114
-0.0789033
-0.0795762
-0.081526
-0.0840388
-0.0859612
-0.0863045
-0.0849863
-0.0828854
-0.0810042
-0.0797272
-0.078972
-0.0786836
-0.0789171
-0.0796723
-0.0805923
-0.0811141
-0.0807159
-0.0794389
-0.0779833
-0.0772556
-0.0776126
-0.0786013
-0.079535
-0.0799744
-0.0798096
-0.0792054
-0.0784639
-0.0777911
-0.0772007
-0.0765965
-0.0761846
-0.0763356
-0.0771595
-0.0783266
-0.079329
-0.0798645
-0.0798783
-0.0795899
-0.079329
-0.0792603
-0.079178
-0.0785326
-0.0769947
-0.0749488
-0.0732598
-0.0727106
-0.0734109
-0.0747977
-0.0760198
-0.0765553
-0.0764043
-0.0758825
-0.0752646
-0.0747702
-0.0744819
-0.0744544
-0.0745643
-0.0746467
-0.0746741
-0.0747977
-0.0751822
-0.0757726
-0.0764455
-0.0770222
-0.0772693
-0.0770771
-0.0765965
-0.076061
-0.0754156
-0.0743858
-0.0729852
-0.0717357
-0.0712963
-0.071873
-0.0731774
-0.0745368
-0.0754156
-0.0755941
-0.075141
-0.0742347
-0.0729989
-0.0715434
-0.0701978
-0.0694563
-0.0696485
-0.070596
-0.0717631
-0.0726282
-0.0729165
-0.0726556
-0.0721339
-0.0718318
-0.0720515
-0.0726694
-0.0732186
-0.0732186
-0.0726007
-0.0716533
-0.0708843
-0.0706234
-0.0708431
-0.0712276
-0.0716258
-0.0720927
-0.0726694
-0.0731362
-0.0732186
-0.072793
-0.0717631
-0.070239
-0.0688109
-0.0683715
-0.0693464
-0.0711315
-0.0724909
-0.0726145
-0.0716945
-0.0706234
-0.0700742
-0.0699918
-0.0700604
-0.0701703
-0.0705548
-0.0712139
-0.0718318
-0.0718455
-0.0711452
-0.0700742
-0.0690031
-0.0679047
-0.0666139
-0.065488
-0.0651721
-0.0659274
-0.0673005
-0.0685088
-0.0690306
-0.0687834
-0.0680145
-0.0671082
-0.0665315
-0.0665041
-0.067067
-0.0680145
-0.0690443
-0.0699231
-0.070596
-0.0709804
-0.0709392
-0.0702801
-0.069113
-0.0678497
-0.0669709
-0.0666414
-0.0667787
-0.067122
-0.0674515
-0.0678085
-0.0684951
-0.0697309
-0.0711589
-0.0719416
-0.0715022
-0.0699506
-0.0680145
-0.0664354
-0.0657077
-0.0658862
-0.0666551
-0.0674378
-0.0679184
-0.068042
-0.0678635
-0.0674515
-0.0669297
-0.0665041
-0.0662981
-0.0662981
-0.0664629
-0.0667375
-0.066916
-0.0668062
-0.0663942
-0.0660784
-0.0662706
-0.0670396
-0.0678909
-0.0681106
-0.0672044
-0.065433
-0.0637029
-0.062879
-0.0631674
-0.0639226
-0.0644169
-0.0643895
-0.0641423
-0.064005
-0.0639913
-0.0639226
-0.0636342
-0.0631949
-0.0628241
-0.0627143
-0.0627005
-0.0625632
-0.0624534
-0.0628241
-0.0638402
-0.0649936
-0.0656802
-0.0657626
-0.065433
-0.0647327
-0.0636617
-0.0624259
-0.0614647
-0.0610253
-0.0609429
-0.0609429
-0.0608194
-0.0605447
-0.0602015
-0.0600092
-0.0600779
-0.0602289
-0.0602976
-0.0602152
-0.0600641
-0.0599268
-0.0598856
-0.0599268
-0.0599543
-0.0598856
-0.0598582
-0.0602426
-0.0612176
-0.0625358
-0.0635793
-0.0638402
-0.0632635
-0.0623435
-0.0617531
-0.0619728
-0.0628653
-0.0638951
-0.0644307
-0.0640325
-0.0628241
-0.0614235
-0.0605997
-0.0607782
-0.0618355
-0.0632772
-0.0645954
-0.0653369
-0.0651172
-0.0638677
-0.0621787
-0.061094
-0.0612999
-0.0625495
-0.0639363
-0.0645817
-0.0641148
-0.0625907
-0.0605035
-0.0586636
-0.0577985
-0.0581006
-0.0592952
-0.060737
-0.0619453
-0.0627005
-0.062934
-0.0624808
-0.061094
-0.0589519
-0.0570845
-0.0566176
-0.0577436
-0.059405
-0.0604074
-0.0603388
-0.0594737
-0.0582654
-0.0570982
-0.0563979
-0.0565352
-0.057414
-0.0584988
-0.0591991
-0.0593089
-0.0590343
-0.0586498
-0.0582928
-0.057771
-0.0569334
-0.0559722
-0.0552582
-0.0550248
-0.055066
-0.0551072
-0.0550111
-0.0547776
-0.0543657
-0.0538988
-0.0537066
-0.0540361
-0.0547364
-0.0554367
-0.0559173
-0.0562469
-0.0565901
-0.0569334
-0.0571394
-0.0570982
-0.056851
-0.0566176
-0.0565901
-0.0567137
-0.0567137
-0.0565078
-0.0564803
-0.0570295
-0.0580045
-0.058691
-0.0584027
-0.0569746
-0.0548737
-0.0529239
-0.0518392
-0.0518392
-0.0525669
-0.0532947
-0.053377
-0.0525394
-0.0510977
-0.0500404
-0.0502875
-0.0519902
-0.0541872
-0.0556702
-0.0558349
-0.0549424
-0.0536105
-0.0523609
-0.0515508
-0.0514135
-0.0518529
-0.052512
-0.0527729
-0.0521962
-0.0510016
-0.0499305
-0.0496971
-0.0505484
-0.0521275
-0.0538851
-0.055272
-0.0558761
-0.0555603
-0.0547364
-0.0540911
-0.0540361
-0.0543657
-0.0546403
-0.0545991
-0.0543657
-0.0541048
-0.0538851
-0.0536242
-0.0531985
-0.0524708
-0.0515783
-0.0507956
-0.0503974
-0.050315
-0.0504248
-0.050672
-0.0512213
-0.0520726
-0.0529376
-0.0533496
-0.052869
-0.0513311
-0.0493263
-0.0479944
-0.0482416
-0.0498893
-0.0516881
-0.0524159
-0.0518529
-0.050823
-0.0503836
-0.050878
-0.0517568
-0.0521
-0.0514684
-0.050109
-0.0485299
-0.0471843
-0.0465389
-0.0469508
-0.048269
-0.049752
-0.0505759
-0.0505896
-0.0503013
-0.0502738
-0.050466
-0.050315
-0.0493675
-0.0478571
-0.0466213
-0.0464703
-0.0474314
-0.0487496
-0.0496559
-0.0498893
-0.0496696
-0.0493263
-0.0490929
-0.0490792
-0.0491204
-0.0490243
-0.0486947
-0.0481729
-0.0474314
-0.0462918
-0.0450697
-0.0445754
-0.0455228
-0.0476923
-0.0499305
-0.0510839
-0.0508642
-0.049752
-0.0485574
-0.0478022
-0.0475962
-0.047761
-0.0482141
-0.0488595
-0.0495049
-0.0498207
-0.0496971
-0.0494637
-0.0495735
-0.050109
-0.0505896
-0.0504111
-0.0492989
-0.0476374
-0.0461407
-0.0454816
-0.0457288
-0.0463467
-0.046635
-0.0463329
-0.0457837
-0.0455228
-0.0459897
-0.0472804
-0.048832
-0.0497657
-0.049546
-0.0486123
-0.0479532
-0.0480631
-0.0486947
-0.0491616
-0.0489968
-0.0481729
-0.0471431
-0.0464016
-0.046127
-0.0461407
-0.0461819
-0.0460309
-0.0456464
-0.0451246
-0.0446577
-0.044287
-0.0438888
-0.0432297
-0.0425294
-0.0423097
-0.0428727
-0.0437515
-0.044136
-0.0437377
-0.0430787
-0.0429963
-0.0437927
-0.0450148
-0.0458112
-0.0456876
-0.0449049
-0.0440536
-0.0434631
-0.0429688
-0.0423234
-0.0416369
-0.0411014
-0.040813
-0.0408405
-0.0412524
-0.0420076
-0.0425706
-0.0424333
-0.0414721
-0.0401676
-0.0390554
-0.0385062
-0.0386709
-0.0394399
-0.0404285
-0.0412387
-0.041733
-0.0419527
-0.0420351
-0.04209
-0.0423921
-0.0432022
-0.0443419
-0.0453031
-0.0455228
-0.0447813
-0.0434769
-0.0423646
-0.0420763
-0.042653
-0.0435181
-0.0440536
-0.0439025
-0.0429551
-0.0413623
-0.0397969
-0.0393026
-0.0405384
-0.0432297
-0.0462918
-0.0484887
-0.049038
-0.0479532
-0.0458935
-0.0437377
-0.0419802
-0.0407443
-0.0401127
-0.04025
-0.0411151
-0.0421861
-0.0429825
-0.0434219
-0.0436416
-0.0436279
-0.043367
-0.0430787
-0.0431748
-0.0436554
-0.0442458
-0.0446028
-0.0446165
-0.0441771
-0.0433533
-0.0424196
-0.0417605
-0.0415682
-0.0416506
-0.0416643
-0.0414172
-0.041019
-0.040813
-0.041019
-0.0412936
-0.0411151
-0.0404423
-0.0397969
-0.0398518
-0.0407169
-0.0419527
-0.0429825
-0.0433807
-0.0430375
-0.0421037
-0.0409229
-0.0399067
-0.0392476
-0.0388494
-0.0385062
-0.038053
-0.0375999
-0.037545
-0.0383277
-0.0398106
-0.0413348
-0.0421861
-0.0421175
-0.041527
-0.0410876
-0.0413348
-0.0421587
-0.0428178
-0.0426667
-0.0416506
-0.0402775
-0.039179
-0.0386572
-0.0387121
-0.0390142
-0.0391241
-0.0388083
-0.0383002
-0.0381766
-0.0389456
-0.0405933
-0.0425569
-0.0439025
-0.04393
-0.0426255
-0.0409091
-0.0399067
-0.0399479
-0.0403599
-0.0402638
-0.0393712
-0.038053
-0.0368584
-0.0362131
-0.0363229
-0.0371193
-0.0381903
-0.0389318
-0.0388769
-0.0379844
-0.0368996
-0.0366936
