LECROYHDO9204-MSöv,30454,Waveform
Segments,1,SegmentSize,2002
Ampl
-0.0143393
-0.015479
-0.0159733
-0.0156163
-0.0145864
-0.0133369
-0.012307
-0.011799
-0.0118539
-0.0122109
-0.0124306
-0.0122521
-0.011799
-0.0113733
-0.0111399
-0.0111399
-0.0113047
-0.0114694
-0.0114969
-0.0114557
-0.0114145
-0.0114283
-0.0114832
-0.0116754
-0.0120736
-0.0124856
-0.0126366
-0.0124993
-0.012307
-0.0122521
-0.0123757
-0.0126091
-0.0129661
-0.0133232
-0.0133918
-0.0130348
-0.0122933
-0.0113596
-0.0104259
-0.0098217
-0.00980797
-0.0103709
-0.011236
-0.0121011
-0.0126641
-0.0124993
-0.0112772
-0.00931365
-0.0076659
-0.00730889
-0.00837993
-0.0102062
-0.0117441
-0.0122109
-0.0114694
-0.0101238
-0.00913514
-0.00913514
-0.00994528
-0.0109065
-0.0115381
-0.0117715
-0.011799
-0.0116754
-0.0113733
-0.0109751
-0.0106593
-0.0104945
-0.0102748
-0.00979424
-0.00909395
-0.00853097
-0.00835246
-0.00839366
-0.00839366
-0.008325
-0.00844858
-0.0089429
-0.00967066
-0.010316
-0.010522
-0.0101238
-0.00923126
-0.00825634
-0.00758352
-0.00724024
-0.00700681
-0.00680084
-0.00677338
-0.00710292
-0.00763844
-0.00809157
-0.00816023
-0.00772083
-0.00693815
-0.00618293
-0.00575727
-0.00574354
-0.00604562
-0.00658114
-0.00729516
-0.00799545
-0.0085447
-0.00897037
-0.00935484
-0.00950588
-0.00919007
-0.00851724
-0.00806411
-0.00824261
-0.00866828
-0.00850351
-0.00745994
-0.00625159
-0.00592204
-0.00688323
-0.00858589
-0.0101375
-0.0110026
-0.0113733
-0.0115244
-0.0113596
-0.0104808
-0.00890171
-0.00729516
-0.0063889
-0.00648502
-0.00735009
-0.00843485
-0.00914887
-0.00906649
-0.00836619
-0.00780322
-0.00806411
-0.00902529
-0.00993155
-0.0101238
-0.00957454
-0.00890171
-0.00873694
-0.00932738
-0.0104533
-0.011593
-0.0122247
-0.01195
-0.0107829
-0.00936857
-0.00866828
-0.00914887
-0.0104259
-0.0116068
-0.0121285
-0.0121011
-0.0120736
-0.012362
-0.0128838
-0.0131309
-0.0127739
-0.0118676
-0.0108653
-0.0102062
-0.0100689
-0.0103435
-0.0108378
-0.0113733
-0.0116068
-0.0112909
-0.0106044
-0.0101924
-0.0106181
-0.0118127
-0.0131035
-0.0138999
-0.0140784
-0.0139548
-0.0138037
-0.0135429
-0.0129799
-0.0121285
-0.0113184
-0.010879
-0.010879
-0.0111399
-0.0116342
-0.0124032
-0.0132682
-0.0136115
-0.0130348
-0.0118265
-0.0106318
-0.00994528
-0.00986289
-0.0102886
-0.0110712
-0.01195
-0.0126503
-0.0130211
-0.0130348
-0.0127053
-0.0122109
-0.0117853
-0.0114969
-0.0111948
-0.0107142
-0.0100826
-0.00953335
-0.0093823
-0.00994528
-0.0111811
-0.0126641
-0.0136664
-0.0136527
-0.0126915
-0.0113733
-0.0103984
-0.0102474
-0.0107829
-0.0115106
-0.0119363
-0.0118676
-0.0114145
-0.0107966
-0.0102886
-0.0101375
-0.0104533
-0.0110438
-0.0115381
-0.0118676
-0.0121835
-0.0126229
-0.0131172
-0.0135703
-0.0139548
-0.014202
-0.0140784
-0.0133781
-0.0121697
-0.0108653
-0.00991782
-0.00973931
-0.010316
-0.0112086
-0.0118402
-0.0118265
-0.0110575
-0.0098217
-0.00862709
-0.00796799
-0.00802291
-0.00858589
-0.00934111
-0.0101512
-0.0109339
-0.0115793
-0.0118127
-0.0115793
-0.0111124
-0.0108927
-0.0112223
-0.0118814
-0.0122659
-0.011799
-0.0105083
-0.00912141
-0.00851724
-0.00908022
-0.0104945
-0.0119775
-0.0128288
-0.0128014
-0.0121697
-0.0116617
-0.0117715
-0.0124993
-0.0133094
-0.0136664
-0.0133506
-0.0125542
-0.0116342
-0.0109889
-0.0107829
-0.0110163
-0.011593
-0.0124306
-0.0133094
-0.0138312
-0.013584
-0.0126366
-0.0114832
-0.0107417
-0.0107692
-0.0114694
-0.012362
-0.0126778
-0.0120462
-0.0107829
-0.00975305
-0.00957454
-0.0102199
-0.0112772
-0.0122796
-0.0128426
-0.0127876
-0.0123894
-0.0121697
-0.0125954
-0.0136527
-0.0148885
-0.0157673
-0.0159733
-0.0156575
-0.0151219
-0.0145178
-0.0138449
-0.0131172
-0.0124993
-0.0121148
-0.0120187
-0.0121011
-0.0122247
-0.0122933
-0.012307
-0.0123894
-0.0126641
-0.0130897
-0.0133232
-0.013076
-0.0123894
-0.0116342
-0.0111399
-0.0110026
-0.0111811
-0.0117029
-0.0126091
-0.0137763
-0.0149984
-0.0161106
-0.0169482
-0.017264
-0.0169757
-0.0162891
-0.0156163
-0.0152867
-0.0152867
-0.0154515
-0.0156575
-0.0159184
-0.0162754
-0.0164539
-0.015987
-0.0147375
-0.0133369
-0.0127053
-0.0130897
-0.0137626
-0.0139411
-0.0135154
-0.0129799
-0.0128426
-0.0132957
-0.0141196
-0.014916
-0.015424
-0.0158085
-0.0163166
-0.0171404
-0.0180741
-0.0187058
-0.0185959
-0.0174425
-0.0153966
-0.0131858
-0.0119088
-0.0122659
-0.0140097
-0.0161106
-0.0174425
-0.0174974
-0.0165637
-0.0153279
-0.0143255
-0.0136252
-0.0130897
-0.0127602
-0.0130348
-0.014202
-0.0160007
-0.0177034
-0.0186509
-0.0186783
-0.0180467
-0.0170718
-0.0159595
-0.0148473
-0.0139136
-0.0134742
-0.0135703
-0.0138312
-0.0137626
-0.0133369
-0.0128975
-0.0126778
-0.0124306
-0.01195
-0.0113733
-0.011085
-0.0111948
-0.0114969
-0.0116754
-0.0116342
-0.0115244
-0.0116068
-0.01195
-0.012362
-0.0126366
-0.012719
-0.012719
-0.0126915
-0.0125679
-0.0122933
-0.01195
-0.011799
-0.0121011
-0.0129799
-0.0142294
-0.0153142
-0.0157261
-0.0154103
-0.0147787
-0.014202
-0.0137214
-0.0131035
-0.0123345
-0.0116754
-0.0116205
-0.0124718
-0.0139685
-0.0154378
-0.0162891
-0.0164539
-0.0161518
-0.0155888
-0.0150533
-0.0150945
-0.0162067
-0.0182664
-0.0206968
-0.0229899
-0.0251183
-0.0272466
-0.0295397
-0.0321761
-0.0354304
-0.039536
-0.0445754
-0.0504935
-0.0571257
-0.064211
-0.0715434
-0.0790956
-0.0869635
-0.0951748
-0.103482
-0.11146
-0.118641
-0.124917
-0.130725
-0.136904
-0.14403
-0.151761
-0.159231
-0.165918
-0.172248
-0.179072
-0.186652
-0.194438
-0.201825
-0.208828
-0.215803
-0.222669
-0.228532
-0.232418
-0.234286
-0.235068
-0.235947
-0.237554
-0.23986
-0.242689
-0.245696
-0.248291
-0.249829
-0.250104
-0.249582
-0.248909
-0.248497
-0.248346
-0.248223
-0.247701
-0.246287
-0.243856
-0.240849
-0.238075
-0.235892
-0.234052
-0.232047
-0.229548
-0.226596
-0.223438
-0.220376
-0.217671
-0.21535
-0.213373
-0.21156
-0.209624
-0.207276
-0.204557
-0.201921
-0.200067
-0.199326
-0.199463
-0.199765
-0.199601
-0.198859
-0.197651
-0.196154
-0.194547
-0.193161
-0.192447
-0.192721
-0.193998
-0.195811
-0.197349
-0.197994
-0.197678
-0.196964
-0.196635
-0.197019
-0.19798
-0.199257
-0.200836
-0.202704
-0.204695
-0.206411
-0.2074
-0.207469
-0.206782
-0.205848
-0.205217
-0.205395
-0.206603
-0.208663
-0.210956
-0.212728
-0.21362
-0.21384
-0.213922
-0.214005
-0.213757
-0.212879
-0.211684
-0.211011
-0.211437
-0.212851
-0.214526
-0.215817
-0.216517
-0.216765
-0.216874
-0.217067
-0.217341
-0.217451
-0.217314
-0.217108
-0.217094
-0.217231
-0.217135
-0.216504
-0.21557
-0.214883
-0.21487
-0.215391
-0.216092
-0.216696
-0.217122
-0.217396
-0.21741
-0.217149
-0.216696
-0.216325
-0.216119
-0.215927
-0.215474
-0.214691
-0.213757
-0.213002
-0.212631
-0.212618
-0.21281
-0.213071
-0.213249
-0.213208
-0.212961
-0.212549
-0.211917
-0.21086
-0.209363
-0.20788
-0.20729
-0.208018
-0.209693
-0.211231
-0.211766
-0.211052
-0.209501
-0.207716
-0.206068
-0.204763
-0.204077
-0.204187
-0.205038
-0.206054
-0.206507
-0.206082
-0.205217
-0.204681
-0.204791
-0.205134
-0.205079
-0.20442
-0.203624
-0.203253
-0.203624
-0.204544
-0.205629
-0.206576
-0.207304
-0.207798
-0.208004
-0.207688
-0.206809
-0.205601
-0.204461
-0.203596
-0.202896
-0.202347
-0.202223
-0.202992
-0.204557
-0.206013
-0.20626
-0.204942
-0.202937
-0.201619
-0.20188
-0.203555
-0.205738
-0.207441
-0.208045
-0.207441
-0.206123
-0.204942
-0.204571
-0.204997
-0.205395
-0.204832
-0.203253
-0.201592
-0.200919
-0.201564
-0.202978
-0.204214
-0.204612
-0.204049
-0.203033
-0.202223
-0.202086
-0.202553
-0.20328
-0.203857
-0.203953
-0.203445
-0.202566
-0.201688
-0.201111
-0.200768
-0.200411
-0.199848
-0.199202
-0.198681
-0.198488
-0.198598
-0.198818
-0.199024
-0.199285
-0.199738
-0.200218
-0.200287
-0.199587
-0.198324
-0.196978
-0.195907
-0.195097
-0.194465
-0.193984
-0.193559
-0.193216
-0.193216
-0.193875
-0.195083
-0.196223
-0.196497
-0.19566
-0.194245
-0.192955
-0.192007
-0.191307
-0.190895
-0.191115
-0.192131
-0.193545
-0.194589
-0.194726
-0.194026
-0.192955
-0.191925
-0.191142
-0.190593
-0.190099
-0.189536
-0.188973
-0.188657
-0.188698
-0.188863
-0.18878
-0.188533
-0.188519
-0.188931
-0.189453
-0.189673
-0.189549
-0.189302
-0.188986
-0.188574
-0.18819
-0.18797
-0.187888
-0.187668
-0.187174
-0.186501
-0.185938
-0.18554
-0.185238
-0.185018
-0.185018
-0.185334
-0.185869
-0.186336
-0.186501
-0.186295
-0.185952
-0.185787
-0.185924
-0.186322
-0.186817
-0.18727
-0.187558
-0.187654
-0.187476
-0.186913
-0.185814
-0.18429
-0.182821
-0.182066
-0.18234
-0.18337
-0.184414
-0.184688
-0.183892
-0.182368
-0.180706
-0.179443
-0.178812
-0.178839
-0.179361
-0.180198
-0.181077
-0.181681
-0.181709
-0.18105
-0.180061
-0.179402
-0.179539
-0.180281
-0.180899
-0.180816
-0.180075
-0.179169
-0.178537
-0.178303
-0.178386
-0.178413
-0.177946
-0.176807
-0.175379
-0.174321
-0.174129
-0.174692
-0.17542
-0.175708
-0.175406
-0.174857
-0.174527
-0.174459
-0.174418
-0.174212
-0.173951
-0.173827
-0.173758
-0.173525
-0.173154
-0.172893
-0.172935
-0.173223
-0.173511
-0.173456
-0.172715
-0.17141
-0.170298
-0.170284
-0.17152
-0.173278
-0.174431
-0.174376
-0.173429
-0.17244
-0.172056
-0.172179
-0.172138
-0.171369
-0.170024
-0.168678
-0.167676
-0.166975
-0.166399
-0.165959
-0.165575
-0.165012
-0.16416
-0.163378
-0.16324
-0.163941
-0.165108
-0.166206
-0.166756
-0.16655
-0.165712
-0.1646
-0.16357
-0.162911
-0.162787
-0.163021
-0.163089
-0.162636
-0.161799
-0.161085
-0.160769
-0.160673
-0.160371
-0.159602
-0.158627
-0.157954
-0.15783
-0.158022
-0.158256
-0.158627
-0.159437
-0.160645
-0.16162
-0.16162
-0.160535
-0.158901
-0.157473
-0.156677
-0.156485
-0.156553
-0.15654
-0.156347
-0.156182
-0.156141
-0.156031
-0.155661
-0.155153
-0.154782
-0.154658
-0.154754
-0.155111
-0.155716
-0.156182
-0.155812
-0.15437
-0.152503
-0.15139
-0.151816
-0.153477
-0.155125
-0.155633
-0.154741
-0.153244
-0.152077
-0.151583
-0.151432
-0.151157
-0.150717
-0.150374
-0.150333
-0.150566
-0.15091
-0.151322
-0.151802
-0.152228
-0.15242
-0.152187
-0.151541
-0.150649
-0.149743
-0.148905
-0.148122
-0.147463
-0.147092
-0.147106
-0.147381
-0.1476
-0.147573
-0.147449
-0.147532
-0.14804
-0.148878
-0.149605
-0.149633
-0.148617
-0.146749
-0.144717
-0.143385
-0.143165
-0.143866
-0.144758
-0.145074
-0.144525
-0.143495
-0.142506
-0.141888
-0.141696
-0.141902
-0.1423
-0.142589
-0.142479
-0.141861
-0.140886
-0.139829
-0.139224
-0.139472
-0.140543
-0.141724
-0.142067
-0.141202
-0.139746
-0.138744
-0.138771
-0.139499
-0.140199
-0.140337
-0.139801
-0.138799
-0.137549
-0.136245
-0.135091
-0.134583
-0.13516
-0.136739
-0.138456
-0.139348
-0.139073
-0.13803
-0.136863
-0.13597
-0.135297
-0.134679
-0.134199
-0.13424
-0.134995
-0.136135
-0.136849
-0.136602
-0.135531
-0.134377
-0.133787
-0.133746
-0.133746
-0.13343
-0.133004
-0.132867
-0.132991
-0.133032
-0.132702
-0.132153
-0.131837
-0.131961
-0.132331
-0.132414
-0.131892
-0.131109
-0.130807
-0.131494
-0.132785
-0.133608
-0.133251
-0.131947
-0.130601
-0.129942
-0.129874
-0.129915
-0.129736
-0.129558
-0.12975
-0.130437
-0.131233
-0.13159
-0.13137
-0.130917
-0.130642
-0.13045
-0.129915
-0.128761
-0.127237
-0.125878
-0.125164
-0.12526
-0.125919
-0.12666
-0.127031
-0.126949
-0.126647
-0.126372
-0.126166
-0.125919
-0.125507
-0.12493
-0.124326
-0.123722
-0.123049
-0.122266
-0.121662
-0.121662
-0.1225
-0.123804
-0.12482
-0.124779
-0.123516
-0.12158
-0.119918
-0.119273
-0.119699
-0.12066
-0.121497
-0.121676
-0.121113
-0.120083
-0.119218
-0.119095
-0.119891
-0.121319
-0.122788
-0.123736
-0.123859
-0.123063
-0.12158
-0.119754
-0.118078
-0.116843
-0.116115
-0.115895
-0.116252
-0.117145
-0.118394
-0.119671
-0.120591
-0.120935
-0.120742
-0.120262
-0.119726
-0.119122
-0.118394
-0.117543
-0.116637
-0.115785
-0.115277
-0.115401
-0.116129
-0.11698
-0.117433
-0.117268
-0.116582
-0.115689
-0.114879
-0.114371
-0.114247
-0.114467
-0.114934
-0.115538
-0.116005
-0.116046
-0.115511
-0.114563
-0.113616
-0.113039
-0.112998
-0.113478
-0.114247
-0.114989
-0.115428
-0.115593
-0.115675
-0.115785
-0.115881
-0.115854
-0.115607
-0.115099
-0.114412
-0.113712
-0.113231
-0.113067
-0.113245
-0.113616
-0.114028
-0.114275
-0.11422
-0.113781
-0.112888
-0.111611
-0.110279
-0.109373
-0.109112
-0.10929
-0.10951
-0.109442
-0.108988
-0.108096
-0.106805
-0.10535
-0.104251
-0.104128
-0.105336
-0.107519
-0.109744
-0.111144
-0.11135
-0.110554
-0.109263
-0.107945
-0.10686
-0.106132
-0.105913
-0.106407
-0.10745
-0.108453
-0.108714
-0.108096
-0.107135
-0.106462
-0.106132
-0.105611
-0.104581
-0.103235
-0.102178
-0.101972
-0.102919
-0.104842
-0.107176
-0.109126
-0.109963
-0.109414
-0.107794
-0.105885
-0.104526
-0.1041
-0.104334
-0.104663
-0.104718
-0.10443
-0.103853
-0.103125
-0.102782
-0.103331
-0.104649
-0.105816
-0.105844
-0.104539
-0.102658
-0.101203
-0.10075
-0.101011
-0.10123
-0.100928
-0.100228
-0.09961
-0.0993079
-0.0991843
-0.099198
-0.0995276
-0.100242
-0.10112
-0.101903
-0.10226
-0.101889
-0.100585
-0.0986488
-0.0968775
-0.0960536
-0.0963969
-0.0972619
-0.0978112
-0.0977013
-0.0971109
-0.0964655
-0.09593
-0.0955044
-0.0950787
-0.0947629
-0.0948727
-0.0955318
-0.0963831
-0.0967402
-0.0960536
-0.0943647
-0.092305
-0.090671
-0.0899981
-0.0903414
-0.0913438
-0.0924698
-0.0931426
-0.0930465
-0.0923599
-0.0917145
-0.0916459
-0.0919754
-0.0921127
-0.0917145
-0.0909731
-0.090259
-0.0896961
-0.0892429
-0.0890507
-0.0894214
-0.090465
-0.0918519
-0.0929229
-0.0932524
-0.0928405
-0.0919205
-0.0908357
-0.0897098
-0.0885701
-0.0874304
-0.0865104
-0.0860985
-0.0863868
-0.0872931
-0.0884191
-0.0892567
-0.0894764
-0.0889683
-0.0878835
-0.0865516
-0.0854531
-0.0850686
-0.085508
-0.0862358
-0.0866065
-0.0863319
-0.0857003
-0.085206
-0.0850412
-0.0849863
-0.0846979
-0.0842036
-0.083929
-0.0843272
-0.0853845
-0.0865653
-0.0872656
-0.0872244
-0.0864967
-0.0853845
-0.084286
-0.0835719
-0.0835033
-0.0839839
-0.0846704
-0.085151
-0.0851098
-0.0845606
-0.0838603
-0.0835445
-0.0838878
-0.0846018
-0.0849725
-0.0846567
-0.0839701
-0.0837367
-0.0845606
-0.086277
-0.0878835
-0.0881994
-0.0866615
-0.0839976
-0.0816084
-0.0804962
-0.080606
-0.0812651
-0.0819105
-0.0825146
-0.0832424
-0.0839701
-0.0843272
-0.0840937
-0.0835719
-0.0833522
-0.083874
-0.0850137
-0.0862633
-0.0872107
-0.0876364
-0.0875128
-0.0868674
-0.08592
-0.0850412
-0.0845606
-0.0846155
-0.0851098
-0.0855492
-0.085357
-0.0842036
-0.0824048
-0.0806609
-0.0797135
-0.0798508
-0.0809218
-0.0824597
-0.0837916
-0.0843958
-0.0841212
-0.0833934
-0.0827893
-0.082597
-0.0826794
-0.0827481
-0.0827481
-0.0827755
-0.0829403
-0.0832012
-0.0834072
-0.0834346
-0.08316
-0.0825009
-0.0816358
-0.0809081
-0.0806747
-0.0808257
-0.0809356
-0.0806335
-0.0799332
-0.0792878
-0.0791917
-0.0797684
-0.0807021
-0.0814161
-0.0814161
-0.0806609
-0.0796723
-0.0791505
-0.0793839
-0.0800842
-0.0806884
-0.0808806
-0.0806472
-0.0801529
-0.0795762
-0.0790132
-0.0785189
-0.0783129
-0.078615
-0.0793565
-0.0800568
-0.0803039
-0.0801529
-0.080043
-0.0801666
-0.0803726
-0.0804687
-0.0804
-0.0800842
-0.0794526
-0.0785463
-0.0775577
-0.0766514
-0.0759511
-0.075649
-0.0758825
-0.0764592
-0.076926
-0.0770359
-0.0770771
-0.0774478
-0.0781207
-0.0785738
-0.0782168
-0.0767475
-0.0743995
-0.0718455
-0.0699506
-0.0692091
-0.0694563
-0.0701428
-0.0708431
-0.0717631
-0.0732598
-0.0753882
-0.0774616
-0.0784777
-0.0778872
-0.076061
-0.0740425
-0.0726282
-0.071873
-0.0713786
-0.0709118
-0.0706646
-0.0709804
-0.0719004
-0.073095
-0.0740013
-0.0742622
-0.073864
-0.0730401
-0.0720652
-0.0711315
-0.0704037
-0.0699918
-0.0698133
-0.0695661
-0.0691405
-0.0686599
-0.068399
-0.0684951
-0.0690855
-0.0702252
-0.0716533
-0.0726556
-0.0724634
-0.0708843
-0.0685775
-0.0666002
-0.0657214
-0.0659548
-0.06671
-0.0671632
-0.0666963
-0.0653369
-0.063799
-0.0630438
-0.0636617
-0.0655154
-0.0679733
-0.0701428
-0.0714061
-0.0714885
-0.070541
-0.0690718
-0.0677811
-0.0671906
-0.0672044
-0.0673005
-0.0671357
-0.0667787
-0.0665315
-0.0664903
-0.066559
-0.0666826
-0.0669435
-0.0673142
-0.0676575
-0.0679321
-0.0683852
-0.0692091
-0.0702115
-0.0707882
-0.070541
-0.0695524
-0.0683578
-0.0674378
-0.0668885
-0.0666963
-0.0670259
-0.0680557
-0.0695387
-0.0707745
-0.0710766
-0.0703076
-0.0688246
-0.067273
-0.066408
-0.0668062
-0.0684264
-0.0704449
-0.0718318
-0.0721339
-0.0715846
-0.0706646
-0.069676
-0.0687697
-0.0680145
-0.067479
-0.0673417
-0.0679047
-0.069319
-0.0710628
-0.0722025
-0.0718867
-0.0700879
-0.06763
-0.0658038
-0.0654742
-0.0665315
-0.0680557
-0.0690306
-0.069113
-0.0685637
-0.0678085
-0.0671494
-0.0666963
-0.066408
-0.066202
-0.0661196
-0.0662981
-0.06671
-0.0670808
-0.0670808
-0.0666002
-0.0656115
-0.0641423
-0.0624671
-0.0612038
-0.0609155
-0.0615746
-0.0624534
-0.0627417
-0.0621925
-0.0611077
-0.0599955
-0.0592128
-0.0589244
-0.059103
-0.0597895
-0.060888
-0.0620552
-0.0628104
-0.0628653
-0.0623161
-0.0613961
-0.0604074
-0.059817
-0.059968
-0.0607919
-0.0617668
-0.062371
-0.0625769
-0.0626181
-0.062728
-0.0629889
-0.0633322
-0.0635244
-0.0631674
-0.0620552
-0.0603937
-0.0586636
-0.0574003
-0.057057
-0.0578671
-0.0596247
-0.0615471
-0.0625769
-0.0620414
-0.0601191
-0.0577573
-0.0561233
-0.0560134
-0.0574552
-0.0598032
-0.0620964
-0.0635931
-0.063799
-0.0625907
-0.0603662
-0.0579221
-0.0560272
-0.0551484
-0.0554093
-0.0566588
-0.0583752
-0.0598444
-0.0607507
-0.0612038
-0.0614373
-0.0613549
-0.0608743
-0.0602015
-0.0597895
-0.0598444
-0.0600916
-0.059968
-0.0592403
-0.0581418
-0.0573591
-0.0573866
-0.058183
-0.0592952
-0.060325
-0.0609567
-0.0609567
-0.0602976
-0.0593364
-0.0586636
-0.0585674
-0.0587734
-0.0588833
-0.0587322
-0.0584027
-0.0579633
-0.0574827
-0.0570982
-0.0568785
-0.0567824
-0.0566588
-0.0564391
-0.0563018
-0.056494
-0.0570707
-0.0577436
-0.0581418
-0.0582379
-0.0582928
-0.0583477
-0.0579358
-0.0564803
-0.0541872
-0.0521275
-0.0512487
-0.0515783
-0.0525394
-0.0536379
-0.0546952
-0.0555191
-0.05578
-0.0554093
-0.054654
-0.0538714
-0.0532123
-0.0524296
-0.0512075
-0.0496284
-0.0482278
-0.0476237
-0.0479258
-0.0486261
-0.0491341
-0.0492714
-0.049244
-0.0493126
-0.0495735
-0.0500129
-0.0505347
-0.0510016
-0.0512899
-0.0513448
-0.0512762
-0.0513036
-0.0516057
-0.0520451
-0.0523335
-0.0523335
-0.0522511
-0.0524571
-0.0529651
-0.0534182
-0.0534869
-0.0531848
-0.0526905
-0.0521275
-0.0516195
-0.0514409
-0.051743
-0.0523472
-0.052869
-0.0531436
-0.0532123
-0.0531299
-0.0528827
-0.0524571
-0.0519902
-0.0516469
-0.0516606
-0.0521412
-0.0528965
-0.053377
-0.0529651
-0.051386
-0.0490655
-0.0471431
-0.046841
-0.0485711
-0.0515508
-0.0542421
-0.0554917
-0.0551072
-0.0537615
-0.0523747
-0.0515371
-0.0512624
-0.0510565
-0.0505072
-0.0499031
-0.049958
-0.0509466
-0.0522099
-0.052663
-0.0516881
-0.0496147
-0.0473902
-0.0460995
-0.0463604
-0.0479807
-0.0500541
-0.0516744
-0.0523884
-0.0522374
-0.0515371
-0.0507819
-0.0504111
-0.0504935
-0.0506583
-0.050521
-0.050109
-0.0497246
-0.0496422
-0.0500541
-0.0509466
-0.0520177
-0.0527454
-0.0528415
-0.0525532
-0.0523747
-0.052512
-0.052869
-0.0531985
-0.0531848
-0.052512
-0.0511938
-0.0496284
-0.0485162
-0.048324
-0.0491204
-0.0506308
-0.052306
-0.0534045
-0.0533496
-0.052155
-0.0503699
-0.0488046
-0.0480905
-0.0482278
-0.0487496
-0.0489968
-0.0487084
-0.0480356
-0.0471843
-0.0463192
-0.0457288
-0.0459485
-0.0472117
-0.0490243
-0.0505759
-0.0513586
-0.0514959
-0.0513586
-0.0511526
-0.0507132
-0.0497795
-0.0484338
-0.0472392
-0.046841
-0.0473216
-0.0481043
-0.0485574
-0.0484613
-0.047967
-0.0472941
-0.0467037
-0.0465115
-0.046992
-0.0480219
-0.0491753
-0.0499442
-0.0501365
-0.0497932
-0.0490655
-0.047967
-0.0466488
-0.0454679
-0.0449049
-0.0451658
-0.045921
-0.0466762
-0.0471294
-0.0472529
-0.0470058
-0.0464153
-0.0458386
-0.0458112
-0.0464428
-0.0471843
-0.0474589
-0.0470744
-0.0463604
-0.0456189
-0.0450422
-0.0445616
-0.0441497
-0.0438339
-0.0436554
-0.0435043
-0.0430649
-0.0422685
-0.0416094
-0.0418154
-0.0431061
-0.04485
-0.0461407
-0.0463879
-0.0456189
-0.0444655
-0.0437789
-0.0440948
-0.0451383
-0.0460995
-0.0464291
-0.0463055
-0.0463467
-0.0468959
-0.0478708
-0.0487359
-0.0488183
-0.0477335
-0.0458112
-0.0439712
-0.0429551
-0.0429139
-0.0435043
-0.044287
-0.0449736
-0.045358
-0.0454541
-0.0454953
-0.0457837
-0.0463741
-0.047047
-0.0474864
-0.0474726
-0.047047
-0.0464565
-0.0458112
-0.0450148
-0.044136
-0.0436004
-0.0438613
-0.0448637
-0.0459622
-0.0465252
-0.0463604
-0.0456464
-0.0445616
-0.0434631
-0.0427903
-0.0427628
-0.0430787
-0.0432572
-0.043161
-0.0430375
-0.0431336
-0.0433807
-0.0435592
-0.0434769
-0.0432846
-0.0432434
-0.0435043
-0.0436828
-0.0432984
-0.0423646
-0.0416231
-0.0417467
-0.0425157
-0.0429825
-0.0425294
-0.0413623
-0.0401539
-0.0394536
-0.0393163
-0.0394948
-0.0397282
-0.0399754
-0.0402638
-0.0405109
-0.0407169
-0.041019
-0.0415957
-0.0423097
-0.0426667
-0.042296
-0.0412387
-0.0399067
-0.038822
-0.0382178
-0.0381354
-0.0383551
-0.0386297
-0.0387259
-0.0385474
-0.0381766
-0.0378608
-0.0377784
-0.0380118
-0.0385611
-0.0392888
-0.0399891
-0.0404011
-0.0404148
-0.0400441
-0.0393987
-0.0386297
-0.0379157
-0.0374763
-0.0374901
-0.0378471
-0.0381354
-0.0379432
-0.0372841
-0.0366662
-0.0366525
-0.037339
-0.0383414
-0.0390966
-0.0393163
-0.0390005
-0.03841
-0.0378333
-0.0374077
-0.037133
-0.0368172
-0.0364602
-0.0361444
-0.0359796
-0.0360345
-0.0363504
-0.0368172
-0.0372978
-0.0376274
-0.0378059
-0.0379706
-0.0382315
-0.0385886
-0.0388906
-0.0389456
-0.0387396
-0.0384512
-0.0383551
-0.0386023
-0.039028
-0.0393575
-0.0393026
-0.0388632
-0.0382178
-0.0376274
-0.0372429
-0.0369957
-0.036831
-0.0368172
-0.0369133
-0.0369271
-0.0366387
-0.0361581
-0.0359384
-0.0363778
