LECROYHDO9204-MSöv,30454,Waveform
Segments,1,SegmentSize,2002
Ampl
-0.0143942
-0.0140097
-0.0134467
-0.0132682
-0.0137626
-0.0146414
-0.0152593
-0.0152593
-0.014916
-0.0147375
-0.0149709
-0.015424
-0.0158085
-0.0159321
-0.0156987
-0.0151219
-0.0144628
-0.0140646
-0.0141058
-0.0143805
-0.0145864
-0.0146276
-0.0146002
-0.0144903
-0.0142706
-0.0138175
-0.0130897
-0.0121697
-0.0115106
-0.0114145
-0.0118676
-0.0125679
-0.0133369
-0.0142569
-0.0153966
-0.0164676
-0.0170443
-0.016756
-0.0156163
-0.013996
-0.0126503
-0.0123345
-0.0131035
-0.0141882
-0.0146688
-0.0143118
-0.013584
-0.0130485
-0.0128563
-0.0127053
-0.0123208
-0.0117303
-0.0111948
-0.0109477
-0.0109889
-0.0111536
-0.0111948
-0.0108927
-0.0102474
-0.009602
-0.00958827
-0.0104396
-0.011799
-0.0128014
-0.0128014
-0.0118814
-0.0107966
-0.0103984
-0.0111948
-0.01287
-0.0144079
-0.0146825
-0.0134467
-0.0115518
-0.0103572
-0.0107005
-0.012362
-0.0142706
-0.0151357
-0.0142294
-0.012005
-0.00969812
-0.00858589
-0.00917633
-0.0109889
-0.0129524
-0.0141196
-0.0140372
-0.0130211
-0.0119912
-0.0118402
-0.0126915
-0.0137626
-0.0140646
-0.0133781
-0.0122796
-0.0115106
-0.0112086
-0.0109339
-0.0103572
-0.00986289
-0.0101787
-0.0116617
-0.0137626
-0.0154378
-0.0161106
-0.0159184
-0.0154378
-0.0151357
-0.0152318
-0.0156163
-0.0160282
-0.0161381
-0.0156712
-0.0146002
-0.0133369
-0.012513
-0.0126091
-0.0135429
-0.0146963
-0.015424
-0.0154378
-0.0148473
-0.0140921
-0.0136664
-0.0137626
-0.0142706
-0.0149022
-0.015479
-0.0158085
-0.01563
-0.0147924
-0.0135978
-0.0125817
-0.0120462
-0.0118676
-0.0119363
-0.0122247
-0.0126641
-0.0130623
-0.0133643
-0.0138587
-0.0147787
-0.0158085
-0.0163166
-0.0158909
-0.0147237
-0.0134193
-0.0125817
-0.0124581
-0.0128288
-0.0134193
-0.0140097
-0.0144217
-0.0144354
-0.0139685
-0.0133094
-0.0129387
-0.0132408
-0.0142981
-0.0159184
-0.0176348
-0.0187195
-0.0185959
-0.0173601
-0.0157948
-0.01471
-0.0143393
-0.0144217
-0.0144903
-0.0142431
-0.0138999
-0.0140784
-0.0150807
-0.0164951
-0.0174425
-0.0174562
-0.0168109
-0.0160007
-0.0152455
-0.0145452
-0.0140509
-0.0141745
-0.0150258
-0.0161518
-0.0165912
-0.0156575
-0.0136664
-0.0117441
-0.0109065
-0.0112086
-0.0119638
-0.0124993
-0.0125954
-0.0122659
-0.0116342
-0.0110987
-0.0111811
-0.0119638
-0.0128975
-0.0133918
-0.0133369
-0.0131172
-0.0131996
-0.0137076
-0.0143118
-0.0144628
-0.0138175
-0.0125954
-0.0114008
-0.0107554
-0.0106868
-0.0109751
-0.0114283
-0.0118539
-0.0120736
-0.0119638
-0.0115656
-0.0110575
-0.0106593
-0.0105769
-0.0109202
-0.0115518
-0.0120599
-0.0120873
-0.011593
-0.0108653
-0.0104671
-0.0108653
-0.0120324
-0.013282
-0.0138312
-0.0133781
-0.012362
-0.0115518
-0.0114694
-0.0121285
-0.0130348
-0.013584
-0.0135291
-0.0131446
-0.0128288
-0.0127327
-0.012513
-0.0117303
-0.0103709
-0.00895664
-0.00818769
-0.00848978
-0.00969812
-0.0112223
-0.012513
-0.0134055
-0.0140646
-0.0145864
-0.0146139
-0.0137076
-0.0119088
-0.0100277
-0.00905275
-0.00934111
-0.0103023
-0.011085
-0.0112772
-0.0111399
-0.0110575
-0.0111811
-0.0114283
-0.0117578
-0.0121972
-0.0126091
-0.0127739
-0.0126641
-0.012513
-0.0124444
-0.0123482
-0.0122933
-0.0124856
-0.0129799
-0.013433
-0.0135566
-0.0132957
-0.0128151
-0.012307
-0.0118676
-0.0115656
-0.0114008
-0.0113733
-0.0115106
-0.0117441
-0.0118265
-0.0116068
-0.0113596
-0.0114694
-0.0119088
-0.0122933
-0.0123894
-0.0124718
-0.0128288
-0.0132957
-0.0134605
-0.0131584
-0.012719
-0.0126503
-0.0131858
-0.0140646
-0.0148061
-0.0149846
-0.0146139
-0.0139411
-0.0131584
-0.0124169
-0.0119226
-0.0118402
-0.0121011
-0.0124856
-0.01287
-0.013227
-0.0134055
-0.0132957
-0.0131584
-0.0135154
-0.014504
-0.0156712
-0.0163715
-0.0164401
-0.0162067
-0.0160419
-0.0159046
-0.0153279
-0.0140097
-0.0122109
-0.0107829
-0.0106044
-0.012005
-0.0144079
-0.0165774
-0.0174562
-0.0167148
-0.014916
-0.0130485
-0.0118265
-0.0114557
-0.0116754
-0.012156
-0.0127739
-0.0134055
-0.0138175
-0.0139136
-0.0137626
-0.0135566
-0.0133094
-0.0129661
-0.0124856
-0.0120873
-0.0120736
-0.0126229
-0.0135429
-0.0141745
-0.0138999
-0.0128151
-0.011593
-0.0108241
-0.0107417
-0.0112497
-0.0120736
-0.0128014
-0.0129936
-0.0124718
-0.0115244
-0.010673
-0.0102336
-0.0101101
-0.0100139
-0.00984916
-0.00979424
-0.0100139
-0.0104396
-0.0108653
-0.0111536
-0.011442
-0.011799
-0.0120736
-0.0120462
-0.0117166
-0.0113459
-0.0111124
-0.0111124
-0.0114008
-0.0120187
-0.0128014
-0.0135154
-0.0140234
-0.0143118
-0.0143942
-0.0144079
-0.014559
-0.0148336
-0.0148885
-0.0142843
-0.0130211
-0.0116342
-0.0107692
-0.0107692
-0.0114969
-0.0124581
-0.0131309
-0.0131309
-0.0126229
-0.0121148
-0.0119638
-0.0121011
-0.0123345
-0.012719
-0.0135703
-0.0149709
-0.0165637
-0.017621
-0.0175249
-0.0162891
-0.0146002
-0.0134193
-0.0134193
-0.0145864
-0.0162342
-0.0172915
-0.0171816
-0.0161655
-0.0151494
-0.0147237
-0.0146825
-0.014504
-0.0141608
-0.0141882
-0.0148336
-0.0156163
-0.015836
-0.0153554
-0.01471
-0.0146688
-0.0156575
-0.0173189
-0.0187744
-0.0192138
-0.0187744
-0.0182115
-0.0183762
-0.0195297
-0.0215344
-0.0241433
-0.0270681
-0.0300615
-0.0328489
-0.0353068
-0.037696
-0.0407032
-0.0451521
-0.0512899
-0.0582791
-0.0647739
-0.0701978
-0.0751135
-0.0806335
-0.0872794
-0.0947903
-0.102521
-0.110004
-0.117117
-0.124079
-0.131096
-0.13825
-0.1455
-0.152887
-0.160508
-0.168527
-0.176903
-0.185334
-0.193394
-0.200685
-0.206988
-0.212357
-0.217025
-0.221296
-0.225347
-0.229411
-0.233723
-0.238322
-0.242854
-0.246712
-0.249513
-0.25123
-0.25215
-0.252672
-0.253138
-0.253825
-0.254594
-0.254978
-0.254402
-0.252699
-0.250392
-0.248264
-0.246685
-0.245119
-0.242744
-0.239517
-0.236373
-0.23434
-0.233489
-0.232816
-0.231388
-0.229178
-0.226857
-0.225003
-0.223342
-0.221062
-0.217657
-0.213428
-0.209336
-0.206219
-0.204297
-0.203198
-0.202347
-0.201358
-0.200246
-0.199271
-0.198667
-0.198406
-0.19831
-0.198214
-0.198063
-0.197857
-0.197582
-0.197362
-0.19739
-0.197651
-0.197967
-0.198145
-0.198186
-0.19831
-0.198584
-0.198928
-0.199216
-0.199601
-0.200315
-0.201289
-0.202072
-0.202347
-0.202457
-0.203253
-0.205272
-0.208141
-0.21086
-0.212604
-0.213249
-0.213277
-0.213318
-0.213648
-0.214252
-0.214952
-0.215625
-0.216188
-0.216545
-0.216778
-0.217122
-0.217712
-0.218302
-0.218495
-0.218261
-0.218151
-0.218646
-0.219552
-0.22017
-0.22006
-0.219373
-0.218563
-0.217849
-0.217231
-0.216806
-0.216861
-0.217575
-0.21892
-0.220513
-0.22179
-0.222408
-0.222326
-0.221667
-0.220692
-0.219854
-0.219593
-0.220074
-0.220884
-0.221227
-0.220596
-0.219154
-0.217739
-0.21708
-0.217245
-0.217575
-0.217204
-0.215803
-0.213881
-0.212467
-0.212316
-0.213291
-0.214389
-0.214609
-0.213648
-0.212
-0.210421
-0.209405
-0.209048
-0.209075
-0.209157
-0.209061
-0.208855
-0.208732
-0.208704
-0.20854
-0.208018
-0.207249
-0.206768
-0.207166
-0.208581
-0.210421
-0.211725
-0.211794
-0.21075
-0.20935
-0.208279
-0.207702
-0.207317
-0.206892
-0.206439
-0.206082
-0.205793
-0.20567
-0.205917
-0.206603
-0.207441
-0.207867
-0.207537
-0.206617
-0.205697
-0.205354
-0.205711
-0.206411
-0.206892
-0.206809
-0.20626
-0.205601
-0.205107
-0.20486
-0.204901
-0.205354
-0.206178
-0.207057
-0.207455
-0.20707
-0.206068
-0.204928
-0.204159
-0.204049
-0.204489
-0.205148
-0.205697
-0.205958
-0.206013
-0.205999
-0.205917
-0.205532
-0.204599
-0.203253
-0.202209
-0.202155
-0.203308
-0.205134
-0.206727
-0.207386
-0.206864
-0.20556
-0.204228
-0.2035
-0.203528
-0.204008
-0.204544
-0.204873
-0.204832
-0.204379
-0.203706
-0.203143
-0.202841
-0.202498
-0.201701
-0.200452
-0.199298
-0.198914
-0.199559
-0.20085
-0.202031
-0.202525
-0.202237
-0.201468
-0.200617
-0.19993
-0.199436
-0.199065
-0.198749
-0.198529
-0.198516
-0.198639
-0.198708
-0.198626
-0.198475
-0.198447
-0.198461
-0.198214
-0.19761
-0.196923
-0.196648
-0.19695
-0.197555
-0.197884
-0.197692
-0.197115
-0.196566
-0.196374
-0.19669
-0.197349
-0.197884
-0.197843
-0.197088
-0.196058
-0.19544
-0.195605
-0.196415
-0.19728
-0.197664
-0.197349
-0.196511
-0.195522
-0.19474
-0.194273
-0.194039
-0.193737
-0.193051
-0.191939
-0.190703
-0.189865
-0.189796
-0.190387
-0.191293
-0.192048
-0.192282
-0.191705
-0.190401
-0.188835
-0.187668
-0.187297
-0.187723
-0.188698
-0.189975
-0.191334
-0.192337
-0.192543
-0.191691
-0.190002
-0.187847
-0.185691
-0.184016
-0.183123
-0.182945
-0.183054
-0.183123
-0.183315
-0.183974
-0.184894
-0.18532
-0.184661
-0.183302
-0.182382
-0.182697
-0.183947
-0.185224
-0.185746
-0.185265
-0.184057
-0.182478
-0.180981
-0.179951
-0.179759
-0.180446
-0.181571
-0.182395
-0.182423
-0.181681
-0.180775
-0.180267
-0.180308
-0.180542
-0.180514
-0.179992
-0.1791
-0.178249
-0.177946
-0.178427
-0.17932
-0.179869
-0.179594
-0.178592
-0.177425
-0.176587
-0.176203
-0.176093
-0.175983
-0.175722
-0.175406
-0.175351
-0.175667
-0.176106
-0.176326
-0.176189
-0.175818
-0.175406
-0.175035
-0.174569
-0.173855
-0.172852
-0.171795
-0.171163
-0.171328
-0.172303
-0.173552
-0.174253
-0.173786
-0.172166
-0.170175
-0.168994
-0.169323
-0.170944
-0.172893
-0.174184
-0.174335
-0.173484
-0.172193
-0.171095
-0.170394
-0.169831
-0.169145
-0.168568
-0.168623
-0.169598
-0.170985
-0.171809
-0.171397
-0.169845
-0.167881
-0.166302
-0.16552
-0.16552
-0.16611
-0.167058
-0.167909
-0.168142
-0.167483
-0.16611
-0.164545
-0.163309
-0.162773
-0.162911
-0.163323
-0.163584
-0.163419
-0.163034
-0.162856
-0.16313
-0.16368
-0.163941
-0.16357
-0.162636
-0.161634
-0.161085
-0.161236
-0.161895
-0.162622
-0.163034
-0.162993
-0.162568
-0.161853
-0.160933
-0.15989
-0.158901
-0.158146
-0.157734
-0.157693
-0.157885
-0.158242
-0.158805
-0.159739
-0.160933
-0.162046
-0.162677
-0.162458
-0.161236
-0.159176
-0.156924
-0.155414
-0.155276
-0.156471
-0.158283
-0.159629
-0.15978
-0.158668
-0.15691
-0.1554
-0.154631
-0.154658
-0.155221
-0.155839
-0.155894
-0.155029
-0.15356
-0.152379
-0.152269
-0.153203
-0.154397
-0.155043
-0.154933
-0.154507
-0.154343
-0.154535
-0.154823
-0.154933
-0.154947
-0.155084
-0.155221
-0.154864
-0.153766
-0.152228
-0.15091
-0.150223
-0.150086
-0.150058
-0.149797
-0.149344
-0.149097
-0.149331
-0.149976
-0.150594
-0.150855
-0.150759
-0.150553
-0.150237
-0.149537
-0.148232
-0.146612
-0.145266
-0.144758
-0.145362
-0.146804
-0.148232
-0.148713
-0.147903
-0.146378
-0.145101
-0.144538
-0.144484
-0.144456
-0.144291
-0.144154
-0.144291
-0.144607
-0.144854
-0.144923
-0.145019
-0.145335
-0.145774
-0.145953
-0.145472
-0.144195
-0.142506
-0.141023
-0.140309
-0.140419
-0.140749
-0.140488
-0.139376
-0.13814
-0.137934
-0.139183
-0.141106
-0.142506
-0.142726
-0.142039
-0.141064
-0.140048
-0.138771
-0.137124
-0.135407
-0.134213
-0.133897
-0.134419
-0.135297
-0.136039
-0.136478
-0.136808
-0.137288
-0.137906
-0.138359
-0.138414
-0.138002
-0.137233
-0.136341
-0.135709
-0.135641
-0.136025
-0.136272
-0.135778
-0.134487
-0.133087
-0.132524
-0.13332
-0.134982
-0.136341
-0.136492
-0.135682
-0.134913
-0.134817
-0.135242
-0.135627
-0.135737
-0.135627
-0.135311
-0.134693
-0.133814
-0.132949
-0.132373
-0.132167
-0.132208
-0.132331
-0.1324
-0.132359
-0.132084
-0.131562
-0.130958
-0.130601
-0.130766
-0.131384
-0.131933
-0.131892
-0.131192
-0.130258
-0.129599
-0.129448
-0.129709
-0.130025
-0.130079
-0.129681
-0.128857
-0.127883
-0.127155
-0.127045
-0.127718
-0.12905
-0.130642
-0.131933
-0.132373
-0.131672
-0.130011
-0.128116
-0.126798
-0.126372
-0.126619
-0.127114
-0.127498
-0.127553
-0.1271
-0.126056
-0.124546
-0.122871
-0.121566
-0.121154
-0.121882
-0.123571
-0.125576
-0.127031
-0.127292
-0.126166
-0.124052
-0.121717
-0.120015
-0.119506
-0.120124
-0.121168
-0.121813
-0.121909
-0.122047
-0.122843
-0.124216
-0.12537
-0.125438
-0.12412
-0.121786
-0.119122
-0.116815
-0.115318
-0.114824
-0.115401
-0.116801
-0.118326
-0.119177
-0.118943
-0.117969
-0.116994
-0.116568
-0.116747
-0.117172
-0.117323
-0.116856
-0.115827
-0.114673
-0.113835
-0.113492
-0.113506
-0.11363
-0.113739
-0.113726
-0.113245
-0.11205
-0.110375
-0.108947
-0.108467
-0.109098
-0.110554
-0.112366
-0.114138
-0.115346
-0.115621
-0.114948
-0.113657
-0.11216
-0.110801
-0.109853
-0.109565
-0.109936
-0.110801
-0.111844
-0.112751
-0.113245
-0.113245
-0.112819
-0.112229
-0.111735
-0.111542
-0.111639
-0.111831
-0.112009
-0.112133
-0.112215
-0.112188
-0.111899
-0.111364
-0.11076
-0.110389
-0.110334
-0.110485
-0.110691
-0.11076
-0.110595
-0.110224
-0.10984
-0.109647
-0.109689
-0.109689
-0.109332
-0.108631
-0.107945
-0.107711
-0.107959
-0.108261
-0.108123
-0.107492
-0.106874
-0.106888
-0.107711
-0.108879
-0.10962
-0.109414
-0.108343
-0.106997
-0.106022
-0.105707
-0.106036
-0.106668
-0.107025
-0.106572
-0.105212
-0.103427
-0.101972
-0.101354
-0.101683
-0.102631
-0.103661
-0.104169
-0.103963
-0.103249
-0.102576
-0.102301
-0.102356
-0.102576
-0.102851
-0.10318
-0.103496
-0.103606
-0.103304
-0.102645
-0.101999
-0.101807
-0.102095
-0.10248
-0.102548
-0.102178
-0.101574
-0.100832
-0.0999258
-0.0989646
-0.0983742
-0.0986076
-0.0997198
-0.101409
-0.103276
-0.104855
-0.105693
-0.105569
-0.104663
-0.10351
-0.102672
-0.102439
-0.102617
-0.102617
-0.101917
-0.100448
-0.0985527
-0.0966852
-0.0951199
-0.0942136
-0.0942548
-0.0952984
-0.0969599
-0.0986625
-0.0998434
-0.100145
-0.0994452
-0.097976
-0.0962458
-0.0947766
-0.0938841
-0.0937193
-0.0941862
-0.0950238
-0.0957515
-0.0958888
-0.0952023
-0.0938429
-0.0922913
-0.0911378
-0.0906572
-0.0906847
-0.0908495
-0.0909593
-0.0909731
-0.0909319
-0.0908495
-0.0907534
-0.0905474
-0.0900119
-0.0891056
-0.0881856
-0.0878423
-0.0883504
-0.0893528
-0.0900256
-0.0896274
-0.0879385
-0.0854943
-0.0834346
-0.082803
-0.0839564
-0.0862495
-0.0885152
-0.0896686
-0.089394
-0.0882268
-0.0871146
-0.0867164
-0.0870322
-0.087705
-0.0883229
-0.0886525
-0.0885976
-0.0882955
-0.0880208
-0.08776
-0.0871558
-0.0859337
-0.0844095
-0.0833797
-0.0833522
-0.0841624
-0.0853021
-0.0863731
-0.0871146
-0.087348
-0.0869498
-0.0859886
-0.0847528
-0.0836269
-0.0829952
-0.0831325
-0.0840251
-0.0851785
-0.0859062
-0.0857003
-0.0845881
-0.0831737
-0.0822675
-0.0823499
-0.083366
-0.0849039
-0.0864967
-0.0876638
-0.0878698
-0.0870185
-0.0856591
-0.0846018
-0.0842036
-0.0841624
-0.0840388
-0.0836543
-0.0832012
-0.0828717
-0.0826657
-0.0824185
-0.0822126
-0.0824185
-0.083517
-0.0853845
-0.0871283
-0.0875952
-0.0862633
-0.0837916
-0.0815809
-0.0808532
-0.0817457
-0.0834346
-0.0849588
-0.0858925
-0.086428
-0.0868125
-0.0870047
-0.08684
-0.0863319
-0.0855904
-0.0848078
-0.0841624
-0.0837093
-0.0835033
-0.0836131
-0.08408
-0.0847391
-0.0851373
-0.0848901
-0.0841487
-0.0835857
-0.0837916
-0.0848215
-0.0861534
-0.0870459
-0.0870047
-0.0858788
-0.0840388
-0.0821988
-0.0810866
-0.080812
-0.080963
-0.0809905
-0.0807296
-0.0801941
-0.0794526
-0.0786562
-0.0780657
-0.0779422
-0.0783816
-0.0791642
-0.0799469
-0.0803588
-0.0801666
-0.0795487
-0.0789583
-0.0788484
-0.0792329
-0.0797409
-0.0801666
-0.0805923
-0.0811141
-0.0814573
-0.0810317
-0.0794389
-0.0768986
-0.0743995
-0.073095
-0.0736718
-0.0758275
-0.0785601
-0.0807708
-0.0818281
-0.0817457
-0.0811141
-0.0805236
-0.0801803
-0.0797272
-0.0786699
-0.0770359
-0.0754843
-0.0747565
-0.0751547
-0.0763905
-0.0777774
-0.0785738
-0.0783953
-0.0772831
-0.0757864
-0.0747428
-0.0746467
-0.0752508
-0.0756902
-0.0754568
-0.0748801
-0.0746055
-0.0747153
-0.0746879
-0.0741249
-0.0732461
-0.0725321
-0.0722437
-0.0724085
-0.0729028
-0.0735619
-0.0741523
-0.0744407
-0.0743308
-0.074015
-0.0738228
-0.0740562
-0.0746192
-0.0750449
-0.0750037
-0.0746741
-0.0745368
-0.0747565
-0.0750174
-0.0750174
-0.0746879
-0.0741523
-0.0734521
-0.0727243
-0.0722712
-0.0723398
-0.0728616
-0.0734246
-0.0734246
-0.0723673
-0.0704037
-0.0684264
-0.0675339
-0.0680694
-0.0693876
-0.0704998
-0.0709255
-0.0708157
-0.0704861
-0.0701566
-0.0698957
-0.0697721
-0.0697721
-0.0697721
-0.0695112
-0.0688246
-0.0679733
-0.0674927
-0.0678223
-0.0689482
-0.0704861
-0.0718455
-0.0723948
-0.0719279
-0.0707882
-0.0697034
-0.069113
-0.0688246
-0.0684264
-0.067836
-0.0673279
-0.067273
-0.0676987
-0.0683715
-0.0690031
-0.0695387
-0.0698545
-0.069827
-0.0693602
-0.0685775
-0.0678223
-0.0675614
-0.067987
-0.0687972
-0.0692915
-0.0689757
-0.0679184
-0.0667787
-0.0662981
-0.0669435
-0.068399
-0.0697172
-0.0699781
-0.0690855
-0.0677673
-0.0668885
-0.0667375
-0.0671082
-0.0675751
-0.067836
-0.0678223
-0.0676712
-0.067685
-0.0679458
-0.0682342
-0.0681106
-0.0673142
-0.0659274
-0.0643071
-0.0629889
-0.0623298
-0.0623572
-0.0626319
-0.0627966
-0.0628241
-0.063085
-0.063799
-0.0646504
-0.0648563
-0.0638539
-0.0619453
-0.0603525
-0.0602289
-0.0617393
-0.0639501
-0.0656665
-0.0661883
-0.0657077
-0.0649799
-0.0646916
-0.064925
-0.0650898
-0.0644993
-0.0630026
-0.0611352
-0.0596659
-0.0590755
-0.0594737
-0.0606546
-0.0622199
-0.0636205
-0.064568
-0.0650348
-0.0652133
-0.0650898
-0.0646092
-0.0638539
-0.0632223
-0.0631125
-0.0637441
-0.0647877
-0.0655292
-0.0653369
-0.0641148
-0.0623298
-0.0607095
-0.0599818
-0.0604761
-0.061959
-0.0635793
-0.0642384
-0.0633322
-0.0610665
-0.0583203
-0.0561096
-0.0553131
-0.0562194
-0.0583477
-0.0605585
-0.061657
-0.0610665
-0.0591441
-0.056851
-0.0553131
-0.0551896
-0.0563842
-0.0580182
-0.0591304
-0.059103
-0.0578809
-0.0560546
-0.0548051
-0.0549973
-0.0564666
-0.0580182
-0.0586361
-0.0580731
-0.0567961
-0.0553269
-0.0541597
-0.0537341
-0.0541597
-0.055217
-0.0565901
-0.0580319
-0.0593501
-0.0601603
-0.0602426
-0.0597895
-0.0593776
-0.0594737
-0.0599543
-0.0603113
-0.0602015
-0.0597483
-0.0595012
-0.0596659
-0.0599406
-0.0598444
-0.0591991
-0.0582379
-0.0573866
-0.0569197
-0.0570433
-0.0576612
-0.0582791
-0.0581006
-0.0568098
-0.0549699
-0.0536929
-0.0537615
-0.0550248
-0.0566313
-0.0577573
-0.0580868
-0.057826
-0.0573591
-0.0568236
-0.0562469
-0.0557525
-0.0556564
-0.0562194
-0.0574689
-0.0592265
-0.060888
-0.0616982
-0.0611764
-0.0595561
-0.0575651
-0.0558349
-0.0544893
-0.0535556
-0.0530887
-0.0531985
-0.0537615
-0.0545854
-0.0553955
-0.0558761
-0.0558624
-0.0555878
-0.055574
-0.0560958
-0.0567824
-0.0568922
-0.0558899
-0.0538851
-0.0517293
-0.0506171
-0.0512624
-0.0533633
-0.0558212
-0.0576063
-0.0581555
-0.0574415
-0.0557251
-0.0537066
-0.0521962
-0.0517018
-0.0521275
-0.0530612
-0.0540361
-0.054709
-0.0547914
-0.0542696
-0.0533908
-0.0525806
-0.0521275
-0.0520726
-0.0522099
-0.0521824
-0.0517018
-0.0509192
-0.0503836
-0.050521
-0.0511389
-0.0517293
-0.0519627
-0.0519627
-0.0521687
-0.0529651
-0.0541323
-0.0549561
-0.0546815
-0.053226
-0.0513311
-0.0500404
-0.0499305
-0.0507269
-0.0516744
-0.0521275
-0.0520863
-0.0520863
-0.0525944
-0.0535418
-0.0543932
-0.0547776
-0.0546952
-0.0543382
-0.0538576
-0.0535967
-0.0540224
-0.0552445
-0.0565215
-0.0567137
-0.0553131
-0.0529926
-0.0511114
-0.0507544
-0.0519765
-0.0537753
-0.0546266
-0.0538027
-0.0518941
-0.0502875
-0.0500816
-0.0513448
-0.0533496
-0.055066
-0.0558349
-0.0555603
-0.054503
-0.0530475
-0.0517018
-0.0509878
-0.0512624
-0.052306
-0.0534045
-0.0538851
-0.0536654
-0.0530612
-0.0524433
-0.051949
-0.0515233
-0.0511114
-0.0506445
-0.0501777
-0.0498207
-0.0496559
-0.0496422
-0.0495872
-0.0492577
-0.0485574
-0.0477198
-0.0471568
-0.0473079
-0.0482004
-0.0494774
-0.050466
-0.0506583
-0.0499717
-0.0487359
-0.0475138
-0.046841
-0.0468135
-0.0471294
-0.0473902
-0.0474726
-0.0474589
-0.0474589
-0.0475001
-0.0476511
-0.0478846
-0.0480631
-0.0481317
-0.0482553
-0.048681
-0.0493126
-0.0498481
-0.0500816
-0.0500129
-0.0497246
-0.0492165
-0.0484475
-0.0474726
-0.0464016
-0.0454953
-0.0449736
-0.0449461
-0.0453168
-0.0460171
-0.0471019
-0.0485986
-0.050315
-0.0518392
-0.0526493
-0.0524021
-0.0510977
-0.0491478
-0.0472667
-0.0460858
-0.0460309
-0.0471294
-0.0489144
-0.0506171
-0.0515233
-0.0514821
-0.0507544
-0.0497795
-0.0488458
-0.0480905
-0.0474726
-0.0469646
-0.0465526
-0.0464565
-0.0467861
-0.0473216
-0.0476099
-0.0475138
-0.0472529
-0.0470195
-0.0467174
-0.0462094
-0.0456464
-0.0453306
-0.0453718
-0.0457425
-0.0462918
-0.0468135
-0.0469371
-0.046278
-0.0449049
-0.0434769
-0.0428727
-0.043573
-0.0452207
-0.0468273
-0.0474314
-0.0468273
-0.0454816
-0.0440398
-0.0429001
-0.0424196
-0.042804
-0.0439712
-0.0452756
-0.0459759
-0.0458935
-0.0453992
-0.0449186
-0.0444655
-0.0438888
-0.0431748
-0.0425431
-0.0423234
-0.0426255
-0.0433533
-0.0440948
-0.0444243
-0.0443282
-0.044081
-0.0439574
-0.0439025
-0.0438751
-0.04393
-0.0440398
-0.0440398
-0.0439163
-0.0438888
-0.0441634
-0.0447539
-0.0454816
-0.0460995
-0.0463604
-0.0461132
-0.045358
-0.0442595
-0.04301
-0.041884
-0.0410602
-0.0406482
-0.0407993
-0.0417742
-0.0436554
-0.0458524
-0.0472667
-0.0470882
-0.0454679
-0.0433258
-0.0414309
-0.0400578
-0.0390691
-0.0383277
-0.0377647
-0.0375038
-0.0376686
-0.0382865
-0.0392751
-0.0404697
-0.0416094
-0.0423097
-0.042296
-0.0416643
-0.0408817
-0.0404011
-0.0403187
-0.0403599
-0.04025
-0.0399479
-0.0396459
-0.039536
-0.0397694
-0.0402912
-0.0408954
-0.0413348
-0.0413623
-0.0408267
-0.0399205
-0.0390966
-0.0387396
-0.0388083
-0.038973
-0.0391515
-0.0395772
-0.0404148
-0.0412661
-0.0416918
-0.0416231
-0.0413623
-0.0410739
-0.0407169
-0.0403187
-0.0401264
-0.0404697
-0.0412524
-0.0419527
-0.0420763
-0.041582
-0.0409091
-0.0404972
-0.0405109
-0.0407855
-0.0410876
-0.0411563
-0.0409229
-0.0406208
-0.0407169
-0.0414309
-0.0422685
-0.0425431
-0.0421175
-0.0416369
-0.0417742
-0.0425706
-0.0434631
-0.0437789
-0.0433121
-0.0424607
-0.041939
-0.0421037
-0.0427216
-0.0431748
-0.0430375
-0.0423234
-0.0413211
-0.040305
-0.0396596
-0.0396733
-0.0403736
-0.0412661
-0.0418291
-0.0418428
