LECROYHDO9204-MSöv,30454,Waveform
Segments,1,SegmentSize,2002
Ampl
-0.0122109
-0.0119226
-0.0115106
-0.0110026
-0.0103847
-0.00972558
-0.0093823
-0.00973931
-0.010728
-0.0116617
-0.0117715
-0.0108927
-0.00965693
-0.00897037
-0.0092038
-0.0100414
-0.0108515
-0.0111536
-0.0110026
-0.0106868
-0.0104533
-0.0104259
-0.0106868
-0.0112772
-0.0119775
-0.0122247
-0.0116342
-0.0105906
-0.0100002
-0.0104396
-0.0116754
-0.0130897
-0.0140646
-0.0142569
-0.0136664
-0.012719
-0.0120324
-0.0118951
-0.0122521
-0.0128288
-0.013433
-0.0138724
-0.0139823
-0.0137626
-0.0134055
-0.0131172
-0.0129387
-0.0129661
-0.0133232
-0.0140784
-0.0151082
-0.0160694
-0.01655
-0.0162891
-0.0153691
-0.0142706
-0.0134605
-0.0129661
-0.0125267
-0.0121285
-0.0121835
-0.0130897
-0.0146139
-0.0158772
-0.0160831
-0.0151494
-0.0137626
-0.0128014
-0.0124856
-0.0124856
-0.012513
-0.0127602
-0.013433
-0.0142157
-0.014559
-0.0142981
-0.0137351
-0.0131721
-0.0126503
-0.0122384
-0.0121285
-0.0124306
-0.01287
-0.013076
-0.0129112
-0.0125679
-0.0122933
-0.0122521
-0.0122659
-0.0120736
-0.0115656
-0.0110026
-0.0107692
-0.0110163
-0.0115106
-0.0120187
-0.0124993
-0.0130073
-0.0135017
-0.0138587
-0.0138861
-0.0134193
-0.0125405
-0.0117715
-0.0115793
-0.0120324
-0.0126778
-0.0131446
-0.0135017
-0.0141058
-0.0151906
-0.0165637
-0.0176348
-0.0179094
-0.0171816
-0.0156437
-0.0138449
-0.0124718
-0.0119088
-0.0120462
-0.0123482
-0.0122796
-0.0117578
-0.0112635
-0.0113871
-0.0122521
-0.0132682
-0.01379
-0.0136115
-0.0130348
-0.0124856
-0.0121423
-0.0119363
-0.0117578
-0.0115244
-0.0112909
-0.0111536
-0.0111262
-0.0111674
-0.0114832
-0.0123345
-0.0135703
-0.0146139
-0.0149297
-0.0145452
-0.0138861
-0.0132957
-0.012925
-0.0127327
-0.0126091
-0.0123894
-0.012156
-0.0120736
-0.012156
-0.0122521
-0.0122796
-0.012362
-0.0124856
-0.0124581
-0.0121972
-0.0117715
-0.0113871
-0.0111948
-0.0113596
-0.0118402
-0.0124169
-0.01287
-0.0131721
-0.0133918
-0.0134742
-0.0133506
-0.0131309
-0.0131172
-0.0133918
-0.0138312
-0.0143255
-0.0147924
-0.0150121
-0.0146276
-0.0135978
-0.0123482
-0.0114283
-0.0111262
-0.0113459
-0.0118265
-0.0124306
-0.013076
-0.013639
-0.0138175
-0.013433
-0.0125954
-0.0118265
-0.0116205
-0.0119638
-0.0124718
-0.0127739
-0.0128014
-0.0127053
-0.0126915
-0.01287
-0.0131996
-0.0133918
-0.0130897
-0.0121011
-0.0105769
-0.0089841
-0.00794053
-0.00785814
-0.00868201
-0.00980797
-0.0105083
-0.0105083
-0.0101512
-0.0101101
-0.0106318
-0.0114694
-0.0121285
-0.0122659
-0.0119363
-0.0114969
-0.0113596
-0.0118127
-0.0126915
-0.0135429
-0.0137763
-0.0132408
-0.0123757
-0.0119912
-0.012513
-0.0135703
-0.0143942
-0.0146276
-0.0145315
-0.0145452
-0.0148061
-0.0151357
-0.0152455
-0.0149846
-0.0142569
-0.0131584
-0.0118951
-0.0107554
-0.00995901
-0.00962946
-0.00978051
-0.0102611
-0.0107692
-0.0110163
-0.0109202
-0.0106181
-0.0104945
-0.0108653
-0.0117029
-0.0124993
-0.012719
-0.0123894
-0.0121697
-0.012719
-0.0140784
-0.0156712
-0.0166324
-0.0163989
-0.0149846
-0.0131721
-0.0119775
-0.0118676
-0.0124718
-0.0130348
-0.0129936
-0.012307
-0.011442
-0.0110575
-0.011593
-0.0128975
-0.0142706
-0.0149984
-0.0147924
-0.0138312
-0.0125267
-0.0114694
-0.0112772
-0.0122247
-0.0139411
-0.015781
-0.0170443
-0.0173189
-0.0164676
-0.0147924
-0.0129936
-0.0117578
-0.0114008
-0.0117441
-0.0122659
-0.0125542
-0.0124718
-0.0123345
-0.0124718
-0.0128151
-0.0130623
-0.0130211
-0.0128288
-0.0126641
-0.0126778
-0.0128838
-0.0130623
-0.0129112
-0.0122659
-0.0115244
-0.0113047
-0.0118265
-0.0127464
-0.0135154
-0.0138037
-0.0135703
-0.012925
-0.0121423
-0.0115106
-0.0112086
-0.0111674
-0.0112497
-0.0114008
-0.0115106
-0.0115106
-0.0114832
-0.0115793
-0.0118402
-0.0121285
-0.0124306
-0.0128975
-0.0138724
-0.0153416
-0.0168658
-0.017621
-0.0169894
-0.0150945
-0.0129387
-0.0116342
-0.0114283
-0.0117166
-0.0117029
-0.0111124
-0.0103709
-0.0101512
-0.0109065
-0.0123757
-0.01379
-0.0144354
-0.0142431
-0.0136802
-0.0132408
-0.013076
-0.0131721
-0.0134605
-0.0138724
-0.014147
-0.0142294
-0.0143667
-0.014916
-0.0157948
-0.0165912
-0.0168658
-0.0165088
-0.01563
-0.0145452
-0.0138175
-0.0139273
-0.0149572
-0.0164264
-0.0174974
-0.0175386
-0.01655
-0.0152593
-0.0146002
-0.0150533
-0.0163303
-0.017621
-0.0180467
-0.0171404
-0.0151906
-0.0131996
-0.0124169
-0.0134193
-0.0157124
-0.0180055
-0.0190765
-0.0185547
-0.0169757
-0.0153966
-0.0146551
-0.0149709
-0.0158634
-0.0166461
-0.0168109
-0.0162479
-0.0153142
-0.014559
-0.014353
-0.0146414
-0.0151357
-0.0155888
-0.0158222
-0.0157124
-0.0152181
-0.014504
-0.0139273
-0.0136527
-0.0135154
-0.0132545
-0.0128426
-0.0124856
-0.0124032
-0.0127053
-0.0133369
-0.0141608
-0.0151631
-0.0164401
-0.0178407
-0.0187607
-0.0184586
-0.0167422
-0.0142981
-0.0122109
-0.0113596
-0.0120324
-0.0139685
-0.0163577
-0.0181565
-0.0186921
-0.0180741
-0.0169894
-0.0161518
-0.0160694
-0.016756
-0.0177034
-0.0181291
-0.0176897
-0.0166324
-0.0155888
-0.0150396
-0.0151494
-0.0157261
-0.016344
-0.0166461
-0.0167422
-0.0170718
-0.0179506
-0.0191315
-0.0199691
-0.0202025
-0.0202162
-0.0207243
-0.0222072
-0.0246102
-0.0276173
-0.0309677
-0.0348537
-0.0394811
-0.0449186
-0.0508505
-0.0569197
-0.0629614
-0.0690993
-0.0754431
-0.0820478
-0.0889683
-0.0962458
-0.103839
-0.111584
-0.119136
-0.126345
-0.133334
-0.14057
-0.148411
-0.156938
-0.165836
-0.174651
-0.183082
-0.191019
-0.19842
-0.205175
-0.21108
-0.216229
-0.22109
-0.226157
-0.231471
-0.236565
-0.240986
-0.244817
-0.248593
-0.252768
-0.257121
-0.260952
-0.263602
-0.264988
-0.265414
-0.265085
-0.263931
-0.261995
-0.259812
-0.258205
-0.257683
-0.257862
-0.257629
-0.255898
-0.252507
-0.248456
-0.245133
-0.243266
-0.242414
-0.241673
-0.240382
-0.238322
-0.235411
-0.23158
-0.227104
-0.222655
-0.219016
-0.216476
-0.21476
-0.213263
-0.211396
-0.208842
-0.205848
-0.203267
-0.20199
-0.202237
-0.203473
-0.204818
-0.205491
-0.205066
-0.203583
-0.201743
-0.200397
-0.200067
-0.200672
-0.201715
-0.20258
-0.202965
-0.202937
-0.202827
-0.202855
-0.203129
-0.203651
-0.20453
-0.205862
-0.207661
-0.209858
-0.212288
-0.214513
-0.216105
-0.216847
-0.216874
-0.216586
-0.216517
-0.217176
-0.218673
-0.220321
-0.221035
-0.220074
-0.217959
-0.216092
-0.215776
-0.217328
-0.219964
-0.222422
-0.223644
-0.223589
-0.223081
-0.222998
-0.223575
-0.224248
-0.22444
-0.224028
-0.223452
-0.223218
-0.223561
-0.22433
-0.225086
-0.225484
-0.225264
-0.224413
-0.222998
-0.221213
-0.219346
-0.217753
-0.216765
-0.216696
-0.217685
-0.219497
-0.221296
-0.222078
-0.221433
-0.219895
-0.218467
-0.21763
-0.217108
-0.216284
-0.214897
-0.213496
-0.21292
-0.2134
-0.214279
-0.214622
-0.213963
-0.212645
-0.21156
-0.211478
-0.212453
-0.213936
-0.215076
-0.215309
-0.214677
-0.213648
-0.212714
-0.212041
-0.211492
-0.210915
-0.210366
-0.209954
-0.209707
-0.209514
-0.209336
-0.209267
-0.209542
-0.210242
-0.211245
-0.212165
-0.212659
-0.212563
-0.212027
-0.211354
-0.210942
-0.211162
-0.212165
-0.213702
-0.215172
-0.215872
-0.21557
-0.214746
-0.214142
-0.214265
-0.214993
-0.215639
-0.215542
-0.214499
-0.212906
-0.211409
-0.210558
-0.210434
-0.210613
-0.210668
-0.210503
-0.210352
-0.210421
-0.210695
-0.210956
-0.210929
-0.210531
-0.209885
-0.209226
-0.208677
-0.208402
-0.208498
-0.208787
-0.208924
-0.208636
-0.208059
-0.207496
-0.207057
-0.206617
-0.206178
-0.205999
-0.206301
-0.206864
-0.207345
-0.207633
-0.207826
-0.207949
-0.207812
-0.207304
-0.206603
-0.205999
-0.205615
-0.205409
-0.205134
-0.204695
-0.204269
-0.204242
-0.204612
-0.204873
-0.204379
-0.203267
-0.202443
-0.202923
-0.204777
-0.206933
-0.207839
-0.206713
-0.204173
-0.201756
-0.200672
-0.20107
-0.202141
-0.202978
-0.202992
-0.202182
-0.200946
-0.199916
-0.199601
-0.200218
-0.201578
-0.203212
-0.204544
-0.205272
-0.205368
-0.204928
-0.204077
-0.202965
-0.201715
-0.200397
-0.19912
-0.198214
-0.198035
-0.198626
-0.199683
-0.200713
-0.201317
-0.201248
-0.200493
-0.199244
-0.19798
-0.197156
-0.197005
-0.197294
-0.197472
-0.197211
-0.196593
-0.196017
-0.195783
-0.195838
-0.195797
-0.195261
-0.194259
-0.193202
-0.192447
-0.191993
-0.191705
-0.191595
-0.191856
-0.192529
-0.193449
-0.194287
-0.194589
-0.194012
-0.192584
-0.190771
-0.189233
-0.188396
-0.188286
-0.188698
-0.18933
-0.189975
-0.190565
-0.191115
-0.191595
-0.191856
-0.191691
-0.190977
-0.18981
-0.188643
-0.188121
-0.188506
-0.189494
-0.190414
-0.190716
-0.190318
-0.189536
-0.188794
-0.188382
-0.188355
-0.188465
-0.188396
-0.187888
-0.186995
-0.185993
-0.185361
-0.185402
-0.186048
-0.186762
-0.186899
-0.186199
-0.185155
-0.184551
-0.184771
-0.185348
-0.185444
-0.184702
-0.183617
-0.183
-0.183219
-0.183878
-0.1844
-0.184743
-0.185279
-0.186048
-0.186432
-0.185732
-0.184098
-0.182478
-0.181777
-0.182121
-0.182848
-0.183109
-0.182533
-0.181324
-0.180006
-0.179031
-0.178564
-0.178564
-0.178825
-0.179086
-0.179223
-0.17921
-0.179127
-0.178949
-0.178729
-0.178647
-0.179004
-0.179814
-0.180528
-0.180363
-0.17899
-0.176889
-0.174926
-0.173745
-0.173525
-0.174061
-0.174926
-0.175667
-0.175804
-0.174953
-0.173154
-0.171108
-0.169872
-0.17001
-0.171081
-0.17196
-0.171836
-0.170847
-0.169818
-0.169406
-0.169625
-0.169941
-0.169872
-0.169488
-0.169104
-0.168705
-0.167827
-0.166344
-0.164902
-0.164339
-0.164833
-0.165904
-0.166961
-0.167593
-0.167428
-0.16633
-0.164682
-0.163213
-0.162416
-0.162389
-0.163048
-0.16416
-0.165218
-0.165492
-0.1646
-0.162897
-0.161318
-0.160728
-0.161236
-0.162265
-0.162993
-0.162966
-0.162128
-0.160659
-0.158984
-0.157775
-0.157652
-0.158627
-0.16011
-0.161387
-0.162128
-0.162265
-0.161771
-0.160631
-0.159203
-0.158077
-0.157679
-0.157968
-0.158599
-0.159094
-0.159245
-0.159052
-0.158627
-0.157995
-0.157199
-0.156292
-0.155441
-0.154754
-0.154397
-0.154727
-0.155977
-0.157665
-0.158736
-0.158379
-0.156787
-0.154919
-0.153656
-0.153203
-0.153285
-0.153532
-0.153615
-0.153271
-0.152475
-0.151486
-0.150566
-0.149825
-0.149207
-0.148617
-0.148218
-0.148315
-0.149056
-0.150223
-0.151267
-0.151679
-0.151212
-0.149852
-0.148012
-0.146406
-0.145815
-0.146323
-0.147092
-0.146955
-0.145321
-0.142726
-0.140309
-0.139197
-0.139801
-0.14171
-0.143879
-0.145307
-0.145733
-0.145692
-0.145829
-0.146365
-0.146969
-0.147271
-0.147161
-0.146653
-0.145829
-0.144772
-0.14366
-0.142753
-0.142328
-0.142534
-0.143261
-0.144085
-0.144415
-0.143715
-0.141875
-0.139417
-0.137316
-0.136382
-0.13678
-0.138071
-0.139678
-0.141023
-0.141627
-0.141188
-0.13998
-0.138799
-0.138442
-0.139087
-0.140144
-0.140749
-0.140364
-0.139183
-0.137975
-0.137494
-0.137851
-0.138524
-0.138771
-0.138291
-0.137275
-0.136259
-0.135682
-0.135476
-0.135133
-0.13424
-0.132908
-0.131782
-0.131411
-0.131837
-0.132592
-0.133045
-0.132853
-0.132043
-0.131068
-0.130423
-0.130231
-0.130285
-0.130464
-0.13078
-0.131384
-0.13229
-0.13343
-0.134391
-0.134625
-0.133801
-0.132263
-0.130848
-0.130121
-0.130079
-0.130382
-0.130766
-0.131164
-0.131494
-0.131631
-0.131604
-0.131604
-0.131782
-0.131947
-0.131631
-0.130725
-0.129544
-0.128583
-0.127979
-0.127471
-0.126921
-0.126564
-0.126743
-0.127498
-0.128336
-0.12872
-0.128418
-0.127525
-0.126152
-0.124477
-0.122926
-0.122006
-0.121964
-0.12261
-0.123392
-0.123873
-0.123955
-0.123585
-0.122747
-0.121594
-0.120468
-0.119891
-0.120097
-0.120893
-0.121731
-0.122239
-0.122335
-0.122088
-0.121566
-0.120866
-0.120152
-0.119589
-0.119246
-0.119204
-0.119561
-0.120426
-0.121566
-0.122569
-0.122994
-0.122651
-0.121717
-0.120729
-0.120124
-0.119781
-0.119301
-0.118408
-0.117364
-0.116747
-0.11698
-0.118024
-0.119259
-0.119822
-0.119273
-0.117969
-0.116733
-0.116184
-0.116417
-0.11709
-0.117694
-0.1179
-0.117708
-0.117543
-0.117955
-0.119095
-0.120426
-0.121072
-0.120454
-0.118765
-0.116733
-0.11514
-0.114302
-0.11422
-0.114701
-0.115524
-0.116225
-0.116266
-0.115415
-0.114096
-0.113218
-0.113396
-0.114508
-0.115744
-0.11617
-0.115552
-0.114495
-0.113863
-0.113973
-0.114357
-0.114398
-0.113959
-0.113218
-0.112421
-0.111707
-0.111103
-0.110458
-0.109387
-0.10767
-0.105816
-0.104814
-0.105253
-0.10664
-0.107862
-0.108206
-0.107684
-0.106901
-0.106476
-0.106778
-0.107588
-0.108261
-0.108041
-0.106778
-0.105048
-0.103894
-0.104018
-0.105281
-0.106929
-0.108233
-0.109002
-0.109373
-0.109469
-0.109277
-0.108865
-0.108247
-0.10756
-0.107052
-0.106984
-0.107272
-0.107505
-0.107272
-0.106682
-0.10616
-0.106077
-0.106352
-0.106682
-0.106668
-0.106132
-0.105281
-0.104691
-0.104979
-0.106132
-0.107354
-0.107588
-0.106379
-0.104182
-0.102082
-0.101052
-0.10145
-0.102878
-0.104539
-0.105542
-0.105446
-0.104567
-0.103702
-0.103427
-0.103578
-0.103578
-0.103166
-0.102727
-0.102782
-0.103386
-0.104045
-0.104196
-0.103688
-0.102768
-0.101834
-0.101134
-0.10075
-0.10053
-0.100351
-0.100214
-0.100173
-0.100159
-0.100036
-0.0998846
-0.0999121
-0.100173
-0.100379
-0.100214
-0.0998571
-0.0998159
-0.100393
-0.101189
-0.101422
-0.100708
-0.0994315
-0.098127
-0.0969599
-0.09593
-0.0952847
-0.0954082
-0.0962321
-0.0970834
-0.0972207
-0.0964518
-0.0951748
-0.0938841
-0.0928542
-0.0921265
-0.0917283
-0.0917283
-0.0920853
-0.0926071
-0.0930877
-0.0934172
-0.0937193
-0.0943097
-0.0953121
-0.0964243
-0.0969049
-0.096287
-0.0947766
-0.0932387
-0.0925521
-0.0930327
-0.0941312
-0.095065
-0.095367
-0.0953258
-0.0954632
-0.0959163
-0.0964793
-0.0968088
-0.096699
-0.0961497
-0.0953396
-0.0945569
-0.0938978
-0.0933211
-0.0928954
-0.093019
-0.0939253
-0.0952023
-0.0960673
-0.0959987
-0.0951199
-0.0939665
-0.093019
-0.0926208
-0.0930327
-0.094296
-0.0959712
-0.0973031
-0.0975915
-0.0967127
-0.095065
-0.0932112
-0.0917695
-0.0912751
-0.0917969
-0.0926757
-0.0929366
-0.0921951
-0.0909044
-0.0898883
-0.0895862
-0.0898334
-0.0902178
-0.0905886
-0.0909044
-0.0910554
-0.090822
-0.0901904
-0.0893665
-0.0885701
-0.0878286
-0.087197
-0.0867576
-0.0865928
-0.0866203
-0.0866615
-0.0865791
-0.0862907
-0.0859474
-0.0857964
-0.0859749
-0.0862907
-0.0863731
-0.0862358
-0.0861671
-0.0863045
-0.0864006
-0.0861259
-0.0855767
-0.0851098
-0.0850549
-0.0853707
-0.085714
-0.0855218
-0.0844507
-0.0827206
-0.0811827
-0.0807982
-0.0817457
-0.0833797
-0.0846979
-0.0850549
-0.0845057
-0.0836543
-0.0830364
-0.0827343
-0.0825009
-0.0821302
-0.0818006
-0.0817045
-0.0818143
-0.0820066
-0.0822812
-0.0826382
-0.0827618
-0.0823773
-0.0815947
-0.0810454
-0.0812651
-0.0821576
-0.0829678
-0.0827893
-0.0813475
-0.0792603
-0.0776813
-0.0774204
-0.0785189
-0.0802353
-0.0815809
-0.0819517
-0.0814299
-0.0806609
-0.080249
-0.0803863
-0.0808257
-0.0811964
-0.0811964
-0.0807433
-0.0799469
-0.0792329
-0.0791642
-0.079892
-0.0808394
-0.0811141
-0.0802215
-0.0783816
-0.0763081
-0.0748664
-0.0747565
-0.0763905
-0.0794251
-0.0825696
-0.0841624
-0.0832149
-0.080043
-0.076212
-0.0733834
-0.0724634
-0.0732324
-0.0748664
-0.0766514
-0.0781207
-0.0789995
-0.0793015
-0.0792603
-0.0792878
-0.079686
-0.0803726
-0.080963
-0.0811003
-0.0806609
-0.0799057
-0.0792741
-0.0789995
-0.0788759
-0.0784777
-0.0775028
-0.0760198
-0.0745505
-0.0736718
-0.073658
-0.0743446
-0.0752096
-0.0756902
-0.0754843
-0.0747428
-0.0739738
-0.0736306
-0.0737129
-0.0738915
-0.0739189
-0.073864
-0.0738777
-0.0739052
-0.0737541
-0.0734109
-0.072944
-0.0723124
-0.0714061
-0.0704724
-0.0700467
-0.0704724
-0.0715022
-0.0726007
-0.0732873
-0.0734658
-0.0733422
-0.0732324
-0.0733422
-0.0735344
-0.0733971
-0.0727518
-0.0718455
-0.0711452
-0.0709804
-0.0713374
-0.0720103
-0.0727655
-0.0734109
-0.0738365
-0.0739464
-0.0738228
-0.0737129
-0.0737267
-0.0736992
-0.0734383
-0.0729028
-0.0722849
-0.0718592
-0.0717768
-0.0719828
-0.0721888
-0.0720927
-0.071461
-0.0703213
-0.0690855
-0.0682617
-0.0682479
-0.0689757
-0.0700879
-0.0711177
-0.0717494
-0.0719554
-0.0718455
-0.0715022
-0.0710354
-0.0706646
-0.0705548
-0.0705548
-0.0703625
-0.069827
-0.0692778
-0.069113
-0.0693739
-0.0695936
-0.0693602
-0.0687423
-0.0680832
-0.0678497
-0.0683303
-0.0694151
-0.0707058
-0.0716807
-0.0721339
-0.0720789
-0.0714061
-0.0699231
-0.0678635
-0.065996
-0.0650348
-0.0651309
-0.0660372
-0.0674927
-0.0692915
-0.070953
-0.0718867
-0.0717357
-0.0706509
-0.0691954
-0.0678909
-0.0669984
-0.066408
-0.0660235
-0.0659274
-0.0661745
-0.0664491
-0.0662432
-0.0655703
-0.0649387
-0.0648563
-0.0653369
-0.0661196
-0.0669709
-0.0677673
-0.0683166
-0.068344
-0.0678497
-0.0670121
-0.0660372
-0.0651584
-0.0644993
-0.0640187
-0.0633871
-0.0624122
-0.0613274
-0.0607507
-0.0610802
-0.0620689
-0.0630575
-0.0636068
-0.0638539
-0.0642384
-0.0648975
-0.0654742
-0.0655566
-0.0650898
-0.0642247
-0.063085
-0.0618217
-0.0609155
-0.0607644
-0.0611901
-0.0615196
-0.0612999
-0.0608194
-0.060531
-0.0605173
-0.0605035
-0.0602426
-0.0598307
-0.0595835
-0.0597483
-0.0602426
-0.0606683
-0.060682
-0.06038
-0.0601877
-0.0604898
-0.0613137
-0.0623847
-0.0634008
-0.0640599
-0.0642247
-0.0639638
-0.0634008
-0.0627143
-0.0620002
-0.0614098
-0.0610528
-0.0609841
-0.0613549
-0.0622611
-0.0636205
-0.0648563
-0.0651859
-0.0643208
-0.0627966
-0.061451
-0.0606546
-0.060325
-0.0603662
-0.0607507
-0.0611489
-0.0610802
-0.06038
-0.0595149
-0.0592128
-0.0598582
-0.0612176
-0.0627143
-0.0637853
-0.064156
-0.0638677
-0.0631399
-0.0622749
-0.061602
-0.061245
-0.0612038
-0.0612725
-0.0613549
-0.0614235
-0.061657
-0.0620964
-0.0626044
-0.0629477
-0.0630163
-0.0628516
-0.0625769
-0.0623572
-0.0624122
-0.0627829
-0.0632086
-0.0631399
-0.0622062
-0.060737
-0.0596797
-0.0597071
-0.0606271
-0.0615059
-0.061602
-0.0609155
-0.059968
-0.0592128
-0.0587048
-0.0581967
-0.0576612
-0.0572355
-0.0570433
-0.0570982
-0.057263
-0.0573866
-0.0574003
-0.0572767
-0.0570021
-0.0564528
-0.0556564
-0.0547502
-0.0539812
-0.0535144
-0.0535693
-0.054297
-0.055423
-0.0562194
-0.0561233
-0.0551896
-0.05394
-0.0529514
-0.0525257
-0.0528003
-0.0536929
-0.0548188
-0.0556702
-0.0560958
-0.0563293
-0.0566863
-0.0572218
-0.0577024
-0.0578809
-0.0577436
-0.0575101
-0.0573316
-0.0570021
-0.0561507
-0.0549012
-0.05394
-0.0538851
-0.0546952
-0.0558212
-0.0567412
-0.0572355
-0.0571806
-0.0566725
-0.0561096
-0.0558075
-0.0556839
-0.0553818
-0.0548051
-0.0544069
-0.0546129
-0.0552857
-0.0558349
-0.0558349
-0.0556427
-0.0560958
-0.0575376
-0.0593776
-0.060682
-0.0610802
-0.0608743
-0.0602838
-0.0591991
-0.0576063
-0.0558487
-0.0543657
-0.0533359
-0.0528415
-0.0529926
-0.0536791
-0.0544618
-0.0549424
-0.0550523
-0.0549149
-0.0545305
-0.0539263
-0.0533633
-0.053226
-0.0536105
-0.0540911
-0.054146
-0.0535967
-0.052869
-0.052718
-0.0534732
-0.054709
-0.0555878
-0.0556976
-0.0551896
-0.0544343
-0.0535556
-0.0526356
-0.0519353
-0.051798
-0.0523335
-0.0533221
-0.0542833
-0.0546266
-0.0540911
-0.0529376
-0.0517018
-0.0507132
-0.0501914
-0.0503836
-0.0514272
-0.0528141
-0.0534457
-0.052718
-0.0511114
-0.0497795
-0.0494362
-0.0498344
-0.0502463
-0.0502875
-0.0500404
-0.0499854
-0.050315
-0.0507269
-0.0508505
-0.0507407
-0.0507819
-0.0510977
-0.0513036
-0.0508505
-0.0496284
-0.0480493
-0.0467723
-0.0462506
-0.0464703
-0.0471431
-0.0480219
-0.0491616
-0.0505896
-0.0520177
-0.0528003
-0.0526218
-0.0517568
-0.0508505
-0.050315
-0.0502189
-0.0503287
-0.0502875
-0.0498069
-0.0489693
-0.0482416
-0.0480082
-0.0480493
-0.0479532
-0.047555
-0.0469783
-0.0464016
-0.0460446
-0.0460995
-0.046635
-0.0474314
-0.0481455
-0.0485162
-0.0484064
-0.0478159
-0.0469234
-0.0461132
-0.04577
-0.0460446
-0.0467998
-0.0478022
-0.0487084
-0.0491753
-0.0491066
-0.0487908
-0.0485849
-0.0486261
-0.0488732
-0.0492302
-0.0495872
-0.0497108
-0.049395
-0.0486123
-0.0475688
-0.0466213
-0.0461819
-0.0463055
-0.04669
-0.046841
-0.0466076
-0.0463329
-0.0464977
-0.0472392
-0.048324
-0.0493813
-0.049958
-0.0497383
-0.0489556
-0.0482141
-0.0480356
-0.0484613
-0.049189
-0.0498069
-0.0500404
-0.0498344
-0.049395
-0.0490243
-0.0487496
-0.0484338
-0.0479944
-0.0476923
-0.0478434
-0.0484475
-0.0492028
-0.0497383
-0.0498619
-0.0495598
-0.0492165
-0.0493401
-0.0500266
-0.0507819
-0.0509604
-0.0503836
-0.0494087
-0.0485849
-0.0482828
-0.0486123
-0.0493538
-0.0502463
-0.0510153
-0.0514135
-0.0511114
-0.0501777
-0.049244
-0.0488732
-0.0489281
-0.0487496
-0.047967
-0.0468685
-0.0460721
-0.0459073
-0.0463329
-0.046992
-0.0472804
-0.0468135
-0.0457837
-0.0448088
-0.0445067
-0.0449461
-0.0456189
-0.0458386
-0.0452482
-0.0441771
-0.0433533
-0.043367
-0.0442458
-0.0455915
-0.0468959
-0.0476786
-0.0475276
-0.0463741
-0.0447813
-0.0436554
-0.0435592
-0.044287
-0.0451795
-0.0457013
-0.0457425
-0.0454953
-0.0453855
-0.0457562
-0.0465526
-0.0473216
-0.0476099
-0.0472392
-0.0463604
-0.0452482
-0.0443557
-0.044081
-0.0445891
-0.0455365
-0.0463329
-0.0465664
-0.0462231
-0.0455915
-0.0449324
-0.044493
-0.0443419
-0.0444518
-0.0446715
-0.04485
-0.0447264
-0.0442458
-0.0436142
-0.0433121
-0.0436966
-0.0447401
-0.0458935
-0.0464565
-0.0459897
-0.0447813
-0.0436966
-0.0434082
-0.04393
-0.0447401
-0.0453992
-0.0457562
-0.0457425
-0.0453031
-0.044493
-0.0436279
-0.0429551
-0.0424333
-0.0419252
-0.0413348
-0.0407718
-0.0403736
-0.0402638
-0.0404423
-0.0406482
-0.040607
-0.0404285
-0.0405247
-0.0410739
-0.0417055
-0.0418566
-0.0413485
-0.0405384
-0.0399891
-0.0399342
-0.0401264
-0.0401951
-0.0401539
-0.040305
-0.040813
-0.041376
-0.0414721
-0.0410876
-0.040662
-0.040456
-0.0402912
-0.0398793
-0.0393163
-0.0389181
-0.0389868
-0.0396596
-0.0408817
-0.0422548
-0.0431061
-0.0429688
-0.0419664
-0.0406345
-0.0395223
-0.0388769
-0.0386984
-0.0388906
-0.0392202
-0.0395085
-0.0397008
-0.039687
-0.0393712
-0.0388906
-0.0386297
-0.0388632
-0.0395085
-0.0401814
-0.0407032
-0.0411837
