LECROYHDO9204-MSöv,30454,Waveform
Segments,1,SegmentSize,2002
Ampl
-0.0143667
-0.0144079
-0.0144766
-0.0143118
-0.0138861
-0.0134742
-0.0135154
-0.0143118
-0.0157398
-0.0171679
-0.0177995
-0.0173464
-0.0162616
-0.0153142
-0.014916
-0.0149297
-0.0151631
-0.0155339
-0.0159595
-0.0160282
-0.0153416
-0.0139273
-0.0124169
-0.0116205
-0.0119226
-0.0131035
-0.0145452
-0.0155476
-0.0157948
-0.0153142
-0.0145178
-0.0138312
-0.0135429
-0.0135978
-0.0137076
-0.0135291
-0.0131309
-0.0128975
-0.0131996
-0.0138999
-0.0144903
-0.0145178
-0.0137351
-0.0122109
-0.0104121
-0.00903902
-0.00865455
-0.00943723
-0.011236
-0.0134879
-0.0153691
-0.0160694
-0.0153416
-0.0136939
-0.0121697
-0.0117441
-0.012719
-0.0143805
-0.0154378
-0.0150807
-0.013584
-0.0118951
-0.0108241
-0.0106181
-0.0111811
-0.012307
-0.0135017
-0.0142981
-0.014504
-0.0142431
-0.0137763
-0.0133506
-0.013227
-0.0135978
-0.0143942
-0.0153279
-0.0159733
-0.0158909
-0.0148748
-0.0132408
-0.0116342
-0.0105769
-0.0102336
-0.010522
-0.0114008
-0.0127602
-0.014147
-0.0149434
-0.0149572
-0.0144491
-0.0136664
-0.0127327
-0.0119226
-0.0117853
-0.0127876
-0.014559
-0.0160694
-0.0165225
-0.0160694
-0.015424
-0.0151219
-0.0149709
-0.0144354
-0.0131858
-0.0115244
-0.010165
-0.00971185
-0.0103847
-0.0118265
-0.0133506
-0.0142843
-0.014504
-0.0143118
-0.0140509
-0.01379
-0.013433
-0.0131309
-0.0131309
-0.0134467
-0.0138449
-0.0141333
-0.0142981
-0.014353
-0.0142843
-0.0140372
-0.0136252
-0.0131309
-0.0127739
-0.0128288
-0.0133232
-0.0138724
-0.0140234
-0.0138175
-0.0136252
-0.0137488
-0.0140921
-0.0143667
-0.0143805
-0.0140921
-0.0135291
-0.0130073
-0.0130348
-0.0138037
-0.0148885
-0.01563
-0.01563
-0.0149022
-0.0136527
-0.0122384
-0.0111124
-0.0106044
-0.0109339
-0.0121285
-0.0141745
-0.0165912
-0.018335
-0.0184861
-0.0169345
-0.0144766
-0.012307
-0.0113184
-0.0117715
-0.013227
-0.0147924
-0.0155751
-0.0152181
-0.013996
-0.0125267
-0.0114969
-0.0113596
-0.012156
-0.013433
-0.0145864
-0.0152043
-0.0153828
-0.0156163
-0.0162067
-0.016907
-0.0170718
-0.0162754
-0.0149297
-0.0139273
-0.0140509
-0.0152455
-0.016756
-0.0177034
-0.0176897
-0.0170306
-0.0164401
-0.0164951
-0.0170168
-0.0173876
-0.0172915
-0.0171816
-0.0176073
-0.0185547
-0.01931
-0.0191589
-0.017978
-0.0162891
-0.01471
-0.0134742
-0.0124306
-0.0114283
-0.010673
-0.0106318
-0.0116891
-0.0137488
-0.0160831
-0.0176073
-0.01747
-0.0156849
-0.0133094
-0.0117578
-0.0116891
-0.0126503
-0.0137076
-0.0141608
-0.0139411
-0.0134055
-0.0130211
-0.0130623
-0.013433
-0.0137763
-0.01379
-0.0133506
-0.0126641
-0.0120736
-0.0119775
-0.012513
-0.0135017
-0.0144628
-0.0151219
-0.0154652
-0.0157536
-0.0161518
-0.0165637
-0.0166186
-0.0160007
-0.0148473
-0.01379
-0.0136252
-0.0146276
-0.0162204
-0.0174288
-0.0175386
-0.0164951
-0.0148748
-0.0135429
-0.0131035
-0.0133643
-0.0137488
-0.0139136
-0.0140234
-0.0141882
-0.0141882
-0.0137763
-0.0131172
-0.0127053
-0.0128563
-0.0135291
-0.0142431
-0.0143805
-0.013639
-0.012362
-0.0114557
-0.0116205
-0.0127876
-0.0142706
-0.015424
-0.0161106
-0.0165225
-0.0168246
-0.0168109
-0.0160419
-0.0144079
-0.0124444
-0.0109202
-0.0103435
-0.010728
-0.0117303
-0.0128838
-0.0136664
-0.0138037
-0.0134742
-0.0130211
-0.0126503
-0.0124581
-0.012513
-0.0129524
-0.0139136
-0.0152181
-0.0164127
-0.0168109
-0.0160694
-0.0144491
-0.0126091
-0.0111674
-0.0103709
-0.0101375
-0.0102199
-0.010316
-0.010316
-0.0102886
-0.0105632
-0.0113596
-0.0127053
-0.0144079
-0.0161243
-0.0173327
-0.0174013
-0.0161792
-0.0142569
-0.0125954
-0.0118127
-0.0118265
-0.0122384
-0.0127464
-0.0132133
-0.0135429
-0.0138037
-0.014202
-0.0148473
-0.0154652
-0.0156575
-0.0152593
-0.0144491
-0.0135017
-0.0127739
-0.0126091
-0.0130897
-0.0139411
-0.0148061
-0.0154515
-0.0157673
-0.0158085
-0.0157536
-0.0158085
-0.0159321
-0.0157948
-0.015067
-0.0137626
-0.0122796
-0.0112497
-0.011236
-0.0123345
-0.0140784
-0.0156437
-0.0164127
-0.0163852
-0.0160282
-0.0158222
-0.0159046
-0.0160282
-0.0158772
-0.0153142
-0.0146551
-0.0144491
-0.0149709
-0.0158497
-0.0163989
-0.0161106
-0.0151219
-0.0139823
-0.0133918
-0.0137076
-0.0147375
-0.0159458
-0.0167834
-0.0170718
-0.0170168
-0.0170443
-0.0173052
-0.0175112
-0.0171542
-0.0162067
-0.0153554
-0.015424
-0.0164676
-0.0176897
-0.0182527
-0.017978
-0.0171267
-0.0161518
-0.0155201
-0.0155476
-0.0161655
-0.0169619
-0.01747
-0.0174013
-0.0166049
-0.0153004
-0.0141196
-0.0137626
-0.0144903
-0.0159321
-0.0173601
-0.018184
-0.0181291
-0.0174013
-0.0165774
-0.0163852
-0.0172228
-0.0188431
-0.0205046
-0.0213559
-0.0211225
-0.0202849
-0.0196944
-0.0198867
-0.0205458
-0.0207792
-0.0199691
-0.01839
-0.0169207
-0.0163715
-0.0169894
-0.0183213
-0.0195434
-0.0198867
-0.0189667
-0.0170306
-0.0147237
-0.0130348
-0.0128426
-0.0142706
-0.0164127
-0.0179643
-0.0183213
-0.0177721
-0.0170168
-0.0166049
-0.0167834
-0.0175112
-0.0185135
-0.0193649
-0.0196258
-0.0191726
-0.0182664
-0.0174562
-0.0171679
-0.0174974
-0.0182115
-0.0189804
-0.0197082
-0.0203535
-0.0207792
-0.0209302
-0.0211225
-0.0219052
-0.0234568
-0.0252556
-0.0265463
-0.0269857
-0.0270681
-0.0275487
-0.0289355
-0.0310913
-0.0336316
-0.0362131
-0.0388494
-0.041884
-0.045715
-0.0504248
-0.0556702
-0.0609704
-0.0660509
-0.0708431
-0.0753882
-0.0798096
-0.0843134
-0.0892567
-0.094859
-0.100777
-0.106338
-0.111144
-0.115456
-0.119809
-0.124409
-0.129008
-0.133375
-0.137549
-0.141669
-0.145802
-0.14977
-0.153354
-0.156334
-0.158654
-0.1607
-0.163185
-0.166687
-0.170944
-0.174802
-0.176999
-0.177123
-0.175969
-0.17498
-0.175063
-0.176148
-0.177397
-0.177974
-0.177466
-0.176079
-0.174472
-0.173346
-0.172921
-0.172619
-0.171534
-0.169323
-0.166604
-0.164353
-0.163089
-0.162403
-0.161332
-0.159203
-0.156388
-0.153889
-0.152379
-0.151665
-0.151143
-0.150443
-0.149715
-0.14918
-0.148795
-0.148163
-0.146914
-0.144868
-0.142259
-0.139636
-0.1377
-0.137
-0.137522
-0.138661
-0.13954
-0.139623
-0.138977
-0.138112
-0.137549
-0.13759
-0.13825
-0.139389
-0.140666
-0.141682
-0.142108
-0.142039
-0.141916
-0.142081
-0.142506
-0.142891
-0.143069
-0.143207
-0.143701
-0.144813
-0.146337
-0.147752
-0.148589
-0.148836
-0.148809
-0.148809
-0.14896
-0.149303
-0.149743
-0.150113
-0.150223
-0.150045
-0.149825
-0.149907
-0.15047
-0.15139
-0.152365
-0.153244
-0.15404
-0.154617
-0.154631
-0.153889
-0.152681
-0.151802
-0.151885
-0.153024
-0.154617
-0.155853
-0.156073
-0.155249
-0.153766
-0.152118
-0.150772
-0.150113
-0.150306
-0.151129
-0.152008
-0.152338
-0.15194
-0.151143
-0.150402
-0.149894
-0.149495
-0.149138
-0.148795
-0.148507
-0.14826
-0.147944
-0.147614
-0.147449
-0.147587
-0.148026
-0.148507
-0.148699
-0.148479
-0.148067
-0.147834
-0.147861
-0.147944
-0.147834
-0.147477
-0.146969
-0.146502
-0.146255
-0.146378
-0.146804
-0.147395
-0.14793
-0.148232
-0.148191
-0.147848
-0.147518
-0.147573
-0.147971
-0.148205
-0.147697
-0.146529
-0.145458
-0.145239
-0.145925
-0.146886
-0.147381
-0.147024
-0.146063
-0.14506
-0.144538
-0.144566
-0.144868
-0.14506
-0.144992
-0.144635
-0.144181
-0.143879
-0.143756
-0.143577
-0.143028
-0.142039
-0.140831
-0.139856
-0.139623
-0.14046
-0.14219
-0.144058
-0.145211
-0.145404
-0.145115
-0.145074
-0.145568
-0.1462
-0.146378
-0.145884
-0.145046
-0.144236
-0.143399
-0.142396
-0.141353
-0.140776
-0.141133
-0.142245
-0.143481
-0.144264
-0.144401
-0.14403
-0.143412
-0.142753
-0.142053
-0.141257
-0.14057
-0.140488
-0.141325
-0.142863
-0.144346
-0.145088
-0.144731
-0.143536
-0.142328
-0.14193
-0.142698
-0.144209
-0.145623
-0.146241
-0.145843
-0.144786
-0.143742
-0.143207
-0.143261
-0.143605
-0.143921
-0.144236
-0.144909
-0.146378
-0.14852
-0.150498
-0.151253
-0.150566
-0.149152
-0.148012
-0.147724
-0.148273
-0.14944
-0.150882
-0.152159
-0.152818
-0.152873
-0.152722
-0.15275
-0.152983
-0.153285
-0.153546
-0.153738
-0.153889
-0.153958
-0.153944
-0.153944
-0.153999
-0.154123
-0.15437
-0.154727
-0.155139
-0.155441
-0.155592
-0.155592
-0.155496
-0.155249
-0.154823
-0.154246
-0.153574
-0.15286
-0.152159
-0.1515
-0.150923
-0.150374
-0.149839
-0.149482
-0.149701
-0.150553
-0.151404
-0.151294
-0.149756
-0.147532
-0.145802
-0.145225
-0.145362
-0.145445
-0.145198
-0.14495
-0.145101
-0.145527
-0.145843
-0.145843
-0.145541
-0.14506
-0.144401
-0.143605
-0.142781
-0.142053
-0.141545
-0.141284
-0.141188
-0.141147
-0.141119
-0.141339
-0.142012
-0.143001
-0.143824
-0.144113
-0.143921
-0.143701
-0.143605
-0.143303
-0.142534
-0.141655
-0.14127
-0.141518
-0.141957
-0.142094
-0.141888
-0.14171
-0.141778
-0.142012
-0.142163
-0.142067
-0.141724
-0.141188
-0.140611
-0.140062
-0.139609
-0.139252
-0.138977
-0.138661
-0.138195
-0.137838
-0.138002
-0.138744
-0.13954
-0.139829
-0.139554
-0.139087
-0.138703
-0.138469
-0.138332
-0.13825
-0.13825
-0.138332
-0.138277
-0.137838
-0.136931
-0.135915
-0.135407
-0.135847
-0.137055
-0.138346
-0.139005
-0.138675
-0.137343
-0.135325
-0.133306
-0.132235
-0.132757
-0.134611
-0.136739
-0.137989
-0.137851
-0.136547
-0.134625
-0.132716
-0.131425
-0.131315
-0.132373
-0.133691
-0.134048
-0.132949
-0.131151
-0.129874
-0.129874
-0.130821
-0.131768
-0.131851
-0.130972
-0.129805
-0.129311
-0.129928
-0.13126
-0.132592
-0.133622
-0.134405
-0.135009
-0.135146
-0.134679
-0.133883
-0.133334
-0.133361
-0.133553
-0.133196
-0.131988
-0.130491
-0.129681
-0.130121
-0.131562
-0.133142
-0.133924
-0.133444
-0.131988
-0.130478
-0.129777
-0.129942
-0.130368
-0.130423
-0.130093
-0.129846
-0.130038
-0.130629
-0.13126
-0.1317
-0.131878
-0.131727
-0.130917
-0.129242
-0.1271
-0.125383
-0.124683
-0.124889
-0.12537
-0.125658
-0.125644
-0.125576
-0.125768
-0.126427
-0.127457
-0.128432
-0.12883
-0.128363
-0.127155
-0.125699
-0.124409
-0.123406
-0.122637
-0.122157
-0.122047
-0.122225
-0.122404
-0.122349
-0.122143
-0.121992
-0.121964
-0.121758
-0.121154
-0.120413
-0.120097
-0.120578
-0.121745
-0.12309
-0.124106
-0.124395
-0.123997
-0.12331
-0.122775
-0.122417
-0.121909
-0.12088
-0.119452
-0.118147
-0.117639
-0.118312
-0.119987
-0.121909
-0.123228
-0.123447
-0.122775
-0.1218
-0.121058
-0.120715
-0.120468
-0.120015
-0.119355
-0.11882
-0.118559
-0.118284
-0.117557
-0.116472
-0.115634
-0.115634
-0.116348
-0.117104
-0.117117
-0.116115
-0.114522
-0.113218
-0.112819
-0.113273
-0.114041
-0.114467
-0.114193
-0.113286
-0.112256
-0.11179
-0.112325
-0.113726
-0.115167
-0.115621
-0.114604
-0.112655
-0.110993
-0.110677
-0.111748
-0.1133
-0.114179
-0.113904
-0.112806
-0.11179
-0.111652
-0.112462
-0.113575
-0.114096
-0.113739
-0.112668
-0.111268
-0.109881
-0.109043
-0.109181
-0.110252
-0.111597
-0.11249
-0.112668
-0.112243
-0.111487
-0.110526
-0.109551
-0.108865
-0.108727
-0.109153
-0.109771
-0.110059
-0.109867
-0.109359
-0.108906
-0.108686
-0.108673
-0.108769
-0.108865
-0.108892
-0.108906
-0.10903
-0.109455
-0.110018
-0.110238
-0.109757
-0.108851
-0.10811
-0.10778
-0.107574
-0.107148
-0.106448
-0.105638
-0.104773
-0.103976
-0.103331
-0.103029
-0.103262
-0.103949
-0.1048
-0.105363
-0.105322
-0.104677
-0.103729
-0.102892
-0.102535
-0.102782
-0.103496
-0.104334
-0.104965
-0.105226
-0.105102
-0.104663
-0.104141
-0.103922
-0.104292
-0.105048
-0.105652
-0.105652
-0.105034
-0.104114
-0.10329
-0.102947
-0.103194
-0.103812
-0.10421
-0.104004
-0.103235
-0.102411
-0.101999
-0.102137
-0.10259
-0.102974
-0.102905
-0.102356
-0.101615
-0.101107
-0.100997
-0.101217
-0.101368
-0.101024
-0.100049
-0.0988685
-0.0982369
-0.0985664
-0.0995962
-0.100763
-0.101546
-0.101793
-0.101574
-0.101038
-0.100283
-0.0993903
-0.0985389
-0.0978798
-0.0974267
-0.0969873
-0.0963557
-0.0956829
-0.0953121
-0.0954632
-0.0959712
-0.0963557
-0.0962458
-0.0958202
-0.0956279
-0.0960811
-0.0970148
-0.0979897
-0.0987861
-0.0993765
-0.0996649
-0.0993216
-0.0982506
-0.0969736
-0.096136
-0.0959987
-0.0962184
-0.0963008
-0.0961909
-0.0960399
-0.0959712
-0.0959437
-0.0958202
-0.095573
-0.0952023
-0.0948178
-0.0945294
-0.0943784
-0.0943097
-0.0944059
-0.0948315
-0.0954906
-0.0960261
-0.0961772
-0.0960673
-0.0959026
-0.0955867
-0.0950238
-0.0944608
-0.0942823
-0.0945844
-0.0950512
-0.0951748
-0.0947766
-0.0941312
-0.0936644
-0.0934172
-0.0931014
-0.0925933
-0.0923324
-0.0928405
-0.0939665
-0.0947217
-0.0941175
-0.0921814
-0.0901492
-0.089394
-0.090314
-0.0919342
-0.0927306
-0.0918656
-0.0897098
-0.0874167
-0.0862633
-0.0869773
-0.089339
-0.0921127
-0.0938429
-0.0938566
-0.0926483
-0.0912751
-0.0903963
-0.0900256
-0.0899295
-0.0898608
-0.0896274
-0.0890782
-0.0884053
-0.0881032
-0.0884602
-0.0890919
-0.0893528
-0.0888585
-0.0878973
-0.0870871
-0.086785
-0.08684
-0.0868262
-0.086428
-0.0857827
-0.0853433
-0.0854531
-0.0860298
-0.0866889
-0.0870185
-0.086785
-0.0860436
-0.0852334
-0.0848352
-0.0850549
-0.0856728
-0.0862907
-0.0865104
-0.0861122
-0.0851785
-0.0842036
-0.0836818
-0.0836955
-0.0839427
-0.0841212
-0.0842448
-0.0844782
-0.0848489
-0.085
-0.0845194
-0.0832561
-0.0816633
-0.0805648
-0.0805785
-0.0816358
-0.0830776
-0.0842585
-0.0848901
-0.0849863
-0.0845606
-0.0836955
-0.0827343
-0.0822537
-0.082446
-0.0830502
-0.0835719
-0.0836681
-0.0832973
-0.0826657
-0.0821576
-0.0819517
-0.0819929
-0.0820066
-0.0818281
-0.0814161
-0.0809081
-0.0804962
-0.0803863
-0.0806884
-0.08132
-0.0819791
-0.0822675
-0.0819105
-0.0810042
-0.0800842
-0.0798233
-0.0804
-0.0811278
-0.0811278
-0.0800705
-0.0784914
-0.0772144
-0.0767613
-0.0771183
-0.0780108
-0.0790681
-0.0800568
-0.080812
-0.0811553
-0.0810317
-0.0804824
-0.0797409
-0.0791917
-0.079178
-0.0798371
-0.0806747
-0.0808394
-0.0798645
-0.0783404
-0.0775302
-0.0781893
-0.0799194
-0.0817457
-0.0828579
-0.0830227
-0.0823773
-0.0811553
-0.0796311
-0.0782305
-0.0775165
-0.0778323
-0.0790681
-0.0806197
-0.0818006
-0.0821439
-0.0816633
-0.0806472
-0.0795487
-0.0787111
-0.0783129
-0.0783129
-0.0784502
-0.0785463
-0.0785875
-0.0786424
-0.0785326
-0.0780383
-0.0772556
-0.0766377
-0.076624
-0.0772144
-0.0778735
-0.0780383
-0.0775577
-0.0768299
-0.0764043
-0.0763356
-0.0763081
-0.076061
-0.0757589
-0.0756902
-0.0758413
-0.0759374
-0.0758138
-0.0755667
-0.0754293
-0.0756765
-0.0763219
-0.076926
-0.076926
-0.0761708
-0.0752234
-0.0747977
-0.0751273
-0.0758413
-0.0762807
-0.0760472
-0.0750998
-0.0737404
-0.0724222
-0.0715434
-0.0712963
-0.0717219
-0.0725458
-0.0733147
-0.0736443
-0.0734521
-0.0731362
-0.0732735
-0.0740562
-0.0751685
-0.075855
-0.0754705
-0.0739601
-0.0719828
-0.07039
-0.0696622
-0.0696897
-0.0699918
-0.070184
-0.0701703
-0.0700742
-0.0701566
-0.0704037
-0.07039
-0.0695936
-0.0681381
-0.0666139
-0.0656253
-0.0654193
-0.0659686
-0.0670259
-0.0681381
-0.0687697
-0.0686324
-0.0680145
-0.0674653
-0.0674927
-0.0683852
-0.0701566
-0.0723673
-0.0741249
-0.0746879
-0.0738228
-0.0719279
-0.069827
-0.0684539
-0.0684539
-0.0695524
-0.0706097
-0.0705685
-0.0693464
-0.0677948
-0.0668611
-0.0669709
-0.0679321
-0.0691542
-0.0699094
-0.0697858
-0.0690169
-0.0684127
-0.0686461
-0.0696897
-0.0708706
-0.0713649
-0.0708981
-0.0698407
-0.0688796
-0.0684127
-0.068399
-0.0686049
-0.0687697
-0.0686324
-0.0681106
-0.0675614
-0.0675339
-0.0680557
-0.0683715
-0.0677948
-0.066408
-0.0650486
-0.0644032
-0.0646366
-0.0653232
-0.0658724
-0.065996
-0.0658862
-0.0658862
-0.0661471
-0.0663668
-0.0663256
-0.0661745
-0.0662157
-0.0665315
-0.066765
-0.0664217
-0.0652545
-0.0635381
-0.0620552
-0.0615608
-0.0622337
-0.0634832
-0.0644993
-0.0647465
-0.0643071
-0.0635519
-0.062934
-0.062728
-0.0630438
-0.0637578
-0.0644993
-0.064719
-0.064005
-0.0625083
-0.060888
-0.0598444
-0.0595424
-0.0596659
-0.0598994
-0.0602701
-0.060888
-0.061602
-0.0619865
-0.0616844
-0.0606408
-0.0592677
-0.058183
-0.0578122
-0.0579495
-0.0579495
-0.0575513
-0.0572355
-0.0576337
-0.0587871
-0.0600916
-0.060888
-0.0609292
-0.0603525
-0.0594325
-0.0583889
-0.057263
-0.0560409
-0.0550523
-0.0548188
-0.0554642
-0.0563979
-0.056851
-0.0565627
-0.055986
-0.0558075
-0.0563979
-0.0575651
-0.0585812
-0.0586498
-0.05762
-0.0560821
-0.0549287
-0.0546129
-0.0550385
-0.0556702
-0.0560684
-0.0560272
-0.0558487
-0.0559997
-0.0566588
-0.0574964
-0.0579907
-0.0576886
-0.0565078
-0.0547776
-0.0532123
-0.0524296
-0.0525394
-0.0531711
-0.0539126
-0.0546815
-0.0556015
-0.0564803
-0.0568785
-0.0563842
-0.0551072
-0.0536654
-0.0528278
-0.0531162
-0.0544755
-0.0561507
-0.0573454
-0.0576886
-0.0573179
-0.0564666
-0.0553818
-0.0543382
-0.0536929
-0.0536517
-0.0541323
-0.0548051
-0.0552308
-0.0550248
-0.0541735
-0.0530612
-0.0522099
-0.0520589
-0.0527042
-0.0538851
-0.0549149
-0.0550385
-0.0540911
-0.0526081
-0.0514272
-0.0509878
-0.0511938
-0.0517156
-0.0523884
-0.053075
-0.0537203
-0.0543245
-0.0549012
-0.0553543
-0.0555603
-0.0555466
-0.0553681
-0.0548463
-0.0536929
-0.0519353
-0.0500541
-0.0489419
-0.0492714
-0.0510977
-0.0536929
-0.0558899
-0.0566725
-0.0557114
-0.0534594
-0.0509604
-0.0493401
-0.0492165
-0.0503287
-0.0517018
-0.0525806
-0.0529514
-0.0532397
-0.0535693
-0.053789
-0.0537203
-0.0534182
-0.0528827
-0.0520451
-0.0509741
-0.0499031
-0.0490655
-0.0486123
-0.0485299
-0.0487634
-0.0492028
-0.0497383
-0.0502875
-0.0507269
-0.0508368
-0.0504798
-0.0496284
-0.0485574
-0.0478022
-0.0481043
-0.0496284
-0.0516606
-0.0529651
-0.0528965
-0.0518666
-0.0506583
-0.049546
-0.0485025
-0.0477198
-0.0477473
-0.0489831
-0.0511526
-0.0533496
-0.0546129
-0.0544893
-0.0531711
-0.0512487
-0.0493813
-0.0481455
-0.0478571
-0.0484887
-0.0496834
-0.0507681
-0.0510565
-0.0503836
-0.0492989
-0.0486672
-0.0490792
-0.0504248
-0.0519765
-0.0529376
-0.0529926
-0.0524708
-0.0521412
-0.0525532
-0.0536654
-0.0547914
-0.0552033
-0.0549012
-0.0545579
-0.0547914
-0.0553543
-0.0553406
-0.0541323
-0.0520726
-0.0501914
-0.0492989
-0.0495872
-0.0505347
-0.0513311
-0.0513311
-0.0504386
-0.0492028
-0.0483652
-0.0482965
-0.0488183
-0.0493675
-0.0494774
-0.0490243
-0.0481867
-0.0472392
-0.0463879
-0.045921
-0.0461682
-0.0471568
-0.0483652
-0.0490517
-0.0490243
-0.0487908
-0.0488732
-0.0491478
-0.0491478
-0.0486947
-0.0482278
-0.0480905
-0.0481592
-0.0479395
-0.0471019
-0.0459485
-0.0451383
-0.0450422
-0.0454816
-0.0459897
-0.0464016
-0.0468273
-0.0471705
-0.0471431
-0.0465526
-0.0455915
-0.0447264
-0.0443557
-0.0446577
-0.0456052
-0.046992
-0.0483377
-0.0490517
-0.048681
-0.0474589
-0.0461407
-0.0456601
-0.0463192
-0.0478159
-0.0495872
-0.0513174
-0.0526768
-0.0530338
-0.0517705
-0.0490655
-0.046127
-0.0443694
-0.0443694
-0.0456052
-0.047047
-0.0478159
-0.0475413
-0.0465252
-0.045564
-0.0454404
-0.0462231
-0.0473353
-0.0481867
-0.0486535
-0.0489007
-0.0489556
-0.0487084
-0.0481867
-0.0475962
-0.0473216
-0.0474314
-0.0477198
-0.0478022
-0.0475276
-0.0470882
-0.0468685
-0.0470058
-0.047404
-0.0477061
-0.0476511
-0.0471294
-0.0463329
-0.0455777
-0.0451521
-0.0451795
-0.0456876
-0.0465526
-0.0474452
-0.0478846
-0.0475413
-0.0465252
-0.0452894
-0.0443419
-0.0439437
-0.044081
-0.0445342
-0.0451383
-0.0459073
-0.0467586
-0.0471568
-0.046484
-0.0447127
-0.0427216
-0.0416231
-0.0418428
-0.0428452
-0.0436004
-0.0434631
-0.0424607
-0.0412661
-0.0404835
-0.0403187
-0.040607
-0.0412936
-0.0424607
-0.0438751
-0.0448088
-0.0445342
-0.0429551
-0.0407718
-0.0390142
-0.0385062
-0.0393438
-0.0408267
-0.0418703
-0.041884
-0.0409366
-0.0395635
-0.0383551
-0.0377784
-0.0380668
-0.0390691
-0.0402226
-0.0410464
-0.0414172
-0.0414172
-0.0411014
-0.0405109
-0.0399617
-0.0398656
-0.0402775
-0.040964
-0.0416369
-0.0421999
-0.0425843
-0.0427216
-0.0425981
-0.0423097
-0.0418428
-0.0411426
-0.0402226
-0.0394399
-0.0391378
-0.0394948
-0.04025
-0.0409366
-0.0410602
-0.0406345
-0.0399891
-0.0394536
-0.0390005
-0.0385886
-0.0382865
-0.0383277
-0.0388906
-0.0399617
-0.0411837
-0.0419802
-0.0419802
-0.0413211
-0.0405247
-0.0398244
-0.0391378
-0.0382315
-0.0372017
-0.0363916
-0.0361032
-0.0364877
-0.0373802
-0.03841
-0.0391378
-0.0393987
-0.0393987
-0.0395085
-0.0399342
-0.0405658
-0.0411975
-0.0416506
-0.0417055
-0.0411837
-0.0401402
-0.0389868
-0.0381766
-0.0379432
-0.0380942
-0.0383963
-0.0387396
-0.0392888
-0.0400166
-0.0405247
-0.0403461
-0.0395497
-0.0387533
-0.0384924
-0.0388632
-0.0396733
-0.0406482
-0.0413897
-0.041376
-0.0404835
-0.0393026
-0.0385748
-0.0384924
-0.0386572
-0.0386023
-0.0382315
-0.0376686
-0.0370095
-0.0363504
-0.0358835
-0.0358286
-0.0362131
-0.0369408
-0.0377235
-0.0382727
-0.0384787
-0.0383002
-0.037696
-0.0366113
-0.0351969
-0.0339611
-0.0334119
-0.0336591
-0.0343731
-0.0352244
-0.0361169
-0.0370919
-0.0379981
-0.03841
-0.0378883
-0.0364053
-0.0345653
-0.0331647
-0.0326567
-0.0329725
-0.0338513
-0.0350322
-0.0362817
-0.037188
-0.0374489
-0.0371193
-0.0367074
-0.0366936
-0.0372429
-0.0381354
-0.0389593
-0.0394399
-0.0395772
-0.0393712
-0.0386984
-0.0375313
-0.0361581
-0.0350459
-0.0344555
-0.0344692
-0.0351695
-0.0366936
-0.0387671
-0.0406482
-0.041582
-0.0414721
-0.0407443
-0.0399067
-0.0392614
-0.0387808
-0.0383414
-0.037902
-0.0375862
-0.0375587
-0.0378745
-0.0383551
-0.0387259
-0.0386984
-0.038259
-0.0377784
-0.0377372
-0.0382178
-0.0388083
-0.0389318
-0.0384924
-0.0379157
-0.0375038
-0.0371468
-0.0366799
-0.0362817
-0.036419
-0.0372154
-0.038259
-0.0388632
-0.0387259
-0.0381492
-0.0376823
-0.0376411
-0.037902
-0.0380942
-0.0379569
-0.0375175
-0.036982
-0.0365014
-0.0361169
-0.035911
-0.036062
-0.0366387
-0.0373665
-0.0377784
-0.0374763
-0.0363504
-0.0347987
-0.0336041
-0.0333432
-0.0339886
-0.0350047
-0.0358423
-0.0363092
-0.0365014
-0.0365975
-0.0365838
-0.0363229
-0.0356913
-0.0348674
-0.034222
-0.0339474
-0.0339611
-0.0340985
-0.0341946
-0.0342083
-0.0341396
-0.0341122
-0.0343868
-0.0351146
-0.0359934
-0.0365975
-0.0365563
-0.0358423
-0.0346889
-0.0335904
-0.0329038
-0.0326155
-0.0324644
-0.0323958
-0.0326292
