LECROYHDO9204-MSöv,30454,Waveform
Segments,1,SegmentSize,2002
Ampl
-0.0111536
-0.0107005
-0.0108515
-0.0114008
-0.0121972
-0.0130211
-0.0135017
-0.013282
-0.012362
-0.0111399
-0.0102886
-0.0103023
-0.0112086
-0.012513
-0.0135291
-0.0138037
-0.0133781
-0.0125679
-0.0117578
-0.0111948
-0.0108378
-0.0105632
-0.0102886
-0.0102611
-0.0107692
-0.0117029
-0.0125542
-0.0128975
-0.0127053
-0.012307
-0.012005
-0.0119226
-0.0118127
-0.0114008
-0.0106044
-0.00986289
-0.00967066
-0.0101101
-0.0106593
-0.0108927
-0.0109477
-0.0113184
-0.0121972
-0.0133506
-0.0142843
-0.0146139
-0.0142843
-0.0136664
-0.0132408
-0.013227
-0.0132957
-0.0130348
-0.0123345
-0.0115793
-0.0112635
-0.0117303
-0.0127602
-0.0136252
-0.013639
-0.0127739
-0.0117166
-0.0111536
-0.0113596
-0.0121972
-0.0133506
-0.0143942
-0.0149572
-0.0149022
-0.0142981
-0.0133918
-0.0124032
-0.0116617
-0.0115518
-0.0122659
-0.0133506
-0.013996
-0.0136252
-0.0124306
-0.0112086
-0.0108103
-0.0114832
-0.0126915
-0.0135017
-0.0134467
-0.0128975
-0.0127602
-0.0135566
-0.0149709
-0.0160145
-0.0158497
-0.0144903
-0.0128151
-0.0117578
-0.011593
-0.0117441
-0.0115793
-0.01103
-0.0107554
-0.0114694
-0.0131446
-0.0148885
-0.01563
-0.0150121
-0.013639
-0.0124032
-0.0117029
-0.0114557
-0.0115381
-0.0120736
-0.0130897
-0.0142706
-0.0152043
-0.0155613
-0.0153142
-0.0147375
-0.0144354
-0.0148199
-0.0157536
-0.0166598
-0.0170992
-0.0170306
-0.0166049
-0.0158909
-0.0149434
-0.0139548
-0.0131721
-0.0127876
-0.0128014
-0.0129936
-0.0130485
-0.0126641
-0.0118951
-0.0111262
-0.0108103
-0.0110438
-0.0115244
-0.0118676
-0.0118265
-0.0115518
-0.0114283
-0.0117853
-0.0126091
-0.0135291
-0.0141058
-0.0140646
-0.0133781
-0.0123757
-0.0116479
-0.0117441
-0.0126915
-0.0138587
-0.0145315
-0.0143942
-0.0138587
-0.0136115
-0.0140509
-0.0149022
-0.0154652
-0.0153554
-0.0148748
-0.014559
-0.0146276
-0.0150121
-0.0157124
-0.0167148
-0.0175524
-0.0175661
-0.0165088
-0.0148336
-0.013433
-0.0129661
-0.013584
-0.014916
-0.0162891
-0.0172365
-0.0175386
-0.0171542
-0.0161655
-0.014916
-0.0140234
-0.0139411
-0.014559
-0.0152455
-0.0153416
-0.01471
-0.0138724
-0.013584
-0.0141608
-0.0151494
-0.0156987
-0.0153004
-0.0143393
-0.0136664
-0.0138037
-0.0145315
-0.0152181
-0.015424
-0.0149434
-0.013584
-0.0114145
-0.00892917
-0.00707546
-0.00673218
-0.0081053
-0.0104945
-0.0126366
-0.0135978
-0.0133506
-0.0126229
-0.0120736
-0.0118951
-0.0120736
-0.0126778
-0.0136115
-0.0144079
-0.0143942
-0.0133369
-0.0116754
-0.0102199
-0.00956081
-0.00984916
-0.0107692
-0.0118814
-0.0128014
-0.0131721
-0.0127464
-0.0116617
-0.0106181
-0.0104945
-0.0115381
-0.0130897
-0.0140784
-0.0139548
-0.0128975
-0.0116754
-0.0110438
-0.0113459
-0.0122384
-0.013076
-0.0133506
-0.0129936
-0.0121835
-0.0111811
-0.0103435
-0.0100551
-0.0106181
-0.0119638
-0.0134605
-0.0141882
-0.0136939
-0.0124718
-0.0118402
-0.0128151
-0.0150945
-0.0172915
-0.0180741
-0.0171542
-0.0151769
-0.0132133
-0.0121697
-0.0122521
-0.0129661
-0.0135566
-0.0136939
-0.0136252
-0.0137351
-0.014202
-0.0147787
-0.0151082
-0.014916
-0.0142706
-0.0135291
-0.0130348
-0.0129112
-0.0129936
-0.0131309
-0.013282
-0.013433
-0.0134605
-0.0133781
-0.0131858
-0.0128563
-0.0123482
-0.01195
-0.0121148
-0.0131035
-0.0146414
-0.0160282
-0.0165912
-0.0162754
-0.0155888
-0.0150945
-0.014861
-0.0144491
-0.0135291
-0.0124581
-0.0119912
-0.012513
-0.0135703
-0.0143667
-0.0144628
-0.0139685
-0.0132957
-0.01287
-0.0128426
-0.013076
-0.0132957
-0.0133918
-0.0133918
-0.0133506
-0.0132408
-0.0131035
-0.0129936
-0.0130348
-0.0133094
-0.0139823
-0.0148748
-0.0154927
-0.0153416
-0.0144628
-0.0134467
-0.0129387
-0.0131721
-0.0139685
-0.0150121
-0.015987
-0.0166598
-0.0168658
-0.0166186
-0.0160419
-0.0153828
-0.0148199
-0.0144217
-0.0140921
-0.0138175
-0.0137626
-0.0141058
-0.0148473
-0.0156575
-0.0162342
-0.016344
-0.0160282
-0.0155476
-0.015273
-0.0152867
-0.0152181
-0.0145178
-0.0131309
-0.0116617
-0.0106868
-0.0104259
-0.010728
-0.0113459
-0.0120324
-0.0125267
-0.0126229
-0.0123208
-0.0118402
-0.0113596
-0.0109751
-0.010673
-0.010522
-0.0105357
-0.0107142
-0.010879
-0.0108515
-0.0105906
-0.0104945
-0.0109202
-0.0118265
-0.0127053
-0.0130073
-0.0125817
-0.011799
-0.0112635
-0.0113459
-0.0119088
-0.0124581
-0.012719
-0.0129387
-0.0133781
-0.0138861
-0.0140234
-0.0134605
-0.0124032
-0.0114283
-0.0111124
-0.0117029
-0.0129661
-0.0144354
-0.0156437
-0.0163166
-0.0164676
-0.0162891
-0.0160557
-0.0158634
-0.0156712
-0.015424
-0.0152867
-0.0153828
-0.015479
-0.015067
-0.0139548
-0.0125542
-0.0115793
-0.0112497
-0.0112772
-0.0112497
-0.0111948
-0.0113596
-0.0118265
-0.0123345
-0.0125405
-0.0123757
-0.0120462
-0.0118951
-0.0121423
-0.0127739
-0.013584
-0.0144628
-0.0152867
-0.0158222
-0.0157261
-0.0150396
-0.0141333
-0.0133781
-0.0128975
-0.0128838
-0.0136115
-0.0150945
-0.0167422
-0.0176759
-0.0174562
-0.0162479
-0.0146551
-0.0133781
-0.0129112
-0.0133918
-0.0145452
-0.0157948
-0.0165088
-0.0162891
-0.0153828
-0.0146688
-0.0149709
-0.0163715
-0.0181016
-0.0193511
-0.0197494
-0.0195983
-0.0195846
-0.0203398
-0.0220974
-0.0246651
-0.0277409
-0.0312424
-0.0353068
-0.040099
-0.0454541
-0.0509192
-0.0561233
-0.0611352
-0.0662706
-0.0715846
-0.0768025
-0.0818006
-0.0869224
-0.0927993
-0.0998297
-0.107876
-0.116403
-0.124971
-0.133444
-0.14171
-0.149537
-0.156855
-0.164037
-0.171589
-0.179608
-0.187558
-0.194726
-0.20074
-0.205834
-0.210627
-0.215501
-0.220444
-0.225168
-0.229617
-0.234011
-0.238364
-0.24225
-0.244996
-0.2463
-0.246506
-0.246493
-0.246918
-0.247852
-0.248731
-0.248896
-0.248195
-0.247028
-0.245985
-0.245449
-0.245353
-0.245133
-0.244186
-0.242305
-0.239998
-0.238075
-0.236963
-0.236263
-0.235013
-0.232377
-0.228395
-0.223836
-0.219676
-0.216572
-0.214911
-0.214677
-0.215268
-0.215474
-0.214197
-0.211148
-0.207111
-0.203267
-0.200644
-0.199518
-0.199491
-0.199861
-0.200205
-0.200356
-0.200054
-0.198996
-0.197335
-0.195893
-0.195509
-0.196195
-0.197225
-0.197925
-0.198159
-0.198282
-0.198502
-0.198914
-0.199601
-0.200699
-0.202045
-0.203198
-0.203816
-0.203967
-0.204173
-0.204873
-0.206233
-0.208183
-0.210503
-0.212659
-0.21384
-0.213702
-0.212879
-0.212673
-0.213716
-0.215378
-0.216655
-0.217369
-0.218289
-0.21984
-0.221584
-0.222696
-0.222971
-0.22282
-0.222628
-0.222381
-0.22201
-0.221845
-0.222271
-0.223136
-0.223864
-0.22407
-0.223767
-0.223136
-0.222175
-0.220925
-0.219785
-0.219373
-0.219936
-0.221035
-0.221735
-0.221406
-0.220197
-0.218769
-0.217685
-0.217094
-0.216943
-0.217122
-0.217424
-0.217643
-0.217739
-0.217781
-0.217767
-0.217451
-0.216572
-0.21535
-0.21443
-0.214279
-0.214746
-0.215144
-0.214925
-0.214032
-0.212755
-0.211354
-0.209885
-0.20854
-0.207798
-0.208045
-0.209075
-0.210119
-0.210421
-0.209762
-0.208746
-0.208237
-0.208746
-0.209968
-0.211148
-0.211615
-0.211396
-0.210901
-0.210421
-0.20994
-0.209363
-0.208732
-0.208196
-0.207867
-0.207771
-0.20788
-0.208045
-0.208141
-0.208141
-0.20821
-0.20843
-0.208759
-0.208938
-0.208897
-0.208746
-0.208759
-0.209048
-0.209432
-0.209528
-0.20913
-0.208512
-0.208347
-0.209006
-0.21005
-0.210531
-0.209885
-0.208553
-0.207578
-0.207551
-0.208224
-0.208842
-0.20891
-0.208498
-0.208045
-0.207977
-0.208416
-0.209103
-0.209501
-0.209199
-0.208237
-0.207098
-0.206109
-0.205148
-0.203981
-0.202786
-0.202127
-0.202374
-0.203445
-0.204873
-0.20615
-0.207002
-0.207166
-0.206343
-0.204489
-0.202141
-0.200411
-0.200164
-0.201399
-0.203061
-0.20383
-0.203075
-0.201248
-0.199422
-0.198516
-0.198777
-0.199765
-0.200754
-0.201138
-0.200754
-0.199793
-0.198667
-0.197912
-0.197898
-0.198653
-0.199738
-0.200397
-0.200122
-0.199065
-0.197912
-0.197294
-0.197156
-0.196882
-0.195907
-0.194355
-0.192845
-0.192007
-0.192186
-0.193312
-0.194891
-0.196278
-0.196937
-0.196648
-0.195618
-0.194149
-0.192598
-0.191472
-0.191252
-0.192062
-0.193435
-0.194465
-0.194396
-0.193174
-0.191513
-0.190373
-0.190208
-0.190565
-0.190703
-0.19014
-0.189028
-0.187956
-0.18749
-0.187805
-0.188492
-0.188876
-0.188547
-0.187805
-0.187215
-0.186954
-0.186803
-0.186446
-0.185965
-0.185732
-0.186048
-0.186776
-0.187421
-0.18749
-0.186968
-0.186322
-0.185952
-0.185869
-0.185897
-0.185814
-0.185526
-0.184908
-0.183892
-0.182711
-0.181791
-0.181571
-0.182203
-0.183535
-0.185087
-0.186103
-0.185801
-0.184057
-0.181723
-0.180226
-0.180542
-0.182519
-0.184991
-0.186721
-0.187256
-0.186885
-0.186185
-0.185636
-0.185608
-0.18646
-0.18841
-0.191101
-0.193586
-0.194932
-0.194904
-0.194149
-0.193682
-0.194177
-0.195577
-0.197349
-0.198832
-0.199532
-0.199422
-0.198873
-0.198324
-0.198063
-0.198269
-0.198832
-0.199504
-0.199971
-0.200177
-0.200466
-0.201317
-0.202731
-0.204118
-0.204599
-0.203802
-0.202168
-0.200562
-0.199697
-0.199628
-0.199889
-0.199985
-0.199628
-0.198859
-0.197925
-0.197019
-0.196168
-0.195371
-0.194781
-0.194726
-0.195289
-0.196017
-0.196154
-0.195303
-0.193765
-0.192213
-0.191225
-0.19095
-0.191115
-0.191307
-0.191142
-0.190497
-0.189357
-0.187805
-0.186254
-0.185416
-0.185828
-0.187284
-0.188876
-0.189481
-0.188602
-0.186679
-0.184771
-0.183906
-0.184496
-0.186144
-0.187929
-0.188945
-0.188767
-0.187751
-0.186721
-0.186268
-0.186309
-0.186364
-0.186158
-0.185979
-0.186158
-0.186474
-0.18635
-0.185554
-0.184565
-0.184167
-0.184647
-0.185636
-0.186487
-0.186858
-0.186734
-0.186226
-0.185485
-0.184716
-0.184222
-0.184125
-0.184222
-0.184222
-0.184071
-0.184029
-0.184345
-0.184991
-0.185622
-0.185732
-0.185087
-0.183961
-0.182835
-0.182093
-0.18175
-0.18164
-0.181654
-0.181805
-0.182148
-0.182478
-0.182382
-0.18164
-0.180542
-0.179855
-0.180143
-0.181393
-0.182862
-0.183741
-0.183659
-0.182807
-0.181544
-0.180171
-0.179017
-0.178482
-0.17866
-0.179017
-0.17877
-0.177631
-0.17612
-0.175022
-0.17472
-0.175022
-0.175338
-0.175228
-0.174665
-0.173937
-0.173278
-0.172825
-0.172674
-0.172866
-0.173154
-0.173168
-0.17266
-0.171905
-0.171548
-0.172028
-0.173127
-0.174239
-0.174788
-0.174418
-0.173099
-0.171191
-0.169255
-0.167813
-0.167044
-0.166852
-0.166893
-0.167016
-0.167181
-0.167428
-0.167703
-0.167881
-0.167936
-0.167868
-0.167593
-0.167058
-0.166481
-0.166385
-0.16714
-0.168582
-0.170065
-0.170916
-0.170765
-0.169625
-0.16784
-0.165959
-0.164627
-0.164353
-0.165273
-0.166961
-0.168417
-0.168582
-0.167195
-0.165094
-0.163501
-0.163021
-0.163309
-0.163556
-0.163117
-0.161963
-0.160673
-0.160082
-0.160618
-0.162087
-0.163831
-0.165341
-0.166302
-0.166344
-0.165122
-0.16287
-0.160494
-0.159025
-0.158942
-0.15989
-0.161002
-0.161469
-0.160892
-0.159684
-0.158585
-0.158242
-0.158791
-0.159821
-0.16059
-0.160412
-0.159231
-0.157611
-0.156375
-0.155977
-0.156347
-0.157075
-0.157569
-0.157295
-0.156114
-0.154466
-0.153038
-0.15231
-0.15231
-0.152777
-0.153354
-0.153711
-0.153711
-0.153409
-0.152887
-0.152008
-0.150786
-0.149592
-0.149001
-0.149289
-0.150223
-0.151335
-0.152173
-0.152365
-0.151692
-0.150292
-0.14874
-0.147697
-0.147395
-0.147573
-0.14793
-0.148479
-0.149399
-0.150498
-0.15128
-0.151157
-0.149976
-0.14804
-0.14598
-0.144456
-0.143934
-0.144538
-0.145829
-0.147024
-0.1476
-0.147546
-0.147092
-0.14642
-0.145664
-0.145101
-0.14495
-0.145143
-0.145335
-0.1455
-0.145857
-0.146529
-0.147161
-0.14723
-0.146529
-0.145376
-0.144374
-0.143948
-0.144058
-0.144236
-0.144017
-0.143193
-0.14193
-0.140749
-0.140186
-0.14046
-0.141174
-0.141696
-0.141778
-0.141682
-0.141724
-0.141696
-0.141147
-0.139911
-0.138332
-0.137027
-0.136616
-0.137288
-0.138607
-0.139527
-0.139403
-0.138593
-0.13814
-0.138661
-0.139801
-0.140776
-0.141229
-0.141284
-0.141243
-0.141325
-0.141421
-0.141257
-0.140556
-0.139252
-0.137645
-0.136149
-0.135009
-0.134226
-0.133718
-0.133553
-0.133732
-0.133952
-0.133787
-0.133059
-0.132084
-0.131343
-0.131041
-0.130986
-0.130876
-0.130739
-0.130876
-0.131535
-0.132428
-0.133004
-0.132881
-0.132139
-0.13126
-0.130725
-0.130821
-0.131453
-0.132208
-0.132524
-0.132167
-0.13137
-0.130546
-0.129915
-0.129517
-0.129297
-0.129338
-0.129626
-0.130025
-0.130272
-0.130148
-0.12953
-0.128514
-0.127498
-0.126976
-0.12732
-0.128445
-0.129736
-0.130409
-0.130079
-0.128926
-0.12758
-0.126702
-0.126468
-0.126633
-0.126702
-0.126482
-0.126139
-0.126056
-0.126386
-0.126894
-0.127292
-0.127553
-0.127814
-0.128198
-0.128597
-0.128761
-0.128404
-0.127416
-0.126001
-0.124587
-0.123626
-0.123351
-0.123694
-0.124299
-0.124807
-0.124971
-0.124738
-0.124134
-0.123379
-0.122843
-0.12298
-0.123818
-0.124875
-0.125438
-0.125191
-0.124367
-0.123296
-0.122198
-0.121305
-0.12088
-0.120989
-0.121292
-0.121415
-0.121333
-0.121388
-0.121758
-0.122308
-0.122678
-0.122678
-0.122308
-0.121772
-0.121346
-0.121264
-0.121511
-0.121703
-0.121195
-0.119589
-0.1172
-0.115058
-0.11422
-0.115085
-0.117117
-0.119191
-0.12033
-0.12022
-0.119163
-0.117653
-0.116087
-0.114769
-0.113987
-0.113877
-0.114357
-0.114975
-0.115126
-0.114481
-0.113273
-0.112174
-0.111803
-0.112298
-0.113163
-0.113753
-0.113684
-0.112998
-0.111872
-0.110554
-0.109442
-0.109194
-0.110114
-0.111762
-0.113053
-0.113231
-0.11249
-0.111817
-0.111886
-0.112517
-0.113039
-0.113039
-0.112655
-0.112174
-0.111666
-0.11113
-0.110828
-0.111089
-0.111996
-0.113231
-0.114193
-0.114481
-0.114179
-0.11363
-0.11297
-0.112064
-0.110691
-0.10903
-0.107711
-0.107272
-0.10767
-0.108261
-0.108522
-0.10837
-0.108137
-0.108247
-0.108961
-0.11021
-0.111391
-0.111927
-0.111721
-0.111172
-0.110499
-0.109414
-0.10756
-0.105199
-0.103235
-0.102603
-0.103633
-0.105926
-0.108343
-0.109661
-0.10929
-0.10767
-0.105803
-0.104388
-0.103578
-0.103276
-0.103331
-0.103565
-0.103578
-0.103125
-0.102329
-0.101615
-0.101313
-0.101464
-0.101821
-0.101958
-0.101601
-0.100763
-0.0998709
-0.0994452
-0.0997336
-0.100434
-0.100805
-0.100187
-0.0985527
-0.096644
-0.0954769
-0.0955181
-0.0964793
-0.0977975
-0.099047
-0.0999945
-0.100475
-0.100365
-0.0995962
-0.0981819
-0.0964243
-0.0949551
-0.0944608
-0.0951336
-0.0965479
-0.0980995
-0.0994864
-0.10064
-0.10134
-0.10134
-0.100571
-0.0993216
-0.0981407
-0.0975091
-0.0975366
-0.0979348
-0.0983467
-0.0985664
-0.0985252
-0.0981682
-0.0975228
-0.0969736
-0.0970422
-0.0978936
-0.0990333
-0.0996649
-0.0992804
-0.0982369
-0.0974816
-0.0979897
-0.0998297
-0.101958
-0.102864
-0.10178
-0.0991843
-0.0964655
-0.0948864
-0.09501
-0.0963145
-0.0977151
-0.098333
-0.0980172
-0.0970697
-0.0958339
-0.0944882
-0.0933348
-0.092662
-0.0926071
-0.0929915
-0.0935683
-0.0942136
-0.0950512
-0.0961634
-0.0973581
-0.098127
-0.0980584
-0.0971796
-0.0959026
-0.0946256
-0.0934859
-0.0925247
-0.0919342
-0.091948
-0.092456
-0.0929915
-0.0930739
-0.0925659
-0.0916184
-0.0904513
-0.0894352
-0.0890644
-0.0895313
-0.0905199
-0.0913301
-0.0913987
-0.0907259
-0.0898608
-0.0893528
-0.0894626
-0.0899844
-0.0906572
-0.0913987
-0.0922775
-0.093019
-0.0930327
-0.0919068
-0.089902
-0.0878973
-0.0867713
-0.0869086
-0.0879934
-0.0893116
-0.0903414
-0.0911241
-0.0919342
-0.0927718
-0.0932524
-0.0928954
-0.0917008
-0.0900531
-0.0885014
-0.0873068
-0.0863456
-0.085357
-0.0844507
-0.0841487
-0.0848352
-0.0863868
-0.0880483
-0.0889958
-0.0887898
-0.0876776
-0.0863594
-0.0855492
-0.0854943
-0.0858376
-0.0860298
-0.0858925
-0.0855767
-0.085151
-0.0844507
-0.0833522
-0.0821714
-0.0816496
-0.0823911
-0.0843272
-0.0865653
-0.0878012
-0.0873068
-0.085563
-0.0839152
-0.0833522
-0.0836269
-0.0837642
-0.0831875
-0.0823224
-0.0821302
-0.0831463
-0.0849588
-0.0865241
-0.0869635
-0.0861809
-0.0847528
-0.083311
-0.0823911
-0.0823087
-0.0827893
-0.083009
-0.0822537
-0.0807845
-0.0796174
-0.0796036
-0.080606
-0.0818006
-0.0822675
-0.0817045
-0.0804824
-0.0794526
-0.0793153
-0.0801803
-0.0814024
-0.0821302
-0.0819105
-0.0809081
-0.0796997
-0.0787798
-0.0783404
-0.0781481
-0.0777636
-0.0768849
-0.0757452
-0.0748938
-0.0748664
-0.0757452
-0.0769947
-0.0777225
-0.0772831
-0.075855
-0.0745094
-0.0743995
-0.0758413
-0.0780245
-0.07948
-0.0791917
-0.0771457
-0.0743171
-0.0720377
-0.0712001
-0.0718318
-0.0732735
-0.0747016
-0.0754156
-0.075141
-0.0740562
-0.0728204
-0.0721613
-0.0724771
-0.0736992
-0.0752508
-0.0763493
-0.0762944
-0.0750861
-0.0735756
-0.0728204
-0.0733559
-0.074784
-0.0762258
-0.0769398
-0.0768299
-0.0762807
-0.0756628
-0.0751685
-0.0747702
-0.0744682
-0.0742897
-0.0743034
-0.0744956
-0.0747977
-0.0749076
-0.0743995
-0.0732324
-0.0719554
-0.0715022
-0.0723398
-0.0740288
-0.0755392
-0.0760198
-0.0753058
-0.0739601
-0.072738
-0.0720377
-0.0716945
-0.0714473
-0.0713512
-0.0717082
-0.0724909
-0.0731774
-0.0733147
-0.0728616
-0.0720515
-0.0710491
-0.0698819
-0.0688384
-0.0683715
-0.068756
-0.0697309
-0.0707058
-0.0711727
-0.0710491
-0.0707058
-0.0706784
-0.0711589
-0.0719279
-0.0724359
-0.0722025
-0.070953
-0.0690031
-0.0672044
-0.0664217
-0.0668611
-0.0679458
-0.0688933
-0.0692915
-0.0691405
-0.0686324
-0.0680694
-0.0676438
-0.0673279
-0.0671769
-0.0673966
-0.0681243
-0.069113
-0.0697584
-0.0696897
-0.0691954
-0.0688796
-0.0689894
-0.0691954
-0.0690306
-0.0684264
-0.0676987
-0.0672867
-0.0675614
-0.0685912
-0.0700193
-0.0712963
-0.0719828
-0.0718318
-0.0707882
-0.0690718
-0.067273
-0.0662157
-0.0663393
-0.0673691
-0.0684402
-0.0688246
-0.0684951
-0.067987
-0.0678909
-0.0682479
-0.0685912
-0.0685637
-0.0682342
-0.067836
-0.0674241
-0.0670396
-0.0666963
-0.0663805
-0.0658587
-0.0651584
-0.0646229
-0.0645817
-0.0649113
-0.0651721
-0.0650211
-0.064513
-0.0640462
-0.0640187
-0.0644307
-0.0648701
-0.064925
-0.064568
-0.0640736
-0.063648
-0.0633184
-0.0632498
-0.0635244
-0.0639363
-0.0640325
-0.0635381
-0.0626731
-0.0619865
-0.0619179
-0.0624946
-0.0633459
-0.0638951
-0.0636205
-0.062522
-0.0612176
-0.0605722
-0.0610116
-0.062165
-0.063291
-0.0638951
-0.0640187
-0.064156
-0.0644444
-0.0644032
-0.063442
-0.0617256
-0.0602976
-0.0601877
-0.0613823
-0.0628378
-0.0635793
-0.0634695
-0.0630163
-0.062728
-0.0626181
-0.0622062
-0.0610665
-0.0595286
-0.0585674
-0.0589107
-0.0603113
-0.0618355
-0.0626181
-0.0624534
-0.0616158
-0.0607232
-0.060174
-0.0598032
-0.0590892
-0.0579495
-0.0571531
-0.0576474
-0.0594188
-0.0613823
-0.0623435
-0.0620002
-0.0609017
-0.0598582
-0.0592815
-0.0591441
-0.0591853
-0.0591716
-0.058897
-0.0582791
-0.0573728
-0.0565352
-0.0563567
-0.057263
-0.0589656
-0.0604349
-0.0605722
-0.0589656
-0.0562194
-0.0536379
-0.0523884
-0.052869
-0.0544755
-0.0563018
-0.0575925
-0.0580045
-0.0576337
-0.056906
-0.0562057
-0.055629
-0.0549973
-0.0542833
-0.0536105
-0.0531848
-0.0530475
-0.0531573
-0.0534457
-0.0538576
-0.0543657
-0.0549973
-0.0556839
-0.0561919
-0.0562606
-0.0560134
-0.0556839
-0.0552994
-0.0546952
-0.0538439
-0.0529926
-0.0523472
-0.0518392
-0.051235
-0.0504798
-0.049752
-0.0493263
-0.0495735
-0.0507132
-0.0524708
-0.053995
-0.0544343
-0.0536105
-0.0521824
-0.0512213
-0.0514684
-0.052869
-0.0546266
-0.0558212
-0.056137
-0.0558349
-0.0552308
-0.0543382
-0.0531299
-0.0518941
-0.0513174
-0.0518392
-0.053377
-0.0552857
-0.0566725
-0.0568922
-0.0559173
-0.0543794
-0.0531848
-0.0527866
-0.0531162
-0.0538714
-0.0548326
-0.0558624
-0.0567961
-0.0573042
-0.0570021
-0.0558624
-0.0544893
-0.0538027
-0.0541735
-0.0551346
-0.0558349
-0.0557663
-0.0550111
-0.0539812
-0.0531162
-0.0527042
-0.0528003
-0.0531985
-0.0535967
-0.0538714
-0.0539126
-0.053583
-0.0528827
-0.0520589
-0.0515371
-0.0515233
-0.051949
-0.0524296
-0.0524571
-0.0518117
-0.050878
-0.0503287
-0.0506033
-0.0514409
-0.052306
-0.0528415
-0.0529651
-0.0528827
-0.052869
-0.0528827
-0.052512
-0.0514409
-0.0500129
-0.0491478
-0.0494225
-0.050466
-0.051386
-0.0516057
-0.0512624
-0.0508505
-0.0505896
-0.0503425
-0.0498207
-0.0491478
-0.0487084
-0.0488046
-0.0494087
-0.0502601
-0.051235
-0.0523335
-0.0533084
-0.0535967
-0.0529239
-0.0517156
-0.0507544
-0.050521
-0.050878
-0.0514135
-0.0517293
-0.0517018
-0.0514959
-0.0515371
-0.0521962
-0.0534182
-0.0546952
-0.0553406
-0.0548875
-0.053432
-0.0517842
-0.0509329
-0.0512075
-0.0519627
-0.0522374
-0.0516057
-0.0503425
-0.049189
-0.048832
-0.0495049
-0.0507544
-0.0517293
-0.0519078
-0.0513448
-0.0505072
-0.0498481
-0.0496834
-0.0500404
-0.0506171
-0.0509604
-0.050878
-0.0506857
-0.0507407
-0.0510839
-0.0515371
-0.0520314
-0.0524983
-0.0526356
-0.0522099
-0.051386
-0.0507819
-0.0508368
-0.0514135
-0.0520451
-0.0521687
-0.0514684
-0.0500953
-0.0486123
-0.0475962
-0.047198
-0.0471843
-0.0473216
-0.0475001
-0.0476099
-0.0475276
-0.0472667
-0.0467861
-0.0460171
-0.0450971
-0.0445342
-0.0447676
-0.0456738
-0.0465801
-0.0470195
-0.0470744
-0.0472255
-0.0477747
-0.0486672
-0.0495872
-0.0501914
-0.050315
-0.0499717
-0.0492989
-0.0484887
-0.0478159
-0.0474726
-0.0474314
-0.047404
-0.0472117
-0.0468822
-0.0465801
-0.0464291
-0.0464153
-0.0464703
-0.0466488
-0.0472941
-0.0486535
-0.0503699
-0.0514547
-0.0510427
-0.0492714
-0.0471705
-0.0458249
-0.0456189
-0.0462918
-0.0474314
-0.0486947
-0.0496559
-0.0499305
-0.0492714
-0.0477335
-0.0458798
-0.044438
-0.0438751
-0.0440536
-0.0445204
-0.0450834
-0.0457562
-0.0463879
-0.0465526
-0.0458249
-0.044136
-0.0419115
-0.0399067
-0.0388906
-0.0393575
-0.0411426
-0.043367
-0.0450422
-0.0455777
-0.045001
-0.0439025
-0.0432022
-0.0436142
-0.0450697
-0.0466213
-0.0472529
-0.04669
-0.0455777
-0.0448225
-0.0450559
-0.0460858
-0.0471294
-0.0474177
-0.0469783
-0.0464153
-0.0461544
-0.045921
-0.0452894
-0.0444655
-0.0439712
-0.0438888
-0.0438064
-0.0435318
-0.0433945
-0.0437652
-0.0446165
-0.0455228
-0.0460858
