LECROYHDO9204-MSöv,30454,Waveform
Segments,1,SegmentSize,2002
Ampl
-0.0127876
-0.0114145
-0.0107554
-0.0107966
-0.0111948
-0.011593
-0.011799
-0.0117166
-0.0113321
-0.0107829
-0.0102611
-0.0100963
-0.0104808
-0.011442
-0.0126915
-0.0138449
-0.0146825
-0.0150258
-0.0146825
-0.0136664
-0.012307
-0.0112635
-0.0110026
-0.0116617
-0.0129799
-0.0143805
-0.0151906
-0.0149572
-0.0140097
-0.0131446
-0.0129799
-0.0134605
-0.0141058
-0.0144217
-0.0143118
-0.0139823
-0.0137351
-0.0137351
-0.0138449
-0.0138449
-0.0136115
-0.0132682
-0.0128563
-0.0123482
-0.0120462
-0.0123482
-0.0132682
-0.0142294
-0.0146688
-0.0146139
-0.0145452
-0.01471
-0.0150121
-0.0152867
-0.0155339
-0.0159184
-0.0164813
-0.0169482
-0.0167285
-0.0154378
-0.0135154
-0.0118814
-0.0111811
-0.0113871
-0.0121835
-0.0133643
-0.0146551
-0.0156849
-0.0160282
-0.0155476
-0.014504
-0.0133506
-0.012513
-0.0122796
-0.0127464
-0.0137076
-0.0146688
-0.0150533
-0.0147375
-0.0140784
-0.0136664
-0.0136664
-0.0137351
-0.0136115
-0.0135154
-0.0137626
-0.0141745
-0.0141608
-0.0135291
-0.0127053
-0.0122659
-0.0123757
-0.0128563
-0.0134055
-0.0138037
-0.0140372
-0.0142569
-0.014559
-0.0146825
-0.0143255
-0.0136252
-0.0130485
-0.0129112
-0.0130623
-0.0132545
-0.0135017
-0.0138587
-0.0142431
-0.0146002
-0.0149022
-0.0150533
-0.0148199
-0.0142843
-0.0138999
-0.0141333
-0.0149297
-0.0157261
-0.0158634
-0.0151082
-0.0138999
-0.0131035
-0.0132133
-0.0137488
-0.0136939
-0.0128014
-0.0118539
-0.0117853
-0.0126915
-0.0138312
-0.0143393
-0.0138724
-0.0126915
-0.0116068
-0.0115106
-0.0128014
-0.0148748
-0.0166186
-0.0172091
-0.0166736
-0.0155888
-0.0145315
-0.01379
-0.013433
-0.0133918
-0.013584
-0.0138037
-0.0137626
-0.0133918
-0.0130485
-0.0132957
-0.0144079
-0.0160007
-0.0171816
-0.0172365
-0.0161792
-0.0148748
-0.0142706
-0.0145315
-0.0150258
-0.0149572
-0.0141608
-0.0130623
-0.0122796
-0.0121423
-0.0128426
-0.0142294
-0.015836
-0.0168795
-0.0170306
-0.0165637
-0.0160557
-0.0158085
-0.0157948
-0.015781
-0.0155751
-0.0151219
-0.0144491
-0.0136664
-0.0128838
-0.0121697
-0.0117166
-0.0117303
-0.0122659
-0.0129661
-0.0134055
-0.0134467
-0.0133506
-0.0134467
-0.0139136
-0.0145727
-0.0152043
-0.0157124
-0.0160831
-0.0162342
-0.0160969
-0.0157124
-0.0152318
-0.0147237
-0.0140646
-0.013227
-0.012513
-0.0123894
-0.0129661
-0.0139273
-0.0148748
-0.0155888
-0.015836
-0.0153554
-0.0142981
-0.0132408
-0.0127327
-0.0128975
-0.0135017
-0.0141608
-0.014559
-0.0145315
-0.0142157
-0.01379
-0.0134055
-0.013076
-0.012925
-0.013076
-0.0134055
-0.0135429
-0.0132957
-0.012925
-0.0128426
-0.0132682
-0.0140646
-0.0147375
-0.0148336
-0.0142431
-0.0134742
-0.0131584
-0.013584
-0.0144079
-0.0149846
-0.0147924
-0.0137488
-0.0122933
-0.0111811
-0.0110438
-0.01195
-0.0133369
-0.0145452
-0.0152455
-0.0154515
-0.0152593
-0.0146963
-0.0138449
-0.0130623
-0.0128014
-0.013227
-0.0140234
-0.0145727
-0.0144217
-0.0135978
-0.0125954
-0.0119088
-0.011799
-0.0122384
-0.0129661
-0.0136527
-0.0139823
-0.0140509
-0.0142157
-0.0147649
-0.0155613
-0.0160694
-0.0159046
-0.0152043
-0.014559
-0.014559
-0.0152043
-0.0159733
-0.0164127
-0.0164539
-0.0163303
-0.0160282
-0.0154515
-0.0147512
-0.0143255
-0.0144491
-0.0151082
-0.0160969
-0.0170855
-0.0177858
-0.0178819
-0.0173876
-0.0165363
-0.0156025
-0.01471
-0.013996
-0.0136939
-0.0139685
-0.0146276
-0.0152455
-0.0153691
-0.0148885
-0.0140234
-0.0132545
-0.0130348
-0.0135703
-0.0146688
-0.0158634
-0.0166736
-0.0169757
-0.017058
-0.0174288
-0.0181703
-0.0187744
-0.0186097
-0.0177034
-0.0166324
-0.0159321
-0.0156163
-0.0153691
-0.0149984
-0.0145178
-0.0140234
-0.0136939
-0.0138175
-0.0146139
-0.015836
-0.016907
-0.0173327
-0.0170718
-0.0164813
-0.0160557
-0.016193
-0.0169345
-0.0178682
-0.0184174
-0.0181977
-0.0173601
-0.01655
-0.0165637
-0.0175936
-0.0190903
-0.0202299
-0.0206144
-0.0204085
-0.0199416
-0.0194885
-0.0191315
-0.0187744
-0.0182527
-0.0175661
-0.017113
-0.0171816
-0.0177171
-0.0183625
-0.0188431
-0.0191177
-0.0192688
-0.0194747
-0.0198729
-0.0203947
-0.0208341
-0.0211087
-0.0213971
-0.0217953
-0.0220562
-0.0216855
-0.0205732
-0.019255
-0.0185135
-0.0188431
-0.0200926
-0.0217266
-0.023086
-0.0235941
-0.0230311
-0.0215893
-0.0198317
-0.0184861
-0.0180741
-0.0185685
-0.0194473
-0.020024
-0.0200377
-0.0197082
-0.0193649
-0.0191864
-0.0192276
-0.0195434
-0.0200102
-0.020532
-0.0210675
-0.0214932
-0.0216031
-0.0211499
-0.0202849
-0.0193649
-0.0186921
-0.0181703
-0.0177034
-0.0173052
-0.0170031
-0.0168795
-0.017058
-0.0177446
-0.0189255
-0.0203261
-0.021658
-0.0226741
-0.0231547
-0.0227428
-0.0213696
-0.0193923
-0.0175936
-0.0168795
-0.0177721
-0.0198043
-0.021658
-0.022015
-0.0206282
-0.0184449
-0.0168933
-0.0169482
-0.0186509
-0.0211499
-0.023292
-0.0241983
-0.0237314
-0.0223857
-0.0207517
-0.0193374
-0.0184586
-0.0182115
-0.0184724
-0.0189941
-0.0195983
-0.0201888
-0.0206144
-0.0207105
-0.0204634
-0.0199828
-0.0193923
-0.0188568
-0.0185273
-0.0185135
-0.0186509
-0.0186097
-0.0182115
-0.0176759
-0.0175798
-0.0183625
-0.0200652
-0.0223857
-0.0250221
-0.0278096
-0.030597
-0.033151
-0.0353068
-0.0373527
-0.0401127
-0.0443282
-0.0501228
-0.0569746
-0.0641698
-0.07131
-0.0782442
-0.0849725
-0.0919068
-0.0997198
-0.108892
-0.119067
-0.129214
-0.138428
-0.146735
-0.15507
-0.164682
-0.176079
-0.188602
-0.200932
-0.212041
-0.221749
-0.230523
-0.239064
-0.247701
-0.256365
-0.264796
-0.272925
-0.280752
-0.288263
-0.295307
-0.301774
-0.307624
-0.312773
-0.317167
-0.320751
-0.323731
-0.326408
-0.329031
-0.331544
-0.333466
-0.334262
-0.333878
-0.333027
-0.332615
-0.332862
-0.333054
-0.332216
-0.329978
-0.326779
-0.32347
-0.320655
-0.318224
-0.315492
-0.311757
-0.306896
-0.30161
-0.296982
-0.293769
-0.292066
-0.291339
-0.290886
-0.290048
-0.288249
-0.285187
-0.281027
-0.276468
-0.272445
-0.269712
-0.268284
-0.267488
-0.266499
-0.265071
-0.263739
-0.263258
-0.263863
-0.265112
-0.266238
-0.266746
-0.266568
-0.265867
-0.264728
-0.263203
-0.261597
-0.26043
-0.26021
-0.261048
-0.262572
-0.264233
-0.265771
-0.267378
-0.269245
-0.271071
-0.272239
-0.272596
-0.272692
-0.273337
-0.274902
-0.277086
-0.279283
-0.281178
-0.282674
-0.283732
-0.284143
-0.28391
-0.283443
-0.283457
-0.284336
-0.285942
-0.287714
-0.289142
-0.290034
-0.290501
-0.290693
-0.290666
-0.290515
-0.290542
-0.290858
-0.29127
-0.291407
-0.29116
-0.290721
-0.290254
-0.289718
-0.289087
-0.288592
-0.288469
-0.288689
-0.288963
-0.289046
-0.289046
-0.289183
-0.289348
-0.289142
-0.288194
-0.286697
-0.28542
-0.285118
-0.285901
-0.286972
-0.287192
-0.28586
-0.283347
-0.280903
-0.279846
-0.280642
-0.282606
-0.284432
-0.28516
-0.284583
-0.283251
-0.281946
-0.281095
-0.280642
-0.280395
-0.280409
-0.280917
-0.281795
-0.282427
-0.282166
-0.280889
-0.279118
-0.27758
-0.27666
-0.276427
-0.276715
-0.277264
-0.277786
-0.278019
-0.277923
-0.277676
-0.277553
-0.277745
-0.278212
-0.278637
-0.278596
-0.277937
-0.27699
-0.276358
-0.276413
-0.277031
-0.277731
-0.278047
-0.277772
-0.277058
-0.276317
-0.276001
-0.276385
-0.277498
-0.278981
-0.280258
-0.280711
-0.280052
-0.27839
-0.276056
-0.273516
-0.271401
-0.270302
-0.270385
-0.271209
-0.272074
-0.272486
-0.272307
-0.271827
-0.27147
-0.271525
-0.272005
-0.272692
-0.273213
-0.27331
-0.272939
-0.272197
-0.271236
-0.270096
-0.268861
-0.267803
-0.267295
-0.267639
-0.268655
-0.269739
-0.270124
-0.269424
-0.267968
-0.266526
-0.265634
-0.265304
-0.265277
-0.265524
-0.266252
-0.267295
-0.268023
-0.267762
-0.266595
-0.265359
-0.264824
-0.26503
-0.265538
-0.265963
-0.266293
-0.266485
-0.266307
-0.265469
-0.264055
-0.262462
-0.261157
-0.260292
-0.259812
-0.259675
-0.259826
-0.2601
-0.26021
-0.260073
-0.259757
-0.259345
-0.258864
-0.258288
-0.257889
-0.257793
-0.257876
-0.257876
-0.257848
-0.258082
-0.258576
-0.258837
-0.258246
-0.256667
-0.254608
-0.252795
-0.251779
-0.251793
-0.252699
-0.254058
-0.255253
-0.255912
-0.255981
-0.255761
-0.2555
-0.255102
-0.254278
-0.25307
-0.252012
-0.251614
-0.251765
-0.251779
-0.251161
-0.24987
-0.248387
-0.24722
-0.246657
-0.246644
-0.246822
-0.246863
-0.246753
-0.246712
-0.247028
-0.247605
-0.248003
-0.24777
-0.247001
-0.246273
-0.246232
-0.246932
-0.247893
-0.248497
-0.248539
-0.248154
-0.247605
-0.247083
-0.246657
-0.246355
-0.246053
-0.245586
-0.245092
-0.244776
-0.24479
-0.245023
-0.245188
-0.245065
-0.244721
-0.244337
-0.244021
-0.243774
-0.243582
-0.243513
-0.243609
-0.243842
-0.244117
-0.244337
-0.24446
-0.244447
-0.244213
-0.243568
-0.242524
-0.241302
-0.240314
-0.23986
-0.239943
-0.240327
-0.240808
-0.241206
-0.241234
-0.240478
-0.238858
-0.23684
-0.235288
-0.234794
-0.235274
-0.236139
-0.236771
-0.23673
-0.236043
-0.235109
-0.23445
-0.234134
-0.233791
-0.233036
-0.232006
-0.231141
-0.230592
-0.230152
-0.229631
-0.229178
-0.229109
-0.229438
-0.229878
-0.22996
-0.229452
-0.228587
-0.227873
-0.227653
-0.227832
-0.227887
-0.22731
-0.226115
-0.224866
-0.224385
-0.225031
-0.226349
-0.227516
-0.227942
-0.227667
-0.227049
-0.226239
-0.225154
-0.22385
-0.222587
-0.221708
-0.221337
-0.221447
-0.221996
-0.222765
-0.223397
-0.223548
-0.223012
-0.221831
-0.220293
-0.218989
-0.218467
-0.218907
-0.220005
-0.221241
-0.222147
-0.222312
-0.221557
-0.21995
-0.21789
-0.216023
-0.214883
-0.214732
-0.215282
-0.215831
-0.215845
-0.215378
-0.215062
-0.215419
-0.21638
-0.217479
-0.218151
-0.218028
-0.216929
-0.214911
-0.212439
-0.210297
-0.209254
-0.209611
-0.211039
-0.212769
-0.21395
-0.214059
-0.213222
-0.212027
-0.211121
-0.210668
-0.210352
-0.209885
-0.209281
-0.2088
-0.208526
-0.208388
-0.208237
-0.208196
-0.208457
-0.208924
-0.209157
-0.208814
-0.208031
-0.207249
-0.206727
-0.206384
-0.205944
-0.205368
-0.204818
-0.204503
-0.204475
-0.204709
-0.205079
-0.205313
-0.204969
-0.203953
-0.202786
-0.202278
-0.202635
-0.203198
-0.203102
-0.202264
-0.201399
-0.201289
-0.201976
-0.202896
-0.203445
-0.20339
-0.20269
-0.201427
-0.19982
-0.198241
-0.197088
-0.196552
-0.19658
-0.196895
-0.197225
-0.197404
-0.197266
-0.196786
-0.196072
-0.195481
-0.195426
-0.196044
-0.196882
-0.197198
-0.196538
-0.195234
-0.194012
-0.193408
-0.19338
-0.193655
-0.193957
-0.194122
-0.194053
-0.19382
-0.193669
-0.193765
-0.193943
-0.19382
-0.193119
-0.191952
-0.190703
-0.189687
-0.188986
-0.188561
-0.188382
-0.188478
-0.188712
-0.188835
-0.188533
-0.18786
-0.187229
-0.187036
-0.187407
-0.188149
-0.188863
-0.18922
-0.188918
-0.187915
-0.186611
-0.18565
-0.185526
-0.186144
-0.187036
-0.187709
-0.187984
-0.187902
-0.187531
-0.186748
-0.185348
-0.183453
-0.181709
-0.180954
-0.181379
-0.182203
-0.182395
-0.181599
-0.180336
-0.17932
-0.178866
-0.178812
-0.178853
-0.178715
-0.1784
-0.178166
-0.178249
-0.17866
-0.179196
-0.17969
-0.179855
-0.179539
-0.178743
-0.177699
-0.176724
-0.176079
-0.175873
-0.175969
-0.176052
-0.175873
-0.175585
-0.175626
-0.176148
-0.176642
-0.176436
-0.17531
-0.173676
-0.172262
-0.17152
-0.171465
-0.171712
-0.171809
-0.171534
-0.170957
-0.170367
-0.170065
-0.170106
-0.170257
-0.170037
-0.169131
-0.167772
-0.166577
-0.166014
-0.166069
-0.166385
-0.166742
-0.167016
-0.16714
-0.166989
-0.166481
-0.165643
-0.164655
-0.163776
-0.16335
-0.163487
-0.163886
-0.164119
-0.163982
-0.163611
-0.163185
-0.16276
-0.162485
-0.162471
-0.162677
-0.162787
-0.162485
-0.161771
-0.161002
-0.160631
-0.160892
-0.1614
-0.161455
-0.1607
-0.15956
-0.158833
-0.158984
-0.159711
-0.160219
-0.159862
-0.158778
-0.157858
-0.15805
-0.159519
-0.161387
-0.16243
-0.161977
-0.160178
-0.157871
-0.156128
-0.155771
-0.156855
-0.158627
-0.160151
-0.160796
-0.160549
-0.159808
-0.15908
-0.158531
-0.157789
-0.156567
-0.155153
-0.154191
-0.154123
-0.154672
-0.155153
-0.155015
-0.154123
-0.15275
-0.151445
-0.150717
-0.150759
-0.15128
-0.15183
-0.152146
-0.152228
-0.1522
-0.152077
-0.151747
-0.151088
-0.150196
-0.149427
-0.149193
-0.149399
-0.149509
-0.149193
-0.148754
-0.148603
-0.148562
-0.148054
-0.146873
-0.145706
-0.145417
-0.146186
-0.147353
-0.148067
-0.147971
-0.147285
-0.146351
-0.145582
-0.145307
-0.145637
-0.14631
-0.146818
-0.146722
-0.146076
-0.14539
-0.14517
-0.145486
-0.145912
-0.145898
-0.14517
-0.143852
-0.142383
-0.141147
-0.140488
-0.140515
-0.141037
-0.141778
-0.142506
-0.143097
-0.143495
-0.143646
-0.143577
-0.143234
-0.142438
-0.141243
-0.139952
-0.138991
-0.138565
-0.138634
-0.139073
-0.139623
-0.139911
-0.139801
-0.139403
-0.138785
-0.137989
-0.137165
-0.136725
-0.136835
-0.137124
-0.137137
-0.136808
-0.136327
-0.135764
-0.134885
-0.133553
-0.132112
-0.131178
-0.131068
-0.131576
-0.132222
-0.132537
-0.1324
-0.132084
-0.132071
-0.132469
-0.132867
-0.132757
-0.132043
-0.130945
-0.129791
-0.128789
-0.128157
-0.128116
-0.128679
-0.129462
-0.130025
-0.130107
-0.129832
-0.129434
-0.129214
-0.129269
-0.129434
-0.129352
-0.12883
-0.127979
-0.127237
-0.127004
-0.127306
-0.127869
-0.128432
-0.129022
-0.129585
-0.129722
-0.129022
-0.127525
-0.125768
-0.12434
-0.123489
-0.123159
-0.123241
-0.123626
-0.124203
-0.124669
-0.124683
-0.124093
-0.12309
-0.122143
-0.121717
-0.122047
-0.123063
-0.12423
-0.124766
-0.124189
-0.122596
-0.120729
-0.119561
-0.11974
-0.121168
-0.123008
-0.124271
-0.124367
-0.123502
-0.122308
-0.121333
-0.120687
-0.120275
-0.11985
-0.119218
-0.118381
-0.117804
-0.117996
-0.119053
-0.120509
-0.121745
-0.122321
-0.12217
-0.121443
-0.120495
-0.119658
-0.118971
-0.118216
-0.117268
-0.116238
-0.115415
-0.114948
-0.114852
-0.115085
-0.115579
-0.116184
-0.116719
-0.11698
-0.116815
-0.116184
-0.115099
-0.113643
-0.111982
-0.110513
-0.109647
-0.109538
-0.109977
-0.110636
-0.111501
-0.112668
-0.113987
-0.114961
-0.115112
-0.11433
-0.112778
-0.110732
-0.108645
-0.107135
-0.106709
-0.107313
-0.108384
-0.109345
-0.109895
-0.109922
-0.1094
-0.108425
-0.10745
-0.107039
-0.107409
-0.108192
-0.108631
-0.108425
-0.107986
-0.107931
-0.108357
-0.108851
-0.109085
-0.109263
-0.109689
-0.110307
-0.110842
-0.111158
-0.111391
-0.111597
-0.111556
-0.110801
-0.109181
-0.107203
-0.105913
-0.106105
-0.107698
-0.109799
-0.111323
-0.111391
-0.109771
-0.10708
-0.104663
-0.103647
-0.104182
-0.105418
-0.106201
-0.105981
-0.105102
-0.104388
-0.104471
-0.105267
-0.106119
-0.106338
-0.105858
-0.105075
-0.104443
-0.104182
-0.104265
-0.104498
-0.104567
-0.104155
-0.103235
-0.102164
-0.101422
-0.101285
-0.101683
-0.102466
-0.103523
-0.104649
-0.105432
-0.105405
-0.104361
-0.102645
-0.100914
-0.0998571
-0.0997198
-0.100214
-0.100832
-0.10123
-0.101477
-0.101752
-0.102095
-0.102274
-0.101972
-0.101148
-0.1002
-0.0994864
-0.0990058
-0.0984291
-0.0977013
-0.0971521
-0.0970422
-0.0971658
-0.0970697
-0.0965617
-0.0959163
-0.0955593
-0.0956417
-0.0958476
-0.0957927
-0.0953533
-0.0948041
-0.0943097
-0.0938566
-0.0934447
-0.0934309
-0.0939939
-0.0947629
-0.0951199
-0.0948727
-0.0943921
-0.0940488
-0.0939802
-0.0942136
-0.0947903
-0.0956142
-0.096287
-0.0964381
-0.0959849
-0.0952023
-0.0944196
-0.0938429
-0.0932387
-0.0922089
-0.0907259
-0.089545
-0.0896274
-0.0911104
-0.0931014
-0.0942823
-0.0939665
-0.0924148
-0.0906847
-0.0899158
-0.090616
-0.0923324
-0.0940488
-0.0950375
-0.0952297
-0.0948178
-0.0939527
-0.0927581
-0.0915498
-0.0906298
-0.0902865
-0.0907122
-0.0919205
-0.0933348
-0.0939115
-0.0928817
-0.0905199
-0.0878423
-0.0858239
-0.0849725
-0.0853158
-0.0865241
-0.0879659
-0.0890095
-0.0894489
-0.0896274
-0.0898883
-0.0901217
-0.0898059
-0.0887486
-0.0876364
-0.0875265
-0.0887898
-0.0905337
-0.0913575
-0.0906298
-0.0890644
-0.0878423
-0.0874579
-0.0874304
-0.0871421
-0.0865104
-0.0860848
-0.0863594
-0.0872244
-0.0880483
-0.0882955
-0.0880071
-0.0874853
-0.0869224
-0.0864006
-0.0860161
-0.0858513
-0.0858101
-0.0857003
-0.0853982
-0.0849588
-0.0845331
-0.0843272
-0.0845743
-0.0851785
-0.0856179
-0.0854531
-0.0848901
-0.0845881
-0.0849588
-0.0856042
-0.0857689
-0.0849863
-0.0835445
-0.0823499
-0.0821714
-0.0830776
-0.0843546
-0.0850686
-0.0849176
-0.0842722
-0.0835857
-0.0829128
-0.0821027
-0.0811827
-0.0803451
-0.0798233
-0.0798096
-0.0803314
-0.0811278
-0.0818006
-0.0820203
-0.0816496
-0.0807708
-0.0797409
-0.0793015
-0.0801529
-0.0822126
-0.0845469
-0.0860298
-0.0859886
-0.0845881
-0.0825421
-0.0808257
-0.0801529
-0.0806884
-0.0819517
-0.0830502
-0.0832561
-0.0824734
-0.0812788
-0.0805099
-0.0807159
-0.0818418
-0.0832836
-0.0844782
-0.0851373
-0.0851648
-0.0844507
-0.0828991
-0.080757
-0.0785326
-0.0769123
-0.0764455
-0.0771869
-0.0786287
-0.0799744
-0.0805785
-0.0801941
-0.0789308
-0.0772144
-0.0757864
-0.0752096
-0.0754568
-0.0758962
-0.0759786
-0.0755804
-0.0749213
-0.0741935
-0.0736031
-0.0733285
-0.0734246
-0.0736718
-0.0736855
-0.073301
-0.0727106
-0.0720377
-0.0714061
-0.0709667
-0.0709804
-0.0715983
-0.0726282
-0.0735756
-0.07407
-0.074221
-0.0744819
-0.0751547
-0.0759786
-0.0763493
-0.0758687
-0.0746467
-0.0731912
-0.0720515
-0.0715571
-0.0717219
-0.0723398
-0.0729715
-0.0732735
-0.07315
-0.072738
-0.0722986
-0.0721064
-0.0723673
-0.0729028
-0.0732873
-0.0732049
-0.072738
-0.0722025
-0.0717631
-0.0713786
-0.0709942
-0.0706509
-0.070541
-0.0708569
-0.0715022
-0.0720652
-0.0721751
-0.0718318
-0.0713512
-0.0710491
-0.0709667
-0.0710354
-0.0711864
-0.0713374
-0.0714061
-0.0713924
-0.0712413
-0.0708981
-0.0703351
-0.0698133
-0.0698957
-0.0709118
-0.0726282
-0.0743583
-0.0753195
-0.0751135
-0.0738503
-0.0722437
-0.0710628
-0.070596
-0.070596
-0.0705822
-0.0702664
-0.0696073
-0.0687285
-0.067836
-0.0671494
-0.0668748
-0.067122
-0.0680557
-0.0695249
-0.0711727
-0.0725046
-0.0732461
-0.0733834
-0.0730127
-0.0724222
-0.0722025
-0.072738
-0.0738091
-0.0747291
-0.0749213
-0.0743034
-0.0732049
-0.072024
-0.0711452
-0.0709255
-0.0715022
-0.0726556
-0.0738365
-0.0745231
-0.0743995
-0.0735894
-0.0725321
-0.0715709
-0.0708431
-0.0702801
-0.0698957
-0.0697721
-0.0699094
-0.0701428
-0.0704861
-0.0711177
-0.0720789
-0.0730127
-0.0734521
-0.073095
-0.0718867
-0.0700604
-0.0681243
-0.0667512
-0.0664217
-0.0670533
-0.068193
-0.0693052
-0.0699781
-0.069827
-0.0688109
-0.0673142
-0.0660235
-0.0654193
-0.0655978
-0.0661745
-0.0664766
-0.0659823
-0.0648289
-0.0637853
-0.0635244
-0.0640599
-0.0647739
-0.0651309
-0.0650486
-0.0648151
-0.0647053
-0.0648289
-0.0650348
-0.0650211
-0.0645954
-0.0640462
-0.0638128
-0.0640325
-0.064513
-0.0649799
-0.0652683
-0.0652545
-0.0650486
-0.0648563
-0.0648426
-0.0649936
-0.0652957
-0.0657489
-0.0661883
-0.0661333
-0.0652271
-0.0637578
-0.0625495
-0.0621101
-0.0623023
-0.0625495
-0.0624534
-0.0620414
-0.0616432
-0.0615883
-0.0619316
-0.062522
-0.0630026
-0.0630163
-0.0623847
-0.0612588
-0.0603662
-0.0604623
-0.0618217
-0.0638402
-0.0654742
-0.0658999
-0.0649387
-0.063236
-0.0617531
-0.0611077
-0.0612176
-0.0614098
-0.0611764
-0.0604898
-0.0597483
-0.0592677
-0.0591853
-0.0595149
-0.0601465
-0.0607095
-0.0609429
-0.060888
-0.0608331
-0.0608743
-0.0607919
-0.0604074
-0.0596797
-0.0587322
-0.0577985
-0.0571531
-0.056906
-0.0568785
-0.0568648
-0.056851
-0.0570021
-0.0573316
-0.0577298
-0.057977
-0.0579495
-0.05762
-0.0572904
-0.0574277
-0.0580594
-0.0585949
-0.0584713
-0.0578671
-0.0574415
-0.0574415
-0.0574689
-0.0570982
-0.0564666
-0.0562057
-0.0567137
-0.0577985
-0.0587185
-0.0588421
-0.0580594
-0.0569472
-0.0562331
-0.0562881
-0.0569884
-0.0578534
-0.0584988
-0.0586636
-0.0582928
-0.0575651
-0.0568098
-0.0562057
-0.055986
-0.0562743
-0.0570845
-0.0581143
-0.0590618
-0.0597346
-0.0599818
-0.0595835
-0.0586224
-0.0574827
-0.0566039
-0.0560409
-0.0556564
-0.0553955
-0.0554642
-0.0559722
-0.0569197
-0.0579083
-0.0584027
-0.0580319
-0.057057
-0.0562057
-0.0559722
-0.0563567
-0.057057
-0.057826
-0.0583615
-0.0583065
-0.057414
-0.0559036
-0.0543382
-0.0532123
-0.0528553
-0.0533496
-0.0545991
-0.0561782
-0.0575925
-0.0585125
-0.0588695
-0.0587871
-0.0584576
-0.0579358
-0.0571257
-0.0560409
-0.055066
-0.0546678
-0.0548875
-0.0551896
-0.0552857
-0.0555191
-0.056549
-0.0584027
-0.0602289
-0.0608743
-0.0598307
-0.0575651
-0.0553131
-0.054146
-0.0542696
-0.0551346
-0.0560272
-0.0565352
-0.0565627
-0.0560958
-0.0554917
-0.055272
-0.0556427
-0.0562606
-0.0565352
-0.0562194
-0.0554505
-0.0545305
-0.053789
-0.053432
-0.0533633
-0.0533084
-0.053075
-0.052718
-0.0522511
-0.051592
-0.050823
-0.0503562
-0.0506033
-0.0514409
-0.052306
-0.0528141
-0.0529926
-0.0529926
-0.0528003
-0.0524159
-0.0520039
-0.0518392
-0.0521824
-0.0528965
-0.0535144
-0.0534594
-0.0527866
-0.0521962
-0.0523197
-0.0530612
-0.0537753
-0.05394
-0.0534869
-0.0525944
-0.0515371
-0.0505347
-0.0496422
-0.0488732
-0.0484475
-0.0487222
-0.0498344
-0.0513311
-0.0524296
-0.0526081
-0.051949
-0.0509466
-0.0500678
-0.0495872
-0.049601
-0.0500678
-0.0509192
-0.0519627
-0.0528415
-0.0531299
-0.0527454
-0.0520451
-0.0515783
-0.0515508
-0.0517705
-0.0518392
-0.0515096
-0.0508368
-0.0502189
-0.0501365
-0.0507132
-0.0513723
-0.0513723
-0.0504523
-0.0491616
-0.048475
-0.0489968
-0.0504111
-0.051743
-0.0521
-0.0515508
-0.0509604
-0.0511526
-0.0521275
-0.053226
-0.053789
-0.0535418
-0.0525669
-0.0512762
-0.0502463
-0.0498344
-0.0498481
-0.0499168
-0.0499442
-0.0500266
-0.0500678
-0.0498756
-0.0494911
-0.0492714
-0.0493675
-0.0495735
-0.0495598
-0.0493263
-0.0492302
-0.0494774
-0.049958
-0.0502051
-0.0497246
-0.0485574
-0.0473765
-0.0468822
-0.0471843
-0.0478983
-0.0486672
-0.0493538
-0.0497932
-0.049752
-0.0490655
-0.0478846
-0.0466213
-0.0457562
-0.0455228
