LECROYHDO9204-MSöv,30454,Waveform
Segments,1,SegmentSize,2002
Ampl
-0.0131446
-0.0128563
-0.0122247
-0.0116891
-0.0117166
-0.0123345
-0.013076
-0.0132408
-0.012513
-0.0113184
-0.0103572
-0.0101375
-0.0107554
-0.0118127
-0.0126915
-0.0129524
-0.0126915
-0.0123208
-0.0121835
-0.0122109
-0.012307
-0.0124993
-0.012719
-0.0126778
-0.0120736
-0.0109477
-0.00973931
-0.00895664
-0.00888798
-0.00946469
-0.010316
-0.0110438
-0.0113871
-0.0114145
-0.0114832
-0.0119638
-0.0128563
-0.0136939
-0.0138724
-0.0131996
-0.0120599
-0.0109889
-0.0102886
-0.00997274
-0.0100414
-0.0105495
-0.0113871
-0.0122521
-0.0128563
-0.0129524
-0.0125954
-0.0119363
-0.0112497
-0.0107142
-0.0103984
-0.0102474
-0.0102336
-0.0102474
-0.0101924
-0.00994528
-0.00969812
-0.0098217
-0.0104945
-0.0114557
-0.012362
-0.0129936
-0.0131446
-0.0125679
-0.0112909
-0.00986289
-0.00887425
-0.00855843
-0.00873694
-0.00923126
-0.00994528
-0.0107142
-0.0112635
-0.0113459
-0.0109202
-0.0101787
-0.00945096
-0.00897037
-0.00881932
-0.00909395
-0.00993155
-0.0112635
-0.0125954
-0.0132133
-0.0129387
-0.0121148
-0.0113596
-0.0110163
-0.011236
-0.01195
-0.0128563
-0.0135017
-0.0135978
-0.0130897
-0.0122796
-0.0115381
-0.0112772
-0.0116479
-0.0124444
-0.0131446
-0.0133781
-0.013076
-0.0125954
-0.0123482
-0.0124993
-0.0127739
-0.0126915
-0.0120462
-0.0111811
-0.0106318
-0.0106868
-0.0112497
-0.0120187
-0.0126915
-0.0129387
-0.0127327
-0.0123482
-0.0120462
-0.0116617
-0.0109339
-0.0100963
-0.00991782
-0.0108515
-0.0125267
-0.0140372
-0.0145727
-0.0138861
-0.0124032
-0.0110026
-0.0106181
-0.0115381
-0.0131172
-0.0142843
-0.0143255
-0.0133232
-0.0119363
-0.0107829
-0.0101101
-0.00990409
-0.0100963
-0.0107142
-0.0117029
-0.0127876
-0.0135429
-0.0138037
-0.0136664
-0.0132682
-0.0127053
-0.0122659
-0.0122796
-0.0127739
-0.0133094
-0.0134742
-0.0132957
-0.0130623
-0.0129661
-0.0128838
-0.0126366
-0.0122384
-0.0118676
-0.0116754
-0.0115656
-0.0113733
-0.0110712
-0.0109339
-0.0112909
-0.0121423
-0.0132133
-0.014353
-0.0153966
-0.0160694
-0.0159046
-0.01471
-0.0128975
-0.0113596
-0.0109202
-0.0119775
-0.0140784
-0.0160831
-0.0167285
-0.0155751
-0.0132957
-0.0112086
-0.0104533
-0.011442
-0.0136664
-0.0160282
-0.0175112
-0.0177721
-0.0170718
-0.0158634
-0.014504
-0.0132408
-0.0121697
-0.0113047
-0.0105769
-0.010165
-0.0102748
-0.0107966
-0.0113733
-0.0116479
-0.0114969
-0.0110026
-0.0103572
-0.00986289
-0.00975305
-0.010165
-0.0110026
-0.0119775
-0.0126778
-0.0127876
-0.012362
-0.0117166
-0.0110712
-0.0104396
-0.00976678
-0.00910768
-0.00870947
-0.00861336
-0.00875067
-0.00906649
-0.00957454
-0.0102611
-0.0109751
-0.0115518
-0.0118951
-0.01195
-0.0116891
-0.0112086
-0.0106318
-0.0100963
-0.00975305
-0.00976678
-0.0102611
-0.0109751
-0.0113733
-0.0110712
-0.0102611
-0.00956081
-0.00946469
-0.00984916
-0.0102062
-0.0102062
-0.0100963
-0.0103984
-0.0111399
-0.0118127
-0.0118951
-0.011442
-0.0108241
-0.0101512
-0.0093823
-0.00877813
-0.00877813
-0.00957454
-0.0107554
-0.0117029
-0.0120873
-0.0119775
-0.0117029
-0.0116205
-0.0118676
-0.0121972
-0.0123208
-0.0122659
-0.0122659
-0.012362
-0.0124306
-0.0124169
-0.0124032
-0.0124306
-0.0123757
-0.0122109
-0.0120736
-0.0119912
-0.011799
-0.0113596
-0.0107554
-0.0102199
-0.0100002
-0.0103709
-0.0113047
-0.0122796
-0.0125954
-0.0120324
-0.01103
-0.0103298
-0.010316
-0.010879
-0.0116068
-0.0119638
-0.011593
-0.0106181
-0.00954708
-0.00879186
-0.00839366
-0.00820142
-0.0081465
-0.00809157
-0.00780322
-0.00735009
-0.00718531
-0.00777575
-0.00891544
-0.00991782
-0.0101787
-0.00976678
-0.00923126
-0.00906649
-0.00925872
-0.00956081
-0.00993155
-0.0105906
-0.0116342
-0.0127464
-0.0133918
-0.013282
-0.0124993
-0.0114557
-0.0104808
-0.00975305
-0.00928618
-0.00906649
-0.00903902
-0.0091626
-0.00947842
-0.00998648
-0.0105632
-0.0109614
-0.0108515
-0.0101512
-0.00914887
-0.00839366
-0.00822888
-0.00858589
-0.00924499
-0.0100689
-0.0109751
-0.0116891
-0.0118402
-0.0113733
-0.010673
-0.0102062
-0.0101375
-0.0104945
-0.0113047
-0.012513
-0.0137076
-0.0142981
-0.0140234
-0.0131996
-0.0124169
-0.0120599
-0.0120599
-0.0120873
-0.0118951
-0.0115656
-0.0113733
-0.0113733
-0.0114145
-0.0113047
-0.0110163
-0.0107005
-0.0104945
-0.0104396
-0.0104533
-0.0104808
-0.0105906
-0.01103
-0.0119088
-0.0129936
-0.0138175
-0.013996
-0.0135017
-0.0126091
-0.0117166
-0.0111674
-0.0111536
-0.0116617
-0.0125954
-0.0137351
-0.0146963
-0.0149434
-0.0142569
-0.013076
-0.012156
-0.012005
-0.0124169
-0.0128288
-0.0128426
-0.0124306
-0.0119638
-0.0118402
-0.0122247
-0.0128288
-0.0132133
-0.0132133
-0.0130485
-0.01287
-0.012719
-0.0126641
-0.0129112
-0.013584
-0.0145315
-0.0154652
-0.0160145
-0.0158085
-0.0147787
-0.0134467
-0.0125817
-0.0126091
-0.0132957
-0.0140646
-0.0144766
-0.0144079
-0.0140234
-0.0135566
-0.0131172
-0.0126503
-0.0122109
-0.0120873
-0.0124169
-0.0129936
-0.0135154
-0.0139411
-0.0143667
-0.01471
-0.0149022
-0.014916
-0.0148885
-0.0148885
-0.015067
-0.0155888
-0.0163715
-0.0170306
-0.0172777
-0.0171816
-0.0169757
-0.0168109
-0.0167148
-0.0168246
-0.0171679
-0.0175524
-0.0176073
-0.0172228
-0.0167697
-0.0168658
-0.0179231
-0.0200377
-0.0229075
-0.0259696
-0.0286197
-0.0307206
-0.0326155
-0.0347438
-0.0372704
-0.0401264
-0.0433945
-0.0474177
-0.0524708
-0.0584439
-0.0648014
-0.0708706
-0.0763905
-0.0818006
-0.0880071
-0.0956554
-0.104539
-0.113781
-0.122335
-0.12953
-0.135421
-0.140694
-0.146282
-0.152654
-0.159725
-0.167332
-0.175392
-0.183727
-0.191884
-0.199202
-0.205285
-0.210215
-0.214416
-0.218426
-0.222545
-0.226665
-0.230427
-0.233489
-0.235755
-0.237403
-0.238652
-0.239668
-0.240547
-0.241412
-0.242359
-0.243225
-0.243664
-0.243417
-0.24262
-0.241563
-0.240314
-0.238638
-0.236304
-0.233654
-0.231333
-0.229741
-0.228546
-0.226981
-0.22455
-0.221488
-0.218481
-0.216092
-0.214307
-0.212741
-0.210901
-0.208567
-0.20578
-0.202814
-0.200164
-0.198392
-0.197774
-0.198049
-0.198406
-0.198049
-0.196676
-0.194795
-0.19327
-0.192721
-0.193051
-0.193614
-0.193765
-0.193325
-0.192611
-0.192213
-0.192419
-0.193216
-0.194273
-0.195358
-0.196278
-0.197005
-0.197582
-0.198131
-0.198859
-0.199861
-0.200987
-0.201866
-0.202086
-0.201537
-0.200507
-0.199806
-0.200342
-0.202484
-0.205615
-0.208471
-0.210146
-0.210764
-0.211094
-0.211657
-0.212371
-0.212782
-0.212618
-0.211862
-0.210764
-0.209913
-0.209954
-0.211217
-0.213304
-0.215268
-0.216284
-0.216037
-0.214925
-0.213826
-0.213565
-0.214252
-0.215227
-0.21579
-0.215639
-0.215007
-0.214114
-0.213098
-0.212014
-0.210997
-0.210283
-0.21016
-0.210682
-0.211492
-0.211945
-0.211574
-0.210448
-0.209048
-0.207839
-0.207098
-0.206974
-0.207537
-0.208746
-0.210297
-0.211547
-0.211876
-0.211107
-0.209762
-0.208457
-0.207469
-0.206617
-0.205793
-0.205093
-0.204667
-0.204461
-0.20431
-0.204104
-0.203802
-0.203239
-0.202251
-0.200946
-0.19993
-0.199724
-0.200273
-0.20096
-0.20118
-0.20096
-0.200795
-0.201042
-0.201578
-0.202017
-0.202347
-0.202992
-0.204255
-0.205725
-0.206535
-0.206178
-0.204942
-0.203679
-0.203088
-0.203171
-0.203294
-0.202937
-0.202072
-0.20107
-0.200342
-0.200095
-0.200438
-0.201344
-0.20258
-0.203692
-0.204448
-0.204873
-0.204887
-0.204393
-0.203486
-0.202594
-0.202017
-0.201894
-0.202155
-0.202676
-0.203253
-0.203706
-0.204036
-0.204283
-0.204324
-0.203912
-0.202978
-0.201715
-0.200562
-0.199916
-0.199958
-0.200521
-0.201166
-0.201441
-0.20118
-0.20063
-0.200164
-0.200012
-0.20015
-0.200315
-0.200232
-0.19982
-0.199271
-0.198845
-0.198763
-0.19901
-0.199422
-0.199724
-0.199532
-0.198557
-0.197005
-0.195605
-0.195138
-0.195756
-0.196841
-0.197596
-0.197719
-0.197445
-0.19695
-0.196291
-0.195618
-0.195152
-0.19485
-0.194506
-0.194122
-0.194122
-0.194836
-0.195934
-0.19658
-0.196099
-0.194589
-0.192804
-0.191568
-0.191252
-0.191595
-0.192062
-0.192405
-0.192762
-0.193284
-0.193751
-0.193792
-0.193325
-0.19268
-0.192227
-0.192103
-0.192186
-0.192213
-0.192007
-0.191582
-0.191087
-0.190716
-0.190483
-0.190359
-0.190236
-0.190016
-0.1897
-0.189371
-0.189165
-0.189069
-0.188904
-0.188739
-0.18878
-0.18922
-0.189879
-0.190332
-0.19014
-0.189288
-0.188121
-0.187064
-0.186405
-0.186158
-0.186213
-0.186487
-0.187091
-0.188025
-0.188986
-0.189412
-0.188931
-0.187599
-0.185759
-0.183823
-0.182162
-0.18105
-0.18061
-0.180748
-0.181132
-0.181448
-0.181489
-0.181228
-0.18083
-0.180528
-0.180597
-0.181187
-0.182121
-0.182931
-0.183027
-0.182148
-0.180555
-0.179059
-0.178427
-0.178908
-0.18002
-0.180981
-0.181228
-0.18061
-0.179388
-0.178111
-0.177466
-0.177768
-0.178715
-0.179731
-0.180391
-0.180597
-0.180555
-0.180473
-0.180363
-0.18024
-0.180102
-0.179965
-0.179745
-0.179388
-0.179059
-0.179045
-0.179333
-0.179526
-0.179114
-0.177864
-0.175983
-0.174074
-0.172948
-0.173044
-0.174061
-0.175173
-0.175598
-0.175104
-0.173992
-0.172893
-0.172317
-0.172564
-0.173415
-0.174308
-0.17461
-0.174006
-0.172784
-0.171561
-0.170847
-0.170696
-0.170847
-0.170998
-0.171053
-0.170971
-0.1706
-0.169776
-0.168719
-0.16806
-0.168238
-0.168856
-0.16909
-0.168609
-0.167868
-0.167456
-0.167387
-0.167305
-0.166907
-0.166165
-0.165218
-0.164366
-0.163886
-0.163748
-0.16368
-0.163446
-0.163158
-0.163007
-0.163021
-0.16313
-0.163295
-0.163515
-0.163597
-0.163336
-0.162609
-0.161565
-0.160494
-0.15989
-0.160096
-0.161071
-0.162307
-0.163117
-0.163089
-0.162238
-0.160879
-0.159382
-0.158187
-0.15772
-0.158146
-0.159217
-0.160288
-0.160796
-0.160494
-0.159602
-0.158572
-0.15783
-0.157583
-0.15772
-0.157995
-0.158105
-0.157885
-0.157308
-0.15643
-0.155304
-0.153931
-0.152599
-0.151734
-0.151747
-0.152571
-0.153628
-0.15415
-0.153738
-0.152667
-0.151624
-0.151239
-0.151651
-0.152516
-0.15323
-0.15323
-0.152283
-0.150594
-0.148836
-0.147889
-0.148109
-0.149111
-0.150141
-0.150676
-0.150786
-0.15069
-0.150457
-0.149825
-0.148603
-0.147051
-0.14587
-0.145596
-0.146172
-0.147065
-0.147765
-0.148067
-0.147903
-0.147312
-0.146488
-0.145898
-0.145953
-0.146818
-0.148081
-0.148932
-0.148699
-0.147298
-0.145294
-0.14344
-0.142341
-0.142218
-0.142932
-0.143989
-0.144772
-0.144978
-0.144882
-0.144964
-0.145404
-0.145912
-0.14609
-0.145898
-0.145623
-0.145596
-0.145843
-0.146063
-0.145815
-0.144841
-0.143303
-0.141724
-0.14068
-0.140419
-0.140872
-0.141778
-0.142918
-0.144044
-0.144937
-0.145115
-0.144154
-0.142039
-0.139554
-0.137824
-0.137645
-0.138922
-0.140707
-0.141806
-0.141463
-0.139897
-0.138208
-0.137563
-0.138401
-0.140144
-0.14182
-0.142726
-0.142698
-0.142012
-0.140996
-0.13976
-0.138263
-0.136657
-0.135462
-0.135215
-0.136011
-0.137371
-0.138552
-0.138977
-0.138359
-0.136835
-0.134954
-0.133567
-0.133279
-0.133938
-0.134803
-0.135119
-0.134556
-0.133348
-0.132084
-0.131233
-0.130903
-0.130917
-0.131068
-0.131343
-0.131686
-0.131892
-0.131755
-0.131288
-0.130642
-0.12997
-0.129352
-0.128885
-0.128638
-0.1285
-0.128267
-0.12791
-0.127608
-0.127649
-0.128088
-0.128583
-0.128542
-0.127594
-0.12618
-0.125123
-0.124875
-0.125081
-0.125123
-0.124669
-0.124024
-0.123653
-0.123887
-0.124656
-0.125493
-0.125782
-0.12526
-0.124189
-0.123173
-0.122665
-0.122651
-0.122623
-0.121978
-0.120605
-0.119163
-0.118573
-0.119218
-0.120578
-0.121868
-0.122637
-0.122898
-0.122816
-0.122514
-0.122212
-0.122239
-0.122637
-0.123063
-0.123104
-0.122775
-0.122527
-0.122651
-0.122816
-0.122486
-0.121566
-0.120426
-0.119493
-0.118861
-0.118449
-0.118408
-0.118957
-0.120056
-0.121154
-0.12169
-0.121594
-0.121278
-0.12114
-0.121264
-0.12125
-0.12066
-0.119397
-0.117927
-0.116856
-0.116472
-0.116678
-0.117255
-0.118024
-0.118738
-0.119012
-0.118518
-0.117406
-0.116197
-0.115373
-0.115016
-0.114907
-0.114865
-0.11492
-0.115181
-0.115607
-0.115978
-0.11595
-0.115456
-0.114797
-0.114357
-0.114206
-0.114096
-0.113822
-0.113451
-0.113231
-0.113259
-0.113506
-0.113794
-0.113945
-0.113739
-0.113176
-0.112572
-0.112256
-0.112311
-0.112613
-0.112998
-0.113561
-0.114357
-0.115209
-0.115634
-0.115318
-0.114398
-0.113341
-0.112627
-0.112421
-0.112531
-0.112641
-0.112682
-0.112696
-0.1126
-0.112119
-0.111034
-0.109579
-0.108439
-0.108206
-0.10892
-0.110128
-0.111281
-0.111954
-0.111858
-0.110993
-0.109812
-0.108865
-0.108261
-0.107629
-0.106764
-0.106036
-0.105954
-0.106613
-0.107519
-0.108055
-0.10789
-0.107148
-0.106352
-0.105926
-0.106022
-0.106407
-0.106709
-0.106503
-0.105652
-0.104608
-0.104182
-0.104773
-0.105858
-0.106489
-0.106132
-0.10502
-0.103729
-0.102686
-0.102164
-0.102329
-0.103139
-0.10421
-0.105061
-0.105185
-0.104471
-0.103249
-0.102178
-0.101821
-0.102288
-0.103194
-0.103976
-0.104265
-0.104114
-0.103757
-0.103317
-0.102878
-0.102576
-0.102741
-0.103468
-0.104375
-0.1048
-0.104402
-0.103496
-0.102658
-0.10215
-0.101848
-0.101642
-0.101601
-0.101725
-0.101848
-0.101848
-0.101738
-0.101601
-0.101354
-0.100846
-0.100242
-0.099967
-0.100379
-0.101381
-0.102425
-0.102851
-0.102576
-0.101876
-0.100873
-0.0993765
-0.0974542
-0.0958614
-0.0955318
-0.0967127
-0.0986763
-0.100297
-0.100722
-0.0998297
-0.0982094
-0.0969049
-0.0967127
-0.0975366
-0.0985389
-0.0987724
-0.0978524
-0.0961909
-0.0947629
-0.0944333
-0.0953945
-0.0969599
-0.0980446
-0.0978936
-0.0966852
-0.095216
-0.094296
-0.0941587
-0.0943921
-0.0943372
-0.0937742
-0.0930739
-0.0928542
-0.0933348
-0.0941587
-0.0947903
-0.0948727
-0.0942548
-0.0931014
-0.0918381
-0.0909319
-0.0905474
-0.0903414
-0.0898059
-0.088831
-0.0877874
-0.087197
-0.0873755
-0.0880895
-0.0887761
-0.0890095
-0.0889546
-0.0891056
-0.0895038
-0.0896411
-0.0890095
-0.0875952
-0.0859749
-0.0848627
-0.084643
-0.0851236
-0.0859337
-0.0868125
-0.0877737
-0.0887623
-0.0894901
-0.0895175
-0.0887623
-0.0875128
-0.0862221
-0.0853707
-0.0852746
-0.086071
-0.0874853
-0.0888173
-0.0894214
-0.0891331
-0.0883641
-0.08776
-0.0877462
-0.0881582
-0.0885152
-0.0883092
-0.0873068
-0.0856728
-0.0838603
-0.0825696
-0.0823636
-0.0832836
-0.0849039
-0.0865516
-0.0876776
-0.0878149
-0.0866889
-0.0844782
-0.0821439
-0.0809767
-0.081526
-0.08316
-0.0846155
-0.0851648
-0.0849588
-0.0845743
-0.0842997
-0.0838328
-0.082652
-0.0809218
-0.0795762
-0.0795624
-0.0809493
-0.0828305
-0.0841761
-0.0844919
-0.0838191
-0.0826657
-0.0817182
-0.0814299
-0.0817045
-0.0820203
-0.081883
-0.0812239
-0.0803039
-0.0795075
-0.0791368
-0.0792192
-0.0793839
-0.0792466
-0.0788209
-0.0785601
-0.0787935
-0.0793153
-0.079535
-0.079178
-0.0785051
-0.0780795
-0.078203
-0.0788621
-0.0799332
-0.0811964
-0.0823224
-0.0828305
-0.0824185
-0.0812651
-0.0801529
-0.0798645
-0.0806335
-0.0819242
-0.0828442
-0.0828167
-0.081883
-0.0806747
-0.080043
-0.0802353
-0.0806609
-0.0805236
-0.0796174
-0.0786562
-0.0784227
-0.0790132
-0.0798096
-0.0802215
-0.0801254
-0.0798096
-0.0796997
-0.079892
-0.0801803
-0.0802902
-0.0800842
-0.0796036
-0.0789857
-0.0783129
-0.0776813
-0.0772281
-0.0770908
-0.0772831
-0.0776675
-0.0779559
-0.0779422
-0.0775714
-0.0770496
-0.0765828
-0.0762532
-0.0759374
-0.0755941
-0.0752371
-0.0750174
-0.0749076
-0.0747291
-0.0741386
-0.0730813
-0.0718867
-0.0712001
-0.0713924
-0.0723673
-0.0735344
-0.0742897
-0.0743858
-0.0738915
-0.0731912
-0.0728067
-0.0730538
-0.0738091
-0.0746467
-0.0751273
-0.0750449
-0.0745505
-0.073864
-0.0732735
-0.0728891
-0.0727106
-0.0726831
-0.0728753
-0.0732186
-0.0734383
-0.0732049
-0.0725183
-0.0717219
-0.0712551
-0.0712825
-0.0716533
-0.0721476
-0.0726968
-0.0732598
-0.0738228
-0.074221
-0.0743858
-0.0742897
-0.0739464
-0.0732461
-0.0723536
-0.0717906
-0.07223
-0.0737267
-0.0755392
-0.0765965
-0.0763081
-0.0750037
-0.0735207
-0.0726007
-0.0724085
-0.0726831
-0.0730401
-0.0733422
-0.0736992
-0.0741798
-0.0745094
-0.0743034
-0.0735344
-0.072587
-0.0719004
-0.0715571
-0.0714336
-0.0714061
-0.0714198
-0.0712963
-0.0707607
-0.0696485
-0.0681793
-0.0670121
-0.066916
-0.0681381
-0.0700604
-0.0716945
-0.0721888
-0.0712963
-0.0694014
-0.0672456
-0.0656802
-0.0651584
-0.0656939
-0.0669023
-0.0682891
-0.0694288
-0.0698819
-0.0694288
-0.0683852
-0.0673554
-0.0667924
-0.0667375
-0.0669572
-0.0670396
-0.0666551
-0.0655978
-0.0641423
-0.0629477
-0.0626593
-0.0632772
-0.0641423
-0.064568
-0.0644307
-0.064156
-0.064156
-0.0645542
-0.065076
-0.0653644
-0.0653095
-0.0650074
-0.0647327
-0.0645954
-0.064568
-0.0646092
-0.0647602
-0.0650898
-0.0655429
-0.0658587
-0.0656939
-0.0648426
-0.0636892
-0.0629614
-0.0631262
-0.0639913
-0.064925
-0.065488
-0.0655978
-0.0653781
-0.0648838
-0.0642522
-0.0637304
-0.0635381
-0.0636068
-0.0636068
-0.0632772
-0.0627829
-0.0626181
-0.0631537
-0.0642933
-0.0655154
-0.0663942
-0.0667512
-0.0666002
-0.0659136
-0.0648426
-0.0637716
-0.0631262
-0.0629889
-0.0631262
-0.063291
-0.0632086
-0.0627417
-0.0619453
-0.0611352
-0.0607095
-0.060888
-0.0615334
-0.062165
-0.0621925
-0.0613961
-0.0603937
-0.0601465
-0.0611214
-0.0628516
-0.0643208
-0.0647877
-0.0641698
-0.0628653
-0.0613823
-0.0601877
-0.0595149
-0.0594188
-0.0597346
-0.0599955
-0.0597483
-0.0589519
-0.0582654
-0.0585674
-0.0601877
-0.0625083
-0.0644307
-0.0651309
-0.064513
-0.0632223
-0.0621925
-0.0620552
-0.062728
-0.0635519
-0.0639363
-0.0636754
-0.0629752
-0.0621101
-0.0612999
-0.0607919
-0.0607507
-0.0609841
-0.0611077
-0.0608056
-0.0600916
-0.0593501
-0.0590755
-0.0595012
-0.0604211
-0.0612176
-0.0615746
-0.0615883
-0.0615196
-0.0612862
-0.0607919
-0.0602976
-0.0602015
-0.0605585
-0.0609292
-0.0608743
-0.0604486
-0.0600229
-0.0599406
-0.0602701
-0.0608743
-0.061451
-0.061808
-0.0618217
-0.0616432
-0.0614785
-0.0616707
-0.0623298
-0.0632086
-0.0638265
-0.0639501
-0.0636892
-0.0632498
-0.062728
-0.0622886
-0.0621375
-0.0622611
-0.0622886
-0.061959
-0.0614785
-0.0612038
-0.0611352
-0.0611764
-0.0614098
-0.0620552
-0.0630163
-0.0638814
-0.0642522
-0.0639913
-0.0632635
-0.062371
-0.0615746
-0.0609292
-0.0604761
-0.0603113
-0.0605722
-0.061094
-0.0614235
-0.0611764
-0.0604074
-0.0595698
-0.059103
-0.0591441
-0.0593913
-0.0594737
-0.0593089
-0.0592128
-0.0595149
-0.0600504
-0.0601465
-0.0594737
-0.0584439
-0.0580182
-0.0587322
-0.0602701
-0.0616707
-0.0620277
-0.0611077
-0.0595149
-0.0581006
-0.0572492
-0.0566313
-0.0557388
-0.054503
-0.0534869
-0.053432
-0.0547227
-0.056906
-0.0588009
-0.059103
-0.0575651
-0.0551621
-0.0534182
-0.0532397
-0.0544893
-0.0564391
-0.0581143
-0.0589244
-0.0588558
-0.0583752
-0.057977
-0.0577436
-0.0575239
-0.0571669
-0.0565764
-0.0555603
-0.0540087
-0.0522511
-0.0509466
-0.0507544
-0.0518803
-0.0538988
-0.0558075
-0.0565078
-0.0554779
-0.0531711
-0.0506583
-0.0489693
-0.0487496
-0.0500541
-0.0522374
-0.0542696
-0.0552445
-0.05486
-0.0534594
-0.0516469
-0.0499992
-0.0489419
-0.0486261
-0.0488595
-0.049244
-0.0495049
-0.0496147
-0.0496422
-0.0498069
-0.0504935
-0.051798
-0.0531848
-0.0537615
-0.0530887
-0.051592
-0.050109
-0.0493126
-0.0492165
-0.0493538
-0.0493126
-0.0490929
-0.0491066
-0.0495186
-0.050109
-0.0505484
-0.050672
-0.0505484
-0.0502051
-0.0496834
-0.049038
-0.0482553
-0.0473628
-0.0465938
-0.0463055
-0.0467861
-0.0479258
-0.0492852
-0.050315
-0.0506033
-0.0500953
-0.0491753
-0.0484475
-0.0482416
-0.0484887
-0.048832
-0.049038
-0.0489007
-0.0483652
-0.0475962
-0.0469097
-0.0464977
-0.0462368
-0.0459485
-0.0457013
-0.0457425
-0.0461544
-0.0467174
-0.0470607
-0.046841
-0.0458935
-0.0445204
-0.0434494
-0.0431748
-0.0435318
-0.0439437
-0.044081
-0.0440948
-0.0443145
-0.0449324
-0.0457288
-0.0461956
-0.045921
-0.0450422
-0.0440673
-0.0432984
-0.0426255
-0.0418428
-0.0412661
-0.0415133
-0.0429139
-0.0449598
-0.04669
-0.0473902
-0.0470607
-0.0462506
-0.0454816
-0.0449598
-0.0446852
-0.0448774
-0.0457974
-0.0473765
-0.0488595
-0.0492577
-0.0480768
-0.0458386
-0.0436828
-0.0426393
-0.0430237
-0.0442733
-0.0453992
-0.0457013
-0.0451383
-0.0442733
-0.0438201
-0.0442321
-0.0452619
-0.0462368
-0.0465664
-0.0463604
-0.0462643
-0.0466076
-0.0469097
-0.0464428
-0.0450971
-0.0436142
-0.042859
-0.0430237
-0.0434357
-0.0431748
-0.041939
-0.0402638
-0.0390005
-0.0385886
-0.0388357
-0.0393026
-0.0396321
-0.0396596
-0.0393026
-0.0386847
-0.0382727
-0.0385474
-0.0396184
-0.0410739
-0.0423509
-0.0431748
-0.0435318
-0.0434494
-0.0429139
-0.0420488
-0.0411975
-0.0407443
-0.0407443
-0.0408405
-0.040607
-0.0400578
-0.039687
-0.0400029
-0.0410327
-0.0423097
-0.0431748
-0.043161
-0.0423372
-0.0413073
-0.040964
-0.0417605
-0.0433121
-0.0446852
-0.0450422
-0.044287
-0.0429139
-0.0417605
-0.0414172
-0.0419252
-0.0427079
-0.0431198
-0.042859
-0.0421724
-0.0415545
-0.0413485
-0.0414584
-0.0416643
-0.041939
-0.0425843
-0.0436966
-0.0448774
-0.045413
-0.0448912
-0.0434769
-0.0418017
-0.0405658
-0.0402226
-0.0407306
-0.0414858
-0.0417193
-0.0411563
-0.0402226
-0.0395497
-0.0393163
-0.0392202
-0.0390005
-0.0387808
-0.0388494
-0.0393712
-0.0402363
-0.04117
-0.0420351
-0.0428178
-0.0434219
-0.0435592
-0.0429688
-0.041733
-0.0403599
-0.039385
-0.038973
-0.0390005
-0.0392339
-0.0394399
-0.0394673
-0.0394536
-0.0397282
-0.0404285
-0.0412524
-0.041582
-0.041019
-0.0398106
-0.0387533
-0.0385748
-0.0393712
-0.0404972
-0.0410739
-0.040662
-0.0395772
-0.0385062
-0.0380118
-0.0381766
-0.0387259
-0.0392614
-0.0394124
-0.0390417
-0.0383139
-0.0375175
-0.0369545
-0.0368859
-0.0373939
-0.0381903
-0.0388769
-0.0392614
-0.0394948
-0.0397832
-0.0401264
-0.0404285
-0.0405521
-0.0402912
-0.0395497
-0.0385748
-0.0379432
-0.0380805
-0.0388083
-0.0395635
-0.0399205
-0.0399342
-0.0399342
-0.0401676
-0.0406345
-0.0410876
-0.0412249
-0.041019
-0.0405658
-0.0400303
-0.039385
-0.0385748
-0.0377647
-0.0372978
-0.0374351
-0.0381492
-0.0391515
-0.0400578
-0.0407032
-0.0411014
-0.0413348
-0.0413485
-0.0410464
-0.0406894
-0.0406894
