LECROYHDO9204-MSöv,30454,Waveform
Segments,1,SegmentSize,2002
Ampl
-0.013282
-0.0143942
-0.0146963
-0.0140097
-0.0127876
-0.0116068
-0.0107966
-0.0103023
-0.00995901
-0.00971185
-0.009602
-0.00979424
-0.0103572
-0.011085
-0.0117166
-0.0121697
-0.0125542
-0.0127464
-0.0124032
-0.0113321
-0.0100414
-0.00951961
-0.0104121
-0.0124581
-0.0145452
-0.0156987
-0.0157124
-0.0151219
-0.0145315
-0.0140921
-0.0136802
-0.0133369
-0.0133643
-0.0139823
-0.0149022
-0.0155613
-0.0155201
-0.0146963
-0.0134193
-0.0122521
-0.0116617
-0.0117853
-0.0123345
-0.0128014
-0.0128426
-0.0124306
-0.0117853
-0.0113321
-0.0113321
-0.0117303
-0.0121835
-0.0124169
-0.0124993
-0.0127464
-0.0132682
-0.0138175
-0.0138999
-0.0131721
-0.0117029
-0.010165
-0.00946469
-0.0101101
-0.0117029
-0.0134193
-0.0145178
-0.0147787
-0.0144491
-0.0139685
-0.0137351
-0.0138724
-0.0141745
-0.0144079
-0.0144217
-0.0143667
-0.0144766
-0.0148748
-0.0151906
-0.0149434
-0.0140234
-0.0129387
-0.0122933
-0.012362
-0.0129799
-0.0137076
-0.0141745
-0.0142157
-0.0139823
-0.0138037
-0.0138449
-0.0138449
-0.0135017
-0.0129936
-0.01287
-0.013433
-0.0143255
-0.0149709
-0.015067
-0.0148336
-0.0146414
-0.0146551
-0.0146551
-0.0142843
-0.0135429
-0.0129112
-0.0129799
-0.0137763
-0.0147375
-0.0151494
-0.0147787
-0.0139823
-0.0133506
-0.0133369
-0.0138999
-0.0145727
-0.0148336
-0.0145727
-0.013996
-0.0134605
-0.0131309
-0.012925
-0.0126778
-0.0122247
-0.011593
-0.0108515
-0.0102199
-0.0100826
-0.010673
-0.0120324
-0.01379
-0.0153279
-0.0160007
-0.015479
-0.0139136
-0.012005
-0.010728
-0.0109065
-0.0125679
-0.0147375
-0.0161106
-0.0161106
-0.0152867
-0.01471
-0.0149022
-0.0156163
-0.0161518
-0.0159458
-0.0151219
-0.0144628
-0.0146551
-0.0155476
-0.0163028
-0.0164264
-0.0161243
-0.0158909
-0.015836
-0.0158085
-0.0156712
-0.0156437
-0.0160831
-0.0172228
-0.0188706
-0.0202711
-0.0204634
-0.0190765
-0.0165088
-0.0137214
-0.0115656
-0.0106044
-0.0109751
-0.0123208
-0.0140921
-0.015781
-0.0169619
-0.0173052
-0.0165774
-0.0150396
-0.0134193
-0.0123894
-0.0121972
-0.0125954
-0.0131721
-0.0135978
-0.0136664
-0.0133506
-0.0126915
-0.0116891
-0.0104671
-0.00946469
-0.00931365
-0.0102611
-0.0118265
-0.0131584
-0.0135978
-0.0131172
-0.0121697
-0.0113459
-0.0109065
-0.010728
-0.0105632
-0.0106456
-0.0113459
-0.0126503
-0.0140372
-0.0150121
-0.0154103
-0.0154378
-0.0152867
-0.0151769
-0.0151769
-0.0151906
-0.0150121
-0.0145727
-0.0141196
-0.0138999
-0.0139273
-0.0140372
-0.0141058
-0.0141882
-0.0142157
-0.0141196
-0.0138175
-0.013433
-0.0132133
-0.0134193
-0.014147
-0.0151906
-0.0161381
-0.0166461
-0.0164676
-0.0155751
-0.0141608
-0.012719
-0.0117166
-0.0113321
-0.0113596
-0.0115656
-0.0118951
-0.0124581
-0.0133643
-0.0145178
-0.0155339
-0.0159595
-0.0155751
-0.0146139
-0.0135154
-0.0125542
-0.0119363
-0.0119912
-0.0128838
-0.0142981
-0.0155888
-0.0162616
-0.0162891
-0.0159595
-0.01563
-0.0154927
-0.0155339
-0.0156163
-0.015781
-0.0161381
-0.0165637
-0.0166324
-0.0159733
-0.01471
-0.0134467
-0.0130211
-0.0138587
-0.0156849
-0.0176073
-0.0187744
-0.0190353
-0.0188431
-0.0185959
-0.0181977
-0.0174151
-0.0164813
-0.0158772
-0.0157398
-0.0156849
-0.0154103
-0.0150258
-0.0148061
-0.0148061
-0.015067
-0.0156163
-0.0162616
-0.016756
-0.0170443
-0.0172091
-0.0171542
-0.0166324
-0.0156025
-0.0144217
-0.0134742
-0.0130073
-0.0129524
-0.0131172
-0.0133918
-0.0138999
-0.0149709
-0.0166461
-0.0181153
-0.0183625
-0.0170992
-0.0151082
-0.0134467
-0.0125817
-0.0123894
-0.0125405
-0.0127739
-0.0129387
-0.0130348
-0.0130897
-0.0131446
-0.0132133
-0.0134467
-0.0138037
-0.0139548
-0.0135566
-0.0126915
-0.0118265
-0.0112909
-0.0110987
-0.0111124
-0.0114557
-0.0123757
-0.0138175
-0.0153279
-0.0161792
-0.0159458
-0.0148473
-0.0136527
-0.0130897
-0.0133094
-0.0138587
-0.0142157
-0.0142294
-0.0142157
-0.0145178
-0.0153004
-0.0162891
-0.0168246
-0.0163989
-0.0152455
-0.0141882
-0.0139548
-0.0144903
-0.0152867
-0.0158909
-0.0161518
-0.0160007
-0.0154378
-0.0146963
-0.0141608
-0.0140921
-0.0144217
-0.0147512
-0.0146825
-0.0141333
-0.0134193
-0.0130348
-0.0131446
-0.0135566
-0.0140097
-0.0143942
-0.0145178
-0.0141608
-0.0134055
-0.0126778
-0.0124856
-0.013076
-0.0142706
-0.015479
-0.0159733
-0.0154103
-0.0142294
-0.0132682
-0.013076
-0.0135017
-0.0143118
-0.0154652
-0.0170168
-0.0185822
-0.0193786
-0.0188843
-0.0172503
-0.0151906
-0.0134605
-0.0124169
-0.0119363
-0.0118539
-0.0121697
-0.0130897
-0.0145178
-0.0159733
-0.0169345
-0.0170992
-0.0165774
-0.0157398
-0.0151769
-0.0152593
-0.0159184
-0.0166324
-0.0168795
-0.0163715
-0.0152181
-0.0138861
-0.0129661
-0.0127327
-0.0129799
-0.0132545
-0.0134879
-0.0139823
-0.014916
-0.0159184
-0.0164264
-0.0161243
-0.0151906
-0.0142569
-0.0139136
-0.0143255
-0.0152043
-0.0161106
-0.0167971
-0.0172228
-0.0173739
-0.0171267
-0.0165088
-0.0157673
-0.0154103
-0.0157536
-0.0167697
-0.0180192
-0.0189255
-0.0192276
-0.0191315
-0.018898
-0.0184861
-0.0177309
-0.0168521
-0.0164264
-0.0167148
-0.0173464
-0.0177034
-0.0175386
-0.0171954
-0.0171679
-0.0177995
-0.0189804
-0.0202437
-0.0210264
-0.0211774
-0.0211087
-0.0215207
-0.0228663
-0.0251732
-0.028043
-0.0309677
-0.0335767
-0.035911
-0.0382453
-0.0408817
-0.0441085
-0.0482278
-0.053226
-0.0585812
-0.0636342
-0.0682754
-0.0729577
-0.0782168
-0.08408
-0.0902041
-0.0961909
-0.101807
-0.106874
-0.111391
-0.115593
-0.119781
-0.124024
-0.128102
-0.131878
-0.135435
-0.13906
-0.143042
-0.147367
-0.15183
-0.155935
-0.159327
-0.161922
-0.163941
-0.165726
-0.167442
-0.168939
-0.169955
-0.170518
-0.171012
-0.171877
-0.173003
-0.173703
-0.173278
-0.171603
-0.169392
-0.167676
-0.166934
-0.166742
-0.166316
-0.165286
-0.163845
-0.162293
-0.160741
-0.159245
-0.15794
-0.156924
-0.1561
-0.155221
-0.154054
-0.15242
-0.150319
-0.148067
-0.146227
-0.145088
-0.144387
-0.143536
-0.142273
-0.14079
-0.139568
-0.139046
-0.139142
-0.139362
-0.139115
-0.13825
-0.137206
-0.136574
-0.136574
-0.136918
-0.137165
-0.137014
-0.13641
-0.135668
-0.135242
-0.135462
-0.136259
-0.137192
-0.137879
-0.138263
-0.13851
-0.13884
-0.139307
-0.139884
-0.140556
-0.14149
-0.142836
-0.144607
-0.146447
-0.14771
-0.147944
-0.147243
-0.146159
-0.145294
-0.144992
-0.145266
-0.145761
-0.146118
-0.146296
-0.146639
-0.147477
-0.14863
-0.149633
-0.150237
-0.150594
-0.150772
-0.150539
-0.149619
-0.14826
-0.147202
-0.147175
-0.148218
-0.149688
-0.150745
-0.150841
-0.149866
-0.14815
-0.146365
-0.145307
-0.145321
-0.146049
-0.146681
-0.146598
-0.145747
-0.144607
-0.143769
-0.143632
-0.144099
-0.144731
-0.145129
-0.145184
-0.144868
-0.144017
-0.142616
-0.141037
-0.140048
-0.140131
-0.141092
-0.14219
-0.142822
-0.14285
-0.142547
-0.142314
-0.142245
-0.14219
-0.141984
-0.141627
-0.141188
-0.140694
-0.140186
-0.139829
-0.139952
-0.140735
-0.142026
-0.143385
-0.144291
-0.144319
-0.143316
-0.141518
-0.139554
-0.138236
-0.138071
-0.139087
-0.14068
-0.142122
-0.143028
-0.143467
-0.143715
-0.143907
-0.143989
-0.143948
-0.144003
-0.144374
-0.145074
-0.145706
-0.145706
-0.144689
-0.142781
-0.140735
-0.139389
-0.139211
-0.140048
-0.14138
-0.142726
-0.143756
-0.144346
-0.144552
-0.14447
-0.14436
-0.144497
-0.144964
-0.145486
-0.145486
-0.144593
-0.142973
-0.141215
-0.139966
-0.139444
-0.13954
-0.140007
-0.140474
-0.140501
-0.13987
-0.138936
-0.138332
-0.138497
-0.139307
-0.140227
-0.140817
-0.1409
-0.140625
-0.140241
-0.139787
-0.13917
-0.138401
-0.137618
-0.136945
-0.136574
-0.136725
-0.137549
-0.13884
-0.140007
-0.140584
-0.140666
-0.140639
-0.140611
-0.140309
-0.139595
-0.138689
-0.137947
-0.137481
-0.137261
-0.137261
-0.137481
-0.137783
-0.137975
-0.137975
-0.137893
-0.137865
-0.137893
-0.137975
-0.138153
-0.138332
-0.138208
-0.137549
-0.136396
-0.135036
-0.133759
-0.132908
-0.132881
-0.133773
-0.135146
-0.136231
-0.136341
-0.135586
-0.134638
-0.134254
-0.134666
-0.135586
-0.136451
-0.136725
-0.136107
-0.134817
-0.133389
-0.132276
-0.13159
-0.131219
-0.131164
-0.131576
-0.132441
-0.133375
-0.133814
-0.133402
-0.132222
-0.13078
-0.129681
-0.129187
-0.129283
-0.129791
-0.130546
-0.131329
-0.131878
-0.131961
-0.131521
-0.130766
-0.130038
-0.129709
-0.129915
-0.130478
-0.130876
-0.130697
-0.129997
-0.129297
-0.129063
-0.129338
-0.129695
-0.129695
-0.129256
-0.128597
-0.12802
-0.127567
-0.127196
-0.12699
-0.127196
-0.127992
-0.129146
-0.130176
-0.130505
-0.129942
-0.12883
-0.127773
-0.127196
-0.127155
-0.127306
-0.127306
-0.127045
-0.126633
-0.126029
-0.125177
-0.124203
-0.123598
-0.123763
-0.124724
-0.126139
-0.127388
-0.127828
-0.127196
-0.125823
-0.124367
-0.123324
-0.122788
-0.122582
-0.122527
-0.122637
-0.123104
-0.123928
-0.12482
-0.12537
-0.125452
-0.12526
-0.125054
-0.124917
-0.124793
-0.124422
-0.123475
-0.1218
-0.119699
-0.117763
-0.116609
-0.116541
-0.117502
-0.118998
-0.120303
-0.120935
-0.12088
-0.120426
-0.119863
-0.119452
-0.119342
-0.119506
-0.119603
-0.119204
-0.118271
-0.117337
-0.11698
-0.117186
-0.117351
-0.116911
-0.115991
-0.115236
-0.115209
-0.115881
-0.116733
-0.1172
-0.117282
-0.117241
-0.117282
-0.117282
-0.117131
-0.116856
-0.116444
-0.115607
-0.114165
-0.112558
-0.111556
-0.11157
-0.112407
-0.113547
-0.114508
-0.115058
-0.11525
-0.115264
-0.115126
-0.114838
-0.11455
-0.114632
-0.115277
-0.116252
-0.11709
-0.117296
-0.116637
-0.115222
-0.113739
-0.112984
-0.113451
-0.114714
-0.115868
-0.116019
-0.114934
-0.113121
-0.111419
-0.110664
-0.111295
-0.113012
-0.114865
-0.115827
-0.115538
-0.114371
-0.113039
-0.112188
-0.112092
-0.112558
-0.11308
-0.113231
-0.112998
-0.112764
-0.112806
-0.112916
-0.112778
-0.112339
-0.111968
-0.111941
-0.112229
-0.11249
-0.112517
-0.112229
-0.111625
-0.11076
-0.109716
-0.108645
-0.107766
-0.107299
-0.107327
-0.107711
-0.108151
-0.108522
-0.10892
-0.109414
-0.109812
-0.109922
-0.10962
-0.108879
-0.107807
-0.106764
-0.106338
-0.106736
-0.107423
-0.107574
-0.106833
-0.105473
-0.104031
-0.103015
-0.102796
-0.103455
-0.104581
-0.105405
-0.105473
-0.104896
-0.103935
-0.102631
-0.101162
-0.099967
-0.0995551
-0.0998983
-0.10053
-0.100942
-0.101079
-0.101148
-0.101368
-0.10178
-0.102397
-0.103153
-0.103798
-0.104018
-0.103702
-0.103043
-0.102397
-0.101944
-0.101725
-0.101587
-0.10145
-0.101285
-0.101052
-0.100722
-0.100393
-0.100104
-0.0997198
-0.099047
-0.0983055
-0.098127
-0.098896
-0.100214
-0.101148
-0.101065
-0.100214
-0.0994177
-0.0992118
-0.0992942
-0.0990195
-0.0981819
-0.0973443
-0.0971658
-0.0977288
-0.0983742
-0.0984428
-0.0977563
-0.0966028
-0.0955593
-0.0951748
-0.0955867
-0.0964518
-0.0971933
-0.0975091
-0.0974542
-0.0971521
-0.0964518
-0.0952847
-0.0941038
-0.0937056
-0.0946118
-0.0964655
-0.0981819
-0.0988273
-0.0983192
-0.0974542
-0.0971796
-0.0977151
-0.098333
-0.0981407
-0.0968088
-0.0949139
-0.0934035
-0.0929778
-0.0934996
-0.0941587
-0.09409
-0.0931838
-0.0921265
-0.0916871
-0.0919342
-0.0921951
-0.0918381
-0.0908907
-0.0899844
-0.0896823
-0.0900805
-0.0909181
-0.0918793
-0.0928268
-0.0936369
-0.0941038
-0.0940763
-0.0936506
-0.0929915
-0.092099
-0.0908769
-0.0895038
-0.0883916
-0.0878012
-0.0876638
-0.0880071
-0.0889271
-0.0902178
-0.0912065
-0.0912751
-0.090465
-0.0893802
-0.0887349
-0.0888996
-0.0898746
-0.091179
-0.0921265
-0.0922089
-0.0914399
-0.0903414
-0.0897098
-0.0900119
-0.0908632
-0.0913026
-0.0906572
-0.089188
-0.0878012
-0.0871832
-0.0873206
-0.0878835
-0.0885014
-0.0888859
-0.0887623
-0.0880483
-0.0870871
-0.0865104
-0.0867164
-0.0875952
-0.0885014
-0.0887074
-0.087911
-0.0864143
-0.0848352
-0.0835445
-0.0827206
-0.0825284
-0.0830639
-0.08408
-0.085
-0.085357
-0.0850961
-0.0845057
-0.0839701
-0.0836681
-0.0835857
-0.0836269
-0.0837093
-0.0837916
-0.0838328
-0.083929
-0.0841212
-0.0844782
-0.0850412
-0.0857827
-0.0865516
-0.0870459
-0.0867713
-0.085508
-0.0837642
-0.0826657
-0.0828579
-0.0838603
-0.0846704
-0.0847116
-0.0841212
-0.08316
-0.0820752
-0.0813338
-0.0814985
-0.0826245
-0.0840937
-0.0851098
-0.0852609
-0.0846018
-0.0833797
-0.082034
-0.0811278
-0.0810454
-0.0816221
-0.0821714
-0.082089
-0.0812239
-0.079892
-0.0787111
-0.078203
-0.0785326
-0.079329
-0.0800293
-0.0803039
-0.0801529
-0.0797684
-0.0793702
-0.0790681
-0.0788209
-0.0784914
-0.0782717
-0.0784914
-0.0792054
-0.0798508
-0.0798233
-0.0789308
-0.0777087
-0.076775
-0.0763905
-0.0763356
-0.0761296
-0.0755392
-0.0747702
-0.0742073
-0.07407
-0.0742073
-0.0744132
-0.0746329
-0.0748938
-0.0752371
-0.0756216
-0.0759511
-0.0761434
-0.0762532
-0.0763768
-0.0765828
-0.0767613
-0.0766652
-0.0761983
-0.0754293
-0.0745094
-0.0736168
-0.0730813
-0.0732461
-0.0740837
-0.0752508
-0.0763493
-0.0771595
-0.0774616
-0.0771046
-0.076212
-0.0751547
-0.0743858
-0.0741386
-0.0744544
-0.075141
-0.0758138
-0.076061
-0.0757589
-0.0751547
-0.074427
-0.0736443
-0.0729303
-0.0725733
-0.0726007
-0.0726419
-0.072381
-0.071873
-0.0713512
-0.0709392
-0.0706646
-0.0704998
-0.0704037
-0.0704037
-0.0706921
-0.0713374
-0.0719416
-0.0719279
-0.0713374
-0.0710354
-0.0716807
-0.0729715
-0.0738228
-0.0734521
-0.0720103
-0.0702801
-0.0690306
-0.0685363
-0.0686324
-0.0688521
-0.0689345
-0.0689482
-0.0691679
-0.0697584
-0.0705822
-0.0713374
-0.0717219
-0.0716945
-0.071461
-0.0713374
-0.0713512
-0.0711864
-0.0706509
-0.0698682
-0.0691679
-0.0686736
-0.0683166
-0.068193
-0.0686461
-0.0698819
-0.0716121
-0.0730676
-0.0734932
-0.0726007
-0.0708981
-0.0692778
-0.0683715
-0.0680694
-0.0679458
-0.0679458
-0.0683578
-0.0692915
-0.070596
-0.0718867
-0.0727655
-0.0727792
-0.0717082
-0.0698957
-0.0681518
-0.0672181
-0.0673829
-0.0682617
-0.0690581
-0.0689894
-0.0678635
-0.0661059
-0.0646092
-0.0641148
-0.0647739
-0.0660372
-0.067067
-0.0673829
-0.0672044
-0.0671082
-0.0673279
-0.067685
-0.067987
-0.0681518
-0.0680694
-0.0675751
-0.0666002
-0.0654468
-0.0646092
-0.0643483
-0.0646366
-0.0653781
-0.066559
-0.0679596
-0.0690581
-0.0692778
-0.0684676
-0.0670259
-0.0656253
-0.0647877
-0.0646778
-0.0650486
-0.0654742
-0.0655841
-0.0651309
-0.0641011
-0.062934
-0.0622611
-0.0623572
-0.0629614
-0.0637166
-0.0644719
-0.0652133
-0.0656939
-0.0656939
-0.0651996
-0.0643757
-0.0633322
-0.062371
-0.0620414
-0.0627692
-0.0643757
-0.0661608
-0.0673554
-0.0675202
-0.0666826
-0.0654193
-0.064568
-0.0646778
-0.0656253
-0.0666826
-0.0671494
-0.066765
-0.0657214
-0.0646504
-0.0641835
-0.064362
-0.0646778
-0.0646641
-0.0642796
-0.0637716
-0.063291
-0.0630438
-0.0633184
-0.0641148
-0.0649662
-0.065433
-0.0654605
-0.0653506
-0.0651584
-0.0647465
-0.0641698
-0.0637441
-0.0635931
-0.0634969
-0.0631399
-0.0624946
-0.0616844
-0.0608743
-0.0602838
-0.0600367
-0.0601603
-0.0606134
-0.0612862
-0.0619453
-0.0623572
-0.0624122
-0.0622749
-0.062165
-0.0621787
-0.0623161
-0.0624671
-0.0624946
-0.0623435
-0.0620964
-0.0618217
-0.0613274
-0.0603662
-0.0591304
-0.0582242
-0.058183
-0.0589519
-0.0600367
-0.0609017
-0.0614098
-0.0616707
-0.0618355
-0.0618904
-0.0616432
-0.0610253
-0.0601877
-0.0593364
-0.0585949
-0.0579358
-0.0575513
-0.0576474
-0.0581555
-0.0586636
-0.0589794
-0.0592815
-0.0597895
-0.0602152
-0.0600641
-0.059103
-0.0575376
-0.0558761
-0.05486
-0.0550385
-0.056343
-0.0580319
-0.0592403
-0.0595561
-0.0589519
-0.05762
-0.0559997
-0.054654
-0.0539126
-0.053789
-0.0542421
-0.0553543
-0.0569746
-0.0585812
-0.0596797
-0.060174
-0.0602838
-0.0601191
-0.0595561
-0.0584851
-0.0572492
-0.0564116
-0.0564254
-0.0572904
-0.0584027
-0.0588283
-0.0581006
-0.0565764
-0.0551346
-0.0542009
-0.0537203
-0.0535418
-0.0536929
-0.0542147
-0.0549149
-0.055629
-0.0562194
-0.0566588
-0.056906
-0.0570021
-0.0570158
-0.056906
-0.0566588
-0.0564803
-0.0566863
-0.0573179
-0.0581143
-0.0586636
-0.0587322
-0.0581967
-0.0571119
-0.0556152
-0.053995
-0.0526768
-0.0521824
-0.0527454
-0.0539538
-0.0549973
-0.0553543
-0.0551621
-0.0549973
-0.0552582
-0.0558624
-0.0563979
-0.0563842
-0.0556152
-0.0544618
-0.0536929
-0.0538714
-0.0549287
-0.0561782
-0.0567687
-0.0562881
-0.0550111
-0.0536379
-0.0526905
-0.0522236
-0.0521275
-0.0524571
-0.0532535
-0.0542284
-0.0549836
-0.0553681
-0.0555603
-0.0556152
-0.0552994
-0.0543382
-0.052869
-0.0513998
-0.0504248
-0.0501914
-0.0507956
-0.0520314
-0.0533221
-0.0540499
-0.0538439
-0.0529788
-0.051949
-0.0511663
-0.0507407
-0.0505896
-0.0505896
-0.0508093
-0.0513174
-0.0520039
-0.0525532
-0.052663
-0.0522923
-0.0515096
-0.050521
-0.0496559
-0.0493401
-0.0497246
-0.0504935
-0.0512075
-0.0516469
-0.051798
-0.051592
-0.0510016
-0.0502601
-0.0496971
-0.0495872
-0.0499854
-0.050672
-0.0510565
-0.0506033
-0.0494911
-0.0485162
-0.0483514
-0.0488869
-0.0494774
-0.049601
-0.0492989
-0.0488458
-0.0485162
-0.0483789
-0.0483377
-0.0484064
-0.0487908
-0.0496284
-0.0506583
-0.0513174
-0.0513174
-0.0508505
-0.0502875
-0.0498619
-0.0497246
-0.0500816
-0.050878
-0.0516606
-0.051798
-0.051029
-0.0495323
-0.0477473
-0.0462368
-0.0456464
-0.0463055
-0.0478708
-0.0494637
-0.0502738
-0.050109
-0.049244
-0.0482553
-0.0476511
-0.0475825
-0.0478846
-0.0482553
-0.0485162
-0.0486123
-0.0485437
-0.0484201
-0.0483377
-0.0481592
-0.0477473
-0.0472529
-0.0470332
-0.0472529
-0.0477473
-0.0483102
-0.0490243
-0.0498756
-0.0505347
-0.0505484
-0.0498344
-0.0488869
-0.0482004
-0.0478846
-0.0477061
-0.0474726
-0.0472255
-0.0472804
-0.0478708
-0.048832
-0.0495872
-0.049395
-0.0479395
-0.0456189
-0.0433258
-0.0419664
-0.0419252
-0.042804
-0.043724
-0.0440948
-0.0439437
-0.0435181
-0.042859
-0.0421037
-0.0416506
-0.0419115
-0.0427766
-0.0436966
-0.0441085
-0.0438888
-0.0434357
-0.0432572
-0.0435592
-0.044136
-0.044644
-0.0449598
-0.0450559
-0.0448362
-0.0440536
-0.0427766
-0.0416506
-0.0414858
-0.0425569
-0.0442595
-0.0455228
-0.0456327
-0.0446165
-0.0432434
-0.0423097
-0.0421037
-0.0423784
-0.0427079
-0.0429551
-0.0431336
-0.043367
-0.0438201
-0.0445342
-0.0452207
-0.0452894
-0.0445616
-0.0435181
-0.0427628
-0.0423784
-0.0419252
-0.0412799
-0.0409366
-0.041582
-0.0432709
-0.0451246
-0.0459347
-0.0450834
-0.043161
-0.041582
-0.0414996
-0.0429139
-0.04485
-0.0461407
-0.0461819
-0.0451383
-0.0437652
-0.0428178
-0.0425294
-0.0426804
-0.0429001
-0.0430924
-0.0432709
-0.0433945
-0.0433807
-0.043367
-0.0436691
-0.0443968
-0.0451795
-0.0455228
-0.0452482
-0.0447813
-0.0447813
-0.0454816
-0.046484
-0.0470882
-0.0469646
-0.0462231
-0.0450834
-0.0436828
-0.042447
-0.0419664
-0.0423921
-0.0431473
-0.0435181
-0.0432297
-0.0425981
-0.0420214
-0.0417467
-0.0418154
-0.04209
-0.0423646
-0.0424607
-0.0423509
-0.0420763
-0.0416781
-0.0412524
-0.0408954
-0.0406482
-0.0403736
-0.0399891
-0.0396047
-0.0393026
-0.0391378
-0.0392614
-0.0397832
-0.0405933
-0.0413348
-0.0418703
-0.0422685
-0.0424058
-0.041939
-0.0408679
-0.0398381
-0.0396733
-0.0405247
-0.0417193
-0.0424607
-0.0424333
-0.0418291
-0.0410602
-0.0404423
-0.0399754
-0.0396047
-0.0394124
-0.0394811
-0.039687
-0.0397008
-0.0395085
-0.0394536
-0.0399067
-0.0407718
-0.0414996
-0.0415957
-0.0410876
-0.0404423
-0.0402638
-0.0408817
-0.0421175
-0.0433121
-0.0438201
-0.0435043
-0.0426804
-0.0417879
-0.0412387
-0.0411837
-0.0416094
-0.0421312
-0.0422822
-0.0417879
-0.040813
-0.039742
-0.0389181
-0.03841
-0.0380393
-0.0375999
-0.037133
-0.0368859
-0.0370095
-0.0372978
-0.0375038
-0.0375587
-0.0374489
-0.0372017
-0.0369133
-0.0367211
-0.0367211
-0.0368447
-0.0369408
-0.036982
-0.0370369
-0.0370644
-0.036982
-0.0367074
-0.0362954
-0.035856
-0.0355952
-0.0356226
-0.0359384
-0.0364739
-0.0372704
-0.0383689
-0.0394948
-0.0403461
-0.0408405
-0.0412387
-0.0416369
-0.0416918
-0.0410739
-0.0399479
-0.0388494
-0.0381629
-0.0379844
-0.0381766
-0.0386023
-0.0390829
-0.0395497
-0.0398244
-0.0396047
-0.0386847
-0.037339
-0.0363504
-0.036419
-0.0374763
-0.0387808
-0.0394948
-0.0392476
-0.0382727
-0.0373116
-0.0370232
-0.0374077
-0.0378059
-0.0375999
-0.0367898
-0.035911
-0.0355128
-0.0357325
-0.0363366
-0.0368584
-0.0368996
-0.0364328
-0.0356775
-0.0348811
-0.0339886
-0.0328901
-0.0319289
-0.0317641
-0.0326841
-0.0341259
-0.0350871
-0.0350047
-0.0341259
-0.0332883
-0.0331235
-0.0336591
-0.0344143
-0.0348262
-0.0345653
-0.0337414
-0.0327253
-0.0320662
-0.0321074
-0.0327253
-0.0333982
-0.0337277
-0.0338101
-0.0338925
-0.0339337
-0.0336728
-0.0330411
-0.0323134
-0.0318603
-0.0317504
-0.0317641
-0.0315994
-0.0310364
-0.03024
-0.0298281
-0.0302949
-0.0315444
-0.0328626
-0.033714
-0.0340573
-0.0342358
-0.0344417
-0.0346614
-0.034634
-0.034071
-0.032945
-0.0315582
-0.0304871
-0.0300889
-0.0303361
-0.0309403
-0.0315994
-0.0321212
-0.0324782
-0.0326979
-0.032794
-0.0327803
-0.0326979
-0.0326292
-0.0326155
-0.0325743
-0.0325468
-0.0326979
-0.0331235
-0.0337552
-0.0344967
-0.0352107
-0.0356089
-0.0354578
-0.0348537
-0.0343182
-0.0343731
-0.0349635
-0.0355952
-0.0357737
-0.0355128
-0.0352519
-0.0355128
-0.0363641
-0.0373116
-0.0377509
-0.0373527
-0.0362405
-0.0348399
-0.0337826
-0.0336041
-0.0343456
-0.0353343
-0.0356913
-0.0351558
-0.0341808
-0.0333982
-0.0330961
-0.0332883
-0.0337826
-0.0342632
-0.0343731
-0.0339749
-0.033302
-0.0328215
-0.0328352
-0.0332334
-0.0336316
-0.0336453
-0.0331785
-0.0323821
-0.0315719
-0.0310227
-0.0309403
-0.0314346
-0.0325194
-0.0339474
-0.0352107
-0.0359522
-0.036062
-0.0356089
-0.0348125
-0.034222
-0.0344005
-0.0353205
-0.0360895
-0.0356501
-0.0337552
-0.0313248
-0.0297869
-0.0301164
-0.0322173
-0.0348537
-0.0366113
-0.0368722
-0.036062
-0.0351008
-0.0346065
-0.0345928
-0.0347164
-0.0347575
-0.0348674
-0.0353205
-0.0361032
-0.0368584
-0.0370095
-0.0363092
-0.0350459
-0.0338513
-0.033302
-0.0335767
-0.0345516
-0.0356913
-0.0363778
-0.0362268
-0.0354029
-0.0344555
-0.0339062
-0.0340298
-0.034785
-0.0358423
-0.0366799
-0.0368722
-0.0363641
-0.0354716
-0.0345378
-0.0338925
-0.0337552
-0.0340023
-0.0342358
-0.034222
-0.0341671
-0.0343593
-0.034785
-0.0353617
-0.0359659
-0.0364739
-0.0366387
-0.0363641
-0.0357874
-0.0351146
