LECROYHDO9204-MSöv,30454,Waveform
Segments,1,SegmentSize,2002
Ampl
-0.00967066
-0.00983543
-0.00972558
-0.00953335
-0.009602
-0.0101375
-0.0110987
-0.0123208
-0.0134742
-0.0141882
-0.0141333
-0.013227
-0.0118402
-0.0107417
-0.0107005
-0.0118265
-0.0134193
-0.0143805
-0.0140234
-0.0125267
-0.0107692
-0.00971185
-0.00976678
-0.0105906
-0.0114832
-0.0120736
-0.0124444
-0.0128014
-0.0130897
-0.0131584
-0.0129799
-0.0128288
-0.0129661
-0.0133232
-0.0134879
-0.0131446
-0.0124718
-0.012005
-0.0119912
-0.0122384
-0.0123208
-0.012005
-0.0114283
-0.0107966
-0.0102611
-0.00989036
-0.00967066
-0.00965693
-0.00993155
-0.0106456
-0.0117441
-0.0129661
-0.0139273
-0.0144079
-0.0143118
-0.0137076
-0.0128151
-0.0120599
-0.0117853
-0.0121697
-0.0131035
-0.0143393
-0.0155476
-0.0164539
-0.0169345
-0.0172091
-0.0175112
-0.0177446
-0.0175249
-0.0167285
-0.0157536
-0.0151494
-0.0151082
-0.0153142
-0.015273
-0.0148885
-0.0146002
-0.0149297
-0.0157398
-0.0162204
-0.0156987
-0.0144217
-0.013282
-0.0129524
-0.0133506
-0.0140784
-0.0148748
-0.0157261
-0.0164813
-0.0168933
-0.0166049
-0.0155064
-0.0138037
-0.0121972
-0.0114008
-0.0118951
-0.0134467
-0.0152867
-0.0164676
-0.0164813
-0.0154103
-0.0138999
-0.012719
-0.0123345
-0.0127876
-0.0137488
-0.0147375
-0.0153828
-0.0155339
-0.015424
-0.0154515
-0.0156987
-0.0158497
-0.0155064
-0.0146139
-0.0136252
-0.0131584
-0.0135154
-0.0144354
-0.0150807
-0.0147512
-0.013584
-0.0124032
-0.012005
-0.0124856
-0.0133094
-0.0137626
-0.0134879
-0.0127602
-0.0122933
-0.0124856
-0.0132133
-0.0139685
-0.0144217
-0.0145178
-0.014353
-0.0140921
-0.0140097
-0.0143118
-0.0148885
-0.0153279
-0.0153279
-0.0148473
-0.013996
-0.0129936
-0.0123345
-0.0124032
-0.0132682
-0.0144354
-0.0153416
-0.0156987
-0.0155339
-0.0150396
-0.014504
-0.0141196
-0.0139411
-0.0139136
-0.0141058
-0.0145452
-0.0150258
-0.0150258
-0.0142706
-0.0129661
-0.0118676
-0.011593
-0.0122521
-0.0133643
-0.0142294
-0.0142569
-0.0134055
-0.0122384
-0.011593
-0.0118539
-0.01287
-0.0142569
-0.0157124
-0.0170306
-0.0180055
-0.0183762
-0.0179918
-0.0169894
-0.0157398
-0.014504
-0.0133918
-0.0125954
-0.0124444
-0.0130073
-0.0138724
-0.0144903
-0.0147649
-0.0149709
-0.0152455
-0.0151631
-0.0144491
-0.0133369
-0.0123894
-0.0118402
-0.0115518
-0.0112772
-0.0111399
-0.0115106
-0.0125405
-0.0139685
-0.0151906
-0.0157261
-0.0155339
-0.014916
-0.0142981
-0.0138449
-0.0134742
-0.0129799
-0.0122933
-0.0115656
-0.0111948
-0.0114283
-0.0121423
-0.01287
-0.0132682
-0.0134055
-0.0136115
-0.0141608
-0.0149434
-0.0155064
-0.015424
-0.0146688
-0.0136664
-0.0129799
-0.0128563
-0.0131858
-0.0135566
-0.013584
-0.0131446
-0.0124993
-0.0121697
-0.0124856
-0.013227
-0.0139411
-0.0143393
-0.0143942
-0.0142981
-0.0143118
-0.0146825
-0.015424
-0.0161106
-0.0162342
-0.0156163
-0.0144628
-0.0132408
-0.0124581
-0.0124718
-0.0131309
-0.0138724
-0.0140784
-0.0136115
-0.0128563
-0.012362
-0.0124169
-0.0130211
-0.0138449
-0.0144079
-0.0144766
-0.0143255
-0.014353
-0.0146963
-0.0151219
-0.0153416
-0.0151906
-0.01471
-0.0140646
-0.0134879
-0.0131446
-0.0131584
-0.013584
-0.0143393
-0.0150396
-0.0151906
-0.0145864
-0.0136664
-0.0131309
-0.0132957
-0.0138449
-0.0142706
-0.0143942
-0.0143805
-0.0144079
-0.0144079
-0.0142569
-0.0139685
-0.0136664
-0.0133781
-0.0130623
-0.0127876
-0.0127464
-0.0131721
-0.014147
-0.0155751
-0.017058
-0.0179231
-0.0174151
-0.0155476
-0.013227
-0.0116479
-0.0114008
-0.0121011
-0.0130485
-0.0138037
-0.014202
-0.0141745
-0.0137626
-0.0133094
-0.0131309
-0.0131446
-0.0129387
-0.0123208
-0.0115381
-0.0110987
-0.0114008
-0.0124993
-0.0138587
-0.0146963
-0.0145452
-0.01379
-0.013227
-0.0133369
-0.0139548
-0.0145864
-0.01471
-0.014147
-0.013227
-0.0125542
-0.0125679
-0.0131584
-0.0138587
-0.014353
-0.0145315
-0.0143393
-0.0138449
-0.013282
-0.0131309
-0.0136939
-0.0148199
-0.0159321
-0.0164127
-0.0161106
-0.0154103
-0.0148473
-0.0146002
-0.0143805
-0.0140646
-0.0138999
-0.0140784
-0.0142706
-0.0138312
-0.0125679
-0.0109614
-0.00980797
-0.00965693
-0.0104945
-0.0118127
-0.012925
-0.013433
-0.0134605
-0.0133232
-0.0131172
-0.0127739
-0.0124169
-0.0122659
-0.012513
-0.0130073
-0.0134879
-0.0138449
-0.0140921
-0.0141608
-0.0140234
-0.0137351
-0.013433
-0.0132682
-0.0133506
-0.0135703
-0.0136664
-0.013433
-0.0130211
-0.0128014
-0.0129936
-0.0134193
-0.0138724
-0.0142431
-0.0146414
-0.0151494
-0.0156163
-0.0156712
-0.015067
-0.0140097
-0.013282
-0.0135291
-0.0145452
-0.0155339
-0.0159595
-0.015987
-0.0162479
-0.0168658
-0.0173739
-0.0171679
-0.0162479
-0.0150807
-0.0142706
-0.0140372
-0.0143118
-0.0149297
-0.0158909
-0.017058
-0.0180604
-0.01839
-0.0178407
-0.0166049
-0.0151219
-0.0138724
-0.013227
-0.0133369
-0.0141196
-0.0153004
-0.0165363
-0.0175524
-0.0181016
-0.0181565
-0.0180192
-0.0179368
-0.0178956
-0.0176485
-0.017113
-0.0164539
-0.0160282
-0.0160419
-0.0163989
-0.0167285
-0.016756
-0.0165912
-0.0166186
-0.017113
-0.0180467
-0.0191726
-0.0202849
-0.0210675
-0.0213147
-0.021095
-0.0210538
-0.0218777
-0.0237039
-0.0260245
-0.028194
-0.0297869
-0.0308991
-0.0323134
-0.0352793
-0.0407169
-0.0484064
-0.0571943
-0.0660647
-0.074784
-0.0836543
-0.093019
-0.10296
-0.113314
-0.124024
-0.135393
-0.148054
-0.16232
-0.17785
-0.193806
-0.209363
-0.224056
-0.238048
-0.251889
-0.266293
-0.281644
-0.297792
-0.31405
-0.329553
-0.343613
-0.356191
-0.367739
-0.378834
-0.389887
-0.401174
-0.412887
-0.424833
-0.436175
-0.446089
-0.45452
-0.462182
-0.469775
-0.477245
-0.483726
-0.488354
-0.49077
-0.491388
-0.491155
-0.491018
-0.491539
-0.492652
-0.493709
-0.493819
-0.492487
-0.489782
-0.486102
-0.481722
-0.476792
-0.471492
-0.466137
-0.460809
-0.455289
-0.449453
-0.443604
-0.438331
-0.433855
-0.429873
-0.425973
-0.421867
-0.417418
-0.412599
-0.407779
-0.403495
-0.399815
-0.396341
-0.392771
-0.389475
-0.38699
-0.38537
-0.383969
-0.382184
-0.379946
-0.377804
-0.376348
-0.375689
-0.375511
-0.375442
-0.375319
-0.375126
-0.374948
-0.375071
-0.37584
-0.377461
-0.379905
-0.382926
-0.386221
-0.389434
-0.392002
-0.39354
-0.394172
-0.394652
-0.395709
-0.397604
-0.40009
-0.402795
-0.405376
-0.407587
-0.409345
-0.41069
-0.411665
-0.412365
-0.412997
-0.413931
-0.415427
-0.417391
-0.419355
-0.420838
-0.421606
-0.421881
-0.42206
-0.422375
-0.42254
-0.422115
-0.421043
-0.41989
-0.419272
-0.419478
-0.420316
-0.421552
-0.422856
-0.423913
-0.424421
-0.424257
-0.423378
-0.421785
-0.41989
-0.418476
-0.418146
-0.418586
-0.41875
-0.417789
-0.415784
-0.41367
-0.412489
-0.412695
-0.413793
-0.414864
-0.41507
-0.414137
-0.412461
-0.410882
-0.410168
-0.410553
-0.411514
-0.412173
-0.41194
-0.410882
-0.409372
-0.407807
-0.406461
-0.40561
-0.405349
-0.405527
-0.405774
-0.405692
-0.405005
-0.403742
-0.402259
-0.401147
-0.400776
-0.401174
-0.402026
-0.403069
-0.404099
-0.404978
-0.405665
-0.406282
-0.4069
-0.407367
-0.407353
-0.406777
-0.405912
-0.405211
-0.404909
-0.404841
-0.40469
-0.404484
-0.40458
-0.405253
-0.406186
-0.406777
-0.406708
-0.406241
-0.405925
-0.406269
-0.407257
-0.408397
-0.408933
-0.408521
-0.407353
-0.405994
-0.40506
-0.404745
-0.404882
-0.405033
-0.404841
-0.404278
-0.403564
-0.402918
-0.402342
-0.401724
-0.401023
-0.400474
-0.4002
-0.400035
-0.399705
-0.399197
-0.398758
-0.398634
-0.398785
-0.398977
-0.399005
-0.398785
-0.398305
-0.397604
-0.396726
-0.395764
-0.394927
-0.39457
-0.394858
-0.3956
-0.396259
-0.396314
-0.395545
-0.394226
-0.392853
-0.391865
-0.391315
-0.391027
-0.390835
-0.390739
-0.390588
-0.390107
-0.389146
-0.387951
-0.387045
-0.38688
-0.387526
-0.388583
-0.389366
-0.389379
-0.38861
-0.387539
-0.386523
-0.385713
-0.385123
-0.384862
-0.385095
-0.385727
-0.386441
-0.386825
-0.386523
-0.385535
-0.384271
-0.383173
-0.382322
-0.381511
-0.380729
-0.380234
-0.380207
-0.380358
-0.380083
-0.378971
-0.377255
-0.375731
-0.375126
-0.375511
-0.37617
-0.376252
-0.375442
-0.374138
-0.372916
-0.372064
-0.37157
-0.37124
-0.370746
-0.369867
-0.368632
-0.367464
-0.366805
-0.366956
-0.36778
-0.368837
-0.369442
-0.369071
-0.367808
-0.366187
-0.364924
-0.364238
-0.363963
-0.363771
-0.36351
-0.363084
-0.362452
-0.361711
-0.361175
-0.361052
-0.361299
-0.361587
-0.361587
-0.361148
-0.360352
-0.359239
-0.357811
-0.35626
-0.355093
-0.354804
-0.355422
-0.356438
-0.357207
-0.357372
-0.356933
-0.356067
-0.354955
-0.353939
-0.353596
-0.35431
-0.355903
-0.357523
-0.358264
-0.357811
-0.356534
-0.35501
-0.353431
-0.351756
-0.350094
-0.348817
-0.348158
-0.34798
-0.348048
-0.348392
-0.348927
-0.349271
-0.348845
-0.347513
-0.345714
-0.344025
-0.342872
-0.342295
-0.342062
-0.341691
-0.340908
-0.339823
-0.338862
-0.338519
-0.339109
-0.340373
-0.341567
-0.341938
-0.341197
-0.339823
-0.33845
-0.337613
-0.337544
-0.338066
-0.338725
-0.339013
-0.338656
-0.337681
-0.336185
-0.334386
-0.33267
-0.331557
-0.331379
-0.332093
-0.333287
-0.334496
-0.33532
-0.335443
-0.334825
-0.333823
-0.332903
-0.332216
-0.331612
-0.330967
-0.330431
-0.330308
-0.330527
-0.330706
-0.330445
-0.329649
-0.328605
-0.327658
-0.326916
-0.326312
-0.325859
-0.325763
-0.326106
-0.326628
-0.326916
-0.326738
-0.326024
-0.324884
-0.323634
-0.322756
-0.322577
-0.323016
-0.32347
-0.323277
-0.322138
-0.320408
-0.318856
-0.318073
-0.317826
-0.317373
-0.31622
-0.314544
-0.312952
-0.312086
-0.312347
-0.313432
-0.314283
-0.313913
-0.312306
-0.310521
-0.309684
-0.309986
-0.310823
-0.311551
-0.311839
-0.311633
-0.310988
-0.310013
-0.30875
-0.307281
-0.305839
-0.304809
-0.304383
-0.304411
-0.304342
-0.303834
-0.303079
-0.302516
-0.302433
-0.302667
-0.302887
-0.302914
-0.302612
-0.301884
-0.300813
-0.299921
-0.299742
-0.300154
-0.300415
-0.299976
-0.299152
-0.298753
-0.299207
-0.300044
-0.300346
-0.299646
-0.298232
-0.296721
-0.295458
-0.294387
-0.293288
-0.292163
-0.291325
-0.29116
-0.291586
-0.292108
-0.292163
-0.291764
-0.291325
-0.291133
-0.290913
-0.290185
-0.288757
-0.287082
-0.28597
-0.285832
-0.286423
-0.287013
-0.286903
-0.285997
-0.284803
-0.283979
-0.283704
-0.283443
-0.282606
-0.281219
-0.279887
-0.2792
-0.279145
-0.279296
-0.279392
-0.279461
-0.279626
-0.279777
-0.279516
-0.278733
-0.2778
-0.277305
-0.277553
-0.278184
-0.278514
-0.278102
-0.27699
-0.275534
-0.274133
-0.273076
-0.272431
-0.271936
-0.271277
-0.27044
-0.269863
-0.269987
-0.270756
-0.271607
-0.271936
-0.271579
-0.270893
-0.270371
-0.270179
-0.270096
-0.269767
-0.269108
-0.268229
-0.267309
-0.26643
-0.265661
-0.264988
-0.264343
-0.263574
-0.262764
-0.262119
-0.261775
-0.261638
-0.261446
-0.261061
-0.260443
-0.259729
-0.259057
-0.258494
-0.25804
-0.257629
-0.257189
-0.256805
-0.256626
-0.25675
-0.257175
-0.257958
-0.258988
-0.259826
-0.259977
-0.259249
-0.258054
-0.256915
-0.256228
-0.256187
-0.256777
-0.257656
-0.258178
-0.257656
-0.255775
-0.253166
-0.251161
-0.2509
-0.252452
-0.25469
-0.256077
-0.255843
-0.254457
-0.253029
-0.252191
-0.251683
-0.250804
-0.249253
-0.247454
-0.246177
-0.24593
-0.246575
-0.247591
-0.24836
-0.24858
-0.24825
-0.247522
-0.246685
-0.246039
-0.245696
-0.245408
-0.244611
-0.243046
-0.241179
-0.239874
-0.239613
-0.240108
-0.240616
-0.240698
-0.240437
-0.240245
-0.240217
-0.24008
-0.239366
-0.238007
-0.236455
-0.235425
-0.235398
-0.23618
-0.237059
-0.23732
-0.236785
-0.235768
-0.234574
-0.233503
-0.232761
-0.232542
-0.232899
-0.233668
-0.234533
-0.235109
-0.234972
-0.233956
-0.232322
-0.230564
-0.229178
-0.228354
-0.22801
-0.22812
-0.228642
-0.229397
-0.22996
-0.229782
-0.228601
-0.226678
-0.22477
-0.223561
-0.223259
-0.223479
-0.223616
-0.223108
-0.221763
-0.219909
-0.218316
-0.217643
-0.217932
-0.218563
-0.218989
-0.219016
-0.21881
-0.218577
-0.218453
-0.218481
-0.218577
-0.218632
-0.218632
-0.218659
-0.218852
-0.219181
-0.219456
-0.219497
-0.219346
-0.21925
-0.219524
-0.220101
-0.220527
-0.22028
-0.219332
-0.218138
-0.217039
-0.215886
-0.214279
-0.212425
-0.211011
-0.210599
-0.211121
-0.212041
-0.212796
-0.213085
-0.212961
-0.212714
-0.2127
-0.213057
-0.213634
-0.213881
-0.213263
-0.211711
-0.209775
-0.208292
-0.20762
-0.207469
-0.2074
-0.207386
-0.207743
-0.208636
-0.209679
-0.210215
-0.209844
-0.208732
-0.207414
-0.206329
-0.205574
-0.205052
-0.20464
-0.204338
-0.204173
-0.203995
-0.203583
-0.202731
-0.201523
-0.200205
-0.199065
-0.198433
-0.198447
-0.199065
-0.199985
-0.200836
-0.201358
-0.201441
-0.201138
-0.200466
-0.199546
-0.198667
-0.198104
-0.198008
-0.198255
-0.198639
-0.198928
-0.198928
-0.198516
-0.197568
-0.196195
-0.194973
-0.194534
-0.195083
-0.19603
-0.196429
-0.195673
-0.193957
-0.192076
-0.190881
-0.190689
-0.191238
-0.191939
-0.192282
-0.192103
-0.191636
-0.191362
-0.191636
-0.192405
-0.193243
-0.193586
-0.193161
-0.192268
-0.191609
-0.191636
-0.192131
-0.192268
-0.191527
-0.190263
-0.189343
-0.189371
-0.19025
-0.191403
-0.192213
-0.192254
-0.191197
-0.189137
-0.186721
-0.184867
-0.184222
-0.184826
-0.185979
-0.186831
-0.186872
-0.186268
-0.185595
-0.185251
-0.185279
-0.185444
-0.185554
-0.185526
-0.185485
-0.185581
-0.185842
-0.186089
-0.186199
-0.186309
-0.186693
-0.187476
-0.188451
-0.189371
-0.190181
-0.190977
-0.191774
-0.192502
-0.193202
-0.194122
-0.195481
-0.19728
-0.199147
-0.200658
-0.201674
-0.202525
-0.203596
-0.204928
-0.20637
-0.207949
-0.210036
-0.212851
-0.216105
-0.218989
-0.220788
-0.221268
-0.220747
-0.219909
-0.219497
-0.219978
-0.221529
-0.22407
-0.2272
-0.230125
-0.231855
-0.231814
-0.2304
-0.228889
-0.228518
-0.229576
-0.231416
-0.232871
-0.233118
-0.232075
-0.230303
-0.228573
-0.227447
-0.226981
-0.226829
-0.226431
-0.225456
-0.224001
-0.222477
-0.221159
-0.220129
-0.219332
-0.218577
-0.217712
-0.216723
-0.215748
-0.215007
-0.21465
-0.214677
-0.214801
-0.214499
-0.213442
-0.211808
-0.210242
-0.209322
-0.209157
-0.209363
-0.209377
-0.20891
-0.208045
-0.207208
-0.206713
-0.206535
-0.20626
-0.205642
-0.204997
-0.204983
-0.205972
-0.207647
-0.209157
-0.209748
-0.209199
-0.207949
-0.206713
-0.205931
-0.205464
-0.204763
-0.203514
-0.202003
-0.201042
-0.201317
-0.202882
-0.20486
-0.206068
-0.205862
-0.204654
-0.203459
-0.202855
-0.202566
-0.201976
-0.200987
-0.200012
-0.199532
-0.199518
-0.199628
-0.199587
-0.199463
-0.199559
-0.199985
-0.200452
-0.200548
-0.200109
-0.199353
-0.198667
-0.198392
-0.198488
-0.198804
-0.199298
-0.200012
-0.200919
-0.201674
-0.201729
-0.200795
-0.199092
-0.197335
-0.196195
-0.195907
-0.196223
-0.196621
-0.196731
-0.196401
-0.195866
-0.195577
-0.195989
-0.197115
-0.198392
-0.198941
-0.198186
-0.196319
-0.194122
-0.192419
-0.191678
-0.192007
-0.193202
-0.194726
-0.195824
-0.196017
-0.195385
-0.194479
-0.19382
-0.193833
-0.194506
-0.195385
-0.195715
-0.195124
-0.193888
-0.192584
-0.191485
-0.190538
-0.189659
-0.189096
-0.189041
-0.189288
-0.189261
-0.188602
-0.187558
-0.186776
-0.186899
-0.188066
-0.189728
-0.191087
-0.191623
-0.19117
-0.189975
-0.188629
-0.187751
-0.187503
-0.187448
-0.187036
-0.186171
-0.185279
-0.184757
-0.184688
-0.184757
-0.18473
-0.184551
-0.184208
-0.183741
-0.183178
-0.182491
-0.181777
-0.181269
-0.180967
-0.180528
-0.179567
-0.17829
-0.177397
-0.177589
-0.178963
-0.181173
-0.183617
-0.185375
-0.18565
-0.184263
-0.181928
-0.179594
-0.17774
-0.17645
-0.175626
-0.175255
-0.175255
-0.175392
-0.175516
-0.175612
-0.175804
-0.176216
-0.176903
-0.177603
-0.177795
-0.17704
-0.175557
-0.174019
-0.173017
-0.172481
-0.172056
-0.171616
-0.171534
-0.172152
-0.173305
-0.174294
-0.174445
-0.173594
-0.172097
-0.170532
-0.169337
-0.16876
-0.168856
-0.169337
-0.169749
-0.169845
-0.169749
-0.169831
-0.170202
-0.170641
-0.17093
-0.170971
-0.170806
-0.170394
-0.169667
-0.168747
-0.167881
-0.167318
-0.167085
-0.166907
-0.166536
-0.166083
-0.16589
-0.165959
-0.165877
-0.165451
-0.165067
-0.16508
-0.1653
-0.165204
-0.164641
-0.164037
-0.163748
-0.163652
-0.163309
-0.162526
-0.161538
-0.160824
-0.160782
-0.161318
-0.161895
-0.162018
-0.161826
-0.161853
-0.162389
-0.163021
-0.162952
-0.161895
-0.160425
-0.159423
-0.159451
-0.160316
-0.161387
-0.162128
-0.162265
-0.161853
-0.161057
-0.16011
-0.159313
-0.158778
-0.158503
-0.158489
-0.158805
-0.159382
-0.159986
-0.16048
-0.160837
-0.160933
-0.160453
-0.159341
-0.15805
-0.15735
-0.157707
-0.15897
-0.160357
-0.160879
-0.159725
-0.156951
-0.153587
-0.150992
-0.149935
-0.150168
-0.151047
-0.152049
-0.153024
-0.15378
-0.153958
-0.153326
-0.152132
-0.15102
-0.150566
-0.150896
-0.15161
-0.15231
-0.152832
-0.153162
-0.153244
-0.152969
-0.152406
-0.151692
-0.150882
-0.150045
-0.149427
-0.149289
-0.149592
-0.149894
-0.149756
-0.149207
-0.148603
-0.148287
-0.148315
-0.148466
-0.148493
-0.148356
-0.148191
-0.147999
-0.1476
-0.146818
-0.145829
-0.145088
-0.145074
-0.145939
-0.147436
-0.14885
-0.149454
-0.149097
-0.148328
-0.147875
-0.14782
-0.1476
-0.146708
-0.14528
-0.143975
-0.143454
-0.143797
-0.144387
-0.144484
-0.143907
-0.143055
-0.142451
-0.142163
-0.141833
-0.141161
-0.140282
-0.13954
-0.139156
-0.139156
-0.139568
-0.140364
-0.14127
-0.141669
-0.141243
-0.140227
-0.139238
-0.138758
-0.138881
-0.139348
-0.139705
-0.139568
-0.138854
-0.13781
-0.136767
-0.135902
-0.13516
-0.134446
-0.133801
-0.133485
-0.133636
-0.13402
-0.134281
-0.134377
-0.134707
-0.135558
-0.13667
-0.13733
-0.137055
-0.135956
-0.134625
-0.133746
-0.133705
-0.134515
-0.135737
-0.136698
-0.13678
-0.135943
-0.134803
-0.134089
-0.133965
-0.133952
-0.133444
-0.1324
-0.131384
-0.130958
-0.131233
-0.131892
-0.132537
-0.133032
-0.133265
-0.133045
-0.132153
-0.130629
-0.129091
-0.128336
-0.128734
-0.129956
-0.131164
-0.131631
-0.130986
-0.129585
-0.128171
-0.127484
-0.12769
-0.128336
-0.12861
-0.127965
-0.126551
-0.125246
-0.124958
-0.125974
-0.127773
-0.129338
-0.129819
-0.128899
-0.126949
-0.124779
-0.123379
-0.123351
-0.124656
-0.126551
-0.127951
-0.128157
-0.12732
-0.126043
-0.12493
-0.124216
-0.123818
-0.123516
-0.123269
-0.123337
-0.1239
-0.124779
-0.125466
-0.125493
-0.124697
-0.123214
-0.121525
-0.120372
-0.120317
-0.12147
-0.123324
-0.12504
-0.125864
-0.125534
-0.124409
-0.123186
-0.122486
-0.122555
-0.12309
-0.123612
-0.123736
-0.123502
-0.123228
-0.123214
-0.123406
-0.123585
-0.123585
-0.123379
-0.122857
-0.121855
-0.120426
-0.119149
-0.118738
-0.119397
-0.120578
-0.121415
-0.121594
-0.12136
-0.121099
-0.12088
-0.120426
-0.119603
-0.118545
-0.11768
-0.117351
-0.117488
-0.117721
-0.11768
-0.117406
-0.117186
-0.117241
-0.117502
-0.117612
-0.117255
-0.116486
-0.115607
-0.114769
-0.113932
-0.113108
-0.112531
-0.11238
-0.112613
-0.112957
-0.11319
-0.113163
-0.11297
-0.112847
-0.112929
-0.113108
-0.113176
-0.113012
-0.112613
-0.11205
-0.111515
-0.111268
-0.11135
-0.11146
-0.111419
-0.111281
-0.111144
-0.110911
-0.11043
-0.109702
-0.109085
-0.10892
-0.109249
-0.109867
-0.110567
-0.11124
-0.111735
-0.111735
-0.111076
-0.110004
-0.109167
-0.10903
-0.109455
-0.109826
-0.109675
-0.109126
-0.108659
-0.10848
-0.108453
-0.108439
-0.108686
-0.109414
-0.110362
-0.110883
-0.110554
-0.109565
-0.10837
-0.107437
-0.107052
-0.10708
-0.10719
-0.107121
-0.106942
-0.106805
-0.106736
-0.106599
-0.106119
-0.105157
-0.103908
-0.102947
-0.10296
-0.1041
-0.105679
-0.106695
-0.106613
-0.105665
-0.104471
-0.103386
-0.102425
-0.101532
-0.100901
-0.100873
-0.101642
-0.102905
-0.103894
-0.103908
-0.102809
-0.101148
-0.0998022
-0.099404
-0.0998983
-0.100708
-0.101244
-0.101326
-0.101258
-0.101354
-0.101615
-0.10178
-0.101697
-0.101395
-0.101134
-0.10112
-0.101519
-0.102164
-0.102699
-0.102672
-0.10204
-0.101134
-0.100393
-0.100063
-0.100187
-0.100544
-0.100805
-0.100777
-0.10053
-0.100324
-0.100283
-0.100351
-0.100461
-0.100544
-0.100612
-0.100544
-0.100214
-0.0996649
-0.0991431
-0.098841
-0.0987037
-0.098484
-0.0979897
-0.0971658
-0.0961223
-0.0951611
-0.0946942
-0.09501
-0.0959712
-0.0969461
-0.0972207
-0.0966578
-0.0957927
-0.0952709
-0.0952435
-0.0954357
-0.0956554
-0.09593
-0.0962321
-0.0963557
-0.0960124
-0.0951611
-0.0939939
-0.0929503
-0.0924423
-0.0925384
-0.0928405
-0.0928954
-0.0926071
-0.0922226
-0.0920029
-0.0918519
-0.0916733
-0.0914125
-0.0910966
-0.090671
-0.0901492
-0.0897372
-0.0896549
-0.0899981
-0.0907396
-0.0917145
-0.0925521
-0.0929229
-0.0926483
-0.0917557
-0.0905062
-0.089339
-0.0888035
-0.0891605
-0.0901629
-0.0910966
-0.0913163
-0.0906847
-0.089545
-0.0883092
-0.0872382
-0.086634
-0.0869773
-0.0885976
-0.0912889
-0.0941175
-0.0958064
-0.0953945
-0.0929092
-0.0895175
-0.0867988
-0.0857552
-0.0863456
-0.087705
-0.088831
-0.0892429
-0.089188
-0.0892017
-0.0895038
-0.089902
-0.0901904
-0.0902316
-0.0899981
-0.0894489
-0.0886937
-0.088062
-0.0879247
-0.0883229
-0.088982
-0.0896411
-0.0900943
-0.0900943
-0.0893802
-0.0879659
-0.0863868
-0.0854394
-0.085563
-0.0863319
-0.0867301
-0.0861534
-0.0849313
-0.0837642
-0.0830227
-0.0824872
-0.0819517
-0.0814985
-0.0814573
-0.0819791
-0.0829266
-0.0838328
-0.0842997
-0.0841624
-0.0837093
