LECROYHDO9204-MSöv,30454,Waveform
Segments,1,SegmentSize,2002
Ampl
-0.0106456
-0.0100963
-0.00972558
-0.00951961
-0.00943723
-0.00950588
-0.00978051
-0.0101512
-0.0105357
-0.0110026
-0.0116342
-0.0122659
-0.0124856
-0.0120462
-0.0110163
-0.00972558
-0.00839366
-0.00730889
-0.0068283
-0.00733635
-0.00872321
-0.0103984
-0.0115381
-0.0116205
-0.0108241
-0.00997274
-0.00978051
-0.0103572
-0.0112086
-0.0118265
-0.0120462
-0.0121011
-0.0122109
-0.0123894
-0.0125542
-0.0126091
-0.0125954
-0.0125817
-0.012513
-0.012307
-0.0118539
-0.011236
-0.0106868
-0.0103572
-0.0103709
-0.0106868
-0.0111124
-0.0112772
-0.0110163
-0.0105769
-0.0105632
-0.0112086
-0.0121011
-0.012513
-0.0121835
-0.0114832
-0.0110987
-0.0113184
-0.0118539
-0.0121697
-0.0120873
-0.0119638
-0.0122933
-0.0130211
-0.0135703
-0.0134055
-0.0125679
-0.0115793
-0.0111948
-0.0119088
-0.0135429
-0.0152181
-0.0158085
-0.0150396
-0.013584
-0.0125267
-0.0124306
-0.0131721
-0.0141333
-0.01471
-0.0146688
-0.014202
-0.013639
-0.0131035
-0.0127053
-0.0125679
-0.0127327
-0.0131035
-0.0134193
-0.0135703
-0.0135429
-0.0132957
-0.0127327
-0.0118539
-0.0108927
-0.0101787
-0.00998648
-0.0103572
-0.0110438
-0.0116342
-0.0118539
-0.0116479
-0.0111536
-0.0106593
-0.0104533
-0.010879
-0.0119226
-0.0130348
-0.0134193
-0.012719
-0.011442
-0.0105632
-0.0106593
-0.011593
-0.0127327
-0.0135017
-0.013584
-0.0129387
-0.0116891
-0.0102062
-0.00903902
-0.0087644
-0.00958827
-0.0111124
-0.0124993
-0.0129799
-0.0122796
-0.0107966
-0.00947842
-0.00928618
-0.0105083
-0.0124718
-0.0141058
-0.0148061
-0.0147375
-0.0144903
-0.0144766
-0.0146414
-0.0146002
-0.0140097
-0.0128151
-0.0114283
-0.0103847
-0.00997274
-0.010165
-0.0108378
-0.0118265
-0.0128563
-0.0135703
-0.0138037
-0.0134742
-0.0126915
-0.0117166
-0.0111124
-0.0112223
-0.0118402
-0.0124169
-0.0126091
-0.0126091
-0.0127464
-0.0130348
-0.0132133
-0.0130073
-0.0124169
-0.0116205
-0.0110163
-0.0108515
-0.0112635
-0.0121423
-0.0133232
-0.0143667
-0.0148473
-0.014559
-0.0138037
-0.0131035
-0.0128426
-0.0130623
-0.0136802
-0.0144903
-0.0151631
-0.0153279
-0.0149297
-0.0143118
-0.0138724
-0.0137214
-0.0137351
-0.0138861
-0.014353
-0.0153142
-0.0164813
-0.0172228
-0.0169345
-0.0155888
-0.0139273
-0.0127053
-0.0121423
-0.01195
-0.0119088
-0.0121423
-0.0128426
-0.0138449
-0.0148061
-0.0155064
-0.0159458
-0.0162067
-0.016193
-0.0156849
-0.0146688
-0.0135017
-0.0129799
-0.0137351
-0.0156987
-0.0179368
-0.0193649
-0.0194061
-0.0183076
-0.0166186
-0.0148336
-0.0132133
-0.01195
-0.0110438
-0.0104671
-0.0101924
-0.0102748
-0.0106456
-0.011085
-0.0113733
-0.0116479
-0.0122521
-0.013282
-0.0142431
-0.014504
-0.0138449
-0.0127602
-0.0119226
-0.0116205
-0.0115793
-0.0114969
-0.0113733
-0.0115518
-0.0122521
-0.0133781
-0.0145727
-0.0153416
-0.0152181
-0.0140784
-0.0122659
-0.0103984
-0.00910768
-0.00886052
-0.00968439
-0.0111262
-0.0123757
-0.0127876
-0.0123208
-0.0114694
-0.0109751
-0.0111948
-0.0118951
-0.0125267
-0.0127602
-0.0128426
-0.0131584
-0.0136115
-0.0137626
-0.0133781
-0.0126778
-0.0120599
-0.011593
-0.011236
-0.0110026
-0.0110163
-0.0113047
-0.0117441
-0.0120736
-0.0120462
-0.0115518
-0.0108103
-0.0102062
-0.0100551
-0.0104533
-0.0112772
-0.0122247
-0.0128838
-0.0129387
-0.0124993
-0.0119088
-0.0114557
-0.0111399
-0.0109339
-0.0109202
-0.0110712
-0.0111674
-0.0112635
-0.0117715
-0.0130348
-0.0147512
-0.0159458
-0.0158085
-0.0142981
-0.0122933
-0.0110575
-0.011442
-0.013282
-0.015424
-0.01655
-0.0158634
-0.0137076
-0.0112497
-0.00986289
-0.0101238
-0.0113871
-0.0124993
-0.0127327
-0.0121972
-0.0114832
-0.0110987
-0.0112772
-0.0119088
-0.0125954
-0.0128288
-0.0124581
-0.0117715
-0.0111674
-0.0110163
-0.0115381
-0.0126229
-0.0137076
-0.0140784
-0.0134193
-0.0120462
-0.0106318
-0.00975305
-0.00969812
-0.010316
-0.0111124
-0.0116205
-0.0117029
-0.0116342
-0.0117303
-0.0120873
-0.0124718
-0.0124993
-0.0119088
-0.0109477
-0.0102062
-0.0101375
-0.0106593
-0.0113459
-0.0119638
-0.012513
-0.0129799
-0.0131172
-0.0127053
-0.0118951
-0.011085
-0.0107005
-0.0109751
-0.0117303
-0.0124856
-0.0127602
-0.0126503
-0.0126366
-0.0131035
-0.0138724
-0.0145178
-0.0148061
-0.0148336
-0.0147375
-0.0146002
-0.0143255
-0.0138037
-0.0130623
-0.0124306
-0.0122521
-0.0125267
-0.0130211
-0.0135566
-0.0140372
-0.0142706
-0.0139823
-0.0133094
-0.0127464
-0.0126778
-0.0129387
-0.0132408
-0.0134055
-0.0134742
-0.0135291
-0.0137351
-0.014147
-0.0146276
-0.0148061
-0.0144766
-0.0137626
-0.0130897
-0.0128288
-0.0131035
-0.0136527
-0.0139411
-0.0135703
-0.01287
-0.0126778
-0.0135703
-0.0152593
-0.0167697
-0.0172503
-0.0166461
-0.0155613
-0.014559
-0.0137214
-0.01287
-0.0120736
-0.0117029
-0.0120462
-0.0128563
-0.0136527
-0.014353
-0.0152455
-0.0163715
-0.0172915
-0.0174837
-0.0169619
-0.0162204
-0.0157536
-0.0158497
-0.0164264
-0.0171542
-0.0175386
-0.0172915
-0.0164127
-0.0152455
-0.0143118
-0.0139685
-0.0141196
-0.0143942
-0.0144903
-0.0145178
-0.01471
-0.0150121
-0.0151631
-0.015273
-0.015836
-0.0172228
-0.0192688
-0.0215207
-0.023649
-0.0256538
-0.0276173
-0.0297594
-0.0322997
-0.0354578
-0.0394262
-0.0443831
-0.0504111
-0.0575513
-0.0658312
-0.0752508
-0.0857003
-0.0969187
-0.108659
-0.120838
-0.133759
-0.148081
-0.164353
-0.182588
-0.202003
-0.221406
-0.239874
-0.257354
-0.274463
-0.291998
-0.310439
-0.329841
-0.34993
-0.370568
-0.391878
-0.413931
-0.43612
-0.45706
-0.475556
-0.491567
-0.506204
-0.520952
-0.536495
-0.55241
-0.56761
-0.581218
-0.593082
-0.603902
-0.614516
-0.625089
-0.635044
-0.64353
-0.65008
-0.654748
-0.657728
-0.659129
-0.659005
-0.657604
-0.655421
-0.653087
-0.650972
-0.648885
-0.646235
-0.642486
-0.637447
-0.631227
-0.624169
-0.616658
-0.60912
-0.60187
-0.595045
-0.588358
-0.581314
-0.573638
-0.565551
-0.557875
-0.551311
-0.54597
-0.541384
-0.537141
-0.533269
-0.529973
-0.527144
-0.524384
-0.52124
-0.517615
-0.513839
-0.510447
-0.507756
-0.505518
-0.503376
-0.501357
-0.499861
-0.499284
-0.499586
-0.500355
-0.50111
-0.501632
-0.501893
-0.50203
-0.502373
-0.503293
-0.504982
-0.507358
-0.5102
-0.513303
-0.516558
-0.519771
-0.522586
-0.524838
-0.526664
-0.52838
-0.530138
-0.532033
-0.534243
-0.537237
-0.541164
-0.545544
-0.549348
-0.551888
-0.553344
-0.554442
-0.555554
-0.556488
-0.557133
-0.557875
-0.559179
-0.560827
-0.561884
-0.561733
-0.56069
-0.559825
-0.560031
-0.561308
-0.562846
-0.563752
-0.563697
-0.562804
-0.561376
-0.559674
-0.558026
-0.556831
-0.556186
-0.55609
-0.556474
-0.557106
-0.557559
-0.557326
-0.556186
-0.554291
-0.552108
-0.550089
-0.548606
-0.547851
-0.5477
-0.547865
-0.547961
-0.547782
-0.547192
-0.546162
-0.544693
-0.543018
-0.541686
-0.541137
-0.541356
-0.541837
-0.541837
-0.540862
-0.539022
-0.536962
-0.535452
-0.534765
-0.534669
-0.534724
-0.534655
-0.534477
-0.534326
-0.534436
-0.534985
-0.535864
-0.53655
-0.536619
-0.536125
-0.535589
-0.535232
-0.534889
-0.534326
-0.533667
-0.533337
-0.533708
-0.53471
-0.535795
-0.536262
-0.535905
-0.535232
-0.535054
-0.535603
-0.53655
-0.537292
-0.537594
-0.537525
-0.537251
-0.536797
-0.536166
-0.535452
-0.534903
-0.534697
-0.534806
-0.535012
-0.535177
-0.535301
-0.535342
-0.535163
-0.534697
-0.534024
-0.533323
-0.532774
-0.532582
-0.53309
-0.534463
-0.536399
-0.538267
-0.539297
-0.538981
-0.537457
-0.535589
-0.534422
-0.534504
-0.535479
-0.536454
-0.536619
-0.535795
-0.534532
-0.533749
-0.533886
-0.534587
-0.535191
-0.535493
-0.53574
-0.535974
-0.535781
-0.534779
-0.533378
-0.532555
-0.533021
-0.534477
-0.535974
-0.53677
-0.536852
-0.53677
-0.536962
-0.53736
-0.537484
-0.537003
-0.536029
-0.534999
-0.534106
-0.533269
-0.532266
-0.531072
-0.529904
-0.529094
-0.52882
-0.528943
-0.529053
-0.528751
-0.527831
-0.526307
-0.524384
-0.522544
-0.521446
-0.521405
-0.521995
-0.522435
-0.522242
-0.521473
-0.520265
-0.518768
-0.517327
-0.516544
-0.516832
-0.517931
-0.518796
-0.518384
-0.516448
-0.513866
-0.51193
-0.511367
-0.511834
-0.512411
-0.512383
-0.51156
-0.510022
-0.508086
-0.506204
-0.504859
-0.504282
-0.5042
-0.504062
-0.503458
-0.502346
-0.501028
-0.499902
-0.49916
-0.498652
-0.498144
-0.497664
-0.497444
-0.497554
-0.497828
-0.497952
-0.49787
-0.497677
-0.497416
-0.496908
-0.496016
-0.494807
-0.493613
-0.492803
-0.492638
-0.493077
-0.493984
-0.495013
-0.495769
-0.495645
-0.494121
-0.491347
-0.488258
-0.486047
-0.485223
-0.485374
-0.48569
-0.48558
-0.484866
-0.483713
-0.482559
-0.481831
-0.481447
-0.480829
-0.479442
-0.477383
-0.475392
-0.474307
-0.474458
-0.475392
-0.476435
-0.477163
-0.477369
-0.476916
-0.475584
-0.473524
-0.471506
-0.470393
-0.470462
-0.471135
-0.471588
-0.471355
-0.470599
-0.469817
-0.469515
-0.469762
-0.470023
-0.469624
-0.468306
-0.466604
-0.46534
-0.46497
-0.465368
-0.465903
-0.465972
-0.465299
-0.464159
-0.463033
-0.462196
-0.461674
-0.461399
-0.461262
-0.460905
-0.460054
-0.458983
-0.45831
-0.458392
-0.458859
-0.458997
-0.458434
-0.457211
-0.455701
-0.454342
-0.453353
-0.452557
-0.451472
-0.44992
-0.448272
-0.447311
-0.447476
-0.448382
-0.449083
-0.448794
-0.447449
-0.445554
-0.443782
-0.442574
-0.441956
-0.44164
-0.441173
-0.440432
-0.439718
-0.439539
-0.439993
-0.440638
-0.440844
-0.440267
-0.438976
-0.43737
-0.436079
-0.435585
-0.435791
-0.435983
-0.435406
-0.433951
-0.432276
-0.431163
-0.430957
-0.431273
-0.431356
-0.430683
-0.42942
-0.428143
-0.427346
-0.427044
-0.426797
-0.42611
-0.424847
-0.423364
-0.422279
-0.422032
-0.422554
-0.423227
-0.423378
-0.422595
-0.420934
-0.418833
-0.417103
-0.416361
-0.41654
-0.416924
-0.416924
-0.416622
-0.416457
-0.416595
-0.416855
-0.417061
-0.417144
-0.41702
-0.416498
-0.415441
-0.41389
-0.412091
-0.410484
-0.409482
-0.409193
-0.409303
-0.40929
-0.408823
-0.407848
-0.406557
-0.405417
-0.404854
-0.404772
-0.404442
-0.403275
-0.40149
-0.399829
-0.398868
-0.398744
-0.399362
-0.400419
-0.401271
-0.40112
-0.399472
-0.396561
-0.393279
-0.390862
-0.390176
-0.391096
-0.392744
-0.394048
-0.394405
-0.393787
-0.392606
-0.391288
-0.390286
-0.389778
-0.389668
-0.38975
-0.389846
-0.389846
-0.389668
-0.389311
-0.388844
-0.388377
-0.387951
-0.387539
-0.387059
-0.386345
-0.385219
-0.38364
-0.381896
-0.380578
-0.380179
-0.380811
-0.382102
-0.383255
-0.383434
-0.38228
-0.380207
-0.378024
-0.376362
-0.375332
-0.374742
-0.374385
-0.374069
-0.373671
-0.373108
-0.372463
-0.371913
-0.371666
-0.371762
-0.372106
-0.372449
-0.372504
-0.372023
-0.370897
-0.369222
-0.367272
-0.365556
-0.364498
-0.364183
-0.364334
-0.364526
-0.364375
-0.363798
-0.362961
-0.362219
-0.361793
-0.361711
-0.36189
-0.362068
-0.361944
-0.361327
-0.360434
-0.35972
-0.359363
-0.359116
-0.358621
-0.357894
-0.357276
-0.357056
-0.357001
-0.356644
-0.355656
-0.353967
-0.351811
-0.349682
-0.348186
-0.347801
-0.34846
-0.349531
-0.350328
-0.35074
-0.351207
-0.351879
-0.352154
-0.351207
-0.34901
-0.346538
-0.344945
-0.344794
-0.345742
-0.346977
-0.347774
-0.347815
-0.347197
-0.34614
-0.344712
-0.343023
-0.341499
-0.340675
-0.340675
-0.340949
-0.340867
-0.34029
-0.339453
-0.338656
-0.338121
-0.337846
-0.337613
-0.337036
-0.336102
-0.335292
-0.3351
-0.335388
-0.335498
-0.335004
-0.33396
-0.332683
-0.331296
-0.3298
-0.32833
-0.327232
-0.326628
-0.326367
-0.326147
-0.325818
-0.325433
-0.325131
-0.324911
-0.324554
-0.323923
-0.323071
-0.322193
-0.321382
-0.320723
-0.320353
-0.320476
-0.321122
-0.322014
-0.322605
-0.32255
-0.321877
-0.320861
-0.319762
-0.318801
-0.318211
-0.318018
-0.318087
-0.318114
-0.317867
-0.317332
-0.3167
-0.316192
-0.315849
-0.31567
-0.315739
-0.316178
-0.316851
-0.317346
-0.317153
-0.315986
-0.314174
-0.312347
-0.310933
-0.309793
-0.308626
-0.307569
-0.307116
-0.307459
-0.308201
-0.308887
-0.309381
-0.309738
-0.309752
-0.309189
-0.308159
-0.307047
-0.306182
-0.305523
-0.304864
-0.303971
-0.302818
-0.301472
-0.300085
-0.298877
-0.298012
-0.297669
-0.297861
-0.298342
-0.298836
-0.299275
-0.299591
-0.299454
-0.298342
-0.296254
-0.293838
-0.291998
-0.291037
-0.29068
-0.290487
-0.29035
-0.290391
-0.290528
-0.290638
-0.29068
-0.290707
-0.290638
-0.290254
-0.289306
-0.287782
-0.286066
-0.28483
-0.284528
-0.28494
-0.285407
-0.285338
-0.284693
-0.283869
-0.283375
-0.283306
-0.283457
-0.283484
-0.283182
-0.282455
-0.281411
-0.280326
-0.279489
-0.279132
-0.279269
-0.279722
-0.280134
-0.280093
-0.279502
-0.278637
-0.27791
-0.27747
-0.277182
-0.276797
-0.276152
-0.275314
-0.274587
-0.274284
-0.274436
-0.274628
-0.274436
-0.273763
-0.272939
-0.272362
-0.272046
-0.271772
-0.271401
-0.270934
-0.270316
-0.2693
-0.267694
-0.26573
-0.264082
-0.263423
-0.26389
-0.265112
-0.266362
-0.267007
-0.266677
-0.265551
-0.264192
-0.263217
-0.262846
-0.262791
-0.262558
-0.261926
-0.260993
-0.260086
-0.259441
-0.259139
-0.259029
-0.258782
-0.25815
-0.257107
-0.25594
-0.25502
-0.254663
-0.25491
-0.255624
-0.256352
-0.256585
-0.255981
-0.254594
-0.252987
-0.252012
-0.252177
-0.253235
-0.254306
-0.254512
-0.253647
-0.252177
-0.250804
-0.249994
-0.249816
-0.249967
-0.250063
-0.249967
-0.249816
-0.249925
-0.250324
-0.250639
-0.250365
-0.249417
-0.248319
-0.247783
-0.247783
-0.247619
-0.246644
-0.245051
-0.24376
-0.243403
-0.243815
-0.244186
-0.244021
-0.243485
-0.243073
-0.242936
-0.242634
-0.241769
-0.240533
-0.239641
-0.239531
-0.23997
-0.240465
-0.240712
-0.240698
-0.240396
-0.239915
-0.239572
-0.239599
-0.239792
-0.239641
-0.238789
-0.237457
-0.236167
-0.235274
-0.23478
-0.234423
-0.233901
-0.233009
-0.231883
-0.230976
-0.23077
-0.231402
-0.232542
-0.233668
-0.234189
-0.233599
-0.231841
-0.229507
-0.227502
-0.226445
-0.22628
-0.226596
-0.226981
-0.227324
-0.227475
-0.227283
-0.226747
-0.22617
-0.225786
-0.225429
-0.224674
-0.223548
-0.222573
-0.222298
-0.22271
-0.223163
-0.222971
-0.221969
-0.220747
-0.22017
-0.220582
-0.221557
-0.22223
-0.2219
-0.220554
-0.218838
-0.217739
-0.217932
-0.219154
-0.220321
-0.220403
-0.219346
-0.217959
-0.217012
-0.216559
-0.216229
-0.215776
-0.215213
-0.214746
-0.214526
-0.21465
-0.215117
-0.215735
-0.216215
-0.216243
-0.215707
-0.214664
-0.2134
-0.212219
-0.2113
-0.210654
-0.210119
-0.209665
-0.209501
-0.209926
-0.210764
-0.211341
-0.211039
-0.209858
-0.208402
-0.207372
-0.207304
-0.208388
-0.210174
-0.211643
-0.211808
-0.210407
-0.208169
-0.206178
-0.205162
-0.205134
-0.205766
-0.206631
-0.20729
-0.207359
-0.206658
-0.205313
-0.203775
-0.202498
-0.201688
-0.201317
-0.201317
-0.201743
-0.202594
-0.203569
-0.204146
-0.203898
-0.202882
-0.201427
-0.199861
-0.198529
-0.197829
-0.198021
-0.198873
-0.199546
-0.199298
-0.19809
-0.196593
-0.195646
-0.195495
-0.195715
-0.195756
-0.195509
-0.195275
-0.195303
-0.195467
-0.195399
-0.19485
-0.193984
-0.193243
-0.192982
-0.193119
-0.193188
-0.192776
-0.191952
-0.191211
-0.190867
-0.190758
-0.190483
-0.189906
-0.18933
-0.189137
-0.189467
-0.190099
-0.190675
-0.190977
-0.190909
-0.190524
-0.190002
-0.189467
-0.189041
-0.188684
-0.188259
-0.187545
-0.186556
-0.185636
-0.185114
-0.185073
-0.185416
-0.185993
-0.186542
-0.186515
-0.185416
-0.183384
-0.181256
-0.179965
-0.179869
-0.180638
-0.181723
-0.182629
-0.182986
-0.182794
-0.182505
-0.182697
-0.18359
-0.184908
-0.186171
-0.186927
-0.18694
-0.186268
-0.185073
-0.183617
-0.182162
-0.180967
-0.180322
-0.180432
-0.181269
-0.182354
-0.182945
-0.182491
-0.181105
-0.179512
-0.1784
-0.17807
-0.178317
-0.178798
-0.179114
-0.178866
-0.177946
-0.176587
-0.175406
-0.17498
-0.175461
-0.176436
-0.177164
-0.177136
-0.176395
-0.175406
-0.17461
-0.174047
-0.173676
-0.173498
-0.173566
-0.173827
-0.174061
-0.174115
-0.173978
-0.173855
-0.173923
-0.174115
-0.174212
-0.174115
-0.173978
-0.173964
-0.173868
-0.173319
-0.172234
-0.170875
-0.169598
-0.168568
-0.167813
-0.167524
-0.167964
-0.169172
-0.170614
-0.171438
-0.171081
-0.169749
-0.16817
-0.167016
-0.166495
-0.16633
-0.166179
-0.165822
-0.1653
-0.164655
-0.163858
-0.162883
-0.161908
-0.161345
-0.161469
-0.162183
-0.162938
-0.163158
-0.162732
-0.162073
-0.161648
-0.161551
-0.161442
-0.160947
-0.159794
-0.158022
-0.156045
-0.15459
-0.154137
-0.154425
-0.154809
-0.154864
-0.154727
-0.154837
-0.155372
-0.156073
-0.156416
-0.156086
-0.155221
-0.154246
-0.153477
-0.152914
-0.152489
-0.152187
-0.151953
-0.151734
-0.151514
-0.151377
-0.151294
-0.151047
-0.150484
-0.149797
-0.149248
-0.148809
-0.148315
-0.147834
-0.147655
-0.147916
-0.148438
-0.148891
-0.149193
-0.14944
-0.149688
-0.149866
-0.149839
-0.149564
-0.149001
-0.148232
-0.1476
-0.147436
-0.147765
-0.148287
-0.148781
-0.149138
-0.149262
-0.149056
-0.14852
-0.147834
-0.147353
-0.147257
-0.147408
-0.147504
-0.14734
-0.146886
-0.146145
-0.145033
-0.143687
-0.142657
-0.142534
-0.143289
-0.144305
-0.144868
-0.144799
-0.144415
-0.14414
-0.144113
-0.144127
-0.143687
-0.142451
-0.140762
-0.139568
-0.139733
-0.141229
-0.143069
-0.144181
-0.144278
-0.143811
-0.143316
-0.142863
-0.14219
-0.141202
-0.140282
-0.13987
-0.139911
-0.139911
-0.139403
-0.138387
-0.137275
-0.136451
-0.136107
-0.136313
-0.136973
-0.137783
-0.138263
-0.138057
-0.13711
-0.13575
-0.134625
-0.134322
-0.135009
-0.136204
-0.137137
-0.137275
-0.136561
-0.13527
-0.133814
-0.132496
-0.131549
-0.131082
-0.131096
-0.131439
-0.131865
-0.132057
-0.132016
-0.132084
-0.132386
-0.132414
-0.131549
-0.129874
-0.128294
-0.127718
-0.128253
-0.129338
-0.130368
-0.131082
-0.131466
-0.131562
-0.131302
-0.130629
-0.129283
-0.1271
-0.124409
-0.122129
-0.121305
-0.122239
-0.124395
-0.126715
-0.128116
-0.128075
-0.126935
-0.125589
-0.124889
-0.125068
-0.12574
-0.126248
-0.126139
-0.125315
-0.124257
-0.123516
-0.12331
-0.123351
-0.12331
-0.123186
-0.123351
-0.123997
-0.124793
-0.125136
-0.124752
-0.123928
-0.123324
-0.123434
-0.124354
-0.125809
-0.127278
-0.128322
-0.128775
-0.128583
-0.127622
-0.125919
-0.123928
-0.122459
-0.122088
-0.122692
-0.123557
-0.124079
-0.124161
-0.124065
-0.124024
-0.12412
-0.124203
-0.12412
-0.123818
-0.123337
-0.122775
-0.122198
-0.121772
-0.121649
-0.121882
-0.122431
-0.123255
-0.124299
-0.125232
-0.12574
-0.125658
-0.124971
-0.123791
-0.122253
-0.120729
-0.119795
-0.119863
-0.120838
-0.122115
-0.122967
-0.123022
-0.122459
-0.121717
-0.121086
-0.120454
-0.119644
-0.118751
-0.118216
-0.118463
-0.119575
-0.121003
-0.121923
-0.121717
-0.120426
-0.118738
-0.117419
-0.116829
-0.11665
-0.116376
-0.115827
-0.115277
-0.11492
-0.114563
-0.113767
-0.112476
-0.11124
-0.110815
-0.111364
-0.112353
-0.11308
-0.113341
-0.113437
-0.113561
-0.113671
-0.113698
-0.113822
-0.114055
-0.114151
-0.113739
-0.112833
-0.111899
-0.111487
-0.111803
-0.112586
-0.113273
-0.113506
-0.113231
-0.112613
-0.111831
-0.110952
-0.110046
-0.109167
-0.108467
-0.108247
-0.108659
-0.109469
-0.110059
-0.10995
-0.109277
-0.108618
-0.108316
-0.108233
-0.108123
-0.107959
-0.108041
-0.108549
-0.109345
-0.109936
-0.10995
-0.109304
-0.108178
-0.107011
-0.106366
-0.10653
-0.107341
-0.108302
-0.108906
-0.108892
-0.108219
-0.107107
-0.105968
-0.105377
-0.105693
-0.106736
-0.107711
-0.10778
-0.106778
-0.105487
-0.104938
-0.105473
-0.106476
-0.106901
-0.106256
-0.104828
-0.103317
-0.102397
-0.102288
-0.102809
-0.103619
-0.104416
-0.104979
-0.105144
-0.104855
-0.104128
-0.103002
-0.101505
-0.0999121
-0.0986763
-0.0982369
-0.0987586
-0.0999533
-0.101271
-0.102191
-0.102494
-0.102219
-0.101532
-0.10075
-0.100242
-0.100173
-0.100393
-0.100434
-0.0998983
-0.0989234
-0.0981957
-0.0982506
-0.0991157
-0.100269
-0.10112
-0.101326
-0.101011
-0.100571
-0.100269
-0.0998983
-0.0990745
-0.0978249
-0.0967402
-0.0963969
-0.0967814
-0.0973169
-0.0973306
-0.0966715
-0.0958064
-0.0954494
-0.0957927
-0.0964518
-0.09685
-0.0967814
-0.0963282
-0.0957515
-0.0952709
-0.0950375
-0.0951748
-0.0956691
-0.096342
-0.0970285
-0.0976327
-0.0980034
-0.0980034
-0.0976327
-0.0969873
-0.0962733
-0.0956966
-0.0955181
-0.0958888
-0.096699
-0.0976327
-0.0982918
-0.0984703
-0.0980309
-0.097056
-0.0958888
-0.094859
-0.0940626
-0.0933897
-0.092813
-0.0925933
-0.0931151
-0.0943235
-0.095573
-0.0960673
-0.0955318
-0.094447
-0.0936644
-0.0937742
-0.0946667
-0.095724
-0.0961223
-0.0956279
-0.0946942
-0.0940626
-0.0941724
-0.094653
-0.0946667
-0.0936644
-0.0919205
-0.0903002
-0.0896137
-0.0899707
-0.0910005
-0.0921539
-0.0929503
-0.0931426
-0.092868
-0.0925109
-0.092305
-0.0921127
-0.0916322
-0.0905749
-0.0889683
-0.0871695
-0.0857827
-0.0850824
-0.0849725
-0.0851922
-0.085714
-0.0866615
-0.0878698
-0.0888585
-0.0891743
-0.0887623
-0.0878698
-0.0868262
-0.0859612
-0.0857003
-0.0862221
-0.0872244
-0.0878973
-0.0875403
-0.0862083
-0.0847254
-0.0840937
-0.0846155
-0.0856591
-0.086277
-0.0860161
-0.0852609
-0.0848764
-0.0853707
-0.0864418
-0.0873206
-0.0872794
-0.0861946
-0.0846155
-0.083311
-0.0828442
-0.0834072
-0.0850549
-0.0874304
-0.089751
-0.0909319
-0.0902453
-0.0878149
-0.0844233
-0.0811553
-0.0788896
-0.0780932
-0.0787523
-0.080455
-0.0827069
-0.0848901
-0.0863045
-0.0864143
-0.0852334
-0.0835445
-0.0822949
-0.082089
-0.0828442
