LECROYHDO9204-MSöv,30454,Waveform
Segments,1,SegmentSize,2002
Ampl
-0.0110987
-0.0119363
-0.0128014
-0.013282
-0.013433
-0.0135429
-0.0137214
-0.0137488
-0.0134193
-0.0128288
-0.0122796
-0.0121011
-0.0124169
-0.0129799
-0.013282
-0.0129799
-0.0121835
-0.0113321
-0.0108927
-0.0110987
-0.01195
-0.013227
-0.0143942
-0.0148748
-0.0144491
-0.013433
-0.0124032
-0.0117578
-0.0115244
-0.0115244
-0.0115381
-0.0115106
-0.0116068
-0.0119638
-0.0124444
-0.0126641
-0.0124306
-0.0118814
-0.0113596
-0.0110712
-0.0112223
-0.0117853
-0.0126366
-0.0135429
-0.0142981
-0.01471
-0.0145864
-0.0139411
-0.013227
-0.01287
-0.0128975
-0.0130211
-0.0131721
-0.0133918
-0.0136664
-0.0138175
-0.0136939
-0.0133643
-0.012925
-0.0125679
-0.0125542
-0.0130485
-0.0139136
-0.01471
-0.014916
-0.0142843
-0.0128288
-0.0110575
-0.00979424
-0.00983543
-0.0112772
-0.0133232
-0.0149709
-0.0156849
-0.0156987
-0.0155339
-0.015479
-0.0153966
-0.0149297
-0.0139685
-0.0129661
-0.0126229
-0.0133094
-0.0146825
-0.0159184
-0.0161655
-0.0152318
-0.0138312
-0.0129936
-0.0131172
-0.0135978
-0.0135429
-0.0128975
-0.0125267
-0.0133643
-0.0153416
-0.0175524
-0.0189255
-0.0190079
-0.0180192
-0.0165774
-0.0151357
-0.0138312
-0.0127053
-0.0120736
-0.0123894
-0.013584
-0.0149846
-0.015836
-0.0158634
-0.0153416
-0.0147924
-0.0146414
-0.0150258
-0.0157261
-0.0163028
-0.0164539
-0.0161381
-0.0155476
-0.015067
-0.0151769
-0.0160831
-0.0173052
-0.0179643
-0.01747
-0.0160969
-0.0146963
-0.0140097
-0.0142706
-0.0151082
-0.0157673
-0.0156575
-0.0146963
-0.0132545
-0.0118676
-0.0110163
-0.0109065
-0.0114008
-0.0119363
-0.0121285
-0.012005
-0.0119638
-0.0122247
-0.0126503
-0.012925
-0.0127876
-0.0122109
-0.0113047
-0.0104396
-0.0101375
-0.0107417
-0.0121835
-0.0139273
-0.0153142
-0.0160557
-0.0161243
-0.0155201
-0.0142294
-0.0125542
-0.0110987
-0.0104808
-0.0109614
-0.0122109
-0.0136802
-0.0148748
-0.0155613
-0.0155064
-0.0145727
-0.0130623
-0.0116754
-0.0110438
-0.0112772
-0.0119912
-0.0126229
-0.0127876
-0.0125679
-0.0123894
-0.0126091
-0.013227
-0.0140372
-0.014916
-0.0157261
-0.0162616
-0.0163166
-0.0159046
-0.0152181
-0.014353
-0.0133506
-0.0123757
-0.0117166
-0.0116068
-0.0119912
-0.0127053
-0.0135978
-0.0145315
-0.0153142
-0.0157124
-0.0156163
-0.0150121
-0.0140097
-0.0129112
-0.012156
-0.0119638
-0.0121697
-0.0123345
-0.0121972
-0.0117578
-0.0111811
-0.0107005
-0.0105769
-0.0110438
-0.0120873
-0.0132957
-0.0140509
-0.0140646
-0.0136252
-0.0134193
-0.0138724
-0.0147924
-0.0155613
-0.015781
-0.0153416
-0.0143667
-0.013076
-0.0120462
-0.0118539
-0.0126091
-0.0137626
-0.014504
-0.0144217
-0.0136527
-0.0127602
-0.0123482
-0.0126229
-0.0133643
-0.0140372
-0.0142843
-0.0140509
-0.0135291
-0.0129524
-0.0124993
-0.0122109
-0.0119363
-0.011593
-0.0112497
-0.0110987
-0.0112635
-0.0117303
-0.0124032
-0.0131172
-0.0138312
-0.014504
-0.0150945
-0.0153279
-0.0150121
-0.014353
-0.0140646
-0.014504
-0.0151357
-0.0149984
-0.01379
-0.012156
-0.011085
-0.0109889
-0.0115381
-0.0121011
-0.0124306
-0.0127602
-0.0134742
-0.0146002
-0.0157536
-0.0164127
-0.0164264
-0.0160007
-0.0155064
-0.0151631
-0.0149709
-0.0150121
-0.015479
-0.0164676
-0.0177171
-0.0185547
-0.0183488
-0.0170443
-0.0154378
-0.0145315
-0.0147649
-0.0157124
-0.0165637
-0.0165637
-0.0154652
-0.0136252
-0.0119088
-0.01103
-0.0111948
-0.0121148
-0.0135429
-0.0151494
-0.0163303
-0.0165225
-0.0158085
-0.0148336
-0.0141608
-0.0137214
-0.0131584
-0.0122796
-0.0112086
-0.0102336
-0.00983543
-0.0103572
-0.0115793
-0.0128014
-0.013282
-0.0128838
-0.0121148
-0.0116068
-0.0116754
-0.0121011
-0.0125405
-0.0127464
-0.0126915
-0.0123894
-0.0118676
-0.0113733
-0.0111262
-0.0111262
-0.0111811
-0.0111674
-0.0113184
-0.0118127
-0.0124718
-0.0127876
-0.0125405
-0.0119088
-0.0113184
-0.0110575
-0.0112909
-0.0121285
-0.0133781
-0.0144766
-0.0147924
-0.0141058
-0.0127739
-0.011442
-0.0107005
-0.0107829
-0.0115244
-0.0126641
-0.0138999
-0.0149297
-0.0155339
-0.0157261
-0.0157536
-0.0158222
-0.0158222
-0.0156437
-0.0154927
-0.0157398
-0.0163028
-0.016701
-0.0166324
-0.0162479
-0.015987
-0.0160831
-0.0164401
-0.0167422
-0.0167148
-0.0164401
-0.0161655
-0.0159458
-0.01563
-0.015067
-0.014504
-0.0143942
-0.0148748
-0.015781
-0.0168246
-0.0177995
-0.0185959
-0.0191589
-0.0194473
-0.0193923
-0.0191315
-0.0189392
-0.0191589
-0.0198317
-0.0205046
-0.0206693
-0.0201338
-0.0192413
-0.0185822
-0.0185959
-0.0193786
-0.0204496
-0.0210126
-0.0206556
-0.0197631
-0.0190216
-0.0186921
-0.0184586
-0.0179643
-0.0170992
-0.0160007
-0.0150396
-0.0147649
-0.0154927
-0.0169619
-0.01839
-0.0191589
-0.0192001
-0.0188706
-0.0186646
-0.0187882
-0.0190491
-0.0190216
-0.0184861
-0.0177171
-0.0172365
-0.0173464
-0.0179094
-0.0185273
-0.0188156
-0.0186646
-0.0183762
-0.0184586
-0.0192001
-0.020381
-0.0215756
-0.0224544
-0.0229213
-0.0230174
-0.0228663
-0.022729
-0.0227839
-0.0229899
-0.023141
-0.0230723
-0.0228251
-0.0225231
-0.0224544
-0.022935
-0.0240884
-0.0257087
-0.0273152
-0.0284687
-0.0290728
-0.0293612
-0.0298692
-0.0312149
-0.0336728
-0.0370232
-0.0408267
-0.0450285
-0.0500129
-0.0563293
-0.0643757
-0.0743171
-0.08592
-0.0984291
-0.110993
-0.123241
-0.135654
-0.149248
-0.164723
-0.18208
-0.200452
-0.218769
-0.236386
-0.253619
-0.271483
-0.290968
-0.312238
-0.334386
-0.356067
-0.376596
-0.396465
-0.416622
-0.437164
-0.457102
-0.475241
-0.491416
-0.506644
-0.522133
-0.538116
-0.553852
-0.568407
-0.581547
-0.593741
-0.605673
-0.617427
-0.628426
-0.637763
-0.644944
-0.650272
-0.654625
-0.658676
-0.662204
-0.664429
-0.664731
-0.663138
-0.660323
-0.657042
-0.653636
-0.649846
-0.645205
-0.639658
-0.633589
-0.627368
-0.621162
-0.614928
-0.60868
-0.60246
-0.596157
-0.589621
-0.582769
-0.575588
-0.56816
-0.560662
-0.553563
-0.547357
-0.54229
-0.538184
-0.534669
-0.531456
-0.528408
-0.525414
-0.522297
-0.518947
-0.515555
-0.512658
-0.510722
-0.509637
-0.508703
-0.507138
-0.5049
-0.502923
-0.502428
-0.503911
-0.506712
-0.509623
-0.511669
-0.512507
-0.512411
-0.511971
-0.511971
-0.513125
-0.515638
-0.519043
-0.522503
-0.525593
-0.528504
-0.531786
-0.535617
-0.539626
-0.54321
-0.545942
-0.547851
-0.549361
-0.550941
-0.552657
-0.554442
-0.556282
-0.558328
-0.560456
-0.562269
-0.563312
-0.563669
-0.563903
-0.564576
-0.565674
-0.56669
-0.567198
-0.567363
-0.567651
-0.568201
-0.568613
-0.568352
-0.567281
-0.565633
-0.563807
-0.562255
-0.561376
-0.561417
-0.562269
-0.563505
-0.564631
-0.56518
-0.564905
-0.563724
-0.561829
-0.559619
-0.557628
-0.556433
-0.556282
-0.556955
-0.557834
-0.558246
-0.557724
-0.556296
-0.554428
-0.552904
-0.552314
-0.552547
-0.552822
-0.55219
-0.550295
-0.547727
-0.545613
-0.544734
-0.54494
-0.545393
-0.545242
-0.544185
-0.542537
-0.54104
-0.540368
-0.540766
-0.541892
-0.543141
-0.543965
-0.544295
-0.544322
-0.544185
-0.543828
-0.5431
-0.542098
-0.541205
-0.540642
-0.540313
-0.540024
-0.539887
-0.54023
-0.541123
-0.542111
-0.542688
-0.542784
-0.542757
-0.542853
-0.5431
-0.543553
-0.54424
-0.544995
-0.545338
-0.544734
-0.543073
-0.54078
-0.538665
-0.537388
-0.537223
-0.537896
-0.538885
-0.539654
-0.539818
-0.539283
-0.538253
-0.537196
-0.536537
-0.536358
-0.536276
-0.535864
-0.535026
-0.533955
-0.533035
-0.532513
-0.532362
-0.532294
-0.532005
-0.531442
-0.530783
-0.530124
-0.5293
-0.528092
-0.52654
-0.524934
-0.52367
-0.52297
-0.522847
-0.523162
-0.523808
-0.524618
-0.525373
-0.525648
-0.525181
-0.524137
-0.52308
-0.522586
-0.52275
-0.523245
-0.523437
-0.522943
-0.521872
-0.520787
-0.520183
-0.520032
-0.519963
-0.519633
-0.519002
-0.518219
-0.517464
-0.517025
-0.517093
-0.517533
-0.517793
-0.517368
-0.516228
-0.514677
-0.513001
-0.51145
-0.510365
-0.510118
-0.510626
-0.511285
-0.511408
-0.510887
-0.510008
-0.509047
-0.508031
-0.507083
-0.506493
-0.50641
-0.506603
-0.506575
-0.506122
-0.505532
-0.505229
-0.505298
-0.505353
-0.504969
-0.503898
-0.502222
-0.500314
-0.498638
-0.497485
-0.496675
-0.495892
-0.495151
-0.494807
-0.494931
-0.495068
-0.494588
-0.493228
-0.491388
-0.489851
-0.489342
-0.490056
-0.491539
-0.492734
-0.492569
-0.490729
-0.487942
-0.485539
-0.484413
-0.48455
-0.485168
-0.485415
-0.484866
-0.483603
-0.481955
-0.480458
-0.479689
-0.479937
-0.480788
-0.481461
-0.481337
-0.480362
-0.478824
-0.477108
-0.475515
-0.474307
-0.473634
-0.473428
-0.473401
-0.473236
-0.472975
-0.472851
-0.473016
-0.473401
-0.47373
-0.473771
-0.473318
-0.472398
-0.471107
-0.469501
-0.46762
-0.465697
-0.464091
-0.463239
-0.463363
-0.464242
-0.465189
-0.465409
-0.464736
-0.463775
-0.463322
-0.463651
-0.464379
-0.464901
-0.464764
-0.463926
-0.462622
-0.461235
-0.460013
-0.459161
-0.458791
-0.4589
-0.459202
-0.459093
-0.45809
-0.45614
-0.45371
-0.451595
-0.450607
-0.451046
-0.452433
-0.453737
-0.454108
-0.453394
-0.452117
-0.451032
-0.450607
-0.45073
-0.451005
-0.451019
-0.450662
-0.449906
-0.448712
-0.447064
-0.445114
-0.44337
-0.442341
-0.442258
-0.442711
-0.442821
-0.441833
-0.439553
-0.43667
-0.434239
-0.433086
-0.433292
-0.434116
-0.434473
-0.433511
-0.431342
-0.429035
-0.427937
-0.428568
-0.43034
-0.432015
-0.432523
-0.431534
-0.429433
-0.42703
-0.424998
-0.423543
-0.422526
-0.421854
-0.421579
-0.421661
-0.421895
-0.422032
-0.421936
-0.421469
-0.420467
-0.418874
-0.416965
-0.41518
-0.414013
-0.413697
-0.414096
-0.414466
-0.414054
-0.412805
-0.411665
-0.4115
-0.412118
-0.412503
-0.411899
-0.410443
-0.408919
-0.408095
-0.408095
-0.408287
-0.407889
-0.406777
-0.405527
-0.404868
-0.405019
-0.405637
-0.40609
-0.405953
-0.405074
-0.403701
-0.402191
-0.400859
-0.39976
-0.398964
-0.398428
-0.397989
-0.397357
-0.396492
-0.3956
-0.394968
-0.394666
-0.394625
-0.394721
-0.394831
-0.394817
-0.394625
-0.394336
-0.393966
-0.393444
-0.39273
-0.392029
-0.391576
-0.391302
-0.390876
-0.390135
-0.389256
-0.388459
-0.387732
-0.386949
-0.386207
-0.385631
-0.385246
-0.384972
-0.384903
-0.38515
-0.38548
-0.385329
-0.384162
-0.382157
-0.380221
-0.379259
-0.379314
-0.379616
-0.379534
-0.379205
-0.379054
-0.379136
-0.379136
-0.37882
-0.378243
-0.377529
-0.37676
-0.376019
-0.375387
-0.374865
-0.374344
-0.373616
-0.372641
-0.371639
-0.371021
-0.370842
-0.37076
-0.370375
-0.369716
-0.368989
-0.368343
-0.367602
-0.366517
-0.365144
-0.363922
-0.3634
-0.363716
-0.364526
-0.365295
-0.365528
-0.365034
-0.363908
-0.362452
-0.360901
-0.359349
-0.35788
-0.356576
-0.355559
-0.354969
-0.354832
-0.355065
-0.355436
-0.355669
-0.355436
-0.354598
-0.35328
-0.351934
-0.351165
-0.351248
-0.351728
-0.351866
-0.351385
-0.350781
-0.350616
-0.350918
-0.351028
-0.350204
-0.348227
-0.345577
-0.342995
-0.341032
-0.339975
-0.339823
-0.340428
-0.341375
-0.34213
-0.342268
-0.341677
-0.340538
-0.339288
-0.338492
-0.338492
-0.338958
-0.339123
-0.338327
-0.336665
-0.334798
-0.333535
-0.333274
-0.333809
-0.334317
-0.333974
-0.332477
-0.330431
-0.328852
-0.328385
-0.32877
-0.32925
-0.32936
-0.329264
-0.32947
-0.330061
-0.33039
-0.329827
-0.328413
-0.326916
-0.325969
-0.325694
-0.325776
-0.325859
-0.325543
-0.324431
-0.322467
-0.32027
-0.318664
-0.31806
-0.318389
-0.31924
-0.32016
-0.320682
-0.320627
-0.320215
-0.319872
-0.319941
-0.320476
-0.321204
-0.321685
-0.321671
-0.321451
-0.321534
-0.322097
-0.322811
-0.323264
-0.32347
-0.323758
-0.324252
-0.324719
-0.324994
-0.325227
-0.325941
-0.327424
-0.329429
-0.331447
-0.333178
-0.334647
-0.336006
-0.337242
-0.338327
-0.339206
-0.33992
-0.340469
-0.341059
-0.342007
-0.343462
-0.345069
-0.346222
-0.346565
-0.34614
-0.345316
-0.344629
-0.344478
-0.344877
-0.345385
-0.345577
-0.345481
-0.345604
-0.346291
-0.347376
-0.348351
-0.348817
-0.348776
-0.348309
-0.34754
-0.346469
-0.34511
-0.343503
-0.341787
-0.340098
-0.338492
-0.336926
-0.335375
-0.33385
-0.332477
-0.331379
-0.330692
-0.330541
-0.330692
-0.33072
-0.330198
-0.329044
-0.32752
-0.326133
-0.325282
-0.325159
-0.325433
-0.325337
-0.324197
-0.322138
-0.319968
-0.318732
-0.318774
-0.319639
-0.320421
-0.320517
-0.319872
-0.318815
-0.317908
-0.317634
-0.318142
-0.318993
-0.31946
-0.319034
-0.317895
-0.316522
-0.315245
-0.314146
-0.313363
-0.313103
-0.313501
-0.314393
-0.315313
-0.31578
-0.31556
-0.314764
-0.313707
-0.312691
-0.311675
-0.31059
-0.309615
-0.309272
-0.309862
-0.311043
-0.311908
-0.31162
-0.310068
-0.307967
-0.306539
-0.306512
-0.307624
-0.308901
-0.309519
-0.30934
-0.308585
-0.3075
-0.30621
-0.304905
-0.303807
-0.303147
-0.302941
-0.303147
-0.30345
-0.303353
-0.302571
-0.301294
-0.300209
-0.299811
-0.299907
-0.299715
-0.298575
-0.296762
-0.295225
-0.294689
-0.294991
-0.295334
-0.295211
-0.294868
-0.294634
-0.294538
-0.294222
-0.293481
-0.292533
-0.291902
-0.29208
-0.292959
-0.293851
-0.293989
-0.293192
-0.291915
-0.290872
-0.290474
-0.290748
-0.291311
-0.291613
-0.291256
-0.290419
-0.289746
-0.28976
-0.290268
-0.290391
-0.289416
-0.287466
-0.285489
-0.284446
-0.284528
-0.285063
-0.285118
-0.284075
-0.282139
-0.280175
-0.279187
-0.279585
-0.28104
-0.282702
-0.2838
-0.28391
-0.283127
-0.281988
-0.281191
-0.281081
-0.281356
-0.28148
-0.281191
-0.280573
-0.27975
-0.278788
-0.277813
-0.277168
-0.277017
-0.277058
-0.276866
-0.276221
-0.275328
-0.274559
-0.274216
-0.274422
-0.274916
-0.275218
-0.274902
-0.2739
-0.272458
-0.270962
-0.269904
-0.269657
-0.27022
-0.27114
-0.271525
-0.270646
-0.268531
-0.266101
-0.264549
-0.264425
-0.265387
-0.266664
-0.267748
-0.268476
-0.26871
-0.268339
-0.267391
-0.266128
-0.264934
-0.264055
-0.263533
-0.263272
-0.263135
-0.262943
-0.262613
-0.262201
-0.261899
-0.26183
-0.262009
-0.262407
-0.262901
-0.263203
-0.262984
-0.26216
-0.260979
-0.259812
-0.258933
-0.258329
-0.257807
-0.257175
-0.256379
-0.255555
-0.255033
-0.255006
-0.255349
-0.255528
-0.255006
-0.253825
-0.252727
-0.252603
-0.253619
-0.25491
-0.255349
-0.254498
-0.252919
-0.251614
-0.250983
-0.250722
-0.250378
-0.249802
-0.249225
-0.248786
-0.248429
-0.248017
-0.247426
-0.246712
-0.246026
-0.245586
-0.245463
-0.245573
-0.245696
-0.245545
-0.24501
-0.244282
-0.243774
-0.243719
-0.243884
-0.243801
-0.243156
-0.24214
-0.241247
-0.240739
-0.240423
-0.23986
-0.238885
-0.237856
-0.237348
-0.237512
-0.237965
-0.238048
-0.237389
-0.236222
-0.235178
-0.234697
-0.234711
-0.234697
-0.234299
-0.233489
-0.232583
-0.231745
-0.23088
-0.229837
-0.228752
-0.227955
-0.227681
-0.227846
-0.227997
-0.227557
-0.226418
-0.225182
-0.224729
-0.225388
-0.226637
-0.227557
-0.227489
-0.226445
-0.224962
-0.223671
-0.222861
-0.222422
-0.222147
-0.222065
-0.222381
-0.223012
-0.223534
-0.223589
-0.222985
-0.221859
-0.220527
-0.219346
-0.218591
-0.218302
-0.218302
-0.21833
-0.218193
-0.217808
-0.217382
-0.217094
-0.216957
-0.216847
-0.216833
-0.217314
-0.218453
-0.219744
-0.220225
-0.21925
-0.217163
-0.215062
-0.213991
-0.214211
-0.215213
-0.216133
-0.21638
-0.215899
-0.215131
-0.214444
-0.214005
-0.21384
-0.214128
-0.214938
-0.215927
-0.216421
-0.216078
-0.215117
-0.213991
-0.213002
-0.212316
-0.211959
-0.211917
-0.211931
-0.211808
-0.211574
-0.211354
-0.21119
-0.210846
-0.21016
-0.209199
-0.20832
-0.207812
-0.207647
-0.20762
-0.207523
-0.207194
-0.206494
-0.20545
-0.204214
-0.203006
-0.202031
-0.201646
-0.202017
-0.20291
-0.203638
-0.203651
-0.202951
-0.201921
-0.201001
-0.200575
-0.200823
-0.20155
-0.202196
-0.202251
-0.201564
-0.200411
-0.199106
-0.197953
-0.197266
-0.197198
-0.197486
-0.1975
-0.196827
-0.195728
-0.194932
-0.194836
-0.195193
-0.195426
-0.19522
-0.194753
-0.194451
-0.194396
-0.194287
-0.193861
-0.193243
-0.192721
-0.192419
-0.192131
-0.191678
-0.191073
-0.190373
-0.189659
-0.188959
-0.18841
-0.188162
-0.18819
-0.188272
-0.18819
-0.187751
-0.187036
-0.186377
-0.186062
-0.18602
-0.185897
-0.18543
-0.184826
-0.18462
-0.185087
-0.185897
-0.186171
-0.185251
-0.183233
-0.180981
-0.179539
-0.179484
-0.180624
-0.182299
-0.183727
-0.184386
-0.184194
-0.18359
-0.183178
-0.183192
-0.183137
-0.182285
-0.180487
-0.178496
-0.177274
-0.177301
-0.178194
-0.179114
-0.179388
-0.179004
-0.178427
-0.178221
-0.178509
-0.179031
-0.179278
-0.178935
-0.178111
-0.17715
-0.176258
-0.175434
-0.17472
-0.174376
-0.17472
-0.175791
-0.177123
-0.178001
-0.177988
-0.177191
-0.17612
-0.175159
-0.174404
-0.173484
-0.172001
-0.170051
-0.168499
-0.168321
-0.169763
-0.172166
-0.174363
-0.175571
-0.175516
-0.1745
-0.173017
-0.171534
-0.170394
-0.169831
-0.169914
-0.170573
-0.171493
-0.172289
-0.172674
-0.172523
-0.171781
-0.170587
-0.169392
-0.168829
-0.1692
-0.170133
-0.17071
-0.170298
-0.169021
-0.167634
-0.16692
-0.167044
-0.167511
-0.16773
-0.16747
-0.166783
-0.16563
-0.163996
-0.162224
-0.161236
-0.161675
-0.163323
-0.165135
-0.166165
-0.166151
-0.165424
-0.164517
-0.163735
-0.163144
-0.162719
-0.162444
-0.162114
-0.161387
-0.160082
-0.158572
-0.157514
-0.157185
-0.157281
-0.157363
-0.157267
-0.157102
-0.156965
-0.156951
-0.157075
-0.157185
-0.157034
-0.156581
-0.156114
-0.15599
-0.15632
-0.156883
-0.15724
-0.157089
-0.156361
-0.15529
-0.154191
-0.153436
-0.153368
-0.153944
-0.154672
-0.154754
-0.153793
-0.152132
-0.150676
-0.150292
-0.151239
-0.152983
-0.154356
-0.154315
-0.152791
-0.150731
-0.149358
-0.149262
-0.1501
-0.151006
-0.151294
-0.150869
-0.150155
-0.149743
-0.149894
-0.15047
-0.151102
-0.1515
-0.151596
-0.151418
-0.150992
-0.150251
-0.149248
-0.148383
-0.148122
-0.14852
-0.149125
-0.149317
-0.148905
-0.148232
-0.147765
-0.147573
-0.14712
-0.146008
-0.144538
-0.143783
-0.144538
-0.146461
-0.148109
-0.14815
-0.146488
-0.144319
-0.143124
-0.143522
-0.145101
-0.146859
-0.147834
-0.147436
-0.145733
-0.14344
-0.14149
-0.140488
-0.14046
-0.140927
-0.141298
-0.141023
-0.139938
-0.138277
-0.136643
-0.135558
-0.135407
-0.136327
-0.138112
-0.139966
-0.140913
-0.140529
-0.139293
-0.138099
-0.137577
-0.137783
-0.138318
-0.138552
-0.138167
-0.137261
-0.136341
-0.13597
-0.136368
-0.137275
-0.138071
-0.138263
-0.137796
-0.136904
-0.135805
-0.134583
-0.133485
-0.133018
-0.13343
-0.13435
-0.134858
-0.134309
-0.132936
-0.131645
-0.131288
-0.132194
-0.133938
-0.135613
-0.1363
-0.135613
-0.133993
-0.132222
-0.130917
-0.130437
-0.130945
-0.132263
-0.133746
-0.13446
-0.133952
-0.132647
-0.13148
-0.131233
-0.131988
-0.133087
-0.133595
-0.132991
-0.131576
-0.130093
-0.129091
-0.128651
-0.128597
-0.12872
-0.128857
-0.128926
-0.128995
-0.129187
-0.129613
-0.130025
-0.12986
-0.128693
-0.126784
-0.12515
-0.124862
-0.126001
-0.12758
-0.128391
-0.127951
-0.126578
-0.124889
-0.12342
-0.122459
-0.122088
-0.122239
-0.122802
-0.123543
-0.124093
-0.124093
-0.12342
-0.122363
-0.121415
-0.120921
-0.121003
-0.121566
-0.122514
-0.123598
-0.124518
-0.124766
-0.123997
-0.12228
-0.120248
-0.118696
-0.118216
-0.118861
-0.120289
-0.121923
-0.123228
-0.123749
-0.123365
-0.122225
-0.120893
-0.119987
-0.119863
-0.120413
-0.121223
-0.121909
-0.122266
-0.122253
-0.121978
-0.121429
-0.120619
-0.11963
-0.118586
-0.117543
-0.11665
-0.116197
-0.116403
-0.117131
-0.1179
-0.118175
-0.117721
-0.116719
-0.11547
-0.114412
-0.113863
-0.11389
-0.114261
-0.114701
-0.115071
-0.115373
-0.115401
-0.115126
-0.114893
-0.115112
-0.115799
-0.116431
-0.116541
-0.116156
-0.115566
-0.114934
-0.114206
-0.1133
-0.11216
-0.110842
-0.109634
-0.109112
-0.109579
-0.110595
-0.111254
-0.110952
-0.109853
-0.1087
-0.108082
-0.108165
-0.108755
-0.10951
-0.110101
-0.110403
-0.110416
-0.110156
-0.109771
-0.109524
-0.109675
-0.110279
-0.111048
-0.111487
-0.111323
-0.110609
-0.109702
-0.10892
-0.108425
-0.108261
-0.108467
-0.108892
-0.109249
-0.109016
-0.107904
-0.10616
-0.104471
-0.103523
-0.10351
-0.104073
-0.104718
-0.105199
-0.105405
-0.105308
-0.104965
-0.104512
-0.104155
-0.103949
-0.103908
-0.103963
-0.104059
-0.104265
-0.104636
-0.105116
-0.105363
-0.104896
-0.103523
-0.101601
-0.0998983
-0.0990882
-0.0993765
-0.100406
-0.10167
-0.102796
-0.103771
-0.104594
-0.105075
-0.104951
-0.10421
-0.103153
-0.102329
-0.102013
-0.102068
-0.102233
-0.102191
-0.10167
-0.100557
-0.0991157
-0.0979485
-0.0975091
-0.0978249
-0.0984703
-0.0989646
-0.0990882
-0.0990333
-0.099047
-0.0990882
-0.0988273
-0.0980858
-0.0971796
-0.0967402
-0.0971521
-0.0983192
-0.0995688
-0.099967
-0.0990745
-0.0973443
-0.0956966
-0.0946805
-0.0942685
-0.0941862
-0.0942548
-0.0943235
-0.0942823
-0.0941999
-0.0941862
-0.0942411
-0.0941587
-0.0937605
-0.0932112
-0.0929915
-0.0933074
-0.0938978
-0.0941999
-0.0938566
-0.0931014
-0.0925109
-0.0924698
-0.0927856
-0.0930739
-0.09317
-0.0931563
-0.0930739
-0.093019
-0.0931838
-0.0936232
-0.0941312
-0.0944608
-0.0945432
-0.0944882
-0.0944333
-0.0945294
-0.0948041
-0.0951061
-0.095216
-0.0950238
-0.0947079
-0.0943509
-0.093788
-0.0928268
-0.0915498
-0.0904513
-0.0900805
-0.0907396
-0.0922501
-0.0938841
-0.0947491
-0.0943784
-0.0931014
-0.0918381
-0.0912751
-0.0914262
-0.0917832
-0.0919068
-0.0917145
-0.0912614
-0.0906984
-0.0901629
