LECROYHDO9204-MSöv,30454,Waveform
Segments,1,SegmentSize,2002
Ampl
-0.0133918
-0.0135566
-0.0134467
-0.0129524
-0.0120736
-0.0110026
-0.0102336
-0.0100826
-0.0105495
-0.0114557
-0.0126229
-0.0137076
-0.0141058
-0.0134055
-0.0116754
-0.00953335
-0.00795426
-0.00794053
-0.00978051
-0.0126229
-0.0147237
-0.0147787
-0.0129112
-0.0105083
-0.00891544
-0.00848978
-0.00870947
-0.0089429
-0.00891544
-0.00877813
-0.00880559
-0.00919007
-0.00983543
-0.0104945
-0.0109065
-0.0109751
-0.0108653
-0.0109065
-0.0111536
-0.0114832
-0.0116891
-0.0117441
-0.0117853
-0.0118676
-0.0119088
-0.0117303
-0.0112086
-0.0102199
-0.0089429
-0.00806411
-0.00840739
-0.0100963
-0.0121835
-0.013433
-0.0133232
-0.0124306
-0.0117715
-0.0119912
-0.0127876
-0.0133094
-0.0129661
-0.0119088
-0.010673
-0.00954708
-0.00843485
-0.00737755
-0.00659487
-0.00629278
-0.00645756
-0.00713039
-0.00831127
-0.0098217
-0.0113596
-0.0127464
-0.013996
-0.0150807
-0.0157948
-0.0159595
-0.0155476
-0.0146276
-0.0134055
-0.0123894
-0.0121011
-0.0125405
-0.013076
-0.0131035
-0.0125679
-0.0119775
-0.011799
-0.0120599
-0.0124032
-0.0124169
-0.0119226
-0.0111262
-0.0105083
-0.0105495
-0.011442
-0.01287
-0.0141333
-0.0146414
-0.0142569
-0.0133918
-0.012719
-0.0126503
-0.0131172
-0.0136939
-0.0139685
-0.0136527
-0.0128151
-0.0118814
-0.011442
-0.011799
-0.0127327
-0.0135978
-0.0139136
-0.0135566
-0.0128975
-0.0126366
-0.0133232
-0.0147512
-0.0160145
-0.0161381
-0.014916
-0.013076
-0.0116617
-0.0112497
-0.0117853
-0.0127739
-0.0136664
-0.0141196
-0.0140097
-0.0134055
-0.0125405
-0.0118951
-0.012005
-0.0129112
-0.0140646
-0.0147924
-0.0146414
-0.0137351
-0.012513
-0.0116068
-0.0114694
-0.0121423
-0.0133643
-0.0146963
-0.0155888
-0.0155476
-0.0144766
-0.0131035
-0.0123345
-0.0124444
-0.0128014
-0.0125954
-0.0116068
-0.0103847
-0.00973931
-0.010165
-0.0114694
-0.01287
-0.0135017
-0.0130897
-0.0121148
-0.011236
-0.0108378
-0.0110163
-0.0116617
-0.0125542
-0.013433
-0.014202
-0.014861
-0.0153416
-0.0154652
-0.0151357
-0.0144079
-0.0135291
-0.0127876
-0.0123482
-0.0122247
-0.0122521
-0.0122384
-0.0119638
-0.0114557
-0.0110712
-0.0114145
-0.0128288
-0.0148748
-0.0163852
-0.0163166
-0.0145864
-0.0120599
-0.00994528
-0.00901156
-0.00932738
-0.0105495
-0.0123482
-0.0144491
-0.0164539
-0.0177446
-0.0177446
-0.016344
-0.0140921
-0.0118951
-0.0102748
-0.00921753
-0.00855843
-0.008325
-0.00861336
-0.00931365
-0.0102199
-0.0112909
-0.0125405
-0.0137351
-0.0145315
-0.0146414
-0.0140921
-0.013076
-0.0120324
-0.0112909
-0.0109889
-0.011085
-0.0116205
-0.0125267
-0.0134467
-0.0138999
-0.0136939
-0.0131172
-0.0124444
-0.0118814
-0.0114969
-0.0113733
-0.011442
-0.0114694
-0.0112497
-0.0108515
-0.0104945
-0.0103572
-0.0104671
-0.0106181
-0.0106318
-0.0103435
-0.00980797
-0.00931365
-0.00935484
-0.0103298
-0.0121697
-0.0141333
-0.0153279
-0.0152318
-0.0141608
-0.0127739
-0.0116754
-0.011085
-0.0110163
-0.0114283
-0.0120873
-0.0125954
-0.0125542
-0.0120324
-0.0114283
-0.0110026
-0.0108241
-0.0107554
-0.0107966
-0.0109065
-0.0109614
-0.0108515
-0.0106181
-0.0105083
-0.0107966
-0.0115244
-0.0124032
-0.0130623
-0.0134742
-0.0137488
-0.0138037
-0.0133643
-0.0123208
-0.0110438
-0.0100963
-0.00987663
-0.0104945
-0.0116342
-0.0126641
-0.0129799
-0.0124718
-0.0115518
-0.0108378
-0.0107417
-0.0112909
-0.0122109
-0.0129524
-0.012925
-0.01195
-0.0106044
-0.00987663
-0.0104396
-0.0119912
-0.0134605
-0.0138175
-0.0128426
-0.0112223
-0.00990409
-0.00946469
-0.00990409
-0.0109477
-0.0123482
-0.0139273
-0.0153142
-0.0160419
-0.0157948
-0.0146688
-0.0130897
-0.0117715
-0.0112909
-0.0117166
-0.0127327
-0.0140646
-0.0155888
-0.0169482
-0.0175798
-0.0170992
-0.0157398
-0.014147
-0.0128838
-0.0122109
-0.0121011
-0.0125542
-0.0134467
-0.0146002
-0.0155339
-0.0155476
-0.0143805
-0.012719
-0.0117303
-0.0121972
-0.0138724
-0.0159595
-0.0176759
-0.0186097
-0.0185547
-0.0176622
-0.0164127
-0.015424
-0.0149984
-0.0149846
-0.0149984
-0.0149434
-0.0150258
-0.0153966
-0.0157673
-0.0155751
-0.0144628
-0.0128014
-0.0114008
-0.0109889
-0.0116754
-0.0131172
-0.0146551
-0.0156712
-0.0157124
-0.0148885
-0.0136252
-0.012513
-0.0118402
-0.0117303
-0.0120462
-0.0124993
-0.0126915
-0.0123482
-0.0115656
-0.0106318
-0.00997274
-0.00995901
-0.010728
-0.0119226
-0.0128563
-0.0130348
-0.0124718
-0.0116068
-0.01103
-0.0113596
-0.0129112
-0.0153142
-0.0174288
-0.0180055
-0.0166461
-0.014147
-0.0119088
-0.0109751
-0.0113459
-0.0121697
-0.0125679
-0.012307
-0.0117715
-0.0113459
-0.0111399
-0.0111674
-0.0113871
-0.011799
-0.0123757
-0.0130211
-0.0135978
-0.0138861
-0.0135703
-0.0126915
-0.0117715
-0.0115381
-0.0121423
-0.0131172
-0.0138312
-0.0140234
-0.0137351
-0.0131584
-0.0124993
-0.0119226
-0.0114969
-0.0113459
-0.0115381
-0.0120736
-0.0127739
-0.0135566
-0.0144354
-0.015424
-0.0163166
-0.0167697
-0.0165225
-0.0156025
-0.0144217
-0.0134467
-0.0129112
-0.0126641
-0.0124032
-0.0120324
-0.0117715
-0.0118402
-0.0121972
-0.0126229
-0.01287
-0.0128838
-0.0129387
-0.0133506
-0.0141608
-0.0149846
-0.0152593
-0.0148748
-0.0141882
-0.0136939
-0.0138587
-0.01471
-0.0158222
-0.0164676
-0.0163166
-0.0157536
-0.0155064
-0.0160694
-0.0173327
-0.0190216
-0.0209165
-0.0229899
-0.0252968
-0.0279469
-0.0309677
-0.0341259
-0.0370232
-0.0394948
-0.0417879
-0.044287
-0.047198
-0.0505759
-0.0544206
-0.0584027
-0.061808
-0.0639775
-0.0649662
-0.0655154
-0.0664766
-0.0683715
-0.0712001
-0.0745368
-0.0777087
-0.0803176
-0.0822949
-0.083723
-0.0847116
-0.0855355
-0.0863456
-0.0870322
-0.0873206
-0.0871283
-0.0868537
-0.0870597
-0.0880758
-0.0898196
-0.0918107
-0.0933486
-0.0938291
-0.0932387
-0.0921539
-0.091179
-0.0904375
-0.0897647
-0.0890232
-0.0882955
-0.0876089
-0.0867438
-0.0855355
-0.0841898
-0.0831737
-0.0826794
-0.0822949
-0.0814024
-0.0798233
-0.0781619
-0.0771595
-0.0771183
-0.0776813
-0.0783129
-0.0785189
-0.0779422
-0.0765004
-0.0745094
-0.0726145
-0.0713786
-0.070953
-0.071104
-0.0714473
-0.071461
-0.0707333
-0.0693464
-0.0680282
-0.0677124
-0.0687697
-0.0707607
-0.072738
-0.0739876
-0.0743171
-0.07407
-0.0735344
-0.0728479
-0.0721339
-0.0717357
-0.0720377
-0.0730676
-0.074427
-0.0756353
-0.0764592
-0.0768986
-0.0769398
-0.0765965
-0.0759923
-0.0754156
-0.0752646
-0.0759237
-0.0775028
-0.0797409
-0.0819654
-0.0833385
-0.0833248
-0.082034
-0.0801529
-0.0786013
-0.0779147
-0.0781481
-0.0790544
-0.0802627
-0.0813612
-0.0817869
-0.0813063
-0.0802765
-0.0794251
-0.0792329
-0.0795899
-0.0801803
-0.0806747
-0.080812
-0.0804962
-0.0799332
-0.0793977
-0.0790269
-0.0787798
-0.078615
-0.0785738
-0.0787248
-0.0790544
-0.0794663
-0.0799469
-0.080455
-0.0808944
-0.0811141
-0.0810179
-0.080606
-0.0799469
-0.0791642
-0.0783404
-0.077489
-0.0766514
-0.0760747
-0.0762395
-0.0773242
-0.0789171
-0.080249
-0.080812
-0.0806609
-0.0801941
-0.0796311
-0.0789857
-0.0781619
-0.0773242
-0.0767887
-0.0767338
-0.0770908
-0.0777774
-0.078766
-0.0800293
-0.0811964
-0.0817457
-0.0814848
-0.0806197
-0.07948
-0.0783266
-0.0773929
-0.0770908
-0.0775577
-0.0784227
-0.0789583
-0.0787111
-0.0778598
-0.0768711
-0.0762669
-0.0762807
-0.0768711
-0.0778186
-0.0788621
-0.0796448
-0.0798645
-0.0793702
-0.0784502
-0.0775989
-0.0772831
-0.0776401
-0.0783816
-0.0788347
-0.0784227
-0.0772968
-0.0763493
-0.0764455
-0.0775577
-0.0787798
-0.0793839
-0.0793839
-0.0793565
-0.0796311
-0.0800293
-0.0802902
-0.0801941
-0.0797959
-0.0792878
-0.0789583
-0.0788484
-0.0787248
-0.0784227
-0.0780932
-0.0780657
-0.0783266
-0.0784365
-0.0780108
-0.076981
-0.0755667
-0.0742347
-0.0735756
-0.0740425
-0.0755804
-0.0775028
-0.0788209
-0.0788896
-0.0777911
-0.0762258
-0.0749488
-0.0742347
-0.0738915
-0.0736306
-0.0734246
-0.073507
-0.07407
-0.0750449
-0.076061
-0.0765965
-0.0763631
-0.0756216
-0.0749899
-0.0750586
-0.0758138
-0.0768025
-0.0773929
-0.0771869
-0.0763631
-0.0755117
-0.0752096
-0.0756216
-0.0763356
-0.0767201
-0.0763081
-0.0752096
-0.0741661
-0.0740974
-0.0752096
-0.076624
-0.0770359
-0.0759374
-0.0741523
-0.0728891
-0.0727243
-0.0732873
-0.0738503
-0.0740425
-0.0740013
-0.0742073
-0.0749076
-0.0758413
-0.0764043
-0.0762258
-0.0754705
-0.0746741
-0.0742347
-0.0740425
-0.0736718
-0.0728891
-0.071873
-0.0712276
-0.0715297
-0.0729028
-0.0748664
-0.0764592
-0.0767475
-0.0754431
-0.0731774
-0.0711452
-0.0701016
-0.0699231
-0.070033
-0.0700742
-0.0701566
-0.0704587
-0.0708981
-0.0712551
-0.0713786
-0.0710766
-0.0703488
-0.0695387
-0.069264
-0.0698545
-0.0708431
-0.0714885
-0.0713786
-0.0706646
-0.0699506
-0.069827
-0.0704587
-0.07131
-0.0714885
-0.0706784
-0.0693464
-0.0682342
-0.0676026
-0.0673142
-0.067273
-0.0674927
-0.0679047
-0.0682617
-0.0683029
-0.0679733
-0.0674378
-0.0671082
-0.0675202
-0.0689345
-0.0709392
-0.0726145
-0.0733422
-0.0732186
-0.0727792
-0.0723536
-0.0719142
-0.0712688
-0.0704998
-0.0698545
-0.069621
-0.0697446
-0.069827
-0.0695112
-0.0688796
-0.0684264
-0.0687148
-0.0699094
-0.0715434
-0.0729028
-0.0735344
-0.0734795
-0.0729577
-0.0721064
-0.0708843
-0.0692503
-0.0674653
-0.0660235
-0.0655154
-0.0662706
-0.0679458
-0.0696348
-0.0704312
-0.0700055
-0.068962
-0.0683166
-0.0685912
-0.0694151
-0.0698682
-0.0693876
-0.0682205
-0.067122
-0.066559
-0.0664491
-0.0665041
-0.0666688
-0.0669435
-0.0671906
-0.0671357
-0.06671
-0.0661333
-0.0657077
-0.0655017
-0.0655154
-0.0657077
-0.0660784
-0.0665865
-0.0671494
-0.0676575
-0.0678497
-0.0675202
-0.066765
-0.0658724
-0.0651996
-0.0648838
-0.0648975
-0.0651721
-0.0655841
-0.0659686
-0.0661471
-0.0660647
-0.0658038
-0.0655978
-0.0656253
-0.0658175
-0.0658312
-0.0653781
-0.064568
-0.0639226
-0.0637853
-0.0641148
-0.0647053
-0.0653506
-0.065845
-0.065996
-0.0659274
-0.0660097
-0.0665453
-0.0673417
-0.0678497
-0.0677399
-0.0672181
-0.066765
-0.0665865
-0.0664903
-0.0660509
-0.0651721
-0.0642796
-0.0639226
-0.0640187
-0.0640462
-0.0636342
-0.063085
-0.0628104
-0.0628241
-0.0629065
-0.0631125
-0.0636068
-0.0642933
-0.0647327
-0.064568
-0.0638539
-0.0630301
-0.0625358
-0.0626044
-0.0630575
-0.0634557
-0.0633734
-0.0627143
-0.0617805
-0.0609017
-0.0604211
-0.0604211
-0.060737
-0.0609704
-0.0608331
-0.0603662
-0.0598032
-0.0593364
-0.0590755
-0.0591716
-0.0596385
-0.0601053
-0.0600916
-0.0595286
-0.0588009
-0.0584851
-0.0588833
-0.059817
-0.0606683
-0.0607644
-0.0600779
-0.0591304
-0.0584851
-0.0582654
-0.0583203
-0.0585949
-0.0591441
-0.0597895
-0.0602701
-0.0603388
-0.059817
-0.0585125
-0.0566863
-0.055066
-0.0545579
-0.0554093
-0.0570982
-0.0585812
-0.059048
-0.0585125
-0.057771
-0.0576337
-0.0582104
-0.0589244
-0.0592128
-0.059048
-0.0588009
-0.0587048
-0.0587459
-0.0586773
-0.0582242
-0.0571531
-0.0555878
-0.05394
-0.052869
-0.0527591
-0.0535967
-0.0548875
-0.0559585
-0.0563018
-0.0560272
-0.0557525
-0.0558624
-0.0560409
-0.0558487
-0.0553543
-0.0550385
-0.055066
-0.0552308
-0.0551758
-0.0547502
-0.0540636
-0.0533908
-0.0530612
-0.053075
-0.0531573
-0.0531436
-0.0534182
-0.0544481
-0.0562194
-0.058128
-0.0592815
-0.0590892
-0.0575101
-0.0551758
-0.053075
-0.0519078
-0.051743
-0.0521687
-0.0527591
-0.0535006
-0.0545854
-0.0559722
-0.0571531
-0.0573316
-0.0561507
-0.0541185
-0.0522786
-0.0515096
-0.0520451
-0.0536791
-0.05578
-0.0573316
-0.0573454
-0.0556427
-0.053226
-0.0515645
-0.0514684
-0.0527729
-0.0545991
-0.0559997
-0.0564391
-0.0560958
-0.0555603
-0.0552857
-0.0552857
-0.0553818
-0.0554367
-0.0553406
-0.0549287
-0.0542558
-0.0536791
-0.0534594
-0.0534457
-0.053226
-0.0526218
-0.0518117
-0.0510977
-0.0507681
-0.0508093
-0.0509466
-0.050823
-0.0504935
-0.0504935
-0.0513311
-0.0529239
-0.0546678
-0.05578
-0.0558212
-0.0547776
-0.0531848
-0.0518117
-0.0512899
-0.0516469
-0.0526218
-0.0538302
-0.0547502
-0.0549836
-0.0544893
-0.0536379
-0.0530063
-0.0528827
-0.0532947
-0.0540361
-0.0547364
-0.0547639
-0.0537753
-0.0519765
-0.0500678
-0.0489007
-0.0489693
-0.0502326
-0.0520177
-0.0534457
-0.054146
-0.0542696
-0.0540361
-0.0532809
-0.0518941
-0.0502189
-0.0488869
-0.0483652
-0.0487084
-0.0496834
-0.0509466
-0.0520863
-0.052869
-0.0531299
-0.0527454
-0.0515783
-0.0499717
-0.0487634
-0.0487908
-0.0500541
-0.0516469
-0.0524983
-0.0521824
-0.0510565
-0.0497657
-0.0487634
-0.0480631
-0.0476237
-0.0474864
-0.0476786
-0.0481043
-0.0485711
-0.0493126
-0.0507269
-0.0527042
-0.0544481
-0.0549836
-0.0540224
-0.0521275
-0.0502875
-0.0493675
-0.0495323
-0.0501914
-0.0503699
-0.049601
-0.0482416
-0.0470882
-0.0466488
-0.0469234
-0.0476923
-0.0486672
-0.0495323
-0.0500404
-0.050109
-0.0498893
-0.0494637
-0.0489831
-0.0486672
-0.0487359
-0.0491204
-0.0495598
-0.0498481
-0.0498893
-0.0496834
-0.0491616
-0.0483377
-0.0473353
-0.0464153
-0.0459347
-0.0461819
-0.0471294
-0.0482141
-0.0486947
-0.0482278
-0.0471705
-0.0462506
-0.0459622
-0.0463055
-0.0470058
-0.0478159
-0.0485437
-0.0489556
-0.0487908
-0.0479258
-0.0467037
-0.0458112
-0.0457837
-0.0464428
-0.0471705
-0.0474452
-0.0471156
-0.0465526
-0.0464291
-0.0472255
-0.0486947
-0.0499992
-0.0503699
-0.0496422
-0.0482004
-0.0466076
-0.0454541
-0.0452482
-0.0460995
-0.047555
-0.0489556
-0.0498069
-0.0499031
-0.0493126
-0.0483514
-0.0474314
-0.0467723
-0.0463741
-0.0463329
-0.0469646
-0.0483377
-0.0498893
-0.0508505
-0.0508917
-0.050315
-0.0495049
-0.0487084
-0.0479807
-0.0475276
-0.0475962
-0.0482553
-0.0492852
-0.0502875
-0.0508642
-0.0507544
-0.0499717
-0.0488458
-0.0477747
-0.0470882
-0.0469783
-0.0472255
-0.0473628
-0.0470332
-0.0463467
-0.045715
-0.0454953
-0.0457974
-0.0464977
-0.0472804
-0.0477885
-0.0478571
-0.0476511
-0.0474726
-0.0474452
-0.0475962
-0.0479258
-0.0483789
-0.0487496
-0.0487496
-0.0483377
-0.0477198
-0.0472255
-0.0469783
-0.0468959
-0.0467998
-0.0466076
-0.0464291
-0.0465115
-0.0468822
-0.0473491
-0.0477747
-0.0482553
-0.0488732
-0.0494362
-0.049601
-0.0492028
-0.0482965
-0.0471705
-0.0461682
-0.0456327
-0.0456464
-0.0460171
-0.0464428
-0.0467449
-0.0467998
-0.0464977
-0.045921
-0.0453718
-0.0451933
-0.0455503
-0.0463604
-0.0474452
-0.0486261
-0.0495598
-0.0498344
-0.0491204
-0.0475276
-0.0455777
-0.0440948
-0.0436554
-0.0443007
-0.0454404
-0.0462918
-0.0463055
-0.045564
-0.0445479
-0.0438201
-0.0436554
-0.0438613
-0.0440261
-0.04393
-0.0437652
-0.0437927
-0.0440536
-0.0443557
-0.044493
-0.0443419
-0.0439437
-0.0433395
-0.0425569
-0.041733
-0.0411837
-0.0413485
-0.0424745
-0.0443007
-0.0460721
-0.0471705
-0.0475276
-0.0473902
-0.0468547
-0.0456601
-0.0436691
-0.0412387
-0.0393026
-0.0387533
-0.039687
-0.0414721
-0.0431885
-0.0443282
-0.0449186
-0.0450834
-0.0448912
-0.0444655
-0.0440536
-0.0439437
-0.0440536
-0.0441497
-0.0439986
-0.0434357
-0.042447
-0.041376
-0.0406482
-0.0404697
-0.040607
-0.0407443
-0.0409778
-0.0416918
-0.0430375
-0.0446303
-0.045564
-0.0450697
-0.043216
-0.0410327
-0.0396596
-0.0393712
-0.0395085
-0.0393575
-0.0388357
-0.0384512
-0.0386023
-0.0392339
-0.0399067
-0.0401814
-0.0398518
-0.0390691
-0.0382865
-0.0379295
-0.0380805
-0.0385748
-0.0391241
-0.0395635
-0.0398793
-0.0400715
-0.0401539
-0.0400029
-0.0395772
-0.0389868
-0.0385062
-0.0382453
-0.0379844
-0.0375313
-0.0370507
-0.036831
-0.0368722
-0.0368996
-0.0368172
-0.0369683
-0.0376136
-0.0386297
-0.0394948
-0.0397282
-0.03933
-0.0387671
-0.0385199
-0.0385886
-0.0385062
-0.0379706
-0.0372429
-0.0368859
-0.0371056
-0.0375862
-0.0378883
-0.0378333
-0.037545
-0.037339
-0.0374351
-0.0378745
-0.0384924
-0.0391103
-0.0396184
-0.0398793
-0.0399067
-0.0397832
-0.0397145
-0.0397282
-0.0397008
-0.0395085
-0.0391378
-0.0386847
-0.0382315
-0.0378333
-0.0376274
-0.0377098
-0.0379844
-0.0381629
-0.0378471
-0.036831
-0.0352656
-0.0338376
-0.0333982
-0.0343868
-0.0363092
-0.0380393
-0.0386297
-0.0379706
-0.0366662
-0.0356363
-0.0354578
-0.036062
-0.0368859
-0.0375313
-0.0379295
-0.0381492
-0.0380942
-0.0376548
-0.0370781
-0.0367348
-0.036831
-0.0372704
-0.0378471
-0.0383414
-0.0385611
-0.0383689
-0.0378608
-0.0372978
-0.0369545
-0.0368447
-0.0366525
-0.0360895
-0.0352656
-0.034634
-0.0345378
-0.034991
-0.0358149
-0.036776
-0.037545
-0.0377921
-0.0375175
-0.0371193
-0.0370919
-0.0375313
-0.0380393
-0.0380942
-0.0375175
-0.0365289
-0.0355402
-0.0348949
-0.0347164
-0.0349635
-0.0354304
-0.0358149
-0.0357874
-0.0353343
-0.0347987
-0.0345928
-0.0348125
-0.0351695
-0.0353343
-0.0353205
-0.0352656
-0.0352107
-0.0350871
-0.0349772
-0.0350734
-0.0353068
-0.0353617
-0.0350734
-0.034634
-0.0343319
-0.0341946
-0.0341396
-0.034071
-0.0339611
-0.0336179
-0.0329038
-0.0318053
-0.0306519
-0.0299242
-0.0300066
-0.0309403
-0.0322997
-0.033508
-0.0341946
-0.0344005
-0.0342907
-0.0338925
-0.0332608
-0.0326155
-0.0323958
-0.0328352
-0.0337689
-0.0347026
-0.0352107
-0.0351008
-0.0344555
-0.033508
-0.032588
-0.0319976
-0.0319701
-0.032437
-0.0331373
-0.0337002
-0.0339474
-0.033865
-0.0333844
-0.0326155
-0.031874
-0.0315994
-0.0320937
-0.0332197
-0.034634
-0.0359522
-0.0369545
-0.0374489
-0.0372978
-0.0365151
-0.0352244
-0.0337002
-0.0324507
-0.0319976
-0.0325468
-0.0338376
-0.0353617
-0.0366387
-0.0372154
-0.0368447
-0.0356913
-0.0345104
-0.0340847
-0.0344555
-0.0349635
-0.0348674
-0.0342083
-0.0336453
-0.0338376
-0.0347987
-0.0359247
-0.0364053
-0.0358698
-0.0346614
-0.0335629
-0.0331922
-0.0335904
-0.034071
-0.0338101
-0.0326155
-0.0312698
-0.0307343
-0.0313659
-0.0326567
-0.0338376
-0.0343456
-0.0339337
-0.0326841
-0.0311325
-0.0301027
-0.0301164
-0.0309815
-0.0319701
-0.0324782
-0.0323546
-0.0318191
-0.0311325
-0.0304185
-0.0296358
-0.0288119
-0.0281391
-0.027837
-0.0279194
-0.0283039
-0.0289493
-0.0297869
-0.0305558
-0.0308442
-0.0305283
-0.0300477
-0.0300066
-0.0306107
-0.0314758
-0.0319701
-0.0316955
-0.0308716
-0.0301027
-0.0299379
-0.0305146
-0.0316268
-0.0328489
-0.0335629
-0.0332059
-0.0315582
-0.029114
-0.0268621
-0.0257362
-0.0260382
-0.0275212
-0.0295672
-0.0313934
-0.0322447
-0.0317367
-0.0303773
-0.0292376
-0.0291278
-0.030034
-0.0313659
-0.0324507
-0.0328626
-0.032588
-0.0318053
-0.0308167
-0.0299242
-0.0293749
-0.0293475
-0.0296495
-0.0299104
-0.0300477
-0.030446
-0.0314621
-0.0328077
-0.0337826
-0.0338376
-0.032945
-0.0315994
-0.0305695
-0.0305009
-0.0314346
-0.0327116
-0.0335217
-0.0335217
-0.0330686
-0.0326841
-0.0326155
-0.0326704
-0.032437
-0.0317504
-0.0308579
-0.0300889
-0.0295672
-0.0291552
-0.0289355
-0.0290866
-0.0296495
-0.0301851
-0.0301439
-0.0293612
-0.0282215
-0.027329
-0.0271917
-0.0277958
-0.0285922
-0.0289493
-0.0286884
-0.0283314
-0.028606
-0.0297319
-0.0311874
-0.0321212
-0.0320937
-0.0313248
-0.0304048
-0.0297594
-0.0293612
-0.0288943
-0.0282764
-0.0278233
-0.027892
-0.0284275
-0.0290728
-0.0295397
-0.0297319
-0.0296084
-0.0291827
-0.0285922
-0.0282352
-0.0283725
-0.0290454
-0.0298692
-0.0304185
-0.0304871
-0.0302263
-0.0298418
-0.029471
-0.0291415
-0.0289493
-0.0288943
-0.0290042
-0.0293063
-0.0298555
-0.0303361
-0.0301851
-0.0291552
-0.027686
-0.0266287
-0.0265463
-0.0272054
-0.0279743
-0.0282764
-0.0279606
-0.0272054
-0.0264914
-0.0262854
-0.0268072
-0.0278782
-0.0291964
-0.0305146
-0.0315033
-0.0315994
-0.0305421
-0.0286746
-0.0268896
-0.0260794
-0.0266012
-0.0280842
-0.0296907
-0.0307343
-0.0310227
-0.0308579
-0.0304871
-0.0299928
-0.0292925
-0.0285648
-0.0281803
-0.0283725
-0.0291415
-0.0299928
-0.0302537
-0.0295122
-0.0281803
-0.027123
-0.0267797
-0.0266836
-0.0260794
-0.0248162
-0.0234705
-0.0229213
-0.023649
-0.025489
-0.0276723
-0.0293475
-0.0301988
-0.0304185
-0.0302125
-0.0295122
-0.0281666
-0.0263953
-0.0247063
-0.0236353
-0.0235529
-0.0244454
-0.0258597
-0.0269994
-0.0272878
-0.0268072
-0.026203
-0.025997
-0.0263541
-0.0270543
-0.0277272
-0.0280979
-0.028194
-0.0282352
-0.0283863
-0.0285785
-0.0285373
-0.0281117
-0.0272878
-0.0263129
-0.0256263
-0.0256538
-0.0266012
-0.028194
-0.0297182
-0.0302125
-0.029114
-0.0268896
-0.0249123
-0.0244454
-0.025489
-0.026972
-0.0278782
-0.0280155
-0.0278782
-0.027837
-0.0279057
-0.028043
-0.0284412
-0.0292376
-0.0302674
-0.0310639
-0.0312698
-0.0309952
-0.0306657
-0.0304597
-0.0300615
-0.0291415
-0.0278508
-0.0269445
-0.0270406
-0.0280567
-0.029169
-0.0295809
-0.0291003
-0.028043
-0.0269582
-0.0264227
-0.0266287
-0.0272878
-0.0278096
-0.0278782
-0.0276585
-0.0274114
-0.027274
-0.0270818
-0.0266012
-0.0258048
-0.0250084
-0.0244454
-0.024006
-0.0234842
-0.0230998
-0.023498
-0.0250084
-0.0270132
-0.0284
-0.0284824
-0.0275349
-0.0264502
-0.025997
-0.0263541
-0.0271367
-0.027892
-0.0284412
-0.0287707
-0.0287296
-0.0280567
-0.0267385
-0.0252693
-0.0242395
-0.0239923
-0.0244042
-0.0251594
-0.0260108
-0.0266973
-0.0271093
-0.0272878
-0.0274251
-0.0275075
-0.0272878
-0.026615
-0.0258323
-0.0255439
-0.0260108
-0.0268484
-0.0272603
-0.0268621
-0.0260657
-0.0256263
-0.0259833
-0.0268347
-0.0274388
-0.0271642
-0.0260794
-0.0250496
-0.025132
-0.0264914
-0.0280567
-0.0283725
-0.0269582
-0.0246102
-0.0226466
-0.021864
-0.0222484
-0.0233195
-0.0244042
-0.0249397
-0.0247887
-0.0243218
-0.0241433
-0.0246377
-0.025695
-0.0267935
-0.027329
-0.0269445
-0.0259009
-0.0249809
-0.0248436
-0.0254478
-0.0262442
-0.0265738
-0.0260932
-0.0248848
-0.0235804
-0.0231135
-0.0239374
-0.0255027
-0.0267523
-0.0270269
-0.0265326
-0.025997
-0.0258872
-0.0260932
-0.0262442
-0.0260794
-0.0257362
-0.025489
-0.0254753
-0.0255439
-0.0253929
-0.0248848
-0.0241159
-0.023292
-0.0226878
-0.0223857
-0.0223995
-0.022729
-0.0234293
-0.024418
-0.0253654
-0.025997
-0.0263678
-0.0267523
-0.027274
-0.0276173
-0.0273839
-0.0266836
-0.0260382
-0.0260657
-0.0269033
-0.0280705
-0.0286884
-0.028249
-0.0270132
-0.0256126
-0.0244729
-0.023649
-0.0231272
-0.0229762
-0.0232645
-0.0236627
-0.0238275
-0.0237589
-0.0239099
-0.024775
-0.0261893
-0.027329
-0.0273015
-0.025997
-0.0240884
-0.0224407
-0.0215069
-0.0213696
-0.0219189
-0.0229899
-0.024212
-0.0249947
-0.0249809
-0.0242806
-0.0234156
-0.022935
-0.0231272
-0.023649
-0.0237589
-0.0229075
-0.0213147
-0.0198592
-0.0194198
-0.0202986
-0.0220699
-0.023855
-0.0248024
-0.0244042
-0.0230036
-0.0215756
-0.0211499
-0.0220013
-0.023443
-0.0243905
-0.0241433
-0.0229899
-0.0219326
-0.0218914
-0.0230036
-0.0246102
-0.0258872
-0.0263129
-0.0258735
-0.0248711
-0.0237314
-0.0228663
-0.0224269
-0.0222759
-0.0221935
-0.022166
-0.0222622
-0.0223995
-0.0223857
-0.0222072
-0.0220287
-0.022015
-0.022166
-0.0223034
-0.0222622
-0.0221111
-0.0221798
-0.0227428
-0.023649
-0.0242944
-0.0241296
