LECROYHDO9204-MSöv,30454,Waveform
Segments,1,SegmentSize,2002
Ampl
-0.0151769
-0.0149297
-0.0153142
-0.0160557
-0.01655
-0.0162891
-0.0153004
-0.0140509
-0.013282
-0.0134742
-0.0144217
-0.0153691
-0.0156575
-0.0152318
-0.014504
-0.0138861
-0.0135703
-0.0136527
-0.014147
-0.014861
-0.0154378
-0.0157398
-0.0157536
-0.015424
-0.0146963
-0.0138587
-0.0135154
-0.0141745
-0.0156712
-0.0171404
-0.0177995
-0.0175798
-0.0171404
-0.0171679
-0.0176897
-0.0181977
-0.0181565
-0.0174425
-0.0164127
-0.0153966
-0.0145315
-0.0138449
-0.0135017
-0.0137351
-0.014559
-0.0156849
-0.016701
-0.0173052
-0.0175249
-0.0175798
-0.0175661
-0.0174151
-0.0171679
-0.0170443
-0.0169757
-0.0165088
-0.0153279
-0.0138724
-0.0130073
-0.0131996
-0.0141058
-0.0149984
-0.015273
-0.0148748
-0.0141196
-0.0135291
-0.0134879
-0.0141608
-0.0155751
-0.0176622
-0.0201338
-0.0223308
-0.0235117
-0.023086
-0.0209989
-0.017978
-0.0153004
-0.0141608
-0.0148061
-0.0163303
-0.0175249
-0.0177858
-0.0172915
-0.0165088
-0.0156987
-0.0151082
-0.0149572
-0.0154927
-0.0165774
-0.0176485
-0.0180879
-0.0177858
-0.0171816
-0.0168521
-0.0168933
-0.0170031
-0.0169345
-0.0168795
-0.0169345
-0.0168521
-0.0163166
-0.0156987
-0.0156025
-0.0162479
-0.0172091
-0.0181016
-0.0188431
-0.0192688
-0.0190491
-0.0180055
-0.0163989
-0.0147237
-0.0133232
-0.0123894
-0.0121697
-0.0128426
-0.0143393
-0.0161106
-0.0175249
-0.0182389
-0.0183213
-0.0181291
-0.017978
-0.0178956
-0.0177309
-0.0173327
-0.0166736
-0.0158085
-0.0150121
-0.0147512
-0.0152318
-0.0161655
-0.0168246
-0.0167971
-0.0162342
-0.0156163
-0.0152455
-0.0152043
-0.0153828
-0.0155888
-0.0157398
-0.0161243
-0.0170992
-0.0184861
-0.0194061
-0.0190353
-0.0173739
-0.0153004
-0.0138037
-0.013282
-0.0135566
-0.0142431
-0.015067
-0.0158772
-0.0166873
-0.0175112
-0.0181977
-0.0184861
-0.0182527
-0.0177034
-0.0172777
-0.0172228
-0.0174151
-0.0175524
-0.0175661
-0.0177309
-0.0180467
-0.0181565
-0.0176897
-0.0167834
-0.0160419
-0.0158497
-0.0161792
-0.0168383
-0.0175936
-0.0182664
-0.0185135
-0.0181153
-0.0173052
-0.0165774
-0.0162891
-0.0164676
-0.0169345
-0.0174837
-0.018033
-0.0186921
-0.0195434
-0.0204085
-0.0208067
-0.0204085
-0.019461
-0.0185685
-0.0182389
-0.0183625
-0.0183762
-0.0178133
-0.0166873
-0.0155339
-0.0148885
-0.0149022
-0.0152867
-0.0157124
-0.0160145
-0.016193
-0.0164264
-0.0168521
-0.0174974
-0.0180192
-0.0180467
-0.0174837
-0.0167422
-0.0164401
-0.0170443
-0.0187058
-0.0209165
-0.0226054
-0.0226604
-0.020944
-0.0184586
-0.0165774
-0.0160694
-0.0166736
-0.01747
-0.0176073
-0.0168933
-0.0157948
-0.0149846
-0.01471
-0.0147512
-0.0148885
-0.0151631
-0.01563
-0.0161792
-0.0164401
-0.0161792
-0.0154515
-0.0146414
-0.0142294
-0.0143805
-0.014861
-0.0151769
-0.0149709
-0.0142706
-0.0133918
-0.0127876
-0.0126915
-0.0129524
-0.0131858
-0.0131035
-0.0127464
-0.0124444
-0.0124444
-0.0126778
-0.0130073
-0.0135566
-0.0146688
-0.0163715
-0.0180741
-0.0188431
-0.0182664
-0.016701
-0.0151082
-0.0142569
-0.0143118
-0.014916
-0.0154927
-0.0156987
-0.015424
-0.01471
-0.01379
-0.0129936
-0.0124444
-0.0121011
-0.0118814
-0.0118814
-0.0122933
-0.0131446
-0.0142569
-0.0152043
-0.0155201
-0.0149846
-0.0138861
-0.0128288
-0.0122247
-0.0119775
-0.011799
-0.0115793
-0.0113321
-0.011085
-0.0109889
-0.0113047
-0.0122109
-0.0135291
-0.0147924
-0.0155613
-0.0156437
-0.0151769
-0.0144628
-0.0137351
-0.0130485
-0.0124444
-0.0122109
-0.0126641
-0.0137214
-0.0146963
-0.0150396
-0.0149297
-0.0151082
-0.0159733
-0.0171542
-0.0179231
-0.0178956
-0.0173052
-0.0168383
-0.0168933
-0.0173327
-0.0177171
-0.0176073
-0.0169207
-0.0159321
-0.0151494
-0.0149022
-0.0150945
-0.0154378
-0.0157261
-0.0160282
-0.0163577
-0.0164127
-0.0159595
-0.015273
-0.0149434
-0.015424
-0.0165637
-0.0177721
-0.0183625
-0.0179643
-0.0168658
-0.015781
-0.0153416
-0.015479
-0.0155064
-0.0149297
-0.0139273
-0.0129799
-0.0123482
-0.0121835
-0.0126503
-0.0138999
-0.0157398
-0.0175661
-0.0185547
-0.0181565
-0.0163715
-0.0140784
-0.0124306
-0.0121835
-0.0131584
-0.0146276
-0.0159184
-0.0166461
-0.0167148
-0.0161792
-0.0151769
-0.0138861
-0.0125405
-0.0115656
-0.0113871
-0.0120736
-0.013227
-0.0144354
-0.0155613
-0.0166461
-0.0175936
-0.0182252
-0.018541
-0.0186234
-0.0184174
-0.0176759
-0.0162754
-0.0146276
-0.013584
-0.01379
-0.0151082
-0.0166186
-0.0175112
-0.01747
-0.0167285
-0.0156025
-0.0143805
-0.0134467
-0.0132408
-0.0140372
-0.0155751
-0.0170168
-0.0174425
-0.0164127
-0.0143942
-0.012513
-0.0116205
-0.0118265
-0.0127053
-0.0138724
-0.0150945
-0.0161381
-0.0167422
-0.0168795
-0.0166324
-0.0160969
-0.0153416
-0.0146414
-0.0144628
-0.0150396
-0.0160419
-0.0167834
-0.0165774
-0.015273
-0.0134742
-0.0122521
-0.0122521
-0.0131721
-0.0141882
-0.0148473
-0.0152593
-0.0156849
-0.0159184
-0.0154652
-0.014202
-0.0125954
-0.0113321
-0.0109065
-0.0113184
-0.0121835
-0.0129387
-0.0131858
-0.0128563
-0.0122521
-0.011799
-0.0118265
-0.0122933
-0.0128563
-0.0131446
-0.0131584
-0.0131996
-0.0134879
-0.013996
-0.0146276
-0.0154103
-0.0163577
-0.0174013
-0.0184312
-0.0193237
-0.0200514
-0.0206693
-0.0213834
-0.0224407
-0.024006
-0.0262167
-0.029114
-0.0326567
-0.0366525
-0.0408954
-0.0453718
-0.0502463
-0.0556976
-0.0616844
-0.0681518
-0.0750174
-0.0821851
-0.0895175
-0.0971246
-0.105253
-0.113863
-0.122266
-0.129695
-0.135943
-0.141669
-0.14782
-0.155057
-0.163213
-0.171603
-0.179553
-0.186913
-0.193792
-0.200273
-0.206274
-0.211643
-0.216256
-0.22017
-0.223561
-0.226733
-0.229837
-0.23272
-0.235384
-0.237869
-0.240217
-0.242167
-0.243513
-0.244282
-0.244611
-0.244598
-0.244405
-0.244296
-0.244488
-0.244708
-0.244254
-0.242497
-0.239394
-0.235535
-0.231704
-0.228505
-0.226129
-0.224275
-0.222394
-0.22006
-0.217396
-0.215007
-0.213442
-0.212563
-0.211505
-0.20935
-0.205972
-0.202182
-0.199147
-0.19761
-0.197513
-0.198049
-0.198063
-0.196799
-0.194424
-0.191911
-0.190291
-0.189961
-0.190538
-0.191293
-0.191582
-0.191005
-0.189536
-0.187668
-0.186295
-0.18624
-0.187558
-0.189426
-0.190607
-0.190414
-0.189371
-0.188753
-0.189673
-0.192186
-0.195289
-0.197788
-0.199134
-0.199614
-0.199944
-0.200452
-0.201111
-0.201798
-0.20258
-0.203459
-0.204379
-0.205409
-0.206686
-0.20832
-0.210023
-0.211286
-0.211808
-0.211698
-0.211354
-0.21097
-0.210517
-0.210064
-0.209926
-0.210503
-0.211684
-0.212837
-0.213332
-0.213002
-0.212178
-0.211354
-0.21086
-0.210613
-0.210311
-0.209707
-0.208855
-0.2081
-0.207839
-0.208141
-0.208622
-0.208828
-0.208636
-0.208402
-0.208636
-0.209542
-0.210668
-0.211272
-0.210888
-0.209707
-0.208402
-0.207757
-0.20799
-0.208732
-0.209212
-0.208897
-0.207674
-0.206027
-0.204709
-0.20431
-0.204942
-0.206123
-0.207111
-0.207331
-0.206658
-0.20556
-0.204736
-0.204557
-0.204695
-0.204516
-0.203734
-0.202814
-0.202457
-0.202882
-0.203583
-0.203885
-0.203596
-0.203075
-0.202704
-0.202608
-0.20269
-0.20291
-0.203294
-0.203692
-0.203816
-0.203528
-0.203047
-0.202745
-0.202882
-0.203363
-0.203871
-0.204187
-0.204214
-0.203995
-0.203638
-0.203322
-0.20328
-0.203583
-0.204132
-0.204695
-0.205107
-0.205272
-0.205024
-0.204255
-0.203006
-0.201564
-0.200315
-0.199477
-0.198859
-0.19809
-0.19706
-0.196264
-0.196333
-0.197431
-0.199038
-0.200411
-0.201042
-0.20096
-0.200644
-0.200548
-0.200891
-0.201427
-0.201688
-0.201317
-0.200424
-0.199395
-0.198529
-0.197953
-0.197651
-0.197678
-0.198063
-0.198708
-0.199436
-0.199971
-0.200067
-0.199628
-0.198667
-0.197321
-0.195907
-0.194822
-0.194465
-0.194863
-0.195687
-0.196525
-0.197115
-0.197486
-0.197719
-0.19798
-0.198447
-0.199175
-0.199848
-0.199793
-0.198516
-0.196236
-0.193888
-0.192529
-0.192611
-0.193792
-0.195165
-0.195921
-0.19577
-0.194959
-0.193943
-0.192996
-0.192117
-0.19117
-0.19025
-0.189659
-0.189645
-0.190071
-0.190607
-0.19095
-0.191128
-0.191252
-0.191403
-0.191554
-0.191691
-0.191829
-0.191815
-0.191458
-0.190689
-0.189824
-0.18922
-0.188918
-0.188561
-0.18786
-0.186913
-0.186185
-0.186048
-0.186419
-0.186844
-0.186968
-0.18694
-0.187078
-0.18738
-0.18749
-0.187146
-0.186625
-0.186432
-0.186666
-0.186831
-0.186391
-0.185361
-0.184235
-0.183494
-0.183219
-0.183219
-0.183398
-0.183906
-0.184908
-0.186281
-0.187421
-0.187613
-0.186666
-0.185183
-0.183961
-0.183315
-0.182903
-0.18234
-0.181709
-0.181311
-0.181201
-0.181022
-0.180487
-0.179649
-0.178839
-0.17829
-0.178015
-0.17796
-0.178125
-0.178523
-0.178935
-0.179017
-0.178551
-0.177823
-0.177356
-0.177438
-0.177823
-0.177919
-0.177274
-0.175983
-0.17461
-0.173745
-0.173511
-0.173552
-0.173498
-0.173305
-0.173113
-0.172893
-0.172495
-0.171877
-0.171191
-0.170614
-0.170188
-0.169927
-0.1699
-0.170298
-0.171136
-0.172207
-0.173168
-0.173649
-0.173415
-0.172632
-0.17196
-0.171891
-0.172358
-0.172866
-0.173003
-0.172756
-0.172358
-0.172152
-0.172289
-0.17266
-0.172962
-0.172948
-0.172632
-0.172275
-0.172056
-0.171987
-0.172028
-0.172097
-0.171905
-0.171136
-0.169872
-0.168678
-0.168211
-0.168637
-0.169515
-0.170161
-0.170051
-0.169104
-0.16784
-0.167071
-0.167236
-0.168184
-0.169213
-0.169763
-0.169584
-0.16898
-0.168513
-0.168513
-0.168815
-0.168994
-0.168925
-0.168788
-0.168747
-0.168678
-0.16839
-0.167772
-0.166948
-0.166247
-0.166
-0.166206
-0.166371
-0.16611
-0.165588
-0.165396
-0.165698
-0.166138
-0.166302
-0.166069
-0.165616
-0.165067
-0.164504
-0.163954
-0.163556
-0.163419
-0.163625
-0.164037
-0.164298
-0.164009
-0.16313
-0.161881
-0.160645
-0.159876
-0.159904
-0.160673
-0.161483
-0.16151
-0.160467
-0.158791
-0.157102
-0.155853
-0.15529
-0.155468
-0.15621
-0.156951
-0.157199
-0.156745
-0.155798
-0.154851
-0.154356
-0.154548
-0.15529
-0.156128
-0.156622
-0.156663
-0.156361
-0.155784
-0.154837
-0.153491
-0.152022
-0.150896
-0.150347
-0.150223
-0.1501
-0.149743
-0.149248
-0.148905
-0.149029
-0.149784
-0.151006
-0.152242
-0.152956
-0.152942
-0.152503
-0.152173
-0.152255
-0.152544
-0.15264
-0.152324
-0.151665
-0.150882
-0.150306
-0.150278
-0.150855
-0.151569
-0.151747
-0.151116
-0.150045
-0.149289
-0.149331
-0.150086
-0.150992
-0.151459
-0.151363
-0.150896
-0.150333
-0.14966
-0.148713
-0.147381
-0.145774
-0.144195
-0.143028
-0.142547
-0.142712
-0.143083
-0.14333
-0.143481
-0.143879
-0.144566
-0.145252
-0.145445
-0.144868
-0.143536
-0.141792
-0.140296
-0.139705
-0.140186
-0.141284
-0.142328
-0.142959
-0.143371
-0.143934
-0.144744
-0.1455
-0.145788
-0.1455
-0.144854
-0.144236
-0.143948
-0.14414
-0.144813
-0.145857
-0.147024
-0.148067
-0.14896
-0.149797
-0.150759
-0.151857
-0.152997
-0.154027
-0.154919
-0.155674
-0.15621
-0.156498
-0.156855
-0.157817
-0.159437
-0.161002
-0.161702
-0.161483
-0.161112
-0.161318
-0.162224
-0.163405
-0.164407
-0.164984
-0.165259
-0.165479
-0.165877
-0.166371
-0.166673
-0.166495
-0.165822
-0.164902
-0.164174
-0.163872
-0.163845
-0.163707
-0.163254
-0.16265
-0.162087
-0.161579
-0.161112
-0.160824
-0.161002
-0.161634
-0.162375
-0.16276
-0.162568
-0.161881
-0.16092
-0.159904
-0.15897
-0.158201
-0.157679
-0.157459
-0.157473
-0.157405
-0.156951
-0.156141
-0.15518
-0.154315
-0.15356
-0.153066
-0.153052
-0.153464
-0.153738
-0.153354
-0.152228
-0.15091
-0.150155
-0.15047
-0.151816
-0.153615
-0.155015
-0.155468
-0.155029
-0.15415
-0.153354
-0.152956
-0.152983
-0.153052
-0.152612
-0.151486
-0.14999
-0.148809
-0.148493
-0.149056
-0.1501
-0.151033
-0.151514
-0.151486
-0.151047
-0.150498
-0.150251
-0.150553
-0.151102
-0.151294
-0.150814
-0.149935
-0.149248
-0.148836
-0.148383
-0.147765
-0.147367
-0.147738
-0.148987
-0.150566
-0.151775
-0.152187
-0.15183
-0.150896
-0.149564
-0.148067
-0.146708
-0.145898
-0.145774
-0.146159
-0.146653
-0.146969
-0.146955
-0.14642
-0.145198
-0.143426
-0.141724
-0.140845
-0.141161
-0.142479
-0.144223
-0.145609
-0.146035
-0.145376
-0.14414
-0.143069
-0.142657
-0.14285
-0.143248
-0.143385
-0.142795
-0.141312
-0.139293
-0.137371
-0.136053
-0.135572
-0.135929
-0.137082
-0.138744
-0.140419
-0.141682
-0.142287
-0.142328
-0.142149
-0.142094
-0.142245
-0.142438
-0.142479
-0.142163
-0.141325
-0.139925
-0.138167
-0.136451
-0.13527
-0.13505
-0.135984
-0.137742
-0.139513
-0.140364
-0.139856
-0.138373
-0.136808
-0.135998
-0.136162
-0.136849
-0.137494
-0.137838
-0.138044
-0.138304
-0.138524
-0.138456
-0.137989
-0.137453
-0.137343
-0.137838
-0.138497
-0.138538
-0.137549
-0.135764
-0.133924
-0.132702
-0.132414
-0.132936
-0.133883
-0.134899
-0.135613
-0.135874
-0.135819
-0.135888
-0.136368
-0.137
-0.137055
-0.135929
-0.133732
-0.131329
-0.129709
-0.129338
-0.129915
-0.13078
-0.131343
-0.13137
-0.130945
-0.130368
-0.130025
-0.130203
-0.130862
-0.131686
-0.132263
-0.1324
-0.132057
-0.131398
-0.130656
-0.130038
-0.129599
-0.129228
-0.128775
-0.128143
-0.127361
-0.126619
-0.126207
-0.126303
-0.126798
-0.127553
-0.128473
-0.129448
-0.130011
-0.129503
-0.127745
-0.125287
-0.123241
-0.122417
-0.12298
-0.124271
-0.125383
-0.125603
-0.124834
-0.123557
-0.122651
-0.122816
-0.124244
-0.126509
-0.128651
-0.129626
-0.128871
-0.126729
-0.124189
-0.122212
-0.121168
-0.120825
-0.120838
-0.121017
-0.12136
-0.1218
-0.122239
-0.122678
-0.123186
-0.123708
-0.124052
-0.123955
-0.12353
-0.123118
-0.122939
-0.122816
-0.122417
-0.121635
-0.120893
-0.120578
-0.120729
-0.121072
-0.121319
-0.121292
-0.120962
-0.120399
-0.119863
-0.119918
-0.120948
-0.122569
-0.123543
-0.122871
-0.120742
-0.118449
-0.117158
-0.117131
-0.117818
-0.118477
-0.118628
-0.118312
-0.1179
-0.117845
-0.118367
-0.119136
-0.119548
-0.119218
-0.118326
-0.117488
-0.117255
-0.11757
-0.117969
-0.118175
-0.118229
-0.118202
-0.118037
-0.117639
-0.117117
-0.116705
-0.116444
-0.116101
-0.115538
-0.114865
-0.114398
-0.114344
-0.114755
-0.115346
-0.115675
-0.115401
-0.114591
-0.113712
-0.113327
-0.113712
-0.114632
-0.115373
-0.115264
-0.114165
-0.11271
-0.111776
-0.111721
-0.112133
-0.112407
-0.112504
-0.112751
-0.113478
-0.114426
-0.114975
-0.114522
-0.113135
-0.111611
-0.110719
-0.110444
-0.110142
-0.109318
-0.108137
-0.107245
-0.107121
-0.107698
-0.108522
-0.109181
-0.109579
-0.10995
-0.110458
-0.110979
-0.11113
-0.110815
-0.110403
-0.110416
-0.110911
-0.111295
-0.11087
-0.109579
-0.108151
-0.107478
-0.107821
-0.108618
-0.109002
-0.10859
-0.107643
-0.106736
-0.106187
-0.105954
-0.105789
-0.105611
-0.105391
-0.105116
-0.104759
-0.104416
-0.10443
-0.104938
-0.105679
-0.106228
-0.106297
-0.105775
-0.104732
-0.103427
-0.102246
-0.101656
-0.101862
-0.102603
-0.1034
-0.103839
-0.103825
-0.103592
-0.103496
-0.103839
-0.104649
-0.105473
-0.105556
-0.104347
-0.102068
-0.0995413
-0.0977425
-0.0973031
-0.0982094
-0.0999395
-0.101601
-0.102521
-0.102466
-0.101656
-0.100503
-0.0994727
-0.098841
-0.0986351
-0.0987998
-0.0993491
-0.100132
-0.100708
-0.100654
-0.0999945
-0.099198
-0.0986763
-0.0985115
-0.0985664
-0.0985801
-0.0982369
-0.0973855
-0.0964106
-0.0960261
-0.0966166
-0.0977013
-0.0983879
-0.0980858
-0.0969599
-0.0957515
-0.0952572
-0.0958202
-0.0970422
-0.0980721
-0.0982094
-0.0974404
-0.096342
-0.0955455
-0.0953945
-0.0955867
-0.0954906
-0.0945294
-0.0927993
-0.0913163
-0.0915086
-0.0939253
-0.097413
-0.0998846
-0.100008
-0.0982643
-0.0961634
-0.0949551
-0.0947766
-0.095065
-0.0952297
-0.09501
-0.0945569
-0.094145
-0.0938566
-0.0934172
-0.0924835
-0.091179
-0.0901492
-0.0902316
-0.0917283
-0.0941038
-0.0962046
-0.0969187
-0.09593
-0.0939253
-0.0921127
-0.0914262
-0.0920853
-0.0935545
-0.0949002
-0.095422
-0.0949002
-0.0938429
-0.0929915
-0.0927169
-0.0926483
-0.0921265
-0.0909731
-0.0896686
-0.0887486
-0.0883504
-0.0882543
-0.0882268
-0.0883367
-0.0887898
-0.0896549
-0.0906847
-0.0913301
-0.0912065
-0.0904375
-0.0895038
-0.0887486
-0.0881582
-0.0876226
-0.0871695
-0.0870047
-0.0871283
-0.0874991
-0.0878835
-0.088062
-0.087911
-0.0877325
-0.0879934
-0.0888035
-0.0895175
-0.0892704
-0.0877325
-0.0855355
-0.0837779
-0.0832012
-0.0837367
-0.0847254
-0.0854531
-0.0856728
-0.085563
-0.0852746
-0.0846979
-0.083723
-0.0826794
-0.0821439
-0.0823773
-0.0829952
-0.0833248
-0.0828167
-0.0816084
-0.0804138
-0.0800156
-0.0805511
-0.0814985
-0.08224
-0.0826245
-0.0829815
-0.0835033
-0.0840251
-0.0841212
-0.0835307
-0.0824734
-0.0814436
-0.0808806
-0.0808532
-0.0812376
-0.0817594
-0.0820203
-0.0816084
-0.0804824
-0.0791642
-0.0783816
-0.0783129
-0.0785738
-0.0787111
-0.0787248
-0.0787935
-0.0789033
-0.0789033
-0.0788209
-0.078972
-0.0794663
-0.0799881
-0.0800018
-0.079329
-0.078258
-0.0772419
-0.0765416
-0.0763768
-0.076981
-0.0783541
-0.0799057
-0.0807021
-0.0802765
-0.0790132
-0.0778872
-0.077695
-0.0784914
-0.0798096
-0.0809081
-0.081169
-0.0802765
-0.0785463
-0.0767475
-0.0756628
-0.0755529
-0.0760747
-0.0766926
-0.0770084
-0.076981
-0.0766926
-0.0762669
-0.0758962
-0.0757589
-0.0759923
-0.0766102
-0.0773929
-0.0781344
-0.0785738
-0.0783678
-0.0772968
-0.0755117
-0.0736992
-0.0725733
-0.0723398
-0.0726694
-0.0732598
-0.0740288
-0.0748664
-0.0755255
-0.0756902
-0.0752646
-0.0743308
-0.0731225
-0.0721201
-0.0719142
-0.0729852
-0.075141
-0.077489
-0.0788209
-0.0782854
-0.0760061
-0.0731088
-0.0710491
-0.0706372
-0.0715571
-0.0729577
-0.07407
-0.0744956
-0.0741249
-0.073095
-0.0718867
-0.0712688
-0.0717082
-0.0727106
-0.0732461
-0.0726968
-0.0714061
-0.0704037
-0.070541
-0.0718318
-0.073507
-0.0746467
-0.0748801
-0.0745505
-0.074221
-0.07407
-0.0737404
-0.0728067
-0.0713237
-0.0698682
-0.0690306
-0.0690169
-0.0696348
-0.0705273
-0.0713374
-0.0718043
-0.071873
-0.0716945
-0.071461
-0.0712825
-0.0711452
-0.0710628
-0.0709667
-0.070747
-0.0703351
-0.0698407
-0.0695112
-0.0695112
-0.0697309
-0.0698957
-0.069827
-0.069676
-0.0697858
-0.0705273
-0.0719004
-0.0733422
-0.0739464
-0.0732049
-0.0713924
-0.0693464
-0.0680008
-0.0680282
-0.0694563
-0.0715983
-0.0731912
-0.0732735
-0.0715983
-0.0688933
-0.0663942
-0.0651172
-0.0653506
-0.0666963
-0.0685363
-0.0703488
-0.0717082
-0.0723673
-0.0723261
-0.0719828
-0.0716807
-0.0713924
-0.0709392
-0.0703763
-0.0700879
-0.0701703
-0.07039
-0.0704998
-0.0706234
-0.0709942
-0.0716258
-0.0721476
-0.0720927
-0.0711864
-0.0695249
-0.0676575
-0.0662706
-0.0657763
-0.0659548
-0.0663118
-0.0666139
-0.0669709
-0.0675476
-0.0682754
-0.0687972
-0.0688246
-0.0683852
-0.0677811
-0.0672593
-0.0669023
-0.0666414
-0.066559
-0.0666139
-0.0666826
-0.0666414
-0.0666002
-0.0668062
-0.0672593
-0.0676987
-0.0679733
-0.0681243
-0.0680557
-0.0675339
-0.0664629
-0.0651584
-0.0641698
-0.0637304
-0.0638128
-0.0642522
-0.0648426
-0.0653232
-0.0654193
-0.0652545
-0.0652683
-0.0657351
-0.0665453
-0.0671906
-0.0672318
-0.066559
-0.0655154
-0.064568
-0.0639638
-0.0636892
-0.0636617
-0.0637853
-0.0639363
-0.0640874
-0.0644032
-0.0649936
-0.0655978
-0.0655703
-0.0646641
-0.0633734
-0.0625083
-0.0623984
-0.0627005
-0.0629614
-0.0629065
-0.0626319
-0.0623984
-0.0622337
-0.0618904
-0.0611352
-0.0601877
-0.0595698
-0.0595286
-0.059817
-0.0600229
-0.0597895
-0.0591167
-0.0582379
-0.0575788
-0.0573454
-0.0573454
-0.0571531
-0.0568648
-0.0569472
-0.0576474
-0.05854
-0.0589931
-0.0588421
-0.0584164
-0.057977
-0.0576063
-0.0572355
-0.0567824
-0.0562469
-0.0558487
-0.0558624
-0.0562881
-0.0567275
-0.0568373
-0.0568098
-0.0571257
-0.0579907
-0.0590755
-0.0597209
-0.0595149
-0.0585812
-0.0577024
-0.0578122
-0.059254
-0.0613961
-0.0630713
-0.0634557
-0.0624534
-0.0607644
-0.0594462
-0.0592128
-0.0598856
-0.060531
-0.0603388
-0.059405
-0.0584439
-0.0580045
-0.0580182
-0.058128
-0.0580045
-0.0576749
-0.057414
-0.0574827
-0.0579495
-0.0587048
-0.0595835
-0.0604349
-0.0609429
-0.0608743
-0.0602426
-0.0592403
-0.0579907
-0.0565078
-0.055066
-0.0542284
-0.0542833
-0.0549287
-0.0555328
-0.0556015
-0.0551072
-0.054352
-0.0538714
-0.0541048
-0.0550523
-0.0562057
-0.0570158
-0.0571394
-0.0565215
-0.0554093
-0.0543382
-0.0538851
-0.0541735
-0.0546815
-0.0547776
-0.0542833
-0.0536379
-0.0532947
-0.0534732
-0.053995
-0.0544755
-0.0544893
-0.0540224
-0.0536242
-0.053995
-0.0551758
-0.0565627
-0.0573454
-0.0571531
-0.0560684
-0.0545991
-0.0533633
-0.0527729
-0.0528141
-0.0531985
-0.0536929
-0.0541185
-0.0542147
-0.0537753
-0.0528965
-0.0519902
-0.0514959
-0.0514959
-0.0517293
-0.0519215
-0.0520726
-0.0525669
-0.0536517
-0.0550523
-0.0560684
-0.0562194
-0.0556839
-0.0550934
-0.0549561
-0.0554642
-0.0564391
-0.0575376
-0.0584164
-0.0588283
-0.0586086
-0.0577573
-0.0565215
-0.0553955
-0.0547639
-0.054503
-0.0543657
-0.0543657
-0.0547502
-0.0554779
-0.0559722
-0.0557114
-0.0547639
-0.0536654
-0.0527317
-0.0520039
-0.0514409
-0.0512213
-0.0515371
-0.0524708
-0.0537615
-0.0548737
-0.0551621
-0.0543245
-0.0526493
-0.0509878
-0.0502463
-0.0508368
-0.0523884
-0.0538714
-0.0542421
-0.0532123
-0.0513311
-0.0495049
-0.0484201
-0.048324
-0.0491753
-0.0506308
-0.0519902
-0.0526218
-0.0524021
-0.0516195
-0.0506171
-0.0496696
-0.0489281
-0.0484064
-0.0480219
-0.0479258
-0.0486123
-0.0502738
-0.052306
-0.0535556
-0.0532947
-0.0517568
-0.0498069
-0.0484064
-0.0481043
-0.0488183
-0.0500541
-0.0512624
-0.0522511
-0.0529788
-0.0533221
-0.0528827
-0.0514821
-0.049395
-0.0474864
-0.0466625
-0.0470744
-0.047912
-0.0481729
-0.0476511
-0.0470058
-0.0470882
-0.0481867
-0.049958
-0.0517018
-0.0526768
-0.0523472
-0.0508368
-0.0489281
-0.0476237
-0.0474864
-0.0484338
-0.0498893
-0.0512075
-0.0518666
-0.051798
-0.0511526
-0.0501502
-0.0489968
-0.0480768
-0.0478296
-0.0483652
-0.0492577
-0.0500129
-0.0504798
-0.0507681
-0.0508093
-0.0504935
