LECROYHDO9204-MSöv,30454,Waveform
Segments,1,SegmentSize,2002
Ampl
-0.0136527
-0.0132957
-0.0135291
-0.0141196
-0.014504
-0.0142157
-0.0132545
-0.012362
-0.0121697
-0.0125542
-0.0128563
-0.0125954
-0.0119638
-0.0114145
-0.0112086
-0.0112497
-0.0111811
-0.0106181
-0.00958827
-0.00868201
-0.00868201
-0.00978051
-0.0115106
-0.0131309
-0.014147
-0.0143255
-0.0136939
-0.0125954
-0.0116068
-0.0110987
-0.0110438
-0.011236
-0.0114694
-0.0115518
-0.0113871
-0.0110438
-0.0109477
-0.0115381
-0.0128563
-0.0144903
-0.015836
-0.0165088
-0.0165088
-0.0160145
-0.0153142
-0.0145315
-0.013639
-0.0128151
-0.0124856
-0.0130348
-0.0142981
-0.0157261
-0.016756
-0.0170992
-0.016701
-0.015781
-0.0147787
-0.0141196
-0.0138037
-0.0135429
-0.0130897
-0.0125954
-0.0124032
-0.0126641
-0.0131858
-0.0134605
-0.0131721
-0.0126778
-0.0128838
-0.0143667
-0.0167697
-0.0188706
-0.0195434
-0.0186371
-0.0169619
-0.0155751
-0.0149572
-0.0147924
-0.0146139
-0.0142843
-0.013996
-0.0138175
-0.0135978
-0.0133232
-0.0131172
-0.0130211
-0.0130211
-0.013076
-0.0131035
-0.0130348
-0.0128975
-0.0128975
-0.0131721
-0.0135017
-0.0133369
-0.0124444
-0.0111124
-0.00998648
-0.00956081
-0.00987663
-0.010728
-0.0118539
-0.0129936
-0.0138449
-0.0141196
-0.0137763
-0.0130897
-0.0121972
-0.0110712
-0.00971185
-0.00855843
-0.00825634
-0.00892917
-0.0100277
-0.0107417
-0.0107417
-0.0103847
-0.010316
-0.0108378
-0.0117441
-0.0126229
-0.0131035
-0.0129524
-0.0121285
-0.0107966
-0.00945096
-0.00877813
-0.00913514
-0.010165
-0.0112497
-0.0120187
-0.0125817
-0.0129799
-0.0128838
-0.0119363
-0.0104396
-0.00921753
-0.0089429
-0.009602
-0.010673
-0.0114694
-0.0116342
-0.0111948
-0.0104259
-0.00950588
-0.00866828
-0.00828381
-0.00868201
-0.00990409
-0.0115381
-0.0130485
-0.0139273
-0.0138724
-0.0129799
-0.0118676
-0.0114008
-0.0119226
-0.0130348
-0.0140097
-0.0145315
-0.0148473
-0.0152181
-0.0154927
-0.0153691
-0.0147512
-0.0138037
-0.01287
-0.0124993
-0.0130897
-0.0144766
-0.0159046
-0.0166324
-0.0164539
-0.0157673
-0.0150807
-0.0147787
-0.0148336
-0.014916
-0.0146414
-0.0139411
-0.0130623
-0.0124032
-0.0122659
-0.0128151
-0.0139273
-0.0152043
-0.0162204
-0.0166186
-0.0162616
-0.0152455
-0.0140646
-0.013433
-0.013639
-0.0142294
-0.0144079
-0.0138724
-0.0130485
-0.0125679
-0.0126915
-0.0130897
-0.0133232
-0.0131172
-0.0126229
-0.0121697
-0.0122521
-0.0131721
-0.0148336
-0.0166873
-0.0181016
-0.0185273
-0.017827
-0.0163028
-0.014504
-0.0129112
-0.011799
-0.0113047
-0.0114694
-0.0121423
-0.0131309
-0.0142294
-0.0151631
-0.0154515
-0.0147924
-0.0135017
-0.0123345
-0.0118127
-0.0119775
-0.0125405
-0.0131721
-0.0135154
-0.0134467
-0.0133094
-0.0135703
-0.0143255
-0.0149984
-0.0150945
-0.0147237
-0.0144354
-0.0146414
-0.0152043
-0.0156025
-0.0153554
-0.0144491
-0.0132545
-0.0121697
-0.0114145
-0.01103
-0.0111811
-0.0119088
-0.012925
-0.0136252
-0.0136802
-0.0131858
-0.0125954
-0.0122933
-0.0125542
-0.0133918
-0.0144491
-0.0150396
-0.0147237
-0.013639
-0.0124856
-0.0120324
-0.0126229
-0.0138312
-0.0147649
-0.0147237
-0.0138587
-0.0130485
-0.0131309
-0.014147
-0.0153828
-0.0160694
-0.0158085
-0.0147787
-0.0136115
-0.0130485
-0.0134742
-0.0146551
-0.0159184
-0.0165774
-0.0163852
-0.0155751
-0.0147375
-0.0144217
-0.0148336
-0.0158085
-0.0168795
-0.0174288
-0.0169894
-0.0156025
-0.0140784
-0.0134467
-0.014202
-0.0157948
-0.0171542
-0.0175386
-0.0170443
-0.0162754
-0.0157261
-0.0153554
-0.0147512
-0.0138037
-0.0129799
-0.0128014
-0.0131721
-0.0135429
-0.0134742
-0.013227
-0.0133506
-0.0140234
-0.0148885
-0.0153004
-0.0151082
-0.0146414
-0.0145178
-0.0149572
-0.0156025
-0.0156712
-0.0147237
-0.012925
-0.0109889
-0.00972558
-0.00954708
-0.0102748
-0.0114283
-0.012513
-0.0131858
-0.013227
-0.0126229
-0.0116754
-0.0108927
-0.0105632
-0.0106181
-0.0107554
-0.0110026
-0.0116479
-0.0128838
-0.0142431
-0.0149297
-0.0144217
-0.0130348
-0.0116617
-0.0109477
-0.0108241
-0.0108515
-0.0107829
-0.0107829
-0.0111262
-0.0117715
-0.0124581
-0.0129661
-0.0133506
-0.013639
-0.0136527
-0.0132133
-0.0124032
-0.011593
-0.0111124
-0.0113047
-0.0121835
-0.013282
-0.0136939
-0.01287
-0.0111536
-0.00950588
-0.00877813
-0.00921753
-0.0103709
-0.0114283
-0.0117715
-0.0113733
-0.0108515
-0.0108378
-0.011442
-0.0122384
-0.0128563
-0.013227
-0.0135017
-0.0137626
-0.0137763
-0.0132682
-0.0123208
-0.0113871
-0.0109339
-0.0110438
-0.0115793
-0.0123894
-0.0133232
-0.0140372
-0.0141882
-0.0137214
-0.0130897
-0.0128563
-0.0132957
-0.0142431
-0.0152318
-0.0157536
-0.0155476
-0.0147924
-0.0140509
-0.013996
-0.0149022
-0.0164401
-0.0177721
-0.0181428
-0.0172777
-0.0155201
-0.0133094
-0.0111399
-0.00962946
-0.0094235
-0.0107692
-0.0130211
-0.0148199
-0.0152318
-0.014504
-0.0137214
-0.013639
-0.0139685
-0.0138724
-0.0129799
-0.0118265
-0.0113047
-0.0116754
-0.0124032
-0.0127876
-0.0126915
-0.012513
-0.0124718
-0.0124993
-0.0126366
-0.0131446
-0.013996
-0.0147649
-0.0150533
-0.0149846
-0.0149434
-0.015067
-0.0151357
-0.014916
-0.0143393
-0.0134055
-0.0122247
-0.0111262
-0.0105357
-0.0107005
-0.0115656
-0.01287
-0.0142157
-0.0152181
-0.0157536
-0.015987
-0.0162479
-0.0168246
-0.0177583
-0.0189667
-0.0204359
-0.0222759
-0.0245141
-0.0268621
-0.0288531
-0.0302537
-0.0312698
-0.0324644
-0.0341808
-0.0363916
-0.0390417
-0.0420076
-0.0450422
-0.0476511
-0.0497246
-0.051743
-0.0542421
-0.0572081
-0.0601191
-0.0626181
-0.0647602
-0.0667238
-0.0687148
-0.0709392
-0.0733834
-0.0756765
-0.0772968
-0.0779559
-0.0779422
-0.0779971
-0.0787523
-0.0804412
-0.082652
-0.0846704
-0.0860573
-0.0868674
-0.0874853
-0.0881994
-0.0890232
-0.0896823
-0.0898471
-0.0893116
-0.0883367
-0.0874853
-0.0872244
-0.0875677
-0.0881856
-0.0885976
-0.0884877
-0.0877462
-0.0865653
-0.0851922
-0.0838878
-0.082803
-0.0820203
-0.0815123
-0.0810317
-0.0801529
-0.0786562
-0.0768437
-0.0753195
-0.0745505
-0.0744819
-0.0745231
-0.0741249
-0.0732186
-0.0722437
-0.0716395
-0.0714198
-0.07131
-0.0712001
-0.0711727
-0.0712276
-0.0711452
-0.0709804
-0.0710216
-0.0713237
-0.0715022
-0.0711589
-0.0704587
-0.0698957
-0.0696622
-0.0695387
-0.0693052
-0.0690993
-0.0692778
-0.0701428
-0.0716395
-0.073301
-0.074427
-0.0745643
-0.0739189
-0.07315
-0.072944
-0.0734521
-0.0744132
-0.0753332
-0.0758962
-0.0761296
-0.0762258
-0.0764729
-0.0769672
-0.0776126
-0.0780657
-0.0779833
-0.0773517
-0.0767063
-0.0765965
-0.0769535
-0.0771457
-0.0767063
-0.0759374
-0.0756079
-0.0762807
-0.0777911
-0.0793153
-0.0798508
-0.0790269
-0.0774478
-0.0761983
-0.0760472
-0.0768711
-0.0779284
-0.078409
-0.0780108
-0.0771869
-0.0768849
-0.0776401
-0.0789995
-0.0798645
-0.0796448
-0.0787386
-0.0778872
-0.0772144
-0.0764317
-0.0755117
-0.0750311
-0.0756353
-0.0772281
-0.0788072
-0.0792603
-0.0782854
-0.0766926
-0.0757177
-0.0759923
-0.0770634
-0.0779833
-0.0782992
-0.0783816
-0.0788896
-0.0798645
-0.0805923
-0.0802215
-0.0787798
-0.077132
-0.0761296
-0.0758413
-0.0757726
-0.0756216
-0.0755529
-0.0759511
-0.0768299
-0.0778598
-0.0785463
-0.0784502
-0.0775577
-0.0763905
-0.0756079
-0.0755117
-0.0759649
-0.0767613
-0.0777499
-0.0787386
-0.0795075
-0.0799881
-0.0802627
-0.0803863
-0.0804412
-0.0805923
-0.0809356
-0.0811415
-0.0806609
-0.0792466
-0.0773654
-0.0759923
-0.0758275
-0.0767063
-0.0777774
-0.078203
-0.0779696
-0.0775851
-0.0773517
-0.0769672
-0.0761846
-0.075292
-0.0748664
-0.0752508
-0.0762258
-0.0772968
-0.0779422
-0.0777911
-0.0768299
-0.0756765
-0.0751685
-0.075649
-0.0767338
-0.0777774
-0.0784777
-0.0788072
-0.078766
-0.078409
-0.0778323
-0.0772556
-0.0766652
-0.0760061
-0.0753195
-0.0746879
-0.0742759
-0.0741523
-0.0743034
-0.0745643
-0.0746879
-0.0747016
-0.0748114
-0.0750861
-0.0754293
-0.0757726
-0.0762669
-0.0769947
-0.0776675
-0.0778323
-0.0772556
-0.076061
-0.0746329
-0.0734246
-0.0728204
-0.0729715
-0.0737267
-0.0747977
-0.0758001
-0.0761708
-0.075347
-0.0733697
-0.0710216
-0.0694151
-0.0691954
-0.0703763
-0.0723261
-0.074221
-0.075498
-0.0761571
-0.076418
-0.0763905
-0.0759511
-0.0752508
-0.0747291
-0.0747153
-0.0749762
-0.0749762
-0.074427
-0.0735619
-0.0729852
-0.0730538
-0.0735482
-0.0737679
-0.0731912
-0.0720103
-0.0709255
-0.0706097
-0.0711452
-0.0722162
-0.0732873
-0.0737129
-0.0730401
-0.071516
-0.0701428
-0.0698407
-0.070596
-0.0716395
-0.0722574
-0.0725046
-0.0728891
-0.0736443
-0.0743995
-0.0744956
-0.073658
-0.0722849
-0.0712139
-0.070953
-0.0713786
-0.0720515
-0.0726556
-0.073095
-0.0732324
-0.0728753
-0.0718455
-0.0702115
-0.068399
-0.0670945
-0.0668062
-0.0673691
-0.0681106
-0.0683852
-0.068193
-0.0679047
-0.0678635
-0.0680832
-0.0683715
-0.0685226
-0.0684402
-0.0682342
-0.0680145
-0.0678635
-0.0677536
-0.0676712
-0.0675202
-0.0671632
-0.0665453
-0.0657763
-0.0651309
-0.0647877
-0.064719
-0.0649113
-0.0654056
-0.066202
-0.0670396
-0.0675751
-0.0675476
-0.0669435
-0.0660647
-0.0654056
-0.0653918
-0.0658724
-0.0662157
-0.0660097
-0.0655566
-0.0655429
-0.0662294
-0.0673142
-0.0681793
-0.068344
-0.0676026
-0.0662706
-0.0648838
-0.0639089
-0.0633459
-0.0630438
-0.0628378
-0.0626868
-0.0627417
-0.0632635
-0.0642659
-0.0653918
-0.066202
-0.0666276
-0.066765
-0.0664903
-0.0654056
-0.0634695
-0.0613411
-0.0597895
-0.0593364
-0.0600504
-0.0616707
-0.0634283
-0.0643345
-0.0638402
-0.0623984
-0.0611901
-0.0611489
-0.0622337
-0.0635656
-0.0642796
-0.0641423
-0.0636617
-0.0635244
-0.0638539
-0.0642384
-0.0642522
-0.0639775
-0.0638402
-0.0639775
-0.0640462
-0.0635107
-0.0622611
-0.0607919
-0.0600229
-0.0604623
-0.0619179
-0.0635931
-0.0647739
-0.0652271
-0.0651172
-0.0646916
-0.0643071
-0.0643895
-0.065076
-0.0660097
-0.0665178
-0.0660509
-0.064568
-0.0624946
-0.060531
-0.0593776
-0.0593364
-0.0601191
-0.0611626
-0.061959
-0.062371
-0.0624671
-0.0624534
-0.0624946
-0.0626181
-0.0626181
-0.0623984
-0.0620002
-0.0615196
-0.061094
-0.0608468
-0.060888
-0.0611626
-0.061602
-0.0621238
-0.0627417
-0.0633871
-0.0637853
-0.0636892
-0.0630713
-0.0620414
-0.0607919
-0.059611
-0.0590618
-0.0593913
-0.0602015
-0.060682
-0.060325
-0.059254
-0.0579083
-0.0567549
-0.0560821
-0.0559173
-0.0560546
-0.0561645
-0.055986
-0.0553955
-0.0545442
-0.0538714
-0.0538714
-0.0547227
-0.0560134
-0.0571394
-0.0576749
-0.0576337
-0.0571119
-0.0563018
-0.055272
-0.0541597
-0.0532123
-0.052869
-0.0533221
-0.0543794
-0.0555191
-0.0563293
-0.0567137
-0.0567824
-0.056494
-0.0558075
-0.0549012
-0.0542147
-0.054146
-0.0549836
-0.0567687
-0.0591304
-0.0611489
-0.0618629
-0.0608468
-0.0585262
-0.055931
-0.0541735
-0.0539263
-0.0550797
-0.0568373
-0.0582928
-0.0590343
-0.0591853
-0.0589107
-0.0582104
-0.0570982
-0.0559997
-0.0555191
-0.0560546
-0.0573042
-0.0582654
-0.0578809
-0.0561233
-0.0540911
-0.0530475
-0.0534457
-0.0547502
-0.0562194
-0.0573316
-0.0578534
-0.0579083
-0.0576612
-0.0572492
-0.0567
-0.0562743
-0.0561233
-0.0561233
-0.0558075
-0.0550523
-0.054297
-0.0540224
-0.054297
-0.0547914
-0.0550934
-0.0550111
-0.0545991
-0.0542696
-0.0544206
-0.0550385
-0.055574
-0.0555466
-0.0550111
-0.0543932
-0.0541048
-0.0543108
-0.0550111
-0.0558761
-0.0563567
-0.055986
-0.0548051
-0.0534045
-0.0524845
-0.0525944
-0.0537341
-0.0553543
-0.056549
-0.0567549
-0.0560272
-0.0547914
-0.0534182
-0.0522099
-0.0515371
-0.0516469
-0.0523335
-0.0530063
-0.0531573
-0.052512
-0.0511389
-0.0494087
-0.0479258
-0.0471156
-0.0470058
-0.0473491
-0.0480905
-0.0492302
-0.0505072
-0.0514272
-0.0515096
-0.050878
-0.0500816
-0.0497932
-0.0501914
-0.0508917
-0.0512487
-0.0511114
-0.0509054
-0.0511801
-0.0518803
-0.0524845
-0.0523747
-0.0514959
-0.0503836
-0.0498069
-0.0501502
-0.0510427
-0.0517156
-0.0518254
-0.0516195
-0.0514684
-0.0514135
-0.0513448
-0.0511251
-0.0507132
-0.0500541
-0.0493126
-0.0489419
-0.0492302
-0.0498481
-0.0500953
-0.0495186
-0.0483514
-0.0472667
-0.0470332
-0.0480219
-0.0498207
-0.0513723
-0.0518117
-0.0510839
-0.0498619
-0.0488183
-0.0483652
-0.048681
-0.0496971
-0.0510153
-0.0521962
-0.0528827
-0.0528003
-0.0517293
-0.0497932
-0.0477198
-0.0465526
-0.0468135
-0.0481455
-0.049546
-0.0501639
-0.0498619
-0.0491341
-0.0486398
-0.0486535
-0.0490105
-0.0493813
-0.0495049
-0.0493675
-0.0491204
-0.0490105
-0.0492577
-0.0499854
-0.0510153
-0.051949
-0.0522511
-0.0515783
-0.0500541
-0.0482965
-0.047047
-0.0467311
-0.0472667
-0.0483377
-0.0496284
-0.0507132
-0.0510153
-0.0500816
-0.0480219
-0.0455777
-0.0439025
-0.0439025
-0.0455503
-0.0478159
-0.0491066
-0.0485849
-0.0467037
-0.04485
-0.0441222
-0.0446989
-0.0461132
-0.0478296
-0.0494499
-0.0506583
-0.0511801
-0.0510016
-0.050315
-0.0494499
-0.0485574
-0.0476511
-0.0468547
-0.0464565
-0.0466488
-0.0471568
-0.0472529
-0.0466076
-0.0456601
-0.0452207
-0.0456464
-0.0465252
-0.0472392
-0.0475413
-0.0476237
-0.0477335
-0.0478296
-0.0477061
-0.0471431
-0.0461682
-0.0448637
-0.0434219
-0.0423509
-0.0424058
-0.0438613
-0.0459347
-0.0473079
-0.0473216
-0.0463055
-0.0450559
-0.0440673
-0.0434906
-0.0432984
-0.0434906
-0.0440398
-0.0448637
-0.0457837
-0.0464291
-0.0463467
-0.0453992
-0.044081
-0.0432846
-0.0436691
-0.0451795
-0.0470058
-0.0480082
-0.0475138
-0.0459347
-0.0443831
-0.0436142
-0.0434357
-0.0432297
-0.0427903
-0.0423784
-0.0423234
-0.0425706
-0.0429139
-0.0432434
-0.043573
-0.0438888
-0.0439849
-0.0436279
-0.0429551
-0.0425019
-0.042859
-0.0440124
-0.0451658
-0.0453306
-0.0442046
-0.042296
-0.0404011
-0.0391241
-0.0387945
-0.0394536
-0.0409091
-0.042653
-0.0441222
-0.0448912
-0.0447127
-0.0436416
-0.0420214
-0.0403324
-0.0391927
-0.0389456
-0.039536
-0.0403873
-0.0407443
-0.0402775
-0.0392476
-0.0383002
-0.0379432
-0.0382865
-0.0390829
-0.0399479
-0.0403873
-0.0401539
-0.0393438
-0.038465
-0.0380393
-0.0381766
-0.0385199
-0.0385886
-0.0382315
-0.0376686
-0.0373253
-0.0374763
-0.0381217
-0.0391241
-0.0402088
-0.0409778
-0.04117
-0.0408817
-0.0405384
-0.0404835
-0.0406482
-0.0408817
-0.041019
-0.0408679
-0.0403873
-0.0397832
-0.0393026
-0.0390966
-0.0391378
-0.0394811
-0.0401676
-0.0410739
-0.0418978
-0.042447
-0.0427628
-0.0428315
-0.0424882
-0.0416506
-0.0405384
-0.0395909
-0.0390554
-0.0389868
-0.0392339
-0.0395085
-0.0396184
-0.0395497
-0.0394673
-0.0394536
-0.0396047
-0.0399617
-0.0404697
-0.040964
-0.0413073
-0.0415133
-0.0415682
-0.0412387
-0.0402363
-0.0387808
-0.0375313
-0.0370369
-0.0372566
-0.0376686
-0.0378196
-0.0376686
-0.037545
-0.037696
-0.0380256
-0.0380942
-0.0377509
-0.0375038
-0.0378883
-0.0387121
-0.0391515
-0.0386297
-0.0373665
-0.0360071
-0.0350459
-0.0346065
-0.0345928
-0.0348125
-0.035142
-0.0357187
-0.036625
-0.0375587
-0.0379706
-0.0375862
-0.0366662
-0.0356501
-0.0348399
-0.0344829
-0.0348537
-0.0359522
-0.0372841
-0.0382041
-0.0384375
-0.0381766
-0.0379157
-0.038108
-0.0388083
-0.0397008
-0.0402088
-0.0400029
-0.0393712
-0.038822
-0.0385062
-0.0382453
-0.0379432
-0.0376823
-0.0375724
-0.0375724
-0.0376411
-0.0377647
-0.0379157
-0.0379295
-0.0376686
-0.0372292
-0.0368722
-0.0367348
-0.036776
-0.036831
-0.036831
-0.0366387
-0.0360483
-0.0349223
-0.0334943
-0.0323134
-0.0318877
-0.0322997
-0.0332746
-0.0343731
-0.0351008
-0.0351146
-0.0344417
-0.0335217
-0.0328901
-0.032794
-0.0330549
-0.0332059
-0.0329038
-0.0322447
-0.0317916
-0.0320662
-0.0330549
-0.0341534
-0.0346614
-0.0343182
-0.0334943
-0.0326979
-0.0322859
-0.0323271
-0.0325606
-0.0325194
-0.0317641
-0.0304597
-0.0293063
-0.028963
-0.0295534
-0.0306657
-0.0317641
-0.0324095
-0.0324507
-0.032025
-0.0313385
-0.0305009
-0.0296084
-0.0290728
-0.0291964
-0.0298555
-0.0306107
-0.0312561
-0.0319289
-0.0327116
-0.0332608
-0.033302
-0.032945
-0.0326841
-0.032794
-0.0331647
-0.0334394
-0.0333432
-0.0328489
-0.03208
-0.0312561
-0.0305421
-0.0300066
-0.0297869
-0.0299791
-0.0303361
-0.0305146
-0.0303636
-0.0301988
-0.0303361
-0.0306931
-0.0310227
-0.0312286
-0.0315033
-0.0319564
-0.0325056
-0.0329176
-0.0328764
-0.0322173
-0.0311737
-0.0302263
-0.0298555
-0.0301027
-0.030803
-0.0316955
-0.0326018
-0.0335629
-0.0347575
-0.0362268
-0.0375313
-0.038053
-0.0376274
-0.0366662
-0.0356775
-0.0348811
-0.034222
-0.0338513
-0.0340573
-0.0348537
-0.0357874
-0.0363092
-0.0363229
-0.0360071
-0.0355128
-0.0348537
-0.0341259
-0.0336316
-0.0336316
-0.0341671
-0.0348674
-0.0351008
-0.034428
-0.0329176
-0.0312424
-0.0301301
-0.0300066
-0.030748
-0.0318603
-0.0327528
-0.0330686
-0.0327116
-0.0318191
-0.0307892
-0.0302949
-0.0308167
-0.0321761
-0.0336041
-0.0344829
-0.0346065
-0.0340985
-0.0331647
-0.0321349
-0.0314209
-0.0311737
-0.0311462
-0.0309677
-0.0306382
-0.0304048
-0.0304597
-0.0306657
-0.0307206
-0.030446
-0.0299516
-0.0295946
-0.0296084
-0.0299104
-0.0302537
-0.0305283
-0.0307206
-0.0307892
-0.0307618
-0.0308167
-0.0309677
-0.0310776
-0.0311051
-0.0312286
-0.031668
-0.0323134
-0.0328489
-0.0330549
-0.0329862
-0.0328215
-0.0326018
-0.0322997
-0.0319015
-0.0315444
-0.0314621
-0.031723
-0.0322035
-0.0326429
-0.0327665
-0.0326429
-0.0325194
-0.0326841
-0.0331922
-0.0339199
-0.0344967
-0.0344555
-0.0336041
-0.0323409
-0.0314209
-0.031311
-0.0318465
-0.0325194
-0.0329038
-0.032794
-0.0321486
-0.0312286
-0.0303636
-0.0298967
-0.0300203
-0.0306519
-0.0314346
-0.0319152
-0.031874
-0.0315033
-0.0312836
-0.0315582
-0.0323134
-0.0330549
-0.0330549
-0.0318328
-0.0297457
-0.027892
-0.0273564
-0.0282627
-0.0298281
-0.0311462
-0.0318328
-0.0319152
-0.0315033
-0.030748
-0.029883
-0.0291278
-0.0284824
-0.0279743
-0.027686
-0.0277134
-0.0280567
-0.0285785
-0.0292101
-0.0298418
-0.0301713
-0.0299791
-0.0293475
-0.0287021
-0.0284
-0.0284275
-0.0284824
-0.0281803
-0.0274526
-0.0266836
-0.0264776
-0.0272878
-0.0288531
-0.0303636
-0.0309128
-0.0301851
-0.028606
-0.0271779
-0.0267385
-0.02748
-0.0286884
-0.0293887
-0.0289904
-0.0277409
-0.0264364
-0.0258185
-0.026052
-0.0267797
-0.0275349
-0.0281666
-0.0287021
-0.0290866
-0.029169
-0.0288531
-0.0282627
-0.0276997
-0.0273427
-0.0270681
-0.0266561
-0.0261481
-0.0259421
-0.0265051
-0.0277546
-0.0289081
-0.0290591
-0.0280018
-0.0263815
-0.0252006
-0.0250771
-0.0260382
-0.0276173
-0.0290591
-0.0295809
-0.028757
-0.026766
-0.0244454
-0.0229762
-0.0232096
-0.0249397
-0.0269033
-0.0276311
-0.0267111
-0.0250908
-0.0241159
-0.0244866
-0.0260108
-0.0277409
-0.028606
-0.027892
-0.0258048
-0.0234293
-0.0220699
-0.0224819
-0.0244454
-0.0269857
-0.0289081
-0.0293612
-0.0284275
-0.0270132
-0.0260108
-0.025695
-0.0258185
-0.0259696
-0.0260932
-0.0264364
-0.0272054
-0.0281803
-0.0286609
-0.0280567
-0.0264914
-0.0245415
-0.0228389
-0.021658
-0.0212186
-0.0216031
-0.0226741
-0.0238962
-0.0247063
-0.0248299
-0.0244042
-0.0237726
-0.0233744
-0.023498
-0.0240747
-0.0247612
-0.0252968
-0.0256675
-0.0258872
-0.0258185
-0.0254203
-0.0248711
-0.0245141
-0.0244729
-0.0246239
-0.0247887
-0.0246789
-0.0240335
-0.0227977
-0.0214795
-0.0208341
-0.021301
-0.0226466
-0.0241571
-0.0250908
-0.0250359
-0.024212
-0.0232371
-0.0226741
-0.0227153
-0.0231959
-0.0237726
-0.024212
-0.0244042
-0.0242669
-0.0237451
-0.0229075
-0.0219189
-0.021095
-0.0206007
-0.0204496
-0.0205458
-0.0209714
-0.021809
-0.0229899
-0.0241983
-0.0249535
-0.0247887
-0.0235529
-0.0216717
-0.0200789
-0.0197768
-0.0210538
-0.0231135
-0.02472
-0.0250221
-0.0240198
-0.0223034
-0.0205732
-0.0193649
-0.0190765
-0.0198592
-0.0215481
-0.0235529
-0.0250084
-0.0253517
-0.0246377
-0.023443
-0.0224269
-0.0220699
-0.0225642
-0.0235392
-0.0241159
-0.0235392
-0.0219052
-0.0202025
-0.0193649
-0.0196532
-0.0207243
-0.022166
-0.0237589
-0.0253379
-0.0266699
-0.0272878
-0.0267385
-0.0251183
-0.0235529
-0.023292
-0.0246239
-0.02656
-0.0279057
-0.0283176
-0.0281528
-0.0277684
-0.0273015
-0.0267523
-0.026052
-0.0250221
-0.0235254
-0.0219463
-0.0210675
-0.0215207
-0.0230998
-0.0247338
-0.0253379
-0.0246239
-0.0232096
-0.021864
-0.0209714
-0.0206007
-0.0209028
-0.0219601
-0.0233332
-0.0240884
-0.0237451
-0.022729
-0.0220287
-0.0221111
-0.0226054
-0.0228389
-0.0226466
-0.022221
-0.0218365
-0.0215756
-0.0215207
-0.0217541
-0.0223583
-0.0231684
-0.0237589
-0.0237039
-0.0231135
-0.0226054
-0.0228114
-0.0236902
-0.0246102
-0.0249397
-0.0244729
-0.0235254
-0.0228251
-0.0229075
-0.0236765
-0.0244592
-0.0247338
-0.0245415
-0.024363
-0.0245965
-0.025489
-0.0268347
-0.0280293
-0.0284
-0.0277958
-0.026615
-0.0253242
-0.0241571
-0.023292
-0.0229762
-0.0234156
-0.024418
-0.0255027
-0.0261344
-0.0259833
-0.0250771
-0.0238275
-0.0227428
-0.0223171
-0.0228389
-0.0241845
-0.025695
-0.0264914
-0.0262854
-0.0256675
-0.0253654
-0.0253791
-0.0252693
-0.0249672
-0.0248711
-0.0251183
-0.0252418
-0.0248848
-0.0242806
-0.0239786
-0.0240472
-0.0241021
-0.0237177
-0.0230586
-0.0227702
-0.0234019
-0.0247338
-0.0259421
-0.0262305
-0.0255027
-0.0243218
-0.0233057
-0.0227428
-0.0227016
-0.0230723
-0.0235254
-0.0236765
-0.0234019
-0.0229625
-0.0227153
-0.0227016
-0.0227153
-0.022578
-0.0223445
-0.0221111
-0.0219463
-0.0217541
-0.0214383
-0.0210126
-0.0205595
-0.0201338
-0.0199004
-0.0201201
-0.0210264
-0.0223583
-0.0233195
-0.023292
-0.0224681
-0.0216305
-0.0215481
-0.022372
-0.0237039
-0.0248299
-0.0251732
-0.0246789
-0.0239648
-0.0237726
-0.0243081
-0.0250359
-0.0253242
-0.0249809
-0.0243356
-0.0239236
-0.024006
-0.0244042
-0.024569
-0.0242944
-0.0238412
-0.0236902
-0.0238824
-0.0240472
-0.0238824
-0.0234568
-0.023086
-0.0230586
-0.0235529
-0.0244042
-0.0251457
-0.0252281
-0.024418
-0.0229762
-0.021452
-0.0202025
-0.0193786
-0.0191315
-0.0195159
-0.0203673
-0.021301
-0.0219601
-0.0223308
-0.0225917
-0.0229075
-0.023141
-0.0230448
-0.0224407
-0.0215344
-0.0208067
-0.0206007
-0.0209714
-0.0216168
-0.022221
-0.0225231
-0.0223171
-0.021658
-0.0207929
-0.0199141
-0.0191589
-0.0188019
-0.0191589
-0.0202162
-0.0214795
-0.0223995
-0.0227428
-0.0226192
-0.0223308
-0.0220699
-0.0217266
-0.021095
-0.0202299
-0.0195159
-0.0193237
-0.0196258
-0.0200652
-0.0204359
-0.0207929
-0.0212598
-0.0219189
-0.0227702
-0.0235392
-0.0237726
-0.0231547
-0.0217266
-0.0200514
-0.0188706
-0.0187744
-0.0198867
-0.0216717
-0.0230448
-0.0230174
-0.0216168
-0.0198729
-0.0190216
-0.0195846
-0.0211774
-0.0229899
-0.0242532
-0.0244729
-0.023649
-0.0222484
-0.0209577
-0.0204222
-0.0209302
-0.0222759
-0.0237177
-0.0243493
-0.0238138
-0.0226878
-0.021864
-0.021809
-0.0222759
-0.0226192
-0.0224407
-0.0217816
-0.0211911
-0.021095
-0.0213834
-0.0214795
-0.0210675
-0.0205183
-0.0204908
-0.0214795
-0.0234568
-0.0257773
-0.0275487
