LECROYHDO9204-MSöv,30454,Waveform
Segments,1,SegmentSize,2002
Ampl
-0.0118402
-0.0119088
-0.0120736
-0.0120187
-0.0117029
-0.0113733
-0.0112223
-0.0114145
-0.0119638
-0.0125542
-0.0127739
-0.0124856
-0.011799
-0.0109889
-0.0102886
-0.0100414
-0.0106593
-0.0122384
-0.0142981
-0.0161518
-0.0173739
-0.018033
-0.0183076
-0.0183076
-0.0178682
-0.0166598
-0.0146139
-0.0122384
-0.0103847
-0.0096432
-0.00997274
-0.0109751
-0.0121697
-0.0131858
-0.0137488
-0.0138724
-0.0138037
-0.0139411
-0.0146551
-0.0160007
-0.0174837
-0.0181977
-0.0174974
-0.01563
-0.0134605
-0.0118127
-0.0110026
-0.0109751
-0.0115106
-0.0122384
-0.0127053
-0.0127602
-0.0127327
-0.0129936
-0.0135566
-0.0139273
-0.0136802
-0.0128014
-0.0117578
-0.0112086
-0.0114145
-0.0120324
-0.0124993
-0.0125954
-0.0124718
-0.0123482
-0.0122384
-0.0121835
-0.0122659
-0.0124306
-0.0124581
-0.0122247
-0.0118127
-0.0114557
-0.0112497
-0.0112223
-0.0113321
-0.0114694
-0.0115244
-0.0114832
-0.0114145
-0.0113733
-0.0114283
-0.0116342
-0.0120599
-0.012513
-0.0126915
-0.0125817
-0.012362
-0.0122796
-0.012362
-0.0126641
-0.0131721
-0.0138587
-0.0146414
-0.0154515
-0.0160557
-0.0162342
-0.015987
-0.0157124
-0.0156575
-0.0156025
-0.0150533
-0.0139548
-0.0127602
-0.01195
-0.0116479
-0.011799
-0.0123208
-0.0130073
-0.0134467
-0.0132682
-0.0125405
-0.0117441
-0.0113596
-0.0115793
-0.0121285
-0.0124718
-0.0123482
-0.012005
-0.0119363
-0.0123482
-0.0129799
-0.0135017
-0.013639
-0.0133369
-0.0126915
-0.0120736
-0.0118951
-0.012307
-0.0129661
-0.0133506
-0.0131721
-0.012513
-0.011593
-0.0107417
-0.0102199
-0.0102336
-0.010879
-0.0119638
-0.012925
-0.0131035
-0.0122659
-0.0108103
-0.00953335
-0.0089429
-0.00899783
-0.00940977
-0.00997274
-0.0105083
-0.0107554
-0.0105769
-0.0100963
-0.00967066
-0.009602
-0.00987663
-0.0102199
-0.0102474
-0.00979424
-0.00921753
-0.00912141
-0.00978051
-0.010879
-0.0118539
-0.0123345
-0.0122384
-0.0115656
-0.0105495
-0.00956081
-0.00906649
-0.0093823
-0.0105083
-0.01195
-0.012925
-0.0128288
-0.0116617
-0.0100689
-0.00879186
-0.00818769
-0.00825634
-0.00879186
-0.0096432
-0.0105906
-0.0113733
-0.0116617
-0.0112909
-0.0104121
-0.00965693
-0.00980797
-0.0111399
-0.0130348
-0.0144217
-0.0147237
-0.0140784
-0.0130485
-0.0121835
-0.0116479
-0.0113871
-0.0113184
-0.0114694
-0.0119088
-0.0124444
-0.0126915
-0.0124856
-0.012005
-0.0114969
-0.01103
-0.0106044
-0.0103435
-0.0103435
-0.0106044
-0.0110163
-0.0113871
-0.011593
-0.0116342
-0.0117441
-0.0122384
-0.0130485
-0.0136664
-0.0136527
-0.0130073
-0.0121011
-0.0111536
-0.0102611
-0.00936857
-0.00864082
-0.00827008
-0.00844858
-0.00914887
-0.0100551
-0.0107829
-0.011236
-0.0115656
-0.0118951
-0.0120187
-0.0117029
-0.0108515
-0.00957454
-0.00829754
-0.00763844
-0.00805038
-0.00936857
-0.0109065
-0.0120736
-0.0126915
-0.012925
-0.012925
-0.0127739
-0.0125817
-0.0123757
-0.0120873
-0.0116068
-0.0110026
-0.0106593
-0.0111399
-0.0126778
-0.0146139
-0.0156849
-0.0148336
-0.0122384
-0.00917633
-0.00703427
-0.0064301
-0.00717158
-0.00847604
-0.009602
-0.0101787
-0.0105906
-0.0112909
-0.0122384
-0.0126778
-0.0121423
-0.0110026
-0.0101375
-0.0100551
-0.0105083
-0.0109065
-0.0109751
-0.0107829
-0.0105906
-0.010522
-0.0104945
-0.0103984
-0.0102199
-0.0100139
-0.00984916
-0.00971185
-0.0096432
-0.00971185
-0.00984916
-0.00991782
-0.00993155
-0.00987663
-0.00962946
-0.00897037
-0.00806411
-0.00743247
-0.00751486
-0.00827008
-0.00929992
-0.0102199
-0.0109065
-0.0113733
-0.0116617
-0.0117578
-0.0115793
-0.011085
-0.0105632
-0.0103847
-0.010673
-0.0111948
-0.011593
-0.0117166
-0.011593
-0.0114008
-0.0114557
-0.0120873
-0.0131996
-0.0142843
-0.0148199
-0.0146688
-0.0140921
-0.013433
-0.0128975
-0.0124856
-0.0122384
-0.0121423
-0.0121423
-0.0121972
-0.0122933
-0.0125267
-0.0129661
-0.0135291
-0.0139685
-0.0140646
-0.0139685
-0.0140372
-0.0146276
-0.01563
-0.0166461
-0.017113
-0.0167422
-0.0157398
-0.0147924
-0.0144766
-0.0148061
-0.0152867
-0.0154927
-0.015273
-0.0147237
-0.0139548
-0.0131172
-0.0122796
-0.0115106
-0.0109614
-0.0109065
-0.0116205
-0.0131035
-0.0149297
-0.0164264
-0.0169757
-0.0164539
-0.0152318
-0.0140097
-0.013282
-0.0131309
-0.0132957
-0.013584
-0.0138037
-0.0136664
-0.0129799
-0.0120187
-0.0111948
-0.0107829
-0.0107554
-0.0110438
-0.0114969
-0.0117853
-0.011593
-0.0110575
-0.0106593
-0.0107554
-0.0112635
-0.011799
-0.0120462
-0.0118127
-0.0112086
-0.0105906
-0.0103847
-0.0107554
-0.0113871
-0.0119363
-0.0122109
-0.0122109
-0.0119775
-0.0115381
-0.0110712
-0.0107417
-0.010728
-0.0110575
-0.0116068
-0.0121011
-0.0122384
-0.0119363
-0.0113871
-0.0109339
-0.0108378
-0.011085
-0.0114283
-0.0115106
-0.0112223
-0.0109065
-0.0109477
-0.0114969
-0.0124444
-0.013584
-0.0146963
-0.0153279
-0.0150945
-0.0140097
-0.0126915
-0.011799
-0.0114969
-0.0114008
-0.0111262
-0.0107142
-0.0104671
-0.0105632
-0.0108653
-0.0113047
-0.012005
-0.0131446
-0.0144217
-0.0150533
-0.0144079
-0.0127327
-0.0110438
-0.0103298
-0.0108515
-0.0121972
-0.0137351
-0.0148199
-0.0151494
-0.0149022
-0.0146825
-0.0147924
-0.0149846
-0.014916
-0.0147924
-0.015424
-0.01747
-0.0208341
-0.0244866
-0.0272054
-0.0284137
-0.0285648
-0.0289081
-0.0305009
-0.033714
-0.0383139
-0.0439712
-0.0501777
-0.0563155
-0.0617531
-0.0663393
-0.070541
-0.0750174
-0.0799744
-0.085
-0.0895862
-0.0937056
-0.0978936
-0.102658
-0.107986
-0.113369
-0.118422
-0.123077
-0.127416
-0.131549
-0.135586
-0.139581
-0.14355
-0.147257
-0.150415
-0.152873
-0.154905
-0.157061
-0.159753
-0.162911
-0.165808
-0.167634
-0.168211
-0.168046
-0.167799
-0.167621
-0.167318
-0.166728
-0.16589
-0.165067
-0.164627
-0.164723
-0.164902
-0.164435
-0.162897
-0.160412
-0.157514
-0.154727
-0.152406
-0.15058
-0.149097
-0.147806
-0.14679
-0.1462
-0.146008
-0.145651
-0.144291
-0.141614
-0.13825
-0.135435
-0.134048
-0.133965
-0.134281
-0.134144
-0.133265
-0.131782
-0.130025
-0.1285
-0.127896
-0.128569
-0.130107
-0.131521
-0.132098
-0.13181
-0.131178
-0.130656
-0.13045
-0.130546
-0.130903
-0.13137
-0.131906
-0.132565
-0.133457
-0.134556
-0.135723
-0.136794
-0.137577
-0.138016
-0.138167
-0.138208
-0.138414
-0.138977
-0.139938
-0.141078
-0.141984
-0.142259
-0.142039
-0.141847
-0.14219
-0.143207
-0.144648
-0.146049
-0.146969
-0.147202
-0.146928
-0.146488
-0.146186
-0.146186
-0.146529
-0.146996
-0.147161
-0.146804
-0.146227
-0.145994
-0.14642
-0.147285
-0.148109
-0.148479
-0.148205
-0.147353
-0.146159
-0.144937
-0.143989
-0.143358
-0.142877
-0.14252
-0.142355
-0.142424
-0.142726
-0.143124
-0.143412
-0.143248
-0.142685
-0.142245
-0.142465
-0.143207
-0.143715
-0.143275
-0.14182
-0.139952
-0.138524
-0.138071
-0.138483
-0.139156
-0.139472
-0.139252
-0.138675
-0.13814
-0.13792
-0.13814
-0.138634
-0.139005
-0.138991
-0.138744
-0.138716
-0.13917
-0.139897
-0.140488
-0.140625
-0.140241
-0.139581
-0.139019
-0.138867
-0.139156
-0.139691
-0.140282
-0.140831
-0.141435
-0.142135
-0.142781
-0.143055
-0.142726
-0.141888
-0.1409
-0.140213
-0.13998
-0.140186
-0.140721
-0.141463
-0.1423
-0.142973
-0.143152
-0.142808
-0.142287
-0.142067
-0.142245
-0.142383
-0.141916
-0.140721
-0.139293
-0.138222
-0.137728
-0.1377
-0.137961
-0.138373
-0.138661
-0.138593
-0.138153
-0.137563
-0.137206
-0.137206
-0.137316
-0.137014
-0.13597
-0.134611
-0.133883
-0.134432
-0.136039
-0.13792
-0.139376
-0.13998
-0.139678
-0.13873
-0.137673
-0.137041
-0.137027
-0.137577
-0.138359
-0.13895
-0.138991
-0.138359
-0.137233
-0.135929
-0.134858
-0.13446
-0.134844
-0.135668
-0.136382
-0.136616
-0.136396
-0.135819
-0.135009
-0.134158
-0.13354
-0.133402
-0.133759
-0.134309
-0.134556
-0.134336
-0.133869
-0.133608
-0.133842
-0.134501
-0.135188
-0.135462
-0.135146
-0.134515
-0.13413
-0.134322
-0.134995
-0.135778
-0.136272
-0.13641
-0.136231
-0.135805
-0.135174
-0.134528
-0.134116
-0.133993
-0.133924
-0.133801
-0.133828
-0.134213
-0.134611
-0.13435
-0.133087
-0.131219
-0.129668
-0.129105
-0.129544
-0.130409
-0.131054
-0.131247
-0.131178
-0.131041
-0.13089
-0.130601
-0.130079
-0.129434
-0.128899
-0.128748
-0.128926
-0.129077
-0.128789
-0.12813
-0.127539
-0.127347
-0.127374
-0.127182
-0.126647
-0.126056
-0.125782
-0.125864
-0.126125
-0.126372
-0.126372
-0.125905
-0.124917
-0.123694
-0.122733
-0.122459
-0.122857
-0.123489
-0.123914
-0.124093
-0.124257
-0.124573
-0.124903
-0.124917
-0.124477
-0.123777
-0.1232
-0.123077
-0.123324
-0.123434
-0.122939
-0.121882
-0.120921
-0.120715
-0.121374
-0.12239
-0.123159
-0.123447
-0.123557
-0.123969
-0.124711
-0.125287
-0.125164
-0.124257
-0.123008
-0.121855
-0.120948
-0.12033
-0.120193
-0.12066
-0.121525
-0.122417
-0.12309
-0.123502
-0.12364
-0.12342
-0.122829
-0.122184
-0.121882
-0.122033
-0.122404
-0.12272
-0.12298
-0.123269
-0.12353
-0.123502
-0.123035
-0.122225
-0.121264
-0.120234
-0.119218
-0.118353
-0.117735
-0.117406
-0.117378
-0.117776
-0.118573
-0.119493
-0.120179
-0.120509
-0.12055
-0.12033
-0.119863
-0.119355
-0.119177
-0.119575
-0.120426
-0.121319
-0.122006
-0.122445
-0.122678
-0.122623
-0.122143
-0.121182
-0.119905
-0.11882
-0.118435
-0.118902
-0.119671
-0.11996
-0.11941
-0.118394
-0.117612
-0.117598
-0.118229
-0.118902
-0.119136
-0.11893
-0.118751
-0.118875
-0.119122
-0.118985
-0.118133
-0.116843
-0.115675
-0.115071
-0.115181
-0.115827
-0.116678
-0.117296
-0.1172
-0.11617
-0.114522
-0.112984
-0.112229
-0.112517
-0.113547
-0.114728
-0.115524
-0.115675
-0.115373
-0.114948
-0.114701
-0.114701
-0.114769
-0.114632
-0.11411
-0.113314
-0.112668
-0.112462
-0.112545
-0.112394
-0.111611
-0.110375
-0.109428
-0.109428
-0.110416
-0.111817
-0.112668
-0.112284
-0.110664
-0.108686
-0.107437
-0.107423
-0.108467
-0.109977
-0.111323
-0.111941
-0.111584
-0.11043
-0.109071
-0.108
-0.107245
-0.106434
-0.105377
-0.104334
-0.103784
-0.103963
-0.104608
-0.105185
-0.105253
-0.104869
-0.104581
-0.10491
-0.105858
-0.106888
-0.107341
-0.106942
-0.105762
-0.104169
-0.102658
-0.101697
-0.101409
-0.10145
-0.101519
-0.101601
-0.101931
-0.102645
-0.103441
-0.103867
-0.103606
-0.102851
-0.101985
-0.101395
-0.101258
-0.101683
-0.102699
-0.104073
-0.105199
-0.105528
-0.104924
-0.103825
-0.102699
-0.101683
-0.100736
-0.0999258
-0.0996512
-0.100187
-0.101258
-0.101972
-0.101615
-0.100242
-0.0986625
-0.09777
-0.0980446
-0.0992392
-0.100516
-0.100983
-0.100242
-0.09869
-0.0971658
-0.0963008
-0.0960811
-0.0961085
-0.0960948
-0.0960536
-0.0962184
-0.0966852
-0.0972345
-0.0975091
-0.0973443
-0.0969324
-0.096644
-0.0966852
-0.0971384
-0.0979073
-0.0986213
-0.0985801
-0.0973718
-0.0953396
-0.0934584
-0.0925521
-0.0926757
-0.0932112
-0.0935683
-0.0934996
-0.0929915
-0.0921814
-0.0912477
-0.0905062
-0.0903826
-0.0910554
-0.0922638
-0.0933348
-0.093733
-0.0935133
-0.0931838
-0.0932387
-0.0938154
-0.0946805
-0.095367
-0.0954632
-0.0948727
-0.0939665
-0.0931563
-0.0925521
-0.0920578
-0.091742
-0.0917969
-0.0922913
-0.0930465
-0.0939115
-0.0946805
-0.0951061
-0.0950512
-0.0946942
-0.0943372
-0.0939939
-0.0935133
-0.0929092
-0.0922913
-0.0916459
-0.0907396
-0.089545
-0.0882955
-0.0873755
-0.0870322
-0.0872931
-0.0879247
-0.0886113
-0.0891605
-0.0895313
-0.0897235
-0.0898059
-0.0898059
-0.0897647
-0.0896686
-0.0894489
-0.0891605
-0.0890507
-0.0892567
-0.0894077
-0.0889683
-0.0878835
-0.0867988
-0.0864967
-0.0871009
-0.0881307
-0.0888859
-0.0889134
-0.0882268
-0.0871009
-0.08592
-0.0849588
-0.0843409
-0.0841349
-0.0842722
-0.0845606
-0.0847528
-0.0845881
-0.0839839
-0.0830502
-0.0820478
-0.081375
-0.0813063
-0.081732
-0.0823224
-0.0827618
-0.0829678
-0.0828579
-0.0825009
-0.08224
-0.0823636
-0.0827481
-0.0828579
-0.0824323
-0.0819379
-0.0820752
-0.0829403
-0.0839976
-0.0845743
-0.0844782
-0.0840113
-0.0837504
-0.0839564
-0.0843821
-0.0845057
-0.0841212
-0.0834621
-0.0828717
-0.0823499
-0.0817594
-0.0811278
-0.0806884
-0.0806472
-0.080963
-0.0814299
-0.0818693
-0.0822126
-0.0823499
-0.0821576
-0.0816633
-0.0811827
-0.0810729
-0.08132
-0.081526
-0.0811964
-0.0803588
-0.0795762
-0.0793015
-0.0796311
-0.0804
-0.0814299
-0.0824185
-0.0829403
-0.0827343
-0.0819517
-0.0809081
-0.079892
-0.0790681
-0.0784227
-0.0778048
-0.077132
-0.0765278
-0.0763631
-0.076775
-0.077489
-0.0780108
-0.0780383
-0.0776675
-0.0771869
-0.0768849
-0.0771183
-0.0780383
-0.0793565
-0.080455
-0.0806747
-0.0797821
-0.0780245
-0.0762669
-0.0753607
-0.0755804
-0.0764866
-0.0774204
-0.0780383
-0.078258
-0.0780383
-0.0774204
-0.0765553
-0.0757452
-0.075292
-0.0754843
-0.0764455
-0.0778872
-0.0791505
-0.0797272
-0.0796997
-0.07948
-0.0793427
-0.0793565
-0.0793702
-0.079123
-0.078203
-0.076624
-0.0750174
-0.0742897
-0.0748114
-0.0761022
-0.077132
-0.0770084
-0.0755255
-0.0733422
-0.0717082
-0.0715434
-0.0727655
-0.0744544
-0.0756079
-0.0758138
-0.0752371
-0.0745094
-0.0742622
-0.0747565
-0.075704
-0.0765004
-0.0765553
-0.0756628
-0.0740288
-0.0721064
-0.07039
-0.0694425
-0.069676
-0.070953
-0.0726007
-0.0735756
-0.0733285
-0.07223
-0.0711177
-0.0705273
-0.0703488
-0.0703076
-0.0703763
-0.0707195
-0.0713374
-0.0720515
-0.0726007
-0.0727792
-0.0725321
-0.0719965
-0.0714198
-0.0709255
-0.0704037
-0.0697172
-0.068907
-0.0682205
-0.0677811
-0.06763
-0.0676712
-0.0678635
-0.0682342
-0.0687834
-0.0693602
-0.0695936
-0.0692228
-0.0684264
-0.06763
-0.0672593
-0.0674927
-0.0682754
-0.0692915
-0.0699369
-0.0697034
-0.0687834
-0.0679321
-0.0678497
-0.0685912
-0.0697172
-0.0706234
-0.070953
-0.0705548
-0.0695387
-0.0681655
-0.0668062
-0.0659686
-0.0660509
-0.0670396
-0.0684951
-0.0696348
-0.0699918
-0.0695524
-0.0686187
-0.0675888
-0.0669572
-0.0669435
-0.067273
-0.0673417
-0.0668885
-0.0661471
-0.065433
-0.0647877
-0.0642796
-0.0642247
-0.0649387
-0.0662157
-0.0675888
-0.0686461
-0.0691542
-0.0689757
-0.0680832
-0.0668336
-0.0658862
-0.0657214
-0.066408
-0.0673417
-0.06763
-0.0667512
-0.0651035
-0.0637716
-0.0636617
-0.0646778
-0.0658724
-0.066353
-0.06579
-0.0644993
-0.0631674
-0.0624671
-0.0626456
-0.0634008
-0.0641698
-0.0646504
-0.0649113
-0.0651721
-0.0654742
-0.0655292
-0.0651035
-0.0642522
-0.0634146
-0.0629065
-0.0626181
-0.0620277
-0.0608056
-0.0592677
-0.0582242
-0.0584164
-0.0599131
-0.0619179
-0.0633047
-0.0635519
-0.0630438
-0.0626044
-0.0626593
-0.062879
-0.0628378
-0.0626181
-0.0627005
-0.0633184
-0.0641011
-0.064362
-0.0636892
-0.0622886
-0.060888
-0.0602976
-0.0607095
-0.0615883
-0.0621101
-0.0618629
-0.0611489
-0.0604761
-0.0601328
-0.0601191
-0.0603388
-0.0608194
-0.0615883
-0.0625769
-0.0633459
-0.063291
-0.0622749
-0.0608056
-0.059611
-0.059103
-0.0591441
-0.0594462
-0.0597483
-0.0598582
-0.0597895
-0.0596797
-0.0596522
-0.0596934
-0.0597071
-0.0597209
-0.0597895
-0.0598856
-0.0599406
-0.0598994
-0.0596934
-0.0592128
-0.05854
-0.0579907
-0.0579221
-0.0582516
-0.0586224
-0.0586361
-0.0580731
-0.0569609
-0.0556976
-0.05486
-0.0548188
-0.055423
-0.0562194
-0.0568098
-0.0570158
-0.056906
-0.0567137
-0.056494
-0.0560684
-0.055272
-0.0544343
-0.0541735
-0.0547502
-0.0557114
-0.0564391
-0.0566863
-0.0567
-0.0567824
-0.0570433
-0.0575513
-0.0584164
-0.0595149
-0.0604349
-0.060737
-0.0603113
-0.05946
-0.0585812
-0.0578534
-0.0573316
-0.0571531
-0.0577161
-0.0590892
-0.0605722
-0.0612588
-0.0609567
-0.0602976
-0.0598444
-0.05946
-0.0588146
-0.0579633
-0.0573866
-0.0573454
-0.0577024
-0.0580319
-0.0580868
-0.0577024
-0.0569197
-0.0559997
-0.0552308
-0.0548188
-0.0549012
-0.0553543
-0.0557663
-0.0556976
-0.0551758
-0.054709
-0.0544755
-0.054146
-0.0534457
-0.0526081
-0.0520726
-0.0518941
-0.0520177
-0.0525669
-0.0536105
-0.054654
-0.0550523
-0.0546678
-0.053995
-0.0536654
-0.0538851
-0.0544618
-0.0550523
-0.055423
-0.0554367
-0.0549012
-0.0536517
-0.0519353
-0.0504935
-0.0501365
-0.0509466
-0.0521962
-0.0529239
-0.0527729
-0.0520177
-0.0510839
-0.0504248
-0.0504248
-0.0512075
-0.0524571
-0.0536517
-0.0545167
-0.0551896
-0.0556702
-0.0556015
-0.0546678
-0.0529926
-0.051235
-0.0501365
-0.0500678
-0.0508917
-0.0520314
-0.0528003
-0.0528553
-0.0522648
-0.0513174
-0.0503974
-0.0498207
-0.0496559
-0.0496284
-0.0496422
-0.0498207
-0.0504386
-0.0513448
-0.0520589
-0.0522099
-0.0519902
-0.0518803
-0.0520314
-0.0520726
-0.0514959
-0.0502875
-0.0489831
-0.0482141
-0.0481043
-0.0484064
-0.0488595
-0.0493813
-0.0498481
-0.0501639
-0.050466
-0.0510427
-0.0517568
-0.0520863
-0.0517018
-0.0509054
-0.0503287
-0.0500678
-0.049601
-0.0484201
-0.0467998
-0.0456876
-0.0457837
-0.0471019
-0.0489556
-0.0505484
-0.0514135
-0.0514135
-0.0506033
-0.049244
-0.0478708
-0.0470744
-0.0469097
-0.0470332
-0.0471843
-0.0474452
-0.0478846
-0.048269
-0.0484613
-0.0487359
-0.0493813
-0.0500678
-0.0500404
-0.0489693
-0.0475001
-0.0467311
-0.047198
-0.0483514
-0.0490929
-0.0487634
-0.0477061
-0.0467861
-0.0465664
-0.0468959
-0.0473079
-0.0475138
-0.0475688
-0.0475962
-0.047761
-0.0482004
-0.0487496
-0.0489144
-0.0483102
-0.046992
-0.0455777
-0.0447813
-0.0450834
-0.0464016
-0.0482141
-0.0498207
-0.0507819
-0.0509604
-0.0505072
-0.049752
-0.0491478
-0.0490517
-0.0493401
-0.049395
-0.0486672
-0.0471156
-0.045207
-0.0435181
-0.0424058
-0.0420763
-0.0425706
-0.0436279
-0.0449736
-0.046278
-0.0472941
-0.0477198
-0.0473353
-0.0462368
-0.0448088
-0.0435867
-0.0429139
-0.0427766
-0.0429551
-0.0432572
-0.0436279
-0.0439163
-0.0438476
-0.0432846
-0.0425431
-0.0422548
-0.0427766
-0.0438613
-0.0448912
-0.045358
-0.0451109
-0.0443419
-0.0435318
-0.0432022
-0.043573
-0.0444243
-0.0451521
-0.0452207
-0.0445067
-0.0434219
-0.0427628
-0.0430375
-0.0439437
-0.044644
-0.0446577
-0.044081
-0.0432022
-0.0421449
-0.040964
-0.0398381
-0.0390142
-0.0388083
-0.0394262
-0.0409366
-0.0429825
-0.0449186
-0.046127
-0.0464153
-0.0459897
-0.0452619
-0.0445891
-0.0442046
-0.0441085
-0.0443145
-0.0447951
-0.0455228
-0.0461132
-0.0460858
-0.0453306
-0.0443419
-0.0436004
-0.043216
-0.0429963
-0.0428864
-0.0429551
-0.0431336
-0.0431748
-0.0429688
-0.0425706
-0.0421587
-0.0418154
-0.0416369
-0.0418017
-0.0423509
-0.0432846
-0.0444106
-0.0453718
-0.045715
-0.0452894
-0.0444243
-0.0436279
-0.0432572
-0.0432709
-0.0434219
-0.0434769
-0.043367
-0.0432297
-0.0431473
-0.0428864
-0.0420351
-0.040662
-0.0394399
-0.0391653
-0.039893
-0.0410327
-0.041939
-0.0422822
-0.0420214
-0.0412799
-0.0403736
-0.0395909
-0.0391378
-0.0390554
-0.0392476
-0.0394948
-0.0396184
-0.0396321
-0.0395635
-0.0394948
-0.039385
-0.0393163
-0.0394124
-0.039742
-0.040305
-0.040964
-0.0414446
-0.0414172
-0.0406345
-0.0393438
-0.0381903
-0.0376274
-0.0375862
-0.0375175
-0.0370369
-0.0363504
-0.0360345
-0.0366936
-0.0382865
-0.0400715
-0.0411426
-0.0411563
-0.0404972
-0.039742
-0.0393438
-0.0393987
-0.039742
-0.0400166
-0.0398244
-0.0390554
-0.0379706
-0.036982
-0.0364739
-0.0366662
-0.0376411
-0.0390142
-0.0399891
-0.0399205
-0.0389181
-0.0377235
-0.0370507
-0.0372154
-0.0381766
-0.0396733
-0.0411563
-0.04209
-0.0420351
-0.0409229
-0.0391241
-0.0374626
-0.0368996
-0.0378333
-0.0397145
-0.0414858
-0.0423921
-0.0424058
-0.0418566
-0.0410464
-0.0401814
-0.039385
-0.0387396
-0.038259
-0.0380942
-0.0384787
-0.0394262
-0.0406757
-0.041733
-0.0423372
-0.0425019
-0.0424745
-0.0423372
-0.0418978
-0.0410052
-0.0399342
-0.0392614
-0.0395085
-0.0407032
-0.0421999
-0.0430924
-0.0427628
-0.0413348
-0.0395635
-0.038259
-0.0378196
-0.0380668
-0.0385199
-0.0386709
-0.0383139
-0.0375999
-0.0369408
-0.0366936
-0.0369683
-0.0375175
-0.038108
-0.038616
-0.0390142
-0.0391653
-0.038973
-0.0384375
-0.0377098
-0.0368035
-0.0357462
-0.0348399
-0.034634
-0.0354578
-0.0370095
-0.0385062
-0.0393438
-0.0394673
-0.0393987
-0.0396459
-0.0402088
-0.0405933
-0.040456
-0.0399479
-0.039536
-0.0394536
-0.0396047
-0.0398106
-0.0399891
-0.0400853
-0.0401539
-0.0401814
-0.0400166
-0.0395223
-0.0389456
-0.0387259
-0.0389044
-0.0390142
-0.0386847
-0.0379569
-0.037188
-0.0365563
-0.0361307
-0.035856
-0.0357462
-0.0358149
-0.0361444
-0.0367898
-0.0377235
-0.0388769
-0.0400578
-0.0408817
-0.0409091
-0.0399479
-0.0382865
-0.0364877
-0.0351008
-0.0344143
-0.0344829
-0.0351283
-0.0359934
-0.0367486
-0.0372566
-0.0375999
-0.0378333
-0.0378059
-0.0373253
-0.0365426
-0.0360071
-0.0361169
-0.0368584
-0.037902
-0.0388632
-0.039385
-0.0391515
-0.0380942
-0.036419
-0.0346889
-0.0336179
-0.033714
-0.034785
-0.0360208
-0.0366525
-0.0364465
-0.035705
-0.0348125
-0.0340573
-0.0335355
-0.0330411
-0.0322173
-0.0311462
-0.030597
-0.0313797
-0.0332197
-0.0347987
-0.0348949
-0.0335492
-0.0319701
-0.0313385
-0.0317916
-0.0326704
-0.033302
-0.0336179
-0.0338513
-0.0340985
-0.0341671
-0.0337689
-0.0327803
-0.0314346
-0.0303498
-0.0301988
-0.0312012
-0.0328077
-0.0340161
-0.0340573
-0.032945
-0.031517
-0.0307206
-0.0310639
-0.0323409
-0.033865
-0.0349086
-0.035142
-0.0347164
-0.0341808
-0.0340298
-0.034277
-0.0345378
-0.0343868
-0.033714
-0.0328215
-0.0322859
-0.0324782
-0.0332883
-0.034222
-0.0348399
-0.0350184
-0.0347987
-0.0341808
-0.0332746
-0.0324095
-0.0321761
-0.0328901
-0.0343731
-0.0359247
-0.0367211
-0.0364465
-0.0354441
-0.0344555
-0.0340161
-0.0341534
-0.0345241
-0.034634
-0.0342358
-0.0335217
-0.0330823
-0.0334531
-0.0344417
-0.0352381
-0.0350184
-0.0337552
-0.032231
-0.0314071
-0.0316268
-0.0322722
-0.032437
-0.031874
-0.03116
-0.0310913
-0.0319838
-0.0336041
-0.0354166
-0.0369271
-0.0377509
-0.0376686
-0.0368035
-0.0355677
-0.0345104
-0.0340298
-0.0341534
-0.0343593
-0.0340573
-0.0332746
-0.0326841
-0.0326979
-0.0328764
-0.0324095
-0.0311737
-0.0298692
-0.0292925
-0.0297045
-0.0306519
-0.0315444
-0.0321074
-0.0324782
-0.0328215
-0.0329313
-0.0324095
-0.0312149
-0.029883
-0.029114
-0.029114
-0.0295397
-0.029677
-0.028963
-0.0275624
-0.0264776
-0.0267797
-0.0286884
-0.0311462
-0.0327391
-0.0327803
-0.0317092
-0.0305695
-0.0300203
-0.0300752
-0.030391
-0.0306519
-0.0306519
-0.0303636
-0.0299379
-0.029677
-0.0298967
-0.030446
-0.0308442
