LECROYHDO9204-MSöv,30454,Waveform
Segments,1,SegmentSize,2002
Ampl
-0.0111948
-0.0111124
-0.0108927
-0.0103298
-0.00953335
-0.00901156
-0.00910768
-0.00971185
-0.0105632
-0.0113459
-0.0116891
-0.0112772
-0.0101512
-0.00884679
-0.00798172
-0.00780322
-0.00843485
-0.00989036
-0.0120187
-0.0142157
-0.0154652
-0.014916
-0.0125267
-0.00936857
-0.00706173
-0.00666353
-0.00809157
-0.0102886
-0.0122796
-0.0135154
-0.0138312
-0.0133506
-0.0124581
-0.0116342
-0.0111948
-0.0110987
-0.0112086
-0.0114145
-0.0117715
-0.0122521
-0.0128014
-0.0132408
-0.0133369
-0.0130348
-0.0125817
-0.0123208
-0.012362
-0.012362
-0.0119912
-0.0112497
-0.0104396
-0.0100277
-0.0103984
-0.0115106
-0.0128014
-0.0137214
-0.0141882
-0.0144354
-0.0145452
-0.0142843
-0.0137214
-0.0134879
-0.0142294
-0.0157536
-0.0170168
-0.0168933
-0.0151769
-0.0126641
-0.0106868
-0.0102336
-0.0114008
-0.0133643
-0.0150121
-0.0154927
-0.01471
-0.0132133
-0.0119775
-0.0117853
-0.0126503
-0.01379
-0.0143255
-0.0139685
-0.013227
-0.01287
-0.0131996
-0.0137763
-0.0138587
-0.0130897
-0.011799
-0.010673
-0.010165
-0.0102062
-0.0105769
-0.0110438
-0.0115518
-0.0121423
-0.0128151
-0.0136252
-0.0144217
-0.0148061
-0.0143942
-0.0131309
-0.0114969
-0.010316
-0.0101924
-0.011085
-0.0122796
-0.0129936
-0.0129661
-0.0124306
-0.0116891
-0.0109614
-0.0106868
-0.0112497
-0.0127053
-0.014559
-0.0162479
-0.01747
-0.0181565
-0.018184
-0.0175936
-0.0167422
-0.0161106
-0.0158222
-0.0156025
-0.0150945
-0.0141745
-0.0130897
-0.012307
-0.0122109
-0.0126503
-0.0131035
-0.0133094
-0.0134193
-0.0137626
-0.0142706
-0.01471
-0.0150258
-0.0153416
-0.0157398
-0.015987
-0.0157948
-0.0151082
-0.0141608
-0.0134055
-0.0132408
-0.0137488
-0.0146276
-0.0153416
-0.0155888
-0.0153416
-0.0147649
-0.0139823
-0.0130348
-0.0120187
-0.0111948
-0.0109477
-0.0115381
-0.0128426
-0.0143255
-0.0154103
-0.015836
-0.0155201
-0.0146276
-0.0135566
-0.0128288
-0.0126503
-0.0128288
-0.0131309
-0.0136115
-0.0143805
-0.0153828
-0.0164264
-0.0172365
-0.0174974
-0.0170718
-0.0161792
-0.0154515
-0.0152867
-0.0155339
-0.0157536
-0.0157673
-0.0157536
-0.0160694
-0.0168109
-0.0177309
-0.0184724
-0.0188019
-0.0187195
-0.0183213
-0.0176897
-0.0168658
-0.015987
-0.0152455
-0.014861
-0.014916
-0.0153691
-0.0159184
-0.0161243
-0.01563
-0.0146276
-0.01379
-0.0137076
-0.0144903
-0.0156025
-0.016344
-0.0163028
-0.0156025
-0.0147649
-0.0143805
-0.0145315
-0.0148199
-0.0147787
-0.0144079
-0.014147
-0.0144079
-0.0151494
-0.015781
-0.01563
-0.0146139
-0.0134467
-0.0129387
-0.013227
-0.0137763
-0.0140784
-0.0140372
-0.0138724
-0.0139411
-0.0144903
-0.015424
-0.016193
-0.0163577
-0.0161381
-0.0162479
-0.0169894
-0.0177858
-0.0178544
-0.0169894
-0.01563
-0.014353
-0.0135154
-0.0132408
-0.0135291
-0.0142981
-0.0154927
-0.0167697
-0.0175112
-0.0171816
-0.0158909
-0.0143805
-0.0134879
-0.0134055
-0.0138312
-0.0143805
-0.0150121
-0.0158909
-0.0170718
-0.0183213
-0.0192276
-0.019461
-0.0190628
-0.0183213
-0.0175386
-0.0167697
-0.0160419
-0.0153828
-0.014861
-0.0144903
-0.0143805
-0.0146825
-0.0155476
-0.0168658
-0.0182801
-0.0192001
-0.0192138
-0.01839
-0.0172777
-0.0165225
-0.0164264
-0.0167697
-0.0171954
-0.0175112
-0.017827
-0.0182801
-0.0188019
-0.0190765
-0.0187882
-0.0179094
-0.0168933
-0.0162891
-0.0163166
-0.0168109
-0.0174974
-0.0181977
-0.0186646
-0.0186509
-0.0182115
-0.0176073
-0.017113
-0.0168109
-0.0167285
-0.0169207
-0.0172915
-0.0175524
-0.0174562
-0.0171404
-0.0169482
-0.017058
-0.0173601
-0.0175798
-0.0174974
-0.0170992
-0.0165637
-0.0161518
-0.0159733
-0.0161518
-0.0167971
-0.0178544
-0.0188843
-0.01931
-0.0189118
-0.018033
-0.0173464
-0.0171542
-0.0171679
-0.0168521
-0.0159595
-0.0148473
-0.0143118
-0.0148336
-0.0160831
-0.0171404
-0.0172503
-0.0163166
-0.014861
-0.0136939
-0.0132957
-0.0134879
-0.0137488
-0.0137488
-0.0136664
-0.0138037
-0.014202
-0.0146688
-0.0151769
-0.0156849
-0.015987
-0.0156987
-0.0147787
-0.0136802
-0.013076
-0.0133369
-0.0142981
-0.0153004
-0.01563
-0.0150533
-0.0139411
-0.0129112
-0.0122247
-0.0118814
-0.0120187
-0.012925
-0.0145315
-0.0162067
-0.0173189
-0.0177583
-0.0177309
-0.0174013
-0.0168795
-0.0162616
-0.0156437
-0.015067
-0.0147649
-0.015067
-0.0160831
-0.0175524
-0.0190079
-0.0200652
-0.0204771
-0.0201476
-0.0193923
-0.0187607
-0.0185135
-0.0183762
-0.0180192
-0.0173601
-0.01655
-0.0158634
-0.0156163
-0.0160419
-0.0170718
-0.0182938
-0.0193511
-0.0201476
-0.0207929
-0.0213147
-0.0215344
-0.0211087
-0.0197494
-0.0176073
-0.0154652
-0.0142843
-0.0143393
-0.0150396
-0.0155476
-0.0156025
-0.015424
-0.0152593
-0.0151357
-0.0150807
-0.0152593
-0.015781
-0.0165225
-0.0172915
-0.0180467
-0.0188019
-0.0195846
-0.0203947
-0.0212461
-0.0220974
-0.022729
-0.0228938
-0.0224956
-0.0217816
-0.0211637
-0.0208478
-0.020587
-0.0199141
-0.0188294
-0.0177858
-0.0172915
-0.0173739
-0.0177309
-0.0179094
-0.0175936
-0.0168795
-0.0163577
-0.01655
-0.0171679
-0.0173052
-0.0164813
-0.0153142
-0.0149709
-0.0159595
-0.017621
-0.0188568
-0.0191177
-0.0188019
-0.0187058
-0.0193374
-0.0206968
-0.0224819
-0.0242669
-0.0257773
-0.0270132
-0.028194
-0.0297182
-0.0318465
-0.0345516
-0.0377372
-0.0414721
-0.0458524
-0.0507544
-0.0556839
-0.0602152
-0.0641835
-0.0677673
-0.0713924
-0.0756353
-0.0808669
-0.08684
-0.092868
-0.0984428
-0.103619
-0.108851
-0.114302
-0.119465
-0.123612
-0.126592
-0.129118
-0.132276
-0.136574
-0.141518
-0.146145
-0.14988
-0.152832
-0.155565
-0.158366
-0.161126
-0.16346
-0.165122
-0.166124
-0.166687
-0.16703
-0.167305
-0.167703
-0.168307
-0.168939
-0.169213
-0.169007
-0.168582
-0.168307
-0.168335
-0.168568
-0.168623
-0.167909
-0.166083
-0.163391
-0.1607
-0.158833
-0.15783
-0.157075
-0.155908
-0.154205
-0.152379
-0.150882
-0.149866
-0.14896
-0.147614
-0.145486
-0.142767
-0.139897
-0.137357
-0.135723
-0.13549
-0.136643
-0.138099
-0.138332
-0.136698
-0.134089
-0.13218
-0.132098
-0.133567
-0.135393
-0.136396
-0.136107
-0.134899
-0.133553
-0.132716
-0.132592
-0.133073
-0.133828
-0.134652
-0.135517
-0.136382
-0.13711
-0.137467
-0.137508
-0.137632
-0.138318
-0.139705
-0.141545
-0.143399
-0.144786
-0.145321
-0.144978
-0.144181
-0.143618
-0.143715
-0.144401
-0.145239
-0.145857
-0.146214
-0.146557
-0.147065
-0.147642
-0.147903
-0.147628
-0.146914
-0.146131
-0.145609
-0.145472
-0.145692
-0.146145
-0.146749
-0.147381
-0.147889
-0.148026
-0.147573
-0.146667
-0.145953
-0.146172
-0.147298
-0.148369
-0.148493
-0.147683
-0.146694
-0.146076
-0.145747
-0.145349
-0.144744
-0.144181
-0.144085
-0.144813
-0.146296
-0.147985
-0.149111
-0.149056
-0.14793
-0.146433
-0.145417
-0.145266
-0.145568
-0.145541
-0.144841
-0.143907
-0.143358
-0.143234
-0.143124
-0.142726
-0.142451
-0.142836
-0.143893
-0.144827
-0.144813
-0.143866
-0.142863
-0.142712
-0.14344
-0.144305
-0.144525
-0.143893
-0.14263
-0.141147
-0.14009
-0.139966
-0.140721
-0.141765
-0.142451
-0.142698
-0.142932
-0.143467
-0.144168
-0.144442
-0.143756
-0.142163
-0.14035
-0.139252
-0.139376
-0.140529
-0.142094
-0.14344
-0.144319
-0.144662
-0.144566
-0.14403
-0.143055
-0.141778
-0.14068
-0.140158
-0.140323
-0.140872
-0.141573
-0.142479
-0.14355
-0.144332
-0.144319
-0.143509
-0.142465
-0.141778
-0.1416
-0.14182
-0.142259
-0.142712
-0.142877
-0.142685
-0.142547
-0.142973
-0.14403
-0.145184
-0.145747
-0.145458
-0.144593
-0.143797
-0.143454
-0.143509
-0.143577
-0.143385
-0.142863
-0.142135
-0.141449
-0.141106
-0.141284
-0.141833
-0.142369
-0.142492
-0.142094
-0.141449
-0.140913
-0.140639
-0.140433
-0.140131
-0.139938
-0.139952
-0.13998
-0.139705
-0.139252
-0.138991
-0.139019
-0.139005
-0.138675
-0.138195
-0.137934
-0.138112
-0.138524
-0.138922
-0.139115
-0.139046
-0.138758
-0.138304
-0.137824
-0.137453
-0.137151
-0.136863
-0.136629
-0.136533
-0.136506
-0.13641
-0.136162
-0.13586
-0.135545
-0.135256
-0.13505
-0.135119
-0.135435
-0.135599
-0.135023
-0.133595
-0.131796
-0.130478
-0.130231
-0.131164
-0.132771
-0.13424
-0.13483
-0.134419
-0.133608
-0.133224
-0.133718
-0.134707
-0.135339
-0.135036
-0.134048
-0.132977
-0.132276
-0.131933
-0.131768
-0.131672
-0.13159
-0.13148
-0.131288
-0.131123
-0.131302
-0.132071
-0.133155
-0.133814
-0.133485
-0.132345
-0.131151
-0.130629
-0.130848
-0.131288
-0.131398
-0.130999
-0.130327
-0.129777
-0.129558
-0.129654
-0.129846
-0.129956
-0.129956
-0.12997
-0.130189
-0.130642
-0.131123
-0.131302
-0.131041
-0.130437
-0.129695
-0.129036
-0.12872
-0.12894
-0.129626
-0.130299
-0.13045
-0.129805
-0.12861
-0.12732
-0.126372
-0.125974
-0.12607
-0.126413
-0.126592
-0.126248
-0.12548
-0.124958
-0.125232
-0.126056
-0.126523
-0.126029
-0.124766
-0.123447
-0.122623
-0.122404
-0.122555
-0.122706
-0.122459
-0.121703
-0.120797
-0.120426
-0.121003
-0.122266
-0.123585
-0.12434
-0.124367
-0.123777
-0.122884
-0.122074
-0.121717
-0.122006
-0.122651
-0.123063
-0.122761
-0.121841
-0.12077
-0.119932
-0.119383
-0.119136
-0.119438
-0.120426
-0.121758
-0.122623
-0.1225
-0.121676
-0.120935
-0.120852
-0.121484
-0.122321
-0.122775
-0.122472
-0.121525
-0.120578
-0.120303
-0.120838
-0.121703
-0.122349
-0.122637
-0.122692
-0.122665
-0.122431
-0.121855
-0.121113
-0.120591
-0.12033
-0.119863
-0.118641
-0.116719
-0.114714
-0.113327
-0.112806
-0.113012
-0.113616
-0.114289
-0.114824
-0.115181
-0.115387
-0.115373
-0.114961
-0.114193
-0.113245
-0.112325
-0.111597
-0.111227
-0.111501
-0.112545
-0.114069
-0.115415
-0.115936
-0.115497
-0.114536
-0.113753
-0.11352
-0.113698
-0.113904
-0.11389
-0.113492
-0.112531
-0.110897
-0.108988
-0.107615
-0.107478
-0.108522
-0.109895
-0.110636
-0.110389
-0.109496
-0.108535
-0.107862
-0.10745
-0.107203
-0.107258
-0.107849
-0.108906
-0.109991
-0.110595
-0.110403
-0.109249
-0.107286
-0.105253
-0.104237
-0.104979
-0.107135
-0.109428
-0.110471
-0.109606
-0.107217
-0.104485
-0.102562
-0.102109
-0.102988
-0.104443
-0.105556
-0.10572
-0.104965
-0.103949
-0.103208
-0.102782
-0.102466
-0.102384
-0.102905
-0.104073
-0.10524
-0.105748
-0.105377
-0.104485
-0.103537
-0.102892
-0.102782
-0.103276
-0.104141
-0.104883
-0.1048
-0.103647
-0.101958
-0.100791
-0.100805
-0.101601
-0.102329
-0.102425
-0.101917
-0.101038
-0.100118
-0.0996924
-0.1002
-0.101587
-0.103098
-0.103757
-0.103043
-0.101299
-0.099404
-0.0982643
-0.0983467
-0.0994315
-0.100777
-0.101628
-0.101711
-0.101271
-0.100708
-0.100338
-0.100379
-0.100887
-0.101711
-0.102397
-0.102507
-0.101917
-0.100805
-0.0997061
-0.0990333
-0.0988685
-0.0989509
-0.0989371
-0.0987724
-0.0984978
-0.0982094
-0.0980446
-0.0982094
-0.0986488
-0.0989509
-0.0987312
-0.0980172
-0.0971658
-0.0965479
-0.0963694
-0.0965891
-0.0968775
-0.0968912
-0.0965205
-0.0959163
-0.0953258
-0.0949002
-0.0948041
-0.0950512
-0.0954632
-0.0956966
-0.0955593
-0.0949963
-0.0941862
-0.0934309
-0.0930877
-0.0931289
-0.0932662
-0.0933348
-0.0936094
-0.0942273
-0.0947903
-0.0945294
-0.0933623
-0.0919892
-0.0911516
-0.0908632
-0.0906023
-0.0901217
-0.0897784
-0.0900668
-0.0911104
-0.0924835
-0.093582
-0.0939253
-0.0934996
-0.0926071
-0.0916322
-0.0908083
-0.0902728
-0.0900943
-0.0901766
-0.0903414
-0.0904925
-0.0905474
-0.0904925
-0.0903689
-0.0901492
-0.0897784
-0.0891743
-0.0886937
-0.0887211
-0.0893253
-0.0899981
-0.0902453
-0.0899981
-0.0894764
-0.088625
-0.0873068
-0.0857415
-0.0845743
-0.0844507
-0.0853158
-0.086483
-0.0871695
-0.0870185
-0.0861809
-0.0852334
-0.0846979
-0.0847254
-0.0851922
-0.0858101
-0.0862907
-0.0862358
-0.085563
-0.0847116
-0.0843134
-0.0845469
-0.0847803
-0.0844095
-0.0835033
-0.082803
-0.0828854
-0.0837504
-0.0847254
-0.0851098
-0.0846842
-0.0838191
-0.0831188
-0.083009
-0.0835445
-0.0843821
-0.0850137
-0.085
-0.084231
-0.0831737
-0.0823499
-0.0821027
-0.0823087
-0.0826657
-0.0827893
-0.0823636
-0.0812651
-0.0798783
-0.078972
-0.079123
-0.0800293
-0.0807708
-0.0806335
-0.0798233
-0.0792741
-0.0797821
-0.0812239
-0.0826794
-0.0832836
-0.0828442
-0.0818967
-0.0811278
-0.0809905
-0.0814573
-0.0820615
-0.08224
-0.0816221
-0.0802627
-0.0783816
-0.0763905
-0.0748252
-0.0742759
-0.0750449
-0.0768025
-0.0788759
-0.0805785
-0.0815672
-0.0817045
-0.0811964
-0.0805785
-0.0804687
-0.0809218
-0.0813475
-0.0811141
-0.0801529
-0.0790544
-0.0784502
-0.0784777
-0.078766
-0.0788072
-0.0784502
-0.0779971
-0.0778735
-0.078258
-0.0789445
-0.0794663
-0.079329
-0.0783266
-0.0768162
-0.0758001
-0.0761571
-0.0778735
-0.079892
-0.080963
-0.0806472
-0.0793839
-0.077901
-0.076926
-0.0768299
-0.0774753
-0.0782854
-0.0786424
-0.0784227
-0.0778186
-0.077132
-0.0767201
-0.0768849
-0.0775302
-0.0779422
-0.0774066
-0.0758825
-0.0742759
-0.0736443
-0.0744132
-0.0759511
-0.0772144
-0.0775302
-0.0771046
-0.0765278
-0.0762258
-0.0762532
-0.0763768
-0.0763631
-0.0760335
-0.0753882
-0.074784
-0.0745917
-0.0748664
-0.0752371
-0.075347
-0.0751959
-0.0749899
-0.0747565
-0.0744407
-0.0740288
-0.0736168
-0.0731362
-0.0724909
-0.0717219
-0.0710079
-0.070541
-0.070541
-0.0710628
-0.0719416
-0.0726831
-0.072793
-0.0721339
-0.0711452
-0.0704724
-0.070596
-0.0714748
-0.0724497
-0.0726556
-0.0716945
-0.0699369
-0.0682205
-0.0673005
-0.0674653
-0.0685363
-0.0700604
-0.0715983
-0.0728067
-0.0734246
-0.0732186
-0.0722437
-0.0709942
-0.070184
-0.0701703
-0.0707058
-0.0711864
-0.0710766
-0.0702527
-0.0690718
-0.0682754
-0.0683303
-0.0690169
-0.0696073
-0.0696622
-0.0694151
-0.0694288
-0.0699781
-0.0708706
-0.0717219
-0.0721476
-0.0718592
-0.0707745
-0.0690581
-0.0671082
-0.0654742
-0.0646641
-0.0649113
-0.0660097
-0.0673554
-0.0683852
-0.0687834
-0.0685226
-0.0677399
-0.0666688
-0.0657214
-0.065282
-0.0655429
-0.0664354
-0.0676438
-0.068756
-0.0693052
-0.0690581
-0.0682342
-0.0672456
-0.0663805
-0.0656802
-0.0650074
-0.0643483
-0.0636892
-0.0632086
-0.0632086
-0.0638677
-0.0650074
-0.0660647
-0.0665453
-0.0662844
-0.0653644
-0.0641148
-0.0630987
-0.0629752
-0.063799
-0.0648426
-0.0651447
-0.0642796
-0.0628378
-0.0619041
-0.0621101
-0.063236
-0.0646504
-0.0658587
-0.0667924
-0.0674241
-0.0675202
-0.0668199
-0.0653369
-0.0634695
-0.0618904
-0.0611901
-0.0616707
-0.063085
-0.0648151
-0.0662294
-0.0668885
-0.0665315
-0.0651035
-0.0630713
-0.0615471
-0.0615883
-0.0632223
-0.065433
-0.0669847
-0.0672181
-0.066202
-0.0645268
-0.0628928
-0.0618767
-0.061657
-0.0620826
-0.0627555
-0.0632086
-0.0631262
-0.0627143
-0.0624534
-0.0624946
-0.0625083
-0.0622749
-0.0621513
-0.0626319
-0.0637441
-0.0648701
-0.065433
-0.0652683
-0.0646641
-0.0640874
-0.0638128
-0.0638539
-0.0640462
-0.0643757
-0.0648563
-0.0653095
-0.0653918
-0.0649662
-0.0642384
-0.0635793
-0.063236
-0.063236
-0.063442
-0.0636205
-0.0634695
-0.0630026
-0.062522
-0.0623298
-0.0624808
-0.062934
-0.0635519
-0.064156
-0.0645954
-0.0648975
-0.0652271
-0.0657214
-0.0661745
-0.0662432
-0.0656802
-0.0644444
-0.0628104
-0.0613686
-0.0608468
-0.0615059
-0.0628928
-0.0640599
-0.064211
-0.0633459
-0.0620826
-0.0612725
-0.0613686
-0.0621513
-0.0629202
-0.0630163
-0.0622611
-0.0610116
-0.0598994
-0.0595012
-0.0599955
-0.0609704
-0.061657
-0.0615196
-0.060682
-0.0597209
-0.059103
-0.0590343
-0.0595835
-0.0606546
-0.061808
-0.062371
-0.0618217
-0.0602564
-0.0583477
-0.0570295
-0.056906
-0.0577985
-0.0588695
-0.059611
-0.0599543
-0.059968
-0.0595286
-0.0586773
-0.0579358
-0.0580045
-0.0589794
-0.0602564
-0.0607644
-0.0596934
-0.0571943
-0.0546815
-0.0536929
-0.0546815
-0.0565764
-0.0578946
-0.0579633
-0.0571394
-0.0561507
-0.0554505
-0.0551072
-0.0550797
-0.0552445
-0.0555191
-0.0557114
-0.0556976
-0.0554642
-0.055272
-0.0554642
-0.0560546
-0.0565901
-0.0567
-0.0565215
-0.0564803
-0.0565215
-0.0561233
-0.0549012
-0.0531573
-0.0518392
-0.0518529
-0.0533359
-0.0554779
-0.0570707
-0.0573454
-0.0564666
-0.055217
-0.0544069
-0.0544481
-0.0551209
-0.0557114
-0.0554917
-0.0544069
-0.05302
-0.0519902
-0.0514959
-0.051386
-0.0515233
-0.0519215
-0.0525532
-0.0534182
-0.0544481
-0.0554642
-0.0560821
-0.0559997
-0.055272
-0.0542833
-0.053432
-0.0529651
-0.0528827
-0.05302
-0.0530338
-0.0527317
-0.0521687
-0.0517156
-0.0515645
-0.0517705
-0.0520177
-0.0519353
-0.0513998
-0.0508368
-0.050823
-0.0513723
-0.0518254
-0.0516057
-0.0507681
-0.0497383
-0.0487496
-0.0478846
-0.0475001
-0.0480768
-0.0494911
-0.0509329
-0.0515508
-0.0511389
-0.050109
-0.0489968
-0.0481043
-0.0474452
-0.0470058
-0.047047
-0.047761
-0.0488458
-0.049546
-0.0494362
-0.0489007
-0.0488046
-0.0494774
-0.0503287
-0.050466
-0.0494911
-0.0477747
-0.0461682
-0.0454953
-0.0459347
-0.046841
-0.0473491
-0.0470607
-0.0463741
-0.0459897
-0.0462506
-0.0468547
-0.0472804
-0.0474177
-0.0476374
-0.0481867
-0.0487634
-0.048832
-0.0482004
-0.0471294
-0.045921
-0.0447264
-0.0438339
-0.0436416
-0.0444106
-0.04577
-0.0470332
-0.0475825
-0.0472529
-0.0464016
-0.0457562
-0.0458798
-0.0466213
-0.0472529
-0.047198
-0.0465252
-0.0457562
-0.0452756
-0.0451795
-0.0453718
-0.0457013
-0.0460721
-0.0463879
-0.0466076
-0.046635
-0.0465389
-0.0465938
-0.0472117
-0.0484475
-0.0498069
-0.0505759
-0.0502738
-0.0488458
-0.0466076
-0.0441497
-0.0421861
-0.0414034
-0.0420763
-0.0439574
-0.0462643
-0.0478846
-0.0480768
-0.047047
-0.0458249
-0.0452344
-0.0452619
-0.0454541
-0.0455365
-0.0456738
-0.0460309
-0.0465389
-0.0471019
-0.0476237
-0.0479258
-0.047967
-0.0480082
-0.0484201
-0.0491753
-0.0498619
-0.0499717
-0.0492852
-0.0480082
-0.0467723
-0.0461132
-0.0459897
-0.0458249
-0.0450971
-0.0439163
-0.0427903
-0.0422548
-0.0426255
-0.0438201
-0.0454267
-0.0468273
-0.0475138
-0.0473765
-0.0466625
-0.0456738
-0.0445616
-0.0434357
-0.0423097
-0.0412524
-0.0405247
-0.0405796
-0.0416369
-0.0432846
-0.0447813
-0.0455503
-0.0456327
-0.045413
-0.0452482
-0.0451246
-0.0447264
-0.0436691
-0.0419939
-0.04025
-0.0390829
-0.0386984
-0.0390142
-0.0398656
-0.0410602
-0.0420351
-0.0421999
-0.0413211
-0.0399067
-0.038822
-0.0386709
-0.0394673
-0.0406345
-0.0414584
-0.0416094
-0.0413073
-0.0410602
-0.0412936
-0.0420488
-0.0429276
-0.0433395
-0.0429963
-0.042241
-0.0416643
-0.0414858
-0.0413073
-0.0406345
-0.039536
-0.038465
-0.0379157
-0.038108
-0.0389044
-0.0398656
-0.0405521
-0.041019
-0.0417193
-0.0429139
-0.0442321
-0.0450148
-0.0449461
-0.0443282
-0.0436966
-0.0433807
-0.0432846
-0.0430649
-0.0423921
-0.0413623
-0.0404835
-0.0402088
-0.0406345
-0.0415682
-0.042653
-0.0434494
-0.0435455
-0.0429001
-0.0418566
-0.0409091
-0.0402912
-0.0400715
-0.0401676
-0.0404011
-0.0405384
-0.0404011
-0.0399754
-0.0395223
-0.0393987
-0.0399617
-0.04117
-0.042447
-0.0429276
-0.0421587
-0.0405521
-0.0388357
-0.0375038
-0.0366387
-0.0361993
-0.0361993
-0.036625
-0.0373665
-0.0383277
-0.0394262
-0.0405796
-0.0416369
-0.0426118
-0.0435318
-0.0443282
-0.0447264
-0.044438
-0.0433121
-0.0414309
-0.0393712
-0.0379432
-0.0377235
-0.0386297
-0.0400853
-0.0413348
-0.0418017
-0.0413348
-0.0403324
-0.0394536
-0.0391927
-0.0395635
-0.040305
-0.0411975
-0.0421175
-0.042804
-0.0429139
-0.0423372
-0.0413211
-0.0403187
-0.0395635
-0.0390142
-0.0384238
-0.0375999
-0.0366387
-0.0359522
-0.0359384
-0.0365563
-0.0373665
-0.0378745
-0.038053
-0.0382041
-0.0386297
-0.0392614
-0.039687
-0.0395909
-0.0391241
-0.0387259
-0.0385336
-0.0383277
-0.0379706
-0.0376686
-0.0376686
-0.0379432
-0.0381766
-0.0380256
-0.0372978
-0.0361032
-0.0349361
-0.0343731
-0.0345928
-0.0351969
-0.0356638
-0.0358698
-0.0361719
-0.036831
-0.0376686
-0.0380805
-0.0377647
-0.0370232
-0.0364602
-0.0364053
-0.036776
-0.0371742
-0.0373253
-0.0370095
-0.0361993
-0.0352381
-0.0346752
-0.0349361
-0.0358835
-0.0369271
-0.0376136
-0.0378883
-0.0379569
-0.0379432
-0.0377509
-0.037188
-0.0362542
-0.0352381
-0.0347026
-0.0349223
-0.0356226
-0.0362268
-0.0365014
-0.0367898
-0.0374763
-0.0383551
-0.038822
-0.0385336
-0.037696
-0.0368996
-0.0365975
-0.0368447
-0.0372429
-0.0373939
-0.0372017
-0.0369133
-0.036831
-0.0369271
-0.0370095
-0.036831
-0.0362268
-0.0352244
-0.0341808
-0.0336591
-0.0338925
-0.0345516
-0.0351146
-0.035348
-0.0354304
-0.0355128
-0.0355814
-0.0355402
-0.035348
-0.034991
-0.0345241
-0.0340847
-0.0338925
-0.0340298
-0.0344417
-0.0350047
-0.0355128
-0.0357325
-0.0353892
-0.0343731
-0.0329313
-0.0316131
-0.0309403
-0.0309677
-0.0311188
-0.0308304
-0.0300889
-0.0294573
-0.0293887
-0.0299654
-0.0309265
-0.0319564
-0.0329313
-0.0338513
-0.0346477
-0.0350871
-0.0349361
-0.0341122
-0.032945
-0.0318465
-0.0310089
-0.0303773
-0.0299654
-0.0298006
-0.0299379
-0.03024
-0.0305833
-0.030954
-0.0314071
-0.0318877
-0.0323958
-0.0329725
-0.0335492
-0.0340161
-0.0342358
-0.0340985
-0.0335492
-0.0326979
-0.0317916
-0.03116
-0.0309952
-0.0312424
-0.0317504
-0.0323271
-0.0326841
-0.032588
-0.0321212
-0.0318191
-0.0321624
-0.033
-0.0337002
-0.0338788
-0.0336728
-0.0335355
-0.0336865
-0.0339886
-0.0341396
-0.0340573
-0.0339199
-0.0340023
-0.0343456
-0.0347575
-0.0350596
-0.0350184
-0.0344417
-0.0332883
-0.0319701
-0.0312149
-0.0315719
-0.032794
-0.0340985
-0.0348811
-0.0351283
-0.0351695
-0.0350734
-0.0346477
-0.0337689
-0.0326155
-0.0316131
-0.0310639
-0.0309677
-0.0312286
-0.0318328
-0.0326704
-0.0334668
-0.0339611
-0.0342632
-0.0345653
-0.0349223
-0.0350459
-0.0347987
-0.0341946
-0.0334256
-0.0325468
-0.0316131
-0.030748
-0.0301164
-0.0297182
-0.0294298
-0.0291415
-0.0289493
-0.0290728
-0.0297457
-0.0309952
-0.0326155
-0.0342495
-0.035554
-0.0362268
-0.0360895
-0.0352656
-0.0342495
-0.0335217
-0.0331373
-0.0329313
-0.0328489
-0.033
-0.0332746
-0.0333844
-0.0332334
-0.0330686
-0.0331373
-0.0333707
-0.0334668
-0.0332608
-0.0328352
-0.032437
-0.0323409
-0.0326841
-0.0333158
-0.0337826
-0.0336041
-0.0326429
-0.0312698
-0.0302537
-0.0302263
-0.0311325
-0.0321212
-0.0322997
-0.0314621
-0.03024
-0.0293612
-0.0290454
-0.0291964
-0.0297045
-0.0303361
-0.0306931
-0.0305421
-0.0301988
-0.0301988
-0.0306519
-0.0310776
-0.0310639
-0.0306382
-0.0301851
-0.0301439
-0.0306245
