LECROYHDO9204-MSöv,30454,Waveform
Segments,1,SegmentSize,2002
Ampl
-0.0155064
-0.0150121
-0.014202
-0.0136802
-0.0140372
-0.015273
-0.0166873
-0.0172503
-0.0165363
-0.0150258
-0.0138724
-0.0138724
-0.0148748
-0.0161518
-0.0172365
-0.0180467
-0.0185547
-0.0185135
-0.0177309
-0.0164813
-0.0154103
-0.0150396
-0.0153142
-0.0156025
-0.0152867
-0.0144491
-0.0138999
-0.0145178
-0.0163852
-0.0185135
-0.0195434
-0.0186371
-0.0161243
-0.013433
-0.0121011
-0.0126366
-0.0141196
-0.0151357
-0.0149572
-0.0139548
-0.0129799
-0.0126503
-0.0129936
-0.0135978
-0.0141745
-0.0147237
-0.0152593
-0.0155201
-0.0151082
-0.0140921
-0.0129799
-0.0122384
-0.0118676
-0.0116479
-0.0114694
-0.0114008
-0.0115381
-0.0119226
-0.0126366
-0.0136527
-0.0147375
-0.0155751
-0.0159595
-0.0157948
-0.0152181
-0.0146002
-0.0143255
-0.0144217
-0.0144766
-0.0140234
-0.0131172
-0.0122384
-0.0119363
-0.0124169
-0.0134605
-0.0146002
-0.0152867
-0.0152867
-0.0147787
-0.014202
-0.0139685
-0.0142569
-0.0148473
-0.0151906
-0.0148199
-0.0136802
-0.0122521
-0.0111262
-0.0106181
-0.0107829
-0.0114557
-0.0123894
-0.013282
-0.0140646
-0.0147787
-0.0154515
-0.0158909
-0.0158772
-0.0154515
-0.0148748
-0.0144491
-0.0143942
-0.0148473
-0.0157124
-0.0166461
-0.017264
-0.0174013
-0.0172503
-0.0170443
-0.0168383
-0.0164951
-0.015987
-0.0155201
-0.015273
-0.0152043
-0.0150258
-0.0144079
-0.0133506
-0.0121011
-0.0109202
-0.010165
-0.0102336
-0.0114145
-0.0135017
-0.0158085
-0.01747
-0.017827
-0.0167422
-0.0146276
-0.0123345
-0.010728
-0.010165
-0.0104121
-0.0111124
-0.012156
-0.0134605
-0.0146963
-0.0154652
-0.0155476
-0.0152181
-0.0150121
-0.0153279
-0.0160969
-0.0167148
-0.0166186
-0.0157948
-0.0148473
-0.0143255
-0.014353
-0.0146002
-0.0146688
-0.0143942
-0.0140509
-0.014147
-0.0149984
-0.0163852
-0.0177446
-0.018541
-0.0186234
-0.018184
-0.0174425
-0.0164127
-0.0150121
-0.0133781
-0.0120324
-0.011593
-0.0123482
-0.0140646
-0.0159458
-0.0171679
-0.0174425
-0.0172228
-0.0171542
-0.0176348
-0.0184998
-0.0192138
-0.019255
-0.0184998
-0.0171404
-0.0155613
-0.0142431
-0.0135978
-0.0136115
-0.0137488
-0.0133918
-0.0126366
-0.0121697
-0.0125542
-0.0136115
-0.0149434
-0.0162891
-0.0175798
-0.0186097
-0.0190491
-0.0185685
-0.0170855
-0.0150121
-0.0132408
-0.0126915
-0.013584
-0.0152593
-0.0166186
-0.0167971
-0.0158085
-0.0143942
-0.0134605
-0.0133506
-0.0137214
-0.0140509
-0.0142157
-0.0143255
-0.0144491
-0.0145315
-0.0147375
-0.0152867
-0.0160557
-0.0164813
-0.0161655
-0.0152043
-0.0140509
-0.0131172
-0.0126366
-0.0126366
-0.0129524
-0.0132133
-0.0131446
-0.01287
-0.0126915
-0.0128838
-0.0134467
-0.0141058
-0.0144354
-0.0142431
-0.0138312
-0.0137351
-0.0141196
-0.0144628
-0.014202
-0.013227
-0.0121423
-0.011593
-0.0118402
-0.0125267
-0.0130623
-0.0131172
-0.012925
-0.0129112
-0.0133232
-0.0140509
-0.014916
-0.0156025
-0.0157124
-0.0150258
-0.0137763
-0.0126641
-0.0122109
-0.0124718
-0.0131309
-0.0138724
-0.0145864
-0.0151631
-0.015424
-0.0151769
-0.0144903
-0.0136527
-0.0130623
-0.0128151
-0.0127327
-0.0125267
-0.0122384
-0.0121835
-0.012513
-0.0129799
-0.0131446
-0.0127053
-0.0116754
-0.0105769
-0.0101238
-0.0106318
-0.0116754
-0.0124993
-0.0127876
-0.0127876
-0.0128975
-0.0131721
-0.0133094
-0.0128426
-0.0116617
-0.0100689
-0.00872321
-0.00827008
-0.00879186
-0.00984916
-0.0109202
-0.0117166
-0.0121697
-0.0122521
-0.0120187
-0.0116205
-0.0113871
-0.0115518
-0.0120873
-0.0125817
-0.0127053
-0.0124444
-0.0119912
-0.0115518
-0.0111674
-0.0108927
-0.0109889
-0.0117441
-0.0130211
-0.0142294
-0.0148885
-0.0149022
-0.0144903
-0.0138861
-0.0132682
-0.0127876
-0.0124306
-0.0121285
-0.0119226
-0.0119638
-0.0124306
-0.0131996
-0.0140509
-0.0146002
-0.0144903
-0.0136527
-0.0125817
-0.0119363
-0.0120324
-0.0126229
-0.0132408
-0.0135978
-0.0136939
-0.0136252
-0.0136252
-0.0136939
-0.0137214
-0.0136252
-0.0135154
-0.013584
-0.0137214
-0.013639
-0.0132957
-0.0130485
-0.0132682
-0.0138861
-0.014559
-0.0150258
-0.0152455
-0.0152318
-0.0150258
-0.0148473
-0.0149709
-0.0154378
-0.0159458
-0.0160969
-0.0156163
-0.0144354
-0.0129524
-0.0118539
-0.0117029
-0.0124169
-0.0135429
-0.0144766
-0.0147375
-0.0140784
-0.0125954
-0.010879
-0.00979424
-0.0100002
-0.0115244
-0.0134879
-0.0147649
-0.0146688
-0.0135154
-0.012307
-0.0118539
-0.0124444
-0.01379
-0.0153004
-0.0164951
-0.0171404
-0.01747
-0.0177446
-0.0178407
-0.0174288
-0.0165225
-0.0155888
-0.0151769
-0.0153966
-0.015836
-0.015987
-0.0155613
-0.0146688
-0.0137488
-0.0131309
-0.0129661
-0.0131172
-0.0135017
-0.0139548
-0.0141745
-0.0139411
-0.0135017
-0.0134193
-0.0139823
-0.0148199
-0.0153554
-0.0151906
-0.0144354
-0.0136252
-0.013584
-0.0147649
-0.0167697
-0.0184724
-0.0189804
-0.0181977
-0.0167834
-0.0154515
-0.0147924
-0.0150258
-0.0157536
-0.0162754
-0.0160969
-0.0152867
-0.0143805
-0.0139548
-0.0143667
-0.0155476
-0.0168658
-0.0174151
-0.0167422
-0.0152181
-0.0138037
-0.0134055
-0.0142157
-0.0156575
-0.0168933
-0.0173052
-0.0168933
-0.0162067
-0.0159046
-0.0163303
-0.0173052
-0.018541
-0.0198867
-0.0213559
-0.0230174
-0.0248848
-0.0269308
-0.0291003
-0.0314483
-0.0340985
-0.0372978
-0.0412249
-0.0458935
-0.0510839
-0.0565764
-0.0623435
-0.0687148
-0.0761846
-0.0850137
-0.0950924
-0.105844
-0.116458
-0.126303
-0.135517
-0.144937
-0.1554
-0.167126
-0.179649
-0.192227
-0.2042
-0.215048
-0.224509
-0.232679
-0.240135
-0.247577
-0.255459
-0.263931
-0.272829
-0.281686
-0.289911
-0.297147
-0.303518
-0.309505
-0.315382
-0.320971
-0.325763
-0.329333
-0.331873
-0.334056
-0.336555
-0.339343
-0.341595
-0.342185
-0.340798
-0.338203
-0.335732
-0.334084
-0.332848
-0.331241
-0.328797
-0.325571
-0.321904
-0.318197
-0.314778
-0.311729
-0.308695
-0.305303
-0.301582
-0.297902
-0.294469
-0.291311
-0.288592
-0.286519
-0.284954
-0.283265
-0.280834
-0.27758
-0.274133
-0.271291
-0.26952
-0.268614
-0.268037
-0.267295
-0.266101
-0.264384
-0.262448
-0.260732
-0.259633
-0.25929
-0.25951
-0.259949
-0.260279
-0.260265
-0.259839
-0.259125
-0.258329
-0.257807
-0.257903
-0.258878
-0.260485
-0.262242
-0.263794
-0.265414
-0.267488
-0.270055
-0.272499
-0.274133
-0.274834
-0.275232
-0.276001
-0.277347
-0.278788
-0.279708
-0.279832
-0.279516
-0.279516
-0.280436
-0.282304
-0.284473
-0.286107
-0.286601
-0.286052
-0.285228
-0.285077
-0.286011
-0.28748
-0.288441
-0.288208
-0.286986
-0.28575
-0.285626
-0.287013
-0.289348
-0.29149
-0.292643
-0.292725
-0.292066
-0.291091
-0.29013
-0.28954
-0.289416
-0.289471
-0.289183
-0.288277
-0.287055
-0.286052
-0.28553
-0.285352
-0.285201
-0.284775
-0.284089
-0.283278
-0.282537
-0.281988
-0.281727
-0.281892
-0.282537
-0.283402
-0.283828
-0.283196
-0.281493
-0.279338
-0.277786
-0.277511
-0.278363
-0.279434
-0.279722
-0.278733
-0.276729
-0.274559
-0.2732
-0.273035
-0.273584
-0.273996
-0.273886
-0.273653
-0.273969
-0.274944
-0.276097
-0.276784
-0.276825
-0.27655
-0.276372
-0.27644
-0.276591
-0.276468
-0.275864
-0.274875
-0.273941
-0.273419
-0.273433
-0.273955
-0.274957
-0.276262
-0.277511
-0.278225
-0.278061
-0.276935
-0.275204
-0.273529
-0.272486
-0.272033
-0.271744
-0.271483
-0.271717
-0.273076
-0.275369
-0.277415
-0.277772
-0.275864
-0.272513
-0.269245
-0.267364
-0.267185
-0.268133
-0.269341
-0.270316
-0.271099
-0.271868
-0.272623
-0.273117
-0.273117
-0.272637
-0.271923
-0.271168
-0.270467
-0.269891
-0.269533
-0.269382
-0.269273
-0.268929
-0.268339
-0.267831
-0.267886
-0.268586
-0.26952
-0.270096
-0.270028
-0.269492
-0.268971
-0.268723
-0.268641
-0.268435
-0.267941
-0.267282
-0.266691
-0.266279
-0.266046
-0.266018
-0.266114
-0.266169
-0.266032
-0.265634
-0.265016
-0.264192
-0.263341
-0.26275
-0.262682
-0.26319
-0.263835
-0.263959
-0.26319
-0.261858
-0.260677
-0.2601
-0.2601
-0.260361
-0.260718
-0.261157
-0.261611
-0.261995
-0.262105
-0.261844
-0.261116
-0.260045
-0.258947
-0.25826
-0.258054
-0.25804
-0.25778
-0.257203
-0.25664
-0.256571
-0.257066
-0.257738
-0.258027
-0.257725
-0.256887
-0.255692
-0.254251
-0.252754
-0.251518
-0.250996
-0.251257
-0.251724
-0.251587
-0.250584
-0.249294
-0.248539
-0.248484
-0.24858
-0.24814
-0.247069
-0.246012
-0.245875
-0.246891
-0.248319
-0.248992
-0.248333
-0.246657
-0.2449
-0.24387
-0.243856
-0.244598
-0.245531
-0.246163
-0.246342
-0.246163
-0.245847
-0.245531
-0.245353
-0.245476
-0.245971
-0.246534
-0.246616
-0.245792
-0.24409
-0.24203
-0.240245
-0.239119
-0.238666
-0.238638
-0.238762
-0.238927
-0.239297
-0.240108
-0.241343
-0.242483
-0.242826
-0.241975
-0.240149
-0.238034
-0.236537
-0.236235
-0.237059
-0.238199
-0.238652
-0.237814
-0.235988
-0.234203
-0.233434
-0.233846
-0.234821
-0.235535
-0.2357
-0.235617
-0.23548
-0.235096
-0.233997
-0.232075
-0.229946
-0.228436
-0.227942
-0.228216
-0.228683
-0.22893
-0.228793
-0.228354
-0.227846
-0.227392
-0.227035
-0.226843
-0.226967
-0.227585
-0.228669
-0.229905
-0.230702
-0.230455
-0.229095
-0.22709
-0.225264
-0.224097
-0.223726
-0.224028
-0.224866
-0.225855
-0.226363
-0.225827
-0.224399
-0.222765
-0.221584
-0.221076
-0.221159
-0.221667
-0.222298
-0.222545
-0.221969
-0.220747
-0.219593
-0.219209
-0.219785
-0.22098
-0.222243
-0.223108
-0.223191
-0.222298
-0.220719
-0.219099
-0.218124
-0.217987
-0.218344
-0.218605
-0.218399
-0.217822
-0.217245
-0.216861
-0.216476
-0.215872
-0.215048
-0.214279
-0.213936
-0.214018
-0.214211
-0.214142
-0.213799
-0.213428
-0.213263
-0.213194
-0.212892
-0.212165
-0.211327
-0.210846
-0.210915
-0.21108
-0.210737
-0.20972
-0.208402
-0.207276
-0.206549
-0.206274
-0.206603
-0.207565
-0.208828
-0.209775
-0.209954
-0.209308
-0.208183
-0.206823
-0.205368
-0.203967
-0.203061
-0.203116
-0.203995
-0.204846
-0.204777
-0.203775
-0.202676
-0.202251
-0.202512
-0.202841
-0.20269
-0.201962
-0.200932
-0.199944
-0.199079
-0.198282
-0.197651
-0.197458
-0.197939
-0.198832
-0.199518
-0.199614
-0.199312
-0.199134
-0.199367
-0.199793
-0.199958
-0.199546
-0.198735
-0.197912
-0.197431
-0.197252
-0.197211
-0.197101
-0.196758
-0.196113
-0.195207
-0.194355
-0.194012
-0.194383
-0.195316
-0.196305
-0.196703
-0.196003
-0.194273
-0.192131
-0.190387
-0.189563
-0.189645
-0.190346
-0.191238
-0.191801
-0.19143
-0.19003
-0.188341
-0.187531
-0.1883
-0.19025
-0.192254
-0.193325
-0.193078
-0.191691
-0.189385
-0.186542
-0.183933
-0.182697
-0.183508
-0.185952
-0.188849
-0.190936
-0.191527
-0.19051
-0.188465
-0.186295
-0.184798
-0.184277
-0.184482
-0.184922
-0.185224
-0.185197
-0.184771
-0.183947
-0.182684
-0.181118
-0.179759
-0.179114
-0.179374
-0.180089
-0.180651
-0.180624
-0.180089
-0.179429
-0.179045
-0.178949
-0.178839
-0.178331
-0.177315
-0.176093
-0.175214
-0.17509
-0.175791
-0.176903
-0.177699
-0.177727
-0.177205
-0.176779
-0.176875
-0.177219
-0.177136
-0.176422
-0.175543
-0.175104
-0.175022
-0.174761
-0.174006
-0.173072
-0.172468
-0.172413
-0.172825
-0.173305
-0.17336
-0.172674
-0.17152
-0.170532
-0.170284
-0.170834
-0.17174
-0.172399
-0.172454
-0.172015
-0.171424
-0.170902
-0.170312
-0.169419
-0.168335
-0.167511
-0.16725
-0.167415
-0.167744
-0.168156
-0.168678
-0.169145
-0.169241
-0.168843
-0.16806
-0.167113
-0.166055
-0.164916
-0.163762
-0.162815
-0.162458
-0.162993
-0.16427
-0.165698
-0.166563
-0.166522
-0.165877
-0.165231
-0.164984
-0.164902
-0.1646
-0.16405
-0.163735
-0.163927
-0.164215
-0.164037
-0.163295
-0.16243
-0.161881
-0.161702
-0.161675
-0.161455
-0.160796
-0.159794
-0.158833
-0.158325
-0.158338
-0.158599
-0.15886
-0.159011
-0.15908
-0.159052
-0.158874
-0.158462
-0.15783
-0.157048
-0.156265
-0.155743
-0.155606
-0.155825
-0.156128
-0.156155
-0.155716
-0.155084
-0.154947
-0.155784
-0.15724
-0.158283
-0.157995
-0.15632
-0.153986
-0.151981
-0.151129
-0.151637
-0.152956
-0.153999
-0.153972
-0.152832
-0.151212
-0.149715
-0.148713
-0.148205
-0.148012
-0.147903
-0.147889
-0.148177
-0.148946
-0.150113
-0.151322
-0.152036
-0.151898
-0.150992
-0.149839
-0.14907
-0.148974
-0.149454
-0.150168
-0.150663
-0.150649
-0.150072
-0.149097
-0.147875
-0.146447
-0.144868
-0.143385
-0.142369
-0.141875
-0.141724
-0.141669
-0.141737
-0.142135
-0.142946
-0.143907
-0.144552
-0.144525
-0.143769
-0.142506
-0.141188
-0.140254
-0.139897
-0.13998
-0.140158
-0.140199
-0.140076
-0.139938
-0.13976
-0.139348
-0.138634
-0.137975
-0.137783
-0.138085
-0.138291
-0.137879
-0.13689
-0.135956
-0.135531
-0.135737
-0.136259
-0.136712
-0.136876
-0.136904
-0.137165
-0.137673
-0.137906
-0.137426
-0.136396
-0.135545
-0.135448
-0.136066
-0.136876
-0.137398
-0.13759
-0.137673
-0.1377
-0.137316
-0.136149
-0.134336
-0.132469
-0.131054
-0.130258
-0.130011
-0.130368
-0.131411
-0.132963
-0.134501
-0.135421
-0.135503
-0.135174
-0.135078
-0.135407
-0.135778
-0.135737
-0.135284
-0.134762
-0.134432
-0.134075
-0.133306
-0.131988
-0.130546
-0.129654
-0.12964
-0.130217
-0.130739
-0.130766
-0.13034
-0.129887
-0.129846
-0.130327
-0.131027
-0.131549
-0.131645
-0.13126
-0.130574
-0.129887
-0.129544
-0.12975
-0.130244
-0.130505
-0.130148
-0.129228
-0.128157
-0.127471
-0.12758
-0.128597
-0.130189
-0.131645
-0.132318
-0.132029
-0.131082
-0.129805
-0.128322
-0.126674
-0.125136
-0.124216
-0.124312
-0.125315
-0.126564
-0.127278
-0.127017
-0.12585
-0.124271
-0.122816
-0.121923
-0.121813
-0.122349
-0.12309
-0.123557
-0.123571
-0.123269
-0.122816
-0.122266
-0.121676
-0.121168
-0.120811
-0.12055
-0.120303
-0.120193
-0.120413
-0.120907
-0.121168
-0.120687
-0.119424
-0.118024
-0.117255
-0.117419
-0.118078
-0.118463
-0.118078
-0.117117
-0.116156
-0.115621
-0.11536
-0.114975
-0.11411
-0.112833
-0.111652
-0.111213
-0.111954
-0.113712
-0.115675
-0.116788
-0.116486
-0.115016
-0.113176
-0.111886
-0.111707
-0.112558
-0.113835
-0.114783
-0.114893
-0.114179
-0.11308
-0.112243
-0.112064
-0.112476
-0.113012
-0.113204
-0.112984
-0.1126
-0.112325
-0.112339
-0.11249
-0.112449
-0.111927
-0.110966
-0.109867
-0.109043
-0.108755
-0.109085
-0.109922
-0.110966
-0.11179
-0.112119
-0.112037
-0.111913
-0.111941
-0.111858
-0.111281
-0.110224
-0.109071
-0.108357
-0.10837
-0.10903
-0.10984
-0.110101
-0.109442
-0.108206
-0.107093
-0.106503
-0.106448
-0.106709
-0.107121
-0.107464
-0.10767
-0.107835
-0.108027
-0.10811
-0.107807
-0.107025
-0.105981
-0.104965
-0.104031
-0.10329
-0.102947
-0.10318
-0.103839
-0.104526
-0.105061
-0.105473
-0.105707
-0.105432
-0.104498
-0.103317
-0.102631
-0.102809
-0.1034
-0.103619
-0.103194
-0.102452
-0.101848
-0.10156
-0.101532
-0.101848
-0.102603
-0.103537
-0.104086
-0.103935
-0.103414
-0.103084
-0.103166
-0.103441
-0.103578
-0.103441
-0.102988
-0.102191
-0.101217
-0.100475
-0.100406
-0.101011
-0.101834
-0.102356
-0.102452
-0.102507
-0.10296
-0.103674
-0.10388
-0.102809
-0.100489
-0.097976
-0.0964381
-0.0962733
-0.0969049
-0.0976327
-0.0981545
-0.0985115
-0.0986488
-0.0983467
-0.0974679
-0.0962184
-0.0950375
-0.0943921
-0.0944608
-0.0950512
-0.0956142
-0.0956691
-0.0951473
-0.0944882
-0.0941999
-0.0944608
-0.0951885
-0.096342
-0.0977837
-0.0991019
-0.0996649
-0.0990333
-0.0973443
-0.0951885
-0.0932387
-0.0918793
-0.0912065
-0.0910829
-0.0912339
-0.0915772
-0.0921951
-0.0931151
-0.093939
-0.0941038
-0.0934584
-0.0923736
-0.0914125
-0.0908357
-0.0907671
-0.0912614
-0.0921814
-0.0930327
-0.0933348
-0.0930739
-0.0926071
-0.0922363
-0.0919342
-0.091536
-0.0909731
-0.0902728
-0.0897235
-0.0896823
-0.0903414
-0.0914125
-0.0922089
-0.0921127
-0.0910966
-0.0896549
-0.0884465
-0.0880483
-0.0885289
-0.089545
-0.0904513
-0.0908769
-0.090822
-0.0905062
-0.0900393
-0.0893528
-0.0883229
-0.0871558
-0.0863594
-0.0864692
-0.0875677
-0.0890782
-0.0902453
-0.0908632
-0.0912889
-0.0917969
-0.0921814
-0.0920029
-0.0911516
-0.0899569
-0.0888585
-0.0880758
-0.0874991
-0.0869773
-0.0864418
-0.0859886
-0.0857003
-0.085563
-0.0855355
-0.0856179
-0.0856454
-0.0853982
-0.0848489
-0.0843821
-0.0845881
-0.0856042
-0.0868125
-0.0873618
-0.0868262
-0.0857552
-0.0851098
-0.0854257
-0.0864006
-0.0873068
-0.0876364
-0.0873068
-0.086428
-0.0853845
-0.0847116
-0.0848764
-0.085714
-0.0865516
-0.0868537
-0.086634
-0.0862083
-0.0857689
-0.0852883
-0.0847528
-0.084231
-0.0838603
-0.0836955
-0.0837504
-0.0839701
-0.0842173
-0.0842036
-0.083723
-0.0828442
-0.0819791
-0.081677
-0.0822126
-0.0832973
-0.0842585
-0.0845606
-0.0842036
-0.0836406
-0.0832287
-0.0830914
-0.083311
-0.083929
-0.0847116
-0.0850961
-0.0846842
-0.0836543
-0.0826245
-0.0821576
-0.0824185
-0.0832424
-0.0842722
-0.0850274
-0.0851785
-0.084643
-0.0835033
-0.0818693
-0.0800156
-0.0784914
-0.0779696
-0.0786562
-0.0801529
-0.0814161
-0.0815672
-0.0804412
-0.0787523
-0.0774478
-0.0769947
-0.0773105
-0.0781344
-0.0793015
-0.0806335
-0.0818555
-0.0826382
-0.0826108
-0.081732
-0.0803588
-0.079178
-0.0785738
-0.0783266
-0.0779696
-0.077338
-0.0767613
-0.076624
-0.0770496
-0.0778186
-0.0785326
-0.0789033
-0.0789995
-0.0792192
-0.0797409
-0.0802353
-0.0802078
-0.0795624
-0.0787386
-0.078203
-0.0780383
-0.0779696
-0.0776401
-0.0768986
-0.0758962
-0.0751273
-0.0753058
-0.0768025
-0.0793153
-0.0818555
-0.08316
-0.0825009
-0.0800568
-0.0769947
-0.074784
-0.0742347
-0.0750998
-0.076418
-0.0772556
-0.077132
-0.0762395
-0.0752371
-0.0747428
-0.0748664
-0.0753744
-0.0760198
-0.076775
-0.0776126
-0.0783129
-0.0786424
-0.0785463
-0.0781344
-0.0776126
-0.0771595
-0.0767475
-0.0761022
-0.0751273
-0.0741661
-0.0737541
-0.07407
-0.0747565
-0.0752646
-0.075292
-0.0747291
-0.0737816
-0.072944
-0.0728067
-0.0735207
-0.0745505
-0.0751822
-0.0752096
-0.0748938
-0.0744682
-0.0739464
-0.0733559
-0.0728891
-0.0728341
-0.0731912
-0.073658
-0.0739464
-0.0739876
-0.0739052
-0.0738228
-0.0738365
-0.0739326
-0.0740013
-0.0737953
-0.0731225
-0.0721064
-0.0712413
-0.0710216
-0.0714198
-0.0719965
-0.0724771
-0.0728891
-0.073301
-0.0734795
-0.0731225
-0.0721613
-0.0708431
-0.0695661
-0.0687148
-0.0686049
-0.0691954
-0.0699918
-0.0702939
-0.0697996
-0.0688109
-0.067987
-0.0678635
-0.0686187
-0.0699781
-0.0715022
-0.0728067
-0.0734658
-0.0732186
-0.072024
-0.0703213
-0.0687285
-0.0676026
-0.0669297
-0.0666688
-0.0668199
-0.0672318
-0.0675476
-0.0676026
-0.0675476
-0.0676712
-0.0679047
-0.0680969
-0.0680969
-0.0678772
-0.0674653
-0.0669435
-0.0665727
-0.0665727
-0.0669023
-0.0673142
-0.067479
-0.0672318
-0.0666963
-0.0662569
-0.0663668
-0.0671082
-0.0680282
-0.0684676
-0.0681243
-0.0673966
-0.0668199
-0.0666414
-0.0666002
-0.0663118
-0.065639
-0.0648289
-0.0643345
-0.0645817
-0.0654742
-0.0665865
-0.0674103
-0.0676163
-0.0671082
-0.0660235
-0.0645268
-0.0629202
-0.061657
-0.0611626
-0.0614785
-0.0621238
-0.0624534
-0.0623161
-0.0620414
-0.0619041
-0.0618355
-0.0616982
-0.0616158
-0.0617256
-0.0619453
-0.0619453
-0.061602
-0.0611352
-0.0608743
-0.0610528
-0.0617393
-0.0627417
-0.0637029
-0.0641972
-0.0639638
-0.0631399
-0.0621513
-0.0615746
-0.061657
-0.0621375
-0.0625769
-0.0627829
-0.0627829
-0.0626181
-0.0621513
-0.0613961
-0.0607095
-0.0606271
-0.0614098
-0.0628928
-0.0645405
-0.0656939
-0.0657763
-0.0646916
-0.0630163
-0.0615883
-0.0610116
-0.0613137
-0.062165
-0.0630575
-0.0636068
-0.0637166
-0.0636068
-0.0635519
-0.0635107
-0.0631949
-0.0623435
-0.0611489
-0.0601053
-0.0598032
-0.06038
-0.0615196
-0.0626456
-0.0633734
-0.0636205
-0.063442
-0.062879
-0.0620826
-0.061451
-0.0613686
-0.0618629
-0.0626456
-0.063291
-0.0635107
-0.0631399
-0.0623847
-0.0617119
-0.0613823
-0.0612038
-0.0607095
-0.0597209
-0.0584988
-0.0575651
-0.0573454
-0.0579495
-0.0590618
-0.0600504
-0.0602564
-0.0593227
-0.0574415
-0.0553818
-0.0541735
-0.0543108
-0.0554505
-0.0566451
-0.0573042
-0.0573866
-0.0570845
-0.0565078
-0.055931
-0.05578
-0.0561919
-0.0568098
-0.0572218
-0.0573316
-0.0572767
-0.0571669
-0.0571394
-0.0574003
-0.0579495
-0.0582654
-0.0577436
-0.0564116
-0.055066
-0.054503
-0.0549699
-0.0560821
-0.0572081
-0.0578397
-0.0579633
-0.0579495
-0.0580868
-0.058183
-0.0579495
-0.0575101
-0.0571943
-0.0571257
-0.0571531
-0.0571257
-0.0569609
-0.0565901
-0.0560409
-0.0556152
-0.0556015
-0.0559448
-0.0563155
-0.0562881
-0.0556015
-0.0542558
-0.0527317
-0.0517293
-0.0516606
-0.052306
-0.053226
-0.0541735
-0.0550797
-0.055574
-0.0552857
-0.0542696
-0.0530612
-0.0521275
-0.0516606
-0.0517018
-0.0523197
-0.0534045
-0.0545167
-0.0550797
-0.054709
-0.0535556
-0.0523197
-0.0518254
-0.0523747
-0.0536654
-0.0551484
-0.0562743
-0.0565215
-0.055629
-0.0538851
-0.0521824
-0.0514272
-0.0519902
-0.0534045
-0.0547502
-0.0552033
-0.0545305
-0.0532535
-0.0521275
-0.051592
-0.0515371
-0.0517156
-0.052155
-0.0528965
-0.0536791
-0.0540087
-0.053432
-0.0519765
-0.0501914
-0.0489693
-0.0488869
-0.0498893
-0.0512762
-0.052306
-0.0526218
-0.0524021
-0.0520451
-0.0519627
-0.0522236
-0.0525257
-0.0524159
-0.0518392
-0.0511114
-0.0505347
-0.0500816
-0.0496971
-0.0494499
-0.0494225
-0.0494362
-0.0492302
-0.048832
-0.0484064
-0.0480082
-0.0476511
-0.0475688
-0.0480082
-0.0488458
-0.0496834
-0.0501914
-0.0502875
-0.050109
-0.0499305
-0.049958
-0.0501639
-0.0501502
-0.0497383
-0.0491066
-0.0485711
-0.0481592
-0.0477335
-0.0473079
-0.0470195
-0.047047
-0.0475138
-0.0484887
-0.0497246
-0.0505896
-0.050466
-0.0493126
-0.0477335
-0.0465252
-0.0462094
-0.0466625
-0.0474589
-0.0482141
-0.0489281
-0.049601
-0.0500266
-0.0498756
-0.0492302
-0.0485162
-0.0482278
-0.0485986
-0.049546
-0.0506857
-0.051386
-0.0512487
-0.0504523
-0.0496147
-0.0490929
-0.0487908
-0.0483652
-0.0477335
-0.0470607
-0.0466762
-0.0468685
-0.0476237
-0.0485437
-0.0490517
-0.0489419
