LECROYHDO9204-MSöv,30454,Waveform
Segments,1,SegmentSize,2002
Ampl
-0.0138037
-0.0145864
-0.0151769
-0.015424
-0.0154515
-0.0155339
-0.0157673
-0.0158909
-0.0155888
-0.0149022
-0.0142569
-0.0140234
-0.0142843
-0.014861
-0.015479
-0.0157948
-0.0157124
-0.0153142
-0.0148199
-0.014353
-0.0140372
-0.0138724
-0.0138037
-0.0137351
-0.0136939
-0.01379
-0.0140372
-0.0143393
-0.0147375
-0.0153142
-0.0158772
-0.0160007
-0.0155339
-0.014861
-0.0145727
-0.0149022
-0.0156163
-0.0162479
-0.0165088
-0.0164813
-0.0164264
-0.0163989
-0.0160557
-0.0151769
-0.0139548
-0.0128838
-0.0122796
-0.0121972
-0.0125405
-0.0131035
-0.0135154
-0.0134879
-0.0130348
-0.0124581
-0.0119912
-0.0118127
-0.0122796
-0.0135154
-0.0150945
-0.0162754
-0.0166049
-0.0162204
-0.0155613
-0.0148473
-0.0140921
-0.0132682
-0.0124993
-0.0119226
-0.0118127
-0.0124581
-0.0139548
-0.0158222
-0.0172365
-0.017621
-0.0170168
-0.0159458
-0.015067
-0.0147787
-0.0150807
-0.0156712
-0.0160694
-0.0158634
-0.0149022
-0.0133781
-0.01195
-0.0112497
-0.0114694
-0.0122521
-0.0132408
-0.0142706
-0.0152318
-0.0158772
-0.015987
-0.0155064
-0.0146002
-0.013584
-0.0129387
-0.0130897
-0.0141058
-0.0155201
-0.0165912
-0.0167148
-0.0157398
-0.0141058
-0.0126915
-0.0122933
-0.0129661
-0.0139548
-0.0144354
-0.0142843
-0.0139273
-0.0137488
-0.0137626
-0.0138175
-0.0138724
-0.0139411
-0.0140372
-0.0140372
-0.0138449
-0.0136115
-0.0136527
-0.014202
-0.0149709
-0.0153691
-0.0149709
-0.01379
-0.0121423
-0.0103709
-0.00890171
-0.00809157
-0.00818769
-0.00888798
-0.00953335
-0.00962946
-0.00927245
-0.00895664
-0.00903902
-0.00943723
-0.00978051
-0.00987663
-0.00984916
-0.00993155
-0.0102062
-0.0106318
-0.0111399
-0.0116342
-0.0119088
-0.0117166
-0.0109477
-0.00994528
-0.00919007
-0.00906649
-0.00961573
-0.0105906
-0.0116617
-0.012513
-0.0131172
-0.0134879
-0.0136252
-0.0135017
-0.0134055
-0.0136527
-0.014147
-0.0143393
-0.0138175
-0.0125679
-0.0110987
-0.0100002
-0.00965693
-0.00993155
-0.0103984
-0.010673
-0.0108241
-0.0109751
-0.0110987
-0.0109202
-0.0103984
-0.00983543
-0.00962946
-0.00998648
-0.010879
-0.012005
-0.0128288
-0.0129936
-0.0126503
-0.0123482
-0.0124856
-0.0130073
-0.0135703
-0.0138587
-0.013639
-0.012719
-0.0112497
-0.00976678
-0.00903902
-0.00951961
-0.0109889
-0.0127053
-0.0139136
-0.0142706
-0.0140097
-0.0135703
-0.0131309
-0.0126229
-0.012005
-0.0114969
-0.0113871
-0.0118127
-0.0126091
-0.013433
-0.0138861
-0.0135978
-0.0124856
-0.0109614
-0.00975305
-0.00957454
-0.0106318
-0.012362
-0.0137076
-0.0139411
-0.0133232
-0.0128014
-0.013076
-0.0139685
-0.0148885
-0.0155201
-0.0159321
-0.0161792
-0.0161792
-0.0157398
-0.0149297
-0.0140784
-0.0136939
-0.0139273
-0.0143667
-0.0144354
-0.0140784
-0.013639
-0.0133506
-0.0130485
-0.0125679
-0.0120873
-0.0118814
-0.0120187
-0.0124169
-0.012925
-0.0133369
-0.0134467
-0.0132545
-0.0131035
-0.0134193
-0.014353
-0.01563
-0.0166324
-0.0166598
-0.01563
-0.0144217
-0.014202
-0.0151631
-0.0162891
-0.016344
-0.0150807
-0.013433
-0.0125679
-0.0129936
-0.0142981
-0.0155751
-0.015987
-0.0152455
-0.0134879
-0.0112086
-0.00901156
-0.0076659
-0.00783068
-0.00951961
-0.0118814
-0.0136664
-0.0140646
-0.0132133
-0.0120462
-0.0116205
-0.0123757
-0.0138999
-0.0153004
-0.015987
-0.0159733
-0.0155613
-0.0149709
-0.0142706
-0.0135017
-0.0128151
-0.012307
-0.0120599
-0.0120599
-0.0122384
-0.0126503
-0.0135291
-0.0148473
-0.0160419
-0.0164539
-0.0160419
-0.0154515
-0.015273
-0.0154103
-0.0153142
-0.0146688
-0.0137351
-0.0131721
-0.0135017
-0.0144079
-0.0149434
-0.0144079
-0.0131035
-0.0120187
-0.0119363
-0.0128014
-0.0139273
-0.01471
-0.0150258
-0.0151906
-0.0155751
-0.0161792
-0.0165363
-0.0161518
-0.014916
-0.0132133
-0.0116754
-0.0109065
-0.0112223
-0.0124718
-0.0140921
-0.0153416
-0.0158634
-0.0155888
-0.0146551
-0.0133643
-0.0121697
-0.0115656
-0.0116205
-0.0120599
-0.0126778
-0.0135154
-0.014559
-0.0155064
-0.015987
-0.015781
-0.0149572
-0.0138312
-0.0127876
-0.0122521
-0.0123345
-0.0128288
-0.0134193
-0.0137626
-0.0135291
-0.0124718
-0.0107829
-0.00921753
-0.00857216
-0.00913514
-0.0105769
-0.0121697
-0.0132133
-0.0133232
-0.0126778
-0.0118402
-0.0112497
-0.0110987
-0.0113733
-0.0119363
-0.0125267
-0.0129524
-0.0132408
-0.0134742
-0.0135703
-0.0133369
-0.0128838
-0.0125267
-0.0123757
-0.0121835
-0.0117441
-0.0111811
-0.0107142
-0.0105632
-0.0108653
-0.0115793
-0.0124032
-0.0128975
-0.0128838
-0.0125817
-0.0122247
-0.0118814
-0.0115244
-0.0112497
-0.0112909
-0.0117029
-0.0122796
-0.0125542
-0.0123345
-0.0118265
-0.0115244
-0.0116205
-0.0118814
-0.0119912
-0.0120462
-0.0123345
-0.0129524
-0.0136664
-0.0142981
-0.0149434
-0.0157398
-0.0164676
-0.0167285
-0.0162754
-0.0152593
-0.0141058
-0.0133369
-0.0132957
-0.0138587
-0.014559
-0.0148061
-0.014353
-0.0134055
-0.012513
-0.0122247
-0.0125954
-0.0131309
-0.0132133
-0.0126915
-0.0119226
-0.0114557
-0.0117303
-0.0129387
-0.0147512
-0.0163989
-0.0170718
-0.0166324
-0.0157398
-0.015273
-0.0155751
-0.0162204
-0.0163852
-0.0155888
-0.014202
-0.0131996
-0.013227
-0.0140646
-0.0151219
-0.0161106
-0.0172091
-0.0184861
-0.0196807
-0.0204359
-0.0206556
-0.0203947
-0.0198592
-0.0195846
-0.0202849
-0.0224681
-0.0258872
-0.0296907
-0.0328215
-0.0346614
-0.0352931
-0.0356226
-0.0367074
-0.0390005
-0.0419664
-0.0448362
-0.0474177
-0.050109
-0.0532397
-0.0565764
-0.0596934
-0.0622611
-0.064362
-0.0662569
-0.0679458
-0.0692778
-0.0701703
-0.0709667
-0.0722437
-0.0743308
-0.0770496
-0.0799469
-0.0825284
-0.0842997
-0.0849313
-0.0845331
-0.0835857
-0.0828579
-0.0828305
-0.0836131
-0.0848901
-0.0862083
-0.0871558
-0.0875265
-0.087348
-0.0867164
-0.0857964
-0.084794
-0.0839839
-0.0835719
-0.0835994
-0.0839976
-0.084437
-0.0845469
-0.0839701
-0.0826794
-0.0809767
-0.0794114
-0.078409
-0.0781344
-0.0783404
-0.0784365
-0.0778872
-0.0766377
-0.0750723
-0.0737679
-0.0730264
-0.0728341
-0.0728479
-0.0725733
-0.0717357
-0.0705548
-0.0696073
-0.0693464
-0.0697858
-0.0705548
-0.0712551
-0.0716121
-0.0715434
-0.0711452
-0.0705685
-0.0699643
-0.0693876
-0.0690169
-0.068962
-0.0692503
-0.0697858
-0.0704724
-0.0712963
-0.0722574
-0.0731225
-0.0735894
-0.0735756
-0.0733697
-0.0733285
-0.0735756
-0.0738915
-0.0740974
-0.0741661
-0.0744132
-0.0749625
-0.0756079
-0.0761159
-0.0766102
-0.0774204
-0.0784914
-0.0794251
-0.0799057
-0.0800293
-0.0799332
-0.0794526
-0.0784914
-0.0772281
-0.0760747
-0.075292
-0.0748938
-0.0747565
-0.0748801
-0.0752783
-0.0759374
-0.0766377
-0.076926
-0.0764592
-0.0754156
-0.0746192
-0.0749213
-0.0764043
-0.0782717
-0.0793565
-0.0788896
-0.077132
-0.0751685
-0.07407
-0.0740562
-0.0744819
-0.0747291
-0.0749213
-0.0755255
-0.0766377
-0.0777225
-0.0781207
-0.0776675
-0.0767338
-0.075855
-0.0753058
-0.0750037
-0.0747702
-0.074578
-0.0745231
-0.0746467
-0.0749213
-0.0753058
-0.0755529
-0.0754019
-0.0749625
-0.0748938
-0.0757726
-0.0773105
-0.0784227
-0.0783404
-0.077338
-0.0762669
-0.075704
-0.075649
-0.0758825
-0.076212
-0.0765553
-0.0768437
-0.076981
-0.076926
-0.0767201
-0.0765004
-0.0763631
-0.0763493
-0.0763768
-0.076418
-0.0765553
-0.0768711
-0.0773929
-0.0778735
-0.0779696
-0.0775302
-0.0768574
-0.0765828
-0.0769947
-0.0776813
-0.077846
-0.0772556
-0.0763081
-0.0756765
-0.0755529
-0.0757864
-0.0761983
-0.0767475
-0.0772556
-0.0772556
-0.0763768
-0.0747565
-0.0731912
-0.0725595
-0.0732735
-0.0749076
-0.0764455
-0.0769947
-0.0763219
-0.0748801
-0.0734109
-0.0725046
-0.0723536
-0.072793
-0.0733422
-0.0737129
-0.0738228
-0.0736718
-0.0732461
-0.0726968
-0.072381
-0.0726419
-0.0734109
-0.0741661
-0.074221
-0.0731225
-0.0711315
-0.0692778
-0.0685637
-0.0693464
-0.071104
-0.0729303
-0.07407
-0.0742897
-0.0738365
-0.0732873
-0.0729577
-0.072793
-0.0725183
-0.0721751
-0.0719965
-0.072024
-0.0719416
-0.0716258
-0.0714061
-0.0717631
-0.0727792
-0.0741386
-0.0754019
-0.0762669
-0.076569
-0.0761434
-0.0750586
-0.0736855
-0.0725183
-0.0718592
-0.0717219
-0.0720927
-0.0730676
-0.0744819
-0.075704
-0.0759237
-0.0749076
-0.0732598
-0.0720377
-0.0719004
-0.072793
-0.0740425
-0.0750861
-0.075704
-0.0759374
-0.0758687
-0.0755941
-0.0751685
-0.0745231
-0.0736855
-0.0728891
-0.0725321
-0.072793
-0.0734521
-0.0739738
-0.0737953
-0.072793
-0.0714336
-0.07039
-0.070033
-0.0701428
-0.070239
-0.0700604
-0.0697446
-0.0695661
-0.0695936
-0.0696485
-0.0694288
-0.0688933
-0.0683029
-0.0678772
-0.0676987
-0.0677399
-0.068193
-0.0691817
-0.0704861
-0.0715983
-0.0721613
-0.0721339
-0.0717494
-0.07131
-0.0711177
-0.07131
-0.0716807
-0.0717219
-0.0710903
-0.0700742
-0.0693327
-0.0692366
-0.0695249
-0.069676
-0.0694014
-0.0688384
-0.068193
-0.0675202
-0.0667375
-0.0659823
-0.0658175
-0.0666688
-0.0682891
-0.0697034
-0.0699918
-0.0690443
-0.0675202
-0.066202
-0.0653232
-0.064719
-0.0642522
-0.0641972
-0.0648701
-0.0661196
-0.0672867
-0.0676575
-0.0672456
-0.0666963
-0.06671
-0.0673966
-0.0682205
-0.06855
-0.0682205
-0.0675339
-0.0670396
-0.067122
-0.0679184
-0.0692091
-0.0704587
-0.0710628
-0.070596
-0.069113
-0.0669709
-0.0648289
-0.0633596
-0.062934
-0.0635244
-0.0646229
-0.0655429
-0.0658312
-0.0655566
-0.0651035
-0.0647739
-0.0644856
-0.0641148
-0.0638402
-0.0641011
-0.0651447
-0.0666414
-0.0678223
-0.0679047
-0.0666688
-0.0647465
-0.0632498
-0.062879
-0.0633596
-0.0639226
-0.0640599
-0.0638677
-0.0637716
-0.0640325
-0.0646778
-0.065488
-0.0661745
-0.0666826
-0.0670533
-0.0672044
-0.0669435
-0.0663668
-0.0659686
-0.0660509
-0.0663256
-0.0662706
-0.0656802
-0.0646916
-0.0636068
-0.0626731
-0.0621238
-0.0620414
-0.0623572
-0.0628928
-0.0635656
-0.0642933
-0.0649799
-0.0655017
-0.0657489
-0.0656115
-0.0649799
-0.0639226
-0.062728
-0.0617668
-0.061451
-0.0620414
-0.0633322
-0.0644856
-0.0644719
-0.0630438
-0.0611077
-0.0599955
-0.0602564
-0.0614373
-0.0626593
-0.0633596
-0.0633871
-0.0629477
-0.0625358
-0.0623847
-0.0622749
-0.061657
-0.0603937
-0.0590206
-0.0583065
-0.0586224
-0.0596247
-0.0606683
-0.0613411
-0.0616707
-0.0617805
-0.0616982
-0.0613686
-0.0609017
-0.0606683
-0.0608331
-0.0611352
-0.0610665
-0.0602564
-0.0588009
-0.0572904
-0.0564528
-0.0565764
-0.0572767
-0.0578809
-0.0581418
-0.0583752
-0.058897
-0.0594188
-0.0594325
-0.0588283
-0.057977
-0.0573179
-0.0569746
-0.0568648
-0.0570295
-0.0575788
-0.0584576
-0.0594188
-0.0601053
-0.0602976
-0.0600367
-0.0596659
-0.059611
-0.0601053
-0.0610802
-0.062014
-0.0622474
-0.0613549
-0.0596522
-0.0580045
-0.0570021
-0.0566313
-0.0564391
-0.0561507
-0.0556839
-0.0551209
-0.0544481
-0.0536105
-0.0525532
-0.0515233
-0.0511251
-0.0517293
-0.0531024
-0.0545167
-0.0553406
-0.0555191
-0.0553131
-0.0550523
-0.05486
-0.0546815
-0.0543108
-0.0536517
-0.0529376
-0.0526081
-0.052869
-0.0534045
-0.0536929
-0.0535281
-0.0531573
-0.0529514
-0.053075
-0.0534182
-0.0536105
-0.053432
-0.0531436
-0.0534045
-0.0545305
-0.0561096
-0.0574003
-0.0578946
-0.0575239
-0.056494
-0.0551621
-0.0540087
-0.0535281
-0.0539675
-0.0551346
-0.0563293
-0.0566176
-0.0555878
-0.0538027
-0.0523747
-0.0520177
-0.0525806
-0.0534457
-0.0540499
-0.053995
-0.0532123
-0.0521
-0.0512487
-0.0510839
-0.0514821
-0.0521138
-0.0527866
-0.0536105
-0.0545442
-0.0552582
-0.0552033
-0.0542696
-0.05302
-0.0523335
-0.0525394
-0.0531985
-0.0536105
-0.0534594
-0.0528827
-0.0520863
-0.0513723
-0.0512213
-0.0521687
-0.0540499
-0.0557663
-0.0561096
-0.0548188
-0.0528553
-0.0513723
-0.0508642
-0.0511251
-0.0516606
-0.0520589
-0.0521
-0.0518803
-0.0516606
-0.0516469
-0.0519353
-0.0524296
-0.0529102
-0.0531711
-0.0531573
-0.0529514
-0.0526493
-0.0522374
-0.0517842
-0.0514272
-0.0511938
-0.0509604
-0.0507132
-0.0506033
-0.0506171
-0.0505484
-0.050466
-0.050823
-0.0517568
-0.0527042
-0.0528141
-0.0519353
-0.0507407
-0.0500541
-0.0500678
-0.0502463
-0.0499031
-0.0488732
-0.0475688
-0.0465938
-0.0463192
-0.0466488
-0.0472117
-0.0475413
-0.0473765
-0.0468273
-0.0465115
-0.0470332
-0.048324
-0.0496971
-0.0505622
-0.050878
-0.0509741
-0.0508917
-0.0505347
-0.0499168
-0.0493675
-0.0492165
-0.0495186
-0.0500404
-0.0504111
-0.050315
-0.0497383
-0.0489693
-0.048324
-0.0478983
-0.047761
-0.0479395
-0.0483377
-0.0487084
-0.0488732
-0.0488595
-0.0487634
-0.048475
-0.0479944
-0.047555
-0.0474864
-0.0478296
-0.0482416
-0.0484613
-0.0484475
-0.0483789
-0.0484887
-0.0489556
-0.049752
-0.0506171
-0.0511801
-0.0513311
-0.0512075
-0.0510016
-0.0506857
-0.050109
-0.0493263
-0.0486261
-0.0484064
-0.0488183
-0.0495323
-0.0499717
-0.0498893
-0.0494225
-0.0488869
-0.0484338
-0.0481455
-0.0481317
-0.0483926
-0.0485849
-0.0483102
-0.0474452
-0.0462506
-0.045207
-0.0446715
-0.0447127
-0.0450697
-0.0454541
-0.0456601
-0.0456464
-0.0455365
-0.0455915
-0.0460858
-0.046992
-0.0478434
-0.0479395
-0.0470195
-0.0455777
-0.0444655
-0.0441222
-0.0443694
-0.0447127
-0.0447401
-0.0443831
-0.0438613
-0.0435181
-0.0435318
-0.0439437
-0.0446028
-0.0452207
-0.0454679
-0.0453031
-0.0451521
-0.0453718
-0.0457837
-0.0458661
-0.0454267
-0.0448774
-0.0446989
-0.0449324
-0.0451658
-0.0449873
-0.0443145
-0.0433121
-0.0423372
-0.0416918
-0.041582
-0.0421312
-0.0433533
-0.0450422
-0.0465664
-0.0471019
-0.0462094
-0.044136
-0.041733
-0.0397969
-0.0387945
-0.0388906
-0.0397969
-0.0409366
-0.041733
-0.0419115
-0.0415682
-0.0409091
-0.0400715
-0.0391927
-0.0384512
-0.0381903
-0.0385611
-0.0395085
-0.0406482
-0.0415408
-0.0420488
-0.0424333
-0.04301
-0.04393
-0.0449598
-0.0456464
-0.0455228
-0.044493
-0.0431198
-0.04209
-0.0416643
-0.0414996
-0.0412661
-0.0411151
-0.0413211
-0.0418154
-0.042296
-0.0424745
-0.0422548
-0.0416643
-0.0409229
-0.0404148
-0.0405384
-0.0412936
-0.0421449
-0.0422685
-0.0412936
-0.0395909
-0.0382315
-0.0380805
-0.0392614
-0.0410739
-0.0425569
-0.0429963
-0.0423234
-0.0411288
-0.0402088
-0.0399617
-0.0401539
-0.04025
-0.0400166
-0.0396596
-0.039385
-0.0393026
-0.0394536
-0.0398381
-0.0403187
-0.0407443
-0.0411837
-0.0418978
-0.0427903
-0.0434769
-0.0436279
-0.0433121
-0.0428864
-0.0425981
-0.0424745
-0.0423509
-0.0419939
-0.0413348
-0.0405796
-0.0401127
-0.0401676
-0.0407855
-0.0416918
-0.0424882
-0.0427354
-0.0421999
-0.0411975
-0.0405658
-0.041019
-0.0424882
-0.0439986
-0.044493
-0.0437515
-0.042447
-0.041527
-0.0414996
-0.0420351
-0.0425294
-0.0426118
-0.0424196
-0.042241
-0.0421999
-0.0422136
-0.0421724
-0.0419802
-0.041582
-0.0411563
-0.0410052
-0.0412387
-0.0416781
-0.0418703
-0.0414172
-0.0402363
-0.038616
-0.0371742
-0.0365701
-0.0368722
-0.0375862
-0.0380942
-0.0381492
-0.0379706
-0.0378883
-0.038053
-0.0382041
-0.0379844
-0.0372841
-0.0364053
-0.035911
-0.0362268
-0.0373116
-0.0388357
-0.04025
-0.0409915
-0.0407993
-0.040099
-0.0396596
-0.0397282
-0.039742
-0.0390829
-0.0377921
-0.0365838
-0.0360483
-0.0361169
-0.0361307
-0.0355814
-0.0345516
-0.0336591
-0.0334119
-0.0338238
-0.0345516
-0.0354166
-0.0363366
-0.0370232
-0.0370919
-0.0365563
-0.0357874
-0.0349361
-0.0338513
-0.0326841
-0.0319976
-0.0322997
-0.0335217
-0.035142
-0.036625
-0.0377372
-0.0384375
-0.0387121
-0.038616
-0.0382865
-0.0379844
-0.0379569
-0.0380668
-0.0379432
-0.0373665
-0.0364877
-0.0356363
-0.0350184
-0.0347026
-0.0347575
-0.0351695
-0.0357325
-0.0361169
-0.0361856
-0.0361169
-0.036268
-0.036831
-0.0378059
-0.0389181
-0.0397832
-0.0401402
-0.04025
-0.040607
-0.0414309
-0.0424058
-0.0428727
-0.0424882
-0.041376
-0.0399479
-0.0384787
-0.0370369
-0.0356775
-0.0346477
-0.034277
-0.0346889
-0.0355677
-0.0362405
-0.0362268
-0.0354716
-0.0343868
-0.0336179
-0.0337277
-0.0348811
-0.0366525
-0.038259
-0.0390005
-0.0386984
-0.0376411
-0.0363916
-0.035499
-0.0351832
-0.0353755
-0.0359522
-0.036982
-0.0384924
-0.0400303
-0.0407993
-0.0404148
-0.0393163
-0.0383551
-0.0379844
-0.0380118
-0.0378745
-0.0372841
-0.0365014
-0.0360483
-0.036268
-0.0368172
-0.0370095
-0.0364053
-0.0353892
-0.0348674
-0.0354166
-0.0367486
-0.0379706
-0.0383139
-0.0377235
-0.0368584
-0.0364602
-0.0368172
-0.0375999
-0.0383551
-0.0388769
-0.0391515
-0.0391653
-0.038822
-0.0381629
-0.0373527
-0.036625
-0.036062
-0.0356226
-0.0351558
-0.0347301
-0.0346202
-0.0351695
-0.0363366
-0.0375313
-0.0381492
-0.0379981
-0.0373939
-0.0368447
-0.0367211
-0.0370095
-0.0374351
-0.0376274
-0.0375038
-0.0371605
-0.0367348
-0.0363778
-0.0362542
-0.0365151
-0.037188
-0.0380805
-0.0388769
-0.0392202
-0.038973
-0.0382453
-0.0374626
-0.0371056
-0.0372292
-0.0373802
-0.0371468
-0.0364602
-0.0356501
-0.0351558
-0.0352381
-0.0358286
-0.0366525
-0.0372429
-0.0373802
-0.0372017
-0.0369957
-0.0369133
-0.0368996
-0.0368584
-0.0368172
-0.0367348
-0.0364877
-0.0358698
-0.0348537
-0.0337826
-0.0332471
-0.0336453
-0.0347438
-0.0358972
-0.0365563
-0.0366387
-0.0364053
-0.0360895
-0.035911
-0.0359659
-0.0361719
-0.0363229
-0.0363641
-0.0362817
-0.0359247
-0.0352244
-0.0343731
-0.033865
-0.0340435
-0.0347164
-0.0352519
-0.0351008
-0.0341946
-0.0329725
-0.0321486
-0.0321212
-0.0326979
-0.0334531
-0.0343044
-0.0354304
-0.0368172
-0.0379157
-0.0380668
-0.0370369
-0.0353205
-0.0337689
-0.0330686
-0.0332608
-0.033865
-0.0343319
-0.0344967
-0.0346202
-0.0349361
-0.0353205
-0.0354578
-0.0351969
-0.0346614
-0.0340847
-0.0337002
-0.0338238
-0.034634
-0.0358423
-0.0368447
-0.0371193
-0.0366936
-0.0360345
-0.0355814
-0.0354166
-0.0353205
-0.0351695
-0.0350871
-0.035142
-0.0352931
-0.0353205
-0.035142
-0.0347713
-0.0341534
-0.0332197
-0.0321212
-0.0312286
-0.0306931
-0.0303636
-0.0301164
-0.0301576
-0.0309403
-0.0325331
-0.0344692
-0.0359796
-0.0365563
-0.0362131
-0.0354441
-0.0346065
-0.0337552
-0.0328626
-0.0322997
-0.0326018
-0.0338101
-0.0352656
-0.0361856
-0.0363366
-0.0360757
-0.0358698
-0.0357462
-0.0352244
-0.0339337
-0.03208
-0.030391
-0.0296221
-0.0299928
-0.0310639
-0.0321212
-0.0325606
-0.0320525
-0.0307892
-0.0295122
-0.029169
-0.0301713
-0.0320937
-0.033865
-0.034428
-0.0334256
-0.0312836
-0.0289767
-0.027329
-0.0266699
-0.0268072
-0.02748
-0.0282764
-0.0287982
-0.0287021
-0.0280018
-0.0271367
-0.0266561
-0.0267935
-0.0274251
-0.0282352
-0.028963
-0.029526
-0.0298967
-0.0300889
-0.0302125
-0.0305009
-0.0310639
-0.0315444
-0.0313659
-0.0303224
-0.0288943
-0.0279881
-0.0281254
-0.0291964
-0.030597
-0.0316955
-0.0320937
-0.0317916
-0.0311325
-0.030446
-0.029883
-0.029471
-0.0293475
-0.0296084
-0.0300752
-0.0303224
-0.0300066
-0.029114
-0.0279469
-0.0270681
-0.0271505
-0.0284961
-0.0305146
-0.0321349
-0.0326018
-0.0319976
-0.0309265
-0.0298555
-0.0290866
-0.0287021
-0.0288119
-0.0294573
-0.0305833
-0.031874
-0.0328489
-0.0330961
-0.0326018
-0.0316818
-0.0308442
-0.0304597
-0.0305283
-0.0306382
-0.0302674
-0.0293475
-0.0283451
-0.0276723
-0.0272878
-0.0269445
-0.0267385
-0.0270132
-0.0279743
-0.0293612
-0.0305833
-0.0311325
-0.0307892
-0.0298281
-0.0289767
-0.0288119
-0.0292513
-0.0296358
-0.0295672
-0.0292788
-0.0292651
-0.029677
-0.0301027
-0.030034
-0.029471
-0.0290042
-0.0293749
-0.0306931
-0.0322722
-0.033151
-0.0328489
-0.0316268
-0.0303224
-0.0295672
-0.0294436
-0.0294848
-0.0291278
-0.0283176
-0.0275624
-0.0273427
-0.0275349
-0.0275761
-0.0271917
-0.0265738
-0.0260657
-0.0257499
-0.0257087
-0.0260794
-0.0270406
-0.0284275
-0.0298967
-0.0308579
-0.030803
-0.0296084
-0.0278645
-0.0265188
-0.026203
-0.0268347
-0.0279331
-0.028963
-0.0294848
-0.0291415
-0.0278508
-0.0261069
-0.0247475
-0.0245141
-0.0255988
-0.0274937
-0.0292788
-0.0302812
-0.030446
-0.0302263
-0.0302125
-0.0305695
-0.0310089
-0.0309403
-0.0300203
-0.0285373
-0.0273015
-0.026972
-0.0275487
-0.0283588
-0.0288531
-0.0290591
-0.0292788
-0.0296084
-0.0299516
-0.0301713
-0.0302537
-0.0301851
-0.0297457
-0.0286334
-0.0266699
-0.0242257
-0.022166
-0.0213834
-0.0221798
-0.024006
-0.0259696
-0.0272603
-0.0275075
-0.0267248
-0.0254341
-0.0241708
-0.0232371
-0.0226192
-0.0223583
-0.022578
-0.0232371
-0.0239923
-0.0245278
-0.0246926
-0.024569
-0.0242806
-0.0239786
-0.0237314
-0.0234842
-0.0230998
-0.0226192
-0.0222759
-0.0221935
-0.0224819
-0.0231822
-0.0242257
-0.0252418
-0.0257911
-0.0258735
-0.0257362
-0.0255714
-0.0251869
-0.0243218
-0.0230998
-0.0220287
-0.0215893
-0.0219601
-0.0227702
-0.0234568
-0.0237314
-0.0238412
-0.0241983
-0.0248711
-0.025489
-0.0258872
-0.026203
-0.0267248
-0.0274663
-0.0281254
-0.0282627
-0.0276448
-0.0264364
-0.0252556
-0.02472
-0.0249123
-0.0252556
-0.0251457
-0.0241983
-0.0226741
-0.0213284
-0.0211911
-0.022729
-0.0253379
-0.0276448
-0.0284687
-0.0274388
-0.0251045
-0.0225642
-0.0208753
-0.020381
-0.0208067
-0.0214795
-0.0220425
-0.0225917
-0.0234705
-0.0247475
-0.0259284
-0.0262854
-0.0254203
-0.0236627
-0.0218777
-0.0207929
-0.0206693
-0.0213696
-0.0225093
-0.0235254
-0.0238687
-0.0233195
-0.0223308
-0.021658
-0.0219601
-0.0232233
-0.0248848
-0.026203
-0.0266973
-0.0263403
-0.0253929
-0.0241571
-0.0228526
-0.0218228
-0.021452
-0.0218228
-0.0226329
-0.0235666
-0.0245553
-0.0254753
-0.0258872
-0.0253379
-0.024006
-0.0226741
-0.0220837
-0.0222484
-0.022578
-0.0225231
-0.0220699
-0.0215481
-0.0212872
-0.0213147
-0.0215893
-0.0220425
-0.0225505
-0.022729
-0.0222347
-0.021095
-0.0198592
-0.0190628
-0.0188431
-0.0189529
-0.0191589
-0.0192962
-0.019255
-0.0190903
-0.0191452
-0.0198867
-0.0213422
-0.0230586
-0.0244317
-0.0252144
-0.0254066
-0.0251732
-0.0245415
-0.0234293
-0.0219738
-0.020738
-0.020381
-0.0211637
-0.0226741
-0.0241296
-0.0249123
-0.0248574
-0.0241571
-0.023141
-0.0220699
-0.021095
-0.020381
-0.0200377
-0.0201201
-0.0205595
-0.0212049
-0.0217541
-0.0219326
-0.0215069
-0.0205046
-0.019255
-0.0183625
-0.0182664
-0.0188843
-0.0197082
-0.020381
-0.020944
-0.0215481
-0.022166
-0.0226466
-0.0229213
-0.0228526
-0.0224132
-0.0217129
-0.0212049
-0.0212323
-0.0215207
-0.0214795
-0.0206419
-0.0192413
-0.0179506
-0.0173601
-0.0175524
-0.0181291
-0.0185685
-0.0186646
-0.0185273
-0.018335
-0.0182115
-0.01839
-0.0191589
-0.0204908
-0.0219463
-0.0228801
-0.022935
-0.0222484
-0.0212735
-0.0205595
-0.020381
-0.0206007
-0.0207929
-0.0207243
-0.0204085
-0.0199553
-0.0194061
-0.0188431
-0.0185273
-0.0186097
-0.0189941
-0.0192001
-0.0187744
-0.0176897
-0.0166049
-0.0163715
-0.0173327
-0.0190628
-0.0206968
-0.0215619
-0.0215207
-0.0209028
-0.0201476
-0.0195846
-0.0192413
-0.0189667
-0.0186371
-0.0183076
-0.0182252
-0.0186646
-0.0195434
-0.0204222
-0.0208204
-0.0206144
-0.0201201
-0.0197631
-0.0195708
-0.0192688
-0.0187195
-0.018184
-0.0182389
