LECROYHDO9204-MSöv,30454,Waveform
Segments,1,SegmentSize,2002
Ampl
-0.0121835
-0.0125679
-0.0127327
-0.0128014
-0.0128014
-0.0125267
-0.0118814
-0.0111536
-0.0109889
-0.011593
-0.0124856
-0.0129799
-0.0129387
-0.0127876
-0.0129387
-0.0132545
-0.0133369
-0.0130897
-0.0129799
-0.0135017
-0.0146139
-0.0155476
-0.0155339
-0.014504
-0.0132682
-0.0126366
-0.0128563
-0.0135703
-0.0142431
-0.014504
-0.0142431
-0.0137351
-0.0134879
-0.0138175
-0.0146002
-0.0153554
-0.0157673
-0.0156849
-0.0151357
-0.0142569
-0.013433
-0.0130211
-0.0131172
-0.0134605
-0.0137626
-0.0139685
-0.0141745
-0.0144217
-0.0146276
-0.0145727
-0.013996
-0.0128426
-0.0114832
-0.0104945
-0.0102748
-0.0108241
-0.0118127
-0.0128014
-0.0133094
-0.0131035
-0.0124032
-0.0116479
-0.0112635
-0.0113321
-0.0116479
-0.0118402
-0.0116754
-0.0112909
-0.0111124
-0.0114694
-0.0121697
-0.0128563
-0.0133232
-0.0135703
-0.0135429
-0.0131309
-0.0125954
-0.0124444
-0.0129799
-0.0138312
-0.0144491
-0.0145178
-0.0142294
-0.0139273
-0.0139548
-0.0144079
-0.0150945
-0.0155064
-0.0153828
-0.0148336
-0.0142843
-0.0140921
-0.0143667
-0.0148885
-0.0153554
-0.0155339
-0.015424
-0.0150258
-0.0142843
-0.0132133
-0.0121697
-0.0116617
-0.0119363
-0.0127464
-0.0136802
-0.0143942
-0.0147924
-0.0149846
-0.0152043
-0.0155201
-0.0156849
-0.015479
-0.0149709
-0.0144628
-0.014147
-0.0139136
-0.0137076
-0.0136527
-0.0138312
-0.0140921
-0.014147
-0.0138449
-0.0133643
-0.0130485
-0.0132682
-0.0142569
-0.0157536
-0.0171404
-0.0177171
-0.0171679
-0.0157536
-0.0140097
-0.0124169
-0.0112086
-0.0104808
-0.0103023
-0.0107554
-0.0118127
-0.0131446
-0.0142294
-0.0146551
-0.0145452
-0.0143667
-0.0144354
-0.0148199
-0.0152593
-0.0153416
-0.0147512
-0.0136939
-0.0126503
-0.0120324
-0.0119226
-0.0123482
-0.0131858
-0.0142157
-0.015067
-0.0154652
-0.0152867
-0.0145864
-0.0136527
-0.0129524
-0.0128014
-0.0130623
-0.013282
-0.0133232
-0.0135703
-0.0144903
-0.0160557
-0.0177309
-0.0187195
-0.0184449
-0.0169207
-0.014861
-0.0132133
-0.012513
-0.0125405
-0.0127739
-0.01287
-0.0128838
-0.012925
-0.0130348
-0.0131858
-0.0133094
-0.0132682
-0.0130211
-0.0126091
-0.0122659
-0.012307
-0.012925
-0.0138861
-0.0146963
-0.0151082
-0.0153554
-0.0158085
-0.0164264
-0.0167285
-0.0163989
-0.015479
-0.0142981
-0.0132408
-0.0126915
-0.0127053
-0.0129387
-0.0129112
-0.0125405
-0.0122247
-0.0123345
-0.0128975
-0.0135429
-0.01379
-0.013433
-0.0127602
-0.0124718
-0.0129112
-0.0137214
-0.014202
-0.0140234
-0.0135566
-0.0132682
-0.0132408
-0.013282
-0.013076
-0.012362
-0.0111262
-0.00993155
-0.00953335
-0.010165
-0.0113321
-0.0125542
-0.0136664
-0.0146551
-0.015273
-0.0152867
-0.0147787
-0.0141745
-0.0139136
-0.0141608
-0.0146688
-0.0149297
-0.014559
-0.0138449
-0.0135291
-0.013996
-0.0149022
-0.0155201
-0.0154103
-0.0146276
-0.0135429
-0.0126641
-0.012362
-0.0127053
-0.0135291
-0.0146139
-0.0156987
-0.0164127
-0.0163852
-0.0157124
-0.0149297
-0.0146139
-0.0148885
-0.0155888
-0.0164813
-0.0174425
-0.0183076
-0.0187882
-0.0185547
-0.0175249
-0.0159046
-0.0142294
-0.0130073
-0.0124718
-0.0126091
-0.0133506
-0.0143805
-0.0150807
-0.0148336
-0.0137214
-0.0126778
-0.0126366
-0.0138175
-0.0156849
-0.0174425
-0.01839
-0.0181703
-0.0168795
-0.015067
-0.0133918
-0.0122109
-0.0115656
-0.0114145
-0.0117303
-0.012513
-0.0136252
-0.0147237
-0.0152181
-0.0145864
-0.0129799
-0.0111536
-0.0101238
-0.0104121
-0.0118265
-0.0135566
-0.0146825
-0.0147237
-0.0139685
-0.0131584
-0.0127602
-0.0127053
-0.0127464
-0.0127053
-0.0124993
-0.0120736
-0.0116617
-0.0116891
-0.0124718
-0.0137214
-0.0147649
-0.0150258
-0.0146139
-0.014147
-0.0142157
-0.0147375
-0.0150533
-0.0146825
-0.0138999
-0.0132682
-0.0129936
-0.0128563
-0.0126229
-0.012307
-0.0121423
-0.0124032
-0.0133918
-0.015067
-0.0167971
-0.0177034
-0.0173464
-0.0160282
-0.0144766
-0.0133369
-0.013076
-0.0135703
-0.014202
-0.0142294
-0.0135154
-0.0125405
-0.0118127
-0.0115518
-0.0118676
-0.0127602
-0.0139273
-0.0148473
-0.0152867
-0.015273
-0.0148748
-0.0140921
-0.0131721
-0.0125954
-0.0126091
-0.0128975
-0.0130348
-0.0129524
-0.0128563
-0.012925
-0.0131996
-0.0135291
-0.0136527
-0.0132957
-0.0124444
-0.0115106
-0.011085
-0.0116068
-0.0129936
-0.014504
-0.0150945
-0.0140921
-0.0118814
-0.0096432
-0.00859962
-0.00910768
-0.0106456
-0.012307
-0.0133918
-0.0137214
-0.0136802
-0.0137488
-0.0140509
-0.0143118
-0.0143118
-0.0140372
-0.013584
-0.0130211
-0.0126503
-0.0127327
-0.013282
-0.0138587
-0.0140509
-0.0137763
-0.0132682
-0.0128838
-0.0128838
-0.0133643
-0.014147
-0.0149984
-0.0158085
-0.0163166
-0.0161655
-0.0151769
-0.0138037
-0.0127876
-0.0124581
-0.0124444
-0.0123345
-0.0120599
-0.0120873
-0.0128288
-0.0141745
-0.0154378
-0.0158772
-0.0153554
-0.0144766
-0.0140372
-0.0142431
-0.0146551
-0.0147649
-0.0144766
-0.0140097
-0.013584
-0.0133232
-0.0133506
-0.0137488
-0.0144079
-0.0150258
-0.0151631
-0.014559
-0.0134879
-0.0126778
-0.0126366
-0.0131996
-0.0138587
-0.014504
-0.0154378
-0.0167422
-0.017978
-0.0185822
-0.0185685
-0.0185547
-0.019255
-0.0208616
-0.0228663
-0.0245553
-0.0255851
-0.0261618
-0.0268072
-0.0280293
-0.0303086
-0.0341396
-0.0396047
-0.0460446
-0.0524296
-0.0581143
-0.0633596
-0.0690169
-0.0756353
-0.0830639
-0.0905749
-0.0974404
-0.103523
-0.109249
-0.115167
-0.12147
-0.128185
-0.135339
-0.142904
-0.150745
-0.158627
-0.166426
-0.174033
-0.181366
-0.188382
-0.195124
-0.201578
-0.207633
-0.213318
-0.218701
-0.223671
-0.227804
-0.230935
-0.233407
-0.235878
-0.238721
-0.241742
-0.244543
-0.246671
-0.247783
-0.247893
-0.24744
-0.246891
-0.246534
-0.246328
-0.246136
-0.245779
-0.244941
-0.243307
-0.240904
-0.238226
-0.235865
-0.234025
-0.232377
-0.230606
-0.228724
-0.226981
-0.225374
-0.223534
-0.221035
-0.21789
-0.214485
-0.211203
-0.208114
-0.205258
-0.202841
-0.201083
-0.199958
-0.19912
-0.1982
-0.197184
-0.196346
-0.195921
-0.195948
-0.196044
-0.195756
-0.194767
-0.193325
-0.192035
-0.191403
-0.191485
-0.192199
-0.193463
-0.19511
-0.196758
-0.198008
-0.198681
-0.198749
-0.198241
-0.197555
-0.197294
-0.197898
-0.199285
-0.201111
-0.203075
-0.204983
-0.206645
-0.207908
-0.208663
-0.20891
-0.208828
-0.208773
-0.209254
-0.210476
-0.212082
-0.213387
-0.213867
-0.21351
-0.212782
-0.212384
-0.212769
-0.213785
-0.214842
-0.215501
-0.215735
-0.215748
-0.215529
-0.214856
-0.213675
-0.212261
-0.211258
-0.211148
-0.211904
-0.213057
-0.214046
-0.214691
-0.215103
-0.215405
-0.215611
-0.215762
-0.215872
-0.215927
-0.215899
-0.215776
-0.215433
-0.214622
-0.213181
-0.211368
-0.209789
-0.208979
-0.209103
-0.209954
-0.211121
-0.212068
-0.212261
-0.211341
-0.209418
-0.207139
-0.205423
-0.204887
-0.20545
-0.206356
-0.206878
-0.206741
-0.206274
-0.206095
-0.206603
-0.207578
-0.20832
-0.208224
-0.207345
-0.206137
-0.204887
-0.203638
-0.202566
-0.202237
-0.203088
-0.204805
-0.206549
-0.207523
-0.207496
-0.206713
-0.205642
-0.204873
-0.204736
-0.205175
-0.205725
-0.205834
-0.205189
-0.203981
-0.202827
-0.202319
-0.202594
-0.203322
-0.203981
-0.204228
-0.203926
-0.203253
-0.20258
-0.202264
-0.202498
-0.203047
-0.203418
-0.203129
-0.202182
-0.200974
-0.200122
-0.200095
-0.20096
-0.202443
-0.203953
-0.204942
-0.205134
-0.20475
-0.204214
-0.203734
-0.20328
-0.2028
-0.202292
-0.201907
-0.201674
-0.201592
-0.201729
-0.202209
-0.202855
-0.203212
-0.202923
-0.202251
-0.201811
-0.201935
-0.202333
-0.20247
-0.202209
-0.202003
-0.202457
-0.203555
-0.204448
-0.204159
-0.202525
-0.200424
-0.199051
-0.198873
-0.199504
-0.200397
-0.201344
-0.202388
-0.203253
-0.203294
-0.202045
-0.199793
-0.197568
-0.196497
-0.196978
-0.198502
-0.200136
-0.201289
-0.201839
-0.201921
-0.20155
-0.200685
-0.199312
-0.197719
-0.196497
-0.196058
-0.196429
-0.197198
-0.197884
-0.19831
-0.198255
-0.197582
-0.196333
-0.194973
-0.194108
-0.194026
-0.194465
-0.194863
-0.194712
-0.19393
-0.192941
-0.192323
-0.192392
-0.193064
-0.194012
-0.194973
-0.195811
-0.196415
-0.19658
-0.196181
-0.195248
-0.19393
-0.192433
-0.190964
-0.189796
-0.189247
-0.189494
-0.190346
-0.191266
-0.191705
-0.191444
-0.190607
-0.189522
-0.188547
-0.188066
-0.188341
-0.189439
-0.19095
-0.192254
-0.192927
-0.192913
-0.192405
-0.191609
-0.190689
-0.189714
-0.188698
-0.187641
-0.186597
-0.185705
-0.185197
-0.185251
-0.185718
-0.186103
-0.18602
-0.185595
-0.185334
-0.185512
-0.185938
-0.186281
-0.186446
-0.186528
-0.186528
-0.18635
-0.185952
-0.18532
-0.184318
-0.182835
-0.181146
-0.1798
-0.179182
-0.179182
-0.179416
-0.179484
-0.179223
-0.178825
-0.178866
-0.17969
-0.18105
-0.182148
-0.182491
-0.182189
-0.181764
-0.181544
-0.181448
-0.181283
-0.180912
-0.180363
-0.179718
-0.179045
-0.178386
-0.177713
-0.17704
-0.176367
-0.175818
-0.175585
-0.175818
-0.176312
-0.176683
-0.176669
-0.176244
-0.175516
-0.174582
-0.173552
-0.172701
-0.172399
-0.17288
-0.173882
-0.174692
-0.174747
-0.174102
-0.173415
-0.173264
-0.173498
-0.173429
-0.172605
-0.171287
-0.170133
-0.169515
-0.169323
-0.169255
-0.169104
-0.168939
-0.168884
-0.169035
-0.169145
-0.168774
-0.167717
-0.166412
-0.165657
-0.165781
-0.166316
-0.166659
-0.16644
-0.165712
-0.164751
-0.163886
-0.163336
-0.163076
-0.162842
-0.162595
-0.162595
-0.163158
-0.164215
-0.165135
-0.165218
-0.164105
-0.162046
-0.15978
-0.158036
-0.157199
-0.157157
-0.157528
-0.157817
-0.157762
-0.15735
-0.156951
-0.15702
-0.157693
-0.158654
-0.159313
-0.159272
-0.158764
-0.158242
-0.158174
-0.158572
-0.158956
-0.15875
-0.157913
-0.156855
-0.156031
-0.155592
-0.155592
-0.1561
-0.15713
-0.158338
-0.159121
-0.159039
-0.158064
-0.156663
-0.15551
-0.155029
-0.155208
-0.155922
-0.157075
-0.158572
-0.159931
-0.160439
-0.159643
-0.157885
-0.156018
-0.154974
-0.155249
-0.156677
-0.158421
-0.159396
-0.158929
-0.15724
-0.15529
-0.15415
-0.154343
-0.155468
-0.156581
-0.156883
-0.156224
-0.154933
-0.153532
-0.152475
-0.152049
-0.152173
-0.152503
-0.152722
-0.152777
-0.152818
-0.152887
-0.152887
-0.152681
-0.152146
-0.151308
-0.150429
-0.149866
-0.14988
-0.150388
-0.151047
-0.151335
-0.150896
-0.14977
-0.148342
-0.147051
-0.14609
-0.145596
-0.145747
-0.146639
-0.147971
-0.148919
-0.148672
-0.147106
-0.144937
-0.143289
-0.143069
-0.14436
-0.146255
-0.147573
-0.147655
-0.146694
-0.14517
-0.143509
-0.142259
-0.142081
-0.143193
-0.144841
-0.145815
-0.145472
-0.144168
-0.142781
-0.141833
-0.14127
-0.140845
-0.140611
-0.1409
-0.141792
-0.142877
-0.143605
-0.143715
-0.143303
-0.142561
-0.141463
-0.139993
-0.138456
-0.13711
-0.136094
-0.135435
-0.135435
-0.136313
-0.137714
-0.138813
-0.138936
-0.138099
-0.136876
-0.135929
-0.135599
-0.13586
-0.136396
-0.136904
-0.137261
-0.137467
-0.137481
-0.13711
-0.136204
-0.134762
-0.133032
-0.131466
-0.130642
-0.130629
-0.131068
-0.131494
-0.131919
-0.132565
-0.13332
-0.133636
-0.133238
-0.132455
-0.13181
-0.131356
-0.130725
-0.129668
-0.128487
-0.127786
-0.127937
-0.128748
-0.129668
-0.130217
-0.130299
-0.130066
-0.129805
-0.129777
-0.130107
-0.130711
-0.131274
-0.131466
-0.131123
-0.130327
-0.129379
-0.128583
-0.128143
-0.128034
-0.128006
-0.127663
-0.126743
-0.125301
-0.12364
-0.122266
-0.121703
-0.122115
-0.123214
-0.124463
-0.125425
-0.125919
-0.12585
-0.12526
-0.124422
-0.123873
-0.123969
-0.124656
-0.125452
-0.125878
-0.125617
-0.124724
-0.123598
-0.122747
-0.1225
-0.122733
-0.123022
-0.123035
-0.122802
-0.122692
-0.123173
-0.124409
-0.12585
-0.126509
-0.125713
-0.123626
-0.121195
-0.119383
-0.118751
-0.119355
-0.120893
-0.122706
-0.123955
-0.124106
-0.123379
-0.122486
-0.122102
-0.122335
-0.122733
-0.12272
-0.122088
-0.121278
-0.120989
-0.121511
-0.122308
-0.122376
-0.121086
-0.118792
-0.116705
-0.115923
-0.116554
-0.117859
-0.118875
-0.119053
-0.118339
-0.117104
-0.115991
-0.115566
-0.115978
-0.116939
-0.117927
-0.118504
-0.118477
-0.117708
-0.116184
-0.113918
-0.111323
-0.109071
-0.107959
-0.108439
-0.110238
-0.11238
-0.113698
-0.11352
-0.112037
-0.110169
-0.10892
-0.108851
-0.109771
-0.111021
-0.111899
-0.111927
-0.111021
-0.109373
-0.107533
-0.106132
-0.105542
-0.105679
-0.106132
-0.106434
-0.106338
-0.105981
-0.105748
-0.105968
-0.106544
-0.107052
-0.107107
-0.10664
-0.105899
-0.105199
-0.104869
-0.10491
-0.105157
-0.105459
-0.105981
-0.106846
-0.107835
-0.108384
-0.108165
-0.107245
-0.10605
-0.105061
-0.104581
-0.104636
-0.104993
-0.105295
-0.105377
-0.105185
-0.104704
-0.103908
-0.102933
-0.102137
-0.101889
-0.10226
-0.103043
-0.103853
-0.104361
-0.104375
-0.103963
-0.103414
-0.103043
-0.102947
-0.103029
-0.10296
-0.102603
-0.102054
-0.101628
-0.101642
-0.102123
-0.102864
-0.103674
-0.104292
-0.104498
-0.103949
-0.102658
-0.101203
-0.100461
-0.100997
-0.102576
-0.10432
-0.105308
-0.105061
-0.103839
-0.102411
-0.101464
-0.101271
-0.101601
-0.101848
-0.101546
-0.100654
-0.0995551
-0.0985801
-0.0977288
-0.0968363
-0.0961634
-0.096287
-0.0975915
-0.0995688
-0.101203
-0.101793
-0.101409
-0.10075
-0.100475
-0.10064
-0.100695
-0.100145
-0.0991294
-0.098333
-0.0982231
-0.0986625
-0.0990745
-0.0988548
-0.0978249
-0.0963831
-0.0952984
-0.0951336
-0.09593
-0.0973581
-0.0990745
-0.100708
-0.10178
-0.101889
-0.101134
-0.100104
-0.0992942
-0.0987312
-0.0980034
-0.0968775
-0.0956829
-0.0950238
-0.0953396
-0.0964106
-0.097564
-0.0982643
-0.0986351
-0.0992392
-0.100324
-0.101436
-0.101985
-0.101615
-0.100351
-0.0984016
-0.0963694
-0.0950924
-0.0950512
-0.0959575
-0.0969049
-0.0970285
-0.0960811
-0.0944882
-0.0930739
-0.092456
-0.0926208
-0.0931289
-0.0934172
-0.0931151
-0.0923462
-0.091591
-0.0913987
-0.0918793
-0.0925659
-0.0927444
-0.0919892
-0.0905199
-0.0889546
-0.087911
-0.0875815
-0.08776
-0.0881032
-0.0883504
-0.088474
-0.0885152
-0.0886662
-0.089037
-0.0895999
-0.0900393
-0.0900805
-0.0898196
-0.0896137
-0.0895587
-0.0893116
-0.0886388
-0.0878698
-0.0874304
-0.0873892
-0.0875815
-0.0879934
-0.088625
-0.0892704
-0.0896274
-0.0895999
-0.0893665
-0.0890644
-0.0888035
-0.0887074
-0.0888035
-0.0888447
-0.0883916
-0.0873068
-0.0859062
-0.0847254
-0.0841487
-0.084286
-0.0849588
-0.0858376
-0.0866203
-0.0872656
-0.0877874
-0.088062
-0.0878973
-0.0872382
-0.0862495
-0.0851922
-0.084286
-0.0836681
-0.0834896
-0.0836269
-0.0839015
-0.0842036
-0.0844507
-0.0845057
-0.0842173
-0.083723
-0.083311
-0.0831875
-0.0832424
-0.0832699
-0.0832149
-0.0830914
-0.0828717
-0.0825284
-0.0821164
-0.081883
-0.0819654
-0.0824323
-0.0831463
-0.0839152
-0.084437
-0.0844645
-0.0840251
-0.0832424
-0.0822537
-0.0812926
-0.0807296
-0.0809767
-0.0822675
-0.0843409
-0.0863319
-0.087197
-0.0864555
-0.0844919
-0.0822537
-0.0806472
-0.080098
-0.0803863
-0.0808669
-0.0808532
-0.0802078
-0.0794663
-0.0794938
-0.0806609
-0.0824872
-0.0841212
-0.0848627
-0.0845057
-0.0833385
-0.082034
-0.0813063
-0.0813338
-0.0816221
-0.0815123
-0.080757
-0.0797135
-0.0788621
-0.0784777
-0.0784777
-0.0786699
-0.0788896
-0.0792054
-0.079535
-0.0797547
-0.0797821
-0.0798371
-0.0801391
-0.0805648
-0.080606
-0.0798645
-0.0784777
-0.0771732
-0.0767063
-0.077338
-0.0786013
-0.0795762
-0.0795075
-0.0783129
-0.0765004
-0.0749076
-0.0741523
-0.0744407
-0.0753195
-0.0760335
-0.0761022
-0.0757726
-0.0753882
-0.0749625
-0.0741523
-0.0730676
-0.0722574
-0.0723673
-0.0734932
-0.0752234
-0.0767475
-0.0772007
-0.0761846
-0.0742759
-0.0728204
-0.0728891
-0.074427
-0.0763631
-0.0775714
-0.0775302
-0.0765965
-0.0756079
-0.0751959
-0.075347
-0.0755117
-0.0751822
-0.0742622
-0.0731637
-0.0724634
-0.0725458
-0.0731774
-0.0735482
-0.0729989
-0.0718043
-0.0709255
-0.0711864
-0.0723398
-0.0734932
-0.0739052
-0.0735207
-0.0726694
-0.0716945
-0.0708157
-0.0702115
-0.0699781
-0.070033
-0.0700879
-0.0698545
-0.0692091
-0.06855
-0.0685775
-0.0697721
-0.0718592
-0.0739052
-0.0749213
-0.0744407
-0.0728067
-0.0709255
-0.069621
-0.0691267
-0.0690718
-0.0690581
-0.0690718
-0.069319
-0.0699094
-0.0706372
-0.0710354
-0.0705548
-0.0690855
-0.0672181
-0.0659136
-0.0656665
-0.0661471
-0.0665041
-0.0661333
-0.0651447
-0.064211
-0.0640462
-0.0647877
-0.0659136
-0.0668199
-0.0673142
-0.0675202
-0.0674241
-0.0668748
-0.0660372
-0.065488
-0.0655978
-0.0660372
-0.0660509
-0.0653095
-0.0641698
-0.0633734
-0.0635107
-0.0644032
-0.0653506
-0.0656665
-0.0654605
-0.0652683
-0.0655292
-0.0661471
-0.066765
-0.0669435
-0.0664903
-0.0655154
-0.0646778
-0.0646366
-0.065488
-0.0666002
-0.0672318
-0.0671494
-0.0666276
-0.0661196
-0.0658862
-0.0658587
-0.0657214
-0.0654056
-0.0651996
-0.0655978
-0.0667512
-0.0683852
-0.0699231
-0.0708019
-0.0705548
-0.0690581
-0.0666826
-0.0642659
-0.0626731
-0.0622199
-0.0626593
-0.0635107
-0.0643208
-0.064719
-0.0645268
-0.0637166
-0.0625495
-0.0614373
-0.0608743
-0.0611077
-0.0618492
-0.062371
-0.0621787
-0.0614647
-0.0607782
-0.0604898
-0.0605997
-0.0609292
-0.0611077
-0.0608743
-0.0602564
-0.0597209
-0.0595698
-0.0597483
-0.0601191
-0.0605997
-0.0610116
-0.0610116
-0.0604486
-0.0595561
-0.0587048
-0.0580319
-0.0575239
-0.0573179
-0.0576612
-0.0587185
-0.0604074
-0.0622749
-0.0635519
-0.0637578
-0.0630301
-0.0620002
-0.0612176
-0.0608605
-0.0607232
-0.0604761
-0.0600779
-0.0598032
-0.0600641
-0.0609017
-0.0617943
-0.0621787
-0.062165
-0.0622474
-0.0627143
-0.0631949
-0.0632635
-0.0629065
-0.0623847
-0.0618355
-0.0612313
-0.0606683
-0.0603525
-0.0603113
-0.0603388
-0.0603662
-0.0604898
-0.060737
-0.0609429
-0.0609567
-0.0606958
-0.0600916
-0.0592265
-0.0582654
-0.0573179
-0.0565627
-0.0563293
-0.0568648
-0.0579907
-0.0589244
-0.0589931
-0.0581418
-0.0569746
-0.0561782
-0.0560684
-0.0564803
-0.0570433
-0.0574003
-0.0576063
-0.057826
-0.0580182
-0.0578671
-0.0573179
-0.0567824
-0.0567275
-0.0570845
-0.0572904
-0.0567549
-0.0553818
-0.0537066
-0.0524571
-0.0520314
-0.0523472
-0.0529514
-0.0534182
-0.0534594
-0.0531024
-0.0526218
-0.0524708
-0.0528553
-0.0535281
-0.05394
-0.0537203
-0.0529788
-0.052155
-0.051798
-0.0522236
-0.0531985
-0.0538988
-0.0535693
-0.0524983
-0.0518529
-0.0524159
-0.0536379
-0.0542833
-0.0537066
-0.0524021
-0.0514821
-0.0517568
-0.0531573
-0.0548051
-0.055574
-0.0549561
-0.0532672
-0.051386
-0.0501914
-0.0501914
-0.0511389
-0.0521824
-0.0524433
-0.0519353
-0.0514409
-0.0517568
-0.0528141
-0.05394
-0.0544481
-0.0540636
-0.0529376
-0.0515783
-0.0506171
-0.0504798
-0.0510565
-0.0518117
-0.0522648
-0.0523197
-0.0520314
-0.051592
-0.0511114
-0.0506857
-0.0503974
-0.0504248
-0.0508642
-0.0514959
-0.0518117
-0.0514821
-0.0506171
-0.0496147
-0.0488595
-0.0487084
-0.0493401
-0.050672
-0.0522099
-0.0533084
-0.0536517
-0.0532947
-0.0523335
-0.051029
-0.0498619
-0.049395
-0.0497383
-0.050315
-0.0502601
-0.0491753
-0.0476099
-0.0469097
-0.0480631
-0.0507681
-0.0535967
-0.0552033
-0.055272
-0.0544206
-0.0533496
-0.0524983
-0.0520726
-0.0520451
-0.0521824
-0.0522648
-0.0522374
-0.0521687
-0.0519765
-0.0515645
-0.0510839
-0.050878
-0.0509604
-0.0508917
-0.0501502
-0.0487222
-0.0472941
-0.0466625
-0.0470882
-0.0482004
-0.0494499
-0.0507269
-0.0521824
-0.0535693
-0.0542009
-0.0536242
-0.0521138
-0.0503013
-0.0485986
-0.0472804
-0.0465801
-0.0465526
-0.0468959
-0.0472117
-0.0473491
-0.0473902
-0.0474589
-0.0476099
-0.0477885
-0.0478296
-0.0476099
-0.0471568
-0.0467174
-0.046635
-0.0470332
-0.0478434
-0.0488595
-0.0498207
-0.0504935
-0.0509054
-0.0512487
-0.0516744
-0.0519215
-0.0515371
-0.0504111
-0.0489968
-0.0481455
-0.0485162
-0.050109
-0.0522786
-0.0539538
-0.0542558
-0.0530338
-0.0509329
-0.0489831
-0.0480082
-0.0481867
-0.0489419
-0.0493813
-0.0490655
-0.0482416
-0.0473353
-0.04669
-0.0465801
-0.0472941
-0.0487771
-0.0504798
-0.051592
-0.0515783
-0.0504111
-0.0486123
-0.0469783
-0.0461956
-0.0463879
-0.0470607
-0.0475276
-0.0475413
-0.0472529
-0.0468822
-0.0464428
-0.045921
-0.0455091
-0.0453718
-0.0454541
-0.0455365
-0.0454816
-0.0454679
-0.0457013
-0.046127
-0.0463604
-0.046127
-0.0456876
-0.045715
-0.0466076
-0.0480219
-0.0489419
-0.0485299
-0.0466762
-0.044136
-0.0420488
-0.0411837
-0.0416094
-0.0427766
-0.0441085
-0.0453306
-0.0463192
-0.0469783
-0.0471705
-0.0468273
-0.0460171
-0.0450559
-0.0444655
-0.0446303
-0.0453306
-0.0459622
-0.0460721
-0.045564
-0.0447676
-0.0441222
-0.0440948
-0.0446989
-0.0455365
-0.046127
-0.0463467
-0.0461682
-0.0454679
-0.0443282
-0.0433945
-0.0434906
-0.0448088
-0.0466488
-0.0480905
-0.0485711
-0.0479258
-0.0462506
-0.0440673
-0.0423372
-0.0420076
-0.043367
-0.04577
-0.0479532
-0.0487496
-0.047761
-0.0456327
-0.0435455
-0.0424607
-0.0425843
-0.0434219
-0.0443145
-0.0447539
-0.0446028
-0.0440124
-0.0434082
-0.0431885
-0.043573
-0.044438
-0.0453992
-0.0459073
-0.0455365
-0.0443145
-0.0427354
-0.0412387
-0.0399479
-0.0389044
-0.0382041
-0.0379432
-0.0380668
-0.0383963
-0.0388769
-0.0394124
-0.039893
-0.0402638
-0.0406208
-0.0410327
-0.0413348
-0.0413485
-0.041019
-0.0405796
-0.040305
-0.0404148
-0.0408954
-0.0414172
-0.0417055
-0.0417055
-0.0415133
-0.0411837
-0.0406482
-0.0399891
-0.0395223
-0.0396184
-0.0403599
-0.0413211
-0.0419527
-0.0420488
-0.0418566
-0.0417193
-0.0416643
-0.0413897
-0.0409091
-0.0408542
-0.0419527
-0.0439849
-0.0456052
-0.0453443
-0.0429963
-0.0397969
-0.037545
-0.0375313
-0.039687
-0.0426255
-0.0445067
-0.0442733
-0.042241
-0.0397969
-0.0383277
-0.0386572
-0.0406345
-0.0432434
-0.0451109
-0.0454953
-0.0445204
-0.0429413
-0.0415133
-0.0408405
-0.0411151
-0.0420076
-0.0427216
-0.0427628
-0.0422548
-0.0416781
-0.0412249
-0.0407993
-0.0402912
-0.0397557
-0.0393026
-0.0390829
-0.0391927
-0.0396184
-0.0401539
-0.0405933
-0.0406757
-0.0403736
-0.0400166
-0.0400853
-0.0407718
-0.041733
-0.0424196
-0.0425431
-0.04209
-0.0412387
-0.0402775
-0.0397557
-0.0400578
