LECROYHDO9204-MSöv,30454,Waveform
Segments,1,SegmentSize,2002
Ampl
-0.0159733
-0.0161655
-0.015781
-0.0151906
-0.0148336
-0.0147512
-0.0146139
-0.0142431
-0.0138861
-0.0138037
-0.0137488
-0.013282
-0.0126229
-0.0126641
-0.0141058
-0.0164813
-0.0183762
-0.0185547
-0.0169894
-0.0148199
-0.0133369
-0.0129936
-0.013282
-0.0135154
-0.0134879
-0.0133643
-0.0131584
-0.0127602
-0.0122384
-0.0118676
-0.0119226
-0.0124718
-0.0134742
-0.0146688
-0.0154652
-0.0152318
-0.0140234
-0.0126091
-0.0119912
-0.0125267
-0.0137076
-0.0146963
-0.014916
-0.014504
-0.0141196
-0.014353
-0.0152043
-0.0161243
-0.0165225
-0.0162342
-0.0154652
-0.0146963
-0.014353
-0.0144903
-0.0146688
-0.0144079
-0.0137763
-0.013227
-0.0131446
-0.0135978
-0.014353
-0.0151494
-0.0156575
-0.0155613
-0.0148885
-0.0141333
-0.0139685
-0.01471
-0.0160557
-0.0171816
-0.0174425
-0.0169207
-0.0163303
-0.016193
-0.0162891
-0.0160557
-0.0154927
-0.0151906
-0.0153554
-0.015479
-0.0150807
-0.0143805
-0.0140921
-0.014504
-0.0152593
-0.0157948
-0.0158222
-0.0156025
-0.015479
-0.0155888
-0.0157536
-0.0158909
-0.0161243
-0.0166598
-0.0174288
-0.0181016
-0.0183213
-0.0179231
-0.0170031
-0.0161381
-0.015987
-0.0167971
-0.018033
-0.0186783
-0.0183076
-0.017264
-0.0161655
-0.0152181
-0.0143942
-0.01379
-0.013584
-0.013639
-0.0136939
-0.0137763
-0.0142431
-0.0152043
-0.0163577
-0.017058
-0.0168383
-0.0157398
-0.0143805
-0.0133643
-0.0128288
-0.0125954
-0.0126366
-0.0130348
-0.0138175
-0.0148336
-0.0159321
-0.0169482
-0.0177034
-0.0179094
-0.0174562
-0.0164676
-0.0152318
-0.0140784
-0.0133094
-0.0130348
-0.0132133
-0.0137076
-0.0144766
-0.0154378
-0.0163989
-0.0170306
-0.017058
-0.0163715
-0.0152867
-0.014353
-0.0141608
-0.0147237
-0.0155339
-0.0160831
-0.0162754
-0.0164127
-0.0166186
-0.0167834
-0.0167697
-0.0165225
-0.0159733
-0.0150533
-0.0140234
-0.0134605
-0.0137763
-0.0147924
-0.0159046
-0.01655
-0.0164951
-0.0160007
-0.0156025
-0.0157124
-0.0162342
-0.0166461
-0.0165774
-0.0161106
-0.0155613
-0.0152593
-0.0153142
-0.0155201
-0.0155476
-0.015273
-0.0149846
-0.0150945
-0.0157948
-0.0169619
-0.0183213
-0.0194198
-0.019667
-0.0187607
-0.0169757
-0.0150258
-0.0135978
-0.0129799
-0.0131721
-0.0140372
-0.0151631
-0.0160145
-0.016344
-0.0163303
-0.0163577
-0.0164813
-0.0163989
-0.015781
-0.0147512
-0.0138449
-0.0136527
-0.0144903
-0.0160007
-0.0173876
-0.0180055
-0.0176485
-0.0166049
-0.0153142
-0.0143393
-0.0141196
-0.0147512
-0.0158497
-0.0167422
-0.0168658
-0.0160831
-0.0147787
-0.01379
-0.0138175
-0.014861
-0.0161655
-0.0168109
-0.0165088
-0.0157398
-0.0151082
-0.0147924
-0.0144903
-0.0138175
-0.0127876
-0.01195
-0.0119775
-0.0129661
-0.0142294
-0.0148885
-0.0146414
-0.0138861
-0.0133506
-0.0135017
-0.0141745
-0.0147924
-0.014916
-0.0146002
-0.0142431
-0.0141608
-0.0144354
-0.014916
-0.0153966
-0.0156849
-0.0158085
-0.0158909
-0.0158772
-0.0155201
-0.0146963
-0.0136939
-0.0129112
-0.0125542
-0.012513
-0.0126366
-0.0127739
-0.0127602
-0.0125679
-0.0124718
-0.0128288
-0.0136527
-0.0144079
-0.014504
-0.0137626
-0.0124993
-0.0113733
-0.0110438
-0.0116754
-0.0127876
-0.0136252
-0.0137214
-0.013227
-0.0126229
-0.0124718
-0.0130211
-0.0140234
-0.0148473
-0.0149572
-0.014353
-0.0135566
-0.0130073
-0.0127876
-0.0128288
-0.0130348
-0.0133918
-0.0139136
-0.0145864
-0.0152867
-0.0156437
-0.0152455
-0.0142569
-0.0132408
-0.0127602
-0.0128838
-0.0134467
-0.0142294
-0.0150396
-0.0155339
-0.0155339
-0.0151631
-0.014559
-0.0137214
-0.0128014
-0.0122521
-0.0125405
-0.013639
-0.0150807
-0.0162067
-0.0165774
-0.0160007
-0.0147649
-0.0133781
-0.0123208
-0.0117166
-0.0115381
-0.0118402
-0.0125954
-0.0134879
-0.0140921
-0.0142569
-0.0142157
-0.014353
-0.0146825
-0.0148336
-0.0146276
-0.0143393
-0.0145178
-0.0152043
-0.0159321
-0.0160694
-0.0156025
-0.0150945
-0.0151219
-0.0156575
-0.0161381
-0.0160145
-0.0152318
-0.0142294
-0.0135703
-0.0135017
-0.0136252
-0.0133506
-0.0125405
-0.0117715
-0.0116068
-0.0121011
-0.0128151
-0.0133781
-0.0136802
-0.0138999
-0.0142157
-0.0147924
-0.0155064
-0.0159321
-0.0156163
-0.0144079
-0.0127327
-0.0112086
-0.0103572
-0.0102886
-0.0109202
-0.0121285
-0.01379
-0.0155064
-0.0166598
-0.0168109
-0.0161243
-0.0150533
-0.013996
-0.0131446
-0.0128563
-0.0133918
-0.0144217
-0.0151494
-0.0150396
-0.0143118
-0.0136252
-0.0134193
-0.013639
-0.0140234
-0.0144491
-0.0148748
-0.0152043
-0.0151769
-0.0145864
-0.0134742
-0.0124032
-0.0121423
-0.0129661
-0.0142706
-0.0150945
-0.014861
-0.0137076
-0.0123482
-0.0115244
-0.0115518
-0.0121423
-0.0128014
-0.0133094
-0.0136527
-0.01379
-0.0135566
-0.0130211
-0.0124306
-0.0118676
-0.011236
-0.0105357
-0.0100551
-0.0100551
-0.0105083
-0.0111811
-0.011799
-0.0122933
-0.0126915
-0.013076
-0.0133781
-0.0134605
-0.0133369
-0.0133369
-0.01379
-0.0146414
-0.0153554
-0.0153142
-0.0144079
-0.013076
-0.0119226
-0.0113596
-0.0113184
-0.0116205
-0.0122659
-0.013433
-0.014916
-0.0161243
-0.0164951
-0.015987
-0.0150396
-0.0141333
-0.0136252
-0.0138587
-0.0149846
-0.0165774
-0.0177583
-0.0177583
-0.0165774
-0.0150807
-0.0144354
-0.0153142
-0.0172915
-0.0191864
-0.0199965
-0.0198317
-0.019667
-0.0203947
-0.0220562
-0.0241159
-0.0260108
-0.0275487
-0.028757
-0.0296633
-0.0303086
-0.030954
-0.0321486
-0.0343593
-0.0375862
-0.0411563
-0.0442595
-0.046635
-0.0486398
-0.0507681
-0.0531436
-0.055574
-0.0578122
-0.0598719
-0.0618904
-0.0641698
-0.0668885
-0.0699506
-0.0729852
-0.0755667
-0.0775165
-0.0788621
-0.0797135
-0.0802215
-0.0804
-0.0804412
-0.0806884
-0.0816084
-0.0832973
-0.0853021
-0.0869086
-0.0876776
-0.087554
-0.0867164
-0.085563
-0.0846979
-0.0845469
-0.0850412
-0.0858101
-0.0865379
-0.0870459
-0.0871283
-0.0867027
-0.0859886
-0.0856454
-0.0860298
-0.086785
-0.0870185
-0.0860298
-0.0839564
-0.0815535
-0.0796586
-0.0786424
-0.0784365
-0.0786699
-0.0787523
-0.0781619
-0.0768025
-0.0751822
-0.0740425
-0.0736168
-0.0736306
-0.0736855
-0.0737679
-0.0740837
-0.0745643
-0.0747016
-0.0740288
-0.0725733
-0.070953
-0.069827
-0.0695112
-0.0698407
-0.0703076
-0.07039
-0.0699643
-0.06947
-0.0694975
-0.0703213
-0.0716395
-0.0729577
-0.0739326
-0.0746192
-0.0751685
-0.0754705
-0.075141
-0.0740974
-0.0729715
-0.0727655
-0.0738365
-0.0755529
-0.0770084
-0.0777636
-0.0779147
-0.0776675
-0.0772007
-0.0767475
-0.0767613
-0.077489
-0.0785738
-0.0791368
-0.0784639
-0.076569
-0.0744132
-0.0730676
-0.0730264
-0.0739052
-0.0749213
-0.0755117
-0.0755255
-0.075141
-0.0747565
-0.0746055
-0.0745917
-0.0744407
-0.074221
-0.0743446
-0.0752096
-0.0767063
-0.0782854
-0.0793427
-0.0795487
-0.0787523
-0.0771732
-0.0753195
-0.0739052
-0.0735344
-0.0744132
-0.0761159
-0.0777087
-0.0782305
-0.0774478
-0.0759099
-0.0744956
-0.0738228
-0.0741249
-0.0752234
-0.0765141
-0.0772419
-0.0770359
-0.0760747
-0.0749488
-0.0742073
-0.074221
-0.0749899
-0.0761571
-0.0771595
-0.0776401
-0.0776538
-0.0773929
-0.0769535
-0.0764592
-0.0762258
-0.0765278
-0.0773105
-0.0782442
-0.0789171
-0.0793153
-0.0796586
-0.080043
-0.0801254
-0.0795762
-0.0785875
-0.0778735
-0.0780108
-0.0789995
-0.0803039
-0.0814161
-0.0819379
-0.0816496
-0.0806609
-0.0793839
-0.0783404
-0.0777636
-0.0775577
-0.0775165
-0.0774616
-0.0772968
-0.0770222
-0.0767887
-0.0769123
-0.0775714
-0.0785738
-0.07948
-0.0798096
-0.0794251
-0.0786836
-0.0781481
-0.0781207
-0.0784914
-0.0790132
-0.0795899
-0.0798371
-0.0791642
-0.0773105
-0.0750861
-0.0738777
-0.0743858
-0.0759786
-0.0772831
-0.0774478
-0.0766377
-0.0756353
-0.0750861
-0.0750174
-0.0750586
-0.0749899
-0.0749213
-0.0751135
-0.0755117
-0.0757726
-0.0756628
-0.0752371
-0.0747153
-0.0741798
-0.0737129
-0.0734521
-0.0735482
-0.074015
-0.0747291
-0.0752646
-0.0750861
-0.0739601
-0.0723673
-0.0711177
-0.070747
-0.0711177
-0.0717219
-0.0719828
-0.0715983
-0.0707882
-0.0702801
-0.0708157
-0.0722986
-0.0738503
-0.0745368
-0.0740974
-0.0730264
-0.072024
-0.071667
-0.0722574
-0.0735894
-0.0749488
-0.0755667
-0.0751547
-0.07407
-0.0729028
-0.0720652
-0.071667
-0.0716121
-0.0718043
-0.0722986
-0.0729989
-0.0736031
-0.0737267
-0.0732735
-0.0724634
-0.0716533
-0.0711452
-0.0711452
-0.0715571
-0.0719416
-0.0718043
-0.0710216
-0.0700193
-0.0694151
-0.0695524
-0.0702801
-0.0710216
-0.0712139
-0.0705822
-0.0694837
-0.0685775
-0.0683578
-0.068907
-0.0700055
-0.0711864
-0.0718867
-0.0717906
-0.071104
-0.0704587
-0.0702664
-0.0704449
-0.0705822
-0.0704312
-0.0700467
-0.0695799
-0.0690718
-0.0683715
-0.067479
-0.0666276
-0.0662981
-0.0667375
-0.0676163
-0.068399
-0.0687285
-0.0686324
-0.0682754
-0.067836
-0.0674653
-0.0673966
-0.0676712
-0.0682342
-0.068907
-0.0694975
-0.0698545
-0.0698407
-0.0694151
-0.0687285
-0.0681793
-0.0680832
-0.0684127
-0.0686599
-0.0683166
-0.0673966
-0.0665453
-0.0663805
-0.0670121
-0.0680008
-0.0687972
-0.0690855
-0.0689894
-0.068907
-0.0690855
-0.0694288
-0.069676
-0.0696073
-0.0693327
-0.0691405
-0.0689894
-0.0684951
-0.0673005
-0.065639
-0.0644169
-0.0643483
-0.0654193
-0.0669847
-0.0683578
-0.0693052
-0.0698957
-0.0700879
-0.069621
-0.0683715
-0.0668336
-0.0657351
-0.0653095
-0.0651859
-0.065076
-0.0651721
-0.0658999
-0.0672044
-0.06855
-0.0692503
-0.0688933
-0.0676163
-0.0661196
-0.065282
-0.0654742
-0.0662569
-0.0667787
-0.0664491
-0.0654742
-0.064513
-0.064156
-0.0643208
-0.0644169
-0.0639363
-0.0629889
-0.0620689
-0.0614647
-0.0612588
-0.0614922
-0.0622337
-0.063291
-0.0642384
-0.064719
-0.0645542
-0.0638677
-0.0629202
-0.062165
-0.062014
-0.0625632
-0.0635244
-0.0644169
-0.0648563
-0.0645954
-0.0634557
-0.0616982
-0.0600229
-0.0591991
-0.0595698
-0.0608605
-0.0623984
-0.0633596
-0.0633459
-0.0626181
-0.0619041
-0.0616295
-0.0615196
-0.0610802
-0.0601465
-0.059048
-0.058183
-0.0578671
-0.0582379
-0.0592265
-0.0605585
-0.0619316
-0.0630575
-0.0636617
-0.0634557
-0.062371
-0.0607782
-0.0594188
-0.0590618
-0.0597346
-0.0606683
-0.060888
-0.0600367
-0.0587459
-0.0578946
-0.0578809
-0.0583065
-0.0584713
-0.0579633
-0.0569334
-0.0559036
-0.0555603
-0.0561507
-0.0573179
-0.0581555
-0.0581692
-0.0576749
-0.0574552
-0.0579083
-0.0587734
-0.0594188
-0.0593501
-0.0584439
-0.0571669
-0.0563155
-0.0564803
-0.0576886
-0.0593227
-0.0603937
-0.0601877
-0.0587322
-0.0568373
-0.0554367
-0.0550111
-0.0553681
-0.0560684
-0.0566039
-0.0564666
-0.0555191
-0.054297
-0.0537615
-0.054503
-0.0562743
-0.0584027
-0.0602564
-0.0612862
-0.0609979
-0.0593501
-0.0570707
-0.0552994
-0.0546678
-0.0549149
-0.0553543
-0.0556015
-0.0555328
-0.055272
-0.0549699
-0.0548463
-0.0551346
-0.055931
-0.0571806
-0.0585812
-0.0596934
-0.0600367
-0.0593364
-0.0576886
-0.0557388
-0.0544481
-0.0544893
-0.0557663
-0.0574827
-0.0586498
-0.0587048
-0.0577985
-0.056549
-0.0557663
-0.0558624
-0.0567137
-0.0577985
-0.0585537
-0.0587048
-0.0583477
-0.0577985
-0.0574552
-0.0574003
-0.0572904
-0.0568098
-0.0561782
-0.0559722
-0.0566451
-0.0581418
-0.0599406
-0.0611352
-0.0608605
-0.0589519
-0.0564666
-0.0550248
-0.0554505
-0.0571394
-0.0588421
-0.0596385
-0.0593776
-0.0583477
-0.0570845
-0.0560821
-0.0555191
-0.0552308
-0.0549973
-0.0548737
-0.0549424
-0.0551758
-0.055629
-0.0564666
-0.0577436
-0.0589107
-0.0591579
-0.0580319
-0.0558349
-0.053377
-0.0516881
-0.0513998
-0.0524983
-0.054297
-0.0558349
-0.056494
-0.0562331
-0.0554917
-0.0549012
-0.0550248
-0.055986
-0.0574277
-0.0586361
-0.058897
-0.0579083
-0.055986
-0.053995
-0.0529102
-0.053226
-0.054654
-0.0563704
-0.0574964
-0.0575376
-0.0565215
-0.0549699
-0.0534732
-0.0524845
-0.0521275
-0.0522923
-0.052663
-0.0527317
-0.0521
-0.0509878
-0.0501914
-0.0503836
-0.0515096
-0.05302
-0.0543108
-0.0550934
-0.0552994
-0.0549699
-0.0542558
-0.0533496
-0.0526218
-0.0523472
-0.0524845
-0.052663
-0.0525532
-0.052155
-0.0516881
-0.0513311
-0.0512075
-0.0514547
-0.0519765
-0.0523335
-0.0521962
-0.0517705
-0.0515645
-0.0516057
-0.0513998
-0.0505896
-0.0494774
-0.0486947
-0.0486123
-0.049189
-0.0500678
-0.0509192
-0.0514821
-0.0516744
-0.0514821
-0.0509329
-0.050109
-0.0492852
-0.0487634
-0.0485437
-0.0484064
-0.0483377
-0.0486398
-0.049395
-0.0503287
-0.0508505
-0.0505759
-0.0495323
-0.0481043
-0.0469371
-0.0463329
-0.0462094
-0.0462506
-0.0463741
-0.04669
-0.0472117
-0.0476649
-0.047761
-0.0474314
-0.0470195
-0.0468685
-0.0471156
-0.0473765
-0.0471156
-0.0462918
-0.0455915
-0.0456876
-0.0464703
-0.0471294
-0.0471431
-0.0467861
-0.0467311
-0.0473902
-0.0485986
-0.0496559
-0.0499031
-0.0491478
-0.0480082
-0.0473628
-0.0475688
-0.0481317
-0.0483514
-0.0480768
-0.0475962
-0.0471431
-0.046841
-0.0467586
-0.0469783
-0.0474864
-0.0481043
-0.0485299
-0.0485437
-0.0478983
-0.0467174
-0.0453718
-0.0443145
-0.0435318
-0.0427079
-0.0417055
-0.040813
-0.0404835
-0.0409778
-0.042241
-0.0440673
-0.0461132
-0.047967
-0.0490792
-0.0491341
-0.0483377
-0.0475138
-0.0474314
-0.0480905
-0.0486398
-0.0482004
-0.0465938
-0.0445479
-0.0431473
-0.0431061
-0.0443419
-0.0460309
-0.0471705
-0.0472804
-0.0465801
-0.0456464
-0.0449324
-0.0446852
-0.0450559
-0.0457837
-0.0462643
-0.0458661
-0.0445342
-0.0429139
-0.0418703
-0.0418703
-0.0428452
-0.0441634
-0.0451383
-0.0453306
-0.0448225
-0.0439574
-0.0431198
-0.0425569
-0.0423097
-0.0423509
-0.0427491
-0.0435592
-0.0445891
-0.0454404
-0.0457425
-0.045413
-0.0446303
-0.0436554
-0.042859
-0.0425843
-0.0427903
-0.0430512
-0.0429276
-0.0424333
-0.0420076
-0.0419115
-0.0420488
-0.042296
-0.0426393
-0.0431061
-0.0435318
-0.0438339
-0.04393
-0.0439025
-0.0437652
-0.0436004
-0.0436004
-0.0438888
-0.0443694
-0.0447951
-0.0448637
-0.0445342
-0.0438476
-0.0429688
-0.0421175
-0.0416781
-0.0420763
-0.0432572
-0.0445891
-0.0453031
-0.0451521
-0.0446028
-0.0441497
-0.0437515
-0.0429413
-0.0416231
-0.0403324
-0.0397694
-0.0401127
-0.0410052
-0.0419939
-0.042859
-0.0434219
-0.0435455
-0.043161
-0.0423234
-0.0414034
-0.0409229
-0.0412249
-0.0422136
-0.0432709
-0.0437515
-0.0434906
-0.042859
-0.0422548
-0.0418978
-0.0416643
-0.0413211
-0.0407032
-0.0400166
-0.0396596
-0.0397694
-0.0400029
-0.0400578
-0.039893
-0.0397282
-0.0397557
-0.0400303
-0.0404285
-0.0405933
-0.0401814
-0.0392202
-0.0381354
-0.0373802
-0.0371193
-0.0373527
-0.0379432
-0.0386709
-0.0393026
-0.0399342
-0.0408267
-0.041939
-0.0427766
-0.0429413
-0.0425019
-0.041884
-0.0414172
-0.04117
-0.0410327
-0.0408817
-0.0405384
-0.0399479
-0.0392065
-0.0385748
-0.0383414
-0.0387808
-0.0397145
-0.0405384
-0.0405384
-0.0395497
-0.0380942
-0.0368996
-0.0365426
-0.0372154
-0.038616
-0.0400578
-0.0407718
-0.0405384
-0.0397282
-0.038973
-0.0386435
-0.038616
-0.0385886
-0.038259
-0.0376823
-0.0372704
-0.0373802
-0.0378745
-0.0382727
-0.0381903
-0.0376411
-0.0369271
-0.0363092
-0.0358835
-0.0356089
-0.0354716
-0.0355677
-0.0359522
-0.0364328
-0.0366525
-0.0363641
-0.035705
-0.0351008
-0.0349223
-0.0352519
-0.0359796
-0.0368035
-0.0372841
-0.0369683
-0.0358972
-0.0346065
-0.0337826
-0.0336453
-0.0338925
-0.0340023
-0.0337002
-0.0330686
-0.0324644
-0.0320113
-0.0315444
-0.0308442
-0.0301988
-0.0302812
-0.0315444
-0.0334943
-0.0350871
-0.0353755
-0.034222
-0.0324919
-0.0313385
-0.0312698
-0.0318465
-0.0322447
-0.0322585
-0.0321486
-0.0321624
-0.0321486
-0.0319289
-0.0316131
-0.0314621
-0.0316543
-0.0320937
-0.0325468
-0.0328352
-0.0328764
-0.0327253
-0.0326567
-0.032794
-0.0329725
-0.0328626
-0.0323134
-0.0316131
-0.0311737
-0.0310913
-0.0309128
-0.0301851
-0.0291415
-0.0286197
-0.02932
-0.0309265
-0.0323546
-0.0327116
-0.0320113
-0.0309815
-0.0302263
-0.029883
-0.0296495
-0.0293612
-0.0290042
-0.0289081
-0.0293612
-0.0303361
-0.0313659
-0.0318191
-0.0313934
-0.0303498
-0.0293475
-0.028963
-0.0292651
-0.0298555
-0.0303773
-0.0308304
-0.0313522
-0.0319289
-0.0322722
-0.0322035
-0.0318877
-0.031668
-0.0317504
-0.0320662
-0.0324644
-0.0328764
-0.033357
-0.0338238
-0.0339337
-0.0332059
-0.0315444
-0.0296907
-0.0287982
-0.0295946
-0.0317367
-0.0341946
-0.0360483
-0.0367486
-0.0362542
-0.0349635
-0.0335629
-0.0325331
-0.0319152
-0.0315307
-0.0311737
-0.0308304
-0.0305283
-0.0304322
-0.0306107
-0.0310913
-0.0316955
-0.0322859
-0.0327665
-0.0332197
-0.0336728
-0.0340298
-0.0339062
-0.0328901
-0.030954
-0.0287433
-0.0271093
-0.0265051
-0.0267111
-0.0274251
-0.0283863
-0.0293887
-0.0301439
-0.0305695
-0.030803
-0.0310501
-0.0313385
-0.0315719
-0.0315307
-0.0311737
-0.0307343
-0.0305283
-0.0305421
-0.0304597
-0.0301988
-0.0302125
-0.0309265
-0.0321486
-0.0331922
-0.0335904
-0.0333707
-0.0328215
-0.0321212
-0.0313797
-0.0306931
-0.0301851
-0.029883
-0.0297869
-0.0299242
-0.0303361
-0.0309952
-0.0317504
-0.0322722
-0.0323271
-0.0320113
-0.0317641
-0.0319015
-0.0323409
-0.032588
-0.0323409
-0.0317092
-0.0310639
-0.0307206
-0.0307755
-0.0310913
-0.0314346
-0.0315719
-0.0314621
-0.0312698
-0.0312286
-0.0313522
-0.0314895
-0.0314621
-0.031311
-0.0311325
-0.0311188
-0.0312973
-0.0314621
-0.0313522
-0.0309677
-0.0305009
-0.0301576
-0.029883
-0.0295672
-0.029169
-0.0287158
-0.0281666
-0.0276723
-0.0274526
-0.0276448
-0.028194
-0.0288669
-0.0294573
-0.0298281
-0.0300615
-0.0303636
-0.0309128
-0.0316543
-0.0322585
-0.0323683
-0.0318328
-0.0308854
-0.0299104
-0.0292101
-0.0288394
-0.0286609
-0.0286609
-0.0289767
-0.0296633
-0.0305421
-0.0312973
-0.0318191
-0.03208
-0.0320937
-0.0319289
-0.0318328
-0.0319701
-0.0321761
-0.0322173
-0.0320525
-0.0319015
-0.0318191
-0.0315582
-0.0308854
-0.0299104
-0.0290179
-0.0285785
-0.0286609
-0.0290454
-0.0292925
-0.0291278
-0.028757
-0.0286746
-0.029169
-0.0299791
-0.0305421
-0.0305009
-0.030034
-0.0295672
-0.0294024
-0.0293749
-0.0291415
-0.0286197
-0.0280979
-0.0278645
-0.0279057
-0.0280018
-0.0280567
-0.0280842
-0.0280979
-0.028194
-0.0285648
-0.0292376
-0.030034
-0.0307068
-0.0312973
-0.0319427
-0.0326292
-0.033151
-0.0333982
-0.0334805
-0.033357
-0.0326292
-0.03116
-0.029526
-0.0288257
-0.0297319
-0.0317367
-0.0335904
-0.0343456
-0.0338788
-0.0329038
-0.0321761
-0.03208
-0.0325743
-0.0334394
-0.0342632
-0.0344829
-0.033865
-0.0327803
-0.0318603
-0.0314346
-0.0313385
-0.0314346
-0.031874
-0.0326292
-0.0331922
-0.0329588
-0.0319152
-0.0307618
-0.0303498
-0.0310639
-0.0324919
-0.0338513
-0.0345653
-0.0345516
-0.0340435
-0.0332883
-0.0325194
-0.03208
-0.0322173
-0.0327665
-0.0333707
-0.033714
-0.0334119
-0.0322447
-0.0304597
-0.0290728
-0.0290316
-0.0302263
-0.0315582
-0.0320388
-0.031668
-0.0310364
-0.030597
-0.0303498
-0.0301164
-0.0297731
-0.0292376
-0.0285922
-0.0280979
-0.0280155
-0.0284687
-0.0293887
-0.0305146
-0.031311
-0.0312012
-0.0299654
-0.0279606
-0.0259421
-0.0246377
-0.0245415
-0.0256263
-0.027274
-0.0283176
-0.0279057
-0.026203
-0.0242395
-0.0232233
-0.0237039
-0.0252556
-0.0267935
-0.0273015
-0.0264502
-0.0247612
-0.0233195
-0.0230311
-0.0240609
-0.0255714
-0.026409
-0.0259147
-0.0245003
-0.0232233
-0.0228663
-0.0234293
-0.0243905
-0.0252556
-0.0258323
-0.0260657
-0.0259696
-0.0257773
-0.0258872
-0.0264639
-0.0273564
-0.0282352
-0.0288394
-0.0290179
-0.028757
-0.0281528
-0.0273427
-0.0264502
-0.0257499
-0.0255302
-0.0258323
-0.026409
-0.0268347
-0.0267935
-0.0261618
-0.0251457
-0.0242395
-0.0239099
-0.0242532
-0.024926
-0.0255027
-0.0255988
-0.0250221
-0.023855
-0.0226192
-0.0219463
-0.0222759
-0.0236353
-0.0256675
-0.0275899
-0.0284961
-0.0280842
-0.0269857
-0.0261756
-0.0261069
-0.0264227
-0.0265463
-0.0260657
-0.0250221
-0.0239099
-0.0234019
-0.0238962
-0.0251594
-0.0264227
-0.0269994
-0.0268484
-0.0265051
-0.0264776
-0.0267248
-0.0266973
-0.0259421
-0.0247475
-0.0239099
-0.0239786
-0.024775
-0.02564
-0.0260108
-0.0257773
-0.0251183
-0.0243905
-0.0239648
-0.0240884
-0.024775
-0.0256812
-0.0263815
-0.0265738
-0.0260794
-0.0249672
-0.0237451
-0.0231272
-0.0235254
-0.02472
-0.0261756
-0.0273564
-0.027892
-0.0275899
-0.0267248
-0.0257499
-0.0250221
-0.0246239
-0.0246239
-0.0249397
-0.0252418
-0.0250221
-0.0240747
-0.0228251
-0.0220425
-0.0221249
-0.0228801
-0.0236216
-0.023649
-0.0227702
-0.0214658
-0.0204634
-0.0202025
-0.0205458
-0.0212186
-0.0220699
-0.0229625
-0.023498
-0.0233332
-0.0225917
-0.0219875
-0.0222622
-0.0236765
-0.0257499
-0.0275487
-0.0283314
-0.0279743
-0.0268209
-0.0254066
-0.0241571
-0.023443
-0.023498
-0.0241845
-0.0250633
-0.0258323
-0.0263815
-0.0267935
-0.0271367
-0.0274526
-0.0277134
-0.0278508
-0.0278233
-0.0277684
-0.0278645
-0.0281391
-0.0282902
-0.0280155
-0.0271367
-0.0259147
-0.024926
-0.0246377
-0.0251045
-0.0260108
-0.0269445
-0.0275487
-0.0275075
-0.0266561
-0.0253791
-0.0245415
-0.0250221
-0.0268209
-0.0288943
-0.0298692
-0.0290179
-0.0268621
-0.0247063
-0.0237726
-0.0243905
-0.0259833
-0.0276723
-0.0288531
-0.0292788
-0.0288669
-0.0275761
-0.0255988
-0.0234568
-0.0218914
-0.0214658
-0.0221249
-0.0232371
-0.0239648
-0.0239511
-0.0236765
-0.0238687
-0.0245965
-0.0251732
-0.0248574
-0.023498
-0.0216992
-0.0202299
-0.0196395
-0.0199965
-0.0209714
-0.0220562
-0.0229075
-0.0233332
-0.0232508
-0.0226192
-0.021658
-0.0209577
-0.0209302
-0.0213971
-0.0217266
-0.0214383
-0.0206968
-0.0200789
-0.0200514
-0.0204359
-0.0206419
-0.0202849
-0.0197082
-0.0196258
-0.0204496
-0.0218914
-0.0233607
-0.0244729
-0.0252144
-0.0257224
-0.0261206
-0.026203
-0.025695
-0.0246651
-0.023649
-0.0231547
-0.0232233
-0.0234842
-0.0238138
-0.0242532
-0.0246926
-0.0247475
-0.0241433
-0.0230174
-0.0217541
-0.0208204
-0.020587
-0.0211911
-0.0222484
-0.0230036
-0.0229487
-0.0222347
-0.0214108
-0.0209852
-0.0212323
-0.022015
-0.0226878
-0.0225642
-0.0213834
-0.0195846
-0.0180467
-0.0174974
-0.0182389
-0.0199553
-0.0219052
-0.023292
-0.0237863
-0.0235117
-0.0226466
-0.0213422
-0.0200514
-0.0194061
-0.0198592
-0.0213284
-0.0232508
-0.0248436
-0.0255165
-0.0250359
-0.0237177
-0.0223583
-0.0217541
-0.0221249
-0.0229899
-0.0235941
-0.0235804
-0.0231547
-0.0227016
-0.0223171
-0.0217129
-0.0207929
-0.0200102
-0.0198592
-0.0202711
-0.0206693
-0.0207517
-0.0207929
-0.0212598
-0.0221935
-0.0231959
-0.0238412
-0.0239099
-0.0234156
-0.0225505
-0.0217404
-0.0214658
-0.0220287
-0.0232783
-0.0246239
-0.0254066
-0.0254203
-0.0249123
-0.0242806
-0.0238001
-0.0234705
-0.0231959
-0.0227565
-0.022015
-0.0211362
-0.0205458
-0.0206144
-0.0213971
-0.0226192
-0.0239374
-0.0249535
-0.0253379
-0.0251183
-0.0246514
-0.0241571
-0.023498
-0.0224681
-0.0213284
-0.0208616
-0.0215344
-0.0229487
-0.0241571
-0.0243218
-0.0233469
-0.021864
-0.0207655
-0.0206968
