LECROYHDO9204-MSöv,30454,Waveform
Segments,1,SegmentSize,2002
Ampl
-0.0122109
-0.0128014
-0.0131721
-0.0130897
-0.0126229
-0.0118951
-0.0111124
-0.0102611
-0.00927245
-0.00828381
-0.00785814
-0.00847604
-0.00998648
-0.0115793
-0.0125267
-0.0126229
-0.0122109
-0.0116617
-0.011085
-0.0104945
-0.00998648
-0.00986289
-0.0103298
-0.0112909
-0.0124444
-0.0134605
-0.0141882
-0.0145315
-0.0143942
-0.0138861
-0.0133369
-0.013076
-0.0131035
-0.013227
-0.0133643
-0.013584
-0.0139273
-0.0141608
-0.0142157
-0.0143118
-0.0148748
-0.0158909
-0.0169345
-0.0175386
-0.0175661
-0.017113
-0.0163852
-0.0156575
-0.0152867
-0.0154927
-0.0163166
-0.0174151
-0.0182252
-0.0181703
-0.017264
-0.0160419
-0.0151769
-0.0149297
-0.0150945
-0.015273
-0.0151357
-0.0146414
-0.014202
-0.0143393
-0.0152043
-0.0163577
-0.0172228
-0.0174837
-0.0173739
-0.0172228
-0.0170306
-0.0165225
-0.0155064
-0.0141333
-0.0129661
-0.0125267
-0.012925
-0.01379
-0.0147237
-0.0155613
-0.0163166
-0.0167834
-0.0166873
-0.0159733
-0.0149846
-0.0142981
-0.0143942
-0.0153554
-0.0166873
-0.0175661
-0.0174288
-0.016344
-0.0149572
-0.0139136
-0.0134742
-0.0134742
-0.0138037
-0.0144628
-0.0154378
-0.0162479
-0.0163989
-0.0157673
-0.0147924
-0.013996
-0.0136939
-0.0140646
-0.0151906
-0.0168109
-0.0182527
-0.0188568
-0.0185822
-0.0179231
-0.0173464
-0.0169757
-0.0167422
-0.0165912
-0.0165912
-0.0167971
-0.0173189
-0.0181153
-0.018898
-0.0192413
-0.0190353
-0.018541
-0.018184
-0.0181291
-0.0182389
-0.0182389
-0.017978
-0.0176348
-0.0176485
-0.0182938
-0.0192276
-0.0197768
-0.019612
-0.0189804
-0.0183762
-0.0181703
-0.0185135
-0.0192138
-0.019818
-0.0197768
-0.0188568
-0.0173739
-0.0160282
-0.0154927
-0.0159595
-0.0170031
-0.0177171
-0.0174562
-0.0162754
-0.0149572
-0.0142157
-0.0142294
-0.0146414
-0.0149572
-0.0149572
-0.0147924
-0.0146276
-0.0144903
-0.0143393
-0.0142294
-0.0142431
-0.0144354
-0.0146139
-0.0146825
-0.0148473
-0.0153279
-0.0160831
-0.016701
-0.0168795
-0.0166598
-0.016344
-0.0162479
-0.0165774
-0.0173189
-0.0181153
-0.0183488
-0.0176759
-0.0164813
-0.0156025
-0.0155476
-0.0160831
-0.0164401
-0.0162479
-0.0156849
-0.0152867
-0.0152455
-0.0154103
-0.01563
-0.0158634
-0.0159733
-0.0157261
-0.0152043
-0.014916
-0.0153416
-0.0162204
-0.0167285
-0.0161106
-0.0144766
-0.0126091
-0.0113733
-0.0111399
-0.0117853
-0.01287
-0.0139411
-0.014861
-0.0155476
-0.015836
-0.0154378
-0.0143667
-0.013076
-0.0121285
-0.0118539
-0.0122796
-0.0131858
-0.0141058
-0.0145315
-0.0143805
-0.0139685
-0.013584
-0.013433
-0.013639
-0.0142981
-0.0152867
-0.0163577
-0.0172091
-0.0177309
-0.0179094
-0.0177858
-0.0175524
-0.0173601
-0.0172228
-0.017058
-0.0168521
-0.0165912
-0.0162067
-0.01563
-0.0149434
-0.0143118
-0.0138724
-0.0138037
-0.0142569
-0.0151906
-0.0161655
-0.0165225
-0.015836
-0.0143393
-0.0128014
-0.0119638
-0.0119363
-0.0122109
-0.0122109
-0.0117853
-0.0112772
-0.011236
-0.0118402
-0.0127876
-0.0134467
-0.0134193
-0.0129387
-0.0126229
-0.0129524
-0.0137351
-0.0142569
-0.0139273
-0.0128563
-0.0116891
-0.0109614
-0.0107554
-0.0108515
-0.011085
-0.0113871
-0.0119088
-0.0128014
-0.0140234
-0.0150945
-0.0154103
-0.0147375
-0.0134193
-0.01195
-0.010728
-0.0100414
-0.0100414
-0.0106593
-0.0114557
-0.0121285
-0.0126229
-0.0130073
-0.013227
-0.0131996
-0.0128563
-0.0122659
-0.0116754
-0.011442
-0.0116891
-0.0121835
-0.0124856
-0.0125542
-0.0126778
-0.0130073
-0.0133506
-0.0134193
-0.0131858
-0.0127602
-0.012307
-0.0120462
-0.0120873
-0.0123208
-0.0124581
-0.0124306
-0.0123757
-0.012362
-0.0123208
-0.0122384
-0.0122247
-0.0123208
-0.0123894
-0.0123482
-0.0122521
-0.0120873
-0.0115656
-0.0105357
-0.00931365
-0.0085447
-0.00877813
-0.0100551
-0.0118814
-0.0133643
-0.01379
-0.0132408
-0.0124032
-0.0117853
-0.0112909
-0.0107692
-0.0104671
-0.0108241
-0.0117715
-0.0128151
-0.0134467
-0.0133643
-0.0125817
-0.0114283
-0.0104259
-0.0100551
-0.0103709
-0.0110163
-0.0114283
-0.0111948
-0.0103435
-0.00932738
-0.00861336
-0.00822888
-0.00802291
-0.00799545
-0.00842112
-0.00939603
-0.0105632
-0.0114145
-0.0117715
-0.0118402
-0.0118402
-0.0117715
-0.0115381
-0.0111124
-0.0105495
-0.00995901
-0.00935484
-0.00884679
-0.00857216
-0.00865455
-0.00902529
-0.00950588
-0.0100277
-0.0107692
-0.0118127
-0.0128014
-0.0131996
-0.0126641
-0.0114283
-0.0100826
-0.00935484
-0.00968439
-0.0107829
-0.0116617
-0.0114283
-0.0101101
-0.00869574
-0.0081465
-0.00855843
-0.00936857
-0.00997274
-0.0100963
-0.00967066
-0.00883306
-0.00806411
-0.0079268
-0.00853097
-0.00946469
-0.0101787
-0.0103984
-0.010316
-0.0103435
-0.0107554
-0.011442
-0.012156
-0.0128975
-0.0138861
-0.015067
-0.0158222
-0.0155201
-0.0140784
-0.0121835
-0.0106868
-0.0100689
-0.0100963
-0.0101924
-0.00998648
-0.00973931
-0.0100414
-0.0111124
-0.0123757
-0.013076
-0.0128288
-0.0120462
-0.0114145
-0.0115106
-0.012307
-0.0132408
-0.013584
-0.0129936
-0.0116479
-0.0101924
-0.00929992
-0.00947842
-0.0106456
-0.0122247
-0.0134193
-0.0138037
-0.0134193
-0.0126641
-0.0120187
-0.0117578
-0.0118265
-0.012005
-0.0122796
-0.0130073
-0.0146139
-0.0168521
-0.0188431
-0.0197768
-0.0197905
-0.0197082
-0.0204085
-0.0221249
-0.0243081
-0.0261069
-0.0270818
-0.0276036
-0.0284961
-0.0304185
-0.0332883
-0.0365014
-0.039385
-0.041527
-0.0430787
-0.0446165
-0.0468822
-0.0502189
-0.054297
-0.0584439
-0.0620414
-0.0647877
-0.0666688
-0.067987
-0.0691679
-0.0705136
-0.0720789
-0.0738091
-0.0756216
-0.077338
-0.0788621
-0.0803863
-0.08224
-0.0845606
-0.0869361
-0.0888035
-0.0898883
-0.0902728
-0.0901492
-0.0896549
-0.088982
-0.0883779
-0.0881582
-0.0885289
-0.0894626
-0.0905886
-0.0913575
-0.0914536
-0.0908357
-0.0895999
-0.0880483
-0.0866203
-0.0857689
-0.0854943
-0.0853021
-0.0846842
-0.0836131
-0.0825284
-0.0819242
-0.0819105
-0.0822949
-0.0827206
-0.082803
-0.0823224
-0.081169
-0.0794526
-0.0776675
-0.0763905
-0.0759649
-0.0762532
-0.0768025
-0.0771732
-0.0770771
-0.0763081
-0.0749899
-0.0735619
-0.0724497
-0.0718455
-0.0717219
-0.0721751
-0.0733285
-0.0749762
-0.0765416
-0.0773792
-0.0772556
-0.0765278
-0.0757589
-0.0753607
-0.0752508
-0.0750998
-0.0748664
-0.0749213
-0.0756902
-0.0770908
-0.0785463
-0.0795212
-0.0799332
-0.0800293
-0.0800018
-0.079892
-0.0797959
-0.0797684
-0.0798096
-0.0799881
-0.0802215
-0.0802765
-0.0798783
-0.0791093
-0.0785189
-0.0785463
-0.079123
-0.0798371
-0.0804
-0.0806884
-0.0805373
-0.0798096
-0.0786287
-0.0775439
-0.0771183
-0.0775302
-0.0782717
-0.0786562
-0.0784502
-0.0781344
-0.0783816
-0.0793839
-0.0806884
-0.0817594
-0.0822126
-0.0819654
-0.081169
-0.0801941
-0.0794663
-0.079178
-0.0790681
-0.0788347
-0.0784502
-0.0782854
-0.0785738
-0.0792054
-0.0797135
-0.0797684
-0.0793839
-0.0789857
-0.0789583
-0.0793153
-0.0795899
-0.0793153
-0.0784777
-0.077695
-0.0777087
-0.078766
-0.0802627
-0.0812239
-0.0811415
-0.0803451
-0.0796723
-0.0796311
-0.0800156
-0.0803863
-0.0804687
-0.0805099
-0.0810317
-0.0823087
-0.0840663
-0.0854257
-0.0855218
-0.0842997
-0.0825146
-0.0811003
-0.0804275
-0.0803039
-0.0802627
-0.0800018
-0.0796036
-0.0793702
-0.079535
-0.079892
-0.080098
-0.0799332
-0.0794251
-0.0787523
-0.0782168
-0.0781481
-0.0787386
-0.079686
-0.0803451
-0.0802215
-0.0794938
-0.0789033
-0.0789583
-0.0795624
-0.0802765
-0.0806884
-0.080757
-0.0806197
-0.080455
-0.0802902
-0.080043
-0.0797409
-0.0794526
-0.0793153
-0.0793565
-0.0795624
-0.0798371
-0.0800842
-0.0802078
-0.0802765
-0.0803726
-0.0805373
-0.0806335
-0.0806197
-0.0806472
-0.0808669
-0.081169
-0.0811964
-0.0804412
-0.0788072
-0.0767475
-0.0750861
-0.0744132
-0.0749762
-0.0765553
-0.0786287
-0.0802627
-0.0806197
-0.079535
-0.077695
-0.0761296
-0.0753744
-0.0752508
-0.0754568
-0.0758413
-0.0763631
-0.0770084
-0.077695
-0.0782992
-0.0786974
-0.0787111
-0.0782717
-0.0774753
-0.076569
-0.0760061
-0.0761571
-0.0769947
-0.0780383
-0.0786974
-0.0786836
-0.0781344
-0.0774616
-0.0770084
-0.0768299
-0.0767613
-0.0767201
-0.0768849
-0.0776263
-0.0789857
-0.0804
-0.0811827
-0.0810866
-0.080455
-0.0797135
-0.0789033
-0.0778323
-0.0765416
-0.0753744
-0.074784
-0.0750174
-0.0758413
-0.0767613
-0.0772556
-0.077338
-0.0773654
-0.0775714
-0.0778323
-0.077901
-0.0777087
-0.077338
-0.0767887
-0.0760884
-0.0753882
-0.0749762
-0.0749762
-0.0752646
-0.0754705
-0.0753607
-0.074935
-0.0745368
-0.0744544
-0.0746741
-0.0749076
-0.0747977
-0.0741249
-0.0729165
-0.0715571
-0.0707882
-0.0712413
-0.0728479
-0.0746604
-0.0756902
-0.0755392
-0.0745094
-0.073095
-0.0718318
-0.0711727
-0.0713512
-0.0721064
-0.0729577
-0.0734658
-0.0735344
-0.0732873
-0.0729303
-0.0725595
-0.0720789
-0.0715022
-0.0711864
-0.0715434
-0.0726694
-0.0740562
-0.0749625
-0.0749076
-0.0738228
-0.0721201
-0.0704312
-0.0694288
-0.069319
-0.0698819
-0.0707058
-0.071461
-0.0719416
-0.0721064
-0.0720789
-0.0719554
-0.0716395
-0.0710354
-0.0702939
-0.0697446
-0.0696348
-0.0699781
-0.0708294
-0.07223
-0.0738091
-0.0747291
-0.074221
-0.0722986
-0.0698133
-0.0678223
-0.0668611
-0.0667238
-0.066765
-0.0664766
-0.0658862
-0.0653506
-0.0651584
-0.0652957
-0.0657351
-0.0665315
-0.0676712
-0.068907
-0.0698819
-0.0701978
-0.0696485
-0.068344
-0.0670533
-0.066559
-0.0670121
-0.0678635
-0.0686873
-0.0694425
-0.0702252
-0.070747
-0.0705136
-0.0694837
-0.0681655
-0.0673966
-0.0677261
-0.0689757
-0.0702664
-0.0706372
-0.0697446
-0.0681655
-0.0667512
-0.0660784
-0.0663256
-0.0674378
-0.0690718
-0.0705685
-0.0712551
-0.0708569
-0.0697584
-0.0686873
-0.0680832
-0.0677811
-0.0674927
-0.0671632
-0.0671494
-0.0676163
-0.0682891
-0.0686049
-0.0682479
-0.0674103
-0.0664629
-0.0657489
-0.0654056
-0.0653644
-0.0654468
-0.0655292
-0.0654468
-0.0650211
-0.0640599
-0.0627966
-0.061808
-0.0614785
-0.0616982
-0.0620002
-0.0622749
-0.0626731
-0.063236
-0.0635793
-0.0635244
-0.0633322
-0.0633184
-0.0633459
-0.0631399
-0.0627005
-0.0623298
-0.0621787
-0.0621925
-0.0623298
-0.0626593
-0.0630987
-0.0635244
-0.0638677
-0.0642522
-0.064719
-0.0651859
-0.065488
-0.065488
-0.0651447
-0.0646504
-0.0643483
-0.0643757
-0.064513
-0.0644307
-0.0640462
-0.0635656
-0.063085
-0.0626181
-0.0622474
-0.0622886
-0.0629889
-0.0641286
-0.0650898
-0.0653095
-0.0647053
-0.063799
-0.0632086
-0.0631674
-0.0634283
-0.0637166
-0.0638677
-0.0637716
-0.0633871
-0.0628104
-0.0624122
-0.0625083
-0.0631125
-0.0638539
-0.0643345
-0.0642933
-0.0637578
-0.0630026
-0.0624534
-0.062371
-0.0626868
-0.0630987
-0.0633596
-0.0633047
-0.0629065
-0.0623984
-0.0621101
-0.062165
-0.0622337
-0.0620414
-0.0617119
-0.061602
-0.0618904
-0.062371
-0.0626456
-0.0625495
-0.0620689
-0.0613823
-0.0608331
-0.060682
-0.0610116
-0.0616982
-0.0623847
-0.0625358
-0.0615883
-0.0593501
-0.0563979
-0.0538576
-0.0529376
-0.0541323
-0.0568785
-0.0598307
-0.0617393
-0.0622062
-0.0616432
-0.060682
-0.0597071
-0.0590206
-0.0589794
-0.0597621
-0.0610665
-0.0621925
-0.0624671
-0.0617256
-0.0603525
-0.0590343
-0.0584301
-0.0587048
-0.0593913
-0.059817
-0.059611
-0.0588558
-0.057826
-0.056906
-0.0565215
-0.0569884
-0.058183
-0.0593638
-0.0596247
-0.05854
-0.056494
-0.0546129
-0.0540224
-0.0550111
-0.0568098
-0.0583203
-0.0589656
-0.0588421
-0.0583065
-0.0577024
-0.0572081
-0.0568922
-0.0567137
-0.0566039
-0.0563018
-0.0555466
-0.0543657
-0.053377
-0.0535144
-0.0552033
-0.057977
-0.0606408
-0.0619316
-0.0611214
-0.0584027
-0.0548326
-0.051798
-0.0504248
-0.0509741
-0.052869
-0.0550797
-0.0566863
-0.0573042
-0.0571943
-0.0567961
-0.056343
-0.0558761
-0.0556015
-0.0558075
-0.0564528
-0.0571119
-0.0575376
-0.0580045
-0.0588421
-0.059817
-0.0603388
-0.0599543
-0.0586498
-0.0567687
-0.0549287
-0.05394
-0.0543794
-0.0561919
-0.0586224
-0.0606408
-0.0614785
-0.0610391
-0.0598582
-0.0586361
-0.0576612
-0.0567
-0.0556839
-0.0550934
-0.0554779
-0.0567687
-0.0581692
-0.0588421
-0.0584439
-0.0573042
-0.056137
-0.055423
-0.0552308
-0.0553681
-0.0557525
-0.0564391
-0.0574277
-0.0583065
-0.0585125
-0.057826
-0.0564666
-0.0550111
-0.0541735
-0.0543794
-0.0554505
-0.0565215
-0.056851
-0.0563567
-0.0554505
-0.0545717
-0.05394
-0.0537753
-0.0541735
-0.0550248
-0.0558761
-0.0562057
-0.0557663
-0.0547227
-0.0534869
-0.052512
-0.051949
-0.0517156
-0.0518254
-0.0524845
-0.0537478
-0.0551484
-0.0560134
-0.0558761
-0.0546952
-0.0527454
-0.0506445
-0.0492028
-0.0491066
-0.0503013
-0.0520451
-0.0535144
-0.0542284
-0.0541872
-0.0537066
-0.0531436
-0.0526081
-0.0521412
-0.0519353
-0.0522236
-0.052869
-0.0532397
-0.052718
-0.0513448
-0.0497932
-0.0487496
-0.0486398
-0.049395
-0.0506857
-0.0520451
-0.0530338
-0.0534045
-0.0531024
-0.0522648
-0.0513723
-0.0509466
-0.051029
-0.0510977
-0.0506308
-0.0496696
-0.0485986
-0.0477335
-0.0471294
-0.0469371
-0.0473902
-0.0483514
-0.049395
-0.0500129
-0.0499992
-0.0493813
-0.0482828
-0.0469646
-0.0459622
-0.0456327
-0.0459485
-0.0465115
-0.0469508
-0.0471568
-0.0472392
-0.0473353
-0.0475138
-0.0478022
-0.0482278
-0.0487908
-0.049395
-0.0497932
-0.0498069
-0.0494637
-0.0488183
-0.0479258
-0.0468547
-0.0457974
-0.0449461
-0.0443968
-0.0442321
-0.0444518
-0.0449186
-0.0452344
-0.0450148
-0.0441222
-0.0430649
-0.0426118
-0.043161
-0.0444243
-0.0456327
-0.0461956
-0.0461544
-0.0458386
-0.0455228
-0.0451658
-0.0446715
-0.0441634
-0.043724
-0.0433121
-0.0428452
-0.0422822
-0.0415682
-0.0406894
-0.0399479
-0.0399205
-0.0407306
-0.0417193
-0.0420625
-0.0416918
-0.0413897
-0.0418703
-0.0430649
-0.0442321
-0.0446577
-0.0442321
-0.0434631
-0.0429001
-0.0426942
-0.0425294
-0.0422548
-0.0421587
-0.0426667
-0.0438613
-0.0453031
-0.0463329
-0.0465664
-0.0460995
-0.0453443
-0.0445616
-0.0436279
-0.0422822
-0.040607
-0.039179
-0.0387396
-0.0394399
-0.0406757
-0.0415408
-0.0415408
-0.0409229
-0.040456
-0.0407443
-0.0418017
-0.0430512
-0.0437927
-0.0437515
-0.0431336
-0.0422548
-0.0412936
-0.0401951
-0.0390417
-0.0381629
-0.0380668
-0.0388494
-0.0399617
-0.0405247
-0.0401402
-0.0392202
-0.0385062
-0.0383826
-0.0386435
-0.0388632
-0.038822
-0.0386709
-0.0387945
-0.0393712
-0.0401814
-0.0407032
-0.040662
-0.04025
-0.0398106
-0.0395223
-0.0393575
-0.0393712
-0.0395635
-0.0397557
-0.0398656
-0.0399754
-0.0402088
-0.0406482
-0.0412799
-0.0420214
-0.0426118
-0.0427903
-0.0426255
-0.0424196
-0.0423372
-0.0422548
-0.0419939
-0.0415545
-0.0411014
-0.0407443
-0.0405109
-0.0402638
-0.0399067
-0.0394811
-0.0393712
-0.0399342
-0.0411426
-0.0424196
-0.0430924
-0.0427491
-0.0414721
-0.0396733
-0.0379157
-0.036831
-0.0366936
-0.0373253
-0.0382453
-0.0389044
-0.039028
-0.0385886
-0.0378608
-0.0373116
-0.0371605
-0.0372154
-0.0371605
-0.0369545
-0.0369408
-0.0374489
-0.0385062
-0.0397282
-0.0405521
-0.0405658
-0.0395909
-0.0376686
-0.0351695
-0.0328626
-0.031723
-0.0322997
-0.0342083
-0.0364053
-0.0379706
-0.038616
-0.0384924
-0.0379157
-0.0373253
-0.037133
-0.0373939
-0.037696
-0.0374901
-0.0365563
-0.0353617
-0.034579
-0.0347575
-0.0358698
-0.0372978
-0.0382453
-0.038259
-0.0374214
-0.0361581
-0.0349498
-0.0343456
-0.0347438
-0.0361307
-0.0378059
-0.0388906
-0.039028
-0.0385199
-0.0379157
-0.0375724
-0.037545
-0.0377372
-0.0379844
-0.0382315
-0.038465
-0.0387121
-0.0388769
-0.0389456
-0.0391378
-0.0395497
-0.0399067
-0.039742
-0.0388357
-0.0375587
-0.0365563
-0.0363504
-0.0368584
-0.0375724
-0.0379844
-0.0381354
-0.0384238
-0.0391103
-0.0398106
-0.0399067
-0.0392339
-0.0382178
-0.0373802
-0.0369957
-0.037133
-0.0376274
-0.0381492
-0.0383277
-0.0380942
-0.0377784
-0.0378471
-0.038465
-0.039385
-0.0400578
-0.0400029
-0.0391927
-0.0380805
-0.037188
-0.0369271
-0.0375038
-0.0386709
-0.0397557
-0.0399617
-0.0392339
-0.03841
-0.0383689
-0.0390142
-0.0394948
-0.0390142
-0.0377098
-0.0363504
-0.035705
-0.0359384
-0.0367074
-0.0375313
-0.0381217
-0.0383689
-0.0382453
-0.0377921
-0.0370781
-0.0362405
-0.0354304
-0.0349086
-0.0349223
-0.0354304
-0.0360895
-0.0365151
-0.0365151
-0.0361032
-0.0353068
-0.0341946
-0.0330686
-0.0324232
-0.0325743
-0.0332334
-0.0338101
-0.0337964
-0.0330961
-0.0321486
-0.0315856
-0.0317641
-0.0325606
-0.0335904
-0.0345378
-0.0352656
-0.0356775
-0.0356775
-0.0353343
-0.0349361
-0.0346477
-0.0343731
-0.0338788
-0.0332059
-0.0327253
-0.0328352
-0.0337689
-0.0352793
-0.0365701
-0.0368172
-0.0359934
-0.0347987
-0.0340161
-0.0337689
-0.0337277
-0.0336316
-0.0334805
-0.0333707
-0.0334119
-0.0336179
-0.0337964
-0.0337277
-0.0333707
-0.0328626
-0.0322035
-0.0313248
-0.0304597
-0.0301713
-0.030954
-0.0326429
-0.0345653
-0.0360895
-0.036831
-0.0366387
-0.0355677
-0.0340435
-0.0326567
-0.0318191
-0.0317504
-0.0323958
-0.0334256
-0.0342632
-0.0343044
-0.0333844
-0.0319152
-0.0307068
-0.0304185
-0.0310913
-0.0321761
-0.0329588
-0.0330961
-0.0326567
-0.0319427
-0.0313385
-0.0312012
-0.0316955
-0.0326155
-0.033357
-0.0333158
-0.0323134
-0.0306657
-0.0290316
-0.0280842
-0.028194
-0.0291552
-0.0302537
-0.0308854
-0.0309677
-0.0308579
-0.0307755
-0.0307068
-0.0306931
-0.0308716
-0.0312561
-0.0315856
-0.0315033
-0.0308991
-0.0299654
-0.029169
-0.0288531
-0.0290454
-0.0295534
-0.0302537
-0.0311188
-0.0319015
-0.03208
-0.0312149
-0.0294848
-0.0277134
-0.0268072
-0.0271642
-0.0285099
-0.0301164
-0.0310776
-0.030803
-0.0294436
-0.0279331
-0.027274
-0.0279469
-0.0294161
-0.0305833
-0.0305146
-0.0291415
-0.0272191
-0.0257224
-0.0253242
-0.026203
-0.0280155
-0.0300066
-0.0312836
-0.0312424
-0.0299928
-0.0283588
-0.0271505
-0.0267248
-0.026766
-0.0269445
-0.0271367
-0.0275212
-0.0281803
-0.0289493
-0.0295397
-0.0298281
-0.0299516
-0.0300066
-0.0299791
-0.0299928
-0.0302125
-0.0307755
-0.0313934
-0.0315033
-0.0307206
-0.0290591
-0.0270132
-0.0254478
-0.025132
-0.0262442
-0.0282078
-0.0301027
-0.0312973
-0.0316955
-0.0314071
-0.0306382
-0.0295397
-0.0283451
-0.0274114
-0.0271367
-0.0274937
-0.0278645
-0.02748
-0.0262442
-0.0249947
-0.02472
-0.0256263
-0.0270543
-0.0279194
-0.0275761
-0.0261481
-0.0244592
-0.0235254
-0.0237451
-0.0246651
-0.0255027
-0.0258185
-0.0259147
-0.0262991
-0.0272329
-0.0284137
-0.0292376
-0.02932
-0.0286472
-0.0275899
-0.0266973
-0.026409
-0.026917
-0.028043
-0.0293337
-0.0301164
-0.0299654
-0.028963
-0.027686
-0.0268896
-0.0270406
-0.028043
-0.0292925
-0.0300752
-0.0301713
-0.0298143
-0.0294985
-0.0294573
-0.0295672
-0.0296221
-0.0296221
-0.0297182
-0.0300752
-0.0306245
-0.0311462
-0.0313248
-0.0310089
-0.03024
-0.0293337
-0.0286609
-0.0285236
-0.0289081
-0.0294985
-0.0298692
-0.0299104
-0.0297594
-0.0295809
-0.0292239
-0.0284549
-0.0273152
-0.0262579
-0.0259147
-0.0265875
-0.0279743
-0.029169
-0.0292788
-0.0283451
-0.0273015
-0.027123
-0.027892
-0.0289355
-0.0294436
-0.0291964
-0.0285785
-0.0280567
-0.0277684
-0.0276036
-0.0275075
-0.0276585
-0.0282627
-0.0291827
-0.0299379
-0.0300477
-0.0293612
-0.028043
-0.0265738
-0.0256812
-0.0259833
-0.0273976
-0.0290179
-0.0298143
-0.0294161
-0.0282902
-0.0271505
-0.0265738
-0.0266836
-0.0272466
-0.0278233
-0.0281528
-0.028194
-0.0282215
-0.0285236
-0.0292101
-0.0301164
-0.0308991
-0.0312149
-0.0309403
-0.0301439
-0.0290316
-0.0277546
-0.02656
-0.0257911
-0.0257499
-0.0264227
-0.0274937
-0.0284687
-0.0289493
-0.0288531
-0.0285922
-0.0286197
-0.029114
-0.0298006
-0.0301988
-0.0299379
-0.0290454
-0.0279331
-0.0272466
-0.0274388
-0.0283314
-0.0292513
-0.0296358
-0.0294024
-0.0287845
-0.0279331
-0.0269308
-0.0259421
-0.0253105
-0.0253242
-0.0261069
-0.027329
-0.0283039
-0.028551
-0.0282352
-0.0278096
-0.0274526
-0.0268484
-0.0257362
-0.0243356
-0.0231684
-0.0224407
-0.0220562
-0.0219189
-0.0221798
-0.0229762
-0.0241296
-0.0250908
-0.0254615
-0.0252968
-0.0250908
-0.0251732
-0.0252968
-0.0250771
-0.0245415
-0.024212
-0.0245141
-0.0252968
-0.026052
-0.0261344
-0.0253242
-0.0239923
-0.022935
-0.0225642
-0.0227153
-0.0228938
-0.0229213
-0.0231547
-0.024006
-0.0255439
-0.0273702
-0.0288394
-0.0294573
-0.0290728
-0.0280293
-0.0268484
-0.0258735
-0.0252556
-0.0250084
-0.025132
-0.02564
-0.0264227
-0.0272054
-0.0275349
-0.0271367
-0.0262167
-0.0253105
-0.024926
-0.0251183
-0.0255302
-0.0257224
-0.0255714
-0.0253791
-0.02564
-0.0265326
-0.0276036
-0.0280979
-0.0277272
-0.0269033
-0.0263266
-0.0263403
-0.0269033
-0.0277821
-0.0286334
-0.0289493
-0.0283451
-0.0269994
-0.0255302
-0.0245965
-0.0244729
-0.024926
-0.0253654
-0.0252418
-0.0245278
-0.0239236
-0.0241159
-0.0250221
-0.0257911
-0.0257362
-0.0251045
-0.0249672
-0.0261069
-0.0282352
-0.0300752
-0.0302949
-0.0285373
-0.0257224
-0.0232371
-0.0221111
-0.0224681
-0.0237451
-0.0252006
-0.0263129
-0.0269033
-0.0269994
-0.026615
-0.0257773
-0.0246102
-0.0236902
-0.0235666
-0.0243356
-0.0253791
-0.0261069
-0.0264776
-0.0268896
-0.0275212
-0.0281528
-0.0284
-0.0281391
-0.0275761
-0.0270818
-0.0269033
-0.0270406
-0.027274
-0.0275212
-0.0277684
-0.0279606
-0.0278096
-0.0272054
-0.0262717
-0.0254203
-0.0249672
-0.0251457
-0.0258872
-0.0268347
-0.0273015
-0.0268484
-0.0256538
-0.0243356
-0.0235117
-0.0233332
-0.0235254
-0.0237039
-0.0237451
-0.0239236
-0.0245415
-0.0255027
-0.0261756
-0.0259559
-0.0246926
-0.0227977
-0.0209852
-0.020024
-0.0202574
-0.021452
-0.0229899
-0.0244454
-0.0255714
-0.0260657
-0.02564
-0.0245415
-0.0235529
-0.0234156
-0.0241571
-0.0251594
-0.0257087
-0.0254478
-0.0244317
-0.0229487
-0.0213284
-0.0199553
-0.0192276
-0.0194335
-0.0204634
-0.0218502
-0.0229899
-0.0235254
-0.0234568
-0.023086
-0.0228251
-0.0230448
-0.0237726
-0.0247338
-0.0253654
-0.0253242
-0.0245553
-0.0234293
-0.0225231
-0.0224681
-0.0234568
-0.0249809
-0.0260932
-0.026203
-0.0254753
-0.0245415
-0.0239374
-0.0238962
-0.024363
-0.0250221
-0.0253929
-0.025283
-0.0248848
-0.0245553
-0.0244454
-0.0245415
-0.0248024
-0.0251045
-0.0252556
-0.0251594
-0.0248986
-0.0245415
-0.0240884
-0.0235392
-0.0230036
-0.0225505
-0.0223171
-0.0226604
-0.0238687
-0.0256538
-0.0270132
-0.0271642
-0.0262854
-0.0252556
-0.0248711
-0.0252144
-0.0259009
-0.0264639
-0.0265875
-0.0261344
-0.0251594
-0.0240472
-0.0233607
-0.0236078
-0.0247887
-0.0262579
-0.0272466
-0.0273702
-0.0268484
-0.0261344
-0.0255165
-0.0249947
-0.0244317
-0.0238138
-0.0234019
-0.0235666
-0.0243768
-0.0254203
-0.0259147
-0.025283
-0.0235666
-0.0215207
-0.0201201
-0.019818
-0.0203673
-0.0212186
-0.0220974
-0.0231272
-0.0243218
-0.0252281
-0.0252556
-0.0241983
-0.0226192
-0.021452
-0.0213971
-0.0224956
-0.0240747
-0.0251594
-0.0250633
-0.0239786
-0.022729
-0.0219601
-0.0216443
-0.0215207
-0.0214383
-0.021452
-0.0215619
