LECROYHDO9204-MSöv,30454,Waveform
Segments,1,SegmentSize,2002
Ampl
-0.0127876
-0.0130485
-0.013282
-0.0136802
-0.0141882
-0.0146276
-0.0148885
-0.0151219
-0.0153966
-0.0156987
-0.0160282
-0.0164539
-0.0168109
-0.0167422
-0.0160145
-0.0147787
-0.0134055
-0.0122109
-0.0112635
-0.0106181
-0.0104533
-0.0109065
-0.0117853
-0.0124993
-0.0125679
-0.0120736
-0.0114832
-0.0111536
-0.0111536
-0.0114832
-0.0120324
-0.0125679
-0.0128288
-0.0127739
-0.0126366
-0.0124718
-0.0120599
-0.0113184
-0.010522
-0.0102748
-0.0108927
-0.0122247
-0.0137214
-0.0146688
-0.0147787
-0.0144079
-0.0143118
-0.0149297
-0.0160831
-0.0171542
-0.0174288
-0.0165363
-0.0146688
-0.0127876
-0.0120187
-0.0128975
-0.0147512
-0.0163715
-0.0167285
-0.0156849
-0.0139548
-0.0126366
-0.0123482
-0.0128426
-0.0132957
-0.0131721
-0.0128288
-0.013076
-0.0142569
-0.0158634
-0.0170443
-0.0174013
-0.0169757
-0.0160145
-0.0145864
-0.0128288
-0.0111536
-0.0102336
-0.0103709
-0.0112772
-0.0122521
-0.0128426
-0.0129661
-0.0129799
-0.0131721
-0.0136527
-0.014147
-0.0142706
-0.0138587
-0.0133918
-0.0135154
-0.0142706
-0.0149572
-0.0149297
-0.0142981
-0.0136802
-0.0135017
-0.0137488
-0.0140921
-0.0142157
-0.0139548
-0.0133918
-0.012719
-0.0120736
-0.0115106
-0.0112772
-0.0117441
-0.0128426
-0.0140509
-0.0146414
-0.0142843
-0.0132133
-0.0121011
-0.0117853
-0.0125679
-0.0139823
-0.0150945
-0.0153142
-0.0147787
-0.0139685
-0.0132545
-0.0128288
-0.0128563
-0.0133369
-0.0139685
-0.0142157
-0.0137626
-0.0127602
-0.0116754
-0.0109614
-0.0107692
-0.0107829
-0.010728
-0.0106868
-0.0109889
-0.0116205
-0.0121148
-0.0120873
-0.0115656
-0.010879
-0.0103984
-0.0104396
-0.0111262
-0.0123345
-0.01379
-0.0151357
-0.0159595
-0.0158085
-0.0146139
-0.0129936
-0.0118676
-0.0117441
-0.0123757
-0.0131721
-0.0136802
-0.0137626
-0.0134742
-0.0130485
-0.012719
-0.0125542
-0.0124856
-0.0125405
-0.0127739
-0.0131584
-0.013433
-0.013433
-0.0133918
-0.0135703
-0.0138999
-0.0140372
-0.0138175
-0.013433
-0.013227
-0.0133094
-0.0134879
-0.0134193
-0.0129799
-0.0124169
-0.0121011
-0.0121011
-0.012156
-0.0121011
-0.0121148
-0.0123894
-0.0129112
-0.013639
-0.0144903
-0.0150945
-0.0149572
-0.0139411
-0.0126229
-0.0119363
-0.0124032
-0.0138587
-0.01563
-0.0168933
-0.0170306
-0.0159184
-0.0140646
-0.0124306
-0.011799
-0.0123345
-0.0134193
-0.0141882
-0.0141196
-0.0133643
-0.0124856
-0.0121285
-0.0125954
-0.0136527
-0.0146414
-0.0149297
-0.0144628
-0.0138037
-0.0135429
-0.0136939
-0.01379
-0.0135429
-0.0133094
-0.0136115
-0.0144491
-0.0152318
-0.0153142
-0.0144354
-0.0129661
-0.0117715
-0.0115381
-0.0123894
-0.0137626
-0.0149572
-0.0156163
-0.0158497
-0.0159458
-0.0160694
-0.0160969
-0.0159184
-0.0155064
-0.0150945
-0.014916
-0.0149022
-0.0147512
-0.014353
-0.0139136
-0.01379
-0.0140784
-0.0146551
-0.015273
-0.0156575
-0.0155201
-0.0149572
-0.0144628
-0.0145452
-0.0153554
-0.0165225
-0.0174151
-0.0175386
-0.0168383
-0.0156987
-0.01471
-0.0143805
-0.0147649
-0.0155064
-0.0159321
-0.0156437
-0.0147512
-0.0138037
-0.013227
-0.0130073
-0.0128426
-0.0126915
-0.0127876
-0.0133094
-0.013996
-0.0143255
-0.0139685
-0.0130623
-0.0121148
-0.0117441
-0.0122659
-0.0134055
-0.0143942
-0.0146002
-0.0139136
-0.0128426
-0.0120187
-0.0117303
-0.0117853
-0.0118951
-0.0120599
-0.0125405
-0.0133781
-0.0142569
-0.0146688
-0.0144766
-0.0139823
-0.0136802
-0.0137763
-0.0141333
-0.0144079
-0.0142431
-0.0135566
-0.0127053
-0.0122247
-0.0122796
-0.012513
-0.0124718
-0.0121148
-0.0117029
-0.011442
-0.0113596
-0.0114008
-0.0116068
-0.0120187
-0.0126229
-0.013282
-0.0137214
-0.0136802
-0.013076
-0.0121011
-0.0112223
-0.0109614
-0.0115106
-0.012513
-0.0132408
-0.0132545
-0.0127602
-0.0123208
-0.0122109
-0.0122521
-0.0121148
-0.0117715
-0.0113733
-0.0111262
-0.0112909
-0.0119775
-0.0129936
-0.0138999
-0.0143942
-0.0144079
-0.0139823
-0.0131858
-0.0123757
-0.0119088
-0.0119088
-0.0122659
-0.0127876
-0.0133918
-0.0139823
-0.0144491
-0.0146276
-0.0144903
-0.0141333
-0.0138175
-0.01379
-0.0139548
-0.0139411
-0.0135429
-0.0131035
-0.0131858
-0.0138999
-0.0148473
-0.015479
-0.0154515
-0.0146963
-0.0134467
-0.0123482
-0.0119912
-0.0124306
-0.0131035
-0.013433
-0.0133781
-0.0133506
-0.0136527
-0.014202
-0.0145864
-0.0145315
-0.0140646
-0.0135566
-0.0133094
-0.0133506
-0.0135017
-0.013639
-0.0136939
-0.0135978
-0.013227
-0.0126503
-0.0120599
-0.011593
-0.0111399
-0.0107142
-0.0106318
-0.0113733
-0.0130623
-0.0152181
-0.0169207
-0.0173739
-0.0163852
-0.0144766
-0.0124444
-0.0109889
-0.0104121
-0.0106456
-0.0113459
-0.0120462
-0.0124444
-0.0126091
-0.0126778
-0.0126091
-0.0122659
-0.0117029
-0.0111536
-0.0109065
-0.0110575
-0.0115518
-0.0121697
-0.0126503
-0.0128151
-0.0127327
-0.0125817
-0.0124856
-0.0124169
-0.0124444
-0.0126503
-0.013076
-0.0135566
-0.0140097
-0.0145178
-0.0151631
-0.0158222
-0.0161518
-0.0159046
-0.0151631
-0.0144354
-0.0143942
-0.0152867
-0.0164951
-0.0170443
-0.0166049
-0.0157536
-0.0153554
-0.0158909
-0.0171954
-0.0186234
-0.0195159
-0.0196532
-0.01931
-0.0190353
-0.019255
-0.0200652
-0.0214658
-0.0233881
-0.0255714
-0.0275761
-0.0293612
-0.0316131
-0.0352381
-0.0404835
-0.0466625
-0.0528278
-0.0582928
-0.0628928
-0.0670259
-0.0715434
-0.0772419
-0.0844233
-0.0927169
-0.101313
-0.109524
-0.117117
-0.124203
-0.130972
-0.137467
-0.143879
-0.150676
-0.158352
-0.167085
-0.17645
-0.185526
-0.193367
-0.199655
-0.204805
-0.20972
-0.215007
-0.220609
-0.225937
-0.230455
-0.234258
-0.237911
-0.241783
-0.245682
-0.249074
-0.251436
-0.252603
-0.252768
-0.252383
-0.252095
-0.252328
-0.252919
-0.253152
-0.252328
-0.25042
-0.24814
-0.246383
-0.245504
-0.245229
-0.244859
-0.243746
-0.241618
-0.238597
-0.234986
-0.231031
-0.227008
-0.223301
-0.220499
-0.21892
-0.218247
-0.217588
-0.216119
-0.213689
-0.21086
-0.20832
-0.206356
-0.204901
-0.20394
-0.20361
-0.20394
-0.20453
-0.204709
-0.203967
-0.202209
-0.199875
-0.197664
-0.196236
-0.195824
-0.196154
-0.196799
-0.197417
-0.197829
-0.197912
-0.197664
-0.197445
-0.197857
-0.199244
-0.201344
-0.203473
-0.205079
-0.205972
-0.206329
-0.206301
-0.206027
-0.205807
-0.205972
-0.206645
-0.207606
-0.208416
-0.208732
-0.208512
-0.208306
-0.208883
-0.210695
-0.213524
-0.216586
-0.218893
-0.219758
-0.219113
-0.217712
-0.216586
-0.216408
-0.21697
-0.217575
-0.21752
-0.216641
-0.215378
-0.21443
-0.214238
-0.214705
-0.215488
-0.216394
-0.217231
-0.217671
-0.217424
-0.216613
-0.215762
-0.215309
-0.215227
-0.215131
-0.214622
-0.213565
-0.212274
-0.211396
-0.21156
-0.21281
-0.214389
-0.215364
-0.21524
-0.214334
-0.213153
-0.211986
-0.210819
-0.209803
-0.209336
-0.209693
-0.210489
-0.21097
-0.210695
-0.209926
-0.209377
-0.209556
-0.210421
-0.211519
-0.212329
-0.212522
-0.212137
-0.211368
-0.210476
-0.209679
-0.209034
-0.208485
-0.207949
-0.20762
-0.207922
-0.209075
-0.210737
-0.212014
-0.212027
-0.210682
-0.208636
-0.206974
-0.206494
-0.207331
-0.208965
-0.210462
-0.211135
-0.210997
-0.210709
-0.21086
-0.211382
-0.211533
-0.210805
-0.209597
-0.208883
-0.209212
-0.210228
-0.211107
-0.211396
-0.2113
-0.211094
-0.210709
-0.209775
-0.208485
-0.207578
-0.207716
-0.208567
-0.209212
-0.209048
-0.208388
-0.20788
-0.207922
-0.20821
-0.20821
-0.207784
-0.207317
-0.20729
-0.207729
-0.208224
-0.208251
-0.207661
-0.206741
-0.206054
-0.206068
-0.206727
-0.207455
-0.207551
-0.206768
-0.205464
-0.2042
-0.203377
-0.202978
-0.202772
-0.202635
-0.202525
-0.20247
-0.20236
-0.202017
-0.201331
-0.200452
-0.199642
-0.199106
-0.198804
-0.198626
-0.198626
-0.199079
-0.200026
-0.20107
-0.20155
-0.201097
-0.199916
-0.198639
-0.197761
-0.197431
-0.197513
-0.197884
-0.198488
-0.199285
-0.199944
-0.199903
-0.198763
-0.196758
-0.194698
-0.193312
-0.192886
-0.193353
-0.194479
-0.195838
-0.196868
-0.197198
-0.197033
-0.196882
-0.196895
-0.196676
-0.195811
-0.194479
-0.193339
-0.193037
-0.193627
-0.194685
-0.195564
-0.195838
-0.195509
-0.194904
-0.194369
-0.193957
-0.193518
-0.192845
-0.192007
-0.191225
-0.190716
-0.190565
-0.190634
-0.190703
-0.190565
-0.190099
-0.189522
-0.189247
-0.189604
-0.190497
-0.191321
-0.191403
-0.190538
-0.189028
-0.18749
-0.186487
-0.186322
-0.186982
-0.188066
-0.188959
-0.189151
-0.188547
-0.187435
-0.186405
-0.185979
-0.186377
-0.187242
-0.188039
-0.18841
-0.188162
-0.187105
-0.185265
-0.183151
-0.181599
-0.181187
-0.181764
-0.182766
-0.183631
-0.184071
-0.184098
-0.183837
-0.183357
-0.182601
-0.181544
-0.180446
-0.179883
-0.180226
-0.181269
-0.182354
-0.182794
-0.182299
-0.181146
-0.179855
-0.178894
-0.178317
-0.178015
-0.177864
-0.177933
-0.178207
-0.178551
-0.178798
-0.179031
-0.17932
-0.179608
-0.179553
-0.178921
-0.17785
-0.176848
-0.176367
-0.176518
-0.176985
-0.177411
-0.177686
-0.177864
-0.177919
-0.177699
-0.177026
-0.175997
-0.174898
-0.174019
-0.17347
-0.173223
-0.173182
-0.173031
-0.172495
-0.171575
-0.170545
-0.169845
-0.169612
-0.169763
-0.170216
-0.171026
-0.172207
-0.17347
-0.174266
-0.174074
-0.172962
-0.17163
-0.170834
-0.170724
-0.170957
-0.171012
-0.170477
-0.169255
-0.167648
-0.166357
-0.166
-0.166577
-0.16747
-0.167854
-0.167332
-0.166028
-0.164435
-0.163089
-0.162238
-0.161812
-0.16162
-0.16151
-0.161538
-0.161702
-0.161977
-0.162238
-0.162444
-0.16265
-0.162925
-0.16324
-0.163336
-0.162883
-0.161812
-0.160618
-0.159945
-0.159959
-0.160165
-0.160068
-0.15956
-0.158874
-0.158503
-0.158846
-0.15989
-0.160906
-0.161085
-0.160096
-0.158325
-0.156526
-0.155221
-0.154796
-0.155345
-0.156594
-0.15794
-0.158805
-0.158915
-0.158297
-0.157226
-0.156196
-0.155702
-0.155935
-0.156814
-0.15783
-0.158228
-0.157391
-0.155331
-0.153079
-0.15194
-0.152393
-0.153683
-0.15459
-0.154439
-0.153477
-0.152324
-0.151569
-0.1515
-0.152146
-0.153093
-0.153725
-0.153491
-0.152503
-0.151308
-0.150443
-0.14999
-0.149811
-0.14988
-0.150443
-0.151583
-0.152805
-0.15323
-0.152503
-0.151129
-0.150003
-0.149619
-0.149743
-0.149852
-0.149537
-0.14885
-0.148177
-0.147861
-0.147903
-0.148054
-0.148054
-0.148054
-0.148369
-0.149042
-0.149619
-0.14944
-0.148342
-0.146804
-0.145609
-0.145184
-0.145376
-0.145582
-0.145239
-0.14425
-0.142904
-0.141669
-0.140927
-0.140886
-0.14149
-0.142245
-0.142589
-0.142245
-0.141476
-0.140804
-0.140666
-0.141161
-0.141984
-0.142644
-0.142726
-0.142149
-0.141257
-0.14057
-0.140447
-0.140694
-0.140721
-0.140035
-0.138785
-0.137659
-0.13722
-0.137549
-0.138414
-0.139527
-0.140611
-0.141312
-0.141353
-0.140872
-0.140433
-0.140515
-0.141119
-0.141586
-0.141106
-0.139472
-0.137467
-0.136121
-0.135805
-0.136135
-0.136588
-0.137
-0.137384
-0.1377
-0.137838
-0.137714
-0.137275
-0.136478
-0.13538
-0.134116
-0.132936
-0.131988
-0.131466
-0.131645
-0.132579
-0.133691
-0.134171
-0.133663
-0.132771
-0.132496
-0.133238
-0.134446
-0.135133
-0.13483
-0.133732
-0.1324
-0.131219
-0.130382
-0.129874
-0.129626
-0.129393
-0.129022
-0.128624
-0.128528
-0.129022
-0.130093
-0.13148
-0.132702
-0.133293
-0.132963
-0.131878
-0.130711
-0.130079
-0.130121
-0.130505
-0.130917
-0.13137
-0.132016
-0.132688
-0.132922
-0.132331
-0.131013
-0.129585
-0.128693
-0.128542
-0.128734
-0.128679
-0.128061
-0.12699
-0.125878
-0.125287
-0.125686
-0.1271
-0.128844
-0.129928
-0.12986
-0.128967
-0.12802
-0.127512
-0.127498
-0.127814
-0.128391
-0.129146
-0.129956
-0.130684
-0.131219
-0.131466
-0.131151
-0.130162
-0.128734
-0.127484
-0.126894
-0.126908
-0.126921
-0.12629
-0.124971
-0.12364
-0.123159
-0.123791
-0.124999
-0.125919
-0.12596
-0.125191
-0.124106
-0.123324
-0.123283
-0.124024
-0.125095
-0.125795
-0.125658
-0.124711
-0.123502
-0.122665
-0.122445
-0.122514
-0.122239
-0.121223
-0.119726
-0.118408
-0.117721
-0.117639
-0.117845
-0.11812
-0.118298
-0.118175
-0.117666
-0.117076
-0.116843
-0.11709
-0.117625
-0.118284
-0.119081
-0.119918
-0.120399
-0.120138
-0.119122
-0.117831
-0.11687
-0.116403
-0.116129
-0.115785
-0.115511
-0.115579
-0.115827
-0.115675
-0.114961
-0.114247
-0.114179
-0.114893
-0.115895
-0.116554
-0.116472
-0.115621
-0.114371
-0.113245
-0.112778
-0.113231
-0.114467
-0.115827
-0.116541
-0.116211
-0.11503
-0.113657
-0.112572
-0.111748
-0.110911
-0.11021
-0.110224
-0.111433
-0.113575
-0.115785
-0.117213
-0.11757
-0.117049
-0.115827
-0.113918
-0.111419
-0.10892
-0.107409
-0.107505
-0.108879
-0.110513
-0.111487
-0.111584
-0.111158
-0.110513
-0.109744
-0.10881
-0.107807
-0.106997
-0.106599
-0.106613
-0.106915
-0.107354
-0.107766
-0.108027
-0.107986
-0.107725
-0.107588
-0.107917
-0.108645
-0.109263
-0.109222
-0.108274
-0.106778
-0.105528
-0.105212
-0.105803
-0.10653
-0.106544
-0.105652
-0.104443
-0.103771
-0.104045
-0.104951
-0.105789
-0.105954
-0.105308
-0.104224
-0.103221
-0.10259
-0.102219
-0.101862
-0.101436
-0.101203
-0.101409
-0.102137
-0.103015
-0.103551
-0.103372
-0.102617
-0.101711
-0.100983
-0.10042
-0.0999533
-0.0996512
-0.0997061
-0.100077
-0.100612
-0.101079
-0.101313
-0.10123
-0.100887
-0.100434
-0.100063
-0.0998022
-0.09961
-0.0993354
-0.0988685
-0.0981545
-0.0972619
-0.0962733
-0.0952847
-0.0944608
-0.0941038
-0.0943372
-0.0948864
-0.0952709
-0.0953396
-0.0952572
-0.0953808
-0.0957378
-0.0959575
-0.0956691
-0.0948727
-0.0939802
-0.0933074
-0.0928954
-0.092662
-0.0926895
-0.0931014
-0.0937605
-0.0943097
-0.0943921
-0.0939939
-0.0930877
-0.0916596
-0.0898196
-0.088268
-0.0878286
-0.0886937
-0.0900393
-0.0907808
-0.0904375
-0.0895175
-0.0889683
-0.0892979
-0.0901629
-0.0907671
-0.0905886
-0.0895725
-0.0880483
-0.0866203
-0.0859612
-0.0865104
-0.0880895
-0.0898059
-0.090616
-0.0900943
-0.0887211
-0.0874441
-0.0869635
-0.0873618
-0.0883229
-0.0894764
-0.0905199
-0.0912339
-0.0914536
-0.0911516
-0.0904513
-0.0896686
-0.0891193
-0.0889546
-0.0892292
-0.0899432
-0.0909456
-0.0917969
-0.0919892
-0.0914399
-0.0904925
-0.0895313
-0.0887761
-0.0883367
-0.0884053
-0.0890232
-0.0899569
-0.090822
-0.0912202
-0.090822
-0.0897235
-0.0884602
-0.08776
-0.0879522
-0.0889134
-0.090108
-0.0910417
-0.0914125
-0.0913713
-0.0913438
-0.0915223
-0.0916047
-0.0910142
-0.0895175
-0.0874991
-0.0856728
-0.0847254
-0.0849451
-0.0858788
-0.0867438
-0.0868949
-0.0862907
-0.0854394
-0.0848352
-0.0846567
-0.0848078
-0.0850961
-0.0854119
-0.085714
-0.0860298
-0.0861946
-0.0859474
-0.0852746
-0.0844645
-0.0838878
-0.0836131
-0.0833385
-0.0828579
-0.0822263
-0.0817045
-0.0814161
-0.0814161
-0.0815809
-0.0817594
-0.0817869
-0.0816633
-0.0816221
-0.0818418
-0.0823773
-0.0830914
-0.0837093
-0.083929
-0.0835719
-0.0828167
-0.0820478
-0.0814573
-0.0809493
-0.0805099
-0.0801803
-0.0799881
-0.0797684
-0.0793702
-0.0788484
-0.0783953
-0.0781069
-0.078052
-0.0782168
-0.0785738
-0.0788621
-0.0788484
-0.0785738
-0.0784227
-0.0786974
-0.0793153
-0.0798096
-0.0798645
-0.079686
-0.0797821
-0.0802078
-0.0805648
-0.0806472
-0.0806609
-0.0809356
-0.0812376
-0.0809356
-0.0796311
-0.0775165
-0.0752783
-0.0736443
-0.0731774
-0.07407
-0.0760335
-0.0782305
-0.0797135
-0.080043
-0.0795899
-0.0790818
-0.0790406
-0.07948
-0.080043
-0.0804275
-0.0806197
-0.0808257
-0.0810454
-0.0810866
-0.080963
-0.0811553
-0.08224
-0.0842997
-0.08684
-0.0892979
-0.0914536
-0.0933486
-0.0949688
-0.0961772
-0.0969599
-0.0977013
-0.0988548
-0.100654
-0.102919
-0.105308
-0.107739
-0.110293
-0.11297
-0.115579
-0.118051
-0.12044
-0.12261
-0.124285
-0.125329
-0.126056
-0.127017
-0.128363
-0.129626
-0.130217
-0.130093
-0.129819
-0.129983
-0.130615
-0.13126
-0.131508
-0.131439
-0.131425
-0.131631
-0.131892
-0.131851
-0.131288
-0.130382
-0.129585
-0.129434
-0.130148
-0.13137
-0.132359
-0.132524
-0.131823
-0.130807
-0.129928
-0.129269
-0.128569
-0.12758
-0.126358
-0.125287
-0.124711
-0.124642
-0.124601
-0.124038
-0.122747
-0.121031
-0.119548
-0.118847
-0.118943
-0.119397
-0.119685
-0.11974
-0.11974
-0.119754
-0.119493
-0.118641
-0.117131
-0.115277
-0.113657
-0.112957
-0.113506
-0.11503
-0.116664
-0.117543
-0.117213
-0.116074
-0.11492
-0.114371
-0.114522
-0.115044
-0.115621
-0.116074
-0.116403
-0.116692
-0.117145
-0.1179
-0.118861
-0.11963
-0.119809
-0.119397
-0.118916
-0.119053
-0.120069
-0.121497
-0.122623
-0.123063
-0.122871
-0.122212
-0.121154
-0.119822
-0.118586
-0.117955
-0.118051
-0.118408
-0.118449
-0.118106
-0.117653
-0.117378
-0.117268
-0.117392
-0.117859
-0.11871
-0.119658
-0.120207
-0.120207
-0.120001
-0.120042
-0.120234
-0.11996
-0.118875
-0.117227
-0.115744
-0.114989
-0.115044
-0.115648
-0.116417
-0.116994
-0.117117
-0.116815
-0.116499
-0.116637
-0.117227
-0.117831
-0.117969
-0.117625
-0.117227
-0.117117
-0.117117
-0.116623
-0.115277
-0.113396
-0.111872
-0.111405
-0.112023
-0.113231
-0.114453
-0.115264
-0.115524
-0.115497
-0.115634
-0.116046
-0.116293
-0.115758
-0.114247
-0.112243
-0.11054
-0.10973
-0.109963
-0.110993
-0.112311
-0.113231
-0.113218
-0.112311
-0.111254
-0.110966
-0.11179
-0.113231
-0.114357
-0.114577
-0.114069
-0.113369
-0.112861
-0.112668
-0.112861
-0.113273
-0.113355
-0.11249
-0.110691
-0.108782
-0.107931
-0.108824
-0.110966
-0.11297
-0.113561
-0.112586
-0.111034
-0.109908
-0.109387
-0.109016
-0.108412
-0.10767
-0.107066
-0.10675
-0.10675
-0.10719
-0.108151
-0.109496
-0.110801
-0.111556
-0.111542
-0.110911
-0.10995
-0.108851
-0.107629
-0.106462
-0.10572
-0.105707
-0.106173
-0.106421
-0.105968
-0.104951
-0.103839
-0.10307
-0.102892
-0.1034
-0.104663
-0.106434
-0.108165
-0.109167
-0.108947
-0.107574
-0.105652
-0.104018
-0.103194
-0.103208
-0.103784
-0.104567
-0.105377
-0.106228
-0.107093
-0.107588
-0.107093
-0.105487
-0.103468
-0.102068
-0.101876
-0.102617
-0.103619
-0.104306
-0.104485
-0.104224
-0.103771
-0.103414
-0.103317
-0.103331
-0.103029
-0.102082
-0.100585
-0.0990882
-0.0984154
-0.0991568
-0.101217
-0.103674
-0.105295
-0.105363
-0.104031
-0.102068
-0.100242
-0.0990058
-0.0984291
-0.0984291
-0.0988822
-0.0995413
-0.100008
-0.100008
-0.099761
-0.0997885
-0.100351
-0.101217
-0.101931
-0.102315
-0.102411
-0.10226
-0.10178
-0.100832
-0.0993903
-0.09777
-0.096644
-0.096493
-0.097207
-0.0981819
-0.0987724
-0.0987998
-0.0985527
-0.0984703
-0.0988548
-0.0995551
-0.100269
-0.10064
-0.100503
-0.0999395
-0.0993079
-0.0990058
-0.0991706
-0.0994864
-0.0996786
-0.0997748
-0.100022
-0.100338
-0.100365
-0.0998709
-0.0990745
-0.0984978
-0.0984566
-0.0988685
-0.0993216
-0.099404
-0.0988136
-0.0975778
-0.0962046
-0.095422
-0.0957378
-0.0969873
-0.098484
-0.0994177
-0.0993216
-0.0983467
-0.0971521
-0.0963969
-0.0963831
-0.0969187
-0.0976052
-0.0980034
-0.0977975
-0.0969324
-0.0957652
-0.0947903
-0.0943647
-0.0944333
-0.0946393
-0.0946118
-0.0942411
-0.0937742
-0.0936644
-0.0940488
-0.0947079
-0.0951199
-0.0949002
-0.0939115
-0.092456
-0.0911104
-0.0906023
-0.0911241
-0.0922501
-0.0931975
-0.0935271
-0.0931838
-0.0923874
-0.0914125
-0.0907259
-0.0909044
-0.0922638
-0.0942685
-0.0958339
-0.0960399
-0.0950924
-0.094145
-0.0941999
-0.0952847
-0.0963831
-0.0963557
-0.0948453
-0.0924286
-0.0901766
-0.0889958
-0.0892292
-0.0905337
-0.0921814
-0.0934447
-0.0939527
-0.093733
-0.0929778
-0.0920716
-0.091536
-0.0916596
-0.0922913
-0.0929915
-0.0934859
-0.0936506
-0.0935408
-0.0931151
-0.0924148
-0.0915086
-0.0905749
-0.0897922
-0.0892567
-0.0889683
-0.0888859
-0.0891193
-0.0897647
-0.0905749
-0.0910005
-0.090671
-0.0897784
-0.0887486
-0.0878835
-0.0872794
-0.0871283
-0.0875265
-0.088117
-0.0883092
-0.0877462
-0.0865928
-0.0853707
-0.0846567
-0.0848901
-0.0860985
-0.0876364
-0.0886113
-0.0886388
-0.088062
-0.0874579
-0.0870459
-0.0866615
-0.0862083
-0.0858101
-0.0854394
-0.0849176
-0.0840663
-0.0831325
-0.0827893
-0.0834758
-0.0847666
-0.0855767
-0.0850274
-0.0831737
-0.0809218
-0.0793565
-0.0790956
-0.0800018
-0.0813475
-0.0823773
-0.0828167
-0.0830227
-0.0833522
-0.0837093
-0.0836131
-0.082803
-0.0815672
-0.0804
-0.0796723
-0.0794251
-0.0794663
-0.0794251
-0.0791368
-0.0789171
-0.079178
-0.0800705
-0.0811003
-0.0816908
-0.0815535
-0.0807433
-0.0794114
-0.0777087
-0.0759786
-0.0747702
-0.0746192
-0.0758413
-0.0781893
-0.0808257
-0.0826657
-0.0830914
-0.0823773
-0.0813612
-0.0808257
-0.0810591
-0.0818693
-0.0827481
-0.0831051
-0.0826657
-0.0815672
-0.0802902
-0.0792878
-0.0787798
-0.0786562
-0.0785189
-0.0780383
-0.0773105
-0.0767887
-0.0768025
-0.0773517
-0.0780932
-0.078615
-0.0785051
-0.0774753
-0.0757452
-0.0741661
-0.0737816
-0.0747702
-0.0762532
-0.0770222
-0.0766377
-0.0756079
-0.0749213
-0.0752096
-0.076418
-0.0779147
-0.0788896
-0.0787248
-0.0773792
-0.0753882
-0.0738091
-0.073507
-0.074578
-0.0762395
-0.0773929
-0.0775028
-0.0768025
-0.0758687
-0.0751959
-0.0750586
-0.0753744
-0.0757314
-0.0756216
-0.0749076
-0.0739326
-0.073301
-0.0733834
-0.0740288
-0.0747977
-0.0752234
-0.075141
-0.0744956
-0.0733285
-0.0720377
-0.07131
-0.0715022
-0.0722437
-0.0727106
-0.0726694
-0.0724771
-0.0725595
-0.0728479
-0.0730264
-0.0729165
-0.0725458
-0.0720652
-0.0715846
-0.0712276
-0.0711177
-0.0712551
-0.0714198
-0.0712413
-0.0705685
-0.0697446
-0.0695387
-0.0704175
-0.0720103
-0.0733834
-0.0739326
-0.0736855
-0.0730127
-0.0721339
-0.0710903
-0.0698407
-0.0685226
-0.0673691
-0.0668062
-0.0670533
-0.0678223
-0.0684402
-0.0685088
-0.0681518
-0.0677811
-0.0676163
-0.0676026
-0.0674927
-0.066916
-0.065845
-0.0648151
-0.0644993
-0.0651721
-0.0665041
-0.0678085
-0.06855
-0.0685363
-0.0679184
-0.067273
-0.0672456
-0.0680282
-0.0691679
-0.0699094
