LECROYHDO9204-MSöv,30454,Waveform
Segments,1,SegmentSize,2002
Ampl
-0.0124993
-0.012307
-0.0125405
-0.0133506
-0.0144079
-0.0149297
-0.0142431
-0.0124444
-0.0105495
-0.00971185
-0.0102748
-0.0116205
-0.0128426
-0.0133781
-0.013227
-0.0126091
-0.0119363
-0.0116068
-0.0119088
-0.0126915
-0.0136115
-0.0144354
-0.0150258
-0.015273
-0.0151631
-0.0148061
-0.0143255
-0.0138037
-0.0133643
-0.0130348
-0.012719
-0.0123208
-0.0120873
-0.0124581
-0.013433
-0.0143942
-0.0146414
-0.0140921
-0.0132545
-0.0128426
-0.0131858
-0.0141196
-0.0151357
-0.0157398
-0.0157261
-0.0152043
-0.0143118
-0.0132545
-0.0124444
-0.0124032
-0.0133506
-0.0149022
-0.0163715
-0.0172503
-0.0176073
-0.0178682
-0.0182389
-0.0183488
-0.0175112
-0.0155064
-0.0130485
-0.0114008
-0.0114145
-0.0130348
-0.0153142
-0.016907
-0.0168246
-0.0150945
-0.0128014
-0.0112909
-0.0111948
-0.0122247
-0.0136664
-0.014916
-0.0157536
-0.0161792
-0.0162891
-0.0161106
-0.0158085
-0.0155888
-0.0157261
-0.0162067
-0.0164813
-0.015987
-0.0147512
-0.0135978
-0.0134605
-0.0145452
-0.0163028
-0.0178819
-0.018541
-0.0179643
-0.0166324
-0.0155476
-0.0155751
-0.0166324
-0.0178819
-0.0183213
-0.0175798
-0.0161518
-0.015067
-0.015067
-0.0160557
-0.0170443
-0.0170306
-0.0157673
-0.0138449
-0.0121835
-0.0115381
-0.0120873
-0.0134742
-0.015067
-0.0162479
-0.0166461
-0.0163577
-0.015781
-0.0154652
-0.0156025
-0.0159321
-0.0161381
-0.0163715
-0.0170992
-0.0183762
-0.0195846
-0.0198867
-0.0188431
-0.0167422
-0.014353
-0.0126091
-0.0121011
-0.0128014
-0.0140646
-0.0151494
-0.015479
-0.0148336
-0.0134467
-0.0118951
-0.0108653
-0.0107966
-0.0116342
-0.0129799
-0.0141333
-0.0144903
-0.0139411
-0.0131858
-0.0131172
-0.0141333
-0.0156987
-0.0168521
-0.0169757
-0.016193
-0.0151769
-0.014504
-0.0143118
-0.0142431
-0.0138999
-0.013227
-0.0126229
-0.0125954
-0.0132408
-0.0142294
-0.0151357
-0.0157536
-0.0160969
-0.0162891
-0.0163577
-0.0161655
-0.0155888
-0.01471
-0.0136802
-0.0125817
-0.0115656
-0.0110712
-0.0116479
-0.0134467
-0.0157948
-0.0175661
-0.0179368
-0.0168521
-0.0149434
-0.013227
-0.0125954
-0.0133506
-0.015067
-0.0168795
-0.017978
-0.0179231
-0.0167971
-0.0151769
-0.0138037
-0.0130897
-0.0130073
-0.0133643
-0.0140372
-0.0147924
-0.015273
-0.0153416
-0.0152455
-0.0152318
-0.0152043
-0.0149572
-0.0144217
-0.0137626
-0.0134055
-0.0136939
-0.0147237
-0.0161106
-0.0171679
-0.0173601
-0.0166324
-0.015424
-0.0144903
-0.0144079
-0.0152318
-0.0164676
-0.0174837
-0.0179506
-0.0179231
-0.0175249
-0.0168383
-0.0160007
-0.0154515
-0.0155476
-0.0163166
-0.0173327
-0.0180604
-0.0183213
-0.0182252
-0.0179506
-0.0174151
-0.0165774
-0.0155613
-0.0146825
-0.014147
-0.0139411
-0.0139685
-0.014202
-0.0145864
-0.0149434
-0.0150945
-0.0150945
-0.0152043
-0.0155751
-0.0160282
-0.0162342
-0.0160557
-0.0155613
-0.0149022
-0.0143118
-0.0140097
-0.0141058
-0.0145727
-0.0153691
-0.0164401
-0.0175249
-0.0182252
-0.0182938
-0.0178544
-0.0171267
-0.0164127
-0.0160419
-0.0163303
-0.0171954
-0.0180879
-0.0184586
-0.0182527
-0.0178407
-0.0175524
-0.01747
-0.0175936
-0.0178133
-0.0178819
-0.0175249
-0.0167285
-0.0158634
-0.0155201
-0.0160557
-0.0173189
-0.0185959
-0.0191726
-0.0187882
-0.0177858
-0.0166461
-0.0156575
-0.0150258
-0.0149846
-0.0156025
-0.0165363
-0.0171404
-0.0168521
-0.0156987
-0.0142706
-0.0133094
-0.0131446
-0.013639
-0.0144903
-0.0154652
-0.0163852
-0.0171679
-0.0178956
-0.0186646
-0.0191177
-0.0186646
-0.0169345
-0.0144903
-0.0124306
-0.0115518
-0.0117715
-0.0124856
-0.0130897
-0.0133781
-0.0134605
-0.0136527
-0.014147
-0.014916
-0.0155613
-0.0157948
-0.01563
-0.0153691
-0.0152181
-0.0150945
-0.0146825
-0.0139136
-0.0131172
-0.0129524
-0.0137351
-0.0150396
-0.015987
-0.0160831
-0.0154927
-0.0149434
-0.0149709
-0.01563
-0.01655
-0.0171816
-0.0172228
-0.016756
-0.0163166
-0.0164813
-0.0173739
-0.0185135
-0.0191864
-0.0189941
-0.0181153
-0.0170443
-0.0163303
-0.0162616
-0.0167697
-0.0174562
-0.0177171
-0.0171542
-0.0159184
-0.0147924
-0.0145315
-0.0151769
-0.0160145
-0.0163166
-0.0159321
-0.0152455
-0.0146825
-0.0145727
-0.0148885
-0.0153554
-0.0156163
-0.0155888
-0.015479
-0.0153554
-0.0151082
-0.01471
-0.0143942
-0.0144079
-0.0147237
-0.0150807
-0.0151631
-0.0149022
-0.0145178
-0.0145315
-0.0151357
-0.0158634
-0.0160419
-0.0155064
-0.0147237
-0.0143942
-0.0147512
-0.0155476
-0.0160831
-0.0156849
-0.0143393
-0.0128838
-0.012513
-0.0137763
-0.0160831
-0.0181428
-0.0188431
-0.0179231
-0.0159733
-0.013996
-0.0127739
-0.0124718
-0.0128288
-0.0135978
-0.014559
-0.0153142
-0.0154378
-0.0148748
-0.0139548
-0.0130623
-0.0125405
-0.0127739
-0.0138861
-0.015424
-0.0165088
-0.0166736
-0.0162616
-0.0159184
-0.0159733
-0.0164264
-0.0170168
-0.0173601
-0.0170855
-0.0163028
-0.0155476
-0.0153279
-0.0157124
-0.0165088
-0.0174974
-0.0184998
-0.0191589
-0.0192962
-0.0190216
-0.0185685
-0.0180604
-0.0176073
-0.0173464
-0.0174288
-0.0178133
-0.0182252
-0.0183076
-0.0179918
-0.0175798
-0.0173601
-0.0173189
-0.0172365
-0.0170443
-0.0170306
-0.0174151
-0.0182115
-0.0193786
-0.0209577
-0.0229075
-0.0250084
-0.0271917
-0.0299242
-0.033865
-0.0390966
-0.0451109
-0.0514547
-0.0581418
-0.065488
-0.0736306
-0.0823499
-0.0912889
-0.100283
-0.109593
-0.11963
-0.130642
-0.142575
-0.155372
-0.168994
-0.183082
-0.196882
-0.209569
-0.220939
-0.231512
-0.24214
-0.253482
-0.265689
-0.278445
-0.291284
-0.303793
-0.315643
-0.326312
-0.335306
-0.342625
-0.349065
-0.355724
-0.363084
-0.370623
-0.377378
-0.38283
-0.387224
-0.391192
-0.395105
-0.398758
-0.4016
-0.40322
-0.403591
-0.403207
-0.40263
-0.402177
-0.401683
-0.40068
-0.398648
-0.395394
-0.391384
-0.387443
-0.384038
-0.380935
-0.377667
-0.373987
-0.370046
-0.366119
-0.36237
-0.358786
-0.35545
-0.352305
-0.349051
-0.345357
-0.341306
-0.337448
-0.334207
-0.331461
-0.32877
-0.32579
-0.322522
-0.319227
-0.31622
-0.313789
-0.31221
-0.311455
-0.311331
-0.311633
-0.31221
-0.312746
-0.312938
-0.312677
-0.312238
-0.311949
-0.312045
-0.312649
-0.313734
-0.315094
-0.316398
-0.317387
-0.318046
-0.318664
-0.319707
-0.321506
-0.324019
-0.326724
-0.329141
-0.331173
-0.332944
-0.334441
-0.335553
-0.336487
-0.33753
-0.338752
-0.339933
-0.340895
-0.341801
-0.342995
-0.344533
-0.346003
-0.346799
-0.346538
-0.345549
-0.344588
-0.344437
-0.345385
-0.347074
-0.348776
-0.349614
-0.349051
-0.347307
-0.345192
-0.3436
-0.34294
-0.343009
-0.343394
-0.343764
-0.343888
-0.3436
-0.342886
-0.342062
-0.34154
-0.341499
-0.341663
-0.341581
-0.341046
-0.340263
-0.339645
-0.33948
-0.339672
-0.33992
-0.340029
-0.339988
-0.339851
-0.339782
-0.339933
-0.340386
-0.340908
-0.341128
-0.340634
-0.339233
-0.33694
-0.33418
-0.331722
-0.330335
-0.330267
-0.331036
-0.331942
-0.332422
-0.332381
-0.33201
-0.331626
-0.331365
-0.331049
-0.33061
-0.3305
-0.331296
-0.332903
-0.334358
-0.334908
-0.334633
-0.334207
-0.33407
-0.334098
-0.333988
-0.333644
-0.333219
-0.332807
-0.332409
-0.33212
-0.332175
-0.332766
-0.333686
-0.334358
-0.334207
-0.333123
-0.331598
-0.33039
-0.329923
-0.330157
-0.330706
-0.331104
-0.33109
-0.330692
-0.330225
-0.3298
-0.329347
-0.328756
-0.32833
-0.328578
-0.32969
-0.331241
-0.33234
-0.332299
-0.331187
-0.329649
-0.328427
-0.327795
-0.327603
-0.327452
-0.326985
-0.325969
-0.32439
-0.322605
-0.321341
-0.321067
-0.321643
-0.322495
-0.323168
-0.323538
-0.323717
-0.323868
-0.324115
-0.324307
-0.324294
-0.324088
-0.323854
-0.323621
-0.323099
-0.322097
-0.320874
-0.320009
-0.319941
-0.320476
-0.32108
-0.321382
-0.321465
-0.321534
-0.321547
-0.321273
-0.320682
-0.320064
-0.319803
-0.319913
-0.320064
-0.319748
-0.318719
-0.317208
-0.315835
-0.315231
-0.315657
-0.316659
-0.317428
-0.317277
-0.316165
-0.314682
-0.313597
-0.31324
-0.313212
-0.312883
-0.31199
-0.310823
-0.309766
-0.308956
-0.308365
-0.308159
-0.308544
-0.309409
-0.310164
-0.310233
-0.309615
-0.308681
-0.307953
-0.307624
-0.307596
-0.307596
-0.307514
-0.307459
-0.307514
-0.307363
-0.30658
-0.305138
-0.303477
-0.302173
-0.301555
-0.301651
-0.302282
-0.30312
-0.303628
-0.303326
-0.302159
-0.300676
-0.299852
-0.300291
-0.301774
-0.303285
-0.303861
-0.303353
-0.302351
-0.301472
-0.300882
-0.300319
-0.299454
-0.298204
-0.296762
-0.295568
-0.295115
-0.295691
-0.297133
-0.298699
-0.299385
-0.298589
-0.296502
-0.294112
-0.292533
-0.2923
-0.293165
-0.294277
-0.294771
-0.294208
-0.292822
-0.291394
-0.290831
-0.291572
-0.29311
-0.294236
-0.294002
-0.292327
-0.290007
-0.288167
-0.287535
-0.288029
-0.288991
-0.289732
-0.29002
-0.289938
-0.289663
-0.289197
-0.288524
-0.287604
-0.286368
-0.284789
-0.283196
-0.282152
-0.282043
-0.282619
-0.283114
-0.282935
-0.282139
-0.281384
-0.28126
-0.281686
-0.281988
-0.281589
-0.280697
-0.280093
-0.280367
-0.281397
-0.282468
-0.282812
-0.282262
-0.28115
-0.280024
-0.279049
-0.278033
-0.276811
-0.275534
-0.274614
-0.274353
-0.274806
-0.27552
-0.275905
-0.275561
-0.274573
-0.273351
-0.272266
-0.271538
-0.271181
-0.271168
-0.271442
-0.271964
-0.272499
-0.272664
-0.272019
-0.27055
-0.268847
-0.267872
-0.268243
-0.269643
-0.270865
-0.270646
-0.268861
-0.266609
-0.265194
-0.264906
-0.26503
-0.264796
-0.26422
-0.26378
-0.263835
-0.264178
-0.264302
-0.263835
-0.262888
-0.261926
-0.26124
-0.260732
-0.260114
-0.259276
-0.258562
-0.258494
-0.259208
-0.26032
-0.26113
-0.261377
-0.261226
-0.260965
-0.260608
-0.260086
-0.259386
-0.258713
-0.258274
-0.25804
-0.257876
-0.257711
-0.25767
-0.257848
-0.258054
-0.257793
-0.256695
-0.254951
-0.253413
-0.252864
-0.253331
-0.254168
-0.25447
-0.253729
-0.25215
-0.25053
-0.249733
-0.250021
-0.250873
-0.251504
-0.251271
-0.24998
-0.247893
-0.245737
-0.244364
-0.244158
-0.244804
-0.245476
-0.245408
-0.244364
-0.242744
-0.241398
-0.241041
-0.241824
-0.243279
-0.244708
-0.2456
-0.245833
-0.245545
-0.244955
-0.244282
-0.243568
-0.242758
-0.241893
-0.241014
-0.240162
-0.239311
-0.23857
-0.238185
-0.238254
-0.238474
-0.238419
-0.238034
-0.237705
-0.237554
-0.23732
-0.236592
-0.235521
-0.234629
-0.23434
-0.234615
-0.235082
-0.235439
-0.235549
-0.235439
-0.235164
-0.234711
-0.234121
-0.233503
-0.233036
-0.232693
-0.232308
-0.23169
-0.230798
-0.229795
-0.228903
-0.228271
-0.227983
-0.228106
-0.228477
-0.228752
-0.228546
-0.227791
-0.226871
-0.226363
-0.2265
-0.226994
-0.227324
-0.227241
-0.226788
-0.226019
-0.224976
-0.223932
-0.223301
-0.223314
-0.223465
-0.223026
-0.221818
-0.220568
-0.220211
-0.221007
-0.222422
-0.223561
-0.223836
-0.223122
-0.221694
-0.220033
-0.218577
-0.217561
-0.216984
-0.216819
-0.217094
-0.217685
-0.218206
-0.218179
-0.217479
-0.216421
-0.215542
-0.215034
-0.21465
-0.213826
-0.212302
-0.210407
-0.208993
-0.208883
-0.210228
-0.212261
-0.213757
-0.213881
-0.2127
-0.210791
-0.208773
-0.207015
-0.205889
-0.20578
-0.206686
-0.207922
-0.208443
-0.207784
-0.206617
-0.206095
-0.206686
-0.207922
-0.208965
-0.209418
-0.209391
-0.209089
-0.208677
-0.208128
-0.207414
-0.206494
-0.205299
-0.203747
-0.202003
-0.200589
-0.200054
-0.200521
-0.20155
-0.202484
-0.203006
-0.203075
-0.202718
-0.201894
-0.200644
-0.199257
-0.198241
-0.197925
-0.198255
-0.198887
-0.199436
-0.199614
-0.199244
-0.198406
-0.197596
-0.19739
-0.197884
-0.198543
-0.198694
-0.197884
-0.196374
-0.194822
-0.193998
-0.194259
-0.195275
-0.196278
-0.196648
-0.196264
-0.195522
-0.194808
-0.194149
-0.193463
-0.192886
-0.19268
-0.1929
-0.193298
-0.193586
-0.193655
-0.193449
-0.192831
-0.191925
-0.191073
-0.19062
-0.190497
-0.190332
-0.189934
-0.189536
-0.189412
-0.189494
-0.189467
-0.189192
-0.188808
-0.188423
-0.18797
-0.187435
-0.187036
-0.187036
-0.187407
-0.187764
-0.187723
-0.187188
-0.18635
-0.185471
-0.184647
-0.183823
-0.183082
-0.182574
-0.18245
-0.182629
-0.182848
-0.182835
-0.182601
-0.182285
-0.182038
-0.181915
-0.181791
-0.181489
-0.180912
-0.180171
-0.179608
-0.179677
-0.180597
-0.181997
-0.183137
-0.183425
-0.182903
-0.182066
-0.18142
-0.181063
-0.180706
-0.180075
-0.179155
-0.178125
-0.177246
-0.176917
-0.17737
-0.178633
-0.180349
-0.181942
-0.182752
-0.182368
-0.180775
-0.178454
-0.176134
-0.174418
-0.173511
-0.173141
-0.173086
-0.173388
-0.174157
-0.175228
-0.176189
-0.176752
-0.176683
-0.175832
-0.174198
-0.172344
-0.171136
-0.171026
-0.171589
-0.172001
-0.171616
-0.170435
-0.168898
-0.167607
-0.166975
-0.166975
-0.167099
-0.166838
-0.166069
-0.165149
-0.16449
-0.16427
-0.164311
-0.164462
-0.164778
-0.165341
-0.165918
-0.165959
-0.16519
-0.163886
-0.16265
-0.161908
-0.161661
-0.161606
-0.161387
-0.160879
-0.160178
-0.159478
-0.159052
-0.159217
-0.160274
-0.162128
-0.164105
-0.16541
-0.165643
-0.164916
-0.163474
-0.161538
-0.159505
-0.157981
-0.157418
-0.15783
-0.158929
-0.160357
-0.161634
-0.162197
-0.161661
-0.160192
-0.158297
-0.156636
-0.155633
-0.155386
-0.155716
-0.156306
-0.156869
-0.157254
-0.157391
-0.157377
-0.157487
-0.157844
-0.15816
-0.157817
-0.156608
-0.15496
-0.153519
-0.152585
-0.152132
-0.152104
-0.152461
-0.15312
-0.153834
-0.154384
-0.154631
-0.154562
-0.154205
-0.153697
-0.153175
-0.15275
-0.152557
-0.152557
-0.152475
-0.151857
-0.150512
-0.148878
-0.147669
-0.147449
-0.148205
-0.149482
-0.150704
-0.151459
-0.151555
-0.151033
-0.150086
-0.14896
-0.147971
-0.147381
-0.147285
-0.147518
-0.147738
-0.147642
-0.147257
-0.146859
-0.146886
-0.147573
-0.148589
-0.149193
-0.148754
-0.147298
-0.14539
-0.143632
-0.142465
-0.142163
-0.142671
-0.14355
-0.144058
-0.143715
-0.142712
-0.141682
-0.14127
-0.141655
-0.142341
-0.14241
-0.141339
-0.139527
-0.138016
-0.137522
-0.137934
-0.138483
-0.138469
-0.1377
-0.136547
-0.135641
-0.135517
-0.136217
-0.137261
-0.13792
-0.137632
-0.136286
-0.134322
-0.1324
-0.131082
-0.130437
-0.130217
-0.130189
-0.130299
-0.130642
-0.131329
-0.1324
-0.133636
-0.134542
-0.134734
-0.134199
-0.133265
-0.13218
-0.131123
-0.130327
-0.130121
-0.13056
-0.131233
-0.131453
-0.130848
-0.129764
-0.12905
-0.129283
-0.130231
-0.131096
-0.131178
-0.130409
-0.129311
-0.128432
-0.127965
-0.127841
-0.127992
-0.128432
-0.128981
-0.129242
-0.128912
-0.128075
-0.127251
-0.126949
-0.12721
-0.127635
-0.127718
-0.127402
-0.127031
-0.127114
-0.127937
-0.129393
-0.130931
-0.131837
-0.131645
-0.13034
-0.128404
-0.126496
-0.125177
-0.124834
-0.125521
-0.126839
-0.127924
-0.127896
-0.126578
-0.124697
-0.123461
-0.123516
-0.124601
-0.125782
-0.126358
-0.126207
-0.12548
-0.124436
-0.12331
-0.122527
-0.122541
-0.123557
-0.125315
-0.127168
-0.128432
-0.128775
-0.12813
-0.126715
-0.124999
-0.123681
-0.123173
-0.123379
-0.123749
-0.123763
-0.123214
-0.122212
-0.121086
-0.120111
-0.119603
-0.119658
-0.120083
-0.120399
-0.120344
-0.120111
-0.120152
-0.12077
-0.121717
-0.122404
-0.122225
-0.120921
-0.118834
-0.116815
-0.115662
-0.115511
-0.115936
-0.116486
-0.116994
-0.117584
-0.118312
-0.118875
-0.118792
-0.117818
-0.116335
-0.115099
-0.114659
-0.115003
-0.115648
-0.116101
-0.116074
-0.115621
-0.114989
-0.114495
-0.11411
-0.113465
-0.112147
-0.110375
-0.10881
-0.108137
-0.108563
-0.109744
-0.111213
-0.112572
-0.113533
-0.113849
-0.113327
-0.112064
-0.110567
-0.109469
-0.109043
-0.109057
-0.109277
-0.10973
-0.110348
-0.110732
-0.110458
-0.109771
-0.109428
-0.110018
-0.11135
-0.112558
-0.112833
-0.111982
-0.110609
-0.10962
-0.10962
-0.110581
-0.111886
-0.112682
-0.112366
-0.111062
-0.109414
-0.108123
-0.107327
-0.106709
-0.106064
-0.105446
-0.105048
-0.104855
-0.104773
-0.104951
-0.105748
-0.107176
-0.108645
-0.1094
-0.109249
-0.108727
-0.10848
-0.108618
-0.108576
-0.107753
-0.106242
-0.104828
-0.10421
-0.104334
-0.104512
-0.104237
-0.103592
-0.103002
-0.102686
-0.102562
-0.102439
-0.102288
-0.102219
-0.102548
-0.103372
-0.104402
-0.105048
-0.105006
-0.104553
-0.104237
-0.104306
-0.104636
-0.104745
-0.104128
-0.102576
-0.100461
-0.0985527
-0.0975228
-0.0976876
-0.098841
-0.100489
-0.102109
-0.103235
-0.103523
-0.102782
-0.101244
-0.0996924
-0.0988685
-0.0989097
-0.099198
-0.0991431
-0.0987174
-0.0984428
-0.0986351
-0.0991431
-0.0995825
-0.0998709
-0.100242
-0.100708
-0.100914
-0.100283
-0.0987449
-0.0969736
-0.0960399
-0.0964655
-0.0977975
-0.0989646
-0.099253
-0.0987586
-0.0980995
-0.0978936
-0.0983879
-0.0993216
-0.0999945
-0.0996786
-0.0983055
-0.0965067
-0.0950924
-0.0945294
-0.0949826
-0.0963282
-0.0980584
-0.099404
-0.0996649
-0.09869
-0.0969049
-0.0951336
-0.0942136
-0.0943921
-0.0951473
-0.0954357
-0.0947079
-0.0934309
-0.0925796
-0.0927169
-0.0936369
-0.0947491
-0.0956829
-0.0962733
-0.0963831
-0.0958888
-0.0949414
-0.0939802
-0.0932936
-0.0927581
-0.091948
-0.0906572
-0.0892704
-0.0883229
-0.0881582
-0.0887074
-0.0897647
-0.0908907
-0.0914674
-0.0911104
-0.0901904
-0.0894489
-0.0893253
-0.0896137
-0.0900393
-0.090616
-0.0913713
-0.0919754
-0.0918107
-0.0905886
-0.0886937
-0.0869086
-0.0858513
-0.0856179
-0.0859474
-0.0864692
-0.0870047
-0.0872931
-0.0871146
-0.0863319
-0.0852334
-0.084231
-0.0836406
-0.0835857
-0.0840388
-0.0848764
-0.0859062
-0.0867438
-0.0870871
-0.0869086
-0.0864967
-0.0860573
-0.085563
-0.0849725
-0.0846567
-0.0850686
-0.0863594
-0.0879522
-0.0890095
-0.089037
-0.0881856
-0.0869361
-0.0857415
-0.0849725
-0.0848489
-0.0853295
-0.0860298
-0.0864555
-0.0864967
-0.0864006
-0.086277
-0.0859749
-0.0853158
-0.0845057
-0.083874
-0.0835445
-0.0834072
-0.0833934
-0.0835307
-0.0838191
-0.0842448
-0.0847528
-0.0853433
-0.0859062
-0.0861809
-0.0858925
-0.0850274
-0.0839701
-0.0832012
-0.0828442
-0.0826108
-0.0822263
-0.0819654
-0.0823224
-0.0832973
-0.0841761
-0.0842448
-0.0834346
-0.082034
-0.0803863
-0.0788347
-0.0778048
-0.0776813
-0.0784502
-0.0797684
-0.0810866
-0.0819517
-0.08224
-0.0821439
-0.082089
-0.0823087
-0.0826108
-0.0827206
-0.0825696
-0.0824048
-0.0825009
-0.0828442
-0.0831051
-0.0827481
-0.0814024
-0.0792741
-0.0770908
-0.0757864
-0.0760061
-0.0776538
-0.0798096
-0.0813338
-0.0815672
-0.0807433
-0.0794114
-0.0779971
-0.0766789
-0.0758275
-0.0758413
-0.0766926
-0.077901
-0.0789033
-0.0793702
-0.079123
-0.0781069
-0.0766102
-0.0752508
-0.0747016
-0.0751547
-0.0762944
-0.0774341
-0.0780383
-0.0779147
-0.0774066
-0.0769398
-0.0767475
-0.0767475
-0.0768849
-0.0771732
-0.0775439
-0.0777362
-0.0774753
-0.0766514
-0.0754568
-0.0743995
-0.0740288
-0.0747153
-0.0763219
-0.0780383
-0.0789033
-0.0785189
-0.0772281
-0.0758275
-0.0748801
-0.0745231
-0.0745505
-0.0747291
-0.0749488
-0.0752646
-0.0756353
-0.0758275
-0.0755804
-0.0748526
-0.0740013
-0.0734521
-0.0734658
-0.0739738
-0.0746055
-0.0750037
-0.0750723
-0.0750174
-0.074935
-0.0746192
-0.0739326
-0.0730264
-0.0724085
-0.0724085
-0.0730401
-0.0739738
-0.0748664
-0.0754156
-0.0754019
-0.0746879
-0.0733697
-0.071818
-0.0706784
-0.0704587
-0.0712276
-0.0724497
-0.0734932
-0.0739464
-0.0738228
-0.0733422
-0.0727518
-0.0722162
-0.0717082
-0.0712139
-0.0708157
-0.0707058
-0.0709392
-0.0715022
-0.0722986
-0.0731912
-0.0739189
-0.0742073
-0.0739052
-0.0730401
-0.0717494
-0.0703351
-0.0693739
-0.069319
-0.070033
-0.0706921
-0.0704998
-0.0693876
-0.0680145
-0.0672181
-0.0674927
-0.0688521
-0.0708843
-0.0728479
-0.074015
-0.0739876
-0.0728067
-0.0709392
-0.0690443
-0.0678085
-0.06763
-0.0683303
-0.0691267
-0.0691954
-0.0683166
-0.067067
-0.0663668
-0.066765
-0.068042
-0.0694014
-0.0700742
-0.0697584
-0.0688109
-0.0680145
-0.0682067
-0.0695249
-0.0711589
-0.0719416
-0.0713649
-0.0700055
-0.0688384
-0.0682891
-0.068193
-0.0681243
-0.067836
-0.0674241
-0.0671494
-0.0670808
-0.067122
-0.0672044
-0.0675202
-0.0681793
-0.0688521
-0.0689208
-0.0680008
-0.066408
-0.064925
-0.064156
-0.0642522
-0.0648975
-0.0655978
-0.065845
-0.0654742
-0.0648701
-0.0647465
-0.0654605
-0.0666688
-0.0677124
-0.0680969
-0.0678497
-0.0673279
-0.0669709
-0.0670533
-0.0675751
-0.0681243
-0.0680557
-0.0668611
-0.0646778
-0.0624122
-0.0612176
-0.0615334
-0.0626731
-0.0634146
-0.063085
-0.0620689
-0.0613961
-0.0617805
-0.0631537
-0.0646778
-0.0655154
-0.0654605
-0.0648426
-0.064005
-0.0630575
-0.0622062
-0.0617943
-0.0620826
-0.0629202
-0.0638814
-0.0645405
-0.0646366
-0.064156
-0.0635107
-0.063236
-0.0635931
-0.0642384
-0.0646229
-0.0644581
-0.0637716
-0.0626868
-0.061451
-0.0603937
-0.0597346
-0.0593501
-0.0590618
-0.0590892
-0.0597483
-0.0609979
-0.0623161
-0.0630987
-0.0630575
-0.0622474
-0.0611077
-0.0601877
-0.0597895
-0.059817
-0.0600916
-0.0605585
-0.0611626
-0.0615196
-0.0611764
-0.0600916
-0.0586636
-0.0573728
-0.0566039
-0.0567
-0.057771
-0.0593776
-0.0607782
-0.0614373
-0.0614098
-0.0610528
-0.0607507
-0.0605997
-0.0605447
-0.0604211
-0.0601465
-0.0596247
-0.0586636
-0.0572218
-0.0558075
-0.0552994
-0.0562331
-0.0581967
-0.0601053
-0.0610665
-0.0610116
-0.0604349
-0.0598307
-0.0593089
-0.0587048
-0.0581006
-0.0579358
-0.0585537
-0.0596934
-0.0605859
-0.0605585
-0.0595286
-0.0580182
-0.0567824
-0.0563979
-0.0570021
-0.0580868
-0.0588283
-0.0588009
-0.0581555
-0.0573042
-0.0564391
-0.0557388
-0.0554917
-0.0559585
-0.0569334
-0.0579633
-0.0585674
-0.0584851
-0.0576337
-0.0562606
-0.0549836
-0.054503
-0.0549973
-0.055986
-0.0567412
-0.0568922
-0.0564391
-0.05578
-0.0552582
-0.0549287
-0.0546403
-0.0543382
-0.0542558
-0.054654
-0.055574
-0.0568648
-0.0582379
-0.0591991
-0.0593089
-0.0585537
-0.0575101
-0.0567137
-0.056137
-0.0554093
-0.0544343
-0.0535418
-0.0530338
-0.0529651
-0.0531573
