LECROYHDO9204-MSöv,30454,Waveform
Segments,1,SegmentSize,2002
Ampl
-0.0164401
-0.0159733
-0.015424
-0.0149846
-0.0148336
-0.0149297
-0.014916
-0.0144766
-0.0136939
-0.0129661
-0.0126229
-0.0127053
-0.0129387
-0.0130073
-0.012719
-0.0122659
-0.0120462
-0.0123345
-0.0129936
-0.0136939
-0.0141058
-0.0141608
-0.0140097
-0.0139136
-0.0139136
-0.0138312
-0.0135017
-0.013076
-0.0127464
-0.0126366
-0.0127602
-0.013227
-0.013996
-0.0148473
-0.0154927
-0.0157673
-0.0156575
-0.0151769
-0.0144903
-0.0138449
-0.0133506
-0.0128563
-0.0122933
-0.0118265
-0.0116754
-0.0117853
-0.0119088
-0.012005
-0.0124032
-0.0134467
-0.0149434
-0.0162891
-0.0166873
-0.0157948
-0.0139548
-0.0122796
-0.0118127
-0.0127602
-0.0142157
-0.0151082
-0.0149572
-0.0140372
-0.0128975
-0.012005
-0.0116891
-0.0119912
-0.0126641
-0.0134055
-0.0139823
-0.0144217
-0.014916
-0.0155476
-0.0161792
-0.0164401
-0.0160282
-0.0151219
-0.0142157
-0.0136252
-0.0132408
-0.0127602
-0.0121011
-0.0114283
-0.0110163
-0.0110987
-0.0117029
-0.0125679
-0.0132133
-0.0132545
-0.0126229
-0.0115106
-0.0102886
-0.00940977
-0.00914887
-0.00946469
-0.0102062
-0.0112086
-0.0121972
-0.0127876
-0.0129524
-0.0130897
-0.0136252
-0.0143255
-0.0146414
-0.0143255
-0.0136802
-0.0131584
-0.0129524
-0.0130073
-0.0131584
-0.013282
-0.0134193
-0.0136802
-0.014147
-0.0147787
-0.0154515
-0.0160694
-0.01655
-0.0166461
-0.0160557
-0.0147649
-0.0131584
-0.0118951
-0.0115106
-0.0122521
-0.0138449
-0.0155888
-0.0167148
-0.0169345
-0.0164264
-0.0156163
-0.0147375
-0.01379
-0.0128838
-0.0123757
-0.0126091
-0.0136252
-0.0149434
-0.0159733
-0.0162479
-0.0158909
-0.0154652
-0.015479
-0.0158772
-0.0161243
-0.015781
-0.0149297
-0.0141333
-0.0138587
-0.0140784
-0.0143393
-0.0141196
-0.013282
-0.0121423
-0.0111674
-0.010673
-0.0107829
-0.0114283
-0.0124718
-0.0136802
-0.0149297
-0.0159321
-0.0162342
-0.0155613
-0.0142431
-0.0131172
-0.0127053
-0.0128151
-0.0128426
-0.0124169
-0.0117578
-0.0115106
-0.0120873
-0.0131172
-0.0138312
-0.0138449
-0.0136115
-0.0136802
-0.0138587
-0.0134467
-0.012307
-0.0111948
-0.011085
-0.012362
-0.014559
-0.0166049
-0.0174837
-0.0167422
-0.0149297
-0.0130485
-0.0118676
-0.0114557
-0.0113871
-0.0114145
-0.0116342
-0.012307
-0.0133643
-0.0143393
-0.0146688
-0.0142981
-0.0138724
-0.0141196
-0.0150396
-0.0160145
-0.0164401
-0.0163852
-0.0163852
-0.0168246
-0.0175249
-0.0179506
-0.0177171
-0.0169482
-0.0160557
-0.0153966
-0.0151082
-0.0151631
-0.0155201
-0.0160419
-0.0163852
-0.0161792
-0.0153004
-0.0138861
-0.0123482
-0.0112086
-0.0110712
-0.012156
-0.0139548
-0.0152593
-0.0151631
-0.0138449
-0.0125817
-0.0125405
-0.0137763
-0.0154515
-0.0166598
-0.0171816
-0.017264
-0.0171542
-0.0167285
-0.0158634
-0.0148473
-0.0142431
-0.0143393
-0.0148473
-0.0153004
-0.015479
-0.0155064
-0.0155064
-0.0154652
-0.0152593
-0.0150121
-0.0149984
-0.0154515
-0.0160694
-0.0162616
-0.01563
-0.0143667
-0.0131172
-0.0125267
-0.0127876
-0.0136664
-0.01471
-0.0154515
-0.0156712
-0.0154515
-0.0150121
-0.0144354
-0.0138449
-0.0134605
-0.0135017
-0.0140509
-0.0148885
-0.0158497
-0.0166598
-0.0169482
-0.0163166
-0.0149572
-0.013584
-0.0129112
-0.0130211
-0.0135291
-0.0141196
-0.01471
-0.0151769
-0.0151906
-0.0145178
-0.0133232
-0.0121148
-0.0114008
-0.0115106
-0.0124718
-0.0139136
-0.0150533
-0.0151357
-0.0140372
-0.012513
-0.0115381
-0.0114694
-0.0119088
-0.0121972
-0.012156
-0.0121148
-0.0122109
-0.012307
-0.012362
-0.0125542
-0.0129661
-0.0133781
-0.0135017
-0.0133232
-0.0130897
-0.0129387
-0.0127876
-0.0125405
-0.0122796
-0.0123482
-0.0130211
-0.0140784
-0.0149297
-0.0150396
-0.0144628
-0.0136527
-0.0129936
-0.0125954
-0.0125542
-0.0129799
-0.0137763
-0.0144491
-0.0146002
-0.0142706
-0.0137488
-0.0132682
-0.0128975
-0.0126366
-0.0124718
-0.0124444
-0.0126915
-0.013282
-0.0140097
-0.0144628
-0.0145452
-0.0144628
-0.0143118
-0.0139823
-0.0135154
-0.0131446
-0.0130348
-0.013076
-0.0131035
-0.0131309
-0.0132682
-0.0134879
-0.0137488
-0.0140234
-0.0142157
-0.014202
-0.0140921
-0.0142431
-0.0148473
-0.0156437
-0.0162342
-0.0164127
-0.0163852
-0.0163852
-0.0164676
-0.016344
-0.015836
-0.0151769
-0.0148473
-0.0149709
-0.0151219
-0.0147924
-0.0139548
-0.0130623
-0.0125267
-0.0126229
-0.0133918
-0.014559
-0.0155064
-0.0155888
-0.0147649
-0.013639
-0.0130623
-0.0135291
-0.0150396
-0.0171679
-0.019104
-0.0200514
-0.0197768
-0.0187195
-0.0177309
-0.0174151
-0.0178819
-0.0186509
-0.0190491
-0.0187332
-0.0180467
-0.0177171
-0.0179643
-0.0182389
-0.0178544
-0.0166736
-0.015273
-0.0144628
-0.0147512
-0.0160007
-0.0175112
-0.0184998
-0.0186234
-0.0180604
-0.0173052
-0.016701
-0.0163715
-0.0161106
-0.0158634
-0.0158497
-0.0162616
-0.0169894
-0.0174562
-0.0171954
-0.0162891
-0.015424
-0.0151082
-0.0153004
-0.01563
-0.0158909
-0.0161106
-0.0163577
-0.0165637
-0.0167422
-0.0171542
-0.0181153
-0.0197494
-0.0215893
-0.0227977
-0.0228114
-0.0217266
-0.0201613
-0.0187058
-0.0177583
-0.0176073
-0.0182664
-0.0191589
-0.0192825
-0.018033
-0.0157124
-0.0133232
-0.0119775
-0.0123757
-0.0144079
-0.0172503
-0.0196944
-0.0209852
-0.0212186
-0.0211774
-0.0217404
-0.0233195
-0.02564
-0.0281254
-0.0305146
-0.0332059
-0.036831
-0.0416781
-0.0474726
-0.0538302
-0.06038
-0.0667787
-0.0727518
-0.0785051
-0.0847391
-0.0920441
-0.100297
-0.108618
-0.116293
-0.123324
-0.130382
-0.138016
-0.146227
-0.154535
-0.162526
-0.170078
-0.177287
-0.184318
-0.191238
-0.198118
-0.204956
-0.211711
-0.218357
-0.224742
-0.230592
-0.235563
-0.239339
-0.242002
-0.244227
-0.246904
-0.250461
-0.254525
-0.25826
-0.260773
-0.261542
-0.260594
-0.258507
-0.256297
-0.254965
-0.254978
-0.255857
-0.256489
-0.25594
-0.254058
-0.251353
-0.24847
-0.245669
-0.242854
-0.239957
-0.237073
-0.234382
-0.232143
-0.230468
-0.229205
-0.227983
-0.226308
-0.223836
-0.220568
-0.216861
-0.213332
-0.210489
-0.20843
-0.206823
-0.205285
-0.203665
-0.202141
-0.200974
-0.200232
-0.199655
-0.198941
-0.197939
-0.19669
-0.195467
-0.194877
-0.19566
-0.19798
-0.20096
-0.203226
-0.20383
-0.203061
-0.202017
-0.201756
-0.202676
-0.204654
-0.207043
-0.208924
-0.209597
-0.209267
-0.209006
-0.209665
-0.21097
-0.211876
-0.211766
-0.211148
-0.211094
-0.212178
-0.213991
-0.215762
-0.216847
-0.217094
-0.216751
-0.216394
-0.21671
-0.218096
-0.220335
-0.222669
-0.224372
-0.225086
-0.224811
-0.223726
-0.222298
-0.221172
-0.220774
-0.221117
-0.221708
-0.221818
-0.220953
-0.219305
-0.217685
-0.21708
-0.217781
-0.219209
-0.220499
-0.221145
-0.221241
-0.220994
-0.220499
-0.219744
-0.218975
-0.218646
-0.219071
-0.220033
-0.220774
-0.220527
-0.219126
-0.217163
-0.215597
-0.215158
-0.215968
-0.217533
-0.219099
-0.21995
-0.219895
-0.219291
-0.218659
-0.218316
-0.218165
-0.218
-0.217698
-0.217259
-0.216792
-0.216449
-0.216311
-0.216311
-0.216394
-0.2166
-0.21708
-0.217781
-0.218193
-0.217836
-0.216737
-0.215625
-0.215254
-0.215803
-0.216806
-0.217753
-0.218426
-0.218824
-0.21903
-0.219332
-0.219991
-0.22087
-0.221268
-0.220527
-0.218673
-0.216668
-0.215748
-0.216435
-0.218069
-0.219387
-0.219415
-0.218165
-0.216476
-0.21535
-0.215268
-0.216023
-0.216819
-0.216929
-0.216215
-0.215268
-0.214883
-0.215419
-0.21649
-0.217355
-0.217547
-0.21719
-0.216462
-0.215419
-0.214059
-0.212659
-0.211753
-0.211629
-0.212096
-0.212673
-0.213002
-0.212975
-0.212563
-0.211739
-0.210585
-0.209432
-0.2088
-0.209061
-0.21016
-0.211602
-0.212824
-0.2134
-0.213304
-0.212782
-0.212219
-0.211862
-0.21167
-0.211451
-0.211135
-0.21075
-0.210215
-0.209295
-0.208073
-0.207194
-0.207386
-0.208567
-0.20983
-0.210297
-0.209899
-0.209267
-0.208814
-0.208292
-0.20718
-0.205519
-0.203995
-0.20328
-0.203514
-0.204297
-0.205107
-0.205615
-0.205615
-0.205011
-0.203857
-0.202457
-0.201344
-0.20096
-0.201358
-0.202292
-0.203157
-0.203445
-0.202923
-0.201921
-0.201015
-0.200617
-0.20063
-0.200699
-0.200617
-0.200562
-0.200658
-0.200795
-0.200658
-0.200218
-0.19982
-0.199738
-0.199738
-0.199257
-0.19798
-0.196305
-0.19511
-0.195138
-0.196456
-0.198475
-0.200232
-0.200795
-0.199752
-0.1975
-0.195165
-0.193779
-0.193669
-0.194479
-0.195509
-0.196044
-0.195742
-0.194822
-0.19393
-0.1936
-0.193779
-0.193779
-0.1929
-0.191293
-0.189975
-0.189975
-0.191458
-0.193724
-0.195893
-0.197307
-0.197815
-0.197568
-0.196978
-0.196442
-0.196113
-0.195852
-0.195399
-0.194575
-0.193325
-0.19187
-0.190579
-0.18981
-0.189728
-0.190099
-0.190442
-0.190305
-0.1897
-0.189041
-0.188904
-0.189549
-0.190634
-0.191513
-0.191664
-0.191005
-0.189728
-0.188327
-0.18738
-0.187215
-0.187572
-0.187723
-0.187215
-0.18624
-0.185416
-0.185197
-0.185526
-0.186158
-0.186803
-0.187256
-0.187407
-0.187352
-0.187325
-0.18749
-0.187586
-0.187119
-0.185911
-0.184551
-0.183933
-0.184428
-0.185457
-0.186158
-0.18613
-0.185759
-0.185512
-0.185485
-0.18543
-0.185114
-0.184565
-0.184084
-0.183988
-0.184222
-0.184263
-0.183672
-0.182643
-0.181915
-0.18208
-0.183027
-0.183947
-0.183974
-0.182697
-0.180349
-0.177727
-0.175818
-0.175255
-0.175859
-0.176834
-0.177466
-0.177617
-0.177521
-0.177411
-0.177301
-0.177095
-0.176683
-0.176052
-0.175324
-0.174596
-0.173909
-0.17325
-0.172674
-0.172207
-0.171973
-0.172111
-0.172646
-0.17325
-0.173346
-0.172756
-0.171891
-0.171301
-0.171095
-0.170998
-0.170847
-0.170847
-0.171122
-0.171383
-0.171273
-0.170669
-0.169708
-0.168486
-0.167209
-0.166234
-0.16589
-0.166179
-0.166907
-0.167895
-0.168994
-0.1699
-0.170037
-0.168911
-0.166687
-0.164311
-0.162705
-0.162073
-0.162101
-0.162362
-0.162746
-0.16324
-0.163776
-0.164064
-0.163899
-0.163227
-0.162458
-0.162169
-0.16265
-0.163652
-0.164325
-0.163982
-0.162595
-0.160837
-0.159382
-0.158544
-0.158366
-0.158723
-0.159396
-0.159945
-0.159862
-0.158956
-0.157665
-0.156663
-0.156471
-0.157048
-0.157844
-0.158256
-0.157899
-0.156814
-0.155537
-0.154892
-0.155441
-0.156993
-0.15864
-0.159354
-0.158833
-0.157418
-0.155825
-0.154741
-0.154562
-0.155194
-0.155935
-0.156155
-0.155674
-0.154754
-0.153725
-0.152818
-0.152297
-0.152255
-0.152667
-0.153436
-0.154384
-0.155208
-0.155455
-0.15496
-0.154027
-0.153244
-0.15286
-0.152612
-0.152077
-0.151116
-0.150086
-0.14966
-0.150264
-0.151637
-0.152873
-0.153038
-0.152036
-0.150566
-0.149633
-0.149688
-0.150457
-0.151184
-0.151157
-0.150182
-0.14874
-0.147655
-0.14734
-0.147436
-0.147243
-0.146502
-0.1455
-0.144676
-0.144223
-0.144003
-0.143893
-0.143921
-0.144168
-0.144497
-0.144593
-0.144085
-0.142946
-0.141559
-0.140598
-0.14057
-0.141559
-0.143042
-0.144264
-0.144621
-0.144017
-0.142877
-0.141778
-0.14101
-0.140611
-0.140488
-0.140529
-0.140529
-0.14035
-0.139952
-0.139458
-0.138909
-0.138291
-0.137632
-0.137069
-0.136835
-0.137137
-0.13803
-0.139348
-0.140584
-0.141202
-0.140886
-0.139705
-0.138085
-0.136698
-0.136162
-0.136602
-0.137563
-0.138222
-0.137934
-0.136657
-0.134913
-0.133677
-0.133814
-0.135476
-0.137742
-0.139307
-0.13943
-0.138483
-0.137453
-0.137014
-0.137096
-0.137233
-0.136973
-0.136149
-0.134803
-0.133224
-0.131933
-0.131343
-0.13137
-0.13137
-0.130794
-0.129613
-0.128473
-0.128253
-0.129462
-0.131645
-0.133608
-0.134281
-0.13343
-0.131796
-0.130409
-0.129722
-0.129489
-0.129105
-0.128281
-0.127278
-0.126606
-0.126537
-0.126949
-0.127663
-0.128542
-0.129297
-0.129462
-0.128871
-0.127828
-0.126784
-0.126015
-0.125672
-0.125891
-0.126688
-0.127622
-0.127828
-0.126811
-0.125164
-0.124093
-0.124299
-0.125232
-0.125658
-0.12504
-0.123846
-0.122857
-0.122486
-0.122596
-0.122884
-0.123118
-0.123159
-0.122898
-0.122239
-0.121319
-0.120468
-0.119973
-0.11996
-0.12044
-0.121292
-0.122184
-0.122665
-0.122527
-0.121909
-0.121072
-0.120179
-0.119355
-0.118875
-0.11893
-0.11941
-0.119891
-0.119905
-0.119301
-0.118202
-0.116966
-0.116087
-0.116087
-0.117131
-0.118916
-0.120797
-0.122115
-0.122527
-0.122019
-0.121003
-0.120248
-0.120317
-0.121031
-0.121511
-0.120907
-0.119204
-0.117076
-0.115456
-0.114961
-0.115703
-0.117255
-0.118861
-0.119795
-0.119603
-0.118408
-0.116843
-0.115593
-0.115071
-0.115236
-0.115895
-0.116829
-0.117749
-0.118257
-0.117996
-0.116994
-0.115689
-0.114687
-0.114316
-0.114398
-0.114604
-0.114797
-0.115167
-0.11595
-0.117076
-0.118024
-0.118092
-0.11687
-0.114755
-0.112888
-0.11227
-0.112998
-0.114316
-0.115401
-0.115923
-0.115909
-0.115483
-0.114618
-0.113231
-0.111391
-0.109469
-0.108123
-0.107904
-0.108933
-0.11087
-0.113053
-0.114728
-0.115181
-0.114096
-0.111982
-0.109963
-0.109085
-0.109565
-0.110567
-0.11087
-0.109785
-0.107602
-0.105226
-0.103716
-0.103743
-0.105308
-0.107698
-0.109702
-0.110307
-0.109332
-0.10756
-0.106242
-0.106091
-0.106709
-0.10697
-0.106187
-0.104649
-0.10329
-0.102782
-0.103111
-0.103853
-0.104581
-0.104993
-0.104896
-0.104265
-0.103372
-0.102686
-0.102603
-0.102988
-0.103372
-0.103386
-0.103125
-0.102837
-0.102658
-0.102384
-0.101807
-0.101093
-0.100654
-0.100763
-0.101313
-0.101972
-0.102329
-0.102082
-0.101258
-0.100159
-0.0991019
-0.0982231
-0.0975915
-0.0975091
-0.0983192
-0.0999533
-0.10167
-0.102452
-0.101821
-0.100187
-0.0987174
-0.0984978
-0.0996237
-0.101203
-0.102205
-0.10215
-0.101189
-0.0997061
-0.0982643
-0.097413
-0.0973581
-0.0977837
-0.0980446
-0.0976327
-0.0966715
-0.0957515
-0.095573
-0.0964243
-0.0979485
-0.0995551
-0.100887
-0.10178
-0.102054
-0.101436
-0.0999121
-0.097976
-0.0962733
-0.0951611
-0.0946393
-0.0944608
-0.0944608
-0.0945569
-0.0947217
-0.0948453
-0.0947217
-0.0942273
-0.0933897
-0.0924011
-0.091591
-0.0911378
-0.0910692
-0.0913301
-0.0917695
-0.0922501
-0.0925659
-0.0924698
-0.0918519
-0.0908769
-0.0900805
-0.0898196
-0.0900668
-0.0903689
-0.0902041
-0.089394
-0.0884053
-0.0879385
-0.0883229
-0.0891468
-0.0897372
-0.089751
-0.0894764
-0.089394
-0.0896137
-0.0897784
-0.0896274
-0.0892704
-0.0890507
-0.0891193
-0.0892841
-0.0893116
-0.0891331
-0.0888859
-0.0888035
-0.0889408
-0.0890507
-0.0888585
-0.0884053
-0.0880208
-0.0880895
-0.0887486
-0.0898471
-0.0909181
-0.0914399
-0.0912889
-0.090671
-0.0898334
-0.0888173
-0.0877737
-0.0871695
-0.0873892
-0.0883504
-0.0895175
-0.0902178
-0.0899981
-0.0888722
-0.0874441
-0.0866615
-0.0870871
-0.0882955
-0.0891605
-0.0887486
-0.0870871
-0.0850824
-0.0837779
-0.0836955
-0.0843684
-0.0849039
-0.0848078
-0.0843546
-0.0841212
-0.0843684
-0.0849176
-0.0856316
-0.0864555
-0.0871832
-0.0873343
-0.0865928
-0.0852883
-0.0842173
-0.08408
-0.0849176
-0.0862083
-0.0871421
-0.0871421
-0.0862495
-0.0851373
-0.0843958
-0.084286
-0.0846979
-0.0852197
-0.0852609
-0.0843272
-0.0826245
-0.0811141
-0.0809493
-0.082597
-0.0852334
-0.0873206
-0.0877462
-0.0865516
-0.0848352
-0.083723
-0.0836131
-0.0840388
-0.0843409
-0.0840525
-0.0830227
-0.0812926
-0.0790956
-0.0768574
-0.0753058
-0.0752234
-0.0768437
-0.07948
-0.0817182
-0.0824048
-0.0813475
-0.0793565
-0.0774616
-0.0762258
-0.0756902
-0.075704
-0.0759786
-0.0761434
-0.0758687
-0.0751273
-0.0743034
-0.0738915
-0.074221
-0.0751685
-0.0763631
-0.0773242
-0.0778048
-0.0778872
-0.0779284
-0.0781756
-0.0785051
-0.0784777
-0.0778186
-0.0767063
-0.0756902
-0.0752371
-0.0753195
-0.075498
-0.0754705
-0.0753607
-0.0755392
-0.0762395
-0.077338
-0.0783953
-0.0788759
-0.0783678
-0.0770496
-0.0754568
-0.0741112
-0.0732735
-0.0731225
-0.0736992
-0.0748938
-0.0761983
-0.076981
-0.0768986
-0.0762395
-0.0756216
-0.0754156
-0.0753195
-0.074784
-0.0736855
-0.072587
-0.0722162
-0.0727518
-0.0737404
-0.0745917
-0.0750311
-0.0750586
-0.0748389
-0.0746741
-0.0748389
-0.0753332
-0.0757864
-0.0757314
-0.075141
-0.0744682
-0.074221
-0.074427
-0.0746741
-0.0745505
-0.0741661
-0.0738365
-0.0737679
-0.073864
-0.0741112
-0.0745368
-0.0749762
-0.074935
-0.0740974
-0.0727243
-0.0715709
-0.0712413
-0.0718043
-0.0727792
-0.073507
-0.0733971
-0.0722712
-0.0705822
-0.0691542
-0.0686461
-0.069113
-0.0701291
-0.0711177
-0.0716258
-0.071461
-0.0708569
-0.070239
-0.0699506
-0.0699781
-0.0701291
-0.0702801
-0.0704587
-0.0707058
-0.0709804
-0.0710491
-0.0706646
-0.0698682
-0.069113
-0.0688521
-0.069113
-0.0695661
-0.0699231
-0.0702801
-0.0709255
-0.0718455
-0.0727106
-0.0730813
-0.0728067
-0.0721888
-0.071667
-0.0713924
-0.0709804
-0.0700742
-0.0687972
-0.0676163
-0.0668748
-0.0665453
-0.0664354
-0.0665865
-0.0670533
-0.0678223
-0.0687834
-0.0697858
-0.0705822
-0.0707607
-0.0701291
-0.0688796
-0.0674378
-0.0661745
-0.0653232
-0.0648975
-0.0646916
-0.0644993
-0.0643757
-0.0646504
-0.0655292
-0.0668199
-0.0680694
-0.0688246
-0.0687972
-0.0680282
-0.0670396
-0.0665453
-0.0668062
-0.0673829
-0.0676712
-0.0673417
-0.0664903
-0.0653644
-0.0641698
-0.0630026
-0.0619179
-0.0609979
-0.0605035
-0.0607644
-0.0618767
-0.0633596
-0.0644307
-0.0644719
-0.0634557
-0.0618629
-0.06038
-0.059817
-0.0605035
-0.0620414
-0.0635656
-0.0643483
-0.0642796
-0.0636892
-0.0631125
-0.0630026
-0.0635519
-0.0644719
-0.0652545
-0.0655292
-0.0651447
-0.0641148
-0.0626731
-0.0612999
-0.0605035
-0.0604761
-0.0610391
-0.0617531
-0.0622062
-0.0620414
-0.0613411
-0.060531
-0.0601603
-0.0603525
-0.0607644
-0.060888
-0.0602838
-0.0590343
-0.0577848
-0.0571669
-0.0573316
-0.0579495
-0.0586636
-0.0592128
-0.0592403
-0.0585537
-0.0574964
-0.0568785
-0.0572767
-0.0585125
-0.0598307
-0.0605722
-0.0604211
-0.0594737
-0.0582379
-0.0574689
-0.0575925
-0.058334
-0.059048
-0.0593227
-0.0591304
-0.0585674
-0.0578534
-0.0573179
-0.0571394
-0.0571669
-0.0571806
-0.0572218
-0.0575788
-0.058334
-0.0592403
-0.0597483
-0.05946
-0.0584027
-0.0572218
-0.0565078
-0.056343
-0.0564803
-0.0570295
-0.0583203
-0.0602701
-0.062014
-0.0626181
-0.0619316
-0.060531
-0.0591441
-0.0582654
-0.0579083
-0.0578946
-0.0580045
-0.0583065
-0.0590755
-0.0602976
-0.0615196
-0.0623572
-0.0627005
-0.0627143
-0.0624259
-0.0619453
-0.0613411
-0.0607095
-0.0600916
-0.0596385
-0.0596385
-0.0602838
-0.0613274
-0.062165
-0.0621925
-0.0613274
-0.0600367
-0.0590206
-0.0588146
-0.0593089
-0.059968
-0.0604074
-0.0606546
-0.0608194
-0.0605997
-0.0597071
-0.058334
-0.0572355
-0.057057
-0.0577298
-0.0585812
-0.059048
-0.0590068
-0.0587048
-0.0584301
-0.0582791
-0.0582516
-0.0584027
-0.0588283
-0.0594325
-0.0598856
-0.0600092
-0.059968
-0.0601465
-0.0605447
-0.0608468
-0.0607095
-0.0600092
-0.0588283
-0.0573591
-0.0559997
-0.0553543
-0.0558212
-0.0572355
-0.0590068
-0.0603525
-0.0605859
-0.0595286
-0.057771
-0.0562881
-0.0558761
-0.0566039
-0.0579083
-0.0588833
-0.0588421
-0.057771
-0.0562469
-0.0549973
-0.0543932
-0.0544893
-0.0551346
-0.0560821
-0.0569334
-0.0572904
-0.0568648
-0.0555878
-0.0537615
-0.0521824
-0.051592
-0.0522236
-0.0535556
-0.0547776
-0.0553131
-0.0549836
-0.0539538
-0.0526356
-0.0515783
-0.0512624
-0.0517568
-0.052718
-0.0536105
-0.054146
-0.0542284
-0.0538576
-0.0531299
-0.0523197
-0.0517293
-0.0516881
-0.0522923
-0.0532809
-0.0540911
-0.0543108
-0.0538576
-0.0530063
-0.0520451
-0.0513174
-0.0511114
-0.0515783
-0.0524571
-0.0534045
-0.0541872
-0.0547502
-0.0549699
-0.0547639
-0.0542696
-0.053789
-0.0534869
-0.0532535
-0.0528553
-0.0521687
-0.0513723
-0.0508917
-0.0509741
-0.0514409
-0.051798
-0.051798
-0.0515096
-0.0510565
-0.0504248
-0.0498756
-0.0499992
-0.0511663
-0.0530063
-0.0546678
-0.0553955
-0.055066
-0.0540087
-0.0527729
-0.0518117
-0.0512899
-0.0510839
-0.0509329
-0.0505896
-0.0499854
-0.0492577
-0.0488869
-0.0495186
-0.0514272
-0.053995
-0.0559997
-0.0563293
-0.0547364
-0.0518803
-0.0490655
-0.0475962
-0.0480493
-0.0498756
-0.0520726
-0.0537203
-0.0544893
-0.0545579
-0.0544893
-0.0548188
-0.0555878
-0.0563018
-0.0563842
-0.0556839
-0.0545167
-0.0534732
-0.0531985
-0.0539538
-0.055272
-0.0562331
-0.056343
-0.055931
-0.0555466
-0.0552582
-0.0548188
-0.0543108
-0.0540636
-0.0540361
-0.0536242
-0.0524433
-0.0507956
-0.0494637
-0.0492577
-0.050315
-0.0520726
-0.0535556
-0.0541185
-0.0536654
-0.0524021
-0.0505759
-0.0485299
-0.0467449
-0.0456601
-0.0455365
-0.0463879
-0.0478846
-0.0495323
-0.050672
-0.050878
-0.0500678
-0.0487359
-0.0477747
-0.0479807
-0.0492577
-0.0507681
-0.0515645
-0.0514409
-0.0508368
-0.0502463
-0.0496971
-0.0489556
-0.0480768
-0.0474589
-0.0473765
-0.0477198
-0.0480631
-0.0480493
-0.0475962
-0.0469234
-0.0462506
-0.0457288
-0.0454679
-0.0456876
-0.0466762
-0.0482553
-0.0496696
-0.0500816
-0.0492989
-0.0477885
-0.0461544
-0.0448088
-0.0440261
-0.0440673
-0.0450697
-0.0468685
-0.0489144
-0.050521
-0.0511389
-0.050672
-0.0494911
-0.0481867
-0.0472667
-0.0470332
-0.0475276
-0.0485437
-0.049546
-0.0500953
-0.0500266
-0.0495323
-0.0489281
-0.0486123
-0.0489007
-0.0496696
-0.0503836
-0.050466
-0.0498756
-0.049038
-0.0485299
-0.0486261
-0.0493126
-0.0503013
-0.0511526
-0.0515508
-0.0515371
-0.0513311
-0.0509466
-0.0502189
-0.0492714
-0.048475
-0.048118
-0.0480905
-0.0480082
-0.0474726
-0.0464703
-0.0453992
-0.0449186
-0.0453855
-0.0466762
-0.048269
-0.0495735
-0.0500266
-0.0492989
-0.0476237
-0.0457974
-0.0446852
-0.0445754
-0.0450834
-0.0454404
-0.0451521
-0.0443694
-0.0437377
-0.0436554
-0.0439712
-0.0442321
-0.0442321
-0.0440261
-0.0437103
-0.0431198
-0.0420488
-0.0405384
-0.0391241
-0.0384787
-0.038973
-0.0403736
-0.0419802
-0.043161
-0.0436554
-0.0434631
-0.0426667
-0.0414721
-0.0403736
-0.039893
-0.0401127
-0.0407306
-0.041376
-0.0419802
-0.0424745
-0.042653
-0.0424607
-0.0422822
-0.0424882
-0.0429551
-0.0430649
-0.0425157
-0.0415682
-0.0408817
-0.0410876
-0.0423921
-0.0443557
-0.0460309
-0.0465938
-0.0459622
-0.0445754
-0.0429551
-0.0415682
-0.0408679
-0.0411837
-0.0425431
-0.0445204
-0.0464153
-0.0473902
-0.0468959
-0.045207
-0.0431885
-0.0416506
-0.0407718
-0.040305
-0.0400578
-0.0400303
