LECROYHDO9204-MSöv,30454,Waveform
Segments,1,SegmentSize,2002
Ampl
-0.00901156
-0.00949215
-0.0107829
-0.0124581
-0.0140921
-0.0151906
-0.0154515
-0.0149022
-0.0139411
-0.0131446
-0.0127739
-0.0126915
-0.0125542
-0.0123757
-0.0124306
-0.0128014
-0.0131996
-0.0133094
-0.0130623
-0.0127464
-0.0126915
-0.0130348
-0.0135154
-0.0136527
-0.0131172
-0.0121835
-0.0113733
-0.0110163
-0.0111124
-0.0114557
-0.0117578
-0.0117441
-0.0114283
-0.0112223
-0.011593
-0.0125542
-0.0135703
-0.0140921
-0.0140784
-0.0138449
-0.0136939
-0.0137626
-0.0139823
-0.0141196
-0.0138861
-0.0132682
-0.0124856
-0.0118265
-0.0113871
-0.0112497
-0.011442
-0.0118676
-0.0121835
-0.012156
-0.0118265
-0.0114832
-0.0114008
-0.0117029
-0.0122521
-0.0127602
-0.0130348
-0.0131172
-0.0131858
-0.0132957
-0.0134055
-0.013433
-0.0133781
-0.0131858
-0.0128014
-0.0123482
-0.0119912
-0.0117029
-0.0113047
-0.0107417
-0.0102062
-0.00994528
-0.0100963
-0.0107142
-0.0116479
-0.012513
-0.0129936
-0.0130897
-0.0131309
-0.0133643
-0.0136802
-0.0138037
-0.0136527
-0.0133918
-0.013227
-0.0131721
-0.0131172
-0.0130348
-0.0129661
-0.0129799
-0.0129799
-0.0127876
-0.0122384
-0.0114008
-0.0105906
-0.0101375
-0.0101512
-0.0105357
-0.0109477
-0.0110575
-0.0107829
-0.0103572
-0.0100826
-0.0101375
-0.0103984
-0.0106181
-0.0106593
-0.0105769
-0.0105906
-0.0109751
-0.0117715
-0.0125954
-0.0129387
-0.0126503
-0.012005
-0.0114557
-0.0111948
-0.0112086
-0.0113733
-0.0115381
-0.0115793
-0.0115381
-0.0115381
-0.0115793
-0.011593
-0.0115518
-0.0113459
-0.0109339
-0.0103572
-0.00979424
-0.00949215
-0.00950588
-0.00971185
-0.00994528
-0.0101101
-0.0102336
-0.0104671
-0.0110987
-0.0122384
-0.0135154
-0.0141882
-0.0137488
-0.0122933
-0.0104945
-0.00919007
-0.00908022
-0.0102748
-0.0121285
-0.0135978
-0.0140509
-0.0136664
-0.0131035
-0.0128288
-0.0130348
-0.013584
-0.0140784
-0.0139685
-0.0130348
-0.0116754
-0.0104945
-0.00986289
-0.00972558
-0.00993155
-0.0104671
-0.0113733
-0.0126091
-0.0139273
-0.014861
-0.0149984
-0.0143942
-0.0134879
-0.0127739
-0.0124444
-0.0124444
-0.0125542
-0.0124306
-0.0118951
-0.011236
-0.0109751
-0.0112635
-0.0118265
-0.0122384
-0.0124444
-0.0125679
-0.012719
-0.0129112
-0.0130485
-0.0129112
-0.0122384
-0.0109889
-0.00947842
-0.00829754
-0.00802291
-0.00892917
-0.0106593
-0.0123757
-0.0133094
-0.0133781
-0.0129936
-0.0126229
-0.0122796
-0.0118951
-0.0115518
-0.0115381
-0.0120599
-0.0131584
-0.0144079
-0.0152043
-0.0151219
-0.0143667
-0.0135429
-0.0133232
-0.0140234
-0.0155751
-0.0175386
-0.0191589
-0.0197219
-0.0188843
-0.0169345
-0.0146688
-0.012925
-0.0122384
-0.0126091
-0.013584
-0.0144766
-0.0148473
-0.0145864
-0.0137763
-0.0127464
-0.012005
-0.012005
-0.0126366
-0.013282
-0.0133506
-0.0127327
-0.0118951
-0.0114008
-0.0114832
-0.0119226
-0.012307
-0.0124306
-0.0125405
-0.0130485
-0.0139823
-0.0149297
-0.0154378
-0.0153554
-0.0149984
-0.014916
-0.0154103
-0.0162204
-0.0167697
-0.0167697
-0.0163989
-0.0158634
-0.0151219
-0.0141333
-0.0131858
-0.0126778
-0.0125679
-0.0125542
-0.0125954
-0.0130348
-0.0139548
-0.0149297
-0.0154515
-0.0153691
-0.014916
-0.014353
-0.0138449
-0.0134193
-0.0130073
-0.0124856
-0.0118676
-0.0113184
-0.0110575
-0.0112497
-0.0119363
-0.01287
-0.0135291
-0.0134742
-0.01287
-0.0123482
-0.0122933
-0.0126366
-0.0131035
-0.0135017
-0.0138587
-0.0141882
-0.0146139
-0.0151769
-0.0156575
-0.0155888
-0.0147787
-0.0136252
-0.0128563
-0.01287
-0.0134742
-0.0140509
-0.0142294
-0.013996
-0.013584
-0.0131035
-0.0126503
-0.0124856
-0.0129112
-0.0138724
-0.0149434
-0.0156025
-0.0157261
-0.0155613
-0.0154378
-0.0156437
-0.0163852
-0.0175936
-0.0188156
-0.01931
-0.0185822
-0.016756
-0.014559
-0.0128426
-0.0122521
-0.0128288
-0.0140372
-0.0150945
-0.0153828
-0.0147375
-0.0134193
-0.01195
-0.0109477
-0.010879
-0.0116891
-0.0128426
-0.0137763
-0.0142431
-0.0143255
-0.0142843
-0.0144079
-0.0149984
-0.0159046
-0.0165363
-0.0163028
-0.0151494
-0.0137351
-0.0128151
-0.0128838
-0.0137763
-0.0148748
-0.0155476
-0.0155476
-0.0149984
-0.0142431
-0.0136115
-0.0134742
-0.0141196
-0.0154652
-0.0170168
-0.0181565
-0.0184449
-0.0178956
-0.0169894
-0.0162891
-0.0159733
-0.0157261
-0.0152867
-0.014861
-0.0148336
-0.0153142
-0.0159595
-0.0164951
-0.0168658
-0.017058
-0.0169894
-0.0166049
-0.0160007
-0.0153142
-0.0146276
-0.0141058
-0.013996
-0.0145178
-0.0155613
-0.016701
-0.0174425
-0.0174425
-0.0166461
-0.0155201
-0.0147787
-0.0148473
-0.0154927
-0.0162067
-0.0166324
-0.016756
-0.0166598
-0.0163303
-0.0156712
-0.0146551
-0.0135703
-0.0130211
-0.0133781
-0.014353
-0.0151769
-0.0154927
-0.0153966
-0.0152455
-0.0152181
-0.0153691
-0.0156025
-0.0157948
-0.0156987
-0.0151906
-0.0142569
-0.0130348
-0.011799
-0.0109751
-0.0109202
-0.0116342
-0.0126091
-0.0131996
-0.0129936
-0.0120736
-0.0109339
-0.0102062
-0.0104808
-0.0118676
-0.0139548
-0.0158085
-0.0165774
-0.0159733
-0.0143942
-0.0127602
-0.0118539
-0.0119363
-0.0126641
-0.013433
-0.0137488
-0.0134193
-0.0125817
-0.011799
-0.0117166
-0.012513
-0.0137214
-0.0146825
-0.0150807
-0.015067
-0.0150258
-0.0151906
-0.0155751
-0.0161655
-0.017058
-0.0184724
-0.0204359
-0.0227702
-0.0251594
-0.0274663
-0.0296084
-0.0316268
-0.0336728
-0.0361169
-0.0392614
-0.043161
-0.0476511
-0.0526493
-0.0580594
-0.0636342
-0.0689757
-0.0739876
-0.0790406
-0.0845469
-0.0905749
-0.0968775
-0.10318
-0.109167
-0.114357
-0.118422
-0.121607
-0.124573
-0.127992
-0.132084
-0.136698
-0.14149
-0.146104
-0.150306
-0.153958
-0.15691
-0.15897
-0.16011
-0.160618
-0.161098
-0.161991
-0.163405
-0.165039
-0.166385
-0.167058
-0.167071
-0.166756
-0.166604
-0.166879
-0.167305
-0.167099
-0.165712
-0.16335
-0.160755
-0.158503
-0.156787
-0.155606
-0.155111
-0.155249
-0.155482
-0.155084
-0.153642
-0.15139
-0.149015
-0.147065
-0.145706
-0.144607
-0.143179
-0.141106
-0.138675
-0.136602
-0.135421
-0.135036
-0.134899
-0.134487
-0.133732
-0.132922
-0.132359
-0.132084
-0.131851
-0.13159
-0.131604
-0.13218
-0.133073
-0.133553
-0.133169
-0.132222
-0.131343
-0.130807
-0.130409
-0.12986
-0.129269
-0.12916
-0.130052
-0.132029
-0.134528
-0.136629
-0.137659
-0.137618
-0.137206
-0.137247
-0.138208
-0.139925
-0.141833
-0.143358
-0.144401
-0.145211
-0.145912
-0.14631
-0.146145
-0.145349
-0.144195
-0.142973
-0.141751
-0.140529
-0.139664
-0.13976
-0.141215
-0.143701
-0.146392
-0.148507
-0.149605
-0.14977
-0.149317
-0.148672
-0.147958
-0.147038
-0.14587
-0.144676
-0.143797
-0.14322
-0.142781
-0.142479
-0.142506
-0.142877
-0.143344
-0.143454
-0.143124
-0.142616
-0.142273
-0.142218
-0.142369
-0.142465
-0.142287
-0.141778
-0.141188
-0.140913
-0.141202
-0.141724
-0.141778
-0.140941
-0.139623
-0.138716
-0.138854
-0.139925
-0.141312
-0.142218
-0.142218
-0.141312
-0.139911
-0.138607
-0.137796
-0.137618
-0.137742
-0.137865
-0.137906
-0.13803
-0.138332
-0.138675
-0.138991
-0.13943
-0.140117
-0.1409
-0.141435
-0.1416
-0.141367
-0.140817
-0.140213
-0.140035
-0.140501
-0.141298
-0.141792
-0.141669
-0.141174
-0.140721
-0.140488
-0.140501
-0.140776
-0.141367
-0.142163
-0.142781
-0.142891
-0.142534
-0.142163
-0.142135
-0.142424
-0.142726
-0.142822
-0.142822
-0.142822
-0.142575
-0.141573
-0.139609
-0.137247
-0.135435
-0.134954
-0.135805
-0.137179
-0.138112
-0.138153
-0.137577
-0.13711
-0.137261
-0.138044
-0.138936
-0.139279
-0.13873
-0.137426
-0.135943
-0.134872
-0.134501
-0.134762
-0.135366
-0.135874
-0.135819
-0.134995
-0.133759
-0.132936
-0.133128
-0.134295
-0.13586
-0.137247
-0.137975
-0.137659
-0.13619
-0.134089
-0.132386
-0.131988
-0.133059
-0.134954
-0.136616
-0.137247
-0.136616
-0.135146
-0.133622
-0.132798
-0.132991
-0.133746
-0.134336
-0.134268
-0.133732
-0.133279
-0.133114
-0.132963
-0.132386
-0.131315
-0.130176
-0.12964
-0.130011
-0.130999
-0.131823
-0.131974
-0.131549
-0.131178
-0.131329
-0.131892
-0.132345
-0.13229
-0.131672
-0.130766
-0.129887
-0.129297
-0.128995
-0.128885
-0.128857
-0.12905
-0.129722
-0.130917
-0.132167
-0.132826
-0.132606
-0.131755
-0.130835
-0.130313
-0.130258
-0.130546
-0.130917
-0.131123
-0.130903
-0.130203
-0.129407
-0.129091
-0.129365
-0.12975
-0.129558
-0.128555
-0.127196
-0.126084
-0.125452
-0.125095
-0.12482
-0.124766
-0.125356
-0.126729
-0.128404
-0.12953
-0.129544
-0.1285
-0.126949
-0.125383
-0.124024
-0.123022
-0.12261
-0.123159
-0.124628
-0.126482
-0.127841
-0.128185
-0.127677
-0.126825
-0.126001
-0.125287
-0.124766
-0.124669
-0.12515
-0.125974
-0.126592
-0.126564
-0.12585
-0.124834
-0.123955
-0.123489
-0.123392
-0.123571
-0.123983
-0.124505
-0.12482
-0.124697
-0.124312
-0.124134
-0.124436
-0.124999
-0.125219
-0.124628
-0.12331
-0.121841
-0.120935
-0.120921
-0.121525
-0.122157
-0.122459
-0.122445
-0.122266
-0.121855
-0.121044
-0.120001
-0.119232
-0.119026
-0.119108
-0.118889
-0.118133
-0.117351
-0.117268
-0.118106
-0.11941
-0.120523
-0.120935
-0.120536
-0.11952
-0.118312
-0.117447
-0.117227
-0.117406
-0.117461
-0.117172
-0.116774
-0.116513
-0.116376
-0.116307
-0.116321
-0.116568
-0.116911
-0.116911
-0.116266
-0.115126
-0.114069
-0.113671
-0.114083
-0.115085
-0.116184
-0.116801
-0.116568
-0.115524
-0.114014
-0.112394
-0.110911
-0.109895
-0.109675
-0.110362
-0.111666
-0.11308
-0.114124
-0.114577
-0.11455
-0.114344
-0.114275
-0.114522
-0.115016
-0.115524
-0.115703
-0.115318
-0.114302
-0.11297
-0.111899
-0.111611
-0.112037
-0.112627
-0.112833
-0.112613
-0.112298
-0.112147
-0.112174
-0.112449
-0.113039
-0.113794
-0.114138
-0.113341
-0.111213
-0.108549
-0.10664
-0.106036
-0.106256
-0.106407
-0.106297
-0.106379
-0.106997
-0.107959
-0.108837
-0.109455
-0.109702
-0.109455
-0.108659
-0.107492
-0.106407
-0.105789
-0.105789
-0.106173
-0.106462
-0.10627
-0.105556
-0.104745
-0.104539
-0.105446
-0.107231
-0.108988
-0.109702
-0.109057
-0.107533
-0.105913
-0.104773
-0.10443
-0.105034
-0.106421
-0.107835
-0.108261
-0.107299
-0.105542
-0.103908
-0.102933
-0.102603
-0.102686
-0.103084
-0.103647
-0.104155
-0.104443
-0.104594
-0.104718
-0.10491
-0.105157
-0.105377
-0.105418
-0.105199
-0.104691
-0.103949
-0.103111
-0.102191
-0.101148
-0.100036
-0.0993216
-0.0996786
-0.101258
-0.103276
-0.104416
-0.103894
-0.101944
-0.0995825
-0.0978387
-0.097207
-0.0974816
-0.0980034
-0.0982369
-0.0980584
-0.0979073
-0.0982918
-0.0993628
-0.100654
-0.101326
-0.10086
-0.0995413
-0.0982506
-0.0976327
-0.0976327
-0.0979622
-0.098484
-0.0992804
-0.100255
-0.100997
-0.101175
-0.10086
-0.100571
-0.100777
-0.101409
-0.101889
-0.101834
-0.101464
-0.101326
-0.101642
-0.101958
-0.101519
-0.0999807
-0.0978524
-0.0962596
-0.0959849
-0.0967402
-0.0975915
-0.0978249
-0.0976052
-0.097564
-0.097921
-0.0982643
-0.0979897
-0.0971246
-0.0961772
-0.0956417
-0.0956554
-0.0961497
-0.0970011
-0.0979622
-0.0987037
-0.098896
-0.0984016
-0.0973443
-0.0960811
-0.0949826
-0.0942136
-0.093788
-0.0934859
-0.0931426
-0.0924972
-0.091536
-0.090465
-0.089751
-0.0896549
-0.0901492
-0.0911378
-0.0926895
-0.0946256
-0.0961634
-0.0963557
-0.0949826
-0.0928954
-0.0912477
-0.090465
-0.0902178
-0.0899707
-0.0895999
-0.0894901
-0.0900256
-0.0911104
-0.0920304
-0.0920578
-0.0910692
-0.0896274
-0.0886388
-0.0885701
-0.0892704
-0.0901355
-0.0905337
-0.0902865
-0.0895725
-0.0887211
-0.0878973
-0.0872931
-0.0873206
-0.0884053
-0.0903826
-0.0923187
-0.0930602
-0.0920716
-0.0899981
-0.0881856
-0.0877188
-0.0885152
-0.0896137
-0.0899295
-0.089037
-0.0873618
-0.0856316
-0.0844507
-0.0840113
-0.084231
-0.0849451
-0.0860298
-0.0874029
-0.0886937
-0.0891193
-0.0882268
-0.0864418
-0.0849313
-0.0844919
-0.0850961
-0.0861534
-0.0871695
-0.0879522
-0.0885426
-0.0890095
-0.089188
-0.0888035
-0.0878835
-0.0869498
-0.0865516
-0.0865928
-0.086483
-0.0859062
-0.0851648
-0.0849039
-0.085206
-0.085563
-0.0854257
-0.0846292
-0.0834346
-0.0821576
-0.081169
-0.0809081
-0.0815809
-0.0827206
-0.0835033
-0.0834346
-0.0827618
-0.0821302
-0.0819379
-0.0821164
-0.0822812
-0.0822263
-0.0820478
-0.0818693
-0.0816908
-0.0814161
-0.0810179
-0.0804687
-0.0797409
-0.0789308
-0.078258
-0.0778735
-0.0775439
-0.0768986
-0.0758825
-0.0749625
-0.0748526
-0.0758825
-0.0773929
-0.0782442
-0.0777636
-0.0764729
-0.075649
-0.0762395
-0.078258
-0.0808944
-0.0828442
-0.0830502
-0.08132
-0.0786974
-0.0767613
-0.0764455
-0.0775439
-0.0789995
-0.0798096
-0.0795487
-0.0785051
-0.0772831
-0.0763768
-0.0760198
-0.0761846
-0.0766926
-0.0772693
-0.0775989
-0.0775989
-0.0773517
-0.0769398
-0.0762532
-0.0752096
-0.0741249
-0.0736031
-0.0738915
-0.0746055
-0.0751822
-0.0755255
-0.0758138
-0.0760335
-0.0759923
-0.075649
-0.0752508
-0.0751547
-0.0755255
-0.0761434
-0.0765278
-0.0763356
-0.0756353
-0.0749213
-0.0746055
-0.0746741
-0.0748114
-0.074784
-0.0745917
-0.0743995
-0.0743583
-0.0743583
-0.0741661
-0.0736031
-0.0728067
-0.0722025
-0.0721751
-0.0727518
-0.0736443
-0.0743171
-0.074427
-0.0740837
-0.0738228
-0.0740562
-0.0746467
-0.0750174
-0.0746055
-0.0732049
-0.0711452
-0.0691405
-0.0680969
-0.0685088
-0.0700604
-0.0717631
-0.0727792
-0.0729165
-0.0724771
-0.0718455
-0.0713786
-0.0713512
-0.0718318
-0.0725595
-0.0732735
-0.0738365
-0.0739738
-0.0733697
-0.0722849
-0.0715983
-0.0720103
-0.0731774
-0.0740288
-0.0738228
-0.0728204
-0.0719279
-0.0718318
-0.072587
-0.073658
-0.0744544
-0.0746467
-0.0741386
-0.0729989
-0.0714061
-0.069676
-0.0682342
-0.0673966
-0.0671357
-0.0672044
-0.0673005
-0.0672867
-0.0671494
-0.0669572
-0.0668748
-0.0670533
-0.0674103
-0.0678085
-0.0681518
-0.0686187
-0.069264
-0.0698682
-0.0698545
-0.0689482
-0.0674653
-0.0661471
-0.0655841
-0.0657626
-0.0662569
-0.0666002
-0.0665727
-0.0662157
-0.0656115
-0.0649524
-0.064568
-0.064719
-0.0653918
-0.0662294
-0.0666688
-0.0661471
-0.0646092
-0.0627005
-0.0614235
-0.0613686
-0.0623023
-0.0635244
-0.0644581
-0.0649524
-0.0651721
-0.0652957
-0.0653095
-0.0650486
-0.0643757
-0.0635107
-0.062879
-0.0627966
-0.0632223
-0.0638539
-0.0643757
-0.0645268
-0.0641972
-0.0635656
-0.0630438
-0.0629752
-0.0633734
-0.0639089
-0.064211
-0.0639775
-0.0632086
-0.0623984
-0.0621787
-0.0628653
-0.0642384
-0.0658312
-0.0671769
-0.0680145
-0.0680832
-0.0673691
-0.0662432
-0.0652957
-0.0649524
-0.0653095
-0.0660784
-0.0668199
-0.0670808
-0.0667512
-0.0660097
-0.0650348
-0.0638128
-0.0622062
-0.0604211
-0.0591167
-0.0588695
-0.0596659
-0.0608331
-0.0615746
-0.0615334
-0.0610528
-0.0606134
-0.0604211
-0.0602289
-0.0598856
-0.0595012
-0.0593776
-0.0596797
-0.060325
-0.0611352
-0.061808
-0.0618629
-0.0609979
-0.0594737
-0.0581418
-0.0578671
-0.0589382
-0.0607644
-0.0623435
-0.0627692
-0.0618217
-0.0599818
-0.0581555
-0.0571257
-0.0571943
-0.0579495
-0.0586636
-0.0588283
-0.0586224
-0.0585812
-0.0589382
-0.059405
-0.0596659
-0.0598856
-0.0602838
-0.0605997
-0.0603388
-0.0593776
-0.0581143
-0.0570433
-0.0564254
-0.0563155
-0.0566451
-0.057263
-0.0579907
-0.0586773
-0.0591579
-0.059103
-0.0584988
-0.0577573
-0.0574689
-0.0578534
-0.0585262
-0.0588833
-0.0586636
-0.0581006
-0.0577573
-0.0577436
-0.0577436
-0.057414
-0.0570982
-0.0573591
-0.0583203
-0.0593227
-0.0595835
-0.0589519
-0.0580868
-0.0576749
-0.0579083
-0.0584027
-0.0585537
-0.0581143
-0.0574415
-0.0571531
-0.0575788
-0.0582791
-0.0585949
-0.0582379
-0.0576337
-0.0574003
-0.0577985
-0.0586773
-0.0596659
-0.0605173
-0.0610116
-0.0610802
-0.0608331
-0.0605173
-0.0604074
-0.060531
-0.0605859
-0.0602289
-0.0594737
-0.0586636
-0.057977
-0.0571531
-0.0561233
-0.0553131
-0.0552857
-0.0559997
-0.0568373
-0.0571669
-0.0567687
-0.0558487
-0.0548051
-0.0541185
-0.0540773
-0.0546266
-0.0553955
-0.0560684
-0.0565352
-0.0568236
-0.057057
-0.0573042
-0.0574415
-0.057263
-0.0567824
-0.0561782
-0.0556152
-0.0550385
-0.0543657
-0.0535967
-0.0529514
-0.0526218
-0.0526493
-0.0529926
-0.0536105
-0.0544069
-0.0552994
-0.0561096
-0.0565352
-0.0561919
-0.0551072
-0.0538027
-0.0530063
-0.0528553
-0.0528827
-0.0524433
-0.0513998
-0.0502051
-0.0494774
-0.0495049
-0.0499854
-0.0502738
-0.0499442
-0.0492165
-0.0487634
-0.0490517
-0.0499854
-0.0509329
-0.0512762
-0.0509604
-0.0504798
-0.0503699
-0.0506995
-0.0511938
-0.0516744
-0.0520863
-0.0524021
-0.0524708
-0.052306
-0.0521962
-0.0523472
-0.0526356
-0.0529102
-0.0531848
-0.0535418
-0.0538439
-0.0538439
-0.0535281
-0.0531299
-0.0529376
-0.0530338
-0.053226
-0.0530338
-0.052155
-0.0507681
-0.0496696
-0.0495598
-0.0504798
-0.0518529
-0.0529102
-0.053075
-0.0523197
-0.0512075
-0.0506033
-0.0510427
-0.0524159
-0.0541323
-0.0554505
-0.0557525
-0.05486
-0.0532123
-0.0515783
-0.0504935
-0.0499031
-0.0496284
-0.0497657
-0.0503836
-0.0512899
-0.0520726
-0.052512
-0.0525806
-0.0522511
-0.0516606
-0.0510016
-0.0505622
-0.0504798
-0.0506171
-0.0506308
-0.0502189
-0.0493263
-0.048324
-0.0478159
-0.0480905
-0.0486947
-0.0489144
-0.0483377
-0.0472255
-0.0461407
-0.0457013
-0.0461956
-0.0473902
-0.0485849
-0.0490929
-0.0486672
-0.047555
-0.046278
-0.0455365
-0.0458112
-0.0469646
-0.0481592
-0.0487222
-0.0486398
-0.0483514
-0.0480768
-0.047761
-0.0474452
-0.0473216
-0.0475001
-0.0477885
-0.0478983
-0.0474864
-0.0465252
-0.0454267
-0.0447951
-0.0449598
-0.045564
-0.0460034
-0.0460583
-0.0460583
-0.0463329
-0.0468547
-0.0473353
-0.0475825
-0.0475138
-0.0470744
-0.0461682
-0.0447813
-0.0432022
-0.0419527
-0.0414309
-0.0416918
-0.0424745
-0.0435181
-0.0446303
-0.0456189
-0.0461956
-0.0460995
-0.0454541
-0.0446715
-0.0442183
-0.0443007
-0.0448088
-0.045413
-0.0459897
-0.0465801
-0.0472117
-0.0475825
-0.0473628
-0.0465664
-0.0457013
-0.0452756
-0.0454267
-0.0458112
-0.0458661
-0.0453168
-0.0443557
-0.0434631
-0.0429688
-0.0428315
-0.0429139
-0.0432572
-0.04393
-0.0446989
-0.0451521
-0.0450148
-0.0442595
-0.0429139
-0.0411426
-0.0395085
-0.0387259
-0.039028
-0.0399342
-0.040813
-0.0414172
-0.0420076
-0.0427079
-0.0432984
-0.0435318
-0.043367
-0.0428727
-0.0423234
-0.0419939
-0.041884
-0.0417605
-0.0415133
-0.0414172
-0.0418291
-0.0426118
-0.043161
-0.042804
-0.0414584
-0.0396596
-0.0383414
-0.0381217
-0.0389868
-0.0402363
-0.0410327
-0.040813
-0.0395085
-0.0376686
-0.0361719
-0.0357462
-0.0365426
-0.0379157
-0.0390829
-0.0395909
-0.0395635
-0.0393163
-0.0391103
-0.0389868
-0.0389181
-0.0387671
-0.0385062
-0.0383277
-0.0385611
-0.0393438
-0.0405796
-0.041884
-0.0426804
-0.042447
-0.0410052
-0.0388632
-0.0369683
-0.0361169
-0.036419
-0.0372566
-0.0378059
-0.0377372
-0.0374626
-0.037696
-0.0388357
-0.0404835
-0.0417742
-0.0421037
-0.0414309
-0.0403461
-0.0396321
-0.0396321
-0.0401127
-0.0404423
-0.0403599
-0.04025
-0.0406345
-0.0415957
-0.0426255
-0.0430237
-0.0424882
-0.0414446
-0.0408405
-0.0413348
-0.0426118
-0.0435592
-0.0432297
-0.0415545
-0.0393575
-0.0376823
-0.0372566
-0.0381766
-0.0399342
-0.041527
-0.0421037
-0.0414034
-0.039893
-0.0383551
-0.037545
-0.0377784
-0.0388494
-0.0400166
-0.0405521
-0.0401539
-0.0392202
-0.0384238
-0.0381766
-0.038465
-0.0388906
-0.038973
-0.0383277
-0.0369133
-0.0351146
-0.0335492
-0.0328764
-0.0332608
-0.0343456
-0.0354029
-0.0358835
-0.0357462
-0.0354716
-0.0355814
-0.0362542
-0.0371468
-0.0376548
-0.0373939
-0.0364877
-0.0354166
-0.0346752
-0.0344692
-0.0347301
-0.0352519
-0.0355814
-0.0354441
-0.0350322
-0.0350047
-0.035856
-0.0374077
-0.0389593
-0.0398244
-0.0396596
-0.0386709
-0.0374077
-0.0363916
-0.035856
-0.0357462
-0.035856
-0.0359522
-0.0358423
-0.035554
-0.035348
-0.0355814
-0.0363092
-0.0372841
-0.0382041
-0.0388906
-0.0391378
-0.0387945
-0.0379432
-0.036982
-0.0363641
-0.0362405
-0.0364465
-0.0367348
-0.0368996
-0.0369271
-0.0369545
-0.0372429
-0.0379432
-0.0389044
-0.039742
-0.0400853
-0.0397694
-0.0389044
-0.0378196
-0.0369271
-0.0364465
-0.0363916
-0.0367074
-0.0372978
-0.0379295
-0.0383277
-0.0383689
-0.0382041
-0.0381217
-0.0381629
-0.0382178
-0.0381903
-0.0380256
-0.0376411
-0.0371056
-0.0367348
-0.0368584
-0.0373939
-0.037902
-0.0379432
-0.0374214
-0.036625
-0.0359384
-0.0354716
-0.0351283
-0.0348399
-0.0347301
-0.0349772
-0.0356501
-0.0364877
-0.037133
-0.0373253
-0.0370507
-0.0365426
-0.0361993
-0.0362817
-0.0365151
-0.0361719
-0.0348949
-0.0331647
-0.0319427
-0.0319152
-0.0329725
-0.0343731
-0.0353343
-0.0354578
-0.0349635
-0.0343319
-0.0339474
-0.0337826
-0.0337552
-0.0340298
-0.0348674
-0.0361581
-0.0372841
-0.0375587
-0.036776
-0.0354166
-0.0343044
-0.0340435
-0.0347164
-0.0359247
-0.0370781
-0.0377509
-0.0377509
-0.0371605
-0.0363229
-0.0356775
-0.0353205
-0.0349086
-0.034071
-0.0328215
-0.0315719
-0.0307206
-0.0304048
-0.0304597
-0.0306382
-0.0308854
-0.0312973
-0.031874
-0.0322997
-0.0321212
-0.0312012
-0.0299928
-0.0290866
-0.0286609
-0.0286197
-0.0287845
-0.0292925
-0.0302263
-0.0314895
-0.0326704
-0.033302
-0.0330411
-0.032025
-0.0307343
-0.0299242
-0.0301164
-0.0312149
-0.032437
-0.0329176
-0.0323821
-0.0314209
-0.0309265
-0.0312286
-0.0318328
-0.0320113
-0.0315994
-0.0308716
-0.0302263
-0.0297869
-0.0295672
-0.0295397
-0.0296633
-0.0299104
-0.0302263
-0.0304048
-0.0303224
-0.0301439
-0.0301576
-0.0303773
-0.0305695
-0.0305283
-0.0302812
-0.0300752
-0.0301713
-0.0307618
-0.0316268
-0.0322859
-0.0323409
-0.0316955
-0.0303636
-0.0285648
-0.0267935
-0.0258735
-0.0262579
-0.0276311
-0.0290591
-0.0298692
-0.0299242
-0.0293749
-0.0284824
-0.0275349
-0.0268896
-0.0266973
-0.0270543
-0.0280155
-0.0293887
-0.030597
-0.0308304
-0.0299516
-0.028606
-0.0277546
-0.0279469
-0.0289493
-0.0301576
-0.0309128
-0.0308854
-0.0301439
-0.0290179
-0.0278645
-0.0269857
-0.0266973
-0.0272329
-0.0284412
-0.0298692
-0.0310913
-0.0319564
-0.0324782
-0.0324232
-0.0314758
-0.0295397
-0.0271917
-0.0253105
-0.0246239
-0.0252556
-0.0266424
-0.0280842
-0.0291827
-0.0297594
-0.0297457
-0.0292788
-0.0288669
-0.0291003
-0.0300889
-0.0313659
-0.0322722
-0.032437
-0.0316543
-0.030034
-0.0279331
-0.0259284
-0.0246377
-0.0245003
-0.0256675
-0.0278782
-0.0303773
-0.0322173
-0.0327803
-0.0320113
-0.0303086
-0.0283314
-0.0268621
-0.0265875
-0.0276173
-0.0290454
-0.0297182
