LECROYHDO9204-MSöv,30454,Waveform
Segments,1,SegmentSize,2002
Ampl
-0.0160831
-0.015067
-0.0136527
-0.0125954
-0.0121148
-0.0117853
-0.0111811
-0.0104121
-0.0102199
-0.0112909
-0.013433
-0.0155613
-0.0163577
-0.0154103
-0.0135566
-0.0120873
-0.0115656
-0.0115518
-0.0114145
-0.0109339
-0.0104671
-0.0102748
-0.0104121
-0.0107005
-0.0108927
-0.0109065
-0.0108241
-0.0108515
-0.0110987
-0.0114145
-0.011799
-0.0122933
-0.0128975
-0.0133781
-0.0134742
-0.013076
-0.0123208
-0.0115793
-0.0112772
-0.011593
-0.0122109
-0.0125542
-0.0123757
-0.0118951
-0.0114969
-0.011442
-0.0116205
-0.0117441
-0.0116068
-0.0112223
-0.010879
-0.0109751
-0.0116891
-0.012719
-0.0135017
-0.013639
-0.0132545
-0.0128014
-0.0126091
-0.0125954
-0.0125542
-0.0124993
-0.0125679
-0.0127739
-0.0130211
-0.0132408
-0.0135978
-0.0141745
-0.01471
-0.0147649
-0.0142843
-0.013639
-0.0131446
-0.0126915
-0.0121697
-0.0116891
-0.0116342
-0.0121835
-0.0131172
-0.0140097
-0.014559
-0.0146688
-0.0144079
-0.0139411
-0.0135703
-0.0134742
-0.0136252
-0.0137488
-0.0134605
-0.0125954
-0.011442
-0.0104396
-0.00990409
-0.00994528
-0.0105632
-0.0115381
-0.0123757
-0.0127464
-0.0128151
-0.0130485
-0.0136527
-0.0143942
-0.0148885
-0.0148748
-0.0143393
-0.0135154
-0.0129936
-0.0133232
-0.0142981
-0.0150396
-0.0148199
-0.0137626
-0.0126503
-0.0120462
-0.0121148
-0.0127464
-0.0137214
-0.0146551
-0.0151631
-0.0151494
-0.0149434
-0.0148473
-0.0149572
-0.0152318
-0.0155064
-0.0155888
-0.0153966
-0.0151494
-0.0150807
-0.0151494
-0.014916
-0.0140646
-0.0127739
-0.0116342
-0.0111674
-0.0114008
-0.0118951
-0.0122521
-0.0126091
-0.0132545
-0.0141745
-0.0148748
-0.014916
-0.014353
-0.0136115
-0.013076
-0.0129524
-0.013282
-0.0137763
-0.013996
-0.0137076
-0.013227
-0.013227
-0.0138999
-0.0148199
-0.0152455
-0.0147649
-0.013584
-0.0123894
-0.0118676
-0.0122384
-0.0131996
-0.014202
-0.014861
-0.0149846
-0.0146139
-0.0140372
-0.0136115
-0.0134467
-0.0133094
-0.0129936
-0.0126641
-0.0127602
-0.0134605
-0.0146276
-0.0158772
-0.0167148
-0.016756
-0.0159595
-0.01471
-0.0136527
-0.0132545
-0.0135291
-0.0141058
-0.014504
-0.0144766
-0.0141882
-0.0138724
-0.0134605
-0.0127053
-0.0117029
-0.0109339
-0.0107966
-0.011236
-0.0119226
-0.0125405
-0.01287
-0.0126503
-0.0119088
-0.0109614
-0.0103572
-0.010522
-0.0114694
-0.0126778
-0.0135154
-0.013639
-0.0132408
-0.012719
-0.0122659
-0.0118539
-0.0114832
-0.0113321
-0.0115106
-0.0119088
-0.0122796
-0.0124306
-0.0123757
-0.0123208
-0.0126641
-0.0135154
-0.0145727
-0.0151906
-0.0149572
-0.0140646
-0.0130485
-0.0122659
-0.0117853
-0.0116479
-0.0118539
-0.0122109
-0.0123757
-0.0121423
-0.0117715
-0.0116205
-0.0117166
-0.0117441
-0.011442
-0.010879
-0.0103023
-0.0100139
-0.0102062
-0.0109751
-0.0121835
-0.0134467
-0.0141058
-0.0135703
-0.0117166
-0.00901156
-0.0064301
-0.00505698
-0.00557876
-0.00765217
-0.0100551
-0.0114969
-0.0116479
-0.0111124
-0.010728
-0.010879
-0.0114969
-0.0122796
-0.0128975
-0.0130073
-0.0126229
-0.012005
-0.0114694
-0.011085
-0.0108653
-0.0107829
-0.0109614
-0.0115381
-0.012513
-0.0135566
-0.0141196
-0.0138175
-0.0128975
-0.01195
-0.0113596
-0.01103
-0.0106868
-0.0101787
-0.00967066
-0.00935484
-0.0094235
-0.0100002
-0.0111811
-0.0127464
-0.0142569
-0.015273
-0.0156025
-0.0154378
-0.0152455
-0.0151906
-0.0151219
-0.0146688
-0.0137763
-0.0126503
-0.011593
-0.0108103
-0.0105495
-0.0110163
-0.0120324
-0.0130623
-0.0135978
-0.0135154
-0.0129799
-0.0121423
-0.0110026
-0.009602
-0.00818769
-0.00725397
-0.00714412
-0.00774829
-0.00851724
-0.00891544
-0.00890171
-0.0089429
-0.00947842
-0.0104259
-0.0113733
-0.0119775
-0.0121011
-0.0119226
-0.0118127
-0.0120599
-0.0124993
-0.0127602
-0.0127327
-0.012513
-0.0121972
-0.0116891
-0.0110575
-0.0106318
-0.0106593
-0.0109477
-0.0111536
-0.0110163
-0.0106593
-0.0104259
-0.0107417
-0.0116068
-0.0125954
-0.0130623
-0.0128014
-0.0120873
-0.0114008
-0.0110026
-0.0109614
-0.0112497
-0.01195
-0.0130073
-0.0140784
-0.014559
-0.0141745
-0.0133506
-0.0128426
-0.0131309
-0.0139136
-0.014504
-0.0145315
-0.0142981
-0.0143805
-0.0150533
-0.0160282
-0.0166461
-0.0162754
-0.01471
-0.0125405
-0.0110026
-0.0111811
-0.0130348
-0.015424
-0.0169757
-0.0169894
-0.0156849
-0.0138587
-0.0122659
-0.0113733
-0.0113871
-0.0123757
-0.0140784
-0.0158497
-0.0168933
-0.0169345
-0.0163989
-0.0158497
-0.0154927
-0.0151631
-0.0146825
-0.0142294
-0.0142706
-0.0150121
-0.0162067
-0.0171816
-0.0173189
-0.0166598
-0.0157261
-0.0151494
-0.0152318
-0.0158497
-0.0165912
-0.0168933
-0.0163852
-0.0153279
-0.0143667
-0.0141196
-0.0147375
-0.0158634
-0.0167148
-0.0165774
-0.0152455
-0.0133369
-0.0117441
-0.0110987
-0.0114145
-0.0122933
-0.0132408
-0.0139273
-0.0142843
-0.0144079
-0.0143393
-0.0139548
-0.0132682
-0.0127739
-0.0129799
-0.0139411
-0.0150945
-0.0157261
-0.0155888
-0.0149572
-0.014353
-0.0142981
-0.014916
-0.0158497
-0.0164264
-0.0161655
-0.0150533
-0.0135291
-0.0122247
-0.0117441
-0.0122109
-0.0132133
-0.0141333
-0.0146825
-0.0150121
-0.0153554
-0.0158772
-0.0165637
-0.0173876
-0.0182252
-0.0189941
-0.0197905
-0.0206693
-0.0215619
-0.022578
-0.0243218
-0.0274937
-0.0319976
-0.0368035
-0.0409778
-0.0446165
-0.048475
-0.0530612
-0.058183
-0.0634008
-0.0687423
-0.0744956
-0.0809767
-0.0880895
-0.0956691
-0.103482
-0.111281
-0.118641
-0.12537
-0.131659
-0.137906
-0.144168
-0.150251
-0.156155
-0.162375
-0.169515
-0.177658
-0.186322
-0.194712
-0.201962
-0.207523
-0.211423
-0.21443
-0.217602
-0.221612
-0.226253
-0.230619
-0.233791
-0.235604
-0.236826
-0.238419
-0.240725
-0.243101
-0.244515
-0.244447
-0.243266
-0.241728
-0.240382
-0.239229
-0.238034
-0.236743
-0.235521
-0.234697
-0.234423
-0.234395
-0.233819
-0.231965
-0.228807
-0.224948
-0.221241
-0.218124
-0.215501
-0.213016
-0.210503
-0.208073
-0.205917
-0.204091
-0.202608
-0.201523
-0.200768
-0.20004
-0.198859
-0.197074
-0.195056
-0.193435
-0.192749
-0.193023
-0.193833
-0.19463
-0.195097
-0.195165
-0.195014
-0.194836
-0.194712
-0.194506
-0.194122
-0.193833
-0.194122
-0.195248
-0.196827
-0.1982
-0.198818
-0.198694
-0.198269
-0.198118
-0.198639
-0.199889
-0.201509
-0.20291
-0.20361
-0.203734
-0.203953
-0.205024
-0.206988
-0.209116
-0.210668
-0.211533
-0.21211
-0.212741
-0.213359
-0.213744
-0.213881
-0.213963
-0.214128
-0.214265
-0.214238
-0.213908
-0.21303
-0.211574
-0.21005
-0.209322
-0.209954
-0.211725
-0.213757
-0.215103
-0.215282
-0.21443
-0.213194
-0.212302
-0.212
-0.211931
-0.211698
-0.2113
-0.210984
-0.21075
-0.210421
-0.209954
-0.209638
-0.209789
-0.21027
-0.210764
-0.211107
-0.211451
-0.211821
-0.211945
-0.211464
-0.210297
-0.208773
-0.207441
-0.206672
-0.206645
-0.207263
-0.208237
-0.209212
-0.209775
-0.209652
-0.208759
-0.207166
-0.205066
-0.202855
-0.201207
-0.200987
-0.202608
-0.205587
-0.208732
-0.210764
-0.211025
-0.20972
-0.207757
-0.206178
-0.205381
-0.205148
-0.205272
-0.205738
-0.206494
-0.20707
-0.206947
-0.20615
-0.205272
-0.204969
-0.205258
-0.205642
-0.205738
-0.20556
-0.20545
-0.20556
-0.20578
-0.205917
-0.206027
-0.206233
-0.206603
-0.20707
-0.207455
-0.207482
-0.206947
-0.205903
-0.204818
-0.204187
-0.204173
-0.204434
-0.204544
-0.204352
-0.203995
-0.203528
-0.202841
-0.201866
-0.200836
-0.200218
-0.200246
-0.200699
-0.201152
-0.201248
-0.200987
-0.200548
-0.200273
-0.200438
-0.201029
-0.201592
-0.201633
-0.20096
-0.199834
-0.198722
-0.198159
-0.19842
-0.199298
-0.20015
-0.200452
-0.200122
-0.199573
-0.199202
-0.19912
-0.199175
-0.199202
-0.199065
-0.19879
-0.198447
-0.198049
-0.197458
-0.196538
-0.19544
-0.194602
-0.194575
-0.195522
-0.197101
-0.198543
-0.199134
-0.198584
-0.197184
-0.195564
-0.194506
-0.194493
-0.195522
-0.196937
-0.197912
-0.197994
-0.197294
-0.196127
-0.194712
-0.193243
-0.191884
-0.190826
-0.19014
-0.189824
-0.189742
-0.189865
-0.19014
-0.190593
-0.191073
-0.191485
-0.191884
-0.192392
-0.192982
-0.193298
-0.192831
-0.191389
-0.189412
-0.187696
-0.186707
-0.186281
-0.186034
-0.185924
-0.186158
-0.186844
-0.187696
-0.18808
-0.187462
-0.185938
-0.184277
-0.183453
-0.183892
-0.185142
-0.186377
-0.187009
-0.186995
-0.186597
-0.185897
-0.184867
-0.183617
-0.182601
-0.182107
-0.181928
-0.181503
-0.180761
-0.180308
-0.180706
-0.181819
-0.182972
-0.183631
-0.183892
-0.184029
-0.184057
-0.183782
-0.183233
-0.182766
-0.18267
-0.182821
-0.182752
-0.182176
-0.181118
-0.179773
-0.178454
-0.177548
-0.177507
-0.1784
-0.1798
-0.181008
-0.181585
-0.181503
-0.181022
-0.180432
-0.180047
-0.180047
-0.180336
-0.180432
-0.1798
-0.178468
-0.177136
-0.176546
-0.176834
-0.177466
-0.177754
-0.177329
-0.176326
-0.175077
-0.174033
-0.17358
-0.173868
-0.174761
-0.175818
-0.176436
-0.17623
-0.175255
-0.17417
-0.173731
-0.174198
-0.175228
-0.176148
-0.176285
-0.17531
-0.173498
-0.171603
-0.170449
-0.170394
-0.171149
-0.172056
-0.172468
-0.172152
-0.171149
-0.169776
-0.168376
-0.16725
-0.166646
-0.166824
-0.167827
-0.169337
-0.170655
-0.171259
-0.171012
-0.170078
-0.168678
-0.167099
-0.165836
-0.16541
-0.165918
-0.166865
-0.167456
-0.167167
-0.166055
-0.164682
-0.163652
-0.163227
-0.163254
-0.163199
-0.162664
-0.16162
-0.160549
-0.160013
-0.160192
-0.160686
-0.161057
-0.161167
-0.161167
-0.161002
-0.16048
-0.159684
-0.159066
-0.159039
-0.159492
-0.16011
-0.160549
-0.160659
-0.160288
-0.159299
-0.157775
-0.156128
-0.154933
-0.154466
-0.154466
-0.154439
-0.154315
-0.154397
-0.154823
-0.155317
-0.155633
-0.155784
-0.155922
-0.155839
-0.155208
-0.153903
-0.152338
-0.151267
-0.151171
-0.151898
-0.152805
-0.153271
-0.153107
-0.152489
-0.151734
-0.151074
-0.150731
-0.150896
-0.151734
-0.153107
-0.154425
-0.154823
-0.153958
-0.152242
-0.150663
-0.149935
-0.150031
-0.150443
-0.150772
-0.150965
-0.151157
-0.151239
-0.150951
-0.150237
-0.149427
-0.149015
-0.149303
-0.150155
-0.151129
-0.151747
-0.151679
-0.150855
-0.149454
-0.147848
-0.146516
-0.146021
-0.146626
-0.147944
-0.149111
-0.149399
-0.148809
-0.147834
-0.146996
-0.146571
-0.146529
-0.146584
-0.146378
-0.14587
-0.145404
-0.145486
-0.146241
-0.147449
-0.148603
-0.149221
-0.149042
-0.148122
-0.146818
-0.145609
-0.144909
-0.144717
-0.144689
-0.144401
-0.143824
-0.14322
-0.142836
-0.142547
-0.142122
-0.141545
-0.140982
-0.140515
-0.139993
-0.139389
-0.138826
-0.138469
-0.138359
-0.138332
-0.138222
-0.138044
-0.137906
-0.137906
-0.138057
-0.138346
-0.138634
-0.138661
-0.138332
-0.137824
-0.137549
-0.137851
-0.138661
-0.139554
-0.139952
-0.139527
-0.138236
-0.136231
-0.13391
-0.131974
-0.131137
-0.131741
-0.133306
-0.134927
-0.135833
-0.135956
-0.135778
-0.135833
-0.136272
-0.136808
-0.137
-0.13667
-0.135874
-0.134817
-0.133622
-0.132386
-0.131329
-0.130835
-0.131219
-0.132428
-0.133897
-0.134776
-0.134487
-0.133196
-0.131645
-0.130601
-0.130272
-0.130478
-0.130862
-0.131041
-0.130697
-0.129942
-0.129228
-0.129132
-0.129819
-0.130986
-0.131988
-0.132208
-0.131384
-0.129915
-0.12861
-0.12813
-0.128432
-0.129036
-0.129462
-0.129517
-0.129118
-0.128212
-0.127031
-0.126166
-0.126166
-0.126949
-0.127896
-0.128459
-0.128445
-0.127992
-0.127416
-0.127031
-0.127059
-0.127443
-0.127786
-0.127567
-0.126441
-0.124587
-0.122761
-0.1218
-0.122006
-0.122994
-0.124216
-0.125287
-0.126015
-0.126262
-0.125974
-0.125219
-0.124189
-0.123049
-0.121978
-0.121319
-0.121511
-0.122788
-0.124752
-0.126454
-0.127045
-0.126386
-0.125068
-0.123914
-0.123502
-0.123873
-0.124697
-0.125342
-0.125232
-0.124326
-0.123214
-0.122527
-0.122363
-0.122363
-0.122308
-0.12217
-0.122019
-0.121772
-0.121305
-0.120742
-0.12033
-0.12033
-0.120729
-0.121292
-0.121594
-0.121195
-0.120028
-0.118586
-0.11768
-0.117763
-0.11849
-0.119095
-0.118943
-0.118078
-0.116994
-0.116307
-0.116266
-0.116595
-0.116692
-0.116156
-0.115112
-0.11411
-0.113671
-0.114
-0.114865
-0.115758
-0.116293
-0.116431
-0.116321
-0.116129
-0.115758
-0.115126
-0.114371
-0.113808
-0.113712
-0.113987
-0.114344
-0.114591
-0.114755
-0.114852
-0.11481
-0.114302
-0.113053
-0.111227
-0.109496
-0.108659
-0.108961
-0.10984
-0.110471
-0.110513
-0.110156
-0.109799
-0.109579
-0.1094
-0.10903
-0.108535
-0.108384
-0.109194
-0.110952
-0.112819
-0.113808
-0.113492
-0.112188
-0.11054
-0.109153
-0.108384
-0.108219
-0.108233
-0.10811
-0.108
-0.108233
-0.108714
-0.108851
-0.108123
-0.106654
-0.105212
-0.104608
-0.105144
-0.106352
-0.107437
-0.107945
-0.108
-0.10789
-0.107547
-0.106682
-0.105377
-0.104402
-0.104443
-0.105418
-0.106366
-0.106283
-0.10513
-0.103908
-0.103702
-0.104759
-0.106201
-0.106888
-0.106407
-0.105267
-0.10421
-0.103551
-0.103029
-0.102288
-0.101299
-0.100544
-0.100516
-0.101313
-0.10237
-0.102878
-0.102397
-0.101244
-0.10031
-0.100255
-0.101065
-0.102082
-0.102672
-0.102631
-0.102315
-0.102219
-0.10248
-0.102782
-0.102658
-0.101848
-0.100585
-0.0992255
-0.098127
-0.097413
-0.0969324
-0.096493
-0.0960399
-0.0958339
-0.0962321
-0.0973581
-0.0988685
-0.100283
-0.101079
-0.101093
-0.100612
-0.100255
-0.100544
-0.101505
-0.10237
-0.102288
-0.101038
-0.0993354
-0.0982094
-0.0980584
-0.0985115
-0.0990607
-0.09961
-0.100255
-0.100791
-0.100736
-0.0998434
-0.0983192
-0.0968088
-0.0959849
-0.096136
-0.0967951
-0.097056
-0.0965342
-0.0957103
-0.0952023
-0.0950787
-0.0948864
-0.0943372
-0.0935683
-0.093019
-0.0928405
-0.0929366
-0.0931014
-0.0931563
-0.0929915
-0.0926345
-0.0921677
-0.0916871
-0.0912751
-0.0909456
-0.0908769
-0.0912477
-0.0920441
-0.0929915
-0.0935545
-0.0933623
-0.0924423
-0.0913575
-0.090616
-0.0902178
-0.0898059
-0.0893665
-0.0892841
-0.0899432
-0.0911241
-0.0922913
-0.0928817
-0.0926757
-0.0916733
-0.0900668
-0.0881856
-0.086483
-0.0853982
-0.0852746
-0.0860573
-0.0873618
-0.0886113
-0.0892979
-0.0892155
-0.0885426
-0.0878423
-0.0878835
-0.0890919
-0.0909456
-0.0922638
-0.0921127
-0.0906023
-0.0885564
-0.086634
-0.0849588
-0.083517
-0.0825558
-0.0823499
-0.0827343
-0.0831051
-0.0829403
-0.0822126
-0.0814299
-0.0811415
-0.0814848
-0.0822126
-0.0827755
-0.0827206
-0.0820066
-0.0811553
-0.0809081
-0.0816221
-0.0828442
-0.0837367
-0.083874
-0.0834346
-0.0828167
-0.0822812
-0.0820615
-0.0823361
-0.0831188
-0.0841487
-0.0851098
-0.0856454
-0.0854257
-0.0844095
-0.0831051
-0.0822126
-0.0820066
-0.0821576
-0.0822675
-0.0822949
-0.0823636
-0.0824872
-0.082597
-0.0826657
-0.0827069
-0.0827206
-0.0827618
-0.0828167
-0.0828854
-0.0828991
-0.0829678
-0.0832561
-0.0836955
-0.083874
-0.0833934
-0.0823499
-0.0813475
-0.080812
-0.080757
-0.080757
-0.0803588
-0.0793153
-0.0778598
-0.076624
-0.0762395
-0.0767063
-0.0774478
-0.0777911
-0.0776538
-0.0776263
-0.0783678
-0.0799194
-0.0814024
-0.0817182
-0.0806472
-0.0789995
-0.0778872
-0.077846
-0.0787386
-0.0800293
-0.0811003
-0.0814299
-0.0809081
-0.079892
-0.0789445
-0.0785051
-0.0786287
-0.0790544
-0.0794663
-0.0796036
-0.07948
-0.0793565
-0.0795212
-0.080098
-0.0809356
-0.0816221
-0.0817732
-0.0813612
-0.0806884
-0.0801117
-0.0798096
-0.0797959
-0.080043
-0.0803451
-0.0803039
-0.079686
-0.0787935
-0.0782442
-0.0783129
-0.0785601
-0.0784365
-0.0777087
-0.0765965
-0.0754293
-0.074578
-0.0743171
-0.0746741
-0.0754293
-0.0763493
-0.0772007
-0.0777774
-0.0779147
-0.077695
-0.0773929
-0.0770771
-0.0765965
-0.0758138
-0.0749213
-0.0743583
-0.074427
-0.0749762
-0.0755255
-0.0755941
-0.075141
-0.0745917
-0.0745094
-0.0750174
-0.0757589
-0.0761983
-0.0760472
-0.0751959
-0.0737541
-0.0721201
-0.0710628
-0.0711452
-0.0723398
-0.0739326
-0.0752371
-0.0758962
-0.075855
-0.0753058
-0.0744819
-0.0737404
-0.0734658
-0.074015
-0.0753195
-0.0766652
-0.0772419
-0.0767613
-0.0758001
-0.0750998
-0.0750037
-0.0753882
-0.0759923
-0.0765141
-0.0767887
-0.0769398
-0.0770084
-0.0769123
-0.0764729
-0.0758001
-0.0753195
-0.0753882
-0.0759511
-0.0766926
-0.077338
-0.0778186
-0.0781481
-0.0781893
-0.0776813
-0.0765965
-0.0752646
-0.0742347
-0.0737679
-0.0737541
-0.0739601
-0.0743995
-0.075141
-0.0760335
-0.076569
-0.0764592
-0.0757589
-0.0748526
-0.07407
-0.0736031
-0.0734521
-0.0734932
-0.0737129
-0.0740974
-0.0745231
-0.0747291
-0.0744544
-0.0737404
-0.0728341
-0.0719828
-0.0713512
-0.0711315
-0.0713649
-0.0718318
-0.0720652
-0.0719279
-0.0716533
-0.0716533
-0.0719828
-0.0724634
-0.072793
-0.0728341
-0.0726968
-0.0726419
-0.0727792
-0.0728891
-0.0726007
-0.071818
-0.0708294
-0.0700055
-0.0694975
-0.069319
-0.069319
-0.0692915
-0.0690443
-0.0686736
-0.0685226
-0.0687697
-0.0691542
-0.0692366
-0.0688658
-0.0682342
-0.0676026
-0.0671082
-0.0667375
-0.0663668
-0.0658999
-0.0655154
-0.0656802
-0.0666551
-0.0679458
-0.0687423
-0.0685637
-0.0677124
-0.0668748
-0.0666276
-0.0670945
-0.0678085
-0.0680008
-0.0671357
-0.065488
-0.0638677
-0.0629477
-0.062934
-0.063442
-0.0638539
-0.063799
-0.0634832
-0.0636205
-0.0647602
-0.06671
-0.0686873
-0.0698133
-0.0695799
-0.0681243
-0.066202
-0.064719
-0.0641286
-0.0641423
-0.0641972
-0.0641011
-0.0640325
-0.0641148
-0.0641835
-0.0641972
-0.0643071
-0.0647327
-0.0653781
-0.0658038
-0.0656665
-0.0649524
-0.064005
-0.0632223
-0.0627692
-0.0626044
-0.0626868
-0.0630575
-0.0636892
-0.0642522
-0.0644032
-0.0641011
-0.0636617
-0.0634695
-0.0636754
-0.0641835
-0.0646366
-0.0647053
-0.0644169
-0.0642247
-0.0644169
-0.0647465
-0.0646916
-0.0639089
-0.0625495
-0.0611626
-0.0605997
-0.0614235
-0.0633871
-0.0654605
-0.0665315
-0.066202
-0.0648151
-0.0630713
-0.0615059
-0.0604074
-0.0598582
-0.0598032
-0.0602289
-0.0609979
-0.0617256
-0.0619179
-0.061451
-0.0609292
-0.0611901
-0.0623984
-0.0638265
-0.0643895
-0.0636068
-0.0619316
-0.0604761
-0.0601191
-0.0609429
-0.062014
-0.0623023
-0.0613137
-0.0593776
-0.0573728
-0.0562606
-0.0564803
-0.05762
-0.0585674
-0.0583752
-0.0570158
-0.0554505
-0.0546266
-0.0548463
-0.0557663
-0.0567687
-0.0574689
-0.0577985
-0.0579633
-0.0581143
-0.0582104
-0.0581967
-0.0580868
-0.0578397
-0.0573179
-0.0566176
-0.0560821
-0.0559585
-0.0559997
-0.0556152
-0.0546815
-0.0536517
-0.0532672
-0.0538576
-0.0549561
-0.0556564
-0.0554779
-0.0547776
-0.0542833
-0.054297
-0.0544893
-0.0545854
-0.0546952
-0.0551209
-0.0558624
-0.0564666
-0.0563567
-0.0552582
-0.0535967
-0.052306
-0.0520726
-0.0527317
-0.0536517
-0.0544069
-0.0550934
-0.0556839
-0.0557937
-0.0552308
-0.0543932
-0.0539263
-0.0541735
-0.0549561
-0.0556839
-0.0556702
-0.0545442
-0.0526768
-0.0510153
-0.0502875
-0.050466
-0.0508642
-0.0507819
-0.0501777
-0.0494637
-0.0492165
-0.0496559
-0.0504935
-0.0512213
-0.0514959
-0.0514409
-0.051235
-0.0509054
-0.0503974
-0.0498756
-0.0495598
-0.0494499
-0.049546
-0.0498893
-0.0504248
-0.050878
-0.0509329
-0.0505347
-0.0500266
-0.0497108
-0.0497795
-0.0503013
-0.0510427
-0.0514959
-0.0512899
-0.050466
-0.049546
-0.0489007
-0.0487084
-0.0488046
-0.0489281
-0.0488869
-0.0487908
-0.0488869
-0.0492165
-0.0495598
-0.0498481
-0.0502875
-0.0509604
-0.0514409
-0.0511663
-0.0500541
-0.0487359
-0.0478159
-0.0473902
-0.047198
-0.0471705
-0.0475001
-0.0482965
-0.0492165
-0.0497657
-0.0497657
-0.0495735
-0.0497108
-0.0501365
-0.0504386
-0.0503699
-0.0502189
-0.0504111
-0.051029
-0.0517705
-0.0521687
-0.0518803
-0.050878
-0.0496422
-0.0488732
-0.0490105
-0.0497246
-0.0503699
-0.0505896
-0.0503974
-0.0499168
-0.0491616
-0.0482416
-0.0475276
-0.0473491
-0.0478846
-0.0488046
-0.0494499
-0.0491341
-0.0476511
-0.0456876
-0.0443145
-0.0442595
-0.0454679
-0.0472667
-0.0486398
-0.0487359
-0.0472804
-0.0448912
-0.0427766
-0.0419527
-0.0427354
-0.0445891
-0.046484
-0.0476237
-0.047967
-0.0480356
-0.0482416
-0.0485437
-0.048681
-0.0485849
-0.048269
-0.0477335
-0.0469371
-0.0460309
-0.0452894
-0.0449186
-0.0449873
-0.045413
-0.045921
-0.0461407
-0.045715
-0.0445204
-0.0429276
-0.0418154
-0.0421587
-0.0441085
-0.046635
-0.0482004
-0.0479807
-0.0463055
-0.0443007
-0.0429001
-0.0426393
-0.0434494
-0.0447813
-0.0457562
-0.0457562
-0.0448637
-0.043724
-0.04301
-0.0430512
-0.043724
-0.0445479
-0.0448912
-0.0443007
-0.0428864
-0.0412661
-0.040305
-0.0405521
-0.0419664
-0.0437652
-0.0449049
-0.0449736
-0.0443968
-0.0440398
-0.0444518
-0.0455365
-0.04669
-0.0472117
-0.0468547
-0.0460171
-0.045413
-0.0454679
-0.0460171
-0.0467174
-0.0473628
-0.0478159
-0.0478022
-0.0471294
-0.0458935
-0.0445479
-0.0436966
-0.0436279
-0.0442183
-0.0449873
-0.0455365
-0.0458935
-0.0463192
-0.0468685
-0.0472667
-0.0472392
-0.0467586
-0.0458935
-0.0446852
-0.0433121
-0.0421037
-0.0414446
-0.0414858
-0.0422822
-0.0437652
-0.0455915
-0.0470882
-0.0476237
-0.0470607
-0.0459073
-0.0448362
-0.0441497
-0.0436966
-0.0432022
-0.0426667
-0.042296
-0.04209
-0.0418017
-0.0412661
-0.0408405
-0.0410876
-0.0421312
-0.0433945
-0.0441222
-0.0439574
-0.0430924
-0.0420625
-0.041582
-0.0422273
-0.0439712
-0.0458524
-0.0465664
-0.0456052
-0.043573
-0.0417193
-0.0410876
-0.041939
-0.0434357
-0.0442595
-0.0436279
-0.0420763
-0.0408679
-0.0408267
-0.041733
-0.0426255
-0.0426255
-0.0416781
-0.0405247
-0.0399067
-0.0399205
-0.0399479
-0.0395223
-0.0387808
-0.0382727
-0.0383689
-0.0390691
-0.0400715
-0.0408817
-0.041019
-0.0404148
-0.039385
-0.0385336
-0.0381903
-0.0383277
-0.0386709
-0.0388769
-0.0387671
-0.0383002
-0.0375038
-0.0366113
-0.0360071
-0.0361169
-0.0369271
-0.0379844
-0.0387808
-0.0391515
-0.03933
-0.0394811
-0.0396184
-0.0397145
-0.0398381
-0.0400715
-0.040305
-0.0402912
-0.039893
-0.0391653
-0.0383002
-0.0376274
-0.0375313
-0.0382865
-0.039687
-0.0412661
-0.0424333
-0.042859
-0.0424196
-0.0414584
-0.0405658
-0.0401814
-0.0403187
-0.0407032
-0.0410052
-0.0408405
-0.0399479
-0.0385886
-0.0375038
-0.0373116
-0.0379157
-0.0387121
-0.0391103
-0.0390554
-0.038973
-0.03933
-0.0400715
-0.0407306
-0.0408405
