LECROYHDO9204-MSöv,30454,Waveform
Segments,1,SegmentSize,2002
Ampl
-0.0165637
-0.0170031
-0.017827
-0.018184
-0.0175524
-0.0162067
-0.0149572
-0.0143667
-0.0143118
-0.0143805
-0.0144079
-0.0144903
-0.0147512
-0.0151357
-0.0153966
-0.0153691
-0.0149846
-0.0143667
-0.013996
-0.0143667
-0.0154652
-0.0166049
-0.0169482
-0.0162067
-0.0149022
-0.0138037
-0.0133918
-0.0135703
-0.0139823
-0.0142981
-0.0143942
-0.0142157
-0.0137488
-0.0131584
-0.0128151
-0.0131584
-0.0144079
-0.0162204
-0.0177721
-0.0182115
-0.0173327
-0.0158085
-0.0147375
-0.0146551
-0.015067
-0.0149984
-0.0141745
-0.0131721
-0.0127876
-0.0131172
-0.0137351
-0.0142157
-0.0144491
-0.0146002
-0.0147649
-0.014916
-0.0148885
-0.0146688
-0.0145864
-0.0149846
-0.0158634
-0.0167834
-0.0172777
-0.0171404
-0.0165637
-0.0159046
-0.0155339
-0.0156025
-0.0159184
-0.0161381
-0.0161518
-0.016193
-0.0166324
-0.0175936
-0.0187332
-0.0194198
-0.0192276
-0.0184312
-0.0178544
-0.0181428
-0.0190216
-0.019612
-0.0192962
-0.0182389
-0.0170718
-0.0162479
-0.015836
-0.0156437
-0.0156025
-0.015781
-0.0162479
-0.0168795
-0.01747
-0.017827
-0.0179643
-0.0179368
-0.0178819
-0.0178956
-0.0178407
-0.0174288
-0.0165088
-0.0153966
-0.0146688
-0.0147787
-0.0154927
-0.0162342
-0.0165637
-0.0164951
-0.0161381
-0.0155339
-0.0148885
-0.0147237
-0.0154378
-0.0168246
-0.0181565
-0.0187058
-0.0181977
-0.0169757
-0.0157124
-0.0148336
-0.0143393
-0.0140097
-0.0137763
-0.0137351
-0.0139823
-0.0145864
-0.0155613
-0.0166873
-0.0174837
-0.0174288
-0.01655
-0.0154103
-0.0147512
-0.0147924
-0.0152043
-0.0156025
-0.0159046
-0.0162204
-0.01655
-0.0167834
-0.0170031
-0.0172777
-0.0175661
-0.0175798
-0.017058
-0.0161243
-0.0153691
-0.0152867
-0.0157261
-0.015987
-0.015479
-0.0141333
-0.0123482
-0.0108241
-0.0102886
-0.01103
-0.0126778
-0.0144491
-0.0157124
-0.0162754
-0.0161518
-0.0155751
-0.0150533
-0.0149434
-0.0151906
-0.0153004
-0.0148885
-0.0140646
-0.0132545
-0.0128975
-0.0131309
-0.0137626
-0.0143942
-0.0146825
-0.0146551
-0.0145452
-0.0146139
-0.0148473
-0.015067
-0.0151494
-0.0152318
-0.0155064
-0.0159595
-0.0162891
-0.0160145
-0.0149434
-0.0133643
-0.0118402
-0.0108927
-0.0106456
-0.0109889
-0.0116891
-0.0124856
-0.013076
-0.0133781
-0.0135154
-0.0137076
-0.0140097
-0.0143255
-0.0144903
-0.014353
-0.0138861
-0.0135017
-0.0138037
-0.0149022
-0.0160419
-0.0161518
-0.014916
-0.0130485
-0.0116479
-0.0114008
-0.0121835
-0.0133918
-0.0142981
-0.014504
-0.0139685
-0.0131035
-0.0125542
-0.0128288
-0.0138175
-0.0147512
-0.0149022
-0.0141608
-0.0130897
-0.012307
-0.0121148
-0.0124993
-0.0132133
-0.0140097
-0.0148336
-0.0159321
-0.01747
-0.0190628
-0.0198455
-0.0193511
-0.0180192
-0.0168521
-0.0166049
-0.0171816
-0.0177583
-0.0173739
-0.0156987
-0.0133918
-0.0114832
-0.0107005
-0.0110712
-0.0123345
-0.0141333
-0.0158634
-0.0166873
-0.0160831
-0.0143393
-0.012513
-0.0116068
-0.0120873
-0.0135154
-0.0149984
-0.0157398
-0.0155888
-0.0150258
-0.0146139
-0.014504
-0.0144766
-0.0143118
-0.0140646
-0.0139685
-0.0140784
-0.0142157
-0.0139823
-0.0131721
-0.0120736
-0.0111674
-0.0108103
-0.0109202
-0.0113596
-0.012005
-0.0126503
-0.0130348
-0.0130348
-0.01287
-0.0131035
-0.0141333
-0.0158222
-0.01747
-0.0182664
-0.0177446
-0.0162479
-0.0146414
-0.0138861
-0.0142431
-0.0152455
-0.0161106
-0.0163852
-0.0161243
-0.0157398
-0.0156987
-0.0163166
-0.0175661
-0.0191452
-0.0204771
-0.0210675
-0.0207105
-0.0197768
-0.0188843
-0.0184312
-0.018335
-0.0182664
-0.0178133
-0.016907
-0.0159046
-0.015424
-0.0156849
-0.0162754
-0.0165912
-0.01655
-0.0165637
-0.0169757
-0.0174562
-0.0174974
-0.0169619
-0.0161381
-0.0153554
-0.0147924
-0.0144766
-0.0145178
-0.015067
-0.0160145
-0.016907
-0.0173601
-0.0172915
-0.0169482
-0.0164676
-0.0158909
-0.0155064
-0.0157398
-0.0166461
-0.0177171
-0.0181703
-0.0176622
-0.0163715
-0.0148061
-0.0135154
-0.0129799
-0.0133918
-0.0145727
-0.0160419
-0.0172228
-0.0176348
-0.0169482
-0.0153691
-0.0137488
-0.0131584
-0.0142157
-0.0166049
-0.0192825
-0.0210126
-0.0211499
-0.0197631
-0.0176622
-0.0158497
-0.0149984
-0.0152043
-0.0161106
-0.0170992
-0.0175798
-0.0173052
-0.0166186
-0.0161106
-0.0161518
-0.0166873
-0.0172915
-0.0175661
-0.0174013
-0.0168933
-0.0164264
-0.0162754
-0.0164539
-0.0165912
-0.0164539
-0.0160145
-0.0155064
-0.0152593
-0.0155201
-0.0162754
-0.0171542
-0.0177171
-0.0177721
-0.0174013
-0.0168109
-0.0162754
-0.0161106
-0.0164813
-0.0172503
-0.0179368
-0.0181291
-0.0177721
-0.0172228
-0.016907
-0.016907
-0.0166873
-0.0156712
-0.0140097
-0.0126229
-0.0125542
-0.0138449
-0.0156163
-0.0168246
-0.017113
-0.016756
-0.0162067
-0.0157398
-0.0154103
-0.0150258
-0.0143942
-0.0136527
-0.0131309
-0.0130348
-0.0133094
-0.0137763
-0.0143118
-0.0148061
-0.0149709
-0.0146551
-0.0139823
-0.0134467
-0.0134879
-0.0141196
-0.0149022
-0.0153691
-0.0154652
-0.0155476
-0.015836
-0.0161106
-0.0160557
-0.0156437
-0.0151906
-0.0149434
-0.0149984
-0.0153966
-0.0160969
-0.0168246
-0.0171542
-0.0170718
-0.0169757
-0.0173327
-0.0181977
-0.0195297
-0.0213422
-0.0236216
-0.0261206
-0.0284961
-0.0306245
-0.032794
-0.0357599
-0.040305
-0.0464703
-0.0533359
-0.0596797
-0.0651584
-0.0707058
-0.0775714
-0.0863045
-0.0962458
-0.106009
-0.114536
-0.121868
-0.129022
-0.137192
-0.1469
-0.157981
-0.1699
-0.18208
-0.193875
-0.204791
-0.21487
-0.224468
-0.233819
-0.242813
-0.251257
-0.259345
-0.267529
-0.275919
-0.284116
-0.291531
-0.297943
-0.303614
-0.309162
-0.314915
-0.320751
-0.326133
-0.330527
-0.33359
-0.335265
-0.335759
-0.335594
-0.33521
-0.334853
-0.334482
-0.334029
-0.33337
-0.332395
-0.330967
-0.328921
-0.326079
-0.322577
-0.318952
-0.315766
-0.313226
-0.310933
-0.308379
-0.305427
-0.302351
-0.29933
-0.296158
-0.292465
-0.288304
-0.284281
-0.281068
-0.278747
-0.276756
-0.274573
-0.27217
-0.269836
-0.267927
-0.26665
-0.266018
-0.265689
-0.265085
-0.263849
-0.262187
-0.26054
-0.259304
-0.258686
-0.258892
-0.25999
-0.261693
-0.263231
-0.263753
-0.26297
-0.261569
-0.260718
-0.261212
-0.263039
-0.265661
-0.26849
-0.270742
-0.271593
-0.270783
-0.269218
-0.268614
-0.270069
-0.273227
-0.276797
-0.279653
-0.281384
-0.282249
-0.28277
-0.283429
-0.284555
-0.286025
-0.287425
-0.288235
-0.28818
-0.287398
-0.286409
-0.285887
-0.286231
-0.287137
-0.287961
-0.28818
-0.287892
-0.28748
-0.287192
-0.287027
-0.286862
-0.286643
-0.286519
-0.286849
-0.287782
-0.288949
-0.289746
-0.289924
-0.289869
-0.290007
-0.290199
-0.289979
-0.289293
-0.288634
-0.288455
-0.288647
-0.288661
-0.288057
-0.286917
-0.285709
-0.284981
-0.284844
-0.284954
-0.284693
-0.283841
-0.282798
-0.282276
-0.282523
-0.2831
-0.283306
-0.283004
-0.282592
-0.282619
-0.283004
-0.283182
-0.282688
-0.281686
-0.280738
-0.280464
-0.281068
-0.282386
-0.283828
-0.284748
-0.284638
-0.283526
-0.281905
-0.280573
-0.280107
-0.280628
-0.281699
-0.282551
-0.282619
-0.282056
-0.281562
-0.281617
-0.281892
-0.281576
-0.28023
-0.278335
-0.276811
-0.27633
-0.277003
-0.278459
-0.280107
-0.281342
-0.281713
-0.281109
-0.279873
-0.278802
-0.278486
-0.278802
-0.279022
-0.278775
-0.278418
-0.278514
-0.279077
-0.279434
-0.278953
-0.277676
-0.276152
-0.27504
-0.274806
-0.275465
-0.276619
-0.277594
-0.277841
-0.277333
-0.276619
-0.276523
-0.277484
-0.279228
-0.280738
-0.280999
-0.279489
-0.276619
-0.273488
-0.271346
-0.270838
-0.271813
-0.273529
-0.275273
-0.276509
-0.276893
-0.276234
-0.274683
-0.27276
-0.271181
-0.270412
-0.27055
-0.271305
-0.272239
-0.272856
-0.272884
-0.272335
-0.271497
-0.27055
-0.269575
-0.268572
-0.267556
-0.266705
-0.266169
-0.266018
-0.26606
-0.266032
-0.265826
-0.265716
-0.266032
-0.266691
-0.267103
-0.26676
-0.265757
-0.2647
-0.264096
-0.263986
-0.264137
-0.264357
-0.264467
-0.26448
-0.264645
-0.265208
-0.266073
-0.266664
-0.266609
-0.266087
-0.265702
-0.265799
-0.266238
-0.266677
-0.267034
-0.267529
-0.268366
-0.269424
-0.270371
-0.271016
-0.27136
-0.271483
-0.271428
-0.271222
-0.270962
-0.270797
-0.270742
-0.270742
-0.270742
-0.270673
-0.270618
-0.270728
-0.271209
-0.272033
-0.27309
-0.274202
-0.275204
-0.275781
-0.275589
-0.274545
-0.273062
-0.271772
-0.271126
-0.271209
-0.271882
-0.272802
-0.273557
-0.273804
-0.273529
-0.273076
-0.272815
-0.272637
-0.272156
-0.271113
-0.269739
-0.268517
-0.267803
-0.267831
-0.268614
-0.269849
-0.270852
-0.27092
-0.269959
-0.26849
-0.267185
-0.266362
-0.265977
-0.265716
-0.265181
-0.264055
-0.262366
-0.260512
-0.259015
-0.258356
-0.258809
-0.260196
-0.26183
-0.262846
-0.262888
-0.262229
-0.261446
-0.260897
-0.260636
-0.26043
-0.260032
-0.259235
-0.25815
-0.257217
-0.256956
-0.257519
-0.258494
-0.259304
-0.259771
-0.260141
-0.260759
-0.261707
-0.262709
-0.263341
-0.263506
-0.263629
-0.264274
-0.265483
-0.266677
-0.267309
-0.267625
-0.268215
-0.269355
-0.270714
-0.272005
-0.273392
-0.275218
-0.27736
-0.279077
-0.279612
-0.278857
-0.277539
-0.276591
-0.276619
-0.277511
-0.278665
-0.279447
-0.279708
-0.279832
-0.28023
-0.280862
-0.281219
-0.280862
-0.279777
-0.278308
-0.276935
-0.275987
-0.275424
-0.274916
-0.27412
-0.273172
-0.272445
-0.272239
-0.272376
-0.272321
-0.271511
-0.269781
-0.267639
-0.265977
-0.265414
-0.265991
-0.267144
-0.268105
-0.268202
-0.267309
-0.265854
-0.26459
-0.263945
-0.263753
-0.263519
-0.262846
-0.261858
-0.26113
-0.261048
-0.261514
-0.262023
-0.26205
-0.261391
-0.26021
-0.258809
-0.257464
-0.25631
-0.255555
-0.255335
-0.255528
-0.25583
-0.256049
-0.256173
-0.256269
-0.256255
-0.255912
-0.255157
-0.254141
-0.253289
-0.253029
-0.25355
-0.254786
-0.256338
-0.257656
-0.258329
-0.258384
-0.258109
-0.257587
-0.256516
-0.254731
-0.252727
-0.251518
-0.251861
-0.253523
-0.255404
-0.256406
-0.256146
-0.254841
-0.252932
-0.250914
-0.249335
-0.248868
-0.249802
-0.251683
-0.253468
-0.254113
-0.253289
-0.251601
-0.249953
-0.248992
-0.248731
-0.248827
-0.248854
-0.248415
-0.247371
-0.246039
-0.245051
-0.244913
-0.245367
-0.245614
-0.244968
-0.243636
-0.242428
-0.242044
-0.242414
-0.242964
-0.243183
-0.243087
-0.243005
-0.243101
-0.243293
-0.243444
-0.243485
-0.243252
-0.242538
-0.241426
-0.2403
-0.239723
-0.23997
-0.240794
-0.241494
-0.241439
-0.240616
-0.239668
-0.239311
-0.239654
-0.240108
-0.239943
-0.238858
-0.237155
-0.23548
-0.234533
-0.234656
-0.235466
-0.236139
-0.236126
-0.235645
-0.235384
-0.235755
-0.236579
-0.237293
-0.237499
-0.237128
-0.2364
-0.23559
-0.234807
-0.233915
-0.232693
-0.231059
-0.229274
-0.227901
-0.227351
-0.227516
-0.227887
-0.228134
-0.228367
-0.228834
-0.229466
-0.229768
-0.229397
-0.22856
-0.227832
-0.227585
-0.22764
-0.227447
-0.22672
-0.225635
-0.224687
-0.224234
-0.224275
-0.224385
-0.224001
-0.222834
-0.221282
-0.220115
-0.219799
-0.220019
-0.220033
-0.219538
-0.218948
-0.218838
-0.219209
-0.21936
-0.218728
-0.21741
-0.216105
-0.215364
-0.215282
-0.215378
-0.215158
-0.214513
-0.213826
-0.213496
-0.213579
-0.213744
-0.213524
-0.212837
-0.212068
-0.211711
-0.211931
-0.212384
-0.212535
-0.212178
-0.211602
-0.2113
-0.211519
-0.211986
-0.212343
-0.212467
-0.212577
-0.212769
-0.212837
-0.21259
-0.212055
-0.211258
-0.210242
-0.209006
-0.207771
-0.206878
-0.206521
-0.206562
-0.206809
-0.20707
-0.207345
-0.207578
-0.207702
-0.207716
-0.207729
-0.207688
-0.207249
-0.206205
-0.204983
-0.20431
-0.20464
-0.205656
-0.206535
-0.206686
-0.206164
-0.205381
-0.204654
-0.203898
-0.202951
-0.201743
-0.200493
-0.199546
-0.199312
-0.199999
-0.201221
-0.202113
-0.201921
-0.200685
-0.199147
-0.197994
-0.197294
-0.19658
-0.195605
-0.194561
-0.193957
-0.193861
-0.193971
-0.193971
-0.193984
-0.194465
-0.195618
-0.197033
-0.198063
-0.198241
-0.197582
-0.196497
-0.195399
-0.194575
-0.194094
-0.193847
-0.193669
-0.193655
-0.194081
-0.195028
-0.196154
-0.196772
-0.196593
-0.195879
-0.195014
-0.194108
-0.193023
-0.19165
-0.190195
-0.188973
-0.188108
-0.187641
-0.187682
-0.188382
-0.189467
-0.190208
-0.190112
-0.189316
-0.188368
-0.187517
-0.186707
-0.185801
-0.184977
-0.18451
-0.18451
-0.184771
-0.184853
-0.184441
-0.183411
-0.181956
-0.180418
-0.179141
-0.178413
-0.178276
-0.178509
-0.178839
-0.179114
-0.179265
-0.179265
-0.17899
-0.178386
-0.177562
-0.176793
-0.176258
-0.176024
-0.17601
-0.17623
-0.176642
-0.177123
-0.177521
-0.177782
-0.17774
-0.177315
-0.176724
-0.176354
-0.176299
-0.176038
-0.175159
-0.173937
-0.173113
-0.173058
-0.173415
-0.173566
-0.173264
-0.172742
-0.172289
-0.171987
-0.171754
-0.171671
-0.17196
-0.172413
-0.172344
-0.171259
-0.169351
-0.167538
-0.166604
-0.166701
-0.167415
-0.168101
-0.16828
-0.167827
-0.167016
-0.166385
-0.166316
-0.166783
-0.167428
-0.167936
-0.168046
-0.167703
-0.16714
-0.166934
-0.167401
-0.168266
-0.168747
-0.168348
-0.167291
-0.166165
-0.165506
-0.165396
-0.165561
-0.165492
-0.164902
-0.164119
-0.16379
-0.164105
-0.164517
-0.164298
-0.163254
-0.161785
-0.16048
-0.159629
-0.159107
-0.158736
-0.158503
-0.158613
-0.159066
-0.159588
-0.159917
-0.160178
-0.16059
-0.161139
-0.161428
-0.161126
-0.160274
-0.159258
-0.158531
-0.158325
-0.158407
-0.158352
-0.157844
-0.15691
-0.155839
-0.154933
-0.154507
-0.154754
-0.155606
-0.156512
-0.156677
-0.155592
-0.153601
-0.15172
-0.150869
-0.151198
-0.152063
-0.152626
-0.152461
-0.15172
-0.150965
-0.150827
-0.151514
-0.152571
-0.153079
-0.152393
-0.150731
-0.149111
-0.148562
-0.149289
-0.150594
-0.151445
-0.151198
-0.149894
-0.148109
-0.146571
-0.145829
-0.14609
-0.147202
-0.148685
-0.149852
-0.150196
-0.149729
-0.148878
-0.148095
-0.147504
-0.146996
-0.146406
-0.145527
-0.144456
-0.143564
-0.143248
-0.143399
-0.143467
-0.143138
-0.142767
-0.142904
-0.143522
-0.143907
-0.143371
-0.142026
-0.140694
-0.140186
-0.140707
-0.141833
-0.143055
-0.144003
-0.144511
-0.14447
-0.143797
-0.14252
-0.141051
-0.139787
-0.138909
-0.138332
-0.138112
-0.138359
-0.13906
-0.139829
-0.14035
-0.140529
-0.14046
-0.140268
-0.140103
-0.140103
-0.14035
-0.140735
-0.141023
-0.140927
-0.140172
-0.138758
-0.137014
-0.135586
-0.134995
-0.13538
-0.136423
-0.137577
-0.138332
-0.138469
-0.138071
-0.137494
-0.137027
-0.136684
-0.136396
-0.136011
-0.135462
-0.13494
-0.134762
-0.13516
-0.135956
-0.136616
-0.136684
-0.13597
-0.134597
-0.132881
-0.131233
-0.130038
-0.129269
-0.128748
-0.128473
-0.128816
-0.130121
-0.132139
-0.13413
-0.135284
-0.135242
-0.13413
-0.132414
-0.130739
-0.12964
-0.129338
-0.129722
-0.130272
-0.130437
-0.129928
-0.128981
-0.128226
-0.128171
-0.12883
-0.129736
-0.130231
-0.129928
-0.128899
-0.127608
-0.126509
-0.125933
-0.125946
-0.126413
-0.127086
-0.127745
-0.128088
-0.127896
-0.127306
-0.126825
-0.127045
-0.128061
-0.129283
-0.129764
-0.128899
-0.12699
-0.124944
-0.123626
-0.123228
-0.123557
-0.124271
-0.125081
-0.125754
-0.125988
-0.125672
-0.125013
-0.12434
-0.123928
-0.123708
-0.123489
-0.123214
-0.123008
-0.122926
-0.122843
-0.122802
-0.123049
-0.123777
-0.124697
-0.125123
-0.124532
-0.1232
-0.121923
-0.121374
-0.121649
-0.122157
-0.122225
-0.121484
-0.120042
-0.118353
-0.11709
-0.116815
-0.117639
-0.119149
-0.120495
-0.120935
-0.120248
-0.118861
-0.117625
-0.1172
-0.117694
-0.118532
-0.118916
-0.118394
-0.117186
-0.11584
-0.11481
-0.11433
-0.114563
-0.115538
-0.116994
-0.118422
-0.119328
-0.119383
-0.118408
-0.116417
-0.113918
-0.111831
-0.110979
-0.111474
-0.112641
-0.113561
-0.113588
-0.112792
-0.111693
-0.110732
-0.110018
-0.109455
-0.109167
-0.109442
-0.110279
-0.110979
-0.110622
-0.108961
-0.106888
-0.105775
-0.106352
-0.108
-0.109428
-0.109799
-0.109428
-0.109263
-0.109853
-0.110966
-0.111941
-0.112215
-0.111487
-0.10995
-0.108219
-0.107162
-0.107245
-0.108137
-0.109071
-0.109538
-0.109647
-0.109799
-0.110087
-0.110156
-0.109647
-0.108604
-0.107505
-0.10675
-0.106393
-0.106173
-0.105871
-0.105542
-0.105487
-0.105858
-0.106434
-0.106627
-0.106173
-0.105514
-0.10535
-0.105899
-0.106572
-0.106476
-0.10524
-0.103208
-0.101244
-0.100187
-0.100448
-0.101697
-0.103084
-0.103702
-0.10318
-0.101972
-0.100928
-0.100654
-0.101079
-0.101656
-0.101876
-0.101615
-0.101203
-0.101038
-0.101189
-0.101258
-0.100791
-0.0996374
-0.0982506
-0.0974404
-0.0978936
-0.0995962
-0.10156
-0.102576
-0.102178
-0.100901
-0.0997061
-0.0991431
-0.099047
-0.0989509
-0.0985527
-0.0978387
-0.0970972
-0.0966166
-0.0964518
-0.096493
-0.0966166
-0.0968775
-0.0972619
-0.0975915
-0.0975503
-0.0968775
-0.095573
-0.0940488
-0.0931151
-0.0934447
-0.0949826
-0.0968363
-0.0980446
-0.0983055
-0.0980721
-0.0980584
-0.0985527
-0.0991568
-0.0990195
-0.0975915
-0.0951885
-0.0928817
-0.0917008
-0.0917969
-0.0927032
-0.093788
-0.0947903
-0.0956691
-0.0962184
-0.0960536
-0.095065
-0.0936644
-0.0926208
-0.0924286
-0.0929503
-0.0936094
-0.0938429
-0.0934309
-0.0924698
-0.0913575
-0.0905611
-0.0903277
-0.0905474
-0.0908632
-0.0910829
-0.0912065
-0.0912751
-0.0912339
-0.0909456
-0.0903963
-0.0897235
-0.0892017
-0.0892567
-0.0899981
-0.0910829
-0.0918107
-0.0917969
-0.0911104
-0.0900943
-0.0890919
-0.0883916
-0.0881032
-0.0881994
-0.0886388
-0.0893665
-0.0902041
-0.0907396
-0.090616
-0.0898059
-0.0885289
-0.0872656
-0.0864418
-0.0864555
-0.0873206
-0.0886388
-0.0896411
-0.0898059
-0.0890782
-0.0878423
-0.0865379
-0.0853433
-0.084231
-0.0832699
-0.0828579
-0.0834346
-0.0849039
-0.0865379
-0.0874441
-0.0873343
-0.0866889
-0.0861397
-0.0858101
-0.0854531
-0.0848352
-0.0840663
-0.0832973
-0.0826245
-0.0821027
-0.081883
-0.0819242
-0.0820203
-0.0819791
-0.0819242
-0.0821576
-0.0827206
-0.0830776
-0.0828442
-0.0823224
-0.0824048
-0.0835307
-0.0850824
-0.0859062
-0.0853845
-0.0837779
-0.0819379
-0.0808669
-0.08132
-0.0832149
-0.0855218
-0.0869361
-0.0868949
-0.0859062
-0.0848764
-0.084286
-0.0840937
-0.0841624
-0.0845606
-0.0852609
-0.0860436
-0.0864967
-0.0863594
-0.0858239
-0.0854257
-0.0855355
-0.0860161
-0.086428
-0.0865516
-0.0864006
-0.0859749
-0.0852609
-0.0844095
-0.0836681
-0.0830639
-0.0824597
-0.0817869
-0.0810729
-0.0803588
-0.079892
-0.0800705
-0.0810454
-0.0822126
-0.0827206
-0.0825009
-0.0822126
-0.0824872
-0.0831188
-0.0834346
-0.0830639
-0.0822812
-0.0816908
-0.0816908
-0.0822537
-0.0829403
-0.0833248
-0.0832836
-0.0828854
-0.0822812
-0.0816496
-0.0813063
-0.0815123
-0.0821988
-0.0828991
-0.0832561
-0.0830227
-0.0821302
-0.0804962
-0.0785189
-0.0771183
-0.0771183
-0.0783816
-0.079892
-0.0807433
-0.0807845
-0.0803314
-0.0797272
-0.0791093
-0.0786562
-0.0785326
-0.0786974
-0.0788621
-0.0786562
-0.0779971
-0.0771732
-0.0764866
-0.0760061
-0.0756216
-0.075347
-0.0752371
-0.075141
-0.0747291
-0.0740425
-0.0735482
-0.0737541
-0.0746467
-0.0758001
-0.0766789
-0.0768849
-0.0763768
-0.0754843
-0.0747291
-0.0743858
-0.074372
-0.0743583
-0.0741249
-0.0737404
-0.0734109
-0.0733285
-0.0735207
-0.0739601
-0.0746055
-0.0752646
-0.0755392
-0.0750861
-0.0740013
-0.0728891
-0.0725321
-0.0732598
-0.0746329
-0.0757452
-0.0758962
-0.0749213
-0.073301
-0.0719416
-0.0716121
-0.0724359
-0.0737816
-0.0747702
-0.0747702
-0.0736992
-0.0720927
-0.0707058
-0.0700879
-0.0704175
-0.071461
-0.0728891
-0.0742897
-0.0751959
-0.0752646
-0.0745231
-0.0734795
-0.0727106
-0.0723536
-0.0722574
-0.0722437
-0.0721613
-0.071873
-0.0713786
-0.0708706
-0.0705548
-0.0703625
-0.0701428
-0.0700193
-0.0701428
-0.0703763
-0.0704312
-0.070239
-0.0701428
-0.0704861
-0.0713374
-0.0723398
-0.0728891
-0.0726282
-0.0717219
-0.0708019
-0.070596
-0.0713374
-0.0726556
-0.0737541
-0.0738091
-0.0725046
-0.0702801
-0.0680969
-0.06671
-0.0663942
-0.0669572
-0.0680969
-0.0692778
-0.0698957
-0.0697034
-0.0690443
-0.0684951
-0.068344
-0.0684539
-0.0684539
-0.068042
-0.0672181
-0.0661883
-0.0652957
-0.0648289
-0.0649387
-0.0656665
-0.0667512
-0.0676712
-0.0679321
-0.067479
-0.0666826
-0.0660372
-0.0658312
-0.0660509
-0.0663942
-0.0665178
-0.0661608
-0.0654605
-0.0649113
-0.0648838
-0.0651859
-0.065282
-0.0648151
-0.0640187
-0.0635519
-0.0638814
-0.0649662
-0.0662157
-0.0668885
-0.0666276
-0.0655703
-0.0642522
-0.0632635
-0.0631811
-0.0641698
-0.0655978
-0.0662569
-0.0654193
-0.0634283
-0.0614373
-0.0604486
-0.0608605
-0.0625083
-0.0647465
-0.0666688
-0.0675751
-0.0673554
-0.0664903
-0.065488
-0.064568
-0.0637029
-0.062934
-0.0624534
-0.0624396
-0.0627417
-0.0629477
-0.0627966
-0.0623847
-0.0620689
-0.062014
-0.0620964
-0.0622749
-0.0627829
-0.0637853
-0.0648975
-0.0654605
-0.0652683
-0.0648014
-0.0647053
-0.064925
-0.0647602
-0.0636617
-0.0618904
-0.0604074
-0.0599955
-0.060737
-0.0620414
-0.063291
-0.0641011
-0.0642522
-0.0636754
-0.0627692
-0.0621787
-0.0623161
-0.0628928
-0.0632223
-0.0628653
-0.0620277
-0.0612999
-0.0611626
-0.0616432
-0.0623847
-0.0628516
-0.0628241
-0.0622337
-0.0611626
-0.0597621
-0.0584988
-0.0579358
-0.058334
-0.0593913
-0.060531
-0.0612038
-0.0611077
-0.0602289
-0.0589931
-0.0580731
-0.0578122
-0.0581143
-0.0586636
-0.0592265
-0.0596797
-0.0599131
-0.0598994
-0.0597758
-0.059817
-0.0600916
-0.0604761
-0.0606683
-0.0603525
-0.0594462
-0.058334
-0.0576612
-0.0578809
-0.0588558
-0.0600504
-0.0609429
-0.0612725
-0.0611352
-0.0608468
-0.0607095
-0.0607232
-0.0605447
-0.0599406
-0.059103
-0.0584988
-0.0585125
-0.059103
-0.059968
-0.060737
-0.0610253
-0.0606271
-0.0596522
-0.0584576
-0.0574552
-0.0568648
-0.0566313
-0.0565901
-0.0565764
-0.0565352
-0.056549
-0.0566725
-0.056851
-0.0570021
-0.0570982
-0.0570982
-0.0568648
