LECROYHDO9204-MSöv,30454,Waveform
Segments,1,SegmentSize,2002
Ampl
-0.0162204
-0.0155476
-0.0151082
-0.0153416
-0.015987
-0.0162204
-0.0155476
-0.0143393
-0.0134879
-0.0137351
-0.0149572
-0.0161655
-0.0162479
-0.014861
-0.0128426
-0.0115106
-0.0116205
-0.0128288
-0.0141882
-0.014861
-0.0145727
-0.0136802
-0.0128563
-0.0127464
-0.0135566
-0.014916
-0.0161655
-0.016756
-0.0164676
-0.0154515
-0.0142157
-0.0134193
-0.0135978
-0.0147237
-0.0162891
-0.0175112
-0.0177858
-0.0170443
-0.0157948
-0.0146825
-0.0140921
-0.0141058
-0.0145727
-0.0152867
-0.0159595
-0.0163852
-0.0167148
-0.0172365
-0.0179368
-0.0182664
-0.0177171
-0.0164127
-0.0151219
-0.014559
-0.0147924
-0.0153279
-0.0156849
-0.015836
-0.0162204
-0.0170031
-0.0179094
-0.0183488
-0.0180192
-0.0170718
-0.0158634
-0.0147375
-0.013996
-0.0138449
-0.0141058
-0.0142981
-0.0140372
-0.013433
-0.0130348
-0.0132957
-0.0141745
-0.0152043
-0.015836
-0.0158497
-0.0155064
-0.0151769
-0.0149846
-0.0147512
-0.0143393
-0.0137763
-0.0132957
-0.0131721
-0.0135154
-0.0140509
-0.0142569
-0.0136939
-0.0125267
-0.0113733
-0.0107142
-0.0106044
-0.0109339
-0.0117166
-0.0129387
-0.0142431
-0.015067
-0.0150533
-0.0143255
-0.0134055
-0.0128014
-0.0127053
-0.0129799
-0.0133918
-0.0138312
-0.0143118
-0.0147924
-0.0152593
-0.0157948
-0.0164951
-0.0172777
-0.0176897
-0.0173739
-0.016193
-0.0144079
-0.0124856
-0.0109477
-0.0101375
-0.00998648
-0.0102611
-0.0107692
-0.011442
-0.0120599
-0.0124444
-0.0126641
-0.0130211
-0.0135017
-0.0138861
-0.0139823
-0.0138587
-0.0135154
-0.0129387
-0.012362
-0.0122796
-0.01287
-0.0137626
-0.0144217
-0.0145315
-0.0141882
-0.0137214
-0.0135017
-0.0137488
-0.0143805
-0.015067
-0.0155064
-0.0155751
-0.0151769
-0.0142706
-0.0131172
-0.0123757
-0.0125679
-0.0134467
-0.0143942
-0.014861
-0.0147512
-0.0143667
-0.0141608
-0.0144354
-0.0151906
-0.0159595
-0.0162067
-0.0157673
-0.015067
-0.0145864
-0.0146002
-0.0149297
-0.0153279
-0.0156163
-0.0158634
-0.0160282
-0.0158497
-0.015067
-0.0138175
-0.0126915
-0.0123345
-0.0128975
-0.0140509
-0.0153004
-0.0163166
-0.0168933
-0.0169207
-0.0163852
-0.0154378
-0.0143255
-0.0134605
-0.0133506
-0.0141608
-0.0156163
-0.0170855
-0.0180879
-0.0184449
-0.0183076
-0.0179094
-0.0174425
-0.0170443
-0.0167834
-0.016701
-0.0167422
-0.0166461
-0.0161106
-0.015273
-0.0145864
-0.0144354
-0.01471
-0.0150807
-0.0154378
-0.015781
-0.0160282
-0.0160694
-0.0158634
-0.015479
-0.0150396
-0.014559
-0.0140372
-0.0135703
-0.0133506
-0.0134879
-0.0137214
-0.0135978
-0.0129799
-0.0122384
-0.012005
-0.0124718
-0.0131996
-0.0137076
-0.0138037
-0.0137076
-0.0136802
-0.0138587
-0.014202
-0.0144628
-0.0143942
-0.0140509
-0.0137626
-0.0137763
-0.013996
-0.0141058
-0.0138587
-0.0133094
-0.0128975
-0.0131584
-0.0140646
-0.0149709
-0.0150945
-0.0143118
-0.013282
-0.0127327
-0.0128288
-0.0133643
-0.0140509
-0.0146963
-0.0151357
-0.0153416
-0.0153279
-0.0150258
-0.014353
-0.0135154
-0.0129524
-0.012925
-0.0131172
-0.0130485
-0.0125267
-0.0117578
-0.0111124
-0.0108515
-0.0109889
-0.0113321
-0.0116754
-0.0120324
-0.0123345
-0.012513
-0.0125405
-0.0126641
-0.0130623
-0.0134605
-0.0133918
-0.0127739
-0.01195
-0.0113184
-0.0109889
-0.0107692
-0.0105632
-0.0105083
-0.0108378
-0.0117029
-0.012925
-0.0141058
-0.0147787
-0.0148199
-0.014559
-0.0144628
-0.0146963
-0.0150807
-0.0153966
-0.0156025
-0.0157673
-0.0160145
-0.0163852
-0.0167422
-0.0167834
-0.0163028
-0.0154378
-0.014559
-0.0139823
-0.0138312
-0.0140921
-0.0146276
-0.0151769
-0.0154103
-0.0151082
-0.0143805
-0.0136252
-0.0133094
-0.0135566
-0.0141745
-0.0148199
-0.0153004
-0.0155339
-0.0153691
-0.0145727
-0.0131172
-0.0114145
-0.0100551
-0.00956081
-0.0100963
-0.0113184
-0.0124993
-0.0129799
-0.0126641
-0.01195
-0.0113459
-0.0110575
-0.011085
-0.0113184
-0.0116891
-0.0121148
-0.012513
-0.0128288
-0.0129799
-0.0129112
-0.0127602
-0.0126641
-0.0127327
-0.01287
-0.0129936
-0.0131446
-0.0135154
-0.0141745
-0.0150396
-0.0157673
-0.0159184
-0.0153004
-0.0142843
-0.0137214
-0.0143805
-0.0162616
-0.0186097
-0.0203535
-0.0207792
-0.0198592
-0.0182252
-0.0167697
-0.0160557
-0.0160557
-0.0164264
-0.0168246
-0.0170443
-0.0167697
-0.0157948
-0.0143118
-0.0128975
-0.0121697
-0.0124306
-0.0134879
-0.0146825
-0.015273
-0.0150945
-0.0145315
-0.0141333
-0.0142843
-0.0150396
-0.0162067
-0.0173464
-0.0178956
-0.0175661
-0.0166873
-0.0158634
-0.0153966
-0.0153279
-0.0155476
-0.015987
-0.0164676
-0.016701
-0.0165774
-0.0161655
-0.0156437
-0.0151769
-0.0147787
-0.0142569
-0.0135017
-0.0128151
-0.0126641
-0.0131446
-0.0137763
-0.0141058
-0.013996
-0.0135703
-0.0130073
-0.0124444
-0.0120873
-0.0121285
-0.0126366
-0.0134742
-0.0144079
-0.0153142
-0.0161381
-0.016907
-0.0174425
-0.0174425
-0.0166049
-0.0150533
-0.0132957
-0.0119912
-0.0114969
-0.0117578
-0.0124032
-0.01287
-0.0127464
-0.0120462
-0.0113184
-0.0111399
-0.0117166
-0.012719
-0.0135566
-0.0138449
-0.0135978
-0.0131584
-0.0128838
-0.0128563
-0.0128975
-0.0129524
-0.0131721
-0.0136802
-0.014353
-0.0150396
-0.0159046
-0.0174151
-0.019667
-0.0222622
-0.0248162
-0.0274114
-0.0303773
-0.0338788
-0.037545
-0.0409229
-0.04393
-0.0472117
-0.051743
-0.0581006
-0.065996
-0.0745231
-0.0826931
-0.0899569
-0.0963694
-0.102645
-0.109565
-0.117447
-0.12585
-0.134103
-0.141737
-0.148891
-0.156128
-0.16405
-0.172715
-0.181448
-0.18922
-0.195413
-0.200191
-0.204338
-0.208842
-0.214307
-0.220568
-0.226843
-0.232308
-0.236647
-0.239984
-0.242662
-0.244927
-0.246726
-0.247907
-0.24847
-0.248786
-0.249349
-0.250269
-0.251134
-0.251244
-0.2502
-0.248099
-0.24549
-0.242922
-0.240657
-0.238693
-0.237032
-0.2357
-0.234574
-0.233214
-0.231059
-0.227942
-0.224289
-0.220898
-0.21844
-0.217067
-0.216408
-0.215776
-0.214458
-0.212082
-0.208855
-0.205464
-0.202635
-0.20074
-0.199669
-0.199065
-0.198543
-0.197884
-0.196992
-0.195824
-0.194465
-0.193078
-0.19198
-0.191444
-0.191582
-0.192309
-0.193353
-0.194273
-0.194795
-0.195165
-0.195866
-0.197101
-0.198667
-0.200026
-0.200672
-0.200383
-0.199367
-0.198447
-0.198543
-0.200232
-0.203226
-0.206549
-0.209185
-0.210695
-0.211396
-0.211862
-0.212453
-0.213153
-0.213895
-0.214595
-0.215144
-0.215227
-0.214677
-0.213881
-0.213661
-0.214691
-0.216916
-0.219511
-0.221351
-0.221694
-0.220637
-0.218962
-0.21752
-0.216723
-0.216545
-0.216792
-0.217122
-0.217163
-0.216545
-0.215323
-0.214032
-0.213345
-0.213593
-0.214554
-0.215693
-0.216449
-0.216476
-0.215817
-0.215034
-0.214787
-0.215254
-0.215831
-0.215858
-0.215144
-0.214101
-0.213222
-0.212631
-0.212219
-0.211766
-0.211039
-0.209995
-0.208842
-0.208018
-0.207922
-0.208581
-0.209556
-0.210242
-0.210393
-0.210077
-0.209528
-0.209034
-0.208828
-0.208965
-0.209157
-0.209034
-0.208471
-0.207812
-0.207496
-0.207633
-0.207949
-0.208265
-0.208608
-0.209061
-0.209377
-0.20924
-0.20854
-0.20762
-0.207002
-0.206988
-0.207496
-0.208183
-0.208746
-0.20913
-0.209405
-0.209514
-0.209363
-0.209034
-0.208897
-0.209308
-0.210242
-0.211327
-0.212247
-0.212851
-0.213057
-0.212769
-0.212014
-0.21108
-0.210448
-0.210503
-0.211217
-0.21211
-0.212467
-0.211684
-0.209762
-0.207386
-0.205477
-0.204475
-0.204324
-0.20475
-0.205587
-0.206658
-0.207578
-0.207853
-0.207317
-0.206397
-0.205766
-0.205738
-0.205972
-0.205999
-0.205656
-0.205148
-0.204599
-0.203912
-0.202992
-0.202003
-0.201386
-0.201523
-0.202141
-0.202621
-0.202498
-0.201866
-0.201056
-0.200191
-0.199134
-0.197815
-0.196607
-0.196058
-0.19647
-0.19761
-0.198914
-0.199806
-0.199971
-0.199298
-0.197967
-0.196387
-0.19511
-0.194589
-0.194932
-0.196003
-0.197404
-0.198557
-0.198887
-0.198145
-0.196566
-0.19485
-0.193751
-0.193408
-0.193284
-0.192831
-0.192048
-0.191513
-0.191719
-0.19257
-0.193545
-0.194163
-0.194314
-0.194136
-0.193847
-0.193614
-0.193573
-0.193737
-0.193916
-0.19393
-0.193833
-0.193888
-0.194177
-0.194438
-0.194245
-0.193614
-0.193051
-0.193106
-0.193833
-0.194698
-0.194987
-0.194438
-0.193312
-0.192213
-0.19154
-0.191348
-0.191444
-0.191609
-0.191705
-0.191664
-0.191307
-0.190442
-0.188863
-0.186748
-0.184826
-0.184167
-0.185512
-0.188739
-0.19268
-0.195687
-0.196415
-0.194561
-0.190799
-0.186528
-0.183151
-0.181723
-0.182601
-0.185128
-0.187874
-0.18933
-0.188835
-0.187009
-0.185087
-0.183933
-0.18359
-0.183617
-0.183604
-0.183466
-0.183247
-0.182972
-0.182491
-0.181723
-0.180871
-0.180377
-0.180528
-0.181118
-0.18153
-0.181407
-0.180816
-0.180171
-0.1798
-0.1798
-0.180102
-0.180377
-0.180198
-0.179278
-0.177686
-0.175859
-0.17439
-0.173813
-0.174212
-0.175269
-0.176409
-0.17726
-0.17774
-0.178029
-0.178235
-0.178372
-0.178249
-0.177672
-0.176615
-0.175241
-0.173964
-0.173182
-0.173168
-0.173896
-0.175035
-0.176024
-0.176395
-0.175736
-0.173896
-0.171149
-0.168417
-0.166893
-0.167277
-0.169172
-0.171424
-0.172907
-0.17325
-0.172838
-0.172289
-0.172028
-0.172001
-0.17196
-0.171712
-0.171397
-0.171177
-0.17104
-0.170834
-0.170477
-0.169927
-0.169062
-0.167881
-0.166687
-0.166014
-0.166193
-0.16703
-0.168087
-0.16898
-0.169392
-0.169255
-0.168719
-0.167978
-0.167071
-0.165822
-0.164229
-0.162719
-0.161922
-0.162142
-0.163048
-0.163996
-0.16438
-0.163982
-0.162993
-0.161867
-0.161071
-0.160755
-0.160865
-0.161167
-0.161318
-0.161002
-0.160261
-0.159313
-0.158407
-0.157734
-0.157487
-0.157638
-0.157871
-0.157789
-0.157377
-0.156965
-0.156924
-0.157418
-0.158242
-0.159052
-0.15956
-0.159602
-0.15908
-0.158036
-0.156745
-0.155702
-0.155482
-0.156279
-0.157583
-0.158654
-0.159203
-0.159464
-0.159588
-0.159203
-0.157817
-0.155482
-0.152928
-0.151033
-0.150264
-0.150594
-0.151583
-0.152585
-0.153066
-0.152969
-0.152873
-0.153505
-0.155002
-0.156567
-0.157034
-0.155894
-0.153766
-0.151871
-0.150978
-0.150978
-0.151226
-0.151267
-0.151116
-0.151061
-0.151198
-0.151308
-0.151061
-0.150484
-0.149797
-0.149125
-0.148328
-0.147449
-0.146969
-0.147436
-0.14863
-0.149797
-0.150155
-0.149646
-0.148768
-0.148205
-0.148411
-0.149276
-0.150278
-0.150731
-0.150319
-0.149221
-0.147889
-0.146873
-0.146488
-0.146845
-0.147697
-0.148438
-0.148507
-0.147683
-0.146227
-0.144621
-0.143412
-0.142932
-0.143207
-0.143934
-0.144744
-0.145335
-0.14539
-0.144566
-0.142891
-0.140831
-0.138964
-0.137714
-0.13733
-0.137989
-0.139513
-0.141202
-0.142039
-0.141394
-0.139458
-0.137151
-0.135531
-0.135174
-0.135984
-0.137384
-0.13862
-0.139115
-0.138593
-0.137261
-0.135764
-0.134817
-0.134927
-0.136121
-0.13792
-0.139389
-0.139705
-0.138758
-0.137247
-0.135956
-0.13516
-0.134693
-0.134446
-0.13435
-0.134377
-0.134473
-0.134611
-0.134817
-0.134872
-0.134528
-0.133732
-0.132812
-0.132235
-0.13218
-0.132373
-0.132359
-0.131974
-0.131356
-0.130848
-0.130642
-0.130711
-0.130958
-0.131329
-0.13181
-0.132235
-0.132345
-0.131961
-0.131219
-0.130546
-0.130189
-0.129997
-0.129599
-0.128789
-0.12791
-0.127512
-0.12791
-0.128679
-0.128926
-0.12824
-0.127017
-0.12618
-0.126262
-0.127292
-0.128857
-0.130299
-0.130642
-0.129324
-0.126674
-0.123955
-0.122349
-0.122088
-0.122555
-0.123186
-0.1239
-0.124711
-0.125205
-0.12482
-0.12353
-0.121978
-0.120962
-0.120825
-0.121443
-0.122541
-0.123681
-0.12445
-0.124422
-0.12353
-0.122184
-0.121058
-0.12066
-0.121072
-0.121923
-0.122761
-0.123283
-0.123434
-0.123365
-0.123228
-0.123145
-0.123035
-0.122651
-0.121813
-0.12077
-0.120124
-0.120234
-0.120907
-0.121525
-0.121621
-0.12125
-0.120866
-0.120756
-0.120838
-0.120838
-0.12066
-0.120303
-0.119644
-0.118573
-0.117227
-0.116197
-0.116005
-0.116623
-0.117378
-0.117721
-0.117708
-0.11779
-0.118326
-0.119232
-0.120234
-0.120921
-0.120825
-0.119644
-0.117612
-0.115593
-0.114508
-0.114742
-0.115881
-0.117049
-0.117515
-0.117021
-0.115717
-0.114069
-0.112668
-0.112037
-0.112256
-0.112847
-0.113108
-0.112874
-0.112586
-0.112723
-0.113286
-0.113822
-0.113973
-0.113794
-0.113396
-0.112792
-0.11205
-0.111309
-0.110664
-0.110169
-0.109799
-0.109469
-0.109098
-0.108673
-0.108137
-0.107533
-0.10708
-0.107258
-0.108439
-0.110252
-0.11168
-0.111941
-0.110911
-0.109126
-0.107231
-0.105981
-0.106105
-0.107876
-0.110513
-0.112558
-0.112943
-0.111886
-0.11043
-0.109524
-0.109249
-0.10903
-0.108357
-0.107423
-0.106888
-0.107093
-0.107643
-0.107739
-0.107093
-0.106228
-0.106036
-0.10686
-0.108082
-0.10881
-0.108618
-0.107931
-0.107629
-0.108329
-0.10984
-0.111172
-0.111433
-0.110444
-0.108796
-0.107107
-0.105624
-0.10432
-0.103359
-0.102988
-0.103345
-0.104265
-0.105363
-0.106146
-0.106283
-0.105734
-0.1048
-0.103963
-0.103427
-0.103015
-0.10248
-0.101793
-0.101395
-0.10167
-0.10259
-0.103633
-0.104018
-0.103221
-0.101491
-0.0997473
-0.0989783
-0.0995551
-0.100983
-0.102342
-0.102947
-0.102562
-0.10134
-0.0996512
-0.0981545
-0.0976052
-0.0983604
-0.100118
-0.101862
-0.102439
-0.101299
-0.099047
-0.097056
-0.0964793
-0.0973443
-0.0987449
-0.0996237
-0.0994177
-0.0983879
-0.0973718
-0.0972619
-0.0982918
-0.0997061
-0.10042
-0.0999258
-0.0986213
-0.0972345
-0.0960399
-0.094859
-0.0936369
-0.0928405
-0.0931563
-0.0945844
-0.0963145
-0.0972757
-0.0970011
-0.0960536
-0.0953258
-0.0951885
-0.0952709
-0.0949963
-0.094296
-0.0936644
-0.0936781
-0.0945844
-0.0960124
-0.0972345
-0.097564
-0.0968912
-0.0956829
-0.0945569
-0.0938566
-0.0936094
-0.0934859
-0.0930877
-0.0922089
-0.0912339
-0.0908495
-0.0913575
-0.0923736
-0.0933211
-0.0939115
-0.0941999
-0.0942685
-0.0940488
-0.0933486
-0.0921951
-0.0909319
-0.0899707
-0.0894489
-0.0893253
-0.0895313
-0.0901492
-0.0911104
-0.0920853
-0.0926895
-0.0927856
-0.0924835
-0.0919617
-0.0913438
-0.0907396
-0.0901766
-0.0895313
-0.0887074
-0.0878561
-0.0874029
-0.0876364
-0.0884053
-0.0892292
-0.0895725
-0.0893116
-0.0888585
-0.0887623
-0.0891743
-0.0896823
-0.0897922
-0.0893528
-0.0886662
-0.088117
-0.0878835
-0.0879385
-0.0881856
-0.0884053
-0.0883092
-0.0877325
-0.0867988
-0.0859474
-0.0856042
-0.0861122
-0.0872794
-0.0883092
-0.0883092
-0.0870734
-0.0853845
-0.0843958
-0.0846018
-0.0856316
-0.0866752
-0.0872931
-0.0875403
-0.0876364
-0.0875265
-0.086991
-0.0859612
-0.0846155
-0.0833248
-0.0823636
-0.0819654
-0.0821851
-0.0829815
-0.0840525
-0.0849863
-0.0853433
-0.0849313
-0.0839015
-0.0827481
-0.082034
-0.0819517
-0.0822263
-0.0824185
-0.0823636
-0.0821439
-0.0818693
-0.0816496
-0.0816221
-0.0819105
-0.0824734
-0.0831737
-0.0838328
-0.0841761
-0.0839976
-0.0832287
-0.0819791
-0.0804
-0.0787386
-0.0774616
-0.0772007
-0.0782168
-0.0800293
-0.0817182
-0.0826108
-0.0825833
-0.0819105
-0.0809493
-0.0799469
-0.0789033
-0.0777225
-0.0764866
-0.0756765
-0.0757177
-0.076569
-0.0776263
-0.0783541
-0.0787248
-0.0789857
-0.0793702
-0.0798096
-0.080098
-0.0801254
-0.0799194
-0.0795487
-0.0789171
-0.0780245
-0.0772831
-0.0772419
-0.0779559
-0.0787111
-0.0788072
-0.078409
-0.0781344
-0.0782717
-0.0785875
-0.0788621
-0.079123
-0.0793427
-0.0793565
-0.0790956
-0.0786699
-0.0782717
-0.077901
-0.0774341
-0.0768711
-0.0763905
-0.0761846
-0.0762944
-0.0766789
-0.0772693
-0.0779559
-0.0785601
-0.0789308
-0.0789171
-0.0785601
-0.0780657
-0.077695
-0.0775714
-0.0775439
-0.0772831
-0.0765416
-0.075347
-0.0740288
-0.0732461
-0.0734246
-0.0743171
-0.0750723
-0.0750861
-0.0744956
-0.0739052
-0.073658
-0.0736992
-0.0736718
-0.0734246
-0.0732461
-0.0736992
-0.0750449
-0.0767063
-0.0775165
-0.0767475
-0.0748252
-0.0729303
-0.0719416
-0.0719554
-0.0723948
-0.0727655
-0.072793
-0.0724909
-0.072024
-0.0715571
-0.0711452
-0.0708706
-0.0707333
-0.0706646
-0.0704861
-0.0700879
-0.069621
-0.0694563
-0.0697172
-0.0700879
-0.0700467
-0.0695387
-0.0691817
-0.0695799
-0.0707745
-0.072024
-0.0724634
-0.071818
-0.0706509
-0.0697996
-0.0697721
-0.0703076
-0.0707745
-0.0706097
-0.0698133
-0.068962
-0.0687423
-0.069264
-0.0699231
-0.0701566
-0.0698545
-0.0693464
-0.0688384
-0.0683715
-0.0679321
-0.0675888
-0.0675888
-0.0681655
-0.0693052
-0.0704037
-0.0706784
-0.0699369
-0.0687285
-0.067987
-0.0682342
-0.0691817
-0.0700467
-0.0702115
-0.0695387
-0.0684402
-0.0675064
-0.0673005
-0.0678497
-0.0687011
-0.0692228
-0.0690306
-0.0682891
-0.0675476
-0.0673966
-0.0678085
-0.0683166
-0.0685226
-0.06855
-0.0686187
-0.0686873
-0.0685637
-0.0682617
-0.067987
-0.0679047
-0.0679458
-0.0679321
-0.0676575
-0.0670808
-0.0664491
-0.0660647
-0.0660509
-0.0662981
-0.0667375
-0.0672181
-0.0674378
-0.067067
-0.0661471
-0.0652408
-0.0648838
-0.0650486
-0.0652271
-0.0649662
-0.0642659
-0.063442
-0.062879
-0.0627692
-0.0630026
-0.063236
-0.0630987
-0.0625907
-0.0620002
-0.0617256
-0.0620277
-0.0628378
-0.0635519
-0.063442
-0.0623161
-0.0608468
-0.0599406
-0.0599406
-0.0605585
-0.0613274
-0.0620002
-0.062522
-0.062879
-0.0630026
-0.062879
-0.0626181
-0.0623984
-0.0623572
-0.0624396
-0.0624259
-0.0622199
-0.0619453
-0.0619179
-0.0623161
-0.0631125
-0.0640736
-0.0648838
-0.0652408
-0.0650898
-0.0645954
-0.064005
-0.0634695
-0.0630575
-0.0628516
-0.0629889
-0.0635381
-0.0644581
-0.0655154
-0.0662981
-0.0664354
-0.0659136
-0.0650486
-0.064156
-0.0633596
-0.0628104
-0.0626456
-0.0627555
-0.0626456
-0.062014
-0.0612725
-0.0611489
-0.0619041
-0.0630987
-0.0639775
-0.0640599
-0.0633596
-0.0622337
-0.0612313
-0.0607782
-0.060888
-0.0611352
-0.0610665
-0.0605585
-0.0598444
-0.0593227
-0.0592128
-0.0595698
-0.060174
-0.0607782
-0.0610528
-0.0609704
-0.0606546
-0.06038
-0.0602976
-0.0602976
-0.0602289
-0.0600092
-0.0597758
-0.0595424
-0.0591716
-0.0585674
-0.0579358
-0.0575513
-0.0574689
-0.0575513
-0.0577985
-0.0583752
-0.0592677
-0.0600779
-0.0603937
-0.0601053
-0.0595149
-0.0590343
-0.0588009
-0.0586636
-0.058334
-0.0576474
-0.0566039
-0.0553818
-0.0542284
-0.0535006
-0.053583
-0.0544755
-0.0558212
-0.0572355
-0.0586086
-0.0598032
-0.0605035
-0.0602838
-0.0590206
-0.0571394
-0.0554642
-0.0548737
-0.0555466
-0.056906
-0.0579495
-0.058183
-0.0579495
-0.0578809
-0.0582928
-0.0590755
-0.0599818
-0.0606683
-0.0607782
-0.0603113
-0.0596797
-0.0593501
-0.0593638
-0.0594188
-0.0592952
-0.0590892
-0.0589382
-0.0588146
-0.0585537
-0.0581143
-0.0576886
-0.0575376
-0.0578809
-0.0587459
-0.0599268
-0.0609841
-0.0613961
-0.060888
-0.0596934
-0.0584439
-0.0577985
-0.0579907
-0.05854
-0.0588833
-0.0589931
-0.0593089
-0.0600641
-0.0608605
-0.0610528
-0.0602838
-0.0588146
-0.0572218
-0.0560546
-0.0554642
-0.0552308
-0.0551484
-0.0551484
-0.0550385
-0.054503
-0.0534182
-0.0522236
-0.051592
-0.0518666
-0.0528278
-0.0538576
-0.0543657
-0.054146
-0.0536105
-0.0532809
-0.0533084
-0.0533221
-0.052869
-0.0518392
-0.0506171
-0.0498481
-0.050109
-0.0514547
-0.0531162
-0.0538988
-0.0531985
-0.051592
-0.0503699
-0.0502326
-0.0508642
-0.0512213
-0.0507681
-0.0499168
-0.0496147
-0.0503562
-0.0516469
-0.052512
-0.0524571
-0.0518254
-0.0513723
-0.0516606
-0.0527866
-0.0542421
-0.0551621
-0.05486
-0.053377
-0.0514821
-0.0499442
-0.0490655
-0.0487084
-0.0485986
-0.0485986
-0.0485986
-0.0487084
-0.0490243
-0.0495323
-0.049958
-0.0500266
-0.0496834
-0.0491478
-0.0488595
-0.049244
-0.0504248
-0.0520039
-0.0533084
-0.0538302
-0.0534457
-0.0524433
-0.0512624
-0.0504248
-0.050315
-0.0507819
-0.0513586
-0.051743
-0.0520314
-0.0523197
-0.0524159
-0.0522786
-0.0522648
-0.052718
-0.0535006
-0.0540636
-0.0540499
-0.0534045
-0.052306
-0.0509466
-0.049601
-0.0485574
-0.0478571
-0.0472941
-0.046635
-0.0458386
-0.0451795
-0.045001
-0.0455503
-0.0466488
-0.0477198
-0.0482141
-0.0479807
-0.0473765
-0.046992
-0.0472804
-0.0483926
-0.049958
-0.0510977
-0.0510016
-0.0495598
-0.0474452
-0.0455503
-0.0444518
-0.0442733
-0.0448637
-0.0458798
-0.0469234
-0.0475276
-0.0475001
-0.0470195
-0.0467174
-0.0471294
-0.048269
-0.0494637
-0.0499031
-0.0492714
-0.0478846
-0.0465389
-0.0459485
-0.0463192
-0.0473765
-0.0485574
-0.0494499
-0.0498344
-0.0495598
-0.0487084
-0.0477198
-0.0471568
-0.0471294
-0.0472529
-0.0470882
-0.046635
-0.0462231
-0.0461407
-0.0463604
-0.0467174
-0.0470882
-0.0474726
-0.0479532
-0.0484338
-0.0485849
-0.0481729
-0.047198
-0.0460446
-0.0452619
-0.0452756
-0.0460858
-0.0472255
-0.0479807
-0.0478846
-0.047047
-0.0460034
-0.0452756
-0.0451246
-0.0454953
-0.0461132
-0.046635
-0.0469097
-0.0471294
-0.0475413
-0.0480356
-0.048118
-0.0475688
-0.0466762
-0.0460446
-0.0459485
-0.0461956
-0.0464153
-0.0462918
-0.0457013
-0.0448774
-0.0442046
-0.0438613
-0.0437652
-0.0436966
-0.0435867
-0.0435455
-0.0436828
-0.0439163
-0.0438613
-0.0432846
-0.0424333
-0.041939
-0.0422685
-0.0432022
-0.0441497
-0.0448225
-0.0453855
-0.0460171
-0.046635
-0.0470332
-0.0471019
-0.0468547
-0.0463055
-0.0456601
-0.0451521
-0.0447951
-0.0442458
-0.0432434
-0.0419252
-0.0408954
-0.0407306
-0.0415682
-0.0429276
-0.0439437
-0.0441222
-0.0437377
-0.0435867
-0.0440948
-0.04485
-0.0451246
-0.0445342
-0.043367
-0.0421999
-0.0414721
-0.0413897
-0.0419939
-0.0431473
-0.0443694
-0.0449736
-0.0444518
-0.0429413
-0.0411426
-0.0397557
-0.0389868
-0.0386572
-0.0387808
-0.0396733
-0.0412936
-0.0430649
-0.0444106
-0.0450697
-0.0450559
-0.0443007
-0.0427491
-0.0407443
-0.0388632
-0.0376274
-0.0371742
-0.0373253
-0.0378059
-0.0385474
-0.0396733
-0.0411288
-0.0424058
-0.042804
-0.0421449
-0.0409503
-0.0399754
-0.0395223
-0.0394536
-0.0394673
-0.0393987
-0.0392339
-0.039028
-0.0389181
-0.0390417
-0.0392476
-0.0393163
-0.0392202
-0.0393575
-0.0401402
-0.041376
-0.0422548
-0.0420076
-0.0405658
-0.0385611
-0.0367623
-0.0355677
-0.0351695
-0.0355677
-0.0364328
-0.037188
-0.037339
-0.0370369
-0.0369683
-0.0377372
-0.0391515
-0.0404835
-0.0410876
-0.0408679
-0.0401264
-0.0393163
-0.0387808
-0.0386847
-0.0388906
-0.0391103
-0.039028
-0.0386435
-0.0381903
-0.0380668
-0.0385611
-0.0396596
-0.0408954
