LECROYHDO9204-MSöv,30454,Waveform
Segments,1,SegmentSize,2002
Ampl
-0.0142706
-0.0142843
-0.0153691
-0.0168109
-0.0175936
-0.0173464
-0.0164539
-0.0156575
-0.0154103
-0.0156163
-0.015781
-0.0154652
-0.0147237
-0.014147
-0.014353
-0.0154103
-0.0167422
-0.0176897
-0.0178819
-0.0174151
-0.0166873
-0.0161792
-0.0161518
-0.0164951
-0.0169757
-0.0174837
-0.0179506
-0.0182527
-0.0183762
-0.0185822
-0.0191452
-0.0199279
-0.0203123
-0.0198592
-0.018747
-0.0174837
-0.0164676
-0.0158222
-0.0155339
-0.0156025
-0.0160145
-0.0167422
-0.0176073
-0.0184449
-0.019104
-0.0194198
-0.0192001
-0.0184037
-0.0171954
-0.0159321
-0.0150258
-0.0147375
-0.015067
-0.0157124
-0.0161381
-0.0159458
-0.0152181
-0.014504
-0.0142569
-0.014353
-0.0144217
-0.0142569
-0.0139136
-0.0135429
-0.0131721
-0.012925
-0.0131858
-0.0142569
-0.0160007
-0.0178544
-0.0191452
-0.0193923
-0.0185822
-0.0173052
-0.0164264
-0.0164401
-0.0170855
-0.0176622
-0.0176759
-0.017113
-0.0163028
-0.0154927
-0.0147375
-0.013996
-0.0135291
-0.0138449
-0.015273
-0.0173189
-0.0189255
-0.0193237
-0.0186783
-0.0178682
-0.017621
-0.0181565
-0.0191726
-0.0199553
-0.0199004
-0.0189804
-0.0177858
-0.0170718
-0.0172228
-0.0181153
-0.0192001
-0.0198729
-0.0196532
-0.018541
-0.0168933
-0.0152043
-0.0138861
-0.0132545
-0.0134055
-0.0140646
-0.014916
-0.0158634
-0.0168933
-0.0178133
-0.0182664
-0.0180467
-0.0172091
-0.0160419
-0.0149022
-0.0142431
-0.0142981
-0.0148885
-0.0155888
-0.0161106
-0.0162616
-0.0159458
-0.0151494
-0.0142431
-0.0137076
-0.0136252
-0.0135566
-0.0131446
-0.012513
-0.0122247
-0.0126091
-0.0135566
-0.0146139
-0.0153691
-0.0157536
-0.0160419
-0.0163852
-0.0166049
-0.0162891
-0.0153004
-0.0140646
-0.0132682
-0.0133781
-0.0142706
-0.0153279
-0.0159321
-0.0158772
-0.0155201
-0.0152867
-0.0152043
-0.0150121
-0.0144903
-0.0138312
-0.0134055
-0.013433
-0.0138037
-0.0142706
-0.0146688
-0.0150121
-0.0153416
-0.0154927
-0.0152455
-0.0145727
-0.0137351
-0.0129799
-0.012307
-0.0117303
-0.0116068
-0.0123482
-0.0139136
-0.0156437
-0.0167697
-0.016756
-0.0155339
-0.0137351
-0.0123208
-0.0120187
-0.0126641
-0.0133918
-0.0134055
-0.0126503
-0.0116754
-0.0110987
-0.0112223
-0.0119226
-0.0128151
-0.0134742
-0.0137626
-0.01379
-0.0137763
-0.0137351
-0.0135566
-0.0131996
-0.0126915
-0.0120324
-0.0111811
-0.0100689
-0.0087644
-0.00756979
-0.00692442
-0.00703427
-0.00769337
-0.00837993
-0.00880559
-0.00895664
-0.00906649
-0.00931365
-0.00986289
-0.0107142
-0.0115518
-0.0120187
-0.0120462
-0.0117853
-0.0115518
-0.0114145
-0.0113871
-0.0114283
-0.0116617
-0.0121148
-0.0126229
-0.0129936
-0.013282
-0.01379
-0.0146825
-0.0154515
-0.015273
-0.0138587
-0.0118951
-0.0104808
-0.0101238
-0.0106181
-0.0114557
-0.0122384
-0.0127053
-0.0129112
-0.0130348
-0.0132408
-0.013433
-0.0134742
-0.013433
-0.0134467
-0.0134605
-0.0132133
-0.0126915
-0.0121697
-0.0119363
-0.0120462
-0.0125542
-0.0134055
-0.0144079
-0.0152318
-0.0155888
-0.0153554
-0.0145452
-0.0133918
-0.0123757
-0.0119638
-0.0121285
-0.0123757
-0.0122109
-0.0114832
-0.0103435
-0.00929992
-0.00905275
-0.0100963
-0.0120187
-0.0136252
-0.0138312
-0.0124581
-0.0103847
-0.00891544
-0.00895664
-0.0103847
-0.0121972
-0.0132682
-0.0131035
-0.0120599
-0.0109614
-0.0104396
-0.0107417
-0.0116754
-0.0127602
-0.0135429
-0.0138312
-0.0135566
-0.012719
-0.0114832
-0.0103847
-0.0100826
-0.0107554
-0.0119363
-0.0129661
-0.013433
-0.0133232
-0.0127876
-0.0120462
-0.0112772
-0.0106318
-0.0102748
-0.0104671
-0.0112497
-0.0121697
-0.0124718
-0.0118951
-0.0109477
-0.0104671
-0.0109202
-0.0120873
-0.0132957
-0.0138037
-0.0133643
-0.0124032
-0.0116479
-0.0115793
-0.0120736
-0.0126915
-0.0131309
-0.013282
-0.0131446
-0.0127876
-0.0124581
-0.012513
-0.0133781
-0.0151769
-0.0174151
-0.0189941
-0.0189118
-0.0170992
-0.0145727
-0.0126641
-0.0121972
-0.013227
-0.0151082
-0.0169482
-0.0181016
-0.0184998
-0.0183213
-0.0177171
-0.0167971
-0.0159595
-0.0155888
-0.0158497
-0.0164264
-0.0169894
-0.0173189
-0.0173739
-0.017264
-0.017264
-0.0173739
-0.0172228
-0.0163577
-0.0147787
-0.013076
-0.0118676
-0.0115244
-0.0120873
-0.0133369
-0.0147787
-0.0157124
-0.0157673
-0.0150396
-0.0139685
-0.0130073
-0.0125954
-0.0128563
-0.0135429
-0.014147
-0.0143942
-0.0142843
-0.0139411
-0.0135566
-0.0133918
-0.0136939
-0.0143393
-0.0150121
-0.0155064
-0.0158909
-0.0163577
-0.0168521
-0.017058
-0.0166461
-0.0156849
-0.0146139
-0.0138999
-0.0138037
-0.0141608
-0.0146414
-0.0149709
-0.0149984
-0.0146414
-0.0138861
-0.0130211
-0.0124444
-0.0124444
-0.0129387
-0.013639
-0.0141058
-0.0140372
-0.0134467
-0.0127053
-0.0123482
-0.0127876
-0.0140372
-0.0157398
-0.0172228
-0.0178819
-0.0175661
-0.0168658
-0.0165637
-0.0169345
-0.0175798
-0.0177309
-0.0170168
-0.0156987
-0.0144766
-0.0139136
-0.0140646
-0.0145864
-0.0151357
-0.0155751
-0.0160419
-0.0166049
-0.017264
-0.0179506
-0.0184449
-0.0183213
-0.0172915
-0.0157124
-0.0144079
-0.0140234
-0.0145315
-0.0153966
-0.0159458
-0.0158085
-0.0150807
-0.0143118
-0.013996
-0.014353
-0.015273
-0.01655
-0.0179368
-0.0191452
-0.0200789
-0.0209577
-0.0223171
-0.0245003
-0.0273976
-0.0307343
-0.0340985
-0.037188
-0.0398106
-0.0423646
-0.0456601
-0.0502875
-0.0561782
-0.0628104
-0.0697996
-0.0770496
-0.0846704
-0.0927718
-0.101299
-0.109799
-0.117529
-0.124134
-0.129915
-0.135682
-0.142135
-0.149495
-0.157638
-0.166275
-0.175159
-0.183851
-0.191884
-0.198859
-0.204722
-0.209913
-0.215048
-0.220568
-0.226363
-0.231814
-0.236277
-0.239654
-0.242511
-0.245394
-0.248319
-0.250928
-0.252919
-0.254415
-0.25572
-0.257024
-0.25815
-0.2587
-0.25826
-0.256681
-0.254347
-0.252026
-0.250378
-0.2495
-0.248744
-0.24722
-0.244584
-0.241234
-0.237869
-0.234972
-0.232583
-0.230496
-0.228546
-0.226541
-0.224179
-0.221351
-0.21833
-0.215707
-0.213922
-0.212988
-0.212274
-0.210929
-0.208347
-0.204832
-0.201441
-0.199134
-0.198145
-0.198063
-0.198392
-0.198804
-0.199106
-0.199106
-0.198612
-0.197651
-0.196648
-0.196168
-0.196484
-0.197431
-0.198529
-0.199285
-0.199463
-0.199257
-0.19912
-0.199408
-0.200315
-0.201839
-0.203843
-0.205944
-0.207565
-0.208306
-0.208279
-0.208141
-0.208526
-0.209652
-0.211368
-0.213304
-0.215034
-0.216339
-0.217231
-0.217973
-0.218865
-0.219978
-0.221049
-0.221474
-0.220939
-0.219813
-0.219003
-0.219209
-0.220225
-0.221351
-0.222065
-0.222518
-0.223122
-0.22396
-0.224646
-0.224701
-0.224001
-0.223026
-0.222367
-0.222243
-0.222394
-0.222339
-0.221735
-0.220609
-0.219401
-0.21881
-0.21925
-0.220431
-0.221488
-0.22179
-0.221255
-0.220307
-0.219373
-0.218756
-0.218495
-0.218385
-0.218096
-0.217547
-0.21697
-0.216668
-0.216792
-0.217163
-0.217465
-0.21741
-0.216778
-0.215639
-0.21432
-0.213373
-0.213222
-0.213881
-0.214925
-0.215941
-0.216737
-0.217218
-0.217245
-0.216847
-0.216202
-0.215611
-0.215199
-0.215021
-0.214993
-0.214966
-0.214677
-0.214059
-0.213496
-0.213496
-0.214018
-0.214307
-0.213702
-0.21248
-0.211602
-0.21178
-0.212769
-0.213895
-0.214581
-0.214691
-0.214403
-0.214059
-0.21395
-0.214211
-0.214677
-0.215021
-0.214952
-0.214513
-0.214101
-0.214046
-0.214375
-0.214719
-0.214568
-0.213593
-0.212027
-0.210627
-0.21027
-0.21119
-0.212563
-0.21303
-0.211945
-0.209954
-0.208361
-0.207853
-0.208141
-0.208526
-0.208677
-0.208718
-0.208773
-0.208512
-0.207674
-0.206617
-0.206095
-0.206603
-0.207674
-0.208347
-0.208086
-0.20707
-0.205876
-0.204942
-0.204365
-0.204036
-0.203926
-0.204132
-0.204777
-0.205821
-0.20696
-0.207812
-0.207908
-0.207002
-0.20534
-0.20361
-0.202539
-0.202388
-0.202704
-0.202759
-0.202196
-0.201331
-0.200878
-0.201262
-0.202141
-0.202759
-0.202676
-0.202196
-0.201935
-0.201949
-0.201633
-0.200534
-0.198983
-0.197912
-0.197994
-0.198996
-0.200081
-0.200479
-0.200136
-0.199614
-0.199573
-0.20015
-0.200946
-0.201523
-0.20177
-0.201839
-0.201756
-0.201427
-0.200809
-0.200067
-0.199463
-0.199092
-0.198818
-0.198433
-0.197925
-0.197486
-0.19728
-0.197184
-0.196786
-0.195989
-0.195138
-0.194657
-0.194575
-0.194575
-0.194369
-0.193984
-0.193682
-0.19382
-0.194479
-0.195248
-0.195454
-0.194726
-0.193367
-0.192144
-0.191705
-0.192158
-0.193119
-0.194081
-0.194685
-0.194767
-0.194355
-0.1936
-0.19257
-0.191348
-0.190112
-0.189055
-0.188245
-0.187613
-0.187201
-0.187229
-0.187751
-0.188561
-0.189316
-0.189948
-0.19051
-0.190991
-0.19117
-0.190648
-0.189357
-0.187751
-0.18657
-0.186062
-0.185828
-0.185512
-0.185348
-0.185828
-0.186968
-0.188176
-0.188643
-0.18808
-0.186872
-0.185759
-0.185251
-0.185348
-0.185911
-0.186872
-0.188108
-0.18922
-0.189577
-0.188822
-0.187133
-0.185059
-0.183151
-0.181764
-0.181105
-0.181118
-0.18142
-0.181475
-0.180967
-0.180034
-0.179114
-0.178592
-0.178564
-0.178743
-0.178757
-0.178413
-0.177933
-0.177768
-0.178015
-0.178235
-0.177905
-0.177081
-0.176299
-0.176148
-0.176766
-0.177782
-0.178578
-0.178674
-0.17818
-0.177548
-0.17715
-0.176807
-0.176175
-0.175186
-0.173978
-0.172838
-0.171946
-0.171534
-0.171795
-0.172784
-0.174212
-0.175516
-0.176065
-0.175475
-0.173882
-0.171987
-0.170683
-0.170435
-0.171053
-0.171891
-0.172468
-0.17277
-0.173017
-0.173209
-0.172935
-0.171987
-0.170628
-0.169406
-0.168609
-0.168046
-0.167497
-0.167126
-0.167236
-0.167799
-0.168376
-0.168458
-0.167923
-0.16703
-0.16622
-0.165643
-0.165259
-0.164957
-0.164737
-0.164655
-0.164559
-0.164311
-0.163982
-0.16379
-0.163803
-0.164064
-0.164655
-0.165602
-0.166508
-0.166646
-0.165616
-0.163982
-0.16287
-0.162979
-0.164064
-0.165204
-0.165602
-0.164998
-0.163584
-0.161991
-0.160947
-0.161016
-0.162169
-0.163762
-0.164751
-0.164298
-0.162471
-0.160288
-0.158901
-0.158682
-0.159025
-0.159176
-0.158997
-0.158901
-0.15919
-0.159615
-0.159739
-0.159478
-0.159258
-0.159396
-0.159753
-0.159972
-0.159945
-0.159821
-0.159725
-0.159478
-0.158888
-0.157981
-0.157034
-0.156237
-0.155606
-0.15518
-0.155029
-0.15507
-0.155057
-0.154837
-0.15459
-0.154562
-0.154727
-0.154713
-0.154068
-0.152887
-0.151843
-0.151679
-0.152475
-0.153519
-0.153876
-0.153313
-0.152379
-0.15183
-0.151981
-0.152544
-0.152997
-0.152997
-0.152516
-0.151802
-0.151198
-0.150855
-0.15069
-0.150402
-0.149839
-0.14907
-0.148452
-0.148369
-0.148946
-0.150003
-0.151102
-0.151775
-0.151692
-0.150759
-0.149276
-0.147848
-0.146832
-0.1462
-0.145843
-0.145788
-0.146145
-0.14679
-0.147353
-0.147504
-0.147065
-0.146118
-0.145115
-0.14458
-0.144566
-0.144511
-0.143783
-0.142492
-0.141421
-0.141339
-0.142259
-0.143536
-0.14436
-0.144346
-0.143797
-0.14333
-0.143412
-0.143948
-0.144429
-0.144401
-0.143797
-0.142987
-0.142451
-0.14252
-0.142987
-0.143179
-0.142575
-0.141463
-0.140762
-0.14138
-0.143358
-0.145651
-0.146735
-0.145761
-0.143207
-0.140474
-0.138895
-0.138881
-0.139815
-0.14079
-0.141202
-0.14101
-0.140639
-0.140488
-0.140762
-0.141325
-0.141778
-0.141627
-0.140639
-0.139101
-0.137659
-0.136808
-0.136602
-0.136739
-0.136849
-0.136698
-0.136217
-0.135421
-0.134528
-0.133938
-0.133938
-0.134336
-0.134473
-0.133979
-0.133196
-0.132771
-0.132936
-0.133251
-0.133238
-0.132881
-0.132537
-0.132359
-0.13218
-0.131878
-0.131604
-0.131549
-0.131617
-0.131535
-0.13126
-0.130931
-0.130601
-0.130134
-0.129379
-0.128542
-0.127896
-0.127663
-0.127786
-0.128034
-0.128185
-0.128157
-0.128006
-0.127773
-0.127402
-0.126784
-0.125919
-0.12504
-0.124409
-0.124038
-0.123859
-0.123722
-0.123489
-0.12298
-0.122198
-0.121429
-0.120935
-0.120783
-0.120797
-0.120893
-0.121099
-0.121319
-0.12147
-0.121635
-0.122019
-0.122692
-0.123461
-0.124024
-0.124161
-0.123846
-0.1232
-0.122445
-0.121841
-0.121539
-0.121552
-0.121758
-0.121937
-0.121923
-0.121635
-0.121127
-0.12066
-0.120454
-0.120646
-0.121237
-0.122047
-0.122802
-0.123145
-0.123035
-0.122692
-0.122349
-0.121923
-0.12125
-0.120317
-0.119438
-0.118971
-0.119026
-0.119369
-0.119671
-0.119836
-0.120056
-0.120385
-0.120564
-0.120317
-0.119767
-0.119232
-0.118916
-0.118696
-0.118326
-0.117666
-0.116856
-0.116252
-0.116252
-0.116994
-0.118175
-0.119191
-0.119712
-0.119877
-0.120056
-0.120262
-0.120069
-0.119177
-0.11801
-0.117433
-0.117831
-0.118683
-0.118916
-0.117859
-0.11573
-0.113451
-0.112023
-0.11205
-0.1133
-0.11481
-0.115456
-0.114797
-0.113231
-0.111405
-0.109716
-0.108288
-0.107533
-0.108
-0.109853
-0.112435
-0.114728
-0.115881
-0.115552
-0.114124
-0.112407
-0.111254
-0.111034
-0.111446
-0.111941
-0.112105
-0.111844
-0.111323
-0.110773
-0.11032
-0.10995
-0.109442
-0.108522
-0.107245
-0.10616
-0.105995
-0.106997
-0.108467
-0.109236
-0.108741
-0.107464
-0.106558
-0.106791
-0.108041
-0.109496
-0.11032
-0.110087
-0.108879
-0.107066
-0.10513
-0.103661
-0.10307
-0.103427
-0.10432
-0.105048
-0.105006
-0.104086
-0.102727
-0.101615
-0.101175
-0.101313
-0.101532
-0.101409
-0.10086
-0.100173
-0.0996786
-0.0995825
-0.0998709
-0.100461
-0.101203
-0.101944
-0.102521
-0.102933
-0.103208
-0.10329
-0.10296
-0.102027
-0.100763
-0.0996924
-0.0991843
-0.099198
-0.0994589
-0.0998022
-0.100077
-0.100118
-0.0996786
-0.0987998
-0.0977151
-0.0967402
-0.0960811
-0.0959163
-0.096287
-0.0971521
-0.0982369
-0.0991568
-0.0996649
-0.0996374
-0.099047
-0.0980034
-0.0969187
-0.0964106
-0.0967676
-0.097619
-0.0982094
-0.0980034
-0.0969736
-0.0956417
-0.0947766
-0.0949963
-0.0961497
-0.0973031
-0.0973993
-0.0962184
-0.094447
-0.0931151
-0.0927993
-0.0933348
-0.0940076
-0.0941312
-0.093582
-0.0929092
-0.092662
-0.093019
-0.0938841
-0.0951748
-0.0965754
-0.0975503
-0.0975366
-0.0965067
-0.0949688
-0.0935133
-0.0924972
-0.0921127
-0.0921951
-0.0922501
-0.0918519
-0.0910554
-0.090314
-0.0898059
-0.0894489
-0.0890644
-0.0886525
-0.0883641
-0.0883092
-0.0885976
-0.0892292
-0.0900119
-0.0905749
-0.090616
-0.0901904
-0.0896549
-0.0894901
-0.0899569
-0.0909044
-0.0918381
-0.092305
-0.0923187
-0.0922226
-0.0922638
-0.0922638
-0.0920441
-0.091893
-0.0923599
-0.0934035
-0.0942685
-0.0942273
-0.0932662
-0.0919617
-0.090822
-0.0899295
-0.0891331
-0.0884877
-0.0883367
-0.0889134
-0.0899981
-0.0910142
-0.0916184
-0.0917695
-0.0916459
-0.0913575
-0.0908495
-0.090108
-0.0892979
-0.0888447
-0.089188
-0.0903002
-0.0916596
-0.0925247
-0.0924011
-0.0912202
-0.0894077
-0.087705
-0.0868674
-0.0871421
-0.088117
-0.0889958
-0.0892155
-0.0886799
-0.087554
-0.0861259
-0.0848627
-0.0842036
-0.0843546
-0.0849588
-0.0853707
-0.085151
-0.0845057
-0.0840663
-0.0844782
-0.0858376
-0.0876364
-0.0890782
-0.0895999
-0.0889958
-0.0874167
-0.0852471
-0.08316
-0.081883
-0.0817594
-0.0824597
-0.08316
-0.0832561
-0.0828442
-0.0825009
-0.0828579
-0.0839427
-0.0852471
-0.0860161
-0.0858925
-0.0849863
-0.0837642
-0.0828167
-0.0825696
-0.0830364
-0.0838328
-0.0843546
-0.084286
-0.0836818
-0.082803
-0.0820203
-0.0816908
-0.0819654
-0.0825284
-0.0827343
-0.0821988
-0.0810866
-0.0799606
-0.0792466
-0.0791642
-0.0795624
-0.0801803
-0.080757
-0.0811553
-0.0813612
-0.0813612
-0.0811003
-0.0806335
-0.0801391
-0.079892
-0.0801529
-0.0810179
-0.0821714
-0.0828854
-0.0826382
-0.0814573
-0.0798233
-0.078258
-0.0771457
-0.0767338
-0.0769672
-0.0774616
-0.0777499
-0.0776538
-0.0773792
-0.0772281
-0.0775165
-0.0784502
-0.0799332
-0.0812651
-0.0815672
-0.0805099
-0.0785875
-0.076775
-0.0757864
-0.0757452
-0.0765278
-0.0779422
-0.0796586
-0.0811003
-0.0815809
-0.0808669
-0.07948
-0.0783129
-0.0779833
-0.0782854
-0.0786013
-0.0784227
-0.0775714
-0.0763081
-0.0751822
-0.0748252
-0.0755941
-0.077132
-0.078615
-0.0793015
-0.0790544
-0.0782305
-0.0773517
-0.0768025
-0.0766377
-0.0765416
-0.076212
-0.0757314
-0.0755392
-0.0759099
-0.0765141
-0.0767338
-0.0762395
-0.0752096
-0.0741386
-0.0735894
-0.0736992
-0.0741798
-0.0746741
-0.0750723
-0.0754843
-0.0758687
-0.0759649
-0.0755529
-0.0747153
-0.0736992
-0.0728067
-0.0721888
-0.0718318
-0.0715709
-0.0711452
-0.0704587
-0.0697584
-0.0695387
-0.0699918
-0.0708431
-0.0714473
-0.0713649
-0.0706097
-0.0696073
-0.0688521
-0.0687834
-0.0695249
-0.0707882
-0.071873
-0.0721613
-0.0715846
-0.0706921
-0.0701016
-0.0700193
-0.070184
-0.0702664
-0.0699506
-0.0690993
-0.0678909
-0.0669709
-0.0669297
-0.0677948
-0.0690443
-0.0701291
-0.0707058
-0.070596
-0.0697584
-0.0685912
-0.0679184
-0.0683578
-0.0696897
-0.0711452
-0.0719004
-0.0716807
-0.0706372
-0.0694014
-0.0684951
-0.0681381
-0.0682205
-0.0686599
-0.0694288
-0.0704175
-0.0713374
-0.0717768
-0.0714473
-0.0704724
-0.0694425
-0.069113
-0.0697446
-0.0708843
-0.0717082
-0.071667
-0.0708431
-0.069621
-0.0683715
-0.0674515
-0.0672181
-0.0677948
-0.068907
-0.0698819
-0.0700742
-0.0691542
-0.0672318
-0.0649524
-0.063236
-0.062728
-0.0633596
-0.0645542
-0.0657351
-0.0664217
-0.0662706
-0.0653644
-0.0642659
-0.0636617
-0.0637578
-0.0643208
-0.0649524
-0.0653644
-0.0654742
-0.0653095
-0.0649662
-0.0645268
-0.0638814
-0.0630163
-0.0621787
-0.0617668
-0.0620002
-0.0628378
-0.0638814
-0.0645817
-0.0645268
-0.0637441
-0.0627829
-0.0623023
-0.0625495
-0.0631399
-0.0633871
-0.0629752
-0.062165
-0.0614922
-0.0612588
-0.0611489
-0.0607507
-0.060174
-0.0601603
-0.0611626
-0.0626593
-0.0636342
-0.0636068
-0.0630575
-0.0628516
-0.0635381
-0.0649524
-0.0663668
-0.0668199
-0.0658999
-0.0640874
-0.0623847
-0.0615883
-0.0617393
-0.0623023
-0.0626868
-0.0626731
-0.0625083
-0.0625495
-0.0627555
-0.0627829
-0.062371
-0.0617393
-0.0612725
-0.0611352
-0.0613686
-0.0619179
-0.0627143
-0.0635244
-0.0640325
-0.0640599
-0.0637166
-0.0632772
-0.0630575
-0.0631399
-0.0632635
-0.0631262
-0.0627005
-0.0622062
-0.0618217
-0.0614785
-0.0610116
-0.0603113
-0.0594737
-0.0588833
-0.0589382
-0.0597483
-0.0607507
-0.0612176
-0.0608605
-0.0600779
-0.0594188
-0.0590755
-0.0590343
-0.0593227
-0.0599818
-0.0607919
-0.0614235
-0.0617805
-0.0620552
-0.062371
-0.0626868
-0.062879
-0.0627555
-0.0621513
-0.0610253
-0.0595149
-0.0579083
-0.0565215
-0.0556976
-0.0556015
-0.0560134
-0.0563293
-0.0561645
-0.0557251
-0.0556702
-0.0562606
-0.0572767
-0.0583477
-0.0593364
-0.0602564
-0.0610802
-0.0616432
-0.0617668
-0.0613961
-0.0606271
-0.0596385
-0.0587048
-0.0579633
-0.0574964
-0.0572218
-0.0570707
-0.0569884
-0.0570982
-0.0574689
-0.0578671
-0.0578534
-0.0574552
-0.0572767
-0.0579221
-0.0591579
-0.0600641
-0.0599131
-0.058897
-0.0577985
-0.0571394
-0.0568373
-0.0566176
-0.0563704
-0.056343
-0.0566588
-0.0571119
-0.0572904
-0.0569609
-0.0561919
-0.0551896
-0.0542284
-0.0536517
-0.0538851
-0.055066
-0.0568098
-0.0584988
-0.059611
-0.0597895
-0.0590068
-0.0577024
-0.0564803
-0.0556702
-0.0550523
-0.0542696
-0.0532809
-0.0524433
-0.0521824
-0.0526356
-0.0536105
-0.054709
-0.0555054
-0.0559585
-0.0561782
-0.0562057
-0.0557937
-0.0547639
-0.053377
-0.0522923
-0.0520314
-0.0526493
-0.0535967
-0.0542147
-0.0542284
-0.0539812
-0.0540499
-0.0545442
-0.0550797
-0.055272
-0.0551758
-0.0549561
-0.0546952
-0.0543657
-0.0542558
-0.0546815
-0.0556702
-0.0567824
-0.0573316
-0.0569472
-0.0558624
-0.0549699
-0.0551072
-0.0563704
-0.0579633
-0.0589656
-0.0588833
-0.0578397
-0.056343
-0.0550797
-0.0546403
-0.0551209
-0.055986
-0.0564528
-0.0560272
-0.054709
-0.0529376
-0.0514547
-0.050823
-0.0510565
-0.0514959
-0.0516195
-0.0514409
-0.0513174
-0.0514272
-0.0517705
-0.0523747
-0.0531848
-0.0538988
-0.0541323
-0.0536929
-0.0527866
-0.0518666
-0.0514821
-0.0520726
-0.0535144
-0.0549149
-0.055272
-0.0542147
-0.0522923
-0.0505347
-0.0498069
-0.0502051
-0.051029
-0.0514135
-0.0512213
-0.0510839
-0.0516057
-0.0525806
-0.0531711
-0.0528553
-0.0518117
-0.0506857
-0.0499854
-0.0497795
-0.0498619
-0.0500129
-0.0502875
-0.0507681
-0.051235
-0.051235
-0.0504798
-0.0492302
-0.0479395
-0.0470744
-0.0468959
-0.0474177
-0.0483789
-0.0492989
-0.0497657
-0.0496834
-0.0492989
-0.0489831
-0.0489693
-0.0493263
-0.0499031
-0.0502326
-0.0498069
-0.048475
-0.0466625
-0.0453306
-0.0452756
-0.0464703
-0.0480356
-0.0488595
-0.0486535
-0.0480356
-0.0478022
-0.0481729
-0.0486672
-0.0487634
-0.0482965
-0.0474589
-0.04669
-0.0464153
-0.04669
-0.0471156
-0.0471294
-0.046278
-0.0445204
-0.0423234
-0.0405247
-0.0399479
-0.0407855
-0.0424058
-0.0438888
-0.0446577
-0.0447539
-0.0443968
-0.0439163
-0.0434769
-0.043161
-0.0429963
-0.0430237
-0.0432709
-0.0435181
-0.0434219
-0.0428864
-0.0422548
-0.0420351
-0.0424058
-0.043161
-0.0439025
-0.044287
-0.0441222
-0.0434906
-0.0428864
-0.042804
-0.0432297
-0.0438339
-0.0441909
-0.0440398
-0.0432846
-0.0422273
-0.041582
-0.0419802
-0.0433121
-0.0447951
-0.0454953
-0.0450559
-0.0437927
-0.0424058
-0.0414584
-0.0410327
-0.0408954
-0.0407855
-0.0406482
-0.0405658
-0.040662
-0.0411426
-0.0420351
-0.0429963
-0.0433807
-0.042804
-0.0417055
-0.0410327
-0.0412799
-0.0420076
-0.0423234
-0.0417193
-0.0404423
-0.0392888
-0.0389044
-0.0392751
-0.0399479
-0.0405796
-0.0412387
-0.04209
-0.0430512
-0.0439163
-0.0444106
-0.0442733
-0.0433533
-0.0418703
-0.0403873
-0.0393575
-0.0387533
-0.0382727
-0.0377509
-0.0373665
-0.0372292
-0.0373253
-0.0375038
-0.0378883
-0.0386023
-0.0395909
-0.0404423
-0.0406894
-0.0403461
-0.0400166
-0.0404011
-0.041527
-0.042653
-0.0430787
-0.0427491
-0.0421037
-0.0414584
-0.0408817
-0.040305
-0.0397557
-0.0392202
-0.0386709
-0.0381492
-0.0377784
-0.0376548
-0.0377647
-0.0380256
-0.0382865
-0.0386297
-0.0392202
-0.0400853
-0.0408817
-0.0411563
-0.040813
-0.0401127
-0.0393438
-0.0386709
-0.0383002
-0.0384924
-0.0392888
-0.0402088
-0.0407169
-0.0406757
-0.0404011
-0.0402912
-0.0404697
-0.0406757
-0.0405658
-0.0400303
-0.0392339
-0.0385474
-0.0383689
-0.0390142
-0.0404697
-0.0421861
-0.0432984
-0.0432572
-0.0423646
-0.0416094
-0.0416094
-0.0421175
-0.0424745
-0.0422273
-0.0414858
-0.0405796
-0.0397969
-0.0393575
-0.0392476
-0.0392614
-0.0392065
