LECROYHDO9204-MSöv,30454,Waveform
Segments,1,SegmentSize,2002
Ampl
-0.0129661
-0.0123482
-0.0117853
-0.0113459
-0.0110987
-0.011085
-0.0112086
-0.0113871
-0.0116754
-0.0121285
-0.0125817
-0.0126641
-0.0121148
-0.0111674
-0.0103298
-0.0100277
-0.0103984
-0.0111674
-0.011799
-0.0118676
-0.011236
-0.0101787
-0.00912141
-0.00857216
-0.00879186
-0.00957454
-0.0101924
-0.0100826
-0.00943723
-0.00897037
-0.0091626
-0.00979424
-0.0102748
-0.010165
-0.00947842
-0.00864082
-0.00822888
-0.00853097
-0.00939603
-0.0104121
-0.0112223
-0.0116891
-0.0117715
-0.0116342
-0.0117166
-0.0124306
-0.0136664
-0.0147512
-0.0150945
-0.0146551
-0.0137626
-0.0127053
-0.0117029
-0.01103
-0.0109065
-0.0111948
-0.0114969
-0.0115793
-0.0115381
-0.0116479
-0.0120187
-0.0124169
-0.0124993
-0.0121423
-0.0116068
-0.0112223
-0.0111124
-0.0111811
-0.0115381
-0.0123894
-0.0136252
-0.0146688
-0.0149984
-0.0146414
-0.0140234
-0.0133506
-0.0124856
-0.0114008
-0.0104396
-0.0101512
-0.0109339
-0.0125542
-0.014147
-0.0147649
-0.0141882
-0.0130623
-0.0121697
-0.0118127
-0.0118539
-0.0120187
-0.0122109
-0.0123894
-0.0126915
-0.0133369
-0.0142431
-0.0147375
-0.0140784
-0.0121972
-0.0100139
-0.00869574
-0.00872321
-0.0096432
-0.0106044
-0.0110163
-0.0108241
-0.0102336
-0.00962946
-0.00956081
-0.0104533
-0.0121423
-0.0135978
-0.0136115
-0.0119088
-0.00953335
-0.0081053
-0.0085447
-0.0103572
-0.0122659
-0.0131035
-0.0126503
-0.0115793
-0.0107966
-0.0107692
-0.0112772
-0.0117578
-0.01195
-0.0120736
-0.0124306
-0.0130623
-0.0135978
-0.0135429
-0.0127739
-0.011799
-0.0112909
-0.0115106
-0.0121285
-0.0127327
-0.013076
-0.0131035
-0.0128014
-0.0121972
-0.0114283
-0.010673
-0.0101512
-0.0100826
-0.0105357
-0.0112497
-0.0117441
-0.0116617
-0.0109751
-0.0100139
-0.00925872
-0.00910768
-0.00953335
-0.0101787
-0.0107142
-0.011085
-0.0113871
-0.0116617
-0.0118127
-0.0118539
-0.0118402
-0.0117441
-0.0112635
-0.0102336
-0.00899783
-0.00824261
-0.00828381
-0.00890171
-0.00956081
-0.00998648
-0.0103023
-0.0106868
-0.0111262
-0.0112909
-0.011085
-0.010879
-0.0112497
-0.0123345
-0.0136115
-0.0143393
-0.0141196
-0.0130897
-0.0117715
-0.0109065
-0.0108378
-0.0113459
-0.0118127
-0.0118539
-0.0116068
-0.0114145
-0.011593
-0.0122247
-0.0131172
-0.0136939
-0.0133918
-0.012307
-0.0112086
-0.0108241
-0.0111399
-0.0115381
-0.0114694
-0.011085
-0.0110712
-0.0120187
-0.0138587
-0.0158497
-0.017058
-0.0170168
-0.0159458
-0.014559
-0.0135429
-0.0131584
-0.0132957
-0.01379
-0.0143667
-0.0146414
-0.0142157
-0.0130073
-0.0115518
-0.0106868
-0.010879
-0.0117441
-0.0124993
-0.012719
-0.0125405
-0.0123482
-0.012362
-0.0127739
-0.0135429
-0.0142981
-0.014504
-0.0139823
-0.0131172
-0.012362
-0.0119363
-0.0119226
-0.0123208
-0.0129799
-0.0133918
-0.0131996
-0.0125405
-0.0120324
-0.0121423
-0.0128288
-0.0135978
-0.0140646
-0.0142569
-0.0144079
-0.0146002
-0.0145864
-0.0142431
-0.0137351
-0.0133232
-0.0130348
-0.0126091
-0.0119775
-0.0113047
-0.0108378
-0.0108653
-0.0116205
-0.0131584
-0.0150945
-0.0166736
-0.0172091
-0.0165363
-0.0149572
-0.0130485
-0.0115793
-0.0112497
-0.0121835
-0.0138175
-0.0151631
-0.015479
-0.0145178
-0.0125817
-0.0105632
-0.00947842
-0.0098217
-0.0112772
-0.0130485
-0.0144354
-0.015067
-0.0149434
-0.0144903
-0.0141882
-0.0140921
-0.0138999
-0.0133918
-0.0128563
-0.0127464
-0.0131858
-0.0139685
-0.0146688
-0.0149984
-0.0148473
-0.0143667
-0.0138999
-0.0137626
-0.0140372
-0.0145727
-0.0151494
-0.0155613
-0.0156437
-0.0154103
-0.0148473
-0.013996
-0.0130211
-0.0125267
-0.0130897
-0.0146825
-0.0164264
-0.0172365
-0.0165363
-0.01471
-0.0127602
-0.0117029
-0.0120462
-0.0135703
-0.0155201
-0.0171404
-0.0180741
-0.0183213
-0.0180467
-0.0174425
-0.0166736
-0.0160007
-0.0156437
-0.0156575
-0.0157536
-0.0155888
-0.0151219
-0.0146688
-0.0144079
-0.0141333
-0.0135978
-0.0130348
-0.0130073
-0.0136939
-0.0147237
-0.0155064
-0.0155751
-0.0147237
-0.0129936
-0.011085
-0.0100277
-0.0105357
-0.0122933
-0.0142157
-0.015424
-0.0156849
-0.0153554
-0.0147787
-0.0139685
-0.0129112
-0.0118402
-0.0111674
-0.0110987
-0.0114008
-0.0117853
-0.0122796
-0.0129524
-0.0136252
-0.0139548
-0.0139685
-0.0140372
-0.0143942
-0.014861
-0.0150807
-0.0149709
-0.0148061
-0.0149022
-0.0152867
-0.0156987
-0.0157948
-0.015424
-0.0147512
-0.0140921
-0.0137763
-0.0139685
-0.0145864
-0.0151906
-0.0153554
-0.014916
-0.0143255
-0.0141745
-0.0147375
-0.0156437
-0.0162616
-0.0162204
-0.0156575
-0.0150396
-0.01471
-0.0147512
-0.0148885
-0.014916
-0.0147924
-0.014559
-0.0142843
-0.0141608
-0.0144491
-0.0151631
-0.0159046
-0.0161792
-0.0159458
-0.0154378
-0.0148885
-0.0144217
-0.014202
-0.0143393
-0.0148336
-0.0155064
-0.0163166
-0.0171816
-0.0178819
-0.0181977
-0.0182389
-0.018184
-0.017978
-0.0174151
-0.0166324
-0.0162616
-0.0168658
-0.0182252
-0.0195159
-0.0199691
-0.0195297
-0.0186371
-0.017827
-0.0174837
-0.0176622
-0.0180879
-0.0182938
-0.0179643
-0.0172365
-0.01655
-0.0162479
-0.0162754
-0.016193
-0.0156712
-0.0149846
-0.0147787
-0.0156025
-0.0175524
-0.0203673
-0.0236216
-0.0267385
-0.0291003
-0.0305695
-0.0316543
-0.0332883
-0.0361856
-0.0406345
-0.0463604
-0.052718
-0.0591167
-0.0655978
-0.0728891
-0.0816633
-0.0918519
-0.102754
-0.113712
-0.124601
-0.135819
-0.147875
-0.161071
-0.175461
-0.190991
-0.207304
-0.223671
-0.239201
-0.253537
-0.267185
-0.281246
-0.296584
-0.313212
-0.33017
-0.346044
-0.35994
-0.371913
-0.383008
-0.39446
-0.407038
-0.420481
-0.433992
-0.446666
-0.457788
-0.466823
-0.473661
-0.478742
-0.48293
-0.486843
-0.490496
-0.49364
-0.496153
-0.498254
-0.500245
-0.502071
-0.503362
-0.50365
-0.502758
-0.500575
-0.497087
-0.492556
-0.487599
-0.482697
-0.47811
-0.473964
-0.470366
-0.467002
-0.463185
-0.458241
-0.452241
-0.445828
-0.439759
-0.434473
-0.430037
-0.426165
-0.42243
-0.418572
-0.414521
-0.410443
-0.406585
-0.403207
-0.400557
-0.398552
-0.39689
-0.39527
-0.393609
-0.391865
-0.390038
-0.38813
-0.386551
-0.385892
-0.386482
-0.387869
-0.389201
-0.389764
-0.389572
-0.389256
-0.389585
-0.390917
-0.393142
-0.395778
-0.398263
-0.400103
-0.401271
-0.402259
-0.403797
-0.406282
-0.409578
-0.413189
-0.416622
-0.419451
-0.421414
-0.42243
-0.422856
-0.423419
-0.424778
-0.427058
-0.429749
-0.43207
-0.433484
-0.433896
-0.433608
-0.433182
-0.433141
-0.43358
-0.434019
-0.434019
-0.433731
-0.433868
-0.434967
-0.43667
-0.438002
-0.43818
-0.437027
-0.434926
-0.432578
-0.430669
-0.429763
-0.429749
-0.430161
-0.430504
-0.430587
-0.430408
-0.43001
-0.429543
-0.429131
-0.428733
-0.428239
-0.427648
-0.427044
-0.42633
-0.425149
-0.423529
-0.422073
-0.421455
-0.421689
-0.42206
-0.421867
-0.420892
-0.419533
-0.418311
-0.417569
-0.41735
-0.417487
-0.417748
-0.417968
-0.418119
-0.418325
-0.418627
-0.418682
-0.417858
-0.415963
-0.413491
-0.411445
-0.410553
-0.410827
-0.411802
-0.412942
-0.413793
-0.414123
-0.413944
-0.413505
-0.413107
-0.412901
-0.412887
-0.413052
-0.413354
-0.413821
-0.414425
-0.414947
-0.415167
-0.415057
-0.414837
-0.414631
-0.414315
-0.413848
-0.413629
-0.414205
-0.415524
-0.416883
-0.417597
-0.41746
-0.416691
-0.415482
-0.414013
-0.412544
-0.41139
-0.410759
-0.410622
-0.410773
-0.410992
-0.411143
-0.411088
-0.410731
-0.409907
-0.408603
-0.407051
-0.405747
-0.404992
-0.404772
-0.404923
-0.405514
-0.406708
-0.408425
-0.409921
-0.410306
-0.40907
-0.406475
-0.403481
-0.401243
-0.400337
-0.40057
-0.401367
-0.402136
-0.402438
-0.401971
-0.400708
-0.399087
-0.397604
-0.396629
-0.396259
-0.396547
-0.397371
-0.398346
-0.398785
-0.398277
-0.396904
-0.395229
-0.393883
-0.393183
-0.392881
-0.392455
-0.391494
-0.38997
-0.388226
-0.386949
-0.386729
-0.38769
-0.389118
-0.389819
-0.389105
-0.387457
-0.385919
-0.385205
-0.385178
-0.385246
-0.385095
-0.384876
-0.384807
-0.384944
-0.385013
-0.384724
-0.384093
-0.383324
-0.382637
-0.382116
-0.381608
-0.381017
-0.380358
-0.379864
-0.379919
-0.380523
-0.381333
-0.381841
-0.38191
-0.381717
-0.381525
-0.381429
-0.381553
-0.381882
-0.382102
-0.381662
-0.380372
-0.378683
-0.377255
-0.376527
-0.376472
-0.376939
-0.377667
-0.378436
-0.379095
-0.379534
-0.379699
-0.379699
-0.379726
-0.379877
-0.380097
-0.380399
-0.381099
-0.382555
-0.384546
-0.386125
-0.386482
-0.385686
-0.384519
-0.383736
-0.38353
-0.383708
-0.383914
-0.383914
-0.383681
-0.383489
-0.383599
-0.384052
-0.384587
-0.384972
-0.385123
-0.385095
-0.384903
-0.38456
-0.384216
-0.384065
-0.384244
-0.384642
-0.384834
-0.384573
-0.384148
-0.383887
-0.383599
-0.382802
-0.381415
-0.380097
-0.379507
-0.379754
-0.380358
-0.380866
-0.380962
-0.380372
-0.378957
-0.37698
-0.375003
-0.373602
-0.372984
-0.372984
-0.373204
-0.373341
-0.37319
-0.372559
-0.371364
-0.369909
-0.368879
-0.368783
-0.369455
-0.370183
-0.370238
-0.369428
-0.368123
-0.366792
-0.365679
-0.364704
-0.363839
-0.363208
-0.362851
-0.3627
-0.362604
-0.362535
-0.36248
-0.362315
-0.36178
-0.360613
-0.358869
-0.35696
-0.35534
-0.354282
-0.353788
-0.353665
-0.353596
-0.353349
-0.352937
-0.352717
-0.352937
-0.353459
-0.353774
-0.353527
-0.352896
-0.35236
-0.352264
-0.352442
-0.352442
-0.352017
-0.351262
-0.350314
-0.349065
-0.34765
-0.346662
-0.346854
-0.348364
-0.350369
-0.35166
-0.351468
-0.349943
-0.347925
-0.346346
-0.345797
-0.346181
-0.346881
-0.347238
-0.347128
-0.346799
-0.346318
-0.345316
-0.343394
-0.34073
-0.338327
-0.337379
-0.338327
-0.340414
-0.342172
-0.34246
-0.341087
-0.338643
-0.336089
-0.334194
-0.333233
-0.332999
-0.33315
-0.333411
-0.333507
-0.333054
-0.331942
-0.3305
-0.329374
-0.328976
-0.329305
-0.330047
-0.330816
-0.331241
-0.331173
-0.330775
-0.330431
-0.330294
-0.329992
-0.329003
-0.327273
-0.325268
-0.323717
-0.323154
-0.323634
-0.324719
-0.325722
-0.326147
-0.3259
-0.325076
-0.323799
-0.32222
-0.320751
-0.319927
-0.320037
-0.320765
-0.321382
-0.321177
-0.319927
-0.318032
-0.316206
-0.315094
-0.315025
-0.315917
-0.317373
-0.318787
-0.319762
-0.32016
-0.319982
-0.319076
-0.317318
-0.314943
-0.312636
-0.311057
-0.310411
-0.310343
-0.310507
-0.310755
-0.311153
-0.311743
-0.312306
-0.312512
-0.31232
-0.311977
-0.311798
-0.311757
-0.311427
-0.310494
-0.309134
-0.307912
-0.307253
-0.307102
-0.30702
-0.306498
-0.305454
-0.304218
-0.303367
-0.30323
-0.303656
-0.304095
-0.304013
-0.303285
-0.302186
-0.301088
-0.300182
-0.299564
-0.299303
-0.299577
-0.30036
-0.301184
-0.301376
-0.30047
-0.298644
-0.296529
-0.294717
-0.293618
-0.293316
-0.293536
-0.29381
-0.29381
-0.293494
-0.293082
-0.292643
-0.292135
-0.2916
-0.291311
-0.29138
-0.291517
-0.291146
-0.289924
-0.288222
-0.286835
-0.286327
-0.286546
-0.286739
-0.286121
-0.284501
-0.282455
-0.281095
-0.281315
-0.283072
-0.285256
-0.286615
-0.28667
-0.285887
-0.28494
-0.284047
-0.283072
-0.282084
-0.281507
-0.281603
-0.282139
-0.282619
-0.28288
-0.283196
-0.283594
-0.283471
-0.281892
-0.278761
-0.275232
-0.272925
-0.272582
-0.27368
-0.275122
-0.276056
-0.275987
-0.274834
-0.272966
-0.271071
-0.269836
-0.269533
-0.269822
-0.270055
-0.269712
-0.268723
-0.267501
-0.266787
-0.267007
-0.267913
-0.268614
-0.268394
-0.267227
-0.265771
-0.264755
-0.264563
-0.264988
-0.265551
-0.265606
-0.264755
-0.263162
-0.261514
-0.260553
-0.260526
-0.261061
-0.261583
-0.261803
-0.261858
-0.261734
-0.261363
-0.260787
-0.260334
-0.260251
-0.260361
-0.260237
-0.259757
-0.259166
-0.258796
-0.258617
-0.258398
-0.257986
-0.257203
-0.25583
-0.253839
-0.251601
-0.249816
-0.249074
-0.249445
-0.250639
-0.252191
-0.253578
-0.254347
-0.254223
-0.253303
-0.251861
-0.250145
-0.248387
-0.246959
-0.246177
-0.246026
-0.246094
-0.245971
-0.245531
-0.244831
-0.244021
-0.243334
-0.243073
-0.243334
-0.24376
-0.243925
-0.243719
-0.243431
-0.243321
-0.243279
-0.242922
-0.24203
-0.240822
-0.239723
-0.239037
-0.238776
-0.238817
-0.239023
-0.239078
-0.238597
-0.237457
-0.235988
-0.234821
-0.23445
-0.234958
-0.235988
-0.237045
-0.237732
-0.237869
-0.237403
-0.2364
-0.235109
-0.233983
-0.233572
-0.234189
-0.235768
-0.237567
-0.23857
-0.238089
-0.236222
-0.233695
-0.23132
-0.229809
-0.22948
-0.230221
-0.231484
-0.232597
-0.233105
-0.23283
-0.231869
-0.230619
-0.229535
-0.228766
-0.228161
-0.227612
-0.227214
-0.227063
-0.227118
-0.22731
-0.22764
-0.227942
-0.227818
-0.226829
-0.225099
-0.223397
-0.222628
-0.222985
-0.223822
-0.224179
-0.223561
-0.222298
-0.221131
-0.22065
-0.220884
-0.22131
-0.221186
-0.220211
-0.218728
-0.217451
-0.216957
-0.217355
-0.218261
-0.218934
-0.218728
-0.217479
-0.215845
-0.214787
-0.214979
-0.216174
-0.217575
-0.218302
-0.217987
-0.216833
-0.215529
-0.214773
-0.214828
-0.215391
-0.215899
-0.215941
-0.215446
-0.214636
-0.214018
-0.213991
-0.214499
-0.214897
-0.214403
-0.212879
-0.211025
-0.209968
-0.210366
-0.211904
-0.213442
-0.213936
-0.213043
-0.211272
-0.209514
-0.208347
-0.207867
-0.207784
-0.207908
-0.208059
-0.208045
-0.207647
-0.206782
-0.205629
-0.204448
-0.203459
-0.202841
-0.202704
-0.203006
-0.203528
-0.204118
-0.204805
-0.205697
-0.206562
-0.206892
-0.20637
-0.205175
-0.20372
-0.202347
-0.201248
-0.200534
-0.200411
-0.200987
-0.201976
-0.202786
-0.202978
-0.202553
-0.201839
-0.201138
-0.200466
-0.19971
-0.198763
-0.197747
-0.196868
-0.19636
-0.196333
-0.196703
-0.197225
-0.197541
-0.197404
-0.196909
-0.196401
-0.196044
-0.195701
-0.195042
-0.193957
-0.192653
-0.191403
-0.190483
-0.190099
-0.190483
-0.19165
-0.193133
-0.194163
-0.194204
-0.193394
-0.192144
-0.190758
-0.189316
-0.18797
-0.186982
-0.186556
-0.186583
-0.186611
-0.186377
-0.185979
-0.185801
-0.185869
-0.185773
-0.185224
-0.184469
-0.184002
-0.184139
-0.184702
-0.185361
-0.185801
-0.185787
-0.185306
-0.184469
-0.183604
-0.183068
-0.183054
-0.183357
-0.183659
-0.183686
-0.183411
-0.18289
-0.182231
-0.181736
-0.181777
-0.18234
-0.182876
-0.18267
-0.181366
-0.179429
-0.177809
-0.177356
-0.17818
-0.179498
-0.180253
-0.17991
-0.178784
-0.177576
-0.176848
-0.176601
-0.176463
-0.176148
-0.17564
-0.175132
-0.174939
-0.175283
-0.175955
-0.176299
-0.175681
-0.174129
-0.17233
-0.171149
-0.171081
-0.172028
-0.173401
-0.174527
-0.17498
-0.174775
-0.174184
-0.173539
-0.173113
-0.173003
-0.173154
-0.173429
-0.173703
-0.173758
-0.173278
-0.17196
-0.170051
-0.168252
-0.167209
-0.166975
-0.167071
-0.167113
-0.167003
-0.166907
-0.166852
-0.166852
-0.166948
-0.167181
-0.167511
-0.167827
-0.167772
-0.166975
-0.1653
-0.163103
-0.16092
-0.159354
-0.158819
-0.159519
-0.161208
-0.163048
-0.164119
-0.164037
-0.16313
-0.162059
-0.161332
-0.161085
-0.161057
-0.161112
-0.161332
-0.161785
-0.162252
-0.162265
-0.161744
-0.161208
-0.161112
-0.161469
-0.161867
-0.162059
-0.162101
-0.162046
-0.161716
-0.160755
-0.159025
-0.156883
-0.154974
-0.153821
-0.153464
-0.153725
-0.154548
-0.155784
-0.157034
-0.157679
-0.157432
-0.156457
-0.155166
-0.153903
-0.152901
-0.152448
-0.152722
-0.153464
-0.153958
-0.15356
-0.152338
-0.150965
-0.150306
-0.150759
-0.152049
-0.15345
-0.154356
-0.154686
-0.154658
-0.154384
-0.153752
-0.152722
-0.151596
-0.150745
-0.150278
-0.150031
-0.149743
-0.149248
-0.148603
-0.14793
-0.147367
-0.146886
-0.146488
-0.146145
-0.146008
-0.146227
-0.146859
-0.147697
-0.148136
-0.147779
-0.146735
-0.145637
-0.145005
-0.144731
-0.144511
-0.144346
-0.144291
-0.144058
-0.143152
-0.141724
-0.140611
-0.140584
-0.141531
-0.142685
-0.143344
-0.143289
-0.14263
-0.141614
-0.140694
-0.140309
-0.140598
-0.141257
-0.141778
-0.141778
-0.141257
-0.14046
-0.139678
-0.139183
-0.13917
-0.139678
-0.140392
-0.140831
-0.140707
-0.140158
-0.13965
-0.139554
-0.13976
-0.139897
-0.139568
-0.138744
-0.137851
-0.137453
-0.137769
-0.138565
-0.139417
-0.140213
-0.140968
-0.141573
-0.141724
-0.141243
-0.14035
-0.139499
-0.138826
-0.138099
-0.137082
-0.136053
-0.135462
-0.135586
-0.136204
-0.136863
-0.137261
-0.137384
-0.137288
-0.137027
-0.136574
-0.13597
-0.135174
-0.134171
-0.133169
-0.132661
-0.133018
-0.13402
-0.134954
-0.135339
-0.135325
-0.135366
-0.135545
-0.135393
-0.134446
-0.132647
-0.13056
-0.128967
-0.128322
-0.128597
-0.129338
-0.130162
-0.130821
-0.131164
-0.131096
-0.130629
-0.129901
-0.129201
-0.128912
-0.129256
-0.129942
-0.130134
-0.128995
-0.126551
-0.123791
-0.122047
-0.121992
-0.123186
-0.124518
-0.125123
-0.124958
-0.124518
-0.124257
-0.12423
-0.124299
-0.124326
-0.124203
-0.123942
-0.123571
-0.123269
-0.123118
-0.123159
-0.123351
-0.123681
-0.124134
-0.124628
-0.124999
-0.12515
-0.12504
-0.124697
-0.124148
-0.123502
-0.123022
-0.122953
-0.12342
-0.124161
-0.124587
-0.124161
-0.122939
-0.121566
-0.120729
-0.120687
-0.12125
-0.121951
-0.122417
-0.122486
-0.12228
-0.122088
-0.12206
-0.122088
-0.122006
-0.1218
-0.12147
-0.120893
-0.119877
-0.118477
-0.11709
-0.11617
-0.115964
-0.116417
-0.117268
-0.118298
-0.119301
-0.120097
-0.120289
-0.119493
-0.117763
-0.115799
-0.114481
-0.114261
-0.114893
-0.115648
-0.115895
-0.115524
-0.114948
-0.114838
-0.115428
-0.116403
-0.117131
-0.117213
-0.116801
-0.116266
-0.115827
-0.115387
-0.114632
-0.113369
-0.111858
-0.110746
-0.110554
-0.111103
-0.111844
-0.112449
-0.113108
-0.114124
-0.115264
-0.11584
-0.115154
-0.113149
-0.110499
-0.108219
-0.107025
-0.106915
-0.107396
-0.108
-0.10848
-0.108824
-0.109057
-0.109071
-0.108741
-0.10811
-0.107478
-0.107299
-0.107959
-0.109606
-0.111913
-0.113945
-0.114508
-0.113094
-0.110485
-0.108192
-0.107272
-0.107684
-0.108755
-0.10984
-0.110458
-0.110128
-0.108659
-0.106627
-0.10502
-0.104306
-0.104169
-0.104073
-0.103908
-0.104045
-0.104773
-0.105899
-0.106901
-0.107217
-0.106585
-0.105253
-0.103812
-0.102947
-0.102947
-0.103455
-0.103743
-0.103427
-0.102782
-0.102384
-0.102452
-0.102645
-0.102452
-0.101697
-0.10064
-0.0997748
-0.0994452
-0.0997748
-0.100681
-0.101821
-0.102713
-0.10296
-0.102452
-0.10134
-0.100077
-0.0992392
-0.0991568
-0.0996237
-0.100022
-0.0999258
-0.0995276
-0.0994452
-0.100132
-0.101436
-0.102603
-0.103002
-0.102521
-0.10156
-0.10053
-0.0995001
-0.0984566
-0.0975228
-0.0969736
-0.0969873
-0.0973581
-0.0977975
-0.0980584
-0.0979622
-0.0974542
-0.0968363
-0.096644
-0.0971933
-0.0981545
-0.0987174
-0.0981682
-0.0967402
-0.0954357
-0.0952297
-0.0961085
-0.0971658
-0.0973993
-0.0966852
-0.0958064
-0.0956417
-0.0964243
-0.0975778
-0.0982781
-0.0979897
-0.0967951
-0.0952984
-0.0940626
-0.0932799
-0.0929366
-0.0930327
-0.0934584
-0.0939939
-0.0943372
-0.0944196
-0.0941862
-0.0934309
-0.0919342
-0.0899432
-0.0882955
-0.0878973
-0.0891056
-0.0913575
-0.0934996
-0.094502
-0.0939802
-0.0923599
-0.0904375
-0.0888996
-0.0881307
-0.0881994
-0.0889134
-0.0900668
-0.0913987
-0.092662
-0.0934447
-0.093376
-0.0922913
-0.0905474
-0.0888447
-0.0879659
-0.0883779
-0.0900943
-0.0923874
-0.0939802
-0.0938841
-0.0923324
-0.0903826
-0.0890507
-0.0886113
-0.088831
-0.0893528
-0.0898196
-0.0898883
-0.0895313
-0.088982
-0.0885152
-0.0882268
-0.0881719
-0.0883367
-0.0885976
-0.0885838
-0.0880071
-0.0868949
-0.0857277
-0.0850549
-0.0852471
-0.0862358
-0.0873892
-0.0879797
-0.0877874
-0.0871421
-0.0866477
-0.086634
-0.0870734
-0.0876776
-0.0881307
-0.088117
-0.0874441
-0.0862221
-0.0849039
-0.0840113
-0.0838466
-0.0842036
-0.0846704
-0.0848627
-0.0846018
-0.0838466
-0.0827755
-0.0819105
-0.0817457
-0.0824734
-0.0837916
-0.0851373
-0.0859612
-0.0860298
-0.0854943
-0.0848078
-0.0843546
-0.0841898
-0.08408
-0.0837093
-0.0829952
-0.0821576
-0.0814024
-0.0807845
-0.0803588
-0.0801391
-0.080043
-0.079892
-0.0796448
-0.07948
-0.0797135
-0.0804275
-0.0811964
-0.0810866
-0.0795899
-0.0772419
-0.0755529
-0.0757864
-0.0778872
-0.0803451
-0.0815535
-0.080963
-0.0793427
-0.0779284
-0.0776126
-0.0785051
-0.0800293
-0.0813612
-0.0818281
-0.0812788
-0.0799606
-0.0784227
-0.0772419
-0.0767063
-0.0766926
-0.0769947
-0.0775165
-0.0781207
-0.0783404
-0.0777362
-0.0763768
-0.0749076
-0.0739876
-0.0739052
-0.074578
-0.0756628
-0.0767887
-0.0777499
-0.0785875
-0.0793015
-0.0794663
-0.0784914
-0.0762807
-0.0737679
-0.0723261
-0.0727243
-0.0744819
-0.0763631
-0.0774066
-0.077489
-0.0770634
-0.0764317
-0.075649
-0.0748801
-0.0745505
-0.0750449
-0.0762669
-0.0775165
-0.0779971
-0.0774341
-0.0761296
-0.0746604
-0.0735894
-0.0731637
-0.0731362
-0.0730127
-0.0725046
-0.0717906
-0.0713786
-0.0716121
-0.0726145
-0.0742622
-0.0759786
-0.076926
-0.0766514
-0.0755117
-0.0743034
-0.0735482
-0.0731362
-0.0726968
-0.072024
-0.0712276
-0.0707333
-0.0708431
-0.0714336
-0.071873
-0.071667
-0.0708431
-0.0699643
-0.0695249
-0.0697172
-0.0703351
-0.0709804
-0.0712413
-0.0709255
-0.0701566
-0.0692366
-0.06855
-0.0683715
-0.0687972
-0.0696622
-0.070541
-0.0708981
-0.0704724
-0.0695661
-0.0688384
-0.0687011
-0.0690443
-0.0693739
-0.0693327
-0.0690581
-0.0689757
-0.0692778
-0.0697309
-0.0699643
-0.0697721
-0.0692503
-0.0686049
-0.0681381
-0.0681106
-0.0685088
-0.0689757
-0.0691679
-0.0691817
-0.0694288
-0.0701428
-0.0711589
-0.0719691
-0.0722162
-0.0718455
-0.0711589
-0.0704861
-0.0700742
-0.0700604
-0.0704175
-0.0709392
-0.0711589
-0.0708019
-0.0700467
-0.0693602
-0.0690855
-0.0691267
-0.0692915
-0.0694014
-0.069264
-0.0687697
-0.0682067
-0.0680832
-0.0686324
-0.0694563
-0.0698545
-0.0694425
-0.0684539
-0.0673554
-0.0666276
-0.0664354
