LECROYHDO9204-MSöv,30454,Waveform
Segments,1,SegmentSize,2002
Ampl
-0.0150945
-0.0151631
-0.01563
-0.016344
-0.0167422
-0.0163166
-0.0151906
-0.0140509
-0.0134879
-0.0135429
-0.01379
-0.0138724
-0.0137488
-0.0135703
-0.0133781
-0.013076
-0.012719
-0.0125817
-0.0128563
-0.0134467
-0.0140234
-0.0143942
-0.0144491
-0.0141333
-0.0135017
-0.0129799
-0.0130348
-0.0137626
-0.0146551
-0.0152318
-0.0154103
-0.0154652
-0.01563
-0.0159184
-0.0161518
-0.016193
-0.0160969
-0.0159595
-0.015781
-0.0155751
-0.015424
-0.0155888
-0.0161106
-0.0166186
-0.0164951
-0.0155201
-0.013996
-0.0124306
-0.0112772
-0.0109065
-0.0114145
-0.0124444
-0.0134467
-0.0140921
-0.0144491
-0.0147649
-0.0150533
-0.0150533
-0.0145178
-0.0134605
-0.0121835
-0.0112223
-0.0110438
-0.0116068
-0.0123208
-0.012513
-0.01195
-0.0109339
-0.00995901
-0.00932738
-0.00909395
-0.00927245
-0.00975305
-0.0102611
-0.0105495
-0.0105495
-0.0106044
-0.0111948
-0.0125817
-0.0145315
-0.0164951
-0.0178407
-0.0181016
-0.0170031
-0.014861
-0.0124993
-0.0108103
-0.0100689
-0.00997274
-0.0101238
-0.0103847
-0.0107554
-0.0110712
-0.011085
-0.0107829
-0.0104121
-0.0103984
-0.0110026
-0.0120736
-0.0129524
-0.0127876
-0.0113596
-0.00929992
-0.00777575
-0.00765217
-0.00892917
-0.0108515
-0.0123757
-0.0128563
-0.0123894
-0.0115106
-0.0107005
-0.0102474
-0.0102611
-0.010673
-0.0112497
-0.0116479
-0.0117166
-0.0115518
-0.0113733
-0.0113459
-0.0113733
-0.0110575
-0.0100689
-0.00857216
-0.00745994
-0.00758352
-0.00895664
-0.0107829
-0.0121972
-0.0128838
-0.0130073
-0.0127053
-0.0119775
-0.0109751
-0.0100139
-0.00950588
-0.00969812
-0.0104533
-0.0113184
-0.0118814
-0.0121423
-0.0122933
-0.0124444
-0.0124581
-0.0122521
-0.0119775
-0.0119088
-0.0120873
-0.0121835
-0.0117715
-0.0107966
-0.00979424
-0.00956081
-0.0103984
-0.0117715
-0.0127602
-0.01287
-0.0123894
-0.0119638
-0.0119088
-0.0120324
-0.0119088
-0.0114008
-0.0108515
-0.0107966
-0.011442
-0.0123757
-0.0128838
-0.0126641
-0.0119775
-0.0113184
-0.0110575
-0.0113184
-0.0120187
-0.0128975
-0.0134742
-0.0133781
-0.0125679
-0.0114145
-0.0104533
-0.0101375
-0.0104671
-0.0111124
-0.0117715
-0.0124718
-0.0133369
-0.0142569
-0.0148748
-0.0149572
-0.0147649
-0.0147375
-0.0149572
-0.0150258
-0.0144354
-0.0131996
-0.0119638
-0.0115793
-0.012362
-0.0137351
-0.0147237
-0.0146963
-0.01379
-0.0125405
-0.0115106
-0.0111399
-0.0117166
-0.0131035
-0.0146551
-0.0156987
-0.0158909
-0.015479
-0.0150533
-0.0150945
-0.0154927
-0.0157536
-0.0156163
-0.0154515
-0.0157948
-0.0165363
-0.0168521
-0.016193
-0.0148199
-0.0135566
-0.012925
-0.0128563
-0.0129661
-0.0129112
-0.0125679
-0.0120599
-0.0116754
-0.0117715
-0.0124718
-0.0135154
-0.0143255
-0.0143942
-0.0135703
-0.0122109
-0.010879
-0.00998648
-0.00956081
-0.00935484
-0.00929992
-0.00956081
-0.0103298
-0.0115106
-0.0126229
-0.0131446
-0.0130073
-0.0126915
-0.0126229
-0.0128426
-0.0130348
-0.01287
-0.0122796
-0.0114694
-0.0107966
-0.0106044
-0.0110987
-0.0121148
-0.0133918
-0.0147787
-0.0161381
-0.0171404
-0.0173052
-0.01655
-0.015273
-0.0140646
-0.0132545
-0.0128288
-0.0126229
-0.0124169
-0.0120873
-0.0117303
-0.0116891
-0.012307
-0.0136252
-0.0153416
-0.0168658
-0.0176897
-0.0176759
-0.0170718
-0.0161243
-0.014861
-0.0134055
-0.0121835
-0.0116068
-0.0117441
-0.0121972
-0.0124993
-0.0124032
-0.012005
-0.0117029
-0.0118814
-0.0126229
-0.0134605
-0.0138449
-0.0136527
-0.0131996
-0.0126778
-0.0120187
-0.0111399
-0.0103435
-0.0102062
-0.0110712
-0.0127327
-0.014353
-0.0149572
-0.0140921
-0.0122109
-0.0103435
-0.00946469
-0.00986289
-0.011236
-0.01287
-0.0141745
-0.0149434
-0.0153828
-0.0156025
-0.0153142
-0.0142981
-0.0129524
-0.0120187
-0.0119088
-0.0123208
-0.0126503
-0.0126091
-0.0122659
-0.0118539
-0.0116479
-0.011799
-0.0123345
-0.0131035
-0.0139411
-0.0147237
-0.0152181
-0.0152455
-0.0147237
-0.0137626
-0.0126778
-0.0118814
-0.0117441
-0.0124581
-0.0137626
-0.0151494
-0.0160145
-0.0160419
-0.0154652
-0.0148473
-0.0146414
-0.0146414
-0.0142843
-0.0133369
-0.0122247
-0.011593
-0.0116479
-0.0119226
-0.0120324
-0.0119912
-0.0121148
-0.012513
-0.0130485
-0.0133369
-0.0131309
-0.0124444
-0.0116479
-0.0111674
-0.0111811
-0.0116342
-0.0124169
-0.0132408
-0.0137076
-0.0135017
-0.012925
-0.012719
-0.0133643
-0.0146551
-0.0158085
-0.0161518
-0.0156025
-0.0145452
-0.0135154
-0.012719
-0.01195
-0.0109889
-0.0100414
-0.00968439
-0.0102886
-0.0115656
-0.0128426
-0.0136527
-0.0139685
-0.0141333
-0.0145727
-0.0155201
-0.0166736
-0.0173876
-0.0170992
-0.0157948
-0.0138724
-0.0120736
-0.0111124
-0.0112909
-0.0123482
-0.0137076
-0.0149022
-0.0158085
-0.0164264
-0.0167971
-0.0168933
-0.01655
-0.0155888
-0.014202
-0.0130623
-0.0128838
-0.013639
-0.0144628
-0.0145452
-0.0137626
-0.0127602
-0.012156
-0.0122384
-0.0129387
-0.0141058
-0.0154927
-0.0166873
-0.0173327
-0.0172915
-0.0166461
-0.01563
-0.0146414
-0.0142157
-0.0148061
-0.016344
-0.017978
-0.0185547
-0.0176897
-0.0160969
-0.0149572
-0.0149434
-0.0158772
-0.0171267
-0.0181153
-0.0185547
-0.0184724
-0.0183076
-0.0187058
-0.0202437
-0.0230586
-0.0268758
-0.0309815
-0.0345241
-0.0370919
-0.0391653
-0.0416231
-0.0450285
-0.0494774
-0.0548051
-0.0609567
-0.0677811
-0.0750723
-0.0828991
-0.091536
-0.101065
-0.110966
-0.120605
-0.129626
-0.138222
-0.146859
-0.155963
-0.165781
-0.17634
-0.187421
-0.198529
-0.209048
-0.218536
-0.227145
-0.235425
-0.243815
-0.252411
-0.261116
-0.26963
-0.277594
-0.284761
-0.29127
-0.297545
-0.303875
-0.310178
-0.316027
-0.320971
-0.324651
-0.327081
-0.328797
-0.330514
-0.332422
-0.33407
-0.334921
-0.334935
-0.334331
-0.333164
-0.331351
-0.329196
-0.327259
-0.325818
-0.324486
-0.322591
-0.319721
-0.316
-0.311949
-0.308104
-0.304727
-0.301706
-0.298753
-0.295664
-0.292437
-0.289183
-0.285846
-0.282358
-0.278788
-0.275493
-0.272966
-0.271497
-0.270769
-0.269959
-0.268394
-0.266046
-0.263547
-0.261569
-0.260155
-0.25896
-0.257725
-0.256722
-0.256475
-0.257313
-0.25896
-0.260773
-0.262023
-0.262338
-0.261885
-0.261171
-0.260773
-0.261006
-0.261968
-0.26367
-0.265936
-0.268325
-0.270357
-0.271579
-0.271936
-0.271772
-0.271799
-0.272719
-0.274765
-0.277553
-0.280258
-0.282001
-0.282523
-0.282372
-0.282592
-0.283759
-0.28553
-0.286903
-0.287192
-0.286656
-0.286231
-0.286725
-0.288126
-0.289609
-0.290213
-0.289581
-0.288112
-0.286725
-0.286135
-0.286519
-0.287412
-0.288071
-0.288057
-0.287576
-0.287233
-0.28737
-0.287686
-0.287686
-0.287302
-0.286917
-0.286945
-0.287384
-0.287796
-0.28759
-0.286437
-0.28472
-0.283278
-0.282812
-0.283141
-0.283539
-0.283471
-0.283072
-0.282853
-0.283004
-0.283127
-0.282647
-0.28137
-0.279612
-0.277964
-0.276852
-0.276289
-0.276015
-0.275754
-0.275342
-0.274642
-0.273763
-0.273007
-0.272747
-0.27298
-0.273296
-0.273104
-0.272252
-0.271291
-0.271113
-0.272266
-0.274394
-0.27644
-0.277401
-0.276921
-0.275534
-0.274051
-0.273186
-0.273172
-0.273776
-0.274367
-0.274463
-0.27401
-0.27357
-0.273735
-0.2746
-0.275644
-0.276234
-0.276056
-0.275287
-0.274381
-0.273749
-0.273516
-0.273639
-0.274092
-0.27493
-0.276001
-0.276976
-0.27747
-0.277319
-0.27666
-0.275795
-0.275067
-0.274779
-0.275053
-0.275658
-0.276179
-0.276221
-0.275548
-0.274175
-0.272472
-0.270948
-0.270069
-0.269781
-0.26963
-0.269163
-0.268284
-0.267378
-0.266952
-0.267323
-0.268394
-0.269767
-0.270934
-0.271497
-0.27125
-0.270165
-0.268421
-0.266444
-0.264824
-0.264
-0.264096
-0.264741
-0.265291
-0.265181
-0.264412
-0.263423
-0.262833
-0.262956
-0.263711
-0.264673
-0.265222
-0.26503
-0.264165
-0.263176
-0.262599
-0.262627
-0.263025
-0.263519
-0.263808
-0.263766
-0.263382
-0.262572
-0.261267
-0.25951
-0.257793
-0.256915
-0.257381
-0.258988
-0.260759
-0.261638
-0.26113
-0.259537
-0.257697
-0.25631
-0.255692
-0.255734
-0.256159
-0.256667
-0.257024
-0.257011
-0.256461
-0.255541
-0.254718
-0.254457
-0.2548
-0.255294
-0.255308
-0.254608
-0.253537
-0.25263
-0.252054
-0.251628
-0.251244
-0.251065
-0.25123
-0.251573
-0.251738
-0.251614
-0.251271
-0.250818
-0.250337
-0.249857
-0.249335
-0.248539
-0.247207
-0.245476
-0.244021
-0.243774
-0.244996
-0.246891
-0.248127
-0.248044
-0.246932
-0.245518
-0.244433
-0.244048
-0.244364
-0.245078
-0.245779
-0.246259
-0.246465
-0.246369
-0.245861
-0.244913
-0.24365
-0.242442
-0.241645
-0.241302
-0.241069
-0.240465
-0.23949
-0.238831
-0.239256
-0.240822
-0.242648
-0.243664
-0.243472
-0.242428
-0.241
-0.239407
-0.237801
-0.236414
-0.235617
-0.235549
-0.236112
-0.236991
-0.237746
-0.237965
-0.237403
-0.236084
-0.23434
-0.232734
-0.231937
-0.232281
-0.233503
-0.234917
-0.235837
-0.236016
-0.235563
-0.234876
-0.234368
-0.234395
-0.234849
-0.235027
-0.234066
-0.2318
-0.229095
-0.227241
-0.226871
-0.227598
-0.228656
-0.229603
-0.230413
-0.23099
-0.231072
-0.230564
-0.229699
-0.228944
-0.228463
-0.228203
-0.227983
-0.22764
-0.227104
-0.2265
-0.226102
-0.226143
-0.226637
-0.227186
-0.227296
-0.226678
-0.225552
-0.224536
-0.223946
-0.223754
-0.223822
-0.224221
-0.224825
-0.225182
-0.224674
-0.223314
-0.221831
-0.221062
-0.221159
-0.221529
-0.221433
-0.220705
-0.219758
-0.219167
-0.219195
-0.219552
-0.219676
-0.219154
-0.21822
-0.21741
-0.217122
-0.217231
-0.217245
-0.216682
-0.215488
-0.214046
-0.21292
-0.212508
-0.212851
-0.213565
-0.214142
-0.214224
-0.213895
-0.213606
-0.213785
-0.214362
-0.214691
-0.214307
-0.2134
-0.21259
-0.212288
-0.212494
-0.212892
-0.213112
-0.212892
-0.212123
-0.211025
-0.210036
-0.209528
-0.209501
-0.209611
-0.20946
-0.208979
-0.208443
-0.208004
-0.207386
-0.206343
-0.20512
-0.20442
-0.204722
-0.205697
-0.206425
-0.206233
-0.20512
-0.203665
-0.202402
-0.201674
-0.201646
-0.202347
-0.203418
-0.204228
-0.204297
-0.203541
-0.202264
-0.200836
-0.199532
-0.198598
-0.198337
-0.198763
-0.199546
-0.199985
-0.199655
-0.198681
-0.197706
-0.197472
-0.198337
-0.199903
-0.201221
-0.201372
-0.200109
-0.19798
-0.195989
-0.194891
-0.194822
-0.195179
-0.195207
-0.194602
-0.193669
-0.192955
-0.192653
-0.192584
-0.192502
-0.192392
-0.192405
-0.192611
-0.1929
-0.193202
-0.1936
-0.194177
-0.194877
-0.195179
-0.194465
-0.192543
-0.190071
-0.188149
-0.187531
-0.188135
-0.189371
-0.190497
-0.191087
-0.191032
-0.190456
-0.1897
-0.189137
-0.188959
-0.189028
-0.189
-0.188574
-0.187737
-0.186707
-0.185746
-0.185059
-0.184785
-0.184853
-0.185032
-0.184963
-0.184551
-0.184139
-0.184084
-0.184469
-0.184977
-0.185155
-0.184743
-0.183659
-0.182134
-0.180679
-0.179883
-0.18002
-0.18083
-0.181723
-0.182121
-0.181928
-0.18153
-0.181324
-0.181324
-0.181283
-0.181063
-0.180651
-0.180281
-0.180185
-0.180487
-0.180885
-0.180899
-0.180377
-0.179745
-0.179457
-0.17932
-0.178619
-0.176917
-0.174637
-0.172742
-0.171836
-0.171822
-0.172275
-0.172797
-0.173278
-0.17369
-0.173896
-0.173758
-0.173346
-0.172921
-0.172866
-0.173319
-0.174006
-0.174431
-0.17417
-0.173346
-0.172578
-0.172372
-0.172674
-0.172825
-0.172234
-0.171053
-0.169955
-0.169502
-0.169667
-0.170065
-0.170435
-0.17071
-0.170765
-0.170504
-0.169831
-0.16876
-0.167387
-0.166055
-0.165314
-0.165355
-0.165822
-0.166193
-0.16644
-0.166673
-0.166769
-0.166385
-0.165547
-0.164751
-0.16449
-0.16497
-0.166014
-0.167195
-0.167909
-0.167676
-0.166604
-0.1653
-0.164476
-0.164572
-0.165533
-0.166756
-0.167401
-0.166907
-0.165396
-0.163501
-0.161991
-0.161332
-0.16151
-0.162224
-0.163021
-0.16357
-0.163721
-0.163515
-0.163034
-0.162403
-0.161648
-0.160728
-0.159629
-0.158558
-0.157885
-0.157789
-0.158091
-0.158434
-0.158682
-0.158956
-0.159245
-0.159258
-0.158709
-0.157844
-0.157377
-0.157899
-0.158997
-0.159629
-0.159162
-0.157968
-0.156897
-0.156416
-0.156292
-0.156004
-0.155345
-0.154425
-0.153505
-0.152777
-0.15242
-0.152544
-0.152997
-0.153203
-0.152681
-0.151555
-0.150525
-0.150264
-0.150869
-0.15183
-0.152503
-0.152461
-0.151624
-0.150113
-0.148301
-0.146859
-0.146406
-0.146969
-0.14804
-0.148905
-0.149056
-0.148411
-0.147353
-0.146461
-0.146118
-0.146227
-0.146255
-0.145829
-0.145198
-0.144937
-0.145307
-0.145898
-0.146172
-0.146076
-0.14587
-0.145857
-0.146131
-0.146529
-0.146818
-0.146886
-0.146818
-0.14679
-0.146804
-0.146667
-0.146227
-0.145596
-0.144923
-0.144332
-0.143893
-0.143742
-0.143907
-0.144181
-0.14425
-0.143824
-0.142781
-0.141312
-0.139925
-0.13917
-0.139224
-0.139801
-0.140556
-0.141119
-0.141243
-0.140996
-0.140776
-0.141078
-0.141833
-0.1423
-0.141655
-0.139829
-0.137536
-0.135709
-0.134789
-0.13457
-0.134487
-0.134075
-0.133348
-0.132771
-0.132867
-0.133773
-0.135119
-0.136259
-0.136519
-0.135723
-0.134336
-0.133142
-0.132606
-0.132675
-0.132991
-0.133087
-0.132702
-0.131851
-0.130903
-0.130217
-0.129887
-0.129681
-0.129599
-0.129874
-0.130615
-0.131466
-0.131947
-0.131919
-0.1317
-0.131686
-0.131974
-0.132359
-0.132469
-0.13218
-0.131727
-0.131425
-0.131288
-0.131041
-0.130478
-0.129819
-0.129571
-0.130038
-0.130862
-0.131219
-0.130505
-0.128816
-0.12688
-0.125589
-0.125466
-0.126454
-0.128061
-0.129613
-0.130382
-0.129874
-0.128198
-0.126194
-0.12482
-0.124395
-0.124395
-0.124175
-0.123736
-0.123557
-0.123804
-0.12423
-0.124354
-0.124024
-0.12331
-0.122376
-0.121415
-0.12066
-0.120413
-0.120715
-0.12114
-0.121278
-0.121017
-0.120646
-0.120536
-0.120907
-0.121594
-0.122239
-0.1225
-0.122253
-0.121649
-0.121058
-0.120811
-0.120825
-0.120632
-0.119905
-0.118889
-0.118326
-0.118738
-0.119905
-0.120976
-0.121182
-0.120399
-0.119177
-0.118065
-0.117227
-0.116568
-0.116087
-0.115978
-0.116307
-0.116829
-0.117268
-0.117543
-0.117859
-0.118326
-0.11893
-0.11941
-0.119506
-0.119204
-0.11893
-0.119095
-0.119767
-0.120468
-0.120495
-0.119603
-0.118175
-0.117035
-0.116678
-0.117049
-0.117804
-0.118751
-0.119877
-0.120935
-0.12147
-0.121237
-0.12033
-0.119122
-0.117859
-0.116664
-0.115689
-0.115195
-0.115305
-0.115895
-0.116499
-0.116747
-0.116527
-0.116005
-0.115401
-0.11503
-0.115085
-0.115524
-0.115964
-0.115785
-0.114591
-0.112696
-0.110773
-0.109277
-0.108274
-0.107711
-0.107684
-0.108192
-0.108906
-0.109414
-0.109469
-0.109181
-0.108824
-0.108508
-0.108055
-0.107286
-0.106283
-0.105487
-0.105391
-0.106187
-0.107629
-0.109126
-0.109922
-0.109551
-0.108123
-0.106283
-0.104636
-0.103496
-0.10307
-0.103551
-0.104883
-0.106585
-0.107917
-0.108329
-0.107698
-0.106407
-0.104883
-0.10351
-0.102411
-0.101574
-0.101093
-0.101299
-0.10237
-0.103963
-0.105308
-0.105775
-0.105308
-0.104237
-0.10307
-0.102329
-0.102329
-0.103057
-0.104045
-0.104677
-0.104526
-0.103619
-0.102205
-0.100667
-0.0995001
-0.0993079
-0.100393
-0.102384
-0.104128
-0.104457
-0.103057
-0.100722
-0.0986763
-0.0976464
-0.097564
-0.0980446
-0.0988136
-0.0996649
-0.100228
-0.100393
-0.100379
-0.100489
-0.100722
-0.10075
-0.100393
-0.0997198
-0.0989234
-0.0982094
-0.097921
-0.0983604
-0.09961
-0.10112
-0.102095
-0.101999
-0.100901
-0.0994864
-0.0983879
-0.0977975
-0.0972757
-0.096342
-0.0949414
-0.0935683
-0.0928405
-0.0931563
-0.0943647
-0.0959437
-0.0971933
-0.0976601
-0.0972345
-0.0962596
-0.0953808
-0.0951611
-0.0956691
-0.0963694
-0.0965205
-0.0959575
-0.0950924
-0.0944333
-0.0941587
-0.0940626
-0.0937605
-0.0929915
-0.0917969
-0.0905886
-0.0898059
-0.0895862
-0.0898059
-0.090314
-0.0911378
-0.0921402
-0.093019
-0.0934721
-0.0935957
-0.0937468
-0.09409
-0.0943784
-0.09409
-0.0928817
-0.0910966
-0.089545
-0.0889408
-0.0892292
-0.0898059
-0.0902178
-0.0904513
-0.0905886
-0.0903552
-0.0895175
-0.0883641
-0.087554
-0.0874029
-0.087554
-0.0874029
-0.086785
-0.0858788
-0.0850412
-0.0845606
-0.0845743
-0.085
-0.0856042
-0.086071
-0.0863182
-0.0865104
-0.0868537
-0.0872519
-0.0872519
-0.0865379
-0.0852883
-0.0839839
-0.0829403
-0.0821988
-0.0816633
-0.08132
-0.0812926
-0.0815947
-0.0821439
-0.0826382
-0.0827755
-0.0823773
-0.0817732
-0.0815535
-0.0821164
-0.0833797
-0.0848489
-0.0858788
-0.0858376
-0.0846018
-0.0827481
-0.0812239
-0.0806747
-0.0811141
-0.0820478
-0.0830227
-0.0837504
-0.08408
-0.08408
-0.0840525
-0.0843409
-0.0851785
-0.0864418
-0.0875677
-0.08776
-0.0866889
-0.0849176
-0.0834896
-0.0830502
-0.0835033
-0.0843821
-0.0853433
-0.0861122
-0.0863456
-0.0857277
-0.0844233
-0.0830914
-0.0823224
-0.08224
-0.0824597
-0.0826108
-0.0827069
-0.0830364
-0.083874
-0.0850961
-0.0861946
-0.086483
-0.0856042
-0.0837916
-0.0817457
-0.0801803
-0.0795212
-0.0796997
-0.0802627
-0.0806884
-0.0806197
-0.0798645
-0.0783953
-0.0767201
-0.0758413
-0.0764317
-0.0781069
-0.0796723
-0.0801117
-0.0793977
-0.078258
-0.0775028
-0.077338
-0.0775302
-0.0777499
-0.0778872
-0.0779833
-0.0781344
-0.0785051
-0.0791368
-0.0797547
-0.0797959
-0.0788347
-0.0772281
-0.0757726
-0.0750586
-0.0750586
-0.075347
-0.0755941
-0.0756216
-0.0755117
-0.0754843
-0.0757452
-0.0762395
-0.0767887
-0.0772281
-0.0776813
-0.0781619
-0.0784365
-0.0781207
-0.0772831
-0.0764592
-0.0761846
-0.0765416
-0.0771457
-0.0775851
-0.0777225
-0.0777225
-0.077695
-0.0775439
-0.0772281
-0.0769398
-0.0769947
-0.0775439
-0.0783404
-0.0789171
-0.0789171
-0.0783129
-0.0773517
-0.0764455
-0.0759511
-0.0761022
-0.076775
-0.0774341
-0.0774341
-0.0763905
-0.0744819
-0.0725595
-0.0716533
-0.0721888
-0.0737679
-0.0754293
-0.0762807
-0.0760061
-0.0750449
-0.0742347
-0.0740974
-0.0745643
-0.0750586
-0.0751547
-0.0748526
-0.0744819
-0.0743171
-0.0743308
-0.0742073
-0.073658
-0.0727655
-0.0719416
-0.0716395
-0.0720377
-0.0729165
-0.0738228
-0.0743034
-0.0740837
-0.0731088
-0.0717631
-0.0707607
-0.0706372
-0.0712688
-0.0719554
-0.0720515
-0.0715297
-0.0709118
-0.0707882
-0.0712688
-0.0718318
-0.071873
-0.0712963
-0.0705548
-0.0700742
-0.0698819
-0.0698682
-0.0699094
-0.0699094
-0.0698133
-0.069676
-0.0696485
-0.0696897
-0.0695799
-0.0692091
-0.0687972
-0.0687148
-0.0691542
-0.0699918
-0.0708019
-0.0710491
-0.0703625
-0.0688109
-0.0669847
-0.0656939
-0.0655429
-0.0665727
-0.0680969
-0.0690993
-0.068907
-0.0676987
-0.0663118
-0.0655703
-0.0656527
-0.0662157
-0.066765
-0.0670121
-0.0668473
-0.0663942
-0.0660235
-0.0660921
-0.0666139
-0.0673005
-0.0677948
-0.0677811
-0.0673417
-0.0669435
-0.067122
-0.0678223
-0.0683578
-0.0680694
-0.066916
-0.0654605
-0.0643071
-0.0636342
-0.0632086
-0.0627829
-0.0624259
-0.0624671
-0.0631537
-0.0642659
-0.065282
-0.0658312
-0.0659274
-0.0656802
-0.0652545
-0.0647739
-0.0643895
-0.0641286
-0.0638539
-0.0635107
-0.0631674
-0.0628516
-0.0624808
-0.0620964
-0.0619179
-0.0620552
-0.0623435
-0.062522
-0.0624534
-0.0621238
-0.0614373
-0.0604349
-0.0593227
-0.0585674
-0.0585674
-0.0594188
-0.0607507
-0.0617805
-0.061959
-0.0614098
-0.0606546
-0.0601328
-0.0599543
-0.0602701
-0.0611901
-0.0624259
-0.0631537
-0.0627555
-0.0613549
-0.0597483
-0.0586224
-0.058334
-0.0588146
-0.0596659
-0.0602015
-0.0599131
-0.0588695
-0.0577161
-0.0570845
-0.0572767
-0.0580868
-0.0589931
-0.059405
-0.0591716
-0.0585537
-0.0580319
-0.0577985
-0.0577298
-0.05762
-0.0573866
-0.0571119
-0.0571806
-0.0577298
-0.0584301
-0.0585949
-0.0580045
-0.0572492
-0.0570158
-0.0574827
-0.0584851
-0.0598719
-0.0614235
-0.0624808
-0.062371
-0.0611901
-0.0598719
-0.0591304
-0.0589382
-0.0589107
-0.0589107
-0.0589794
-0.059048
-0.0589244
-0.0585262
-0.0580182
-0.0576337
-0.0574003
-0.0570845
-0.0565764
-0.0560684
-0.0558899
-0.0559722
-0.055931
-0.055574
-0.0552582
-0.0553406
-0.05578
-0.0562057
-0.0564391
-0.0564803
-0.0563704
-0.0560684
-0.0556702
-0.0554505
-0.0555603
-0.0558075
-0.0559722
-0.0560134
-0.0560958
-0.0563567
-0.0567824
-0.0571943
-0.0573866
-0.0572081
-0.0565901
-0.0556427
-0.0546266
-0.0539812
-0.0540773
-0.0547776
-0.0553955
-0.0554505
-0.0550248
-0.0546678
-0.0547639
-0.0553131
-0.0559997
-0.0564803
-0.0566039
-0.056494
-0.0562194
-0.0555878
-0.0544069
-0.0530338
-0.0522648
-0.0525257
-0.0533496
-0.0539812
-0.053995
-0.0536379
-0.0532672
-0.0531436
-0.0532947
-0.0535144
-0.0536929
-0.053995
-0.0545854
-0.0552857
-0.0556015
-0.0552033
-0.0543657
-0.0537066
-0.0536654
-0.0542558
-0.0551346
-0.0557525
-0.0555878
-0.0545579
-0.053075
-0.0518529
-0.0514409
-0.0519902
-0.0530887
-0.05394
-0.0539263
-0.0531299
-0.0522648
-0.0521
-0.0528553
-0.0541735
-0.055423
-0.0561919
-0.0564803
-0.0566176
-0.0567687
-0.0566451
-0.0558761
-0.054709
-0.0540361
-0.0545717
-0.0560821
-0.0575376
-0.0579495
-0.0570707
-0.0553406
-0.0536517
-0.0528141
-0.0530887
-0.0540773
-0.0550111
-0.0552857
-0.0548188
-0.0538851
-0.0528415
-0.0518117
-0.0507544
-0.0498069
-0.0494774
-0.050109
-0.0513998
-0.052512
-0.0530063
-0.0531162
-0.0533908
-0.0538439
-0.0541185
-0.0539263
-0.053226
-0.0521
-0.0507819
-0.0497246
-0.0493401
-0.049601
-0.0501502
-0.0506857
-0.0512213
-0.0519627
-0.0529239
-0.0538302
-0.0541323
-0.0534182
-0.0519765
-0.0505484
-0.0498069
-0.0497657
-0.0500678
-0.0503287
-0.050315
-0.0500678
-0.049752
-0.0496284
-0.0498481
-0.0504386
-0.0514135
-0.0527042
-0.0539675
-0.0545991
-0.0542147
-0.0530612
-0.051798
-0.0509192
-0.050521
-0.0504111
-0.0502326
-0.0497932
-0.049244
-0.0489693
-0.0492302
-0.0499031
-0.0506995
-0.0514821
-0.0522786
-0.0531436
-0.0540911
-0.0549973
-0.0554779
-0.0550111
-0.0534457
-0.0513448
-0.0497246
-0.0492714
-0.0497657
-0.0503836
-0.0504248
-0.0496696
-0.0482965
-0.04669
-0.0453855
-0.0450697
-0.0463741
-0.0491341
-0.052306
-0.0544343
-0.0547502
-0.0535418
-0.0517705
-0.0502875
-0.0496147
-0.0498756
-0.0506857
-0.051386
-0.0513586
-0.0505347
-0.0493538
-0.0484887
-0.048324
-0.048681
-0.048832
-0.0482416
-0.0472667
