LECROYHDO9204-MSöv,30454,Waveform
Segments,1,SegmentSize,2002
Ampl
-0.0124856
-0.0116754
-0.0110575
-0.0108378
-0.0109889
-0.0114008
-0.0120187
-0.0128151
-0.0136527
-0.0144354
-0.0151357
-0.0157124
-0.0158634
-0.0153828
-0.0145727
-0.0140509
-0.0141608
-0.0146276
-0.014861
-0.0144217
-0.013433
-0.0125267
-0.0124169
-0.0131721
-0.0141608
-0.0146139
-0.0142981
-0.0134467
-0.0124169
-0.0114283
-0.0105906
-0.0100551
-0.0100689
-0.0107966
-0.0121972
-0.0138175
-0.015067
-0.0156712
-0.0157398
-0.0154515
-0.014916
-0.0142981
-0.0139685
-0.0143255
-0.0152593
-0.0162204
-0.0166461
-0.0162891
-0.0153554
-0.0142157
-0.0132682
-0.0128838
-0.0132957
-0.0142843
-0.0152318
-0.0154103
-0.0145315
-0.0131309
-0.0122521
-0.0124169
-0.0131721
-0.0135291
-0.0130623
-0.0122247
-0.0116342
-0.0115381
-0.0117853
-0.0122247
-0.012719
-0.0131172
-0.0134055
-0.0136802
-0.0138861
-0.0138312
-0.0135017
-0.0129936
-0.0124993
-0.0120873
-0.0118951
-0.0121148
-0.0127739
-0.0136802
-0.0145315
-0.0151631
-0.0153416
-0.0149572
-0.0140921
-0.0132133
-0.0128014
-0.0130485
-0.0137626
-0.0143667
-0.0141608
-0.012925
-0.0113871
-0.0107417
-0.0115656
-0.0134193
-0.0151906
-0.0159733
-0.015424
-0.0138999
-0.0121697
-0.0109614
-0.0106044
-0.0109751
-0.0117441
-0.0126366
-0.0133506
-0.0136939
-0.0136527
-0.0133094
-0.0127464
-0.0121011
-0.0115381
-0.0112086
-0.0111536
-0.0112223
-0.0113733
-0.0116754
-0.0121011
-0.0124856
-0.0126503
-0.0126778
-0.0127602
-0.0131584
-0.013996
-0.0151906
-0.0162616
-0.0165088
-0.0157398
-0.0144766
-0.0136115
-0.0135154
-0.0138587
-0.0140234
-0.0138999
-0.0139685
-0.0146963
-0.0157948
-0.0164676
-0.0162891
-0.0156575
-0.0152318
-0.015273
-0.0156575
-0.0161655
-0.0166598
-0.0168933
-0.0167422
-0.0162616
-0.0156712
-0.0149572
-0.0140784
-0.0133506
-0.0133643
-0.0143393
-0.0157536
-0.0167148
-0.0167422
-0.0160557
-0.0152455
-0.01471
-0.0143942
-0.0138999
-0.013076
-0.0123894
-0.0125405
-0.0137351
-0.0152593
-0.0161792
-0.0160969
-0.0153554
-0.0146551
-0.014504
-0.0147649
-0.014916
-0.0144903
-0.0135291
-0.0125542
-0.0121148
-0.0123757
-0.0132133
-0.014147
-0.0144903
-0.0138999
-0.0127739
-0.0121285
-0.0126915
-0.0142569
-0.0159733
-0.0168933
-0.0165912
-0.0153691
-0.0140646
-0.0134055
-0.0134742
-0.0138449
-0.0141196
-0.0142431
-0.0142706
-0.0141196
-0.0138312
-0.0136115
-0.0136664
-0.0138861
-0.0140372
-0.0139823
-0.0138724
-0.0139548
-0.0142569
-0.0145315
-0.0143805
-0.0136802
-0.0128563
-0.0124993
-0.0128563
-0.0135291
-0.0139136
-0.0136252
-0.0126503
-0.0112497
-0.00997274
-0.00939603
-0.00978051
-0.0107142
-0.0115793
-0.0119638
-0.0118539
-0.0115381
-0.0114283
-0.0117853
-0.0125542
-0.013433
-0.0140234
-0.0140921
-0.0137076
-0.0131035
-0.0126229
-0.0124993
-0.0126091
-0.0126091
-0.0122109
-0.0116068
-0.0112772
-0.0116068
-0.0125542
-0.0137214
-0.0145315
-0.0145727
-0.0138175
-0.0125679
-0.0112772
-0.0102199
-0.009602
-0.0096432
-0.0104671
-0.012005
-0.0139136
-0.0155201
-0.0161792
-0.0157948
-0.0149022
-0.0141196
-0.0136115
-0.0132545
-0.0131309
-0.0134193
-0.0139411
-0.014147
-0.0136664
-0.0127739
-0.0120324
-0.0117715
-0.012005
-0.0126091
-0.0133643
-0.0139411
-0.0140784
-0.0137351
-0.0131309
-0.0124718
-0.0119088
-0.011593
-0.0118951
-0.0130897
-0.0150396
-0.0168246
-0.0174288
-0.0166049
-0.0151769
-0.0142294
-0.0140921
-0.0142706
-0.0141745
-0.0136939
-0.0132133
-0.0130897
-0.0134055
-0.0139685
-0.0144217
-0.014504
-0.0142294
-0.0137351
-0.0130623
-0.0121972
-0.0113596
-0.0108515
-0.0109202
-0.0116617
-0.0129524
-0.0145452
-0.0160557
-0.0170718
-0.0173876
-0.0169482
-0.0159184
-0.01471
-0.0139273
-0.0140921
-0.0151906
-0.01655
-0.0173464
-0.0172228
-0.0165225
-0.0160145
-0.0162616
-0.017113
-0.0179506
-0.0182252
-0.0179231
-0.0172915
-0.0167422
-0.01655
-0.0168521
-0.0173739
-0.0176348
-0.0173189
-0.0165912
-0.0159595
-0.0157948
-0.0161106
-0.0165637
-0.016756
-0.0164539
-0.0159184
-0.0157261
-0.0160831
-0.0166049
-0.0167422
-0.0163577
-0.0157124
-0.0150396
-0.0143667
-0.0138999
-0.0139548
-0.0146414
-0.0155339
-0.0160831
-0.0159733
-0.0153279
-0.0146414
-0.0145452
-0.0152318
-0.0161792
-0.0164951
-0.0158772
-0.0149297
-0.0146002
-0.0151906
-0.0161243
-0.0164813
-0.0157261
-0.014147
-0.012513
-0.0115244
-0.0115793
-0.0127602
-0.0148748
-0.0173876
-0.0195846
-0.0209302
-0.0213559
-0.0210813
-0.0203398
-0.0193237
-0.0182527
-0.0171679
-0.0158634
-0.0143118
-0.012925
-0.0123482
-0.0127327
-0.0134879
-0.0139273
-0.0138724
-0.0136252
-0.0136252
-0.0141608
-0.0152318
-0.0166324
-0.0179368
-0.0188431
-0.01931
-0.0195022
-0.0195571
-0.0194198
-0.0189255
-0.0179918
-0.0168795
-0.0162616
-0.016701
-0.017978
-0.0190903
-0.0191864
-0.0183762
-0.0176073
-0.0178407
-0.0193786
-0.0214932
-0.0230448
-0.0231684
-0.0218914
-0.0200102
-0.0185959
-0.0182938
-0.0190079
-0.0200102
-0.0204496
-0.0200514
-0.0190903
-0.0179643
-0.0169619
-0.0164539
-0.0169894
-0.0186783
-0.0207792
-0.0220425
-0.0217404
-0.0200789
-0.0180055
-0.0165774
-0.0165088
-0.0177034
-0.0193237
-0.0204085
-0.0206693
-0.0206144
-0.020889
-0.0218914
-0.0237863
-0.0265463
-0.029883
-0.0334119
-0.0368859
-0.0405384
-0.0446028
-0.0490929
-0.0540636
-0.0599955
-0.0676438
-0.0771183
-0.0876776
-0.0981957
-0.108055
-0.117406
-0.126908
-0.137151
-0.148438
-0.160782
-0.173951
-0.187599
-0.201386
-0.214938
-0.227969
-0.240341
-0.252109
-0.263602
-0.275232
-0.287206
-0.299619
-0.312416
-0.325365
-0.337778
-0.348817
-0.35788
-0.365034
-0.371076
-0.376966
-0.383434
-0.390423
-0.397234
-0.403056
-0.407587
-0.411198
-0.414315
-0.416965
-0.418819
-0.41967
-0.419684
-0.419286
-0.418764
-0.418023
-0.416732
-0.41459
-0.411487
-0.407518
-0.402918
-0.398016
-0.393169
-0.388638
-0.384628
-0.381086
-0.377763
-0.374289
-0.370334
-0.365981
-0.361642
-0.357784
-0.354571
-0.351728
-0.348749
-0.345151
-0.340771
-0.335992
-0.331557
-0.328262
-0.326449
-0.3259
-0.326079
-0.326532
-0.326916
-0.327026
-0.326738
-0.325982
-0.32487
-0.323648
-0.322728
-0.322426
-0.322728
-0.323428
-0.324307
-0.3252
-0.326051
-0.326806
-0.327479
-0.328166
-0.328962
-0.330116
-0.331887
-0.334386
-0.337379
-0.340249
-0.342377
-0.343558
-0.344121
-0.344643
-0.345508
-0.346826
-0.348405
-0.350081
-0.351797
-0.353404
-0.354502
-0.354736
-0.354214
-0.353527
-0.353294
-0.353747
-0.354708
-0.355834
-0.356836
-0.357537
-0.357866
-0.357715
-0.356987
-0.355752
-0.354543
-0.354076
-0.354653
-0.355916
-0.357207
-0.358045
-0.358292
-0.35799
-0.357221
-0.35615
-0.35501
-0.354076
-0.353568
-0.353404
-0.353321
-0.353184
-0.353115
-0.353266
-0.353459
-0.353321
-0.352827
-0.352401
-0.352278
-0.352127
-0.351344
-0.349834
-0.348145
-0.347005
-0.346785
-0.347348
-0.348254
-0.348996
-0.349216
-0.348845
-0.348076
-0.347211
-0.346511
-0.34614
-0.346085
-0.346099
-0.345838
-0.345302
-0.344753
-0.344547
-0.344616
-0.344671
-0.344574
-0.344492
-0.344698
-0.345234
-0.345893
-0.346442
-0.346868
-0.347128
-0.347115
-0.346662
-0.345934
-0.345343
-0.345234
-0.345687
-0.346373
-0.346717
-0.346305
-0.345124
-0.343737
-0.342872
-0.342872
-0.343311
-0.34338
-0.342652
-0.341471
-0.34062
-0.34062
-0.341293
-0.341924
-0.342062
-0.341897
-0.342007
-0.342515
-0.342858
-0.342474
-0.34143
-0.34029
-0.339672
-0.339755
-0.340194
-0.340483
-0.340235
-0.339549
-0.338766
-0.338217
-0.337929
-0.337626
-0.337105
-0.336377
-0.335869
-0.336006
-0.336926
-0.338148
-0.339027
-0.339109
-0.338437
-0.337407
-0.336501
-0.336089
-0.336157
-0.336281
-0.335896
-0.334702
-0.332889
-0.331077
-0.32991
-0.329676
-0.330143
-0.330596
-0.330376
-0.329498
-0.32855
-0.328125
-0.328358
-0.329017
-0.329759
-0.330129
-0.3298
-0.328907
-0.328015
-0.327452
-0.327108
-0.326751
-0.326463
-0.32649
-0.326738
-0.326793
-0.326449
-0.325969
-0.325831
-0.326202
-0.326724
-0.32682
-0.326175
-0.32487
-0.323181
-0.321369
-0.319666
-0.318403
-0.317757
-0.317551
-0.317469
-0.3174
-0.317551
-0.318046
-0.31865
-0.318883
-0.318307
-0.316865
-0.31497
-0.313336
-0.31254
-0.312595
-0.313048
-0.313309
-0.313116
-0.312485
-0.311633
-0.310796
-0.310164
-0.309738
-0.309409
-0.309011
-0.308571
-0.308214
-0.308159
-0.30853
-0.309121
-0.309464
-0.309189
-0.308544
-0.307995
-0.307651
-0.307143
-0.306141
-0.304795
-0.303532
-0.302859
-0.303093
-0.304301
-0.305949
-0.307171
-0.307294
-0.306347
-0.30485
-0.303381
-0.302118
-0.301019
-0.30014
-0.299742
-0.299976
-0.300497
-0.300635
-0.300154
-0.299605
-0.29966
-0.300305
-0.300841
-0.300607
-0.299632
-0.298424
-0.297504
-0.297119
-0.297078
-0.297065
-0.296845
-0.296447
-0.296035
-0.295705
-0.295458
-0.295266
-0.295074
-0.294758
-0.294167
-0.293261
-0.292368
-0.291847
-0.291819
-0.292025
-0.292094
-0.291915
-0.2916
-0.291339
-0.291091
-0.290776
-0.290377
-0.290034
-0.289842
-0.289663
-0.289114
-0.287961
-0.286286
-0.284473
-0.283114
-0.282702
-0.283361
-0.284597
-0.285544
-0.285654
-0.285105
-0.284542
-0.284336
-0.284336
-0.284061
-0.283237
-0.281905
-0.280409
-0.279008
-0.2778
-0.276921
-0.276838
-0.277868
-0.279585
-0.280848
-0.280615
-0.278816
-0.276358
-0.274381
-0.273365
-0.27309
-0.273021
-0.272843
-0.272499
-0.27206
-0.271648
-0.271511
-0.271827
-0.272307
-0.27228
-0.271181
-0.269273
-0.267474
-0.266691
-0.267213
-0.268449
-0.269396
-0.2693
-0.26816
-0.26654
-0.265153
-0.26448
-0.264508
-0.264879
-0.26503
-0.264618
-0.263643
-0.262448
-0.261528
-0.261075
-0.26091
-0.260567
-0.259839
-0.25896
-0.258466
-0.25859
-0.259043
-0.259386
-0.259372
-0.259043
-0.258466
-0.257711
-0.257107
-0.256997
-0.257464
-0.25815
-0.258631
-0.258727
-0.258425
-0.257629
-0.256393
-0.255129
-0.254457
-0.254539
-0.255088
-0.255624
-0.25594
-0.255926
-0.255486
-0.254635
-0.253701
-0.253166
-0.253386
-0.254306
-0.255459
-0.256159
-0.255843
-0.254429
-0.252301
-0.250076
-0.24825
-0.247138
-0.246877
-0.247467
-0.248635
-0.249664
-0.249637
-0.248085
-0.2456
-0.243499
-0.242854
-0.243678
-0.245065
-0.246026
-0.246149
-0.245724
-0.245229
-0.245023
-0.245106
-0.245243
-0.245188
-0.244859
-0.244405
-0.244035
-0.24376
-0.243472
-0.243046
-0.242401
-0.241536
-0.240506
-0.239435
-0.238405
-0.23743
-0.236483
-0.235617
-0.234958
-0.234656
-0.234697
-0.234945
-0.235219
-0.235411
-0.235521
-0.235508
-0.235192
-0.234478
-0.233599
-0.232995
-0.232981
-0.233503
-0.234231
-0.234739
-0.234684
-0.233887
-0.232624
-0.231608
-0.231416
-0.232034
-0.232816
-0.232885
-0.231828
-0.229809
-0.227489
-0.225635
-0.224701
-0.224687
-0.225305
-0.226198
-0.227022
-0.227544
-0.227749
-0.227763
-0.227502
-0.226816
-0.225717
-0.224509
-0.223658
-0.223507
-0.224083
-0.22499
-0.225594
-0.22547
-0.224632
-0.223383
-0.221927
-0.220335
-0.218742
-0.217465
-0.216806
-0.216888
-0.217698
-0.219195
-0.221104
-0.222793
-0.223246
-0.221804
-0.218673
-0.215034
-0.212398
-0.211615
-0.212412
-0.213702
-0.214471
-0.214375
-0.213785
-0.213291
-0.213208
-0.213442
-0.213757
-0.213881
-0.213634
-0.212975
-0.212151
-0.211602
-0.211615
-0.212096
-0.212508
-0.212261
-0.211217
-0.209913
-0.209006
-0.208746
-0.20891
-0.209157
-0.209212
-0.2088
-0.207702
-0.205944
-0.203995
-0.202649
-0.20258
-0.20361
-0.204887
-0.205532
-0.205395
-0.20486
-0.204324
-0.20383
-0.203335
-0.20291
-0.202649
-0.202415
-0.201976
-0.201289
-0.200768
-0.200905
-0.201935
-0.203569
-0.205107
-0.205793
-0.205299
-0.203912
-0.202264
-0.200946
-0.20015
-0.199683
-0.199285
-0.198928
-0.198708
-0.198708
-0.198928
-0.199161
-0.199065
-0.198282
-0.196799
-0.195083
-0.193806
-0.193394
-0.193806
-0.19463
-0.195426
-0.195866
-0.195728
-0.194946
-0.193669
-0.192337
-0.19143
-0.191334
-0.192021
-0.192872
-0.192872
-0.191348
-0.188725
-0.186391
-0.185636
-0.186652
-0.188327
-0.189261
-0.188822
-0.187476
-0.186171
-0.185567
-0.185636
-0.185801
-0.185444
-0.184414
-0.183151
-0.182395
-0.182615
-0.183659
-0.184757
-0.1851
-0.1844
-0.183013
-0.181791
-0.181462
-0.182272
-0.183755
-0.185197
-0.186062
-0.186158
-0.18543
-0.183892
-0.181832
-0.179828
-0.178427
-0.177699
-0.177397
-0.177315
-0.177589
-0.178221
-0.178908
-0.179155
-0.178674
-0.177644
-0.176573
-0.175983
-0.176106
-0.176656
-0.176972
-0.176683
-0.175955
-0.175228
-0.174775
-0.174582
-0.174472
-0.174321
-0.174006
-0.173594
-0.173346
-0.173415
-0.173566
-0.173319
-0.17255
-0.17163
-0.171177
-0.171355
-0.171836
-0.172042
-0.171575
-0.170518
-0.169488
-0.169117
-0.169502
-0.17012
-0.170408
-0.170202
-0.169749
-0.169351
-0.169021
-0.168527
-0.167703
-0.166701
-0.165987
-0.16589
-0.166193
-0.166385
-0.166206
-0.165849
-0.165671
-0.165863
-0.166453
-0.167195
-0.167689
-0.167566
-0.166742
-0.165465
-0.164174
-0.163336
-0.163213
-0.163748
-0.164462
-0.164613
-0.163803
-0.162416
-0.161387
-0.161318
-0.162101
-0.163158
-0.163968
-0.164339
-0.164366
-0.164119
-0.163666
-0.163048
-0.162348
-0.16151
-0.16048
-0.159396
-0.158709
-0.158846
-0.159766
-0.16092
-0.161744
-0.162005
-0.161689
-0.160796
-0.159492
-0.158187
-0.157377
-0.157322
-0.157899
-0.15875
-0.159396
-0.159409
-0.158489
-0.156732
-0.154672
-0.153052
-0.152228
-0.151953
-0.151857
-0.15194
-0.152654
-0.154054
-0.155482
-0.156045
-0.155441
-0.154164
-0.152928
-0.152214
-0.152187
-0.152571
-0.152887
-0.152791
-0.15231
-0.15183
-0.151596
-0.151637
-0.151789
-0.151885
-0.151789
-0.15139
-0.150786
-0.150292
-0.150141
-0.150264
-0.150402
-0.150374
-0.150155
-0.149825
-0.149399
-0.148795
-0.14782
-0.146488
-0.145088
-0.144154
-0.144154
-0.145115
-0.146681
-0.148205
-0.14907
-0.14896
-0.14804
-0.146735
-0.145458
-0.144401
-0.143618
-0.143152
-0.143083
-0.143577
-0.14447
-0.145198
-0.14506
-0.144044
-0.143069
-0.143179
-0.144374
-0.145582
-0.145651
-0.144442
-0.142685
-0.141257
-0.140598
-0.140749
-0.1416
-0.142932
-0.144236
-0.144854
-0.144374
-0.143055
-0.141765
-0.141188
-0.141367
-0.141682
-0.1416
-0.141064
-0.140378
-0.139925
-0.139925
-0.140378
-0.141078
-0.14171
-0.142012
-0.141833
-0.141257
-0.140515
-0.139925
-0.139705
-0.13976
-0.139664
-0.138922
-0.137481
-0.135709
-0.13413
-0.133142
-0.132949
-0.133499
-0.134391
-0.135105
-0.13538
-0.135352
-0.135421
-0.135874
-0.136643
-0.13722
-0.137027
-0.135764
-0.133622
-0.131315
-0.129791
-0.129736
-0.131137
-0.13321
-0.134817
-0.135242
-0.134501
-0.133073
-0.131494
-0.130231
-0.12953
-0.129365
-0.129544
-0.129819
-0.129983
-0.130038
-0.129997
-0.129901
-0.129695
-0.129352
-0.129022
-0.128775
-0.128555
-0.12824
-0.127745
-0.127017
-0.126097
-0.125246
-0.124848
-0.125068
-0.125617
-0.126015
-0.126029
-0.125837
-0.125686
-0.125534
-0.125136
-0.124422
-0.123694
-0.123324
-0.123447
-0.123873
-0.124257
-0.124367
-0.124134
-0.123598
-0.122884
-0.122239
-0.121813
-0.121621
-0.121456
-0.121127
-0.120495
-0.11974
-0.119259
-0.119424
-0.120275
-0.121456
-0.122308
-0.122308
-0.121305
-0.119699
-0.118298
-0.117872
-0.118518
-0.119726
-0.12066
-0.120756
-0.120056
-0.119136
-0.118779
-0.119314
-0.120385
-0.121223
-0.121209
-0.120262
-0.118861
-0.117598
-0.116788
-0.116376
-0.116266
-0.116376
-0.11665
-0.117062
-0.117543
-0.1179
-0.117763
-0.11698
-0.115909
-0.115277
-0.115662
-0.117145
-0.119204
-0.120962
-0.121607
-0.120948
-0.119575
-0.118229
-0.117282
-0.11676
-0.116678
-0.116966
-0.117406
-0.117666
-0.117474
-0.116856
-0.116087
-0.115401
-0.11492
-0.114714
-0.114797
-0.114961
-0.114934
-0.114522
-0.11389
-0.113314
-0.113053
-0.113149
-0.113506
-0.113973
-0.114467
-0.114797
-0.114591
-0.113492
-0.111542
-0.109387
-0.107862
-0.107382
-0.107725
-0.10837
-0.108865
-0.109126
-0.109359
-0.109675
-0.109757
-0.109085
-0.107643
-0.106105
-0.105308
-0.105473
-0.106256
-0.10719
-0.107986
-0.10859
-0.109016
-0.109304
-0.109442
-0.109496
-0.109593
-0.109785
-0.109799
-0.109139
-0.107643
-0.105816
-0.104485
-0.104279
-0.105185
-0.106599
-0.107492
-0.107148
-0.105748
-0.104237
-0.103482
-0.103578
-0.104045
-0.104443
-0.104622
-0.104567
-0.104141
-0.103345
-0.102439
-0.101752
-0.101491
-0.101477
-0.10134
-0.100777
-0.0997885
-0.0985527
-0.0975503
-0.0973855
-0.098484
-0.100599
-0.102796
-0.104086
-0.1041
-0.103221
-0.102068
-0.100983
-0.0999258
-0.0987861
-0.0976739
-0.0969049
-0.0967402
-0.0971384
-0.0977151
-0.0980584
-0.0981407
-0.0982781
-0.0985939
-0.0989783
-0.0991294
-0.0989921
-0.09869
-0.0982369
-0.0976327
-0.0969736
-0.0965891
-0.0966578
-0.0971796
-0.0978936
-0.0982231
-0.0977151
-0.0963969
-0.0949688
-0.0942273
-0.0944882
-0.0953945
-0.0963008
-0.0966028
-0.0961634
-0.0952572
-0.0943647
-0.0938154
-0.0936232
-0.0936781
-0.0939115
-0.094145
-0.0941038
-0.0936644
-0.0930465
-0.0925659
-0.0923187
-0.0921814
-0.0921402
-0.0922363
-0.0923599
-0.0922226
-0.0918381
-0.0917283
-0.0924286
-0.0936369
-0.094447
-0.0942548
-0.093376
-0.092662
-0.0925247
-0.0925796
-0.0921677
-0.0911516
-0.0900805
-0.0896274
-0.0900119
-0.0909456
-0.0920304
-0.092813
-0.0927856
-0.0917557
-0.0902453
-0.0891193
-0.0887623
-0.0888447
-0.0890095
-0.0892292
-0.089751
-0.0905062
-0.0909456
-0.0905199
-0.0891056
-0.0872382
-0.0857827
-0.0854531
-0.0863456
-0.087911
-0.089188
-0.0894214
-0.0885701
-0.0872794
-0.0864692
-0.0865379
-0.0872244
-0.0879659
-0.0883504
-0.0881444
-0.0873343
-0.0861534
-0.0851098
-0.0846979
-0.0850137
-0.0856728
-0.0861534
-0.0863868
-0.0866477
-0.0870047
-0.0870597
-0.0863045
-0.0848352
-0.083311
-0.0825284
-0.0827481
-0.0837642
-0.0850412
-0.086071
-0.0863182
-0.0855355
-0.08408
-0.0829128
-0.0828442
-0.0839152
-0.0854119
-0.0866477
-0.0872107
-0.0869773
-0.0859886
-0.0846155
-0.0833385
-0.0825284
-0.0822126
-0.0823773
-0.082954
-0.0835994
-0.0837367
-0.08316
-0.0821576
-0.0813338
-0.0811964
-0.0819517
-0.0832836
-0.0844095
-0.0846018
-0.0837642
-0.0824872
-0.0813063
-0.0803863
-0.0797409
-0.0793565
-0.079123
-0.0787386
-0.0779559
-0.0768574
-0.0758001
-0.0750998
-0.0749076
-0.0752371
-0.0760061
-0.076981
-0.0778598
-0.0783953
-0.0784777
-0.0781756
-0.0776675
-0.0770634
-0.0763631
-0.0755529
-0.0747977
-0.0745094
-0.0749762
-0.0760884
-0.0773654
-0.0782305
-0.0783404
-0.0777362
-0.0769123
-0.0763493
-0.076061
-0.0757589
-0.0752371
-0.0746192
-0.0741798
-0.0741935
-0.0749076
-0.0764043
-0.0783541
-0.0799744
-0.0805236
-0.0798233
-0.0784777
-0.0772693
-0.0766514
-0.0765416
-0.0766102
-0.0765141
-0.0762395
-0.0760472
-0.0761983
-0.076569
-0.0768711
-0.0767887
-0.0763631
-0.0758687
-0.0756628
-0.0759237
-0.0764592
-0.0767475
-0.0764317
-0.0756353
-0.0748664
-0.0746329
-0.0751822
-0.0761434
-0.0766652
-0.0759511
-0.0741661
-0.0724085
-0.0717906
-0.0724909
-0.0737267
-0.074578
-0.074578
-0.0739052
-0.0729989
-0.0724085
-0.0723948
-0.0729852
-0.0741249
-0.0756765
-0.0772007
-0.0778186
-0.076926
-0.0747702
-0.0724085
-0.0708843
-0.0706784
-0.071461
-0.0724909
-0.07315
-0.0731774
-0.0726145
-0.0716395
-0.0705273
-0.0697034
-0.06947
-0.0697858
-0.0703351
-0.0708706
-0.0713786
-0.0716945
-0.0715434
-0.0708431
-0.0700604
-0.0697584
-0.0699918
-0.070239
-0.0699506
-0.0691267
-0.0682891
-0.0679733
-0.0682754
-0.0689757
-0.0696348
-0.0698682
-0.0695249
-0.0687148
-0.0678497
-0.0674378
-0.0676987
-0.0683166
-0.0687011
-0.0686461
-0.0684264
-0.0683715
-0.0684676
-0.0683578
-0.0677948
-0.0670121
-0.0664629
-0.0664629
-0.0669847
-0.0676026
-0.0679733
-0.0680557
-0.0679458
-0.0676026
-0.0669572
-0.0661059
-0.065488
-0.0653369
-0.0654742
-0.0657214
-0.0661333
-0.0667238
-0.0671494
-0.0669847
-0.0662294
-0.065282
-0.0644032
-0.0637716
-0.0635381
-0.0638951
-0.0648014
-0.0658724
-0.0665315
-0.0665041
-0.0660235
-0.065639
-0.0656939
-0.0660235
-0.0660784
-0.0654468
-0.0643345
-0.0633322
-0.0629752
-0.063291
-0.0638402
-0.0640325
-0.0636342
-0.0629752
-0.0625358
-0.0626456
-0.0631537
-0.0638128
-0.0644169
-0.0649113
-0.0651584
-0.0649936
-0.0643208
-0.063291
-0.0622199
-0.0614922
-0.0615059
-0.0624396
-0.0640187
-0.0655154
-0.066202
-0.065845
-0.0648289
-0.0639638
-0.0638128
-0.0643757
-0.0651172
-0.0655703
-0.0655978
-0.0652271
-0.0644719
-0.0634283
-0.0624122
-0.0618217
-0.0616982
-0.0617805
-0.0617531
-0.0614785
-0.0609979
-0.0604623
-0.0602838
-0.0608331
-0.0622199
-0.0641011
-0.0657351
-0.0665727
-0.0664629
-0.0657489
-0.0647739
-0.0636892
-0.0625632
-0.0616432
-0.0611214
-0.0607782
-0.0599818
-0.0586636
-0.0576612
-0.0579907
-0.0597483
-0.0618767
-0.0630575
-0.0627555
-0.0613686
-0.0598444
-0.0590618
-0.0593638
-0.0604211
-0.0613961
-0.061451
-0.0603113
-0.0585262
-0.0569884
-0.0562743
-0.0562331
-0.0561507
-0.0556152
-0.0549424
-0.0549287
-0.0560684
-0.0581143
-0.0600779
-0.0609017
-0.0601603
-0.0584027
-0.0566725
-0.0556702
-0.0554917
-0.0558761
-0.0566039
-0.0574964
-0.0584439
-0.05946
-0.0605035
-0.0612038
-0.0611352
-0.0603113
-0.0593638
-0.0588558
-0.0587871
-0.0586636
-0.0580594
-0.0569472
-0.055629
-0.0545991
-0.054297
-0.0548463
-0.0559722
-0.0571806
-0.0581143
-0.0586224
-0.0586636
-0.0582928
-0.0577298
-0.057263
-0.0569197
-0.0566039
-0.0562331
-0.0558624
-0.0555603
-0.0553955
-0.0553818
-0.0555191
-0.0556839
-0.0558212
-0.0558212
-0.0556702
-0.0554917
-0.0557251
-0.0566176
-0.0577848
-0.0584713
-0.0582242
-0.0572904
-0.0562057
-0.055423
-0.0551209
-0.0552582
-0.0555466
-0.055629
-0.055423
-0.0552308
-0.0554367
-0.0560546
-0.0568236
-0.0573454
-0.0573728
-0.0570845
-0.0569472
-0.0573454
-0.0579633
-0.0580319
-0.0571806
-0.0558899
-0.0549149
-0.0546403
-0.0548737
-0.0553543
-0.0559036
-0.056494
