LECROYHDO9204-MSöv,30454,Waveform
Segments,1,SegmentSize,2002
Ampl
-0.0117303
-0.0118539
-0.0120873
-0.0123345
-0.0125817
-0.0128838
-0.0133094
-0.0137626
-0.0139136
-0.0135978
-0.0129112
-0.0120873
-0.0113733
-0.0110026
-0.0109889
-0.0112086
-0.0114832
-0.0117853
-0.0121423
-0.0124444
-0.0124718
-0.0121423
-0.0117578
-0.0116891
-0.0120324
-0.0124718
-0.0125542
-0.0119775
-0.0109889
-0.0102062
-0.0101238
-0.0106318
-0.0113321
-0.01195
-0.0124306
-0.012719
-0.0126503
-0.0121835
-0.011593
-0.0113321
-0.0117166
-0.0128426
-0.0144766
-0.0160969
-0.0170718
-0.0169894
-0.0158222
-0.0139548
-0.0119226
-0.0103023
-0.00947842
-0.00951961
-0.0102062
-0.0112497
-0.012307
-0.0130073
-0.0130897
-0.012513
-0.0115381
-0.0105632
-0.00995901
-0.0101238
-0.0112635
-0.0129936
-0.0145178
-0.0151769
-0.014861
-0.0140097
-0.0131584
-0.0127876
-0.0130211
-0.0136939
-0.0143393
-0.0146551
-0.0145864
-0.0142569
-0.0136802
-0.0129524
-0.0122933
-0.01195
-0.0119775
-0.0122796
-0.0127876
-0.0133232
-0.0135978
-0.0135154
-0.0132408
-0.0129936
-0.0127876
-0.0125542
-0.0122384
-0.0119912
-0.0119363
-0.0121835
-0.012719
-0.0133918
-0.0139273
-0.014147
-0.0141058
-0.0139273
-0.0137626
-0.0138724
-0.0144354
-0.0153142
-0.0161792
-0.0166873
-0.0167971
-0.0166736
-0.0164951
-0.0163577
-0.0161792
-0.015836
-0.0155613
-0.015836
-0.0168109
-0.0180192
-0.0187332
-0.0186509
-0.017827
-0.0165225
-0.0150121
-0.0138037
-0.0133643
-0.0136939
-0.0142981
-0.0146002
-0.0144354
-0.0139685
-0.0133232
-0.0127602
-0.0126366
-0.0132133
-0.0143255
-0.015424
-0.0160694
-0.0160969
-0.0156437
-0.0149984
-0.014353
-0.0137488
-0.0131858
-0.01287
-0.0129936
-0.0135703
-0.0143393
-0.0149709
-0.0151631
-0.014861
-0.0142706
-0.0137763
-0.0136527
-0.0139411
-0.0145315
-0.0153828
-0.0165225
-0.0176348
-0.0181428
-0.0176622
-0.0165225
-0.0155201
-0.0152593
-0.0157673
-0.01655
-0.0170443
-0.0169207
-0.0164264
-0.0161792
-0.0166186
-0.0176485
-0.0187058
-0.0192276
-0.018898
-0.0177446
-0.0160831
-0.0143255
-0.0130897
-0.0128838
-0.0138175
-0.0151219
-0.0156575
-0.0148473
-0.0133918
-0.0125679
-0.013282
-0.0154103
-0.0180741
-0.0201476
-0.0208753
-0.0202711
-0.0190353
-0.0178956
-0.0171267
-0.0166049
-0.016193
-0.0159458
-0.015987
-0.0163028
-0.0167697
-0.0169619
-0.0164539
-0.0153416
-0.0143805
-0.0144079
-0.0155339
-0.0171404
-0.0185822
-0.0195846
-0.0201476
-0.0202299
-0.0198317
-0.0190079
-0.0178682
-0.0165088
-0.0152318
-0.0144766
-0.0146139
-0.0155064
-0.0166186
-0.0174151
-0.0177034
-0.0176897
-0.0176073
-0.0174151
-0.0170168
-0.0164401
-0.0160969
-0.0163166
-0.0170992
-0.0180192
-0.0186783
-0.0189392
-0.0188431
-0.0185685
-0.0183762
-0.018541
-0.019104
-0.0196944
-0.0199553
-0.0197082
-0.0189529
-0.0177995
-0.0164951
-0.0154515
-0.0150396
-0.0153142
-0.0159458
-0.0166049
-0.017113
-0.01747
-0.0176897
-0.0177721
-0.0178133
-0.017978
-0.0183076
-0.0185135
-0.0183076
-0.0177034
-0.017113
-0.0167971
-0.0166186
-0.0162891
-0.0157948
-0.0153691
-0.0152043
-0.0153004
-0.0155201
-0.0156987
-0.0156849
-0.01563
-0.0160145
-0.0171542
-0.0187607
-0.020024
-0.0203123
-0.0195022
-0.0178544
-0.0158634
-0.014353
-0.0140646
-0.0149984
-0.0163166
-0.0170031
-0.016701
-0.0156987
-0.0145178
-0.0135429
-0.0129799
-0.0130073
-0.0137626
-0.015067
-0.0164401
-0.017264
-0.017264
-0.0166598
-0.0159458
-0.0155064
-0.0155201
-0.015987
-0.0167148
-0.0172915
-0.0172777
-0.0163715
-0.0146688
-0.0126503
-0.0110026
-0.010316
-0.010879
-0.0124169
-0.0143118
-0.0159595
-0.0169894
-0.0171816
-0.0165774
-0.0155201
-0.0146276
-0.0142981
-0.0145178
-0.0149022
-0.0149709
-0.0144079
-0.0134055
-0.0126091
-0.0126229
-0.013433
-0.0145452
-0.0155339
-0.0161518
-0.0162479
-0.0157673
-0.0149297
-0.0142294
-0.0138587
-0.0136252
-0.0133781
-0.0132133
-0.0132133
-0.0131858
-0.01287
-0.0121697
-0.0114145
-0.01103
-0.0114694
-0.0127053
-0.0142431
-0.015424
-0.0159046
-0.0157398
-0.015067
-0.0140509
-0.013076
-0.0128151
-0.0137076
-0.0153828
-0.0169345
-0.0175112
-0.0169207
-0.0156025
-0.0142981
-0.0135566
-0.0133643
-0.0133232
-0.0129661
-0.012307
-0.0116479
-0.0114145
-0.0116617
-0.0120324
-0.0120187
-0.0114832
-0.0108515
-0.0106456
-0.0109889
-0.0115244
-0.0118951
-0.012005
-0.0119088
-0.0117853
-0.0118539
-0.0122109
-0.0127464
-0.0132545
-0.0136527
-0.0139411
-0.0139685
-0.0135291
-0.0128151
-0.0124444
-0.0130623
-0.0146139
-0.0162891
-0.0170718
-0.0165088
-0.015067
-0.0136802
-0.0128838
-0.0125405
-0.012156
-0.0116068
-0.0111948
-0.011236
-0.0117578
-0.0125679
-0.0133232
-0.01379
-0.0139548
-0.0140784
-0.0143118
-0.0144628
-0.014202
-0.0135978
-0.0130348
-0.0129936
-0.0136802
-0.0150533
-0.0167285
-0.0179231
-0.017978
-0.0170306
-0.015781
-0.0148748
-0.0144079
-0.0142294
-0.014147
-0.0140784
-0.0140509
-0.0142843
-0.0148473
-0.0155064
-0.0159046
-0.0159458
-0.0160007
-0.0164401
-0.0172091
-0.0179643
-0.0183076
-0.0181153
-0.0176485
-0.0174425
-0.017827
-0.0186234
-0.0193923
-0.0198317
-0.0199965
-0.0200652
-0.0200377
-0.0198729
-0.0196807
-0.0196944
-0.0201613
-0.0212735
-0.0233332
-0.0263541
-0.0299791
-0.0336041
-0.0370232
-0.0405247
-0.044644
-0.0498207
-0.0560272
-0.0628516
-0.069676
-0.0761846
-0.082597
-0.0896274
-0.0978387
-0.107093
-0.116568
-0.125315
-0.133114
-0.14068
-0.149221
-0.15956
-0.17163
-0.184428
-0.196607
-0.20718
-0.216105
-0.224207
-0.232597
-0.241851
-0.251861
-0.26205
-0.271593
-0.279722
-0.286121
-0.291325
-0.296392
-0.302241
-0.308777
-0.315203
-0.3206
-0.324747
-0.328125
-0.331324
-0.334262
-0.336432
-0.337462
-0.337544
-0.337173
-0.336693
-0.335979
-0.334784
-0.332985
-0.330816
-0.328591
-0.326449
-0.324115
-0.321314
-0.318018
-0.314462
-0.310906
-0.307514
-0.304356
-0.301527
-0.298973
-0.296543
-0.294099
-0.291764
-0.28965
-0.287563
-0.285187
-0.282413
-0.279585
-0.277292
-0.275919
-0.275314
-0.274738
-0.273241
-0.270385
-0.26676
-0.263684
-0.262229
-0.262338
-0.263217
-0.264096
-0.26459
-0.26459
-0.264206
-0.263684
-0.263478
-0.263863
-0.264728
-0.265744
-0.26665
-0.267474
-0.268408
-0.269616
-0.271099
-0.272678
-0.274284
-0.27607
-0.278129
-0.280326
-0.282427
-0.284322
-0.286135
-0.287892
-0.289348
-0.290075
-0.289993
-0.289567
-0.28954
-0.290323
-0.291833
-0.293604
-0.294964
-0.295307
-0.294524
-0.293206
-0.292245
-0.292108
-0.292616
-0.293261
-0.293673
-0.293783
-0.2937
-0.293645
-0.293865
-0.294442
-0.295321
-0.29609
-0.296213
-0.295485
-0.29425
-0.293124
-0.292465
-0.292231
-0.292094
-0.291874
-0.291682
-0.2916
-0.291641
-0.291627
-0.291339
-0.290611
-0.289403
-0.28781
-0.286231
-0.285201
-0.284967
-0.28516
-0.285146
-0.284706
-0.284116
-0.283732
-0.283526
-0.283347
-0.28321
-0.283333
-0.283732
-0.284157
-0.284157
-0.283375
-0.282029
-0.280779
-0.28023
-0.280477
-0.28126
-0.282249
-0.283196
-0.28369
-0.283443
-0.282606
-0.281727
-0.281356
-0.281589
-0.282029
-0.28218
-0.281933
-0.281603
-0.281644
-0.282166
-0.282866
-0.283388
-0.283649
-0.283786
-0.28391
-0.283883
-0.283608
-0.28321
-0.283031
-0.283265
-0.283745
-0.284102
-0.284061
-0.283635
-0.282921
-0.281988
-0.280793
-0.279461
-0.278294
-0.277607
-0.277429
-0.277456
-0.277305
-0.27688
-0.276468
-0.276509
-0.276976
-0.277415
-0.277347
-0.27677
-0.275932
-0.275053
-0.274271
-0.27368
-0.273392
-0.273296
-0.273172
-0.272815
-0.272252
-0.271703
-0.271401
-0.271305
-0.271236
-0.271016
-0.270701
-0.270481
-0.270563
-0.27092
-0.271209
-0.271099
-0.270563
-0.269945
-0.269588
-0.269588
-0.269588
-0.269176
-0.26827
-0.267419
-0.267199
-0.267556
-0.267817
-0.267488
-0.26676
-0.266265
-0.266238
-0.266526
-0.266952
-0.26746
-0.267886
-0.267831
-0.267131
-0.266087
-0.265222
-0.264728
-0.264412
-0.264151
-0.264123
-0.264577
-0.265469
-0.266348
-0.266677
-0.266252
-0.265263
-0.264206
-0.263464
-0.263148
-0.26297
-0.262517
-0.261638
-0.260732
-0.260402
-0.260924
-0.261968
-0.262846
-0.263094
-0.262737
-0.262064
-0.261267
-0.26021
-0.258658
-0.256818
-0.255473
-0.255418
-0.256585
-0.257986
-0.258603
-0.258219
-0.257491
-0.257162
-0.257505
-0.25815
-0.258452
-0.258054
-0.257038
-0.255734
-0.254374
-0.252987
-0.251573
-0.2502
-0.249019
-0.248113
-0.247591
-0.247646
-0.248305
-0.249156
-0.249555
-0.249211
-0.248484
-0.248044
-0.248305
-0.249143
-0.250008
-0.250392
-0.250159
-0.249458
-0.248442
-0.247234
-0.246136
-0.245353
-0.244927
-0.244556
-0.243993
-0.243266
-0.24262
-0.242469
-0.243142
-0.244598
-0.246122
-0.246685
-0.245627
-0.243348
-0.241014
-0.239764
-0.239874
-0.240643
-0.24111
-0.240835
-0.240108
-0.239421
-0.238968
-0.238487
-0.237856
-0.237403
-0.237801
-0.239188
-0.240822
-0.241453
-0.240272
-0.237512
-0.234299
-0.231896
-0.231031
-0.231649
-0.233091
-0.234546
-0.235521
-0.235933
-0.23592
-0.23559
-0.235
-0.234107
-0.232912
-0.231704
-0.230908
-0.230935
-0.231773
-0.232926
-0.233681
-0.233654
-0.232995
-0.232075
-0.231072
-0.229919
-0.228724
-0.227887
-0.227859
-0.228615
-0.229644
-0.230221
-0.229974
-0.229109
-0.228161
-0.227489
-0.226857
-0.225827
-0.224344
-0.223108
-0.222998
-0.224248
-0.226184
-0.22764
-0.227928
-0.227077
-0.22547
-0.223507
-0.22168
-0.220568
-0.220568
-0.221447
-0.222449
-0.222793
-0.222312
-0.221337
-0.220293
-0.219332
-0.218399
-0.21752
-0.216861
-0.216696
-0.217135
-0.217877
-0.218426
-0.218412
-0.217959
-0.217547
-0.217575
-0.218042
-0.218577
-0.218632
-0.217877
-0.216421
-0.214842
-0.213634
-0.212892
-0.212508
-0.212508
-0.21292
-0.21351
-0.213881
-0.213799
-0.213318
-0.212714
-0.212233
-0.212027
-0.212151
-0.212425
-0.21248
-0.211917
-0.210668
-0.209199
-0.208279
-0.20843
-0.209363
-0.210187
-0.21016
-0.209171
-0.207647
-0.206095
-0.204832
-0.204049
-0.203665
-0.203459
-0.203157
-0.202855
-0.202786
-0.202992
-0.203075
-0.202566
-0.201468
-0.200328
-0.199559
-0.199202
-0.198969
-0.198763
-0.198653
-0.198722
-0.198763
-0.198502
-0.197843
-0.197019
-0.196456
-0.196552
-0.197294
-0.198269
-0.198845
-0.198626
-0.197733
-0.196786
-0.19647
-0.197005
-0.198021
-0.19901
-0.199504
-0.199353
-0.198626
-0.19761
-0.196731
-0.196278
-0.196305
-0.196621
-0.196882
-0.196772
-0.196113
-0.195001
-0.193806
-0.192955
-0.192625
-0.192749
-0.192955
-0.192886
-0.192378
-0.191691
-0.191389
-0.191746
-0.192268
-0.192144
-0.191005
-0.189357
-0.188231
-0.188245
-0.189028
-0.189673
-0.189563
-0.188849
-0.188149
-0.187874
-0.18786
-0.187613
-0.186927
-0.18602
-0.185471
-0.185773
-0.186899
-0.18819
-0.188808
-0.188423
-0.187366
-0.186268
-0.185402
-0.184647
-0.1837
-0.182409
-0.181063
-0.180294
-0.180624
-0.18175
-0.182697
-0.182739
-0.182052
-0.181379
-0.181242
-0.181366
-0.181132
-0.180212
-0.178894
-0.177768
-0.177164
-0.176985
-0.176985
-0.177109
-0.177329
-0.177466
-0.177287
-0.176628
-0.175557
-0.174376
-0.173566
-0.173552
-0.174404
-0.175598
-0.176491
-0.176656
-0.176093
-0.175022
-0.173758
-0.172646
-0.171891
-0.171561
-0.171465
-0.171383
-0.171163
-0.170875
-0.170559
-0.170188
-0.169804
-0.169447
-0.169186
-0.16909
-0.169227
-0.169625
-0.170147
-0.1706
-0.170751
-0.170477
-0.169914
-0.169378
-0.169131
-0.16909
-0.169104
-0.169117
-0.169158
-0.169049
-0.168664
-0.168197
-0.168129
-0.168664
-0.169323
-0.16931
-0.168156
-0.166124
-0.164105
-0.162979
-0.163076
-0.163941
-0.164764
-0.164984
-0.164531
-0.16368
-0.162828
-0.162416
-0.162581
-0.163048
-0.163309
-0.163213
-0.163021
-0.163158
-0.163639
-0.164037
-0.16379
-0.162581
-0.160522
-0.158228
-0.156402
-0.15551
-0.155537
-0.156086
-0.156773
-0.157432
-0.158091
-0.15875
-0.159231
-0.159313
-0.159011
-0.158709
-0.158654
-0.158736
-0.15864
-0.158366
-0.158105
-0.15783
-0.157212
-0.15621
-0.155331
-0.155084
-0.155317
-0.15551
-0.155331
-0.154905
-0.15448
-0.154164
-0.153917
-0.153821
-0.154013
-0.154507
-0.155015
-0.155029
-0.154411
-0.153409
-0.152544
-0.152063
-0.151953
-0.152091
-0.152242
-0.152159
-0.15161
-0.150566
-0.149427
-0.148672
-0.148411
-0.148369
-0.14826
-0.148122
-0.148136
-0.148205
-0.147944
-0.147106
-0.145843
-0.144703
-0.144127
-0.144181
-0.14458
-0.144978
-0.145184
-0.14528
-0.145513
-0.146021
-0.146612
-0.146804
-0.146296
-0.145307
-0.144484
-0.144236
-0.144332
-0.144113
-0.143275
-0.142273
-0.14182
-0.142245
-0.143165
-0.144127
-0.144937
-0.145692
-0.146269
-0.146282
-0.1455
-0.144236
-0.143069
-0.142149
-0.141147
-0.139787
-0.138401
-0.137742
-0.138263
-0.139733
-0.14138
-0.142534
-0.142987
-0.143069
-0.14322
-0.143577
-0.143824
-0.143467
-0.142438
-0.141147
-0.140131
-0.139595
-0.139321
-0.139142
-0.139087
-0.139238
-0.139499
-0.139472
-0.138881
-0.137879
-0.137014
-0.13678
-0.137288
-0.137975
-0.137961
-0.136822
-0.134995
-0.133444
-0.132853
-0.133073
-0.133595
-0.134171
-0.134776
-0.13538
-0.135682
-0.135517
-0.134885
-0.133856
-0.13251
-0.130999
-0.129695
-0.128995
-0.129132
-0.130093
-0.131508
-0.13273
-0.133142
-0.132551
-0.131302
-0.130011
-0.129105
-0.128665
-0.128583
-0.128789
-0.129201
-0.129736
-0.130258
-0.130574
-0.130533
-0.130148
-0.129695
-0.129462
-0.129503
-0.129585
-0.129462
-0.129173
-0.129022
-0.129228
-0.129654
-0.129928
-0.129777
-0.129242
-0.128514
-0.1278
-0.127278
-0.127127
-0.127361
-0.127869
-0.128336
-0.1285
-0.128294
-0.127704
-0.126825
-0.125727
-0.124642
-0.123818
-0.123392
-0.12331
-0.123392
-0.123379
-0.123104
-0.122733
-0.122665
-0.123035
-0.123543
-0.123626
-0.122884
-0.121511
-0.120124
-0.119246
-0.118957
-0.118834
-0.118655
-0.118586
-0.11893
-0.11974
-0.120756
-0.121511
-0.121566
-0.120591
-0.118751
-0.116705
-0.115236
-0.11481
-0.115428
-0.116568
-0.117364
-0.117035
-0.115442
-0.113231
-0.111446
-0.110746
-0.111048
-0.111803
-0.112476
-0.112902
-0.113204
-0.113424
-0.113121
-0.111844
-0.10984
-0.108219
-0.108055
-0.109469
-0.111501
-0.112902
-0.112806
-0.111048
-0.108288
-0.105775
-0.104691
-0.105583
-0.108178
-0.11146
-0.114083
-0.114948
-0.113794
-0.11146
-0.109414
-0.108755
-0.109483
-0.110609
-0.111048
-0.110471
-0.1094
-0.108727
-0.108933
-0.10973
-0.110499
-0.110856
-0.110842
-0.110636
-0.11032
-0.109908
-0.109496
-0.109208
-0.109181
-0.109579
-0.110458
-0.111625
-0.112641
-0.112998
-0.112435
-0.11113
-0.109551
-0.108288
-0.107753
-0.107904
-0.108494
-0.109249
-0.109895
-0.110156
-0.109785
-0.108769
-0.107354
-0.105913
-0.104759
-0.104182
-0.104292
-0.104855
-0.105377
-0.105487
-0.105144
-0.104787
-0.104938
-0.105775
-0.106819
-0.107313
-0.106846
-0.105624
-0.104141
-0.102905
-0.102288
-0.102439
-0.103111
-0.103674
-0.10351
-0.102658
-0.10167
-0.101189
-0.101409
-0.102082
-0.102809
-0.10329
-0.103372
-0.103194
-0.102864
-0.10226
-0.101271
-0.100145
-0.0995825
-0.0999807
-0.100956
-0.101601
-0.101409
-0.100667
-0.100159
-0.100393
-0.101203
-0.101903
-0.10178
-0.10064
-0.098896
-0.0973169
-0.0967127
-0.0974679
-0.0991568
-0.100722
-0.101107
-0.100049
-0.0982918
-0.0969873
-0.0969873
-0.0982506
-0.0999258
-0.100956
-0.100928
-0.100283
-0.0996512
-0.0993079
-0.0990058
-0.0986076
-0.0982918
-0.0983604
-0.0988685
-0.0993903
-0.099404
-0.0987312
-0.0976327
-0.0965479
-0.0957652
-0.0952435
-0.0949002
-0.0947629
-0.0949826
-0.0956554
-0.0966715
-0.0977425
-0.0983467
-0.097921
-0.0964106
-0.0944059
-0.0928817
-0.0924698
-0.0930327
-0.0940214
-0.094859
-0.095216
-0.095065
-0.0944882
-0.0936232
-0.0927444
-0.0922226
-0.0924423
-0.0934447
-0.0947079
-0.0954769
-0.0953808
-0.0946805
-0.0938154
-0.0930602
-0.0924286
-0.091893
-0.0914811
-0.0913163
-0.0915772
-0.0923599
-0.0934584
-0.0943235
-0.0943784
-0.0934172
-0.0916184
-0.0895175
-0.0878561
-0.087197
-0.087554
-0.0883916
-0.0892155
-0.0899432
-0.0906435
-0.0912339
-0.0915223
-0.091591
-0.0916871
-0.0919068
-0.0920853
-0.0918519
-0.0910005
-0.0896549
-0.088268
-0.087348
-0.0872244
-0.0879247
-0.0890782
-0.0900119
-0.0901629
-0.0894077
-0.0882268
-0.0873206
-0.0871558
-0.087705
-0.0885152
-0.0888996
-0.0883916
-0.0871558
-0.0859749
-0.0856316
-0.0863045
-0.0874167
-0.088117
-0.0878423
-0.0866477
-0.0850549
-0.0837916
-0.0832836
-0.0833522
-0.0834484
-0.0831737
-0.0826794
-0.0825146
-0.082954
-0.0837642
-0.0843134
-0.0842448
-0.0836269
-0.0829266
-0.0825833
-0.0826108
-0.0827069
-0.0825833
-0.0823087
-0.0821302
-0.0822126
-0.0824872
-0.0827069
-0.0827069
-0.0823773
-0.0818006
-0.0813475
-0.0814985
-0.0823773
-0.0835307
-0.0841898
-0.0840663
-0.0835582
-0.0833934
-0.0838054
-0.0842036
-0.0838878
-0.0828442
-0.0817182
-0.0812926
-0.081883
-0.0832012
-0.0845194
-0.0850137
-0.0843684
-0.0829952
-0.0816908
-0.0810317
-0.0810454
-0.0813887
-0.0817732
-0.0819929
-0.0819242
-0.0815672
-0.0810454
-0.0805785
-0.0803451
-0.0805236
-0.0811553
-0.081883
-0.082034
-0.0812376
-0.0798371
-0.0786424
-0.0781344
-0.0781893
-0.0782305
-0.0778323
-0.0771732
-0.0768437
-0.0773517
-0.0785875
-0.0799469
-0.0808806
-0.0812514
-0.0812788
-0.0811553
-0.0809356
-0.0804962
-0.0798371
-0.0790818
-0.0784914
-0.0782168
-0.0781756
-0.0781481
-0.0779559
-0.0775302
-0.0769535
-0.0763905
-0.0760061
-0.0759649
-0.0763219
-0.0769535
-0.077695
-0.0783404
-0.078615
-0.0782442
-0.0772968
-0.0760884
-0.0750586
-0.0744544
-0.0744407
-0.0750586
-0.0763905
-0.0783816
-0.0807433
-0.0827893
-0.0837093
-0.0830639
-0.0811964
-0.0790132
-0.0774204
-0.0767338
-0.0767338
-0.0771046
-0.0775165
-0.0778186
-0.0781207
-0.0785875
-0.0790681
-0.0790544
-0.078052
-0.0762944
-0.0746467
-0.0740013
-0.0745505
-0.0757314
-0.0766514
-0.0768299
-0.0763768
-0.0756079
-0.0747428
-0.0739738
-0.073507
-0.0734795
-0.0736855
-0.0737679
-0.0734795
-0.0728479
-0.0721339
-0.0716533
-0.0717357
-0.0725046
-0.0736992
-0.0747016
-0.0748801
-0.0741523
-0.072944
-0.0719142
-0.0715297
-0.0719142
-0.0729028
-0.0740562
-0.0748938
-0.0750723
-0.0744956
-0.0733697
-0.07223
-0.0714885
-0.0711727
-0.0709942
-0.0707333
-0.0703351
-0.0697446
-0.0689208
-0.0680557
-0.067479
-0.067479
-0.0679047
-0.0682205
-0.0680008
-0.0673005
-0.0665865
-0.0665041
-0.0673691
-0.068907
-0.0703213
-0.0708157
-0.0700467
-0.0683029
-0.0664903
-0.065639
-0.0661333
-0.0673417
-0.0681106
-0.0678085
-0.0667238
-0.0655154
-0.0647465
-0.0648014
-0.0658312
-0.0675476
-0.0691267
-0.0697034
-0.0690306
-0.0676575
-0.0663393
-0.0655292
-0.065282
-0.0653369
-0.0655154
-0.0657214
-0.0659136
-0.0658999
-0.065433
-0.0645954
-0.0638951
-0.0638814
-0.0646092
-0.0655703
-0.0661883
-0.0661745
-0.0657077
-0.0653232
-0.0654468
-0.0658999
-0.0660647
-0.0655017
-0.0644032
-0.0634008
-0.0629752
-0.0632635
-0.064211
-0.0655703
-0.066765
-0.0672867
-0.0670259
-0.066202
-0.0651584
-0.0642384
-0.0637029
-0.0634832
-0.0632772
-0.0629202
-0.0626456
-0.0626319
-0.0626593
-0.0624808
-0.0623298
-0.0626593
-0.0634283
-0.0640874
-0.0642247
-0.0639775
-0.0638677
-0.064211
-0.0648289
-0.0652133
-0.0651172
-0.0648426
-0.0646916
-0.0645817
-0.0640325
-0.0628516
-0.0612313
-0.0596797
-0.058691
-0.0586086
-0.0594325
-0.060682
-0.061602
-0.061808
-0.0614235
-0.0608743
-0.0602976
-0.0596797
-0.0590755
-0.0586224
-0.0583477
-0.0580868
-0.0577985
-0.0575101
-0.0573866
-0.0574689
-0.0576749
-0.0579083
-0.0580319
-0.0580182
-0.0579495
-0.0579907
-0.0581143
-0.0581692
-0.0580457
-0.0576886
-0.0570158
-0.056137
-0.0553818
-0.0550797
-0.0552857
-0.0558624
-0.0567
-0.0575651
-0.0580457
-0.0579495
-0.0574827
-0.0570982
-0.0569334
-0.056851
-0.0568648
-0.0571806
-0.0579495
-0.0590068
-0.0599406
-0.060325
-0.0599543
-0.0590206
-0.0580594
-0.0575101
-0.0574689
-0.0578534
-0.0584713
-0.0590343
-0.0591991
-0.0587048
-0.0574415
-0.0555328
-0.0534732
-0.0521824
-0.052663
-0.0550797
-0.0583889
-0.0609017
-0.0614785
-0.0601328
-0.0577848
-0.0557114
-0.0547364
-0.0547914
-0.0552308
-0.055629
-0.0561782
-0.0570433
-0.0579495
-0.0584576
-0.0584713
-0.0581555
-0.0575513
-0.0567687
-0.0561233
-0.055986
-0.0562469
-0.0564666
-0.0563567
-0.0560409
-0.0556702
-0.0553955
-0.0553818
-0.0556976
-0.0561782
-0.0564528
-0.0562331
-0.0556564
-0.0551072
-0.0549012
-0.0549012
-0.0546952
-0.0539675
-0.052869
-0.0518666
-0.0511526
-0.0507132
-0.0504248
-0.0503425
-0.050466
-0.0506995
-0.050823
-0.0507132
-0.0504935
-0.0502738
-0.0501365
-0.0500404
-0.0499992
-0.0500404
-0.0501228
-0.0500816
-0.0499992
-0.0501502
-0.050823
-0.0517293
-0.0520314
-0.0510427
-0.0491204
-0.0475962
-0.0475413
-0.0488869
-0.0507132
-0.0520177
-0.0523335
-0.0517842
-0.0509192
-0.0503836
-0.0503562
-0.0505759
-0.0506583
-0.0505622
-0.0505072
-0.0505484
-0.0505759
-0.0503836
-0.0497795
-0.0486947
-0.0473765
-0.0464291
-0.0464565
-0.0475276
-0.0490655
-0.0503699
-0.0510427
-0.0510153
-0.0504248
-0.0495323
-0.048681
-0.048324
-0.0488183
-0.0501777
-0.0519627
-0.0534594
-0.0542421
-0.0543108
-0.0539538
-0.0533221
-0.0524571
-0.0513448
-0.050109
-0.0489831
-0.0483102
-0.0484064
-0.0492714
-0.050466
-0.051386
-0.0516057
-0.0510839
-0.0501365
-0.0493813
-0.0494774
-0.0505484
-0.0520177
-0.0529926
-0.0529926
-0.0522374
-0.0513174
-0.0508368
-0.0510427
-0.051798
-0.0525944
-0.0529788
-0.0526218
-0.051592
-0.0504386
-0.0499992
-0.0505622
-0.0514821
-0.0517568
-0.0509878
-0.0497108
-0.0487496
-0.0485986
-0.0492989
-0.0505072
-0.0515783
-0.0519215
-0.0514821
-0.0508642
-0.0507681
-0.0513036
-0.051949
-0.0519765
-0.0511389
-0.0498344
-0.0488046
-0.0483789
-0.0482416
-0.047967
-0.0477198
-0.0481317
-0.0493401
-0.0505484
-0.0505484
-0.0489419
-0.0465252
-0.0446715
-0.0442183
-0.0450559
-0.0464153
-0.0475413
-0.0481043
-0.048269
-0.0482278
-0.0479944
-0.0474589
-0.0466488
-0.0457562
-0.0450697
-0.0448225
