LECROYHDO9204-MSöv,30454,Waveform
Segments,1,SegmentSize,2002
Ampl
-0.0155201
-0.014353
-0.0142569
-0.0151357
-0.0165912
-0.0181153
-0.0191452
-0.0192825
-0.0184724
-0.017113
-0.0156987
-0.0146688
-0.0142981
-0.014504
-0.0149984
-0.0154103
-0.0156437
-0.0158634
-0.0162616
-0.0167148
-0.0169894
-0.016907
-0.0164401
-0.0156849
-0.0149984
-0.0146688
-0.0146688
-0.0147375
-0.0146276
-0.0143393
-0.0139411
-0.0133918
-0.0126366
-0.011799
-0.0111536
-0.0110712
-0.0117578
-0.0130211
-0.0141608
-0.0144766
-0.0138861
-0.0131035
-0.0129387
-0.0137351
-0.0153142
-0.0170992
-0.0183762
-0.018541
-0.0177034
-0.0165225
-0.0156712
-0.0152455
-0.0149434
-0.014559
-0.014202
-0.0140784
-0.0142843
-0.0147237
-0.0151082
-0.0152867
-0.0152455
-0.0151082
-0.0148473
-0.014353
-0.0136939
-0.0132408
-0.0133094
-0.0138312
-0.0143805
-0.0146688
-0.0147924
-0.0150121
-0.0154378
-0.015987
-0.0164539
-0.0166598
-0.0165225
-0.0159733
-0.0149434
-0.0134467
-0.0118951
-0.0110163
-0.011236
-0.0122521
-0.013282
-0.013639
-0.0131446
-0.0121835
-0.0114283
-0.0113733
-0.0119088
-0.0126091
-0.0131996
-0.0135566
-0.0135566
-0.0131446
-0.0125405
-0.0121835
-0.0124169
-0.0130623
-0.0135429
-0.0133918
-0.0124993
-0.0113184
-0.0105769
-0.0107005
-0.0114969
-0.0123894
-0.0129112
-0.0130485
-0.0130485
-0.0132545
-0.0137626
-0.0143393
-0.0144903
-0.0139685
-0.0130897
-0.0123208
-0.011799
-0.0110987
-0.0100414
-0.00909395
-0.0089841
-0.00987663
-0.0111948
-0.0121285
-0.0122109
-0.0115793
-0.0109202
-0.0109889
-0.0120324
-0.0135017
-0.0144354
-0.014202
-0.0130211
-0.0116479
-0.0109339
-0.0112223
-0.0122659
-0.0134467
-0.0141882
-0.0142294
-0.0135566
-0.0124581
-0.0115793
-0.0113871
-0.0118402
-0.0125405
-0.0132682
-0.0138999
-0.0141608
-0.0137351
-0.0127602
-0.0118539
-0.0114694
-0.011593
-0.0119912
-0.0125405
-0.0131035
-0.013433
-0.0134193
-0.0133094
-0.013433
-0.0137488
-0.0139823
-0.0140509
-0.0141333
-0.0143118
-0.0143667
-0.0138999
-0.0128975
-0.0117441
-0.0109614
-0.0107966
-0.0110438
-0.0112909
-0.0113733
-0.0114008
-0.0114694
-0.0116205
-0.0119088
-0.0122384
-0.0122247
-0.0114145
-0.0100002
-0.0087644
-0.0085447
-0.00946469
-0.010879
-0.0119226
-0.0121285
-0.0116068
-0.0109065
-0.0106318
-0.011085
-0.0119912
-0.0127053
-0.0126778
-0.0118951
-0.0110026
-0.0107554
-0.0114145
-0.0123894
-0.0126915
-0.0118814
-0.0103984
-0.00921753
-0.00903902
-0.00983543
-0.0110438
-0.0119638
-0.0121835
-0.0117303
-0.01103
-0.0106044
-0.010728
-0.0112223
-0.0116891
-0.0118676
-0.0118539
-0.0118951
-0.01195
-0.0118402
-0.0115793
-0.0116068
-0.0125542
-0.0144491
-0.0163577
-0.0169619
-0.0158634
-0.0138312
-0.0120873
-0.0114008
-0.0116068
-0.0119775
-0.0119775
-0.0116205
-0.011236
-0.0110575
-0.0110712
-0.0112772
-0.0116617
-0.0121972
-0.0126229
-0.0127053
-0.0123894
-0.0118265
-0.0112772
-0.0110438
-0.0113596
-0.0122109
-0.0131996
-0.01379
-0.0137488
-0.0132545
-0.0126503
-0.0122796
-0.0123894
-0.0129661
-0.0137076
-0.0142294
-0.0142981
-0.0140097
-0.0136664
-0.0135017
-0.0134742
-0.0133369
-0.0130073
-0.0127464
-0.0127739
-0.0130485
-0.0133918
-0.0138999
-0.0146002
-0.0152318
-0.0152867
-0.0146002
-0.0134742
-0.0125405
-0.0122247
-0.0126091
-0.0133918
-0.0141745
-0.0146688
-0.0147375
-0.0143393
-0.0134193
-0.012156
-0.01103
-0.0105632
-0.0108103
-0.011236
-0.0113596
-0.0112223
-0.0111811
-0.011442
-0.0118814
-0.0122933
-0.0126503
-0.0129799
-0.0134055
-0.0138175
-0.0138861
-0.0133781
-0.0125954
-0.0120736
-0.0122247
-0.0129661
-0.0138999
-0.0145178
-0.0144354
-0.0136939
-0.0127739
-0.0124032
-0.0129661
-0.014202
-0.0153828
-0.0159321
-0.0157398
-0.0151631
-0.0146688
-0.0144903
-0.014559
-0.0146963
-0.0148885
-0.0152043
-0.0155613
-0.0157398
-0.0157948
-0.0160694
-0.016907
-0.0181291
-0.0191452
-0.0194335
-0.0189392
-0.017978
-0.0169482
-0.0160419
-0.0154103
-0.0153142
-0.0159458
-0.0170992
-0.0181291
-0.0184861
-0.0182527
-0.0178819
-0.0176759
-0.01747
-0.0170031
-0.016193
-0.0153142
-0.0147512
-0.0148473
-0.0156437
-0.0166324
-0.0171816
-0.0170306
-0.0163166
-0.0153416
-0.0143942
-0.0138175
-0.013639
-0.0135978
-0.0135291
-0.0136252
-0.0141333
-0.0148748
-0.0154378
-0.015781
-0.0162479
-0.017058
-0.0179231
-0.018335
-0.0180055
-0.0170718
-0.0159184
-0.0149022
-0.0142843
-0.0141196
-0.0142569
-0.0144628
-0.014559
-0.0145864
-0.01471
-0.0150121
-0.0153416
-0.015424
-0.0151357
-0.0146551
-0.0141882
-0.0137626
-0.0132682
-0.0128838
-0.012925
-0.0134055
-0.0138999
-0.0140646
-0.0140509
-0.0143255
-0.0150807
-0.0160557
-0.016701
-0.0165774
-0.0157673
-0.0148061
-0.014202
-0.0139685
-0.0138175
-0.0137214
-0.0140509
-0.0150533
-0.0163715
-0.0172915
-0.0173739
-0.0167148
-0.0159184
-0.0156163
-0.0162479
-0.0177858
-0.0195571
-0.020738
-0.0208067
-0.0201064
-0.0193374
-0.0189255
-0.0187332
-0.0184312
-0.0181153
-0.0181016
-0.0182527
-0.0181703
-0.0175661
-0.0166873
-0.0159458
-0.0155476
-0.0155751
-0.0160557
-0.0167697
-0.0173189
-0.0173464
-0.0169619
-0.0166049
-0.0164127
-0.0162067
-0.0158772
-0.015836
-0.0165774
-0.0180467
-0.0197082
-0.0209852
-0.0216305
-0.0220013
-0.0230586
-0.025695
-0.0300752
-0.0353755
-0.0407169
-0.0458661
-0.0513174
-0.0578122
-0.0657763
-0.0750037
-0.0846292
-0.0936369
-0.101766
-0.109744
-0.118792
-0.129695
-0.14219
-0.155221
-0.167703
-0.179374
-0.190881
-0.203088
-0.216215
-0.229754
-0.242909
-0.255253
-0.267103
-0.279269
-0.2923
-0.305825
-0.318677
-0.329662
-0.338601
-0.346305
-0.353939
-0.361931
-0.369826
-0.376815
-0.382624
-0.387718
-0.392785
-0.398044
-0.403001
-0.406955
-0.409537
-0.410704
-0.410704
-0.409784
-0.408342
-0.406818
-0.405678
-0.40506
-0.404552
-0.403358
-0.4009
-0.397481
-0.393869
-0.390601
-0.387457
-0.383818
-0.379246
-0.373822
-0.368082
-0.362645
-0.357935
-0.354104
-0.351028
-0.348474
-0.345934
-0.342913
-0.339178
-0.335045
-0.331104
-0.327822
-0.325172
-0.322811
-0.320366
-0.317881
-0.315835
-0.314737
-0.314558
-0.314558
-0.314105
-0.313418
-0.313501
-0.314997
-0.317648
-0.320408
-0.322275
-0.322852
-0.322577
-0.322344
-0.322797
-0.323854
-0.32498
-0.32579
-0.326285
-0.326806
-0.327795
-0.329566
-0.332189
-0.335347
-0.338382
-0.34073
-0.342364
-0.343586
-0.34478
-0.34614
-0.347637
-0.349023
-0.349957
-0.350342
-0.350506
-0.351001
-0.352044
-0.353472
-0.354804
-0.35571
-0.35604
-0.35582
-0.355134
-0.354241
-0.353541
-0.353335
-0.353596
-0.354022
-0.354365
-0.35442
-0.354049
-0.353143
-0.351893
-0.350754
-0.350149
-0.349998
-0.34982
-0.349339
-0.348872
-0.348845
-0.349243
-0.34949
-0.349092
-0.347884
-0.346044
-0.34397
-0.34213
-0.341059
-0.341059
-0.342007
-0.34327
-0.343984
-0.343696
-0.342693
-0.341554
-0.340702
-0.340098
-0.339398
-0.338382
-0.337201
-0.336377
-0.336185
-0.336253
-0.335924
-0.335059
-0.334235
-0.33407
-0.334688
-0.335677
-0.336679
-0.337572
-0.33808
-0.337695
-0.336212
-0.334111
-0.332367
-0.331832
-0.332573
-0.334056
-0.335581
-0.336748
-0.337366
-0.337311
-0.336734
-0.336212
-0.336459
-0.337572
-0.338794
-0.339233
-0.338588
-0.337407
-0.336432
-0.336308
-0.337215
-0.338711
-0.339975
-0.340386
-0.340043
-0.33948
-0.338958
-0.338258
-0.337173
-0.33602
-0.335429
-0.335581
-0.336061
-0.336281
-0.33591
-0.335224
-0.33477
-0.334757
-0.334825
-0.334358
-0.333246
-0.33212
-0.331681
-0.332024
-0.332546
-0.332532
-0.331804
-0.330816
-0.330198
-0.330294
-0.331008
-0.331928
-0.33256
-0.332505
-0.331544
-0.329882
-0.328056
-0.326724
-0.32623
-0.326559
-0.327465
-0.328427
-0.328729
-0.327946
-0.326367
-0.324829
-0.324074
-0.32417
-0.324554
-0.324692
-0.324362
-0.323785
-0.323387
-0.323415
-0.323525
-0.323181
-0.32222
-0.32108
-0.320257
-0.319748
-0.319337
-0.318952
-0.318705
-0.318705
-0.31898
-0.319433
-0.319831
-0.319941
-0.31968
-0.319213
-0.318691
-0.318142
-0.317455
-0.316618
-0.315698
-0.315011
-0.314819
-0.314943
-0.314737
-0.313707
-0.312073
-0.310672
-0.310288
-0.310974
-0.312169
-0.31313
-0.313295
-0.312567
-0.311221
-0.309629
-0.308173
-0.30713
-0.306814
-0.307349
-0.308352
-0.308956
-0.308407
-0.306772
-0.304933
-0.304081
-0.304768
-0.306361
-0.3075
-0.307349
-0.3061
-0.304576
-0.303299
-0.302379
-0.301747
-0.301445
-0.301459
-0.301623
-0.301692
-0.3015
-0.30095
-0.300127
-0.299454
-0.299468
-0.300209
-0.301088
-0.301321
-0.300731
-0.299948
-0.299783
-0.300456
-0.301198
-0.300909
-0.299152
-0.296708
-0.294964
-0.294675
-0.295458
-0.296227
-0.296337
-0.295952
-0.29565
-0.295705
-0.295842
-0.295582
-0.29473
-0.293591
-0.292671
-0.292231
-0.292121
-0.29197
-0.291476
-0.290611
-0.289677
-0.289114
-0.289155
-0.289567
-0.289705
-0.289183
-0.288222
-0.287508
-0.287563
-0.288359
-0.289334
-0.289663
-0.288702
-0.286395
-0.283539
-0.281411
-0.280903
-0.281795
-0.28299
-0.283443
-0.28299
-0.282249
-0.281878
-0.282001
-0.282152
-0.281754
-0.280724
-0.279544
-0.278775
-0.278555
-0.278431
-0.277827
-0.276646
-0.275397
-0.274683
-0.274889
-0.276001
-0.277566
-0.278802
-0.278953
-0.27769
-0.275342
-0.272815
-0.271044
-0.270495
-0.270865
-0.271415
-0.271607
-0.271538
-0.271607
-0.271964
-0.27239
-0.272554
-0.272458
-0.272129
-0.271483
-0.270275
-0.26849
-0.266471
-0.264728
-0.263533
-0.262805
-0.262366
-0.262119
-0.262091
-0.262434
-0.263272
-0.264412
-0.265332
-0.265524
-0.264947
-0.264027
-0.263354
-0.263121
-0.263094
-0.262764
-0.261913
-0.260746
-0.259784
-0.259276
-0.259125
-0.258878
-0.258301
-0.257409
-0.256352
-0.255088
-0.253647
-0.252164
-0.250996
-0.250461
-0.250818
-0.25204
-0.253701
-0.255088
-0.255651
-0.255157
-0.253674
-0.251518
-0.249321
-0.247824
-0.247426
-0.247962
-0.24895
-0.249925
-0.250584
-0.250667
-0.249925
-0.24836
-0.246383
-0.244694
-0.244048
-0.244735
-0.246287
-0.24766
-0.247893
-0.246987
-0.24571
-0.244968
-0.244996
-0.245353
-0.245408
-0.244845
-0.243842
-0.24306
-0.243128
-0.244103
-0.245257
-0.245573
-0.244735
-0.243266
-0.241989
-0.241275
-0.241041
-0.241096
-0.241302
-0.241536
-0.241632
-0.241467
-0.241082
-0.240588
-0.23997
-0.239201
-0.238419
-0.237911
-0.237705
-0.237554
-0.237073
-0.23618
-0.235109
-0.234231
-0.233777
-0.233764
-0.233983
-0.234176
-0.234258
-0.234382
-0.234684
-0.235178
-0.235576
-0.235494
-0.234711
-0.233434
-0.232157
-0.231237
-0.230606
-0.230043
-0.229686
-0.22985
-0.230537
-0.231155
-0.230963
-0.229699
-0.227777
-0.226074
-0.225237
-0.225415
-0.226212
-0.227077
-0.227708
-0.22801
-0.227901
-0.227338
-0.226349
-0.225113
-0.223767
-0.222463
-0.221337
-0.220554
-0.220129
-0.21984
-0.219428
-0.218824
-0.218151
-0.217575
-0.217273
-0.217396
-0.217987
-0.218879
-0.219772
-0.220197
-0.219799
-0.218495
-0.216765
-0.215391
-0.215062
-0.215913
-0.217561
-0.219346
-0.220513
-0.220513
-0.219332
-0.21752
-0.215776
-0.214444
-0.213593
-0.213249
-0.213387
-0.213867
-0.214581
-0.215666
-0.217163
-0.218563
-0.218907
-0.217643
-0.21535
-0.213359
-0.212425
-0.212123
-0.211396
-0.209803
-0.207908
-0.206535
-0.206068
-0.206343
-0.206974
-0.207633
-0.2081
-0.208251
-0.208059
-0.20751
-0.206741
-0.20604
-0.205656
-0.205519
-0.205244
-0.204461
-0.203143
-0.201688
-0.200768
-0.200795
-0.201674
-0.202937
-0.204049
-0.204667
-0.204681
-0.204118
-0.20328
-0.202457
-0.201894
-0.201729
-0.201866
-0.202045
-0.201935
-0.201276
-0.200205
-0.19912
-0.198447
-0.198365
-0.198749
-0.199298
-0.199573
-0.199189
-0.198172
-0.197088
-0.196607
-0.196992
-0.197939
-0.198887
-0.199353
-0.199175
-0.198488
-0.197788
-0.197555
-0.197898
-0.19831
-0.198172
-0.197362
-0.196291
-0.195536
-0.19544
-0.195921
-0.196538
-0.196882
-0.196662
-0.195783
-0.194287
-0.19246
-0.190799
-0.189783
-0.189398
-0.189233
-0.189055
-0.189028
-0.189357
-0.189879
-0.190085
-0.189604
-0.188519
-0.187256
-0.186185
-0.185402
-0.184867
-0.184675
-0.184963
-0.185801
-0.186817
-0.187435
-0.187242
-0.186364
-0.185265
-0.18429
-0.183508
-0.182931
-0.182684
-0.182945
-0.18359
-0.184139
-0.184194
-0.183782
-0.183192
-0.182546
-0.18175
-0.180844
-0.180185
-0.180089
-0.180459
-0.180885
-0.180954
-0.180432
-0.179333
-0.178001
-0.17704
-0.176903
-0.17737
-0.177782
-0.177699
-0.177301
-0.177177
-0.177713
-0.178825
-0.180102
-0.181105
-0.181407
-0.180748
-0.179141
-0.176917
-0.174733
-0.173237
-0.172701
-0.172784
-0.17288
-0.17255
-0.171767
-0.17093
-0.170532
-0.17071
-0.171067
-0.170738
-0.169296
-0.167401
-0.166275
-0.166399
-0.166961
-0.166893
-0.166041
-0.165053
-0.164613
-0.164861
-0.16563
-0.166522
-0.166948
-0.166426
-0.164984
-0.16324
-0.162087
-0.162183
-0.163487
-0.165218
-0.166234
-0.165849
-0.164215
-0.162238
-0.16103
-0.161263
-0.162622
-0.164064
-0.164517
-0.163652
-0.161895
-0.159917
-0.158174
-0.15691
-0.156361
-0.156691
-0.15772
-0.159011
-0.160178
-0.161002
-0.161345
-0.161126
-0.160467
-0.159656
-0.159025
-0.158723
-0.158668
-0.158791
-0.158956
-0.158984
-0.158682
-0.158091
-0.157569
-0.157597
-0.158242
-0.158984
-0.159135
-0.158585
-0.157803
-0.157322
-0.157144
-0.156842
-0.156018
-0.15459
-0.152956
-0.151761
-0.151624
-0.15264
-0.154109
-0.155111
-0.155125
-0.154356
-0.153285
-0.152269
-0.151445
-0.150882
-0.150621
-0.150649
-0.150869
-0.151074
-0.151157
-0.151061
-0.150786
-0.150347
-0.149894
-0.14966
-0.149839
-0.15036
-0.15091
-0.151061
-0.150676
-0.149935
-0.149235
-0.148754
-0.148617
-0.148754
-0.148974
-0.148864
-0.148369
-0.147738
-0.147326
-0.147079
-0.146777
-0.14631
-0.145857
-0.145555
-0.145376
-0.145211
-0.145074
-0.145033
-0.145239
-0.145596
-0.145843
-0.145747
-0.145417
-0.14517
-0.145115
-0.144909
-0.14403
-0.142328
-0.140282
-0.138895
-0.138991
-0.140598
-0.142836
-0.14447
-0.144635
-0.143344
-0.141284
-0.139403
-0.138456
-0.13873
-0.139925
-0.14138
-0.142355
-0.14241
-0.141504
-0.139938
-0.138359
-0.137384
-0.137151
-0.137288
-0.137288
-0.13689
-0.136135
-0.135201
-0.134322
-0.133814
-0.133938
-0.134776
-0.136066
-0.137275
-0.137961
-0.138085
-0.137879
-0.137467
-0.136753
-0.135654
-0.134391
-0.13343
-0.133114
-0.133265
-0.133265
-0.132702
-0.131837
-0.131439
-0.131933
-0.132977
-0.133883
-0.134322
-0.134487
-0.134776
-0.135421
-0.136286
-0.136931
-0.136822
-0.135709
-0.13391
-0.132222
-0.131302
-0.131192
-0.131302
-0.131041
-0.130327
-0.129654
-0.129503
-0.130038
-0.130986
-0.131768
-0.131919
-0.13137
-0.13045
-0.129599
-0.129091
-0.129105
-0.129613
-0.130409
-0.131068
-0.131109
-0.130231
-0.128638
-0.126963
-0.12618
-0.126743
-0.128267
-0.129764
-0.13045
-0.130176
-0.129201
-0.127869
-0.126441
-0.125177
-0.12445
-0.12456
-0.125452
-0.126633
-0.127361
-0.127168
-0.126303
-0.125493
-0.125232
-0.125301
-0.125081
-0.124299
-0.123269
-0.122527
-0.122335
-0.122376
-0.122143
-0.121401
-0.120413
-0.119575
-0.119012
-0.1186
-0.118339
-0.118463
-0.119026
-0.119767
-0.120344
-0.120632
-0.120715
-0.120454
-0.11952
-0.117625
-0.11503
-0.112696
-0.111762
-0.112696
-0.114783
-0.116733
-0.117639
-0.117419
-0.116582
-0.115758
-0.115483
-0.115854
-0.116527
-0.116843
-0.116458
-0.115621
-0.115003
-0.114975
-0.11525
-0.115195
-0.114426
-0.113231
-0.112311
-0.112133
-0.112668
-0.113437
-0.114014
-0.11411
-0.113561
-0.112353
-0.110897
-0.109908
-0.109908
-0.110773
-0.111858
-0.112586
-0.112861
-0.112751
-0.112201
-0.111062
-0.109634
-0.108535
-0.108096
-0.107972
-0.107711
-0.107396
-0.107615
-0.108659
-0.110004
-0.110746
-0.110581
-0.109991
-0.109675
-0.10984
-0.109991
-0.109469
-0.108
-0.106022
-0.104498
-0.104306
-0.105624
-0.107602
-0.108865
-0.108467
-0.106654
-0.104594
-0.1034
-0.103372
-0.104114
-0.105061
-0.105858
-0.106283
-0.106146
-0.105446
-0.10443
-0.103427
-0.10259
-0.101985
-0.101656
-0.10167
-0.102027
-0.102548
-0.10318
-0.10399
-0.104924
-0.105665
-0.105844
-0.105459
-0.104924
-0.104526
-0.104141
-0.103496
-0.102603
-0.101972
-0.102164
-0.103262
-0.104663
-0.105405
-0.104938
-0.103386
-0.101519
-0.100214
-0.100008
-0.100736
-0.101601
-0.101807
-0.101244
-0.100544
-0.10031
-0.100434
-0.100379
-0.0999258
-0.0994727
-0.0995962
-0.10042
-0.101285
-0.101285
-0.0998846
-0.0975503
-0.0954357
-0.0947491
-0.0958476
-0.0980446
-0.099967
-0.100626
-0.0999395
-0.0987449
-0.0980721
-0.0982918
-0.0988822
-0.0990195
-0.0982369
-0.0968225
-0.0956417
-0.0954632
-0.096342
-0.0974404
-0.0977425
-0.0969324
-0.0955044
-0.0944196
-0.0943097
-0.0951473
-0.0962046
-0.0965891
-0.0958751
-0.094447
-0.0932387
-0.0930602
-0.0940488
-0.0956417
-0.0968775
-0.0970697
-0.0962184
-0.0949826
-0.0941587
-0.094145
-0.0947629
-0.0955044
-0.0959026
-0.0958614
-0.0955455
-0.0952435
-0.0948453
-0.0940351
-0.0925521
-0.0906298
-0.0888447
-0.0876913
-0.087348
-0.0878286
-0.0890644
-0.0907534
-0.0923874
-0.0934584
-0.093733
-0.0931426
-0.0918656
-0.0904925
-0.0896961
-0.0896411
-0.0898196
-0.0897235
-0.0892567
-0.0886525
-0.0881032
-0.0877462
-0.0877188
-0.0882405
-0.089545
-0.0914125
-0.0930053
-0.0934447
-0.0925659
-0.0911378
-0.0901766
-0.0901217
-0.0906435
-0.0912889
-0.0918656
-0.0923599
-0.0927444
-0.0930739
-0.0935133
-0.0940351
-0.0943097
-0.0939115
-0.0926208
-0.0907946
-0.0891743
-0.0885426
-0.0891056
-0.0902178
-0.0908907
-0.0905062
-0.0892841
-0.0879522
-0.0872931
-0.0876638
-0.0886937
-0.0894626
-0.0891743
-0.0879385
-0.0865928
-0.0858925
-0.0860161
-0.0866203
-0.0872519
-0.0874029
-0.0868674
-0.0859886
-0.0854668
-0.0857964
-0.0867027
-0.0875265
-0.0877462
-0.0871695
-0.0859062
-0.0843958
-0.0832561
-0.0829678
-0.0834346
-0.084286
-0.0852334
-0.0861946
-0.0869498
-0.087197
-0.0867713
-0.0859062
-0.0850824
-0.0847528
-0.0851648
-0.0861671
-0.0870185
-0.0869635
-0.085714
-0.0838191
-0.0821714
-0.0814573
-0.0817457
-0.0826794
-0.0837504
-0.0845057
-0.0846155
-0.0841212
-0.0833248
-0.0826931
-0.0825009
-0.0827069
-0.0829952
-0.0830227
-0.082652
-0.0818693
-0.0807708
-0.079686
-0.0790818
-0.0791642
-0.0797821
-0.0806884
-0.0816221
-0.0822812
-0.0822675
-0.0814848
-0.0802765
-0.0792603
-0.0790269
-0.0797684
-0.0810179
-0.0820203
-0.08224
-0.0818143
-0.0813475
-0.0813338
-0.0819517
-0.0829403
-0.0836269
-0.083366
-0.0821988
-0.0809767
-0.080606
-0.0811003
-0.0816908
-0.0816908
-0.0811827
-0.0807021
-0.0806884
-0.0811553
-0.0817869
-0.082089
-0.0816633
-0.0804962
-0.0788621
-0.0771046
-0.0755392
-0.0745643
-0.0745917
-0.0757314
-0.0775028
-0.0790956
-0.079892
-0.0798783
-0.0794663
-0.0791505
-0.0790681
-0.0790132
-0.0787111
-0.0781069
-0.0773792
-0.0768437
-0.0766926
-0.0770634
-0.077901
-0.078972
-0.0798645
-0.0801254
-0.079535
-0.0782442
-0.0767338
-0.0755255
-0.0749625
-0.0749762
-0.0752646
-0.0755255
-0.075498
-0.0751685
-0.0748526
-0.0750586
-0.0759374
-0.0771046
-0.0779147
-0.0780795
-0.0777499
-0.0771046
-0.0761296
-0.0749213
-0.0738091
-0.0730676
-0.072587
-0.0721751
-0.0717768
-0.0715709
-0.0717082
-0.0721339
-0.0727243
-0.0732873
-0.0736855
-0.0738915
-0.0739189
-0.0736306
-0.0728616
-0.0717219
-0.0706784
-0.0701566
-0.0702252
-0.0707607
-0.0715571
-0.0723673
-0.0729165
-0.07315
-0.0732324
-0.0732873
-0.0732324
-0.0728479
-0.0720103
-0.0707882
-0.0694151
-0.068193
-0.0674378
-0.0673417
-0.0678085
-0.0685088
-0.0690718
-0.0693876
-0.0695387
-0.0696897
-0.0697584
-0.0695249
-0.0688521
-0.067836
-0.0666963
-0.0656253
-0.0647465
-0.0643208
-0.0646092
-0.0655292
-0.0663805
-0.0664354
-0.0655292
-0.0641972
-0.0631949
-0.0628928
-0.0632772
-0.0640599
-0.0649524
-0.0658862
-0.0668199
-0.0676438
-0.0680694
-0.067836
-0.0669984
-0.0659136
-0.0649936
-0.0644856
-0.0644444
-0.0647465
-0.0652271
-0.065639
-0.0658038
-0.065639
-0.065282
-0.0649524
-0.0647739
-0.0644856
-0.0638265
-0.0629202
-0.0621787
-0.061808
-0.0617668
-0.0620002
-0.0625495
-0.0634969
-0.0646916
-0.0657763
-0.0664491
-0.0666002
-0.066353
-0.0660097
-0.0658724
-0.0660372
-0.0663668
-0.0666826
-0.0669572
-0.067122
-0.0669435
-0.0662432
-0.0652545
-0.0644032
-0.0640462
-0.0641972
-0.0647327
-0.0654056
-0.0658724
-0.0658587
-0.0653644
-0.0645405
-0.063648
-0.0629889
-0.0629065
-0.063442
-0.0642659
-0.0648838
-0.0649524
-0.0642796
-0.0628516
-0.0611764
-0.0600779
-0.0600779
-0.060888
-0.061808
-0.0623161
-0.0624259
-0.0624122
-0.0625907
-0.0630575
-0.0636068
-0.0639226
-0.0638814
-0.0637716
-0.0639363
-0.0643071
-0.0644719
-0.0640874
-0.0631399
-0.0619179
-0.0608743
-0.0602289
-0.059817
-0.0593364
-0.0589107
-0.0589382
-0.0595835
-0.06038
-0.0607782
-0.0605859
-0.0599406
-0.059103
-0.0582928
-0.0576886
-0.0574003
-0.0574003
-0.0576337
-0.0580182
-0.0582242
-0.057771
-0.0565215
-0.0550797
-0.0543382
-0.0547776
-0.0560684
-0.0573866
-0.057977
-0.0575788
-0.0565078
-0.0555466
-0.0552857
-0.0557937
-0.0567275
-0.05762
-0.0580319
-0.0576749
-0.0567687
-0.055986
-0.0559722
-0.0567412
-0.0576749
-0.058183
-0.0580731
-0.0576063
-0.0571257
-0.0567549
-0.0564391
-0.0560409
-0.0556427
-0.0554642
-0.0557114
-0.0565215
-0.0579083
-0.0596385
-0.0610802
-0.0614647
-0.0605997
-0.0592403
-0.0584301
-0.0586224
-0.0593776
-0.0598719
-0.0594737
-0.0580594
-0.0563567
-0.0555466
-0.0563979
-0.0585262
-0.0606958
-0.0618492
-0.0617119
-0.0607644
-0.0597483
-0.0592265
-0.0592815
-0.0596659
-0.0600504
-0.0602426
-0.0601465
-0.0595835
-0.0583889
-0.0567137
-0.055066
-0.0541872
-0.0546678
-0.0564803
-0.0586773
-0.0598856
-0.0592952
-0.0571943
-0.0546403
-0.0525669
-0.0515645
-0.0517293
-0.0528553
-0.054352
-0.0554917
-0.0558349
-0.0553681
-0.0545305
-0.0539538
-0.0540499
-0.0547776
-0.055423
-0.0552857
-0.0542284
