LECROYHDO9204-MSöv,30454,Waveform
Segments,1,SegmentSize,2002
Ampl
-0.0135154
-0.0135429
-0.0132408
-0.0128151
-0.0122933
-0.0115656
-0.0108378
-0.0105632
-0.0110026
-0.0118676
-0.0126778
-0.0130348
-0.0128975
-0.0124581
-0.0120736
-0.0121011
-0.0125954
-0.0131721
-0.0133781
-0.0130073
-0.0122109
-0.0113871
-0.0110987
-0.0116617
-0.0128838
-0.014202
-0.0150807
-0.015273
-0.0148199
-0.0138861
-0.0128426
-0.0121285
-0.0119363
-0.012156
-0.0126229
-0.0131996
-0.0137488
-0.014147
-0.0143942
-0.0144766
-0.0141882
-0.0134467
-0.0125405
-0.0119638
-0.01195
-0.0123208
-0.012719
-0.0128975
-0.0127053
-0.012156
-0.0115244
-0.0111536
-0.0112772
-0.0118127
-0.0125817
-0.013227
-0.0134605
-0.0131446
-0.0126091
-0.0122384
-0.0121697
-0.012156
-0.0119912
-0.0117303
-0.0116754
-0.01195
-0.0124169
-0.0127053
-0.0124993
-0.0117578
-0.0107829
-0.0100826
-0.0100002
-0.0105495
-0.0114557
-0.012307
-0.0125954
-0.0121011
-0.0111536
-0.0105906
-0.0111124
-0.0126091
-0.0143805
-0.015479
-0.0153416
-0.0140921
-0.0125405
-0.0116479
-0.0117578
-0.0125405
-0.0134055
-0.0140097
-0.0141882
-0.0138449
-0.0131035
-0.0123208
-0.0119363
-0.0121835
-0.0129524
-0.0139548
-0.0146688
-0.0146414
-0.0139273
-0.0130073
-0.012307
-0.0119363
-0.0118814
-0.0121423
-0.0126366
-0.0131172
-0.013282
-0.0130211
-0.0124306
-0.0116617
-0.0109202
-0.0104121
-0.0103435
-0.0107554
-0.0115106
-0.012362
-0.0131309
-0.0137351
-0.014202
-0.0146002
-0.015067
-0.0156575
-0.0162891
-0.0165637
-0.0161655
-0.0150807
-0.0138175
-0.0129936
-0.0127739
-0.01287
-0.0128563
-0.0124993
-0.0119638
-0.0116342
-0.0119363
-0.0129112
-0.0139823
-0.0144079
-0.0139273
-0.0130623
-0.0127464
-0.0135291
-0.0151631
-0.0167834
-0.01747
-0.0168246
-0.0153416
-0.0138037
-0.0128563
-0.0125679
-0.0127327
-0.0130073
-0.013076
-0.0129112
-0.0128014
-0.0129799
-0.0133781
-0.0136664
-0.0136939
-0.0136939
-0.0138449
-0.0141058
-0.0142569
-0.0142843
-0.014353
-0.0145178
-0.0146551
-0.0144354
-0.0138037
-0.0129799
-0.0124444
-0.0124169
-0.0127602
-0.0131858
-0.0136115
-0.0140509
-0.0144491
-0.014504
-0.014147
-0.0135429
-0.0129936
-0.0127053
-0.012925
-0.0139136
-0.0155613
-0.0173189
-0.0184861
-0.0185959
-0.0176622
-0.0160557
-0.0144217
-0.013282
-0.0128288
-0.0129524
-0.0135154
-0.014504
-0.015836
-0.0171816
-0.0180467
-0.0180467
-0.0171542
-0.0159046
-0.0152593
-0.0158909
-0.0176073
-0.0192688
-0.0196395
-0.0184449
-0.0165225
-0.0151494
-0.0151769
-0.0163303
-0.0174974
-0.0176073
-0.0164539
-0.0146002
-0.0128838
-0.0118814
-0.0117853
-0.0124581
-0.0135291
-0.014504
-0.0150945
-0.0153416
-0.015424
-0.0153966
-0.0153279
-0.0153142
-0.015479
-0.015781
-0.015987
-0.0158634
-0.0153279
-0.0144628
-0.0135291
-0.0128151
-0.0124306
-0.012362
-0.0125405
-0.0127739
-0.0128288
-0.0125405
-0.0121148
-0.0120599
-0.012719
-0.0138175
-0.0146825
-0.0146002
-0.013433
-0.0117853
-0.0105906
-0.0104808
-0.0112909
-0.0122384
-0.0126503
-0.0124856
-0.0122796
-0.012513
-0.013227
-0.0139685
-0.0142843
-0.0141608
-0.0139548
-0.0140372
-0.0144217
-0.0148885
-0.0152593
-0.0153828
-0.0151769
-0.0147237
-0.0143393
-0.0144491
-0.0151494
-0.0160557
-0.0164951
-0.0161518
-0.0152593
-0.0144079
-0.0141333
-0.0146551
-0.0158085
-0.0170168
-0.0175936
-0.0171404
-0.0158909
-0.0144491
-0.0135429
-0.0136527
-0.0147512
-0.0164127
-0.0179506
-0.0186783
-0.0182527
-0.0169757
-0.01563
-0.014916
-0.0150533
-0.0157261
-0.0164401
-0.0166598
-0.0160419
-0.0146963
-0.0133369
-0.0128426
-0.0135566
-0.0149434
-0.0160557
-0.0162067
-0.0154652
-0.0144628
-0.0138861
-0.0138312
-0.0139548
-0.0139823
-0.0140646
-0.0142843
-0.0142569
-0.0134193
-0.0117578
-0.0101512
-0.00975305
-0.0111399
-0.0138175
-0.0164676
-0.0179506
-0.0179643
-0.0170992
-0.0161381
-0.0154515
-0.0149984
-0.0146688
-0.0144079
-0.0140372
-0.0133918
-0.0126641
-0.012307
-0.0125267
-0.0130211
-0.0133506
-0.013282
-0.0127602
-0.0117715
-0.0105632
-0.00956081
-0.00921753
-0.00961573
-0.0106181
-0.0118402
-0.0127602
-0.0131172
-0.013076
-0.0129936
-0.0130073
-0.0130073
-0.01287
-0.0127053
-0.0127464
-0.0130897
-0.0136802
-0.0143393
-0.0149022
-0.0152181
-0.0152318
-0.0148885
-0.0142294
-0.0134467
-0.0128014
-0.0124444
-0.0121972
-0.0118265
-0.0112635
-0.0106318
-0.010316
-0.0107692
-0.0122796
-0.0143942
-0.0160694
-0.016344
-0.0152593
-0.0136802
-0.0126366
-0.0126641
-0.0136939
-0.0152043
-0.0162754
-0.016193
-0.0149297
-0.0131721
-0.0118265
-0.0114557
-0.0121148
-0.0133781
-0.0145452
-0.0151906
-0.0154378
-0.0156437
-0.0159321
-0.0160419
-0.0158222
-0.0153416
-0.0147924
-0.014202
-0.0138037
-0.0140372
-0.0151357
-0.0166873
-0.0177995
-0.0177721
-0.0166598
-0.0150396
-0.0135978
-0.0127464
-0.0124856
-0.0126778
-0.0131996
-0.013996
-0.014861
-0.015479
-0.0158222
-0.0161381
-0.0165637
-0.016907
-0.0168795
-0.0166049
-0.0165088
-0.0168383
-0.0174288
-0.0178819
-0.0180192
-0.0178819
-0.0176897
-0.0174974
-0.017264
-0.0169619
-0.0167971
-0.0169757
-0.0174562
-0.0179643
-0.0183076
-0.0184586
-0.0186097
-0.0188843
-0.0193923
-0.0201888
-0.0212872
-0.0228663
-0.0251183
-0.0279743
-0.0309265
-0.0333158
-0.0350734
-0.0369408
-0.0400166
-0.0449461
-0.0517156
-0.0598582
-0.0687285
-0.0777774
-0.0867301
-0.0955867
-0.104512
-0.113781
-0.123722
-0.134638
-0.146612
-0.159299
-0.172221
-0.184936
-0.197225
-0.20902
-0.220431
-0.231677
-0.242991
-0.254663
-0.266842
-0.279447
-0.292135
-0.304493
-0.316206
-0.326985
-0.336734
-0.345659
-0.354186
-0.362466
-0.370156
-0.376747
-0.382157
-0.386784
-0.391123
-0.395435
-0.399691
-0.403536
-0.40642
-0.408081
-0.408727
-0.408782
-0.408452
-0.407614
-0.406145
-0.404099
-0.401724
-0.399266
-0.396643
-0.393567
-0.389805
-0.38548
-0.380948
-0.376554
-0.372545
-0.36903
-0.365926
-0.362878
-0.359569
-0.355848
-0.351866
-0.347788
-0.343764
-0.340029
-0.336995
-0.334949
-0.333535
-0.331914
-0.329429
-0.326271
-0.323195
-0.320916
-0.319652
-0.318952
-0.318238
-0.317263
-0.316343
-0.316041
-0.31659
-0.317867
-0.31946
-0.320765
-0.321204
-0.320572
-0.319391
-0.318664
-0.319076
-0.320559
-0.322605
-0.324664
-0.326394
-0.32774
-0.328756
-0.329635
-0.330692
-0.332367
-0.334825
-0.33764
-0.339975
-0.341361
-0.342199
-0.34327
-0.344959
-0.347032
-0.34901
-0.350424
-0.350987
-0.350918
-0.350795
-0.351207
-0.352085
-0.352772
-0.352539
-0.351399
-0.350081
-0.349463
-0.350012
-0.351577
-0.353335
-0.354241
-0.353665
-0.351879
-0.349875
-0.348515
-0.348048
-0.348062
-0.348117
-0.348021
-0.347691
-0.347238
-0.346868
-0.346799
-0.347046
-0.347307
-0.347293
-0.346991
-0.346689
-0.346717
-0.347101
-0.347444
-0.34717
-0.345893
-0.343737
-0.341416
-0.339823
-0.339357
-0.339823
-0.34062
-0.341265
-0.341416
-0.340963
-0.340084
-0.339192
-0.338588
-0.338176
-0.337572
-0.336597
-0.335388
-0.334386
-0.333988
-0.334262
-0.334839
-0.335347
-0.33569
-0.335951
-0.336102
-0.335938
-0.335471
-0.335004
-0.334812
-0.33488
-0.334963
-0.334963
-0.335031
-0.335526
-0.336542
-0.33786
-0.338972
-0.339535
-0.339288
-0.338189
-0.336501
-0.334812
-0.333713
-0.33337
-0.333631
-0.334262
-0.335169
-0.336171
-0.336899
-0.336981
-0.336295
-0.335059
-0.333699
-0.332532
-0.331763
-0.331447
-0.331489
-0.331612
-0.331557
-0.331187
-0.330541
-0.329759
-0.329154
-0.329086
-0.329539
-0.33017
-0.3305
-0.330321
-0.329731
-0.329058
-0.328427
-0.327767
-0.326944
-0.326037
-0.325337
-0.325131
-0.325406
-0.325914
-0.326339
-0.326449
-0.326106
-0.325392
-0.324651
-0.324294
-0.324486
-0.325076
-0.325694
-0.325996
-0.32579
-0.325117
-0.32428
-0.323483
-0.322728
-0.321767
-0.320476
-0.318993
-0.317565
-0.31648
-0.316096
-0.31681
-0.318636
-0.32082
-0.32222
-0.321959
-0.320105
-0.317689
-0.316069
-0.315986
-0.317057
-0.318211
-0.31865
-0.318417
-0.31806
-0.318018
-0.31832
-0.318623
-0.31854
-0.317922
-0.317016
-0.316398
-0.316384
-0.316851
-0.317208
-0.316989
-0.316082
-0.314668
-0.313075
-0.311743
-0.311235
-0.311798
-0.313075
-0.31416
-0.31416
-0.312979
-0.311318
-0.310054
-0.30945
-0.309175
-0.308832
-0.308407
-0.308077
-0.307926
-0.307885
-0.307706
-0.307198
-0.306498
-0.30599
-0.305811
-0.305578
-0.304878
-0.303889
-0.303106
-0.302626
-0.301953
-0.300607
-0.298877
-0.297518
-0.297023
-0.297229
-0.2976
-0.297779
-0.297792
-0.297751
-0.2976
-0.297078
-0.296172
-0.295321
-0.295074
-0.295609
-0.296419
-0.296762
-0.296419
-0.295801
-0.295444
-0.295485
-0.295678
-0.295664
-0.295156
-0.29403
-0.292465
-0.291023
-0.290323
-0.290583
-0.29149
-0.29241
-0.292822
-0.292588
-0.292025
-0.291558
-0.29138
-0.29127
-0.290858
-0.289966
-0.288826
-0.287865
-0.287398
-0.287425
-0.287714
-0.287988
-0.28792
-0.287412
-0.286643
-0.28597
-0.285503
-0.28494
-0.28391
-0.282455
-0.280999
-0.280038
-0.279708
-0.28001
-0.280862
-0.282001
-0.282921
-0.283114
-0.282537
-0.281535
-0.280505
-0.279708
-0.279228
-0.279132
-0.279392
-0.27975
-0.279928
-0.279777
-0.279338
-0.278747
-0.278074
-0.277154
-0.275822
-0.274202
-0.272815
-0.27217
-0.27228
-0.272637
-0.272637
-0.272142
-0.271442
-0.270948
-0.27092
-0.271442
-0.272403
-0.273378
-0.273708
-0.27287
-0.270907
-0.268408
-0.266156
-0.264604
-0.263863
-0.263972
-0.264906
-0.26632
-0.26746
-0.267584
-0.266719
-0.265483
-0.264398
-0.263451
-0.262407
-0.26135
-0.260787
-0.261089
-0.262064
-0.262997
-0.263203
-0.262476
-0.261185
-0.259826
-0.258603
-0.257381
-0.256022
-0.254649
-0.253633
-0.253221
-0.25318
-0.253042
-0.252479
-0.251587
-0.250708
-0.250214
-0.250227
-0.250749
-0.251765
-0.253097
-0.254278
-0.254663
-0.253866
-0.25204
-0.249761
-0.247728
-0.246644
-0.246932
-0.248566
-0.250818
-0.252589
-0.253125
-0.252383
-0.250832
-0.249115
-0.247673
-0.246767
-0.246575
-0.247165
-0.248236
-0.249074
-0.248786
-0.247124
-0.244762
-0.242868
-0.242318
-0.243197
-0.244735
-0.245833
-0.245751
-0.244474
-0.242607
-0.240973
-0.240272
-0.240753
-0.241893
-0.242703
-0.242538
-0.241673
-0.240725
-0.239943
-0.239037
-0.237883
-0.236908
-0.23662
-0.237073
-0.237705
-0.237897
-0.23743
-0.236496
-0.235535
-0.234945
-0.234945
-0.23548
-0.236153
-0.236579
-0.236579
-0.236277
-0.235768
-0.235054
-0.234286
-0.233764
-0.233654
-0.233723
-0.233572
-0.23294
-0.231883
-0.230592
-0.229329
-0.228422
-0.228244
-0.228903
-0.229919
-0.230537
-0.230194
-0.228972
-0.227351
-0.225909
-0.225099
-0.225058
-0.22558
-0.226088
-0.225937
-0.224756
-0.222957
-0.221516
-0.221337
-0.222367
-0.223548
-0.223754
-0.222793
-0.221419
-0.220486
-0.220211
-0.220197
-0.219909
-0.219071
-0.217822
-0.216572
-0.215556
-0.214746
-0.214142
-0.214005
-0.214622
-0.21568
-0.216408
-0.216133
-0.214801
-0.212961
-0.211464
-0.210874
-0.211217
-0.211972
-0.212412
-0.212027
-0.210929
-0.209803
-0.20935
-0.209748
-0.210462
-0.210915
-0.210901
-0.21064
-0.210434
-0.210352
-0.210297
-0.210132
-0.209913
-0.209734
-0.209611
-0.209295
-0.208567
-0.207592
-0.206864
-0.2067
-0.206919
-0.20707
-0.206892
-0.206329
-0.205477
-0.204544
-0.203802
-0.203486
-0.203624
-0.204063
-0.204599
-0.204956
-0.204942
-0.204557
-0.204036
-0.20372
-0.203692
-0.203843
-0.204008
-0.204228
-0.204461
-0.204489
-0.204022
-0.203088
-0.201935
-0.200919
-0.200218
-0.199916
-0.199916
-0.200026
-0.200012
-0.199655
-0.198859
-0.197912
-0.197266
-0.197239
-0.197596
-0.197953
-0.198035
-0.197967
-0.197829
-0.197458
-0.196552
-0.19511
-0.193655
-0.192831
-0.192968
-0.193779
-0.194547
-0.194589
-0.193669
-0.192172
-0.190799
-0.190195
-0.190456
-0.191128
-0.191623
-0.19187
-0.192172
-0.192749
-0.193298
-0.193216
-0.192254
-0.19073
-0.189261
-0.188465
-0.188602
-0.189371
-0.189824
-0.189082
-0.187188
-0.185087
-0.183796
-0.183631
-0.184194
-0.184977
-0.185691
-0.186268
-0.186611
-0.186501
-0.185773
-0.184428
-0.182766
-0.181256
-0.180336
-0.180198
-0.180555
-0.180844
-0.180679
-0.180308
-0.180336
-0.180967
-0.181544
-0.181187
-0.179814
-0.178331
-0.177617
-0.177768
-0.178235
-0.178358
-0.177974
-0.177342
-0.176999
-0.17726
-0.177905
-0.178303
-0.17796
-0.176889
-0.175543
-0.174459
-0.173978
-0.174143
-0.174761
-0.175475
-0.175955
-0.175914
-0.175228
-0.174033
-0.172742
-0.171795
-0.171355
-0.171246
-0.171287
-0.171465
-0.172001
-0.172989
-0.174239
-0.175324
-0.175859
-0.175653
-0.17472
-0.173113
-0.170847
-0.168129
-0.165451
-0.163611
-0.163309
-0.164641
-0.166961
-0.169241
-0.170587
-0.1706
-0.169584
-0.168225
-0.166961
-0.165794
-0.16471
-0.164023
-0.164188
-0.165122
-0.166165
-0.166687
-0.166577
-0.166193
-0.165987
-0.166206
-0.166769
-0.167291
-0.16736
-0.166934
-0.166247
-0.165712
-0.165533
-0.165561
-0.165396
-0.164723
-0.163735
-0.163007
-0.162856
-0.163034
-0.162897
-0.162073
-0.160769
-0.159629
-0.15919
-0.159478
-0.160041
-0.160384
-0.160274
-0.159835
-0.159313
-0.158709
-0.157926
-0.157061
-0.156567
-0.156828
-0.157748
-0.15875
-0.159203
-0.158791
-0.15772
-0.156581
-0.15588
-0.155729
-0.156031
-0.156636
-0.157267
-0.157583
-0.157418
-0.156951
-0.156375
-0.155578
-0.154315
-0.15264
-0.151006
-0.149907
-0.149523
-0.14966
-0.150003
-0.150319
-0.150553
-0.150717
-0.1508
-0.15069
-0.150374
-0.150072
-0.150058
-0.150415
-0.150937
-0.151157
-0.150649
-0.149482
-0.148301
-0.147875
-0.148452
-0.149592
-0.150525
-0.1508
-0.150443
-0.149715
-0.148905
-0.148273
-0.148054
-0.148342
-0.148878
-0.149262
-0.149138
-0.148575
-0.147889
-0.147367
-0.146996
-0.146516
-0.145788
-0.145019
-0.144593
-0.144511
-0.144429
-0.143989
-0.143234
-0.142534
-0.142245
-0.142575
-0.143399
-0.144236
-0.144511
-0.143948
-0.142795
-0.1416
-0.1409
-0.14079
-0.140913
-0.140721
-0.140007
-0.139101
-0.138607
-0.138785
-0.139321
-0.139568
-0.139101
-0.138057
-0.136973
-0.136382
-0.136492
-0.137137
-0.137851
-0.13825
-0.138304
-0.138236
-0.138153
-0.137851
-0.137027
-0.135668
-0.134171
-0.133059
-0.132592
-0.13262
-0.132894
-0.133348
-0.134103
-0.135174
-0.136259
-0.13689
-0.136794
-0.13597
-0.134625
-0.133087
-0.13181
-0.131219
-0.131508
-0.132428
-0.133444
-0.134048
-0.133869
-0.132881
-0.13126
-0.129379
-0.127786
-0.127059
-0.127429
-0.128569
-0.129777
-0.130505
-0.13056
-0.130038
-0.129352
-0.128981
-0.129242
-0.130025
-0.130821
-0.131151
-0.130917
-0.130382
-0.129805
-0.129228
-0.128651
-0.128171
-0.12802
-0.128349
-0.12905
-0.129791
-0.130285
-0.130491
-0.130464
-0.130176
-0.129599
-0.128748
-0.12769
-0.126482
-0.125301
-0.124367
-0.123955
-0.124216
-0.124848
-0.125342
-0.125191
-0.124299
-0.12309
-0.122321
-0.122404
-0.123145
-0.123942
-0.124367
-0.124326
-0.1239
-0.123228
-0.122486
-0.122006
-0.121992
-0.122363
-0.122775
-0.122829
-0.122472
-0.12206
-0.122102
-0.122747
-0.123612
-0.123997
-0.123571
-0.122665
-0.121964
-0.121964
-0.122527
-0.122926
-0.122459
-0.121058
-0.119438
-0.11849
-0.1186
-0.119369
-0.120179
-0.120742
-0.120962
-0.120838
-0.120248
-0.119122
-0.117625
-0.116156
-0.115236
-0.115195
-0.116005
-0.117323
-0.1186
-0.119342
-0.119273
-0.118394
-0.117131
-0.116142
-0.116019
-0.116815
-0.118161
-0.119424
-0.120028
-0.119575
-0.118284
-0.11687
-0.116019
-0.115827
-0.115881
-0.11573
-0.115264
-0.114604
-0.113877
-0.113094
-0.112298
-0.111707
-0.111652
-0.112311
-0.113451
-0.114371
-0.114234
-0.112819
-0.110897
-0.109853
-0.11043
-0.111954
-0.112998
-0.11271
-0.111515
-0.110334
-0.109744
-0.109716
-0.110114
-0.110719
-0.111144
-0.110966
-0.110197
-0.109414
-0.109236
-0.109771
-0.110526
-0.110801
-0.110307
-0.109359
-0.108631
-0.108604
-0.109167
-0.109785
-0.109936
-0.109455
-0.10859
-0.107835
-0.107574
-0.107698
-0.107698
-0.107231
-0.106503
-0.106119
-0.106462
-0.107313
-0.108165
-0.108673
-0.109016
-0.109496
-0.110087
-0.110307
-0.109757
-0.108467
-0.106956
-0.105816
-0.105391
-0.105693
-0.106421
-0.107011
-0.106874
-0.105995
-0.104965
-0.104347
-0.104224
-0.104237
-0.10421
-0.104169
-0.104114
-0.103798
-0.103125
-0.102411
-0.101985
-0.101752
-0.10145
-0.101079
-0.100997
-0.101505
-0.102384
-0.102974
-0.102741
-0.101834
-0.100997
-0.100873
-0.10156
-0.10259
-0.103427
-0.103716
-0.103441
-0.102658
-0.10167
-0.100846
-0.100255
-0.099761
-0.0992255
-0.0988548
-0.0989371
-0.0993765
-0.0996786
-0.0994177
-0.0985527
-0.0974816
-0.0967539
-0.0967951
-0.0976739
-0.0990195
-0.100324
-0.101162
-0.101409
-0.101189
-0.100722
-0.100118
-0.099404
-0.0985801
-0.0977563
-0.0969324
-0.096136
-0.095367
-0.0947217
-0.0942411
-0.0938154
-0.0934035
-0.093019
-0.0926895
-0.0924835
-0.0924148
-0.0925796
-0.0929366
-0.0932112
-0.0930739
-0.0925521
-0.0919892
-0.0917283
-0.0916871
-0.0915086
-0.0908357
-0.0898608
-0.089188
-0.0892567
-0.089751
-0.0898746
-0.0891743
-0.0881444
-0.0877188
-0.0884191
-0.0898883
-0.0912614
-0.0918656
-0.0914811
-0.0903277
-0.0888585
-0.0876089
-0.0870459
-0.0873755
-0.0885701
-0.0900943
-0.0911104
-0.0909593
-0.0897647
-0.0884053
-0.0879522
-0.0888447
-0.0906435
-0.0922638
-0.0926345
-0.0914262
-0.0892979
-0.0874304
-0.0867576
-0.0873892
-0.0887349
-0.0898883
-0.0901355
-0.0893116
-0.0879385
-0.0868674
-0.0865791
-0.0869635
-0.0874167
-0.0873892
-0.0866477
-0.0854531
-0.0845331
-0.0845194
-0.0852334
-0.0857689
-0.0852334
-0.0835582
-0.0815809
-0.0803039
-0.0803039
-0.0814711
-0.083009
-0.0839427
-0.0837779
-0.0829403
-0.0822675
-0.0822263
-0.0825284
-0.0825284
-0.0819517
-0.0811415
-0.0806747
-0.0807708
-0.0811553
-0.0814985
-0.0818006
-0.0821714
-0.0824048
-0.0821439
-0.0814436
-0.0809493
-0.0812239
-0.0821988
-0.0832973
-0.0839564
-0.083929
-0.0833248
-0.0823773
-0.081375
-0.080606
-0.0801391
-0.0798508
-0.07948
-0.0789308
-0.0783404
-0.0779833
-0.0779833
-0.0784227
-0.0793153
-0.0804275
-0.081169
-0.080963
-0.0798645
-0.0786562
-0.0781756
-0.0785875
-0.0793977
-0.0799057
-0.079686
-0.0786974
-0.0772556
-0.075855
-0.0750723
-0.0751273
-0.0759374
-0.0771732
-0.0784365
-0.0793702
-0.0797272
-0.07948
-0.0789033
-0.0785189
-0.0787523
-0.0796311
-0.0808394
-0.0817182
-0.0816221
-0.0804
-0.0785326
-0.076926
-0.076212
-0.076418
-0.0771457
-0.0777911
-0.0779696
-0.0777225
-0.077338
-0.0770084
-0.0766652
-0.0762395
-0.0758825
-0.0758138
-0.0761022
-0.076624
-0.0772968
-0.0779422
-0.0783541
-0.0783266
-0.0778735
-0.0772144
-0.0765828
-0.0760472
-0.0754431
-0.0746329
-0.0737129
-0.0730264
-0.0728204
-0.073095
-0.073658
-0.0742347
-0.0745231
-0.0741935
-0.0731774
-0.071873
-0.0710491
-0.0711177
-0.0719965
-0.0732735
-0.0744956
-0.0753744
-0.0758275
-0.0759099
-0.0756628
-0.074935
-0.0736718
-0.0723536
-0.0716533
-0.0717494
-0.0721888
-0.0725595
-0.072944
-0.0737129
-0.0748526
-0.0759374
-0.0765004
-0.0764455
-0.0760472
-0.0756902
-0.0754705
-0.0753058
-0.0750449
-0.0748664
-0.0749899
-0.0753882
-0.0755941
-0.0750586
-0.0737816
-0.0723261
-0.0714885
-0.0716533
-0.0725595
-0.0735756
-0.0740837
-0.0740425
-0.0738365
-0.0738091
-0.073864
-0.0737541
-0.0733971
-0.0729852
-0.0726419
-0.0723398
-0.0720377
-0.0717219
-0.0713924
-0.070953
-0.0704312
-0.0701428
-0.07039
-0.0712551
-0.0723673
-0.07315
-0.0731637
-0.0724634
-0.0714473
-0.0705136
-0.0697996
-0.0692778
-0.0690031
-0.0690443
-0.0694425
-0.0700467
-0.0704861
-0.0704175
-0.0697584
-0.0688109
-0.0681106
-0.0679458
-0.068193
-0.0686187
-0.0690993
-0.0695112
-0.0696897
-0.0696348
-0.0695936
-0.0697721
-0.0698957
-0.0695936
-0.0688384
-0.0681106
-0.0679047
-0.0684127
-0.0694014
-0.0703488
-0.0707607
-0.0704998
-0.0697996
-0.0690443
-0.0685226
-0.068344
-0.0684402
-0.0686461
-0.0688109
-0.0690443
-0.0695249
-0.0701978
-0.0707058
-0.0707882
-0.0703625
-0.0695936
-0.068756
-0.0682205
-0.0682067
-0.0684814
-0.0684814
-0.0678909
-0.0668885
-0.0659548
-0.0655429
-0.0659411
-0.0671906
-0.0688658
-0.0700879
-0.070033
-0.0684814
-0.0659548
-0.0634695
-0.0621238
-0.0623298
-0.0635381
-0.064719
-0.0651859
-0.0651172
-0.0650211
-0.0651172
-0.0652545
-0.065282
-0.0652408
-0.0651447
-0.0650211
-0.0648563
-0.0647053
-0.064513
-0.0642384
-0.0638951
-0.0636068
-0.0635381
-0.0639501
-0.0648701
-0.065845
-0.0660097
-0.0649387
-0.0632223
-0.0620002
-0.0618904
-0.0624534
-0.062728
-0.0622062
-0.0611077
-0.0601603
-0.059968
-0.0604761
-0.0611901
-0.0616982
-0.0620414
-0.0624259
-0.0627966
-0.0628241
-0.0622749
-0.0611214
-0.0596385
-0.0584439
-0.0581555
-0.0589107
-0.0600779
-0.0608605
-0.0610116
-0.0608605
-0.0607095
-0.0605997
-0.0605859
-0.0606958
-0.0607507
-0.0605173
-0.0600229
-0.0596385
-0.0595973
-0.0598307
-0.0601053
-0.0602426
-0.0600916
-0.0596385
-0.0590068
-0.0583752
-0.0579358
-0.0578534
-0.0582242
-0.0588421
-0.0593364
-0.0594325
-0.0592403
-0.0589794
-0.0588833
-0.059048
-0.0593638
-0.0594462
-0.058897
-0.057771
-0.0566725
-0.0563155
-0.0569472
-0.0581006
-0.0591304
-0.0595698
-0.0592677
-0.058334
-0.0571531
-0.0562881
-0.0562057
-0.0570021
-0.0582654
-0.0591716
-0.0589656
-0.0576063
-0.055986
-0.0551346
-0.0555054
-0.0567275
-0.0581418
-0.0591853
-0.0595149
-0.0590892
-0.0580868
-0.0568098
-0.0555878
-0.0547639
-0.0545991
-0.0550248
-0.0556152
-0.0559448
-0.0558349
-0.0553269
-0.0545579
-0.0538439
-0.053789
-0.0548051
-0.0565627
-0.0580319
-0.0582928
-0.0571394
-0.0552994
-0.0538576
-0.0534457
-0.0539263
-0.0548051
-0.0555878
-0.0560272
-0.0559997
-0.0555466
-0.0547502
-0.0536242
-0.0522099
-0.050878
-0.0501777
-0.050521
-0.0516195
-0.0526768
-0.0531299
-0.0530475
-0.0529651
-0.0532397
-0.0538714
-0.0545991
-0.0551072
-0.0550523
-0.0541872
-0.052718
-0.0511801
-0.0501639
