LECROYHDO9204-MSöv,30454,Waveform
Segments,1,SegmentSize,2002
Ampl
-0.00418801
-0.00418801
-0.00583576
-0.00885662
-0.0119461
-0.0146237
-0.0167521
-0.0184685
-0.0192923
-0.0183311
-0.0148297
-0.00913124
-0.00302086
0.00068656
-0.000480592
-0.00693425
-0.0157909
-0.0221072
-0.0222445
-0.0166147
-0.00892528
-0.00308952
-0.000274624
0.00116715
0.00281489
0.00480592
0.00611038
0.00556113
0.00247161
-0.00247161
-0.00782678
-0.0122208
-0.0153789
-0.0170267
-0.0166834
-0.0137312
-0.00899393
-0.00487457
-0.00411936
-0.00720888
-0.0113969
-0.0129073
-0.0101611
-0.00473726
-0.000137312
0.00130446
-0.00068656
-0.00453129
-0.00782678
-0.00796409
-0.00398205
0.00274624
0.00871931
0.0102984
0.00638501
-0.00034328
-0.00590441
-0.00782678
-0.00652232
-0.00418801
-0.00308952
-0.00446264
-0.00796409
-0.0116029
-0.01277
-0.0102984
-0.0051492
0.000137312
0.00288355
0.00123581
-0.00521785
-0.0155162
-0.0273937
-0.0375548
-0.042704
-0.0405757
-0.0321996
-0.0218326
-0.0137998
-0.00995512
-0.0091999
-0.00961184
-0.00988646
-0.00954318
-0.00892528
-0.00878796
-0.00940587
-0.0105044
-0.0118775
-0.0133193
-0.0144864
-0.0140745
-0.0115342
-0.00782678
-0.00542382
-0.00604173
-0.00995512
-0.0157222
-0.0208028
-0.0231371
-0.0229997
-0.0221759
-0.0221759
-0.0229997
-0.0246475
-0.027943
-0.0327489
-0.036525
-0.036113
-0.0309638
-0.0245788
-0.0205968
-0.019155
-0.0166834
-0.0101611
-0.0023343
-0.00336414
-0.0300027
-0.100993
-0.229105
-0.410837
-0.620925
-0.819752
-0.971207
-1.05998
-1.09541
-1.10131
-1.1009
-1.10715
-1.12232
-1.14216
-1.16022
-1.17072
-1.17113
-1.16441
-1.15665
-1.15328
-1.15514
-1.15919
-1.16186
-1.16152
-1.15884
-1.15472
-1.14985
-1.14395
-1.13646
-1.12692
-1.11497
-1.10131
-1.08779
-1.07653
-1.06932
-1.06602
-1.06506
-1.06465
-1.06437
-1.06506
-1.06787
-1.07302
-1.07968
-1.08689
-1.09314
-1.09685
-1.0974
-1.09602
-1.09602
-1.10076
-1.11058
-1.12136
-1.12685
-1.12417
-1.11587
-1.10818
-1.10646
-1.11188
-1.12088
-1.12836
-1.13152
-1.13131
-1.13076
-1.13118
-1.13083
-1.12726
-1.1193
-1.10859
-1.09836
-1.0917
-1.09012
-1.09335
-1.09953
-1.10598
-1.1103
-1.11154
-1.11092
-1.11092
-1.11284
-1.11593
-1.11806
-1.11758
-1.11477
-1.11037
-1.10509
-1.09987
-1.09602
-1.09424
-1.09431
-1.09575
-1.09898
-1.10474
-1.11326
-1.12335
-1.13303
-1.14017
-1.14347
-1.14292
-1.13763
-1.12458
-1.10042
-1.06451
-1.01995
-0.971894
-0.924247
-0.877835
-0.830669
-0.780481
-0.726723
-0.670837
-0.614883
-0.560507
-0.508535
-0.459377
-0.412554
-0.36628
-0.318495
-0.268651
-0.219974
-0.178986
-0.150906
-0.13587
-0.128936
-0.123443
-0.115342
-0.105318
-0.096393
-0.0909692
-0.0884975
-0.0862319
-0.0821812
-0.0763454
-0.070853
-0.0675575
-0.0669396
-0.0679694
-0.0685873
-0.0671455
-0.0633008
-0.0580143
-0.0526591
-0.0478532
-0.0436652
-0.0410563
-0.0418115
-0.0462741
-0.051492
-0.0531397
-0.0492263
-0.0418801
-0.0354951
-0.0340534
-0.0389966
-0.0484711
-0.0573964
-0.0597307
-0.0523845
-0.0383787
-0.0249221
-0.0185371
-0.0203222
-0.0260206
-0.0296594
-0.0285609
-0.0245788
-0.0220386
-0.0230684
-0.0261579
-0.0280803
-0.0273251
-0.0248535
-0.0226565
-0.0225878
-0.0249908
-0.0291788
-0.0334355
-0.0363877
-0.0377608
-0.0383787
-0.0392712
-0.0403697
-0.0396145
-0.0348086
-0.0261579
-0.0166834
-0.0105044
-0.00940587
-0.0123581
-0.0170267
-0.0219699
-0.0267758
-0.0306206
-0.0313758
-0.027737
-0.0212834
-0.0158595
-0.0137312
-0.0139372
-0.0137312
-0.0115342
-0.00768947
-0.00411936
-0.00260893
-0.00418801
-0.00830737
-0.0131819
-0.0174386
-0.0209401
-0.0241669
-0.0271878
-0.0289728
-0.0280116
-0.0240982
-0.0179879
-0.0109163
-0.00398205
0.00157909
0.00466861
0.00425667
-0.000411936
-0.00933721
-0.0208028
-0.0311698
-0.0366623
-0.0354265
-0.0287669
-0.0203908
-0.0140745
-0.0113282
-0.0108476
-0.00988646
-0.00714022
-0.00363877
-0.00219699
-0.00473726
-0.010985
-0.0181938
-0.0225192
-0.021146
-0.0152416
-0.00871931
-0.0051492
-0.00473726
-0.00535517
-0.00549248
-0.00549248
-0.00693425
-0.010573
-0.0154476
-0.0188804
-0.0185371
-0.0142804
-0.00775812
-0.000892528
0.00508054
0.00933721
0.0102297
0.00672828
-0.000617904
-0.00885662
-0.0146237
-0.0164088
-0.0148983
-0.0119461
-0.00878796
-0.00583576
-0.00315817
-0.00130446
-0.0010985
-0.00288355
-0.00583576
-0.00885662
-0.0116715
-0.0142118
-0.0159282
-0.0155849
-0.0127014
-0.00830737
-0.00411936
-0.00102984
0.00068656
0.00178506
0.00308952
0.00453129
0.00535517
0.00501189
0.00384473
0.00295221
0.0023343
0.000755216
-0.00295221
-0.00741484
-0.00974915
-0.00844468
-0.00494323
-0.00281489
-0.00391339
-0.00714022
-0.0100924
-0.0116715
-0.0128387
-0.0148983
-0.0183998
-0.0224505
-0.0254027
-0.0249221
-0.0197729
-0.0111909
-0.00370742
-0.00151043
-0.00494323
-0.00995512
-0.0115342
-0.00796409
-0.00192237
0.0023343
0.00212834
-0.00178506
-0.00672828
-0.0100238
-0.010573
-0.00906259
-0.00734619
-0.00734619
-0.00995512
-0.0135939
-0.0146924
-0.0107103
-0.00267758
0.00569845
0.0101611
0.00871931
0.00219699
-0.00624769
-0.0131133
-0.0158595
-0.0136625
-0.00768947
-0.000274624
0.00583576
0.0081014
0.0057671
0.000205968
-0.00528651
-0.00714022
-0.00363877
0.00384473
0.0115342
0.0162028
0.0167521
0.0142804
0.0104357
0.00590441
0.00130446
-0.00185371
-0.00212834
0.000480592
0.0040507
0.00638501
0.00659097
0.00487457
0.00164774
-0.00240296
-0.00583576
-0.0068656
-0.0040507
0.00185371
0.00775812
0.00974915
0.00535517
-0.00411936
-0.0145551
-0.0210087
-0.0207341
-0.0142118
-0.00473726
0.00363877
0.00768947
0.00624769
0.0010985
-0.00398205
-0.00528651
-0.00130446
0.00590441
0.0124267
0.0146924
0.0117402
0.00473726
-0.00370742
-0.0108476
-0.0143491
-0.0135252
-0.00899393
-0.00274624
0.00267758
0.00501189
0.00274624
-0.00288355
-0.0081014
-0.0098178
-0.00775812
-0.00446264
-0.00247161
-0.00199102
-0.00185371
-0.00102984
-0.000549248
-0.00267758
-0.00865065
-0.016958
-0.0239609
-0.0264325
-0.023549
-0.0168207
-0.00878796
-0.0017164
0.00295221
0.00432533
0.00295221
0.000823872
0.000549248
0.00288355
0.00604173
0.00700291
0.00391339
-0.00226565
-0.00823872
-0.0113969
-0.0116715
-0.0107103
-0.00988646
-0.00906259
-0.00714022
-0.00377608
0.00034328
0.00329549
0.00336414
0.000411936
-0.00480592
-0.0113282
-0.0179879
-0.0227938
-0.0232744
-0.0183311
-0.00940587
0.00034328
0.00741484
0.00988646
0.00817006
0.00473726
0.00212834
0.00102984
-0.000205968
-0.00350145
-0.0098178
-0.0183998
-0.0270505
-0.0329549
-0.033916
-0.0290415
-0.019567
-0.00871931
0
0.00480592
0.00597307
0.00439398
0.000480592
-0.00535517
-0.0113282
-0.0144864
-0.0128387
-0.00720888
-0.000961184
0.00226565
0.0010985
-0.00350145
-0.00913124
-0.0135939
-0.0152416
-0.0134566
-0.00892528
-0.00377608
-6.8656e-05
0.00144178
0.00123581
0.00068656
0.000411936
0.000137312
-0.00137312
-0.00473726
-0.00906259
-0.0124954
-0.0133879
-0.0116715
-0.00817006
-0.00418801
-0.00123581
-0.00034328
-0.00130446
-0.00308952
-0.00487457
-0.00590441
-0.00569845
-0.00384473
-0.000274624
0.00453129
0.00913124
0.0111909
0.00871931
0.00205968
-0.0057671
-0.010985
-0.0117402
-0.00926856
-0.00617904
-0.00466861
-0.00549248
-0.00782678
-0.00995512
-0.0102297
-0.00803275
-0.00446264
-0.00144178
-0.000549248
-0.00226565
-0.00542382
-0.00851334
-0.0104357
-0.0115342
-0.012564
-0.0131133
-0.0115342
-0.00679694
0.000480592
0.00789544
0.0131819
0.0146237
0.0114655
0.00411936
-0.00549248
-0.0140058
-0.0183998
-0.0177132
-0.0136625
-0.00899393
-0.00562979
-0.00384473
-0.00260893
-0.00157909
-0.00144178
-0.00288355
-0.0051492
-0.00659097
-0.00624769
-0.00501189
-0.00453129
-0.00569845
-0.00727753
-0.00693425
-0.00315817
0.0034328
0.0100924
0.0135939
0.0118775
0.00583576
-0.0010985
-0.00487457
-0.00459995
-0.00254027
-0.00192237
-0.00329549
-0.00425667
-0.0023343
0.00254027
0.00734619
0.0081014
0.00336414
-0.00432533
-0.0103671
-0.0124267
-0.0121521
-0.0129073
-0.0158595
-0.0190177
-0.0194296
-0.0155849
-0.00878796
-0.00185371
0.00247161
0.00391339
0.00398205
0.00384473
0.00336414
0.00192237
-0.000274624
-0.00157909
-0.00068656
0.00260893
0.00652232
0.00823872
0.00590441
0.000823872
-0.00384473
-0.00556113
-0.00398205
-0.000961184
0.00185371
0.0034328
0.0034328
0.00192237
-0.000480592
-0.00288355
-0.00459995
-0.00528651
-0.00487457
-0.0040507
-0.00432533
-0.00679694
-0.010985
-0.0148983
-0.0168894
-0.0164088
-0.0137998
-0.00954318
-0.00508054
-0.00240296
-0.00267758
-0.00528651
-0.00892528
-0.0123581
-0.0146237
-0.015173
-0.0135939
-0.0101611
-0.00569845
-0.00116715
0.00274624
0.00528651
0.00597307
0.00494323
0.0034328
0.00308952
0.00453129
0.00638501
0.00652232
0.00391339
-0.000205968
-0.00295221
-0.00247161
0.000961184
0.00432533
0.0040507
-0.00164774
-0.0111223
-0.0201162
-0.0246475
-0.023343
-0.0181252
-0.0124954
-0.00940587
-0.00961184
-0.0117402
-0.0129073
-0.0113282
-0.00741484
-0.00363877
-0.00185371
-0.00178506
-0.00192237
-0.00068656
0.00199102
0.00487457
0.00617904
0.00528651
0.00329549
0.00205968
0.0023343
0.00336414
0.00439398
0.00549248
0.00734619
0.00988646
0.0117402
0.0114655
0.00851334
0.00363877
-0.00178506
-0.0068656
-0.0114655
-0.0157909
-0.0197043
-0.0217639
-0.0210774
-0.0176446
-0.0128387
-0.00823872
-0.00446264
-0.000892528
0.00322683
0.00741484
0.0102297
0.0106417
0.00968049
0.00906259
0.00995512
0.0120148
0.0142804
0.0153103
0.0137998
0.00878796
0.00144178
-0.00590441
-0.0117402
-0.0163401
-0.0204595
-0.023549
-0.0244415
-0.0221072
-0.0168894
-0.0101611
-0.00350145
0.00199102
0.00597307
0.00837603
0.00926856
0.00885662
0.00693425
0.00350145
-0.000892528
-0.00459995
-0.0057671
-0.00418801
-0.00144178
0.000411936
0.000480592
-0.000892528
-0.00267758
-0.00350145
-0.00144178
0.00439398
0.0123581
0.0178506
0.0168894
0.00974915
0.000823872
-0.00501189
-0.0057671
-0.00363877
-0.00226565
-0.0040507
-0.00803275
-0.0116029
-0.012976
-0.01277
-0.0133879
-0.0164088
-0.0210087
-0.0242356
-0.0231371
-0.0172326
-0.008582
-0.000137312
0.00611038
0.0091999
0.00933721
0.0068656
0.00260893
-0.00288355
-0.00899393
-0.0148297
-0.019155
-0.0207341
-0.019155
-0.0152416
-0.0102984
-0.00562979
-0.00205968
-0.00034328
-0.000823872
-0.00281489
-0.00459995
-0.00439398
-0.00199102
0.00116715
0.00329549
0.00308952
-0.000137312
-0.00679694
-0.0152416
-0.0216953
-0.0221072
-0.0155162
-0.00542382
0.00302086
0.00638501
0.00453129
-6.8656e-05
-0.00466861
-0.0074835
-0.00844468
-0.008582
-0.00830737
-0.00755216
-0.00700291
-0.00823872
-0.0116029
-0.0146924
-0.0137312
-0.00659097
0.00487457
0.0154476
0.0199789
0.0166147
0.00762081
-0.00226565
-0.00871931
-0.00961184
-0.00597307
-0.000755216
0.00260893
0.00144178
-0.00453129
-0.0122894
-0.017164
-0.0164088
-0.0115342
-0.00720888
-0.00727753
-0.0117402
-0.0168207
-0.0185371
-0.015173
-0.00830737
-0.000617904
0.00583576
0.00974915
0.0102297
0.00734619
0.00315817
0.00068656
0.00151043
0.00377608
0.00432533
0.000755216
-0.00631635
-0.0135939
-0.01737
-0.0162028
-0.0116029
-0.00645366
-0.00267758
-0.000480592
0.00130446
0.00357011
0.0057671
0.00611038
0.0034328
-0.00123581
-0.00521785
-0.00604173
-0.00357011
0.00068656
0.00432533
0.00542382
0.00281489
-0.00295221
-0.00885662
-0.0108476
-0.00700291
0.000823872
0.008582
0.0122894
0.010779
0.00583576
0.00116715
-0.000480592
0.00144178
0.00528651
0.00892528
0.0107103
0.00961184
0.00549248
-0.000549248
-0.00665963
-0.0104357
-0.0104357
-0.00679694
-0.00212834
0.000411936
-0.000137312
-0.00185371
-0.00178506
0.00102984
0.00459995
0.00604173
0.00425667
0.000755216
-0.00185371
-0.00192237
-0.000549248
6.8656e-05
-0.00144178
-0.0040507
-0.00590441
-0.00604173
-0.00459995
-0.00178506
0.00130446
0.00315817
0.00199102
-0.00212834
-0.00665963
-0.00851334
-0.00624769
-0.00137312
0.00322683
0.00569845
0.00604173
0.00473726
0.00205968
-0.00178506
-0.00562979
-0.00755216
-0.00617904
-0.00212834
0.0023343
0.00473726
0.00411936
0.00164774
-0.00116715
-0.00357011
-0.00542382
-0.00700291
-0.00837603
-0.0100924
-0.0130446
-0.0173013
-0.0210774
-0.0214207
-0.017164
-0.0100924
-0.00384473
-0.00144178
-0.00370742
-0.00892528
-0.0136625
-0.0146924
-0.0110536
-0.00535517
-0.00192237
-0.00329549
-0.00823872
-0.01277
-0.0137312
-0.0117402
-0.0101611
-0.0113282
-0.0142118
-0.0155162
-0.012564
-0.00556113
0.00274624
0.008582
0.0091999
0.00432533
-0.00370742
-0.0104357
-0.0123581
-0.00906259
-0.00329549
0.0010985
0.00192237
-0.000549248
-0.00329549
-0.00260893
0.00322683
0.0116029
0.0176446
0.0180565
0.012976
0.0051492
-0.00281489
-0.00913124
-0.012564
-0.0127014
-0.0103671
-0.00782678
-0.00700291
-0.0081014
-0.00968049
-0.00961184
-0.00679694
-0.0023343
0.00144178
0.00336414
0.00363877
0.00281489
0.000823872
-0.00260893
-0.0068656
-0.0107103
-0.0129073
-0.0127014
-0.0100924
-0.0057671
-0.00137312
0.00137312
0.00164774
0.000137312
-0.00116715
-0.00034328
0.00240296
0.00501189
0.00562979
0.00446264
0.00281489
0.00130446
-0.000617904
-0.00315817
-0.0051492
-0.00549248
-0.00439398
-0.00336414
-0.0040507
-0.00617904
-0.00796409
-0.00782678
-0.00597307
-0.00398205
-0.00322683
-0.00357011
-0.00357011
-0.00247161
-0.000411936
0.00212834
0.00439398
0.00542382
0.0040507
-0.000137312
-0.00604173
-0.0111909
-0.0134566
-0.0129073
-0.0116715
-0.0124267
-0.0157909
-0.0197729
-0.0212834
-0.0190177
-0.0141431
-0.00906259
-0.00569845
-0.0051492
-0.00762081
-0.0120148
-0.0157909
-0.0158595
-0.0104357
-0.00102984
0.00823872
0.0133879
0.0131819
0.00961184
0.00569845
0.0034328
0.00288355
0.00288355
0.00205968
-0.000892528
-0.00590441
-0.0111909
-0.0140745
-0.0126327
-0.00741484
-0.00137312
0.00199102
0.000755216
-0.00432533
-0.0101611
-0.0138685
-0.0140058
-0.010985
-0.00624769
-0.0017164
0.000892528
0.00123581
0.00068656
0.000823872
0.00192237
0.00302086
0.00363877
0.00370742
0.00329549
0.00205968
-0.00068656
-0.00535517
-0.0116029
-0.0183311
-0.0232057
-0.0238923
-0.0196356
-0.0124954
-0.00597307
-0.00315817
-0.00453129
-0.00741484
-0.008582
-0.00693425
-0.0040507
-0.00281489
-0.00487457
-0.00961184
-0.0148297
-0.0179192
-0.017164
-0.0124267
-0.0057671
-0.000411936
0.00123581
-0.00102984
-0.00501189
-0.00817006
-0.00906259
-0.00837603
-0.00768947
-0.00755216
-0.00693425
-0.00425667
0.000823872
0.00617904
0.00892528
0.00768947
0.00357011
-0.000480592
-0.00185371
0
0.00370742
0.00693425
0.00803275
0.00631635
0.00205968
-0.00302086
-0.00672828
-0.00789544
-0.00693425
-0.00542382
-0.00398205
-0.00254027
-0.0010985
-0.000205968
-0.000892528
-0.00377608
-0.00851334
-0.0137312
-0.0179192
-0.019567
-0.0181252
-0.0140745
-0.00871931
-0.00384473
-0.00123581
-0.00102984
-0.00226565
-0.00363877
-0.0051492
-0.00707156
-0.00926856
-0.0107103
-0.010573
-0.00823872
-0.00398205
0.00102984
0.00466861
0.00508054
0.00185371
-0.00329549
-0.00817006
-0.0111223
-0.0118088
-0.0109163
-0.00899393
-0.00631635
-0.00336414
-0.0010985
-0.000823872
-0.00295221
-0.00638501
-0.00961184
-0.0118088
-0.0128387
-0.0126327
-0.0103671
-0.00638501
-0.00281489
-0.0023343
-0.00549248
-0.0101611
-0.0134566
-0.0135939
-0.0106417
-0.00624769
-0.00281489
-0.00164774
-0.00205968
-0.00288355
-0.0034328
-0.00453129
-0.00679694
-0.00892528
-0.00865065
-0.00473726
0.000755216
0.00391339
0.00281489
-0.00116715
-0.00439398
-0.00453129
-0.00185371
0.0017164
0.00363877
0.00226565
-0.00254027
-0.0091999
-0.0153103
-0.0181252
-0.0159968
-0.00947452
-0.00151043
0.00350145
0.00302086
-0.00178506
-0.00720888
-0.00995512
-0.00933721
-0.0068656
-0.00466861
-0.00446264
-0.00679694
-0.0107103
-0.0144178
-0.0168207
-0.0183311
-0.0192237
-0.0183998
-0.0144178
-0.00755216
-0.000480592
0.00398205
0.00459995
0.00254027
0.000205968
-0.000892528
-0.000274624
0.00144178
0.00357011
0.00446264
0.00240296
-0.00322683
-0.0103671
-0.0152416
-0.0148983
-0.0102297
-0.00480592
-0.00219699
-0.00315817
-0.00562979
-0.00720888
-0.00734619
-0.00734619
-0.00796409
-0.00823872
-0.00652232
-0.00254027
0.00192237
0.00377608
0.00151043
-0.00370742
-0.00851334
-0.0103671
-0.0091999
-0.0068656
-0.00528651
-0.00508054
-0.00556113
-0.00590441
-0.00569845
-0.00494323
-0.00432533
-0.00446264
-0.00521785
-0.0051492
-0.00226565
0.00439398
0.0128387
0.0183998
0.0164088
0.00508054
-0.0123581
-0.0291101
-0.0382414
-0.0364563
-0.025952
-0.0129073
-0.00384473
-0.00199102
-0.00535517
-0.00926856
-0.00968049
-0.0051492
0.00260893
0.0098178
0.0122894
0.00755216
-0.00322683
-0.0160655
-0.0256773
-0.0282863
-0.023343
-0.0143491
-0.0068656
-0.0051492
-0.00913124
-0.0144864
-0.0161342
-0.0116029
-0.00260893
0.00714022
0.0139372
0.0156536
0.0121521
0.00528651
-0.0017164
-0.00617904
-0.00693425
-0.00432533
-0.000755216
0.000755216
-0.0017164
-0.00645366
-0.00974915
-0.00933721
-0.00604173
-0.00288355
-0.00178506
-0.00240296
-0.00288355
-0.00212834
-0.000617904
0.00034328
-0.000274624
-0.0023343
-0.00391339
-0.00267758
0.00205968
0.0081014
0.0118088
0.0106417
0.00446264
-0.00466861
-0.0130446
-0.0172326
-0.0160655
-0.0111909
-0.00583576
-0.00254027
-0.00144178
-0.00164774
-0.00274624
-0.00521785
-0.00885662
-0.0112596
-0.0100238
-0.0057671
-0.00178506
-0.00116715
-0.00466861
-0.0110536
-0.0186744
-0.0249908
-0.0273251
-0.0236177
-0.0148297
-0.00459995
0.0023343
0.0034328
-0.000411936
-0.00597307
-0.0100238
-0.0111223
-0.00940587
-0.00624769
-0.00329549
-0.00178506
-0.00212834
-0.00315817
-0.0040507
-0.0051492
-0.00755216
-0.0118088
-0.0168207
-0.0209401
-0.0227938
-0.0216953
-0.0175759
-0.0117402
-0.00604173
-0.00212834
0
0.000892528
0.00130446
0.00157909
0.00151043
0.000205968
-0.00281489
-0.00734619
-0.0116715
-0.0135939
-0.0114655
-0.00556113
0.00205968
0.00830737
0.0102984
0.00707156
0.00034328
-0.00659097
-0.0103671
-0.00968049
-0.00597307
-0.00226565
-0.00123581
-0.00281489
-0.00487457
-0.00501189
-0.00226565
0.00192237
0.00508054
0.00480592
0.000823872
-0.00459995
-0.00844468
-0.00871931
-0.00638501
-0.00466861
-0.00679694
-0.0131133
-0.0201162
-0.0229997
-0.0196356
-0.0120148
-0.00453129
-0.000205968
0.000205968
-0.00247161
-0.00604173
-0.00789544
-0.00638501
-0.00192237
0.00350145
0.00796409
0.0100238
0.008582
0.00295221
-0.00556113
-0.0135252
-0.0178506
-0.0183311
-0.0168894
-0.0153789
-0.0136625
-0.0107103
-0.00672828
-0.00357011
-0.00267758
-0.00398205
-0.00590441
-0.00652232
-0.00459995
-0.00034328
0.00446264
0.0068656
0.00501189
-0.000549248
-0.00700291
-0.0115342
-0.01277
-0.0115342
-0.00940587
-0.00720888
-0.00508054
-0.00281489
-0.000892528
-0.000411936
-0.00226565
-0.00569845
-0.00844468
-0.00803275
-0.00494323
-0.00240296
-0.00350145
-0.0081014
-0.0130446
-0.0151043
-0.0135939
-0.0102984
-0.0074835
-0.00645366
-0.00659097
-0.0068656
-0.00679694
-0.00720888
-0.0091999
-0.0127014
-0.0158595
-0.0160655
-0.0122208
-0.00590441
-0.000137312
0.00226565
0.000755216
-0.00274624
-0.0051492
-0.00466861
-0.00219699
-0.000411936
-0.00192237
-0.00693425
-0.0138685
-0.0199789
-0.0227938
-0.0206654
-0.0141431
-0.00604173
0.000137312
0.00226565
6.8656e-05
-0.00487457
-0.0103671
-0.0137998
-0.0132506
-0.00865065
-0.00219699
0.00274624
0.00391339
0.000755216
-0.00562979
-0.0133193
-0.0196356
-0.0224505
-0.021146
-0.0179192
-0.0157909
-0.0165461
-0.0197043
-0.0225878
-0.0225192
-0.0183998
-0.0113282
-0.00398205
0.00151043
0.00487457
0.00631635
0.00569845
0.00192237
-0.00521785
-0.0137998
-0.0196356
-0.0197043
-0.0143491
-0.00782678
-0.00377608
-0.00288355
-0.00288355
-0.0023343
-0.00178506
-0.00226565
-0.00384473
-0.00549248
-0.00611038
-0.00562979
-0.00501189
-0.00562979
-0.00741484
-0.00871931
-0.00837603
-0.00659097
-0.00549248
-0.00700291
-0.0111223
-0.0153789
-0.0168207
-0.0146237
-0.0108476
-0.008582
-0.00871931
-0.0091999
-0.00768947
-0.00377608
0.00068656
0.00336414
0.00308952
0
-0.00487457
-0.00961184
-0.0118775
-0.0108476
-0.00796409
-0.00549248
-0.00466861
-0.00501189
-0.00446264
-0.0010985
0.00508054
0.0102984
0.0100238
0.00295221
-0.00734619
-0.0155849
-0.019155
-0.019155
-0.0181252
-0.0168894
-0.0144864
-0.00961184
-0.00295221
0.00281489
0.00480592
0.00219699
-0.0034328
-0.00899393
-0.0113969
-0.00906259
-0.00288355
0.0040507
0.00892528
0.010779
0.0103671
0.00885662
0.00707156
0.00494323
0.0023343
-0.00034328
-0.00178506
-0.00116715
0.00068656
0.00102984
-0.00192237
-0.00734619
-0.01277
-0.0162715
-0.0177819
-0.0183998
-0.0192923
-0.0205281
-0.0207341
-0.0182625
-0.0133879
-0.00899393
-0.00775812
-0.0100924
-0.0134566
-0.0157909
-0.0164774
-0.0157222
-0.0137312
-0.0105044
-0.00659097
-0.00308952
-0.00151043
-0.00254027
-0.00569845
-0.00899393
-0.0102984
-0.0091999
-0.00679694
-0.00501189
-0.00521785
-0.00775812
-0.0111909
-0.012976
-0.0118775
-0.0102297
-0.0114655
-0.0161342
-0.0197043
-0.0174386
-0.00968049
-0.0023343
-0.00144178
-0.00762081
-0.0153103
-0.0179879
-0.0133193
-0.00487457
0.0017164
0.00281489
-0.00151043
-0.00796409
-0.0126327
-0.0131133
-0.0102984
-0.00768947
-0.008582
-0.0127014
-0.0164774
-0.0158595
-0.00947452
0.00034328
0.00871931
0.0107103
0.00542382
-0.00288355
-0.00775812
-0.00597307
0.00068656
0.00734619
0.0098178
0.00693425
0.000961184
-0.00446264
-0.00659097
-0.00528651
-0.00226565
0.000274624
0.000892528
-0.000411936
-0.00212834
-0.00254027
-0.0017164
-0.00199102
-0.00562979
-0.0113282
-0.0151043
-0.0135939
-0.00672828
0.00254027
0.0106417
0.0157222
0.0174386
0.0163401
0.0121521
0.00418801
-0.00693425
-0.0181938
-0.0260206
-0.0287669
-0.0267758
-0.021352
-0.0138685
-0.00617904
-0.000480592
0.00137312
-0.000205968
-0.00315817
-0.0051492
-0.00542382
-0.00494323
-0.00501189
-0.00569845
-0.0057671
-0.00439398
-0.00219699
-0.00157909
-0.00459995
-0.0108476
-0.0166147
-0.017164
-0.0111909
-0.00192237
0.00528651
0.00720888
0.00466861
0.000480592
-0.00281489
-0.00398205
-0.00267758
0.00102984
0.00562979
0.00871931
0.00885662
0.0068656
0.00446264
0.00260893
0.00102984
-0.000274624
-0.00116715
-0.00192237
-0.0034328
-0.00604173
-0.00851334
-0.00926856
-0.00775812
-0.0051492
-0.00274624
-0.000480592
0.00185371
0.00329549
0.0023343
-0.00151043
-0.00652232
-0.0098178
-0.00947452
-0.00583576
-0.00116715
0.00212834
0.00315817
0.00212834
-0.000205968
-0.00329549
-0.00659097
-0.00906259
-0.00974915
-0.00796409
-0.00466861
-0.0017164
-0.00102984
-0.00288355
-0.00604173
-0.00817006
-0.00803275
-0.00617904
-0.00494323
-0.0057671
-0.00741484
-0.00720888
-0.00384473
0.00151043
0.00590441
0.00720888
0.00480592
-6.8656e-05
-0.00562979
-0.0100238
-0.0122894
-0.0123581
-0.010573
-0.00734619
-0.00336414
0.000755216
0.00432533
0.00597307
0.00453129
6.8656e-05
-0.00569845
-0.0101611
-0.0118088
-0.0102984
-0.00638501
-0.00151043
0.00226565
0.00336414
0.00192237
-0.000617904
-0.00302086
-0.00528651
-0.00782678
-0.0100238
-0.0108476
-0.0100238
-0.00817006
-0.0057671
-0.0034328
-0.00254027
-0.00439398
-0.00885662
-0.0134566
-0.0153789
-0.0134566
-0.00913124
-0.00494323
-0.00274624
-0.00219699
-0.00226565
-0.00247161
-0.0034328
-0.0051492
-0.00679694
-0.00741484
-0.00741484
-0.00796409
-0.00968049
-0.0118088
-0.0126327
-0.0107103
-0.00638501
-0.00151043
