LECROYHDO9204-MSöv,30454,Waveform
Segments,1,SegmentSize,2002
Ampl
-0.0168894
-0.0121521
-0.0091999
-0.00933721
-0.0118775
-0.015173
-0.017164
-0.0166147
-0.0135252
-0.00947452
-0.00645366
-0.00569845
-0.00714022
-0.00947452
-0.0109163
-0.0104357
-0.00830737
-0.00562979
-0.00350145
-0.00192237
-0.000617904
0.00116715
0.00357011
0.00583576
0.00665963
0.00494323
0.000480592
-0.00590441
-0.0126327
-0.0174386
-0.0178506
-0.0131133
-0.0057671
-0.00102984
-0.00267758
-0.00988646
-0.0177132
-0.0205281
-0.0159968
-0.00734619
-0.000274624
0.00178506
0.000411936
-0.000137312
0.00254027
0.00652232
0.00871931
0.00796409
0.00542382
0.00254027
-0.000823872
-0.0051492
-0.00988646
-0.0126327
-0.010985
-0.00556113
0.000137312
0.00185371
-0.00192237
-0.00940587
-0.0163401
-0.0190864
-0.0164088
-0.0103671
-0.00453129
-0.00192237
-0.00308952
-0.00631635
-0.0098178
-0.012564
-0.0145551
-0.0162028
-0.0178506
-0.0199789
-0.0221759
-0.0236177
-0.023343
-0.0212834
-0.0179192
-0.0141431
-0.0110536
-0.0100238
-0.0114655
-0.0146924
-0.0178506
-0.0190177
-0.016958
-0.0127014
-0.00871931
-0.00672828
-0.00700291
-0.00823872
-0.00954318
-0.010779
-0.0115342
-0.0116029
-0.0108476
-0.00988646
-0.00968049
-0.010985
-0.0137312
-0.0168894
-0.0186744
-0.0185371
-0.0172326
-0.0166147
-0.0176446
-0.0199789
-0.0227938
-0.0262266
-0.0307579
-0.0356324
-0.03831
-0.0353578
-0.0249908
-0.0101611
-0.000823872
-0.012976
-0.0641933
-0.168894
-0.330235
-0.533182
-0.743887
-0.921432
-1.0376
-1.08978
-1.09843
-1.09184
-1.09122
-1.10454
-1.12884
-1.15658
-1.17896
-1.19008
-1.18892
-1.17992
-1.1701
-1.1642
-1.16303
-1.16434
-1.16461
-1.16084
-1.15177
-1.13907
-1.12658
-1.11758
-1.11257
-1.10886
-1.10303
-1.09369
-1.08161
-1.06904
-1.05826
-1.05126
-1.04886
-1.05037
-1.05414
-1.05895
-1.06389
-1.0687
-1.07344
-1.07886
-1.08607
-1.09493
-1.10364
-1.10962
-1.11127
-1.10886
-1.10502
-1.10378
-1.10893
-1.12081
-1.1355
-1.14601
-1.14704
-1.13893
-1.12754
-1.1195
-1.11793
-1.1206
-1.12349
-1.12369
-1.12156
-1.11889
-1.1171
-1.11621
-1.11552
-1.11484
-1.1147
-1.11511
-1.1149
-1.11264
-1.10783
-1.10227
-1.09808
-1.0965
-1.0974
-1.10049
-1.10543
-1.11058
-1.11291
-1.11065
-1.10522
-1.10001
-1.09685
-1.09506
-1.09341
-1.09287
-1.09637
-1.10618
-1.12156
-1.13948
-1.15582
-1.16674
-1.16873
-1.15926
-1.13784
-1.10715
-1.07124
-1.03368
-0.9951
-0.953631
-0.906465
-0.851883
-0.790985
-0.727616
-0.66713
-0.613922
-0.568815
-0.528308
-0.486565
-0.439536
-0.387494
-0.334561
-0.28554
-0.24263
-0.205075
-0.170953
-0.13999
-0.114244
-0.0969422
-0.0889781
-0.0876737
-0.0883602
-0.0882229
-0.0871931
-0.0858886
-0.0832797
-0.0777186
-0.0692052
-0.0600053
-0.053689
-0.0523158
-0.0551994
-0.059662
-0.0624083
-0.0613098
-0.0558173
-0.0478532
-0.0408503
-0.0378294
-0.0389279
-0.0418801
-0.0438712
-0.0438712
-0.0426354
-0.0420861
-0.0432533
-0.0457935
-0.0481278
-0.0492263
-0.049089
-0.0477846
-0.0448323
-0.0394772
-0.0326116
-0.0264325
-0.0225878
-0.0206654
-0.0188804
-0.0166147
-0.0153103
-0.0170267
-0.0217639
-0.0266385
-0.0278743
-0.0239609
-0.0174386
-0.01277
-0.0124267
-0.0156536
-0.0208028
-0.0267758
-0.0328176
-0.0369369
-0.0375548
-0.0343966
-0.0294534
-0.0251967
-0.023343
-0.0243729
-0.0269131
-0.0286295
-0.0274624
-0.0234117
-0.0185371
-0.0155849
-0.0162028
-0.019567
-0.0236177
-0.0264325
-0.0267072
-0.0246475
-0.0212834
-0.0186744
-0.0184685
-0.0209401
-0.0242356
-0.0256087
-0.0238923
-0.0199789
-0.0150357
-0.00974915
-0.00432533
-0.000549248
-0.000480592
-0.00453129
-0.0108476
-0.0166834
-0.0203222
-0.0212834
-0.0200475
-0.0170267
-0.0116715
-0.00350145
0.00611038
0.0132506
0.0135939
0.00617904
-0.00583576
-0.0176446
-0.0265012
-0.0315131
-0.0324743
-0.0296594
-0.0243042
-0.0188804
-0.0159968
-0.0168894
-0.0205968
-0.0240296
-0.0229997
-0.0155849
-0.00453129
0.00439398
0.00659097
0.00178506
-0.00631635
-0.0129073
-0.0148297
-0.0119461
-0.0068656
-0.00308952
-0.00274624
-0.00494323
-0.00672828
-0.00542382
-0.00102984
0.00377608
0.00597307
0.0040507
-0.0010985
-0.00727753
-0.0116029
-0.0122894
-0.00968049
-0.00597307
-0.00315817
-0.00123581
0.00102984
0.00384473
0.00528651
0.00295221
-0.00377608
-0.0126327
-0.0196356
-0.0219013
-0.0187431
-0.0118088
-0.00432533
0.000617904
0.0010985
-0.00226565
-0.00679694
-0.00974915
-0.00995512
-0.008582
-0.00768947
-0.00837603
-0.0101611
-0.0116715
-0.0117402
-0.0104357
-0.00940587
-0.0101611
-0.012564
-0.0146237
-0.0145551
-0.0128387
-0.0116029
-0.0122894
-0.0142118
-0.014761
-0.0120835
-0.00645366
-0.000411936
0.00350145
0.00425667
0.00267758
0.000205968
-0.00205968
-0.00398205
-0.00508054
-0.0040507
0
0.00535517
0.00830737
0.00645366
0.00116715
-0.00377608
-0.00597307
-0.00569845
-0.00487457
-0.00508054
-0.00617904
-0.00782678
-0.00947452
-0.0100924
-0.00830737
-0.0034328
0.00247161
0.00597307
0.00535517
0.00130446
-0.00425667
-0.00961184
-0.0135252
-0.0148983
-0.0133193
-0.00954318
-0.00562979
-0.00288355
-0.00137312
-0.000549248
-6.8656e-05
0.000137312
0
-0.000137312
0.000755216
0.00370742
0.00851334
0.0132506
0.0152416
0.01277
0.0068656
0.000755216
-0.0017164
0.000961184
0.00679694
0.0113969
0.0113282
0.0068656
0.000961184
-0.00322683
-0.00480592
-0.00508054
-0.00521785
-0.00508054
-0.0040507
-0.00212834
-0.000755216
-0.00137312
-0.00411936
-0.0081014
-0.0113969
-0.012564
-0.0115342
-0.00974915
-0.00865065
-0.00837603
-0.00707156
-0.00329549
0.00212834
0.00645366
0.00734619
0.00528651
0.00308952
0.00322683
0.00549248
0.00693425
0.00535517
0.0010985
-0.00411936
-0.00878796
-0.01277
-0.0159968
-0.0178506
-0.0179192
-0.0167521
-0.0158595
-0.0154476
-0.0144178
-0.0111909
-0.00549248
0.000961184
0.00631635
0.00899393
0.0081014
0.00398205
-0.00164774
-0.00638501
-0.00851334
-0.00796409
-0.00652232
-0.00672828
-0.00995512
-0.0151043
-0.0199789
-0.0225192
-0.0216953
-0.0172326
-0.0101611
-0.0034328
0
-0.00034328
-0.0023343
-0.0034328
-0.00281489
-0.00205968
-0.0034328
-0.00803275
-0.0146924
-0.0202535
-0.0217639
-0.0186744
-0.0128387
-0.00714022
-0.00377608
-0.00322683
-0.00446264
-0.00590441
-0.00617904
-0.00418801
0.000617904
0.00775812
0.0144864
0.0167521
0.0122894
0.00329549
-0.00480592
-0.00755216
-0.0051492
-0.00102984
0.00178506
0.00267758
0.00260893
0.00212834
0.00123581
-0.000411936
-0.00281489
-0.00562979
-0.00796409
-0.00926856
-0.00926856
-0.00892528
-0.00899393
-0.00865065
-0.00617904
-0.000617904
0.00624769
0.0111909
0.0116029
0.00775812
0.0023343
-0.00157909
-0.00267758
-0.00151043
0.000205968
0.00116715
0.000961184
0
-0.00157909
-0.00329549
-0.00418801
-0.00315817
-0.000137312
0.00308952
0.00439398
0.00302086
0.00034328
-0.00157909
-0.00102984
0.00302086
0.00933721
0.0144178
0.0144864
0.00899393
0.00151043
-0.00302086
-0.00240296
0.00151043
0.00487457
0.00453129
-0.00068656
-0.00968049
-0.019155
-0.0250594
-0.0250594
-0.0200475
-0.0129073
-0.00604173
-6.8656e-05
0.00508054
0.008582
0.00913124
0.00590441
0.000205968
-0.00508054
-0.00741484
-0.00590441
-0.00164774
0.00322683
0.00659097
0.00665963
0.00329549
-0.00205968
-0.00679694
-0.00906259
-0.00871931
-0.00714022
-0.0057671
-0.00569845
-0.00659097
-0.00789544
-0.00865065
-0.00844468
-0.00762081
-0.00741484
-0.00878796
-0.0107103
-0.010779
-0.00714022
-0.00068656
0.0051492
0.00659097
0.00274624
-0.00384473
-0.00878796
-0.00926856
-0.00583576
-0.00102984
0.00281489
0.0051492
0.00645366
0.00693425
0.00624769
0.00391339
-0.000205968
-0.00501189
-0.00823872
-0.00762081
-0.00288355
0.00363877
0.00803275
0.00700291
-0.000480592
-0.0123581
-0.023755
-0.0290415
-0.0251281
-0.0141431
-0.00164774
0.00720888
0.0111223
0.0113969
0.00913124
0.00418801
-0.00295221
-0.00961184
-0.0127014
-0.0118088
-0.0103671
-0.0124954
-0.0186058
-0.0243729
-0.0254027
-0.0208028
-0.0133193
-0.00631635
-0.00185371
-0.000274624
-0.000961184
-0.0023343
-0.00363877
-0.00528651
-0.00844468
-0.0132506
-0.0172326
-0.017164
-0.0127014
-0.00707156
-0.00411936
-0.00494323
-0.0074835
-0.00968049
-0.0110536
-0.0122894
-0.0132506
-0.0130446
-0.0113969
-0.00885662
-0.00631635
-0.00425667
-0.00260893
-0.00157909
-0.00178506
-0.00302086
-0.00425667
-0.00473726
-0.00480592
-0.00542382
-0.00707156
-0.00899393
-0.0100238
-0.00968049
-0.00823872
-0.0068656
-0.00659097
-0.00707156
-0.00679694
-0.00418801
0.0010985
0.00693425
0.0102984
0.00906259
0.00363877
-0.00302086
-0.00741484
-0.00762081
-0.00466861
-0.00116715
0.000617904
0.000205968
-0.000549248
0.00034328
0.00288355
0.00494323
0.00370742
-0.00157909
-0.00940587
-0.0164774
-0.0199789
-0.0186058
-0.0131819
-0.00645366
-0.00178506
-0.00123581
-0.00418801
-0.008582
-0.0122894
-0.0145551
-0.0151043
-0.0133879
-0.00899393
-0.00295221
0.00151043
0.00102984
-0.00501189
-0.0135939
-0.0206654
-0.0239609
-0.0238923
-0.0216266
-0.0179192
-0.0128387
-0.00693425
-0.0017164
0.00102984
-0.000137312
-0.00487457
-0.0107103
-0.0142804
-0.0139372
-0.0109163
-0.00817006
-0.00720888
-0.0074835
-0.00775812
-0.00720888
-0.00569845
-0.00357011
-0.00144178
0.000549248
0.00240296
0.00418801
0.00569845
0.00583576
0.00336414
-0.0017164
-0.00775812
-0.0111909
-0.00926856
-0.00199102
0.00665963
0.0115342
0.00906259
-6.8656e-05
-0.0115342
-0.0200475
-0.0222445
-0.0182625
-0.0111909
-0.0040507
0.00137312
0.00473726
0.00569845
0.0034328
-0.00205968
-0.00885662
-0.0137998
-0.0144178
-0.0105044
-0.00322683
0.00542382
0.0137312
0.0197043
0.0214207
0.0175073
0.00871931
-0.0023343
-0.0124267
-0.019567
-0.0229997
-0.0220386
-0.017164
-0.0105044
-0.00508054
-0.00274624
-0.00336414
-0.00508054
-0.00569845
-0.00432533
-0.00123581
0.00240296
0.00542382
0.00672828
0.00494323
6.8656e-05
-0.00665963
-0.0130446
-0.0165461
-0.0156536
-0.0109163
-0.00535517
-0.00240296
-0.00308952
-0.0051492
-0.00521785
-0.00192237
0.00315817
0.00693425
0.00734619
0.00501189
0.00240296
0.00130446
0.00137312
0.000480592
-0.00260893
-0.00611038
-0.00714022
-0.00459995
-0.00130446
-0.000823872
-0.00418801
-0.00885662
-0.0105044
-0.00700291
-0.000755216
0.00357011
0.00288355
-0.00164774
-0.00631635
-0.00844468
-0.00817006
-0.00714022
-0.00624769
-0.00542382
-0.00446264
-0.00439398
-0.00631635
-0.00974915
-0.0126327
-0.0130446
-0.0120148
-0.0121521
-0.0143491
-0.0164088
-0.0153103
-0.010779
-0.0057671
-0.00329549
-0.00363877
-0.00494323
-0.00549248
-0.0051492
-0.00487457
-0.00583576
-0.00817006
-0.0112596
-0.0136625
-0.0136625
-0.0100238
-0.00260893
0.00645366
0.0133193
0.0146237
0.0102984
0.00377608
-0.000480592
0
0.00391339
0.00755216
0.00679694
0.00034328
-0.00906259
-0.0166834
-0.019567
-0.0183311
-0.0158595
-0.0142804
-0.0135939
-0.0126327
-0.0111909
-0.0101611
-0.0100238
-0.0100238
-0.00851334
-0.00432533
0.00151043
0.00672828
0.00899393
0.00741484
0.00288355
-0.00254027
-0.00672828
-0.00878796
-0.00899393
-0.00817006
-0.00665963
-0.00480592
-0.00377608
-0.00508054
-0.00844468
-0.0118088
-0.0123581
-0.008582
-0.00123581
0.00645366
0.0104357
0.00837603
0.00151043
-0.00590441
-0.00954318
-0.00817006
-0.00370742
6.8656e-05
0.000823872
-0.00123581
-0.00391339
-0.00569845
-0.00672828
-0.00823872
-0.0103671
-0.0118775
-0.0107103
-0.00597307
0.0010985
0.00762081
0.0108476
0.0100924
0.00659097
0.00164774
-0.00398205
-0.00913124
-0.0118088
-0.0105044
-0.00508054
0.00254027
0.00961184
0.0133879
0.0124954
0.00775812
0.00123581
-0.0051492
-0.010779
-0.0148297
-0.0162715
-0.014967
-0.0120835
-0.00913124
-0.00645366
-0.00377608
-0.00247161
-0.00473726
-0.0105044
-0.0159282
-0.0168894
-0.0124954
-0.00597307
-0.00178506
-0.00302086
-0.00988646
-0.0198416
-0.0280803
-0.03014
-0.0247848
-0.015173
-0.00665963
-0.0034328
-0.00521785
-0.00823872
-0.00837603
-0.00453129
0.000549248
0.00322683
0.00205968
-0.00116715
-0.00384473
-0.00494323
-0.00569845
-0.00720888
-0.00865065
-0.00796409
-0.00480592
-0.00199102
-0.00357011
-0.010573
-0.0192923
-0.0241669
-0.0224505
-0.0159282
-0.00906259
-0.00590441
-0.00720888
-0.0109163
-0.0136625
-0.0133193
-0.0105044
-0.00768947
-0.00775812
-0.0115342
-0.0162028
-0.0175759
-0.0133879
-0.00611038
-0.000755216
-0.000411936
-0.00336414
-0.00528651
-0.00370742
0
0.00205968
-0.000411936
-0.00700291
-0.0142118
-0.0183998
-0.0182625
-0.0155162
-0.012564
-0.0103671
-0.00892528
-0.00734619
-0.00542382
-0.00384473
-0.00370742
-0.00535517
-0.00768947
-0.00899393
-0.00899393
-0.00892528
-0.0104357
-0.0137312
-0.0172326
-0.0181938
-0.014761
-0.008582
-0.0034328
-0.00260893
-0.00604173
-0.0111909
-0.0157222
-0.0185371
-0.019155
-0.0172326
-0.0135939
-0.0104357
-0.00933721
-0.00954318
-0.0091999
-0.0074835
-0.00590441
-0.00624769
-0.00768947
-0.00700291
-0.00247161
0.00384473
0.00796409
0.0074835
0.00350145
-0.00116715
-0.00453129
-0.00617904
-0.0068656
-0.00768947
-0.00899393
-0.0100238
-0.0098178
-0.00851334
-0.00707156
-0.00672828
-0.00789544
-0.0106417
-0.0145551
-0.0186058
-0.0208028
-0.0199789
-0.0172326
-0.0153789
-0.0165461
-0.0201162
-0.0232057
-0.0226565
-0.0173013
-0.00906259
-0.00151043
0.00267758
0.00329549
0.00219699
0.000892528
-0.000617904
-0.00260893
-0.00501189
-0.00768947
-0.010573
-0.0132506
-0.0144864
-0.0131819
-0.00940587
-0.00425667
0.000549248
0.00329549
0.00336414
0.00130446
-0.00185371
-0.00569845
-0.0100924
-0.0133879
-0.0133879
-0.0100924
-0.00617904
-0.00535517
-0.00878796
-0.0143491
-0.0187431
-0.0205281
-0.0201162
-0.0176446
-0.0122208
-0.00377608
0.00473726
0.00885662
0.00645366
-0.000137312
-0.00611038
-0.00762081
-0.00425667
0.00102984
0.00425667
0.00308952
-0.00212834
-0.00954318
-0.0168894
-0.0217639
-0.0221072
-0.0170953
-0.00906259
-0.00240296
-0.000755216
-0.00370742
-0.00762081
-0.00947452
-0.00878796
-0.00714022
-0.00604173
-0.00542382
-0.00459995
-0.00302086
-0.0017164
-0.0023343
-0.00597307
-0.0116715
-0.0173013
-0.0206654
-0.0208028
-0.0182625
-0.0145551
-0.0111223
-0.00796409
-0.00425667
-0.000411936
0.00137312
-0.00116715
-0.00714022
-0.0130446
-0.0153103
-0.0137312
-0.0107103
-0.00906259
-0.00947452
-0.0105044
-0.0103671
-0.00885662
-0.0074835
-0.00817006
-0.0107103
-0.0128387
-0.0119461
-0.00755216
-0.00157909
0.00315817
0.00542382
0.0057671
0.00473726
0.00178506
-0.00357011
-0.0100238
-0.0146237
-0.0153103
-0.0134566
-0.0122894
-0.0134566
-0.015173
-0.0139372
-0.0081014
0.000137312
0.00638501
0.00707156
0.00219699
-0.00542382
-0.012564
-0.0174386
-0.0197729
-0.0201849
-0.0194296
-0.0175073
-0.0141431
-0.00947452
-0.00494323
-0.00295221
-0.00501189
-0.0098178
-0.0135939
-0.0131133
-0.00796409
-0.000617904
0.00597307
0.0100238
0.010779
0.00830737
0.0034328
-0.00185371
-0.00549248
-0.00617904
-0.00398205
-0.000137312
0.00315817
0.00357011
0
-0.00631635
-0.0122894
-0.0148983
-0.012976
-0.00768947
-0.00157909
0.00240296
0.00199102
-0.00288355
-0.00940587
-0.0136625
-0.012976
-0.00775812
-0.000617904
0.00604173
0.0106417
0.0124267
0.0110536
0.00714022
0.00226565
-0.00192237
-0.00494323
-0.00714022
-0.00954318
-0.0124954
-0.0155849
-0.0176446
-0.0177132
-0.0165461
-0.0160655
-0.016958
-0.0180565
-0.0176446
-0.0155162
-0.0128387
-0.0107103
-0.00968049
-0.0098178
-0.0111909
-0.0144178
-0.019155
-0.0232057
-0.0234803
-0.0192237
-0.0134566
-0.0105044
-0.0122894
-0.0172326
-0.0224505
-0.025952
-0.0270505
-0.0258146
-0.0223132
-0.0166147
-0.00885662
0
0.00830737
0.0142118
0.0165461
0.0153789
0.0119461
0.00768947
0.00357011
0
-0.00302086
-0.00604173
-0.00947452
-0.0137998
-0.0186744
-0.0226565
-0.0236177
-0.0206654
-0.0146237
-0.00741484
-0.00144178
0.00116715
-0.000617904
-0.00549248
-0.010985
-0.0150357
-0.016958
-0.0168894
-0.0146924
-0.0103671
-0.00494323
-0.000617904
0.000755216
-0.0010985
-0.00466861
-0.00796409
-0.00974915
-0.00940587
-0.00693425
-0.00288355
0.00164774
0.00521785
0.00604173
0.00315817
-0.00302086
-0.0104357
-0.0166147
-0.0190864
-0.0159282
-0.00775812
0.00199102
0.00823872
0.00782678
0.00157909
-0.00693425
-0.0140058
-0.01737
-0.0170953
-0.0140745
-0.00974915
-0.00473726
0.000411936
0.00494323
0.00817006
0.00995512
0.010573
0.0100924
0.00796409
0.00418801
0.000961184
0.00068656
0.00398205
0.00837603
0.0106417
0.00899393
0.00473726
0.000755216
-0.000274624
0.0017164
0.00453129
0.00542382
0.00322683
-0.0017164
-0.00775812
-0.01277
-0.0154476
-0.0153789
-0.0128387
-0.008582
-0.00391339
-0.000617904
-0.000137312
-0.00281489
-0.00714022
-0.0111223
-0.0127014
-0.0113969
-0.00878796
-0.0068656
-0.00645366
-0.00624769
-0.00432533
-0.000274624
0.0040507
0.00611038
0.0051492
0.00247161
0.000137312
-0.000892528
-0.0010985
-0.00226565
-0.00542382
-0.00947452
-0.0117402
-0.0101611
-0.00535517
-0.000205968
0.00205968
0.000549248
-0.00302086
-0.0057671
-0.00562979
-0.0023343
0.00308952
0.00865065
0.0120148
0.0116715
0.00803275
0.00336414
-0.000137312
-0.00205968
-0.00336414
-0.00411936
-0.00357011
-0.0010985
0.00322683
0.00782678
0.0102984
0.00768947
-0.00068656
-0.0118088
-0.0204595
-0.0227251
-0.0183998
-0.0105044
-0.00350145
-0.00034328
-0.00164774
-0.00542382
-0.00878796
-0.00947452
-0.00720888
-0.00370742
-0.00199102
-0.0040507
-0.00954318
-0.0157222
-0.0197729
-0.0201162
-0.017164
-0.0123581
-0.00714022
-0.00281489
-0.000480592
-0.000617904
-0.00336414
-0.00803275
-0.0123581
-0.0134566
-0.0100924
-0.00439398
-0.00034328
-0.00102984
-0.00672828
-0.0156536
-0.0242356
-0.0284922
-0.0256087
-0.0165461
-0.00638501
-0.000755216
-0.00185371
-0.0068656
-0.010985
-0.0111223
-0.00768947
-0.00254027
0.00192237
0.00391339
0.0017164
-0.00480592
-0.0133879
-0.019361
-0.0190864
-0.0130446
-0.00624769
-0.00370742
-0.00611038
-0.00995512
-0.010985
-0.00789544
-0.00247161
0.00247161
0.00549248
0.00665963
0.00590441
0.00226565
-0.00480592
-0.0136625
-0.0201162
-0.0202535
-0.0136625
-0.00370742
0.00494323
0.00878796
0.00768947
0.00446264
0.00302086
0.00494323
0.00871931
0.0118088
0.0131133
0.0127014
0.0109163
0.00768947
0.00254027
-0.00459995
-0.0123581
-0.0179879
-0.0182625
-0.0122894
-0.00254027
0.00624769
0.00961184
0.00659097
6.8656e-05
-0.00549248
-0.00741484
-0.00611038
-0.00411936
-0.00267758
-0.00123581
0.00130446
0.00480592
0.00789544
0.00885662
0.00659097
0.00151043
-0.00377608
-0.00659097
-0.00659097
-0.00597307
-0.0074835
-0.0119461
-0.0170267
-0.0197043
-0.0179879
-0.0130446
-0.00803275
-0.00590441
-0.00734619
-0.0105044
-0.012976
-0.0127014
-0.00899393
-0.00288355
0.00267758
0.00494323
0.00308952
-0.00178506
-0.00762081
-0.0128387
-0.0163401
-0.0177819
-0.0177132
-0.0168207
-0.0156536
-0.0137312
-0.0110536
-0.00851334
-0.0074835
-0.00830737
-0.00961184
-0.00954318
-0.00714022
-0.00315817
0.000617904
0.00274624
0.00254027
0.000274624
-0.00357011
-0.00768947
-0.00988646
-0.00803275
-0.00260893
0.00288355
0.00453129
0.0010985
-0.00542382
-0.0117402
-0.0152416
-0.0158595
-0.0150357
-0.0142118
-0.0128387
-0.00961184
-0.00453129
0.000480592
0.00302086
0.00240296
-0.000137312
-0.00322683
-0.00645366
-0.00926856
-0.0104357
-0.00865065
-0.00446264
0
0.00260893
0.00274624
0.00116715
-0.000961184
-0.00260893
-0.00329549
-0.00308952
-0.0023343
-0.0017164
-0.00192237
-0.00350145
-0.00672828
-0.0112596
-0.0153103
-0.0162715
-0.01277
-0.00679694
-0.00240296
-0.00254027
-0.00645366
-0.010985
-0.0126327
-0.010573
-0.00727753
-0.0068656
-0.0113282
-0.0179879
-0.0218326
-0.0194983
-0.0118088
-0.00302086
0.0023343
0.0017164
-0.0040507
-0.0111909
-0.0154476
-0.0148297
-0.0104357
-0.00535517
-0.00185371
-0.0010985
-0.00281489
-0.00624769
-0.0100238
-0.012564
-0.0131819
-0.0123581
-0.0106417
-0.00823872
-0.00480592
0
0.00569845
0.0104357
0.0121521
0.0102984
0.00604173
0.000755216
-0.00494323
-0.0104357
-0.0137312
-0.012976
-0.00768947
-0.000137312
0.00611038
0.00830737
0.00652232
0.00274624
-0.00034328
-0.00144178
-0.00102984
-0.000823872
-0.00274624
-0.00720888
-0.0123581
-0.015173
-0.0137312
-0.00913124
-0.00453129
-0.00281489
-0.00432533
-0.00727753
-0.00954318
-0.0104357
-0.0109163
-0.01277
-0.0166147
-0.0207341
-0.0221759
-0.0192237
-0.0128387
-0.00597307
-0.000892528
0.00144178
0.00199102
0.00247161
0.00439398
0.00768947
0.0104357
0.00988646
0.00473726
-0.00329549
-0.00974915
-0.0113969
-0.00933721
-0.00762081
-0.0091999
-0.0133879
-0.0179192
-0.0210087
-0.0220386
-0.0210087
-0.0188804
-0.0172326
-0.0172326
-0.0179192
-0.0170953
-0.0136625
-0.00906259
-0.00569845
-0.00418801
-0.00363877
-0.00260893
-0.000411936
0.0023343
0.00350145
0.000755216
-0.00604173
-0.0140745
-0.0192923
-0.0194983
-0.0148297
-0.0068656
0.00226565
0.0098178
0.0133193
0.0112596
0.00391339
-0.00679694
-0.0177132
-0.0253341
-0.0272564
-0.0232744
-0.0159282
-0.00885662
-0.00480592
-0.00384473
-0.00480592
-0.00652232
-0.00851334
-0.0102984
-0.0111223
-0.010573
-0.00899393
-0.00679694
-0.00466861
-0.00329549
-0.00329549
-0.00459995
-0.00611038
-0.00604173
-0.0034328
0.00068656
0.00446264
0.00672828
0.00727753
0.00659097
0.00473726
0.00164774
-0.00281489
-0.00837603
-0.0142118
-0.0190177
-0.0216266
-0.0217639
-0.0196356
-0.0153103
-0.00961184
-0.00398205
-0.000617904
-0.0010985
-0.00556113
-0.0127014
-0.0199102
-0.0243042
-0.0247161
-0.0216953
-0.0173013
-0.0131819
-0.0107103
-0.0103671
-0.0113282
-0.010985
-0.00734619
-0.00157909
0.00240296
0.000892528
-0.00672828
-0.0175073
-0.0265699
-0.0295221
-0.0251281
-0.0158595
-0.00672828
-0.00192237
-0.00219699
-0.00494323
-0.00672828
-0.00569845
-0.00240296
0.00116715
0.00357011
0.0040507
0.00212834
-0.0017164
-0.00631635
-0.00988646
-0.0118088
-0.0122894
-0.0114655
-0.00885662
-0.00425667
0.0010985
0.00466861
0.00432533
-0.000755216
-0.00933721
-0.0183998
-0.0240982
-0.0243729
-0.0199102
-0.0135939
-0.00823872
-0.00439398
-0.0017164
-0.000411936
-0.00137312
-0.0057671
-0.0126327
-0.019155
-0.0221759
-0.0204595
-0.0157909
-0.010573
-0.00638501
-0.00384473
-0.00315817
-0.00363877
-0.00315817
-0.000205968
0.00432533
0.00817006
0.0098178
0.00968049
0.00878796
0.00714022
0.00377608
-0.0017164
-0.00803275
-0.0124267
-0.0127014
-0.00906259
-0.00370742
0.000480592
0.00226565
0.00212834
0.00185371
0.00254027
0.00336414
0.00219699
-0.00247161
-0.00926856
-0.0150357
-0.017164
-0.0157222
-0.0128387
-0.010779
-0.0102297
-0.0106417
-0.0113969
-0.0124267
-0.0141431
-0.0163401
-0.0181938
-0.0188117
-0.0177132
-0.0148983
-0.0113282
-0.00830737
-0.00727753
-0.00851334
-0.010779
-0.0121521
-0.0116029
-0.00892528
-0.00432533
0.00068656
0.00322683
0.000755216
-0.00583576
-0.0120148
-0.0136625
-0.0107103
-0.00590441
-0.00254027
-0.00178506
-0.00315817
-0.00508054
-0.00590441
-0.00459995
-0.00164774
0.00130446
0.00219699
-0.000549248
-0.00720888
-0.0159968
-0.023549
-0.0262952
-0.0226565
-0.0141431
-0.00508054
0.00034328
0.000205968
-0.00370742
-0.00768947
-0.008582
-0.00597307
-0.0017164
0.00192237
0.00398205
0.00508054
0.0057671
0.00583576
0.00459995
0.00212834
-0.00116715
-0.00459995
-0.00707156
-0.00714022
-0.00384473
0.00212834
0.00892528
0.0143491
