LECROYHDO9204-MSöv,30454,Waveform
Segments,1,SegmentSize,2002
Ampl
0.00425667
-0.00068656
-0.00549248
-0.00823872
-0.00844468
-0.00762081
-0.00823872
-0.0118088
-0.0174386
-0.0221759
-0.0231371
-0.0192237
-0.0116715
-0.00370742
0.00144178
0.00219699
-0.000823872
-0.00508054
-0.00775812
-0.00755216
-0.00562979
-0.00432533
-0.00535517
-0.00755216
-0.0081014
-0.00528651
-0.00034328
0.00350145
0.00336414
-0.000617904
-0.00569845
-0.00782678
-0.00521785
6.8656e-05
0.00350145
0.00260893
-0.00102984
-0.00377608
-0.00391339
-0.00295221
-0.00363877
-0.00693425
-0.0111223
-0.0134566
-0.0121521
-0.00796409
-0.00336414
-0.000617904
-0.000961184
-0.00425667
-0.00865065
-0.0113282
-0.0103671
-0.00638501
-0.00281489
-0.00302086
-0.00762081
-0.0142804
-0.0190864
-0.0194983
-0.0156536
-0.010573
-0.00734619
-0.00700291
-0.00823872
-0.00940587
-0.0098178
-0.0098178
-0.00940587
-0.00830737
-0.00645366
-0.0051492
-0.00631635
-0.010779
-0.0168894
-0.0212147
-0.021352
-0.0176446
-0.0119461
-0.00569845
0.00034328
0.00494323
0.00631635
0.00350145
-0.00308952
-0.0120148
-0.0210087
-0.0273937
-0.0289042
-0.0251967
-0.0179192
-0.0098178
-0.0040507
-0.00288355
-0.00638501
-0.0122894
-0.0173013
-0.0192237
-0.0183311
-0.0164088
-0.0153789
-0.0168894
-0.021146
-0.0269131
-0.0319937
-0.034328
-0.0331608
-0.0284922
-0.021558
-0.0151043
-0.0123581
-0.0141431
-0.0177132
-0.0180565
-0.0116029
0.000411936
0.0106417
0.0051492
-0.0337101
-0.122139
-0.266866
-0.457729
-0.667061
-0.857582
-0.997983
-1.07598
-1.10207
-1.10062
-1.09623
-1.10303
-1.12198
-1.14635
-1.16736
-1.17869
-1.17834
-1.16955
-1.15891
-1.1526
-1.15253
-1.1563
-1.15912
-1.15733
-1.15074
-1.1423
-1.13495
-1.12987
-1.12651
-1.12314
-1.1171
-1.1068
-1.09232
-1.07604
-1.06094
-1.05009
-1.04542
-1.04714
-1.05305
-1.05936
-1.06334
-1.0652
-1.06712
-1.07172
-1.07975
-1.08964
-1.09918
-1.10701
-1.11346
-1.11895
-1.12273
-1.12355
-1.12191
-1.12088
-1.12294
-1.12726
-1.13063
-1.1309
-1.12912
-1.12809
-1.12884
-1.12905
-1.12534
-1.11669
-1.10673
-1.10083
-1.102
-1.10852
-1.11532
-1.11875
-1.11841
-1.11621
-1.11353
-1.11106
-1.10955
-1.11003
-1.11271
-1.11669
-1.12012
-1.12177
-1.12204
-1.12163
-1.12026
-1.11635
-1.10914
-1.10062
-1.0941
-1.09232
-1.09561
-1.10268
-1.11133
-1.11978
-1.12754
-1.13475
-1.14195
-1.14868
-1.15356
-1.15418
-1.14786
-1.13227
-1.10708
-1.07357
-1.03355
-0.988577
-0.939214
-0.886005
-0.829501
-0.771281
-0.713747
-0.658342
-0.604996
-0.552337
-0.499541
-0.447156
-0.397106
-0.351175
-0.309432
-0.270642
-0.234117
-0.201025
-0.17315
-0.150425
-0.131202
-0.114724
-0.101954
-0.09399
-0.0902139
-0.0889095
-0.0882229
-0.0871244
-0.0845155
-0.0797782
-0.0725007
-0.0631635
-0.0528651
-0.0436652
-0.0377608
-0.036113
-0.0376235
-0.0400264
-0.0411936
-0.0403697
-0.0387906
-0.0384473
-0.0398891
-0.0417428
-0.0426354
-0.042704
-0.0431159
-0.0448323
-0.0472353
-0.0488144
-0.0474413
-0.0417428
-0.032337
-0.0219013
-0.0141431
-0.0121521
-0.0161342
-0.0225192
-0.0260893
-0.0238236
-0.0175073
-0.0121521
-0.0116029
-0.0160655
-0.0227251
-0.0282176
-0.0312385
-0.0318564
-0.0310325
-0.0295221
-0.027531
-0.0253341
-0.0225878
-0.019361
-0.0158595
-0.0130446
-0.0120148
-0.0135252
-0.0172326
-0.021352
-0.0238923
-0.0240296
-0.0228624
-0.0221072
-0.0227251
-0.0247161
-0.0271191
-0.027943
-0.0252654
-0.0186744
-0.0102984
-0.00363877
-0.00130446
-0.00336414
-0.00734619
-0.0103671
-0.0114655
-0.0112596
-0.0111223
-0.0123581
-0.0157909
-0.0214207
-0.0274624
-0.0310325
-0.0302773
-0.0258146
-0.0205968
-0.0179879
-0.0188804
-0.0212147
-0.0217639
-0.0183998
-0.0113282
-0.00254027
0.00549248
0.010985
0.0128387
0.010573
0.00411936
-0.00480592
-0.0132506
-0.0188804
-0.021558
-0.0229997
-0.0241669
-0.0244415
-0.0216953
-0.014967
-0.00549248
0.00288355
0.00562979
0.00068656
-0.0102297
-0.0214893
-0.0269818
-0.0243729
-0.0168207
-0.00968049
-0.00638501
-0.00597307
-0.00583576
-0.00494323
-0.00466861
-0.00624769
-0.008582
-0.00906259
-0.00604173
-0.000549248
0.00466861
0.00638501
0.00295221
-0.00446264
-0.0118088
-0.014967
-0.0127014
-0.00741484
-0.0034328
-0.00370742
-0.00755216
-0.0116715
-0.0133193
-0.0120148
-0.00865065
-0.00425667
0.000617904
0.00487457
0.00665963
0.00528651
0.00212834
0
0.000617904
0.0034328
0.0057671
0.00542382
0.00247161
-0.000823872
-0.00247161
-0.00274624
-0.00281489
-0.00267758
-0.000823872
0.00315817
0.00796409
0.0108476
0.0098178
0.00439398
-0.00370742
-0.0111909
-0.014967
-0.0140058
-0.0102297
-0.00679694
-0.00583576
-0.00762081
-0.0110536
-0.0146237
-0.0166834
-0.0159968
-0.0127014
-0.00878796
-0.00679694
-0.00707156
-0.00775812
-0.0068656
-0.00494323
-0.00439398
-0.00583576
-0.00775812
-0.00796409
-0.00659097
-0.00617904
-0.00871931
-0.0130446
-0.0156536
-0.0134566
-0.00672828
0.0017164
0.00789544
0.0091999
0.00549248
-0.000617904
-0.00542382
-0.00714022
-0.00652232
-0.00583576
-0.00645366
-0.00762081
-0.00755216
-0.00459995
0.0010985
0.00782678
0.0130446
0.014761
0.0118088
0.00487457
-0.00336414
-0.00947452
-0.0114655
-0.00995512
-0.00727753
-0.00528651
-0.00411936
-0.00226565
0.00151043
0.00665963
0.0108476
0.0117402
0.00871931
0.00377608
-0.000411936
-0.0023343
-0.00212834
-0.00157909
-0.00205968
-0.00377608
-0.00521785
-0.0051492
-0.00350145
-0.00151043
-0.000480592
-0.000480592
-0.000823872
-0.00144178
-0.00240296
-0.00315817
-0.0023343
0.000755216
0.00487457
0.00727753
0.00590441
0.000411936
-0.00741484
-0.0142804
-0.0176446
-0.016958
-0.0137998
-0.0106417
-0.008582
-0.00672828
-0.00302086
0.00370742
0.0116029
0.0164774
0.014761
0.00672828
-0.00350145
-0.010573
-0.0115342
-0.00741484
-0.00199102
0.0010985
0.000274624
-0.00350145
-0.00775812
-0.00988646
-0.00871931
-0.00521785
-0.00185371
-0.000755216
-0.00219699
-0.00466861
-0.00611038
-0.00501189
-0.00123581
0.00398205
0.00851334
0.0108476
0.0111909
0.010573
0.00885662
0.00487457
-0.00185371
-0.00913124
-0.0137312
-0.0133879
-0.00913124
-0.00411936
-0.00185371
-0.00391339
-0.00899393
-0.0137998
-0.0146237
-0.00974915
-0.000549248
0.00926856
0.0155849
0.0158595
0.0104357
0.00178506
-0.00665963
-0.0118775
-0.0120835
-0.00775812
-0.0017164
0.00199102
0.000755216
-0.00446264
-0.00961184
-0.0111909
-0.00906259
-0.00556113
-0.00350145
-0.00363877
-0.00487457
-0.00535517
-0.00411936
-0.0017164
0.000411936
0.000892528
-0.000755216
-0.0034328
-0.00528651
-0.00453129
-0.00123581
0.00308952
0.00624769
0.00714022
0.00645366
0.00535517
0.0040507
0.00164774
-0.0023343
-0.0068656
-0.00899393
-0.00659097
-0.00034328
0.00631635
0.00954318
0.00782678
0.00254027
-0.00384473
-0.00906259
-0.0116715
-0.0113969
-0.0098178
-0.00933721
-0.0113282
-0.0146924
-0.0168207
-0.0157909
-0.0116715
-0.00597307
-0.000274624
0.00418801
0.00624769
0.00508054
0.00130446
-0.0023343
-0.00288355
0.000823872
0.00679694
0.0119461
0.0140745
0.0131819
0.00995512
0.00466861
-0.00247161
-0.0100924
-0.014967
-0.0146924
-0.00947452
-0.00240296
0.00260893
0.00370742
0.00130446
-0.00274624
-0.00590441
-0.00645366
-0.00357011
0.00212834
0.00823872
0.0112596
0.00851334
0.00102984
-0.00617904
-0.00775812
-0.00199102
0.00823872
0.0175073
0.021352
0.0178506
0.00830737
-0.00267758
-0.00940587
-0.00954318
-0.00562979
-0.00295221
-0.00487457
-0.0102297
-0.0150357
-0.0161342
-0.0135939
-0.00995512
-0.00775812
-0.00789544
-0.00913124
-0.00954318
-0.00851334
-0.00652232
-0.00411936
-0.00178506
0.000411936
0.00199102
0.00185371
-0.0010985
-0.00672828
-0.0138685
-0.0203222
-0.0240982
-0.0239609
-0.0196356
-0.0120148
-0.00391339
0.000892528
0.000274624
-0.00480592
-0.0110536
-0.0155849
-0.0175073
-0.0172326
-0.0155849
-0.0129073
-0.00947452
-0.00562979
-0.0017164
0.00226565
0.00624769
0.00899393
0.00789544
0.000823872
-0.0106417
-0.0212147
-0.0253341
-0.0214893
-0.01277
-0.0040507
0.00116715
0.00164774
-0.00164774
-0.00679694
-0.010985
-0.0118088
-0.00837603
-0.00302086
0.000480592
-0.000617904
-0.00542382
-0.0105044
-0.0131133
-0.0131133
-0.0124954
-0.0132506
-0.0154476
-0.017164
-0.0168207
-0.0140058
-0.00988646
-0.00617904
-0.00398205
-0.00357011
-0.00411936
-0.00466861
-0.00439398
-0.00329549
-0.00247161
-0.00322683
-0.0051492
-0.00611038
-0.00425667
-0.00068656
0.00205968
0.00178506
-0.00164774
-0.00700291
-0.0118775
-0.0136625
-0.0111223
-0.00617904
-0.00254027
-0.00302086
-0.00720888
-0.0122208
-0.014967
-0.0142804
-0.0107103
-0.00556113
-0.000205968
0.00363877
0.00425667
0.000480592
-0.00693425
-0.0153103
-0.0204595
-0.0200475
-0.0152416
-0.00988646
-0.00734619
-0.00892528
-0.0129073
-0.0166147
-0.0175073
-0.0154476
-0.0115342
-0.00755216
-0.00480592
-0.00459995
-0.00693425
-0.0110536
-0.0155849
-0.019567
-0.0219013
-0.021558
-0.0187431
-0.0153103
-0.01277
-0.0113969
-0.00974915
-0.00714022
-0.00377608
6.8656e-05
0.00432533
0.00871931
0.0121521
0.0129073
0.0103671
0.00521785
-0.00102984
-0.00714022
-0.0117402
-0.0139372
-0.0137312
-0.0122208
-0.0102984
-0.00803275
-0.00542382
-0.00329549
-0.00295221
-0.00494323
-0.00906259
-0.0146924
-0.021146
-0.0269818
-0.0298653
-0.027737
-0.0206654
-0.0106417
-0.000823872
0.0057671
0.00707156
0.00281489
-0.00439398
-0.00995512
-0.0105044
-0.00638501
-0.0010985
0.00164774
0.000411936
-0.00398205
-0.0100238
-0.0164774
-0.0222445
-0.0260206
-0.0261579
-0.0214893
-0.012564
-0.00288355
0.00288355
0.00247161
-0.00281489
-0.00926856
-0.0133193
-0.0129073
-0.00768947
-6.8656e-05
0.00652232
0.00878796
0.00597307
-0.000549248
-0.00851334
-0.0155162
-0.0199102
-0.0208028
-0.0183998
-0.0138685
-0.00892528
-0.00473726
-0.0017164
0.00068656
0.00267758
0.00398205
0.00439398
0.00411936
0.00336414
0.00151043
-0.00247161
-0.00823872
-0.0135252
-0.0156536
-0.0135252
-0.00830737
-0.00254027
0.00130446
0.00151043
-0.00212834
-0.00762081
-0.0118775
-0.0127014
-0.0102984
-0.00672828
-0.00425667
-0.00377608
-0.00453129
-0.00494323
-0.00398205
-0.00192237
-0.00034328
-0.000617904
-0.00260893
-0.00487457
-0.00604173
-0.00611038
-0.00569845
-0.00480592
-0.00288355
0
0.00240296
0.00281489
0.00102984
-0.00137312
-0.00254027
-0.00199102
-0.000480592
0.000823872
0.0010985
0.000137312
-0.00199102
-0.00446264
-0.00652232
-0.00762081
-0.00803275
-0.0081014
-0.00775812
-0.00672828
-0.00508054
-0.00391339
-0.0040507
-0.00501189
-0.00549248
-0.00453129
-0.00254027
-0.000892528
-0.000480592
-0.00178506
-0.00453129
-0.00762081
-0.00913124
-0.00714022
-0.00185371
0.00384473
0.00638501
0.00453129
-0.000274624
-0.00473726
-0.00583576
-0.00288355
0.00178506
0.00411936
0.00151043
-0.00418801
-0.00817006
-0.00624769
0.00123581
0.0100238
0.0151043
0.0142118
0.00926856
0.00411936
0.00192237
0.00288355
0.00528651
0.00693425
0.00659097
0.00432533
0.00116715
-0.00137312
-0.00254027
-0.00219699
-0.000549248
0.00151043
0.00308952
0.00336414
0.00274624
0.00205968
0.00130446
0.000137312
-0.00116715
-0.00130446
-0.00034328
-0.000274624
-0.0040507
-0.0120148
-0.0205281
-0.0243729
-0.0205968
-0.0113282
-0.00192237
0.00357011
0.0051492
0.0051492
0.00432533
0.00102984
-0.00583576
-0.0136625
-0.0177819
-0.0150357
-0.00604173
0.00549248
0.0140745
0.0153103
0.00851334
-0.00274624
-0.0130446
-0.0186058
-0.0190177
-0.0162028
-0.0120835
-0.00830737
-0.00569845
-0.00473726
-0.0051492
-0.00569845
-0.00480592
-0.00185371
0.00260893
0.00734619
0.0106417
0.0111223
0.00803275
0.00219699
-0.00418801
-0.00865065
-0.0102984
-0.00961184
-0.00741484
-0.00480592
-0.00357011
-0.00535517
-0.00940587
-0.0130446
-0.0134566
-0.0103671
-0.00583576
-0.00254027
-0.00240296
-0.00597307
-0.0116029
-0.0159282
-0.0155849
-0.0100924
-0.0017164
0.00590441
0.0101611
0.0100238
0.00604173
0
-0.00597307
-0.0102297
-0.0122208
-0.0117402
-0.00851334
-0.00295221
0.00315817
0.00720888
0.00755216
0.00453129
0.000137312
-0.00350145
-0.00549248
-0.00631635
-0.00645366
-0.00604173
-0.00446264
-0.00102984
0.00411936
0.00947452
0.0127014
0.0120835
0.00830737
0.00377608
0.000480592
-0.000823872
-0.00068656
6.8656e-05
0.000755216
0.000961184
0.000617904
0.000137312
6.8656e-05
0.000205968
-0.000274624
-0.00137312
-0.00226565
-0.00240296
-0.00274624
-0.00459995
-0.00851334
-0.012976
-0.0160655
-0.016958
-0.0166834
-0.0164088
-0.0160655
-0.0145551
-0.010779
-0.00556113
-0.0010985
0.000480592
-0.000892528
-0.00370742
-0.00604173
-0.00665963
-0.00583576
-0.00494323
-0.00446264
-0.00329549
0.000274624
0.00645366
0.0133879
0.0182625
0.0194983
0.0168894
0.0113969
0.00425667
-0.00370742
-0.0116029
-0.0179192
-0.0214893
-0.0225878
-0.0225192
-0.0214893
-0.0180565
-0.010985
-0.00123581
0.00830737
0.0148297
0.0167521
0.0144178
0.0091999
0.00274624
-0.00363877
-0.00823872
-0.00892528
-0.00528651
0.000617904
0.00480592
0.00453129
0.000823872
-0.00267758
-0.00336414
-0.00205968
-0.00102984
-0.00157909
-0.00295221
-0.00370742
-0.00308952
-0.00137312
0.00034328
0.00130446
0.00116715
-0.000137312
-0.00219699
-0.00418801
-0.00535517
-0.00549248
-0.00439398
-0.00157909
0.00260893
0.00631635
0.00700291
0.00418801
-0.000411936
-0.00494323
-0.00871931
-0.0113969
-0.0124267
-0.0111909
-0.00803275
-0.00425667
-0.00192237
-0.00267758
-0.0068656
-0.0128387
-0.0173013
-0.0175073
-0.0126327
-0.0051492
0.000480592
0.000480592
-0.00604173
-0.0161342
-0.0243729
-0.0263639
-0.0214207
-0.0120835
-0.00281489
0.00315817
0.00480592
0.00357011
0.00144178
-0.000137312
-0.000549248
-0.00034328
-0.000617904
-0.00226565
-0.00494323
-0.00672828
-0.00617904
-0.00459995
-0.00501189
-0.00878796
-0.0135939
-0.0162028
-0.0154476
-0.0127014
-0.0102297
-0.00933721
-0.0100238
-0.0110536
-0.0101611
-0.00597307
0.000274624
0.00535517
0.00638501
0.00219699
-0.0057671
-0.0151043
-0.0229997
-0.0268445
-0.0246475
-0.0162715
-0.00432533
0.00645366
0.0116715
0.00995512
0.00315817
-0.00501189
-0.0106417
-0.0111909
-0.0068656
-0.00116715
0.0010985
-0.0023343
-0.00926856
-0.0143491
-0.01277
-0.00446264
0.0057671
0.0119461
0.0108476
0.00377608
-0.0051492
-0.0121521
-0.015173
-0.0142804
-0.0103671
-0.00487457
0.000411936
0.00370742
0.00418801
0.00226565
-0.000137312
-0.0010985
-0.000823872
-0.00116715
-0.00398205
-0.00926856
-0.0146237
-0.0168207
-0.0142804
-0.0081014
-0.00123581
0.00350145
0.00535517
0.00535517
0.00432533
0.0017164
-0.00281489
-0.00796409
-0.0110536
-0.0103671
-0.00617904
-0.000549248
0.00453129
0.00817006
0.0105044
0.0112596
0.0098178
0.00535517
-0.00130446
-0.00830737
-0.012976
-0.0136625
-0.0111223
-0.00734619
-0.0040507
-0.0017164
-0.000274624
0.000480592
0
-0.00226565
-0.00597307
-0.00933721
-0.0107103
-0.0100238
-0.00878796
-0.00865065
-0.0100238
-0.0124954
-0.0152416
-0.0174386
-0.0187431
-0.0190864
-0.0185371
-0.017164
-0.0151043
-0.0128387
-0.0110536
-0.00961184
-0.00789544
-0.00562979
-0.00288355
0.000205968
0.00377608
0.00714022
0.00885662
0.00817006
0.0057671
0.00295221
0.000892528
-0.000205968
-0.00123581
-0.00308952
-0.0057671
-0.00803275
-0.00817006
-0.0057671
-0.00212834
6.8656e-05
-0.00144178
-0.00652232
-0.012564
-0.0153103
-0.0124267
-0.00542382
0.00205968
0.00665963
0.0068656
0.00247161
-0.00542382
-0.0141431
-0.0202535
-0.021352
-0.0177132
-0.0114655
-0.00521785
-0.000961184
0.000205968
-0.00157909
-0.00542382
-0.0102297
-0.014761
-0.0180565
-0.0190864
-0.017164
-0.0124267
-0.00569845
0.000480592
0.00302086
0.000480592
-0.0051492
-0.00995512
-0.0111909
-0.00885662
-0.00501189
-0.00144178
0.000823872
0.00164774
0.00123581
-0.000205968
-0.00247161
-0.00473726
-0.00569845
-0.00487457
-0.00254027
6.8656e-05
0.00205968
0.00302086
0.00302086
0.0023343
0.00185371
0.00219699
0.00302086
0.00350145
0.0034328
0.00281489
0.00157909
-0.000823872
-0.0040507
-0.00741484
-0.0103671
-0.0118088
-0.0102297
-0.00535517
0.000892528
0.00508054
0.00508054
0.00164774
-0.00302086
-0.00714022
-0.0102297
-0.0124954
-0.0135252
-0.0122208
-0.0074835
-0.000137312
0.00659097
0.00885662
0.00535517
-0.00212834
-0.0104357
-0.0164088
-0.0182625
-0.0158595
-0.0107103
-0.00487457
0.000137312
0.00377608
0.00549248
0.00521785
0.00315817
0
-0.00370742
-0.00768947
-0.0111223
-0.0131133
-0.0129073
-0.0106417
-0.00700291
-0.00219699
0.00350145
0.0091999
0.0129073
0.0124267
0.00679694
-0.00274624
-0.01277
-0.0198416
-0.0218326
-0.0192923
-0.014967
-0.0120148
-0.0121521
-0.0143491
-0.0159968
-0.015173
-0.0120148
-0.00851334
-0.00638501
-0.00645366
-0.008582
-0.0123581
-0.0165461
-0.0190177
-0.0175073
-0.0122894
-0.00604173
-0.00219699
-0.00212834
-0.00439398
-0.00741484
-0.0104357
-0.012976
-0.0145551
-0.0140745
-0.0111909
-0.00672828
-0.00199102
0.00192237
0.00459995
0.00528651
0.00315817
-0.0010985
-0.00501189
-0.00569845
-0.00281489
0.00123581
0.00350145
0.00308952
0.00123581
-0.000205968
-0.000205968
0.000411936
0.000617904
0.000617904
0.00164774
0.00425667
0.00714022
0.00768947
0.00370742
-0.00425667
-0.0132506
-0.019361
-0.021352
-0.0209401
-0.0204595
-0.0203908
-0.019155
-0.0151043
-0.00844468
-0.00116715
0.00398205
0.00418801
-0.000823872
-0.00830737
-0.0136625
-0.0134566
-0.00803275
-0.00116715
0.00260893
0.00116715
-0.00432533
-0.00988646
-0.0118775
-0.00961184
-0.00508054
-0.000892528
0.0010985
0
-0.00350145
-0.00714022
-0.00823872
-0.00604173
-0.0023343
0.000480592
0.00144178
0.00157909
0.0023343
0.00391339
0.00508054
0.00473726
0.00315817
0.00157909
0.0010985
0.00102984
-0.000137312
-0.00315817
-0.00652232
-0.00796409
-0.00611038
-0.00192237
0.00226565
0.00370742
0.0017164
-0.0023343
-0.00590441
-0.00700291
-0.00569845
-0.00308952
-0.00116715
-0.000961184
-0.0023343
-0.00398205
-0.00501189
-0.00583576
-0.00734619
-0.00926856
-0.0102984
-0.00947452
-0.00714022
-0.00370742
0.000274624
0.00411936
0.00652232
0.00659097
0.00446264
0.00157909
-0.000823872
-0.00260893
-0.00466861
-0.00727753
-0.00926856
-0.00913124
-0.00707156
-0.00556113
-0.00755216
-0.0137998
-0.0212834
-0.0252654
-0.0222445
-0.0124954
-0.000411936
0.00844468
0.0113282
0.00926856
0.00528651
0.00151043
-0.000823872
-0.00102984
0.000617904
0.00212834
0.00102984
-0.0034328
-0.00947452
-0.0142804
-0.0164088
-0.0166834
-0.0163401
-0.0164088
-0.017164
-0.0179879
-0.0173013
-0.0135252
-0.00631635
0.00281489
0.010985
0.0151043
0.0141431
0.00940587
0.00398205
0.000274624
-0.000823872
0.000274624
0.00247161
0.00418801
0.00411936
0.00199102
-0.00151043
-0.00535517
-0.00823872
-0.00865065
-0.00590441
-0.00164774
0.000892528
-0.000823872
-0.0057671
-0.0102984
-0.0111909
-0.00865065
-0.00494323
-0.00212834
-0.000823872
-0.000411936
-0.000823872
-0.00212834
-0.00377608
-0.00459995
-0.00370742
-0.00164774
-0.00034328
-0.0017164
-0.00631635
-0.0120148
-0.0154476
-0.0140058
-0.00844468
-0.00157909
0.00336414
0.0051492
0.0040507
0.000961184
-0.00350145
-0.00803275
-0.010985
-0.0117402
-0.0112596
-0.010779
-0.0103671
-0.00933721
-0.00700291
-0.00377608
-0.0010985
-0.000411936
-0.00164774
-0.00308952
-0.00302086
-0.00178506
-0.00123581
-0.00226565
-0.00350145
-0.00274624
0.0010985
0.00611038
0.00823872
0.00459995
-0.0040507
-0.012976
-0.0180565
-0.0181938
-0.0157222
-0.012976
-0.0102984
-0.0068656
-0.00260893
0.00102984
0.0023343
0.00068656
-0.00247161
-0.00487457
-0.00549248
-0.00494323
-0.00418801
-0.00329549
-0.00178506
0.00034328
0.0023343
0.0040507
0.00542382
0.00535517
0.00260893
-0.00199102
-0.00556113
-0.00624769
-0.00459995
-0.00254027
-0.0010985
0.000205968
0.00151043
0.00164774
-0.000892528
-0.0057671
-0.0102297
-0.0108476
-0.00693425
-0.0010985
0.00281489
0.00357011
0.00274624
0.00274624
0.00439398
0.00679694
0.00871931
0.00926856
0.00796409
0.00418801
-0.00151043
-0.00775812
-0.0124954
-0.0142118
-0.0129073
-0.0106417
-0.00954318
-0.00995512
-0.0100924
-0.0081014
-0.00439398
-0.00144178
-0.00164774
-0.00590441
-0.0128387
-0.0194983
-0.0229311
-0.0218326
-0.0173013
-0.0116715
-0.00720888
-0.00542382
-0.00652232
-0.00892528
-0.0102297
-0.00865065
-0.00453129
-0.000617904
0.000617904
-0.00123581
-0.00466861
-0.00727753
-0.00741484
-0.00494323
-0.00116715
0.00178506
0.00212834
-0.0010985
-0.00734619
-0.0144864
-0.0192923
-0.0192237
-0.0132506
-0.00315817
0.00741484
0.0142118
0.014967
0.0102984
0.00308952
-0.00350145
-0.0081014
-0.0109163
-0.0129073
-0.0144864
-0.0144178
-0.0110536
-0.00459995
0.0023343
0.00638501
0.00631635
0.00363877
0.000205968
-0.00315817
-0.00597307
-0.00714022
-0.00542382
-0.00130446
0.00295221
0.00480592
0.00370742
0.000961184
-0.00212834
-0.00521785
-0.00755216
-0.00796409
-0.00542382
-0.000892528
0.00308952
0.00425667
0.00199102
-0.00247161
-0.00720888
-0.0102984
-0.0100924
-0.00617904
0
0.00528651
0.00727753
0.00542382
0.00116715
-0.00315817
-0.00562979
-0.00604173
-0.00583576
-0.00672828
-0.00871931
-0.0102984
-0.0107103
-0.010985
-0.0127014
-0.0159282
-0.0190864
-0.0198416
-0.0163401
-0.00878796
0.000549248
0.00803275
0.0113969
0.00995512
0.00535517
0.000274624
-0.00240296
-0.00157909
0.00137312
0.00363877
0.00370742
0.00178506
-0.000617904
-0.00219699
-0.00260893
-0.00240296
-0.00192237
-0.000823872
0.00130446
0.00363877
0.00391339
0.000137312
-0.00659097
-0.0123581
-0.0134566
-0.0091999
-0.00274624
0.00151043
0.0010985
-0.00329549
-0.008582
-0.0119461
-0.0135252
-0.0155849
-0.0194983
-0.0240982
-0.0261579
-0.0234117
-0.0165461
-0.00762081
0.00123581
0.00844468
0.0116029
0.00830737
-0.00151043
-0.0142118
-0.0245102
-0.0286295
-0.025746
-0.0180565
-0.00899393
-0.00178506
0.00137312
-0.000274624
-0.00508054
-0.0098178
-0.0115342
-0.00968049
-0.00624769
-0.00363877
-0.00377608
-0.00679694
-0.0111909
-0.0148983
-0.0166834
-0.0164774
-0.0146924
-0.0117402
-0.00796409
-0.00425667
-0.00130446
6.8656e-05
6.8656e-05
-0.000274624
0.000205968
0.00157909
0.00267758
0.00267758
0.00199102
0.00144178
0.00116715
0.000823872
0.000411936
0.000755216
0.00164774
0.0017164
6.8656e-05
-0.00267758
-0.00501189
-0.00597307
-0.0057671
-0.00521785
-0.00535517
-0.00707156
-0.0100238
-0.0128387
-0.0133879
-0.0113282
-0.00803275
-0.00583576
-0.00569845
-0.00638501
-0.00556113
-0.00164774
0.00439398
0.00988646
0.0117402
0.00892528
0.00295221
-0.00315817
-0.00665963
-0.00693425
-0.00521785
-0.00363877
-0.00350145
-0.00487457
-0.00741484
-0.010779
-0.0137312
-0.014761
-0.0126327
-0.00789544
-0.00247161
0.0010985
0.000823872
-0.00357011
-0.0098178
-0.0140058
-0.0135252
-0.00906259
-0.00418801
-0.0023343
-0.00391339
-0.00659097
-0.00734619
-0.00535517
-0.00185371
0.000961184
0.00151043
-0.000823872
-0.00480592
-0.0081014
-0.00926856
-0.00974915
-0.0127014
-0.018949
-0.0254027
-0.0282863
-0.0267758
-0.0231371
-0.019567
-0.0159282
-0.0107103
-0.00363877
0.00377608
0.00878796
0.0098178
0.00727753
0.00322683
0
-0.00137312
-0.00123581
-0.000617904
-0.000755216
-0.00219699
-0.00432533
-0.00590441
-0.00583576
-0.00466861
-0.00384473
-0.00377608
-0.00350145
-0.00199102
0.000137312
0.000480592
-0.00260893
-0.00878796
-0.0153789
-0.0192923
-0.018949
-0.014761
-0.00892528
-0.00391339
-0.0017164
-0.00322683
-0.00755216
-0.012564
-0.0155849
-0.014967
-0.0109163
-0.00556113
-0.0017164
-0.000892528
