LECROYHDO9204-MSöv,30454,Waveform
Segments,1,SegmentSize,2002
Ampl
-0.0155162
-0.0153789
-0.0155849
-0.0155162
-0.014761
-0.0132506
-0.0114655
-0.00926856
-0.00645366
-0.00384473
-0.0023343
-0.00267758
-0.00473726
-0.00775812
-0.0102297
-0.0110536
-0.0102984
-0.00837603
-0.00521785
-0.000411936
0.00494323
0.00823872
0.00789544
0.00439398
0.000480592
-0.00116715
0
0.00199102
0.0017164
-0.00247161
-0.00933721
-0.0158595
-0.0192237
-0.0182625
-0.0136625
-0.00727753
-0.00144178
0.00219699
0.0034328
0.00391339
0.00425667
0.00350145
-0.000205968
-0.00665963
-0.0134566
-0.0177132
-0.0181938
-0.0157222
-0.0118775
-0.008582
-0.00720888
-0.00837603
-0.0117402
-0.0160655
-0.0196356
-0.0207341
-0.019155
-0.0162715
-0.0136625
-0.0117402
-0.0098178
-0.00789544
-0.00700291
-0.00755216
-0.00865065
-0.00913124
-0.00865065
-0.00775812
-0.00707156
-0.0068656
-0.00693425
-0.00720888
-0.00782678
-0.0091999
-0.0114655
-0.0142804
-0.0168894
-0.0178506
-0.0166147
-0.0140058
-0.0120148
-0.0130446
-0.0181938
-0.0262266
-0.0336414
-0.0366623
-0.0338474
-0.0268445
-0.0186058
-0.0112596
-0.00521785
-6.8656e-05
0.00363877
0.00425667
0.00123581
-0.00398205
-0.00906259
-0.0122894
-0.0133879
-0.0127014
-0.0118088
-0.0132506
-0.0187431
-0.0273937
-0.0356324
-0.0394772
-0.0376921
-0.0321996
-0.0260206
-0.021558
-0.0200475
-0.0212834
-0.0236177
-0.0240982
-0.0190864
-0.00796409
0.00432533
0.00631635
-0.0187431
-0.0892528
-0.218257
-0.402667
-0.617149
-0.820782
-0.974983
-1.06279
-1.09403
-1.09506
-1.09122
-1.09644
-1.11284
-1.13605
-1.15932
-1.17628
-1.18287
-1.17985
-1.17258
-1.16749
-1.16777
-1.17196
-1.17573
-1.1756
-1.17045
-1.16104
-1.14903
-1.13646
-1.12596
-1.11909
-1.11477
-1.10948
-1.09994
-1.08586
-1.07
-1.05613
-1.04707
-1.04378
-1.04508
-1.04879
-1.05291
-1.05682
-1.06115
-1.06719
-1.0755
-1.08518
-1.09424
-1.10145
-1.10742
-1.1136
-1.11998
-1.1252
-1.12781
-1.12822
-1.12809
-1.1287
-1.12932
-1.12802
-1.12335
-1.11641
-1.11037
-1.10859
-1.11127
-1.11545
-1.11751
-1.11614
-1.11319
-1.11065
-1.10941
-1.10879
-1.10797
-1.10653
-1.10495
-1.10406
-1.10447
-1.1068
-1.1112
-1.1171
-1.12287
-1.12651
-1.12706
-1.12486
-1.12095
-1.1169
-1.11387
-1.11181
-1.10948
-1.1055
-1.10035
-1.09671
-1.09733
-1.1033
-1.11319
-1.1239
-1.13179
-1.13495
-1.13358
-1.12877
-1.12067
-1.10811
-1.08957
-1.06417
-1.03121
-0.990637
-0.943814
-0.892596
-0.838152
-0.78055
-0.720819
-0.662393
-0.609459
-0.563734
-0.522472
-0.480523
-0.434249
-0.383444
-0.330853
-0.279842
-0.233224
-0.193541
-0.162371
-0.139784
-0.124473
-0.114518
-0.108064
-0.103396
-0.09859
-0.0924796
-0.085614
-0.079435
-0.0756589
-0.0739425
-0.0718141
-0.0668709
-0.0589755
-0.0504621
-0.0444204
-0.042704
-0.0446264
-0.0474413
-0.0481278
-0.045107
-0.0400951
-0.0359757
-0.0350145
-0.036525
-0.0383787
-0.0392712
-0.0397518
-0.0413309
-0.0446264
-0.0486771
-0.0513547
-0.0503248
-0.0453129
-0.0381727
-0.0317191
-0.0275997
-0.0263639
-0.0276684
-0.0308265
-0.0342593
-0.0359071
-0.033916
-0.0273937
-0.0177819
-0.00844468
-0.00439398
-0.00899393
-0.0209401
-0.034534
-0.042704
-0.0416742
-0.0332981
-0.0226565
-0.0148297
-0.0120835
-0.0135252
-0.0168207
-0.0202535
-0.0227251
-0.0240982
-0.0247161
-0.0250594
-0.0250594
-0.023755
-0.0205281
-0.0160655
-0.0116029
-0.00865065
-0.00823872
-0.010779
-0.0154476
-0.019567
-0.0205281
-0.0186058
-0.0161342
-0.0155849
-0.0172326
-0.0194983
-0.0203908
-0.0192923
-0.0177819
-0.0183311
-0.021558
-0.0252654
-0.0262266
-0.0236863
-0.0196356
-0.0170267
-0.0166147
-0.016958
-0.0160655
-0.0131819
-0.00885662
-0.00432533
-0.00068656
0.00102984
-0.000205968
-0.00459995
-0.0111909
-0.0182625
-0.0247848
-0.0304146
-0.0344653
-0.0357011
-0.0339847
-0.0308265
-0.0289042
-0.0291788
-0.0302773
-0.0296594
-0.02554
-0.0183998
-0.0105044
-0.00480592
-0.00260893
-0.00315817
-0.00453129
-0.00569845
-0.0068656
-0.00789544
-0.00768947
-0.00542382
-0.0017164
0.00151043
0.00192237
-0.00199102
-0.00961184
-0.0179879
-0.023343
-0.0234803
-0.0190177
-0.0122894
-0.00569845
-0.00068656
0.00267758
0.00562979
0.00933721
0.0133879
0.0160655
0.0157222
0.0117402
0.00535517
-0.000823872
-0.00453129
-0.0051492
-0.00411936
-0.00357011
-0.00459995
-0.00700291
-0.00974915
-0.0118775
-0.0124954
-0.0111909
-0.00899393
-0.00768947
-0.0081014
-0.00947452
-0.0104357
-0.0101611
-0.00878796
-0.00652232
-0.00329549
0.000480592
0.00267758
0.00068656
-0.00638501
-0.0159282
-0.0234117
-0.0260893
-0.0236177
-0.017164
-0.00796409
0.0017164
0.00844468
0.00926856
0.00439398
-0.00267758
-0.00768947
-0.00823872
-0.00535517
-0.0023343
-0.00288355
-0.00837603
-0.0162028
-0.0210087
-0.0190177
-0.0109163
-0.00137312
0.00418801
0.00315817
-0.00274624
-0.00968049
-0.0140745
-0.014967
-0.0133879
-0.0116715
-0.0120148
-0.0151043
-0.0192923
-0.0210774
-0.0183311
-0.0120835
-0.00521785
0.000205968
0.00384473
0.00549248
0.00466861
0.0010985
-0.00391339
-0.00837603
-0.0108476
-0.0100924
-0.00590441
0.000205968
0.00453129
0.00398205
-0.000892528
-0.00611038
-0.00768947
-0.00521785
-0.00178506
-0.00123581
-0.00501189
-0.010985
-0.0153789
-0.0156536
-0.0122208
-0.00782678
-0.00528651
-0.00583576
-0.00782678
-0.008582
-0.00652232
-0.00254027
0.000755216
0.0010985
-0.0017164
-0.00638501
-0.0113282
-0.0155162
-0.0185371
-0.0201162
-0.0201849
-0.0183998
-0.0148983
-0.0105044
-0.00638501
-0.00411936
-0.00418801
-0.00638501
-0.00906259
-0.0102984
-0.00913124
-0.00645366
-0.00384473
-0.00212834
-0.000755216
0.000411936
0.000549248
-0.00157909
-0.00562979
-0.00926856
-0.0102297
-0.00871931
-0.00727753
-0.00899393
-0.014761
-0.0219013
-0.025952
-0.0234117
-0.0142804
-0.00212834
0.0074835
0.0103671
0.00562979
-0.00418801
-0.0155849
-0.0246475
-0.0286295
-0.0261579
-0.0184685
-0.00865065
0.000274624
0.00631635
0.00947452
0.0101611
0.00851334
0.00446264
-0.00144178
-0.00693425
-0.00913124
-0.00604173
0.00144178
0.00947452
0.0137312
0.0116715
0.00363877
-0.00775812
-0.0186058
-0.0254027
-0.0265012
-0.0225878
-0.0156536
-0.00734619
0.00068656
0.00652232
0.00762081
0.00308952
-0.00494323
-0.0121521
-0.0150357
-0.0132506
-0.00974915
-0.00782678
-0.00865065
-0.0108476
-0.0118088
-0.00933721
-0.00350145
0.00350145
0.00865065
0.00974915
0.00720888
0.00357011
0.00157909
0.00212834
0.00377608
0.00439398
0.00329549
0.00123581
-0.000411936
-0.00123581
-0.00226565
-0.00508054
-0.00995512
-0.0148983
-0.0168894
-0.0146924
-0.00968049
-0.00508054
-0.00336414
-0.00487457
-0.00768947
-0.0098178
-0.0110536
-0.012564
-0.0148297
-0.0159968
-0.0137312
-0.00727753
0.000961184
0.00693425
0.00775812
0.0034328
-0.0034328
-0.00961184
-0.0133193
-0.0142118
-0.0130446
-0.0113969
-0.010985
-0.0124267
-0.0145551
-0.0153103
-0.0136625
-0.0102297
-0.00631635
-0.0034328
-0.00281489
-0.00453129
-0.00741484
-0.00988646
-0.0120835
-0.0151043
-0.0199789
-0.0258146
-0.0297967
-0.0286982
-0.0214893
-0.0105044
-0.00116715
0.00164774
-0.00254027
-0.00974915
-0.0146924
-0.0144178
-0.00961184
-0.00315817
0.00185371
0.00357011
0.00144178
-0.00336414
-0.0091999
-0.015173
-0.0208028
-0.0251967
-0.0262266
-0.0226565
-0.0162715
-0.0106417
-0.00796409
-0.0068656
-0.00418801
0.00130446
0.00679694
0.00851334
0.00494323
-0.00178506
-0.00830737
-0.0123581
-0.0130446
-0.0106417
-0.00617904
-0.00130446
0.00199102
0.00281489
0.000823872
-0.00315817
-0.00775812
-0.0109163
-0.010779
-0.00707156
-0.00164774
0.00260893
0.00336414
-0.000137312
-0.00652232
-0.0131819
-0.0177132
-0.0192237
-0.0177819
-0.0138685
-0.00823872
-0.00295221
-6.8656e-05
0
-0.00151043
-0.00308952
-0.00398205
-0.00370742
-0.00199102
0.000823872
0.00295221
0.00281489
-0.00034328
-0.00597307
-0.0121521
-0.0167521
-0.0182625
-0.0170267
-0.014761
-0.012976
-0.0115342
-0.00899393
-0.00480592
-0.000480592
0.00144178
-0.000755216
-0.00624769
-0.0119461
-0.0148983
-0.0144178
-0.0113969
-0.00707156
-0.00247161
0.00137312
0.00329549
0.00240296
-0.000755216
-0.00377608
-0.00398205
-0.000480592
0.00432533
0.00665963
0.00439398
-0.000549248
-0.00432533
-0.00459995
-0.00192237
0.0017164
0.00480592
0.00714022
0.00892528
0.00926856
0.00727753
0.00274624
-0.00274624
-0.00679694
-0.00817006
-0.00796409
-0.00775812
-0.00755216
-0.00617904
-0.0034328
-0.000823872
-0.00102984
-0.0051492
-0.0115342
-0.0166834
-0.0176446
-0.014967
-0.0119461
-0.0120148
-0.0153789
-0.0188804
-0.0186058
-0.0131133
-0.00453129
0.00329549
0.00741484
0.00707156
0.00398205
-6.8656e-05
-0.00377608
-0.0068656
-0.00954318
-0.0118088
-0.0131819
-0.0132506
-0.0127014
-0.0122894
-0.0120835
-0.0108476
-0.00672828
0
0.00583576
0.00638501
0.000205968
-0.00968049
-0.0179879
-0.0208714
-0.0177819
-0.0110536
-0.00432533
-0.00130446
-0.00357011
-0.0100924
-0.0179192
-0.0243042
-0.0271191
-0.0256773
-0.0206654
-0.0137312
-0.00727753
-0.00350145
-0.00363877
-0.00720888
-0.0118088
-0.0141431
-0.0118775
-0.00535517
0.0023343
0.00714022
0.00617904
-6.8656e-05
-0.00762081
-0.0118088
-0.0102984
-0.00480592
0.000961184
0.00384473
0.00295221
-0.000755216
-0.00583576
-0.0107103
-0.0145551
-0.0163401
-0.0153103
-0.0112596
-0.00542382
-0.000137312
0.00267758
0.00226565
-0.000549248
-0.0034328
-0.00446264
-0.00322683
-0.00178506
-0.00254027
-0.00597307
-0.0100924
-0.01277
-0.0131133
-0.0115342
-0.00933721
-0.0081014
-0.00892528
-0.0113969
-0.0131819
-0.0116715
-0.00604173
0.00205968
0.00933721
0.0124954
0.00995512
0.00329549
-0.00432533
-0.0102297
-0.0133879
-0.0140058
-0.012564
-0.00933721
-0.00494323
-0.000892528
0.00102984
0.000205968
-0.00240296
-0.00480592
-0.0057671
-0.00562979
-0.00556113
-0.00562979
-0.00459995
-0.00130446
0.00370742
0.0081014
0.00947452
0.00727753
0.00329549
0.00034328
-0.000137312
0.00034328
-0.00068656
-0.00363877
-0.0057671
-0.00446264
0
0.00418801
0.00446264
-0.00068656
-0.0098178
-0.0188804
-0.0232744
-0.0210087
-0.0136625
-0.00446264
0.0040507
0.0105044
0.0140058
0.0140058
0.0104357
0.00391339
-0.00384473
-0.0107103
-0.0151043
-0.0170267
-0.0175759
-0.0173013
-0.0156536
-0.0117402
-0.00604173
-0.00034328
0.00308952
0.00322683
0.000480592
-0.00398205
-0.00878796
-0.0130446
-0.0163401
-0.0183311
-0.0183998
-0.0158595
-0.010985
-0.00569845
-0.00247161
-0.00288355
-0.0057671
-0.00844468
-0.00844468
-0.00535517
-0.000961184
0.00226565
0.00267758
0.00034328
-0.00329549
-0.00638501
-0.00803275
-0.0081014
-0.00665963
-0.00418801
-0.00144178
0.000617904
0.00144178
0.000961184
-0.000137312
-0.00123581
-0.00192237
-0.00151043
0.000755216
0.00453129
0.00796409
0.00913124
0.00734619
0.00302086
-0.00226565
-0.00624769
-0.00720888
-0.00583576
-0.00494323
-0.00665963
-0.0107103
-0.0152416
-0.0186058
-0.0197043
-0.0177132
-0.0132506
-0.00885662
-0.00700291
-0.0081014
-0.0101611
-0.0105044
-0.008582
-0.00569845
-0.00336414
-0.00226565
-0.00254027
-0.00466861
-0.00933721
-0.0155162
-0.0200475
-0.019361
-0.0126327
-0.00274624
0.00562979
0.008582
0.00487457
-0.00322683
-0.0111223
-0.0146924
-0.0130446
-0.00878796
-0.00556113
-0.0057671
-0.00913124
-0.0130446
-0.014967
-0.0142804
-0.0129073
-0.0132506
-0.0153789
-0.0167521
-0.0145551
-0.00830737
-0.00034328
0.00549248
0.00652232
0.00226565
-0.00549248
-0.0134566
-0.0185371
-0.019361
-0.016958
-0.0138685
-0.0120148
-0.0109163
-0.00885662
-0.00487457
-0.000961184
0.000617904
-6.8656e-05
-0.000892528
-0.000549248
-0.00068656
-0.00370742
-0.00961184
-0.0154476
-0.0175759
-0.0142118
-0.00714022
0.000137312
0.00425667
0.00391339
-0.000755216
-0.00851334
-0.0172326
-0.0240296
-0.0266385
-0.0245102
-0.0194983
-0.0148983
-0.0141431
-0.0186058
-0.0260893
-0.0313758
-0.0300713
-0.0210774
-0.00741484
0.00569845
0.0132506
0.0130446
0.00693425
-0.000755216
-0.00631635
-0.00961184
-0.0127014
-0.0166147
-0.0198416
-0.0199102
-0.0160655
-0.0098178
-0.00363877
0.000137312
0.000411936
-0.00205968
-0.00528651
-0.00734619
-0.00700291
-0.00425667
-0.000617904
0.00205968
0.00157909
-0.00302086
-0.0108476
-0.019155
-0.0243042
-0.0243042
-0.0197043
-0.012564
-0.00480592
0.00247161
0.00762081
0.00837603
0.00370742
-0.00377608
-0.0098178
-0.0116715
-0.0098178
-0.00693425
-0.0051492
-0.0051492
-0.00562979
-0.00473726
-0.0017164
0.0023343
0.00501189
0.00466861
0.000892528
-0.00562979
-0.0127014
-0.0175073
-0.0176446
-0.0126327
-0.00487457
0.00205968
0.00549248
0.00556113
0.00480592
0.00542382
0.00768947
0.00968049
0.008582
0.00315817
-0.00556113
-0.0144864
-0.0199789
-0.0198416
-0.0146237
-0.00762081
-0.00260893
-0.00144178
-0.00267758
-0.00350145
-0.00185371
0.00205968
0.00611038
0.00755216
0.00521785
-0.000205968
-0.00693425
-0.0129073
-0.0158595
-0.0145551
-0.0101611
-0.00590441
-0.00473726
-0.00638501
-0.00823872
-0.00803275
-0.00556113
-0.00212834
0.00068656
0.00164774
0.00068656
-0.00144178
-0.00398205
-0.00727753
-0.0114655
-0.015173
-0.0156536
-0.0113282
-0.00336414
0.00439398
0.00768947
0.0040507
-0.00549248
-0.0162715
-0.0231371
-0.023343
-0.0180565
-0.0109163
-0.00521785
-0.00185371
0.000411936
0.0034328
0.00734619
0.010573
0.0113969
0.00933721
0.00542382
0.00151043
-0.00102984
-0.00205968
-0.00267758
-0.00425667
-0.00693425
-0.00906259
-0.00871931
-0.00638501
-0.00432533
-0.00439398
-0.00604173
-0.00741484
-0.00720888
-0.00528651
-0.00288355
-0.00151043
-0.00212834
-0.00398205
-0.00528651
-0.00446264
-0.00116715
0.00308952
0.00569845
0.00391339
-0.00295221
-0.012564
-0.0202535
-0.0223818
-0.0186058
-0.0121521
-0.00734619
-0.00638501
-0.00830737
-0.0105044
-0.0113969
-0.0117402
-0.012976
-0.0155162
-0.0179879
-0.0185371
-0.0159968
-0.0106417
-0.00439398
0.000205968
0.00123581
-0.00102984
-0.00480592
-0.00803275
-0.00954318
-0.00865065
-0.00480592
0.0023343
0.0111223
0.0178506
0.0181252
0.00968049
-0.00466861
-0.0182625
-0.0249221
-0.023343
-0.0168207
-0.0100924
-0.00604173
-0.00473726
-0.00473726
-0.00466861
-0.00411936
-0.0034328
-0.00308952
-0.00315817
-0.00377608
-0.00542382
-0.00796409
-0.0102984
-0.0116029
-0.0116715
-0.0107103
-0.00878796
-0.00631635
-0.00439398
-0.00336414
-0.00240296
-6.8656e-05
0.0034328
0.00583576
0.00453129
-0.00123581
-0.00940587
-0.0167521
-0.0203222
-0.0192237
-0.015173
-0.010985
-0.00865065
-0.00817006
-0.00823872
-0.00844468
-0.00961184
-0.0129073
-0.0176446
-0.0210774
-0.0203222
-0.015173
-0.00885662
-0.00473726
-0.00391339
-0.00542382
-0.0081014
-0.010985
-0.0127014
-0.0122894
-0.0103671
-0.00892528
-0.00906259
-0.00974915
-0.0101611
-0.0113969
-0.0154476
-0.0221759
-0.0283549
-0.0295221
-0.023549
-0.0129073
-0.00308952
0.00192237
0.00199102
-0.000892528
-0.0051492
-0.0102297
-0.0153103
-0.018949
-0.0199102
-0.0179879
-0.0136625
-0.00762081
-0.00164774
0.00274624
0.00466861
0.00418801
0.00157909
-0.00260893
-0.00679694
-0.00954318
-0.0108476
-0.0127014
-0.0168894
-0.0224505
-0.025952
-0.0247161
-0.0192237
-0.0129073
-0.00974915
-0.0108476
-0.0142118
-0.0165461
-0.0157909
-0.0120148
-0.00617904
-0.000205968
0.00322683
0.00157909
-0.00501189
-0.0135252
-0.019361
-0.019567
-0.0148297
-0.00899393
-0.00569845
-0.00556113
-0.00665963
-0.00700291
-0.00672828
-0.00638501
-0.0057671
-0.00411936
-0.00144178
0.00130446
0.00288355
0.00240296
-0.000274624
-0.00398205
-0.00597307
-0.00459995
-0.00185371
-0.0017164
-0.00624769
-0.012976
-0.0175073
-0.0177132
-0.0146237
-0.0101611
-0.00542382
-0.000480592
0.00357011
0.00466861
0.00185371
-0.00302086
-0.00638501
-0.00638501
-0.00480592
-0.00453129
-0.00631635
-0.00844468
-0.00844468
-0.00542382
-0.000823872
0.00247161
0.0023343
-0.000755216
-0.00439398
-0.0057671
-0.0040507
0
0.00432533
0.00693425
0.00569845
-0.000274624
-0.00940587
-0.0181252
-0.0232057
-0.0238236
-0.0212147
-0.0168894
-0.0121521
-0.00782678
-0.00508054
-0.00494323
-0.00714022
-0.00940587
-0.00906259
-0.00562979
-0.00199102
-0.00151043
-0.00535517
-0.0120835
-0.0188117
-0.0227251
-0.0217639
-0.0160655
-0.00803275
-0.000549248
0.00535517
0.00940587
0.0114655
0.0102984
0.00549248
-0.00116715
-0.00659097
-0.00851334
-0.00734619
-0.00535517
-0.00501189
-0.00624769
-0.0074835
-0.00720888
-0.0057671
-0.00439398
-0.00398205
-0.00473726
-0.00604173
-0.00693425
-0.00714022
-0.00734619
-0.008582
-0.0102984
-0.00995512
-0.00590441
0.000480592
0.00597307
0.00830737
0.00700291
0.00315817
-0.00144178
-0.00432533
-0.00363877
0.000205968
0.00535517
0.00954318
0.0119461
0.0120148
0.00954318
0.00453129
-0.00226565
-0.00892528
-0.0131133
-0.0133879
-0.0108476
-0.008582
-0.00933721
-0.0133879
-0.0174386
-0.0177132
-0.0131133
-0.00638501
-0.00260893
-0.00521785
-0.0132506
-0.0219013
-0.0262952
-0.0245102
-0.0176446
-0.00837603
0.000549248
0.00693425
0.0091999
0.00762081
0.00398205
0.00137312
0.00157909
0.00370742
0.00446264
0.000617904
-0.00796409
-0.0177819
-0.0245788
-0.0261579
-0.0234803
-0.0196356
-0.0166834
-0.0148297
-0.0129073
-0.0102297
-0.00782678
-0.00762081
-0.0102297
-0.0138685
-0.0157222
-0.0146237
-0.0118088
-0.00940587
-0.00933721
-0.0122208
-0.01737
-0.0225878
-0.0248535
-0.0221072
-0.0144178
-0.00453129
0.00391339
0.00789544
0.0068656
0.00260893
-0.00219699
-0.00617904
-0.00954318
-0.0123581
-0.0142118
-0.014761
-0.0144864
-0.0146237
-0.0151043
-0.0148297
-0.0126327
-0.00906259
-0.00597307
-0.00459995
-0.00453129
-0.00398205
-0.00254027
-0.00144178
-0.00205968
-0.00398205
-0.00501189
-0.00357011
0.000137312
0.0040507
0.0051492
0.0010985
-0.00755216
-0.0166834
-0.021146
-0.0177132
-0.00762081
0.00446264
0.012976
0.0140745
0.00830737
-6.8656e-05
-0.00665963
-0.00968049
-0.0100924
-0.00947452
-0.00865065
-0.00823872
-0.00906259
-0.0113969
-0.0139372
-0.0152416
-0.0145551
-0.0118775
-0.00789544
-0.00384473
-0.00123581
-0.00123581
-0.00418801
-0.00988646
-0.0172326
-0.0234803
-0.0248535
-0.0192237
-0.00837603
0.00308952
0.00988646
0.00961184
0.00370742
-0.00391339
-0.00974915
-0.0122894
-0.0110536
-0.00679694
-0.00144178
0.00192237
0.00116715
-0.00260893
-0.00631635
-0.00720888
-0.0051492
-0.00212834
-0.000274624
-0.000961184
-0.00398205
-0.00817006
-0.0120835
-0.0142118
-0.0131819
-0.00871931
-0.00247161
0.00247161
0.00322683
-0.000617904
-0.00714022
-0.0136625
-0.0178506
-0.0183998
-0.015173
-0.00968049
-0.00432533
-0.000961184
6.8656e-05
-0.00068656
-0.00267758
-0.00542382
-0.00789544
-0.00865065
-0.00624769
-0.00144178
0.00205968
0.000137312
-0.00823872
-0.019361
-0.0273937
-0.0284236
-0.0227938
-0.0140745
-0.00617904
-0.00102984
0.00130446
0.0010985
-0.00226565
-0.00899393
-0.017164
-0.0231371
-0.023549
-0.0181252
-0.0091999
-0.000137312
0.00590441
0.00714022
0.00315817
-0.00432533
-0.0120835
-0.0168207
-0.0162715
-0.0102297
-0.00130446
0.00597307
0.00803275
0.00508054
6.8656e-05
-0.00432533
-0.00672828
-0.00707156
-0.00645366
-0.00679694
-0.00947452
-0.0132506
-0.0150357
-0.0122894
-0.00549248
0.00192237
0.00617904
0.00631635
0.00432533
0.0023343
0.000480592
-0.00308952
-0.00830737
-0.0122894
-0.0115342
-0.00590441
0.00151043
0.00707156
0.00899393
0.00720888
0.00254027
-0.00370742
-0.0100924
-0.0157222
-0.0201849
-0.0225192
-0.0212834
-0.0164774
-0.010573
-0.0074835
-0.0091999
-0.0141431
-0.0182625
-0.0179879
-0.0127014
-0.00487457
0.00164774
0.00398205
0.00157909
-0.00370742
-0.00885662
-0.010779
-0.00837603
-0.00308952
0.00226565
0.00562979
0.00590441
0.00260893
-0.00411936
-0.0131133
-0.021558
-0.0262266
-0.0245788
-0.0173013
-0.00817006
-0.00226565
-0.00185371
-0.00535517
-0.00885662
-0.00968049
-0.00782678
-0.00535517
-0.00459995
-0.00590441
-0.00755216
-0.0074835
-0.0057671
-0.00425667
-0.00439398
-0.00556113
-0.00659097
-0.00741484
-0.00844468
-0.0098178
-0.0110536
-0.0117402
-0.0115342
-0.00988646
-0.00638501
-0.00205968
0.000892528
0.00034328
-0.00391339
-0.0100238
-0.015173
-0.0172326
-0.0164774
-0.0146237
-0.0132506
-0.0120835
-0.00995512
-0.00693425
-0.00439398
-0.0034328
-0.00357011
-0.00322683
-0.00151043
0.00130446
0.00411936
0.00521785
0.00322683
-0.0017164
-0.00700291
-0.00961184
-0.00865065
-0.00665963
-0.00755216
-0.0129073
-0.0203222
-0.02554
-0.0254027
-0.0205281
-0.0144178
-0.010779
-0.0111909
-0.0144864
-0.0177132
-0.0179879
-0.0137998
-0.00665963
-0.000205968
0.00212834
-0.000549248
-0.00583576
-0.0111223
-0.0148297
-0.016958
-0.0175759
-0.0164088
-0.0133193
-0.00913124
-0.00487457
-0.00192237
-0.000961184
-0.00254027
-0.00562979
-0.00782678
-0.0068656
-0.00322683
-0.000274624
-0.0017164
-0.00734619
-0.0135939
-0.0160655
-0.0135939
-0.00844468
-0.00411936
-0.00260893
-0.00391339
-0.00672828
-0.0100238
-0.01277
-0.0133193
-0.010779
-0.00645366
-0.00363877
-0.00535517
-0.0111223
-0.0176446
-0.0207341
-0.0192237
-0.014967
-0.0113282
-0.0109163
-0.0136625
-0.0168207
-0.0170267
-0.0133879
-0.00837603
-0.0051492
-0.00425667
-0.00329549
-0.000617904
0.00288355
0.00425667
0.00151043
-0.00439398
-0.00988646
-0.0120148
-0.0105044
-0.00796409
-0.00727753
-0.00947452
-0.0129073
-0.0143491
-0.0120835
-0.00707156
-0.00274624
-0.0017164
-0.00466861
-0.00988646
-0.0144178
-0.0157222
-0.0129073
-0.00720888
-0.00102984
0.00384473
0.00720888
0.00961184
0.0107103
0.00913124
0.00446264
-0.00157909
-0.00604173
-0.00693425
-0.00521785
-0.00350145
-0.0034328
-0.00446264
-0.00480592
-0.00398205
-0.00308952
-0.00357011
-0.00562979
-0.00837603
-0.010779
-0.0127014
-0.0143491
-0.0152416
-0.0144178
-0.0118775
-0.0091999
-0.00871931
-0.010985
-0.0137312
-0.0131133
-0.00741484
0.00130446
0.00817006
0.00906259
0.00384473
-0.00391339
-0.00947452
-0.0101611
-0.00679694
-0.00212834
0.00068656
0.00034328
-0.00219699
-0.00453129
-0.00501189
-0.0040507
-0.0040507
-0.00604173
-0.00844468
-0.0081014
-0.00370742
0.00322683
0.0102297
0.0153789
0.0173013
0.0145551
0.00693425
-0.00288355
-0.0104357
-0.0122208
-0.00885662
-0.00377608
-0.000617904
-0.000961184
-0.0034328
-0.00549248
-0.00535517
-0.00288355
0.00034328
0.0023343
0.00137312
-0.00322683
-0.0101611
-0.0164774
-0.0194983
-0.0186744
-0.0150357
-0.0098178
-0.00453129
-0.000892528
-0.00068656
-0.00411936
-0.00913124
-0.0126327
-0.0124267
-0.00830737
-0.00247161
0.00192237
0.00302086
0.00137312
-0.000823872
-0.00247161
-0.00459995
-0.00789544
-0.0111223
-0.0116029
-0.00830737
-0.00281489
0.00178506
0.00357011
0.00274624
0.00068656
-0.00151043
-0.00398205
-0.00672828
-0.00899393
-0.00988646
-0.00974915
-0.0102984
-0.0126327
-0.0161342
-0.0181252
-0.0160655
-0.00940587
-0.000755216
0.00569845
0.00727753
0.00439398
0.000480592
-0.000892528
0.00102984
0.00391339
0.00411936
-0.00034328
-0.00782678
-0.0133879
-0.0133193
-0.00782678
-0.000549248
0.00473726
0.00597307
0.00295221
-0.00267758
-0.00837603
-0.0114655
-0.010985
-0.0081014
-0.00480592
-0.00254027
-0.00199102
-0.00205968
-0.00144178
0.000411936
0.00199102
0.00130446
-0.00199102
-0.00583576
-0.00727753
-0.00494323
-0.000617904
0.00226565
0.00102984
-0.00391339
-0.00947452
-0.0122208
-0.0113969
-0.00871931
-0.00659097
-0.00583576
-0.00556113
-0.00459995
-0.00267758
0.000205968
0.00411936
0.0091999
0.0148983
0.0192923
0.0197043
0.0144864
0.00453129
-0.00624769
-0.0133879
