LECROYHDO9204-MSöv,30454,Waveform
Segments,1,SegmentSize,2002
Ampl
-0.0111223
-0.008582
-0.00604173
-0.00398205
-0.00281489
-0.00315817
-0.00473726
-0.00652232
-0.00700291
-0.00597307
-0.00411936
-0.00295221
-0.00322683
-0.00439398
-0.00459995
-0.00240296
0.00178506
0.00549248
0.00665963
0.00473726
0.00068656
-0.00418801
-0.00865065
-0.0114655
-0.0118088
-0.00954318
-0.00562979
-0.00157909
0.00116715
0.00192237
0.00164774
0.00164774
0.00212834
0.000961184
-0.0034328
-0.0098178
-0.0145551
-0.015173
-0.0122894
-0.00878796
-0.0074835
-0.00913124
-0.0122208
-0.0143491
-0.0145551
-0.0137312
-0.0137312
-0.014967
-0.0159968
-0.0148983
-0.0108476
-0.00432533
0.00350145
0.0103671
0.0131133
0.00933721
-0.000549248
-0.0124267
-0.0208028
-0.0221759
-0.0170953
-0.00988646
-0.00535517
-0.00597307
-0.0107103
-0.0161342
-0.0181252
-0.0146237
-0.00672828
0.00123581
0.00411936
-0.000274624
-0.0103671
-0.0209401
-0.0266385
-0.0252654
-0.0188804
-0.0118088
-0.00734619
-0.00652232
-0.00844468
-0.0119461
-0.0157909
-0.0186058
-0.0190177
-0.0162028
-0.0111909
-0.00645366
-0.00446264
-0.00624769
-0.010779
-0.0162028
-0.0206654
-0.0229997
-0.0226565
-0.0202535
-0.0176446
-0.0168207
-0.0177819
-0.0186744
-0.0181252
-0.0166834
-0.0160655
-0.016958
-0.0192237
-0.0227251
-0.0271878
-0.0311012
-0.0326802
-0.0311012
-0.027943
-0.0256773
-0.0252654
-0.0245102
-0.0198416
-0.00988646
0.000205968
-0.00254027
-0.0374175
-0.123581
-0.269887
-0.465625
-0.679145
-0.869391
-1.00457
-1.07618
-1.09932
-1.09994
-1.0998
-1.10886
-1.12637
-1.14614
-1.16166
-1.16928
-1.16962
-1.16523
-1.15912
-1.15466
-1.15459
-1.1596
-1.16626
-1.16846
-1.16214
-1.14875
-1.13454
-1.12575
-1.12397
-1.12561
-1.12397
-1.11401
-1.09582
-1.07426
-1.05586
-1.04522
-1.0433
-1.04817
-1.05675
-1.06643
-1.07604
-1.08518
-1.09314
-1.09884
-1.10255
-1.10516
-1.10749
-1.10934
-1.1103
-1.11037
-1.10982
-1.10948
-1.11099
-1.11566
-1.12314
-1.13049
-1.13433
-1.13365
-1.1307
-1.12864
-1.12891
-1.13015
-1.12994
-1.12761
-1.12493
-1.12376
-1.12445
-1.12596
-1.12774
-1.12953
-1.13021
-1.12815
-1.12273
-1.11593
-1.1112
-1.11051
-1.11298
-1.11504
-1.11326
-1.1066
-1.09801
-1.09252
-1.09431
-1.10337
-1.11504
-1.12259
-1.12184
-1.11367
-1.10385
-1.09911
-1.10282
-1.11387
-1.12822
-1.14161
-1.15054
-1.15287
-1.14834
-1.13825
-1.12397
-1.10564
-1.08209
-1.05202
-1.01487
-0.970933
-0.921157
-0.867194
-0.810964
-0.753843
-0.697064
-0.64159
-0.588382
-0.538194
-0.491439
-0.447568
-0.404864
-0.361611
-0.317397
-0.273319
-0.231165
-0.192786
-0.159625
-0.133536
-0.115823
-0.106554
-0.104082
-0.105524
-0.108339
-0.110261
-0.109094
-0.103396
-0.0935781
-0.0818379
-0.0710589
-0.0629575
-0.057877
-0.0556113
-0.0557486
-0.057465
-0.0593188
-0.0593188
-0.0558173
-0.0486771
-0.0400264
-0.0336414
-0.0326802
-0.0372802
-0.0442144
-0.0486771
-0.0475786
-0.0418801
-0.0358384
-0.0340534
-0.0380354
-0.045107
-0.0503248
-0.0497069
-0.0426354
-0.0313071
-0.0197729
-0.0116715
-0.00892528
-0.0109163
-0.0153789
-0.0199789
-0.0227251
-0.0232057
-0.0221759
-0.0218326
-0.0240296
-0.0288355
-0.034328
-0.0381041
-0.0391339
-0.0381727
-0.0365936
-0.0355638
-0.0349459
-0.0334355
-0.0294534
-0.0234803
-0.0178506
-0.0153789
-0.0166834
-0.0201849
-0.0232744
-0.0240982
-0.0229311
-0.0209401
-0.0192923
-0.0179192
-0.016958
-0.0178506
-0.0216953
-0.0267758
-0.0294534
-0.0269131
-0.0202535
-0.0135252
-0.0102297
-0.0111223
-0.0144864
-0.0170267
-0.0159968
-0.0112596
-0.00494323
-0.000205968
0.000755216
-0.00281489
-0.0102297
-0.0194296
-0.0272564
-0.0306206
-0.0278743
-0.0201162
-0.0105044
-0.00247161
0.00212834
0.00260893
-0.00130446
-0.00913124
-0.0192237
-0.0284236
-0.0340534
-0.0356324
-0.0344653
-0.0320623
-0.0289728
-0.0258146
-0.0229311
-0.0199102
-0.0164774
-0.0129073
-0.0106417
-0.0108476
-0.0134566
-0.0166147
-0.0179192
-0.0158595
-0.0112596
-0.00679694
-0.00501189
-0.00645366
-0.0100238
-0.0144864
-0.0186058
-0.0200475
-0.0172326
-0.0114655
-0.00707156
-0.0074835
-0.0124267
-0.0179879
-0.0196356
-0.0153103
-0.00659097
0.00199102
0.00494323
-0.00034328
-0.0116029
-0.0232744
-0.0302086
-0.0308952
-0.0266385
-0.0203908
-0.0144178
-0.0107103
-0.0105044
-0.0140058
-0.019361
-0.0230684
-0.0227251
-0.018949
-0.0144178
-0.0106417
-0.0068656
-0.00260893
0.000274624
-0.00144178
-0.00885662
-0.019567
-0.0280803
-0.0296594
-0.0236177
-0.0140058
-0.00645366
-0.00377608
-0.00459995
-0.00624769
-0.00700291
-0.00720888
-0.00817006
-0.0110536
-0.0155849
-0.0198416
-0.0214207
-0.0188804
-0.0124267
-0.00425667
0.00254027
0.0051492
0.00288355
-0.0017164
-0.00528651
-0.00645366
-0.00720888
-0.00968049
-0.0143491
-0.0201162
-0.0254027
-0.0287669
-0.0289728
-0.0262266
-0.0221072
-0.0188117
-0.0180565
-0.0200475
-0.0241669
-0.0284236
-0.0303459
-0.0278743
-0.0206654
-0.010779
-0.00199102
0.00247161
0.00192237
-0.00137312
-0.00473726
-0.00693425
-0.00768947
-0.00665963
-0.00308952
0.00254027
0.00762081
0.00871931
0.00350145
-0.0068656
-0.0178506
-0.0245102
-0.0244415
-0.0192237
-0.0118775
-0.00473726
0.00130446
0.00508054
0.00535517
0.00144178
-0.00535517
-0.0120148
-0.0154476
-0.0139372
-0.00865065
-0.00350145
-0.00199102
-0.00432533
-0.00782678
-0.00968049
-0.00933721
-0.00803275
-0.00679694
-0.00611038
-0.00569845
-0.00535517
-0.00466861
-0.00398205
-0.00439398
-0.00631635
-0.00899393
-0.0111909
-0.0122208
-0.0120835
-0.0105044
-0.00727753
-0.00302086
0.00068656
0.00212834
0.000755216
-0.00226565
-0.00494323
-0.00617904
-0.00665963
-0.0074835
-0.00851334
-0.00844468
-0.00638501
-0.00357011
-0.00212834
-0.00336414
-0.00624769
-0.00817006
-0.00707156
-0.00308952
0.00144178
0.00357011
0.00240296
-0.00102984
-0.00501189
-0.00830737
-0.0100238
-0.0100924
-0.00995512
-0.0114655
-0.0154476
-0.0202535
-0.0230684
-0.0212834
-0.0144864
-0.0051492
0.0023343
0.00411936
-0.000480592
-0.00892528
-0.0166834
-0.0197043
-0.0162715
-0.00837603
-0.00137312
-0.000274624
-0.00562979
-0.0130446
-0.0166147
-0.0138685
-0.00700291
-0.000755216
0.00157909
-0.000205968
-0.00322683
-0.00459995
-0.0034328
-0.000755216
0.00144178
0.00151043
-0.00123581
-0.00597307
-0.010985
-0.0143491
-0.0151043
-0.0131819
-0.00933721
-0.0051492
-0.00288355
-0.00370742
-0.00652232
-0.00926856
-0.0111909
-0.012976
-0.0150357
-0.0162715
-0.0148983
-0.0101611
-0.00295221
0.00453129
0.00974915
0.0112596
0.0101611
0.00878796
0.00844468
0.00789544
0.00521785
-0.000205968
-0.00665963
-0.0113282
-0.0118775
-0.00768947
-0.00102984
0.00418801
0.00487457
0.000961184
-0.00466861
-0.00892528
-0.0104357
-0.00947452
-0.00679694
-0.00322683
-0.000205968
-0.000274624
-0.00549248
-0.0150357
-0.0243042
-0.027737
-0.0232057
-0.0134566
-0.00336414
0.00411936
0.00865065
0.0104357
0.00926856
0.00528651
-0.000274624
-0.00611038
-0.0109163
-0.0138685
-0.015173
-0.0158595
-0.016958
-0.0181252
-0.0177132
-0.0144864
-0.00954318
-0.00562979
-0.00487457
-0.00652232
-0.00803275
-0.00741484
-0.0051492
-0.00240296
0.000205968
0.00260893
0.00439398
0.00480592
0.00350145
0.000823872
-0.00254027
-0.00604173
-0.00933721
-0.0122208
-0.0140745
-0.0140745
-0.0113969
-0.00624769
0
0.00549248
0.008582
0.00851334
0.00439398
-0.00350145
-0.0126327
-0.0180565
-0.0157909
-0.00707156
0.00205968
0.00521785
0.00102984
-0.00645366
-0.0113969
-0.0110536
-0.0074835
-0.00398205
-0.00219699
-0.00151043
-0.000480592
0.00144178
0.00377608
0.00494323
0.00288355
-0.00295221
-0.0104357
-0.0154476
-0.014967
-0.00933721
-0.00151043
0.00501189
0.00830737
0.00823872
0.00631635
0.00439398
0.00377608
0.00425667
0.00494323
0.00494323
0.00370742
0.000617904
-0.00439398
-0.0100238
-0.0143491
-0.0156536
-0.0136625
-0.00968049
-0.00583576
-0.00281489
-0.00034328
0.00212834
0.00411936
0.00411936
0.00151043
-0.00288355
-0.00707156
-0.0098178
-0.0112596
-0.0127014
-0.0154476
-0.0187431
-0.0205968
-0.018949
-0.0146924
-0.0107103
-0.00926856
-0.00988646
-0.0104357
-0.00940587
-0.0068656
-0.00363877
0
0.00363877
0.00604173
0.00521785
-0.000205968
-0.00892528
-0.0174386
-0.0219699
-0.0212147
-0.0166834
-0.0112596
-0.00707156
-0.00501189
-0.00425667
-0.00384473
-0.00322683
-0.00281489
-0.0034328
-0.00535517
-0.00865065
-0.0131819
-0.0182625
-0.0216266
-0.021146
-0.0168207
-0.0111909
-0.00672828
-0.00446264
-0.00439398
-0.00659097
-0.0109163
-0.0159968
-0.0197043
-0.0205968
-0.0178506
-0.0120148
-0.00480592
0.00137312
0.00418801
0.00240296
-0.00411936
-0.0135252
-0.021558
-0.0243729
-0.021146
-0.0146237
-0.00865065
-0.00542382
-0.00466861
-0.00542382
-0.00645366
-0.00665963
-0.00562979
-0.00439398
-0.00432533
-0.00631635
-0.00968049
-0.0124267
-0.0132506
-0.0118088
-0.00940587
-0.0074835
-0.00679694
-0.0074835
-0.00913124
-0.0115342
-0.0136625
-0.0141431
-0.0120835
-0.00837603
-0.00473726
-0.00295221
-0.00357011
-0.00617904
-0.00961184
-0.0129073
-0.0157909
-0.0180565
-0.0187431
-0.0166147
-0.0118088
-0.00645366
-0.00315817
-0.00398205
-0.00851334
-0.0137312
-0.0154476
-0.0118775
-0.00480592
0.00192237
0.00562979
0.00556113
0.00260893
-0.00185371
-0.00528651
-0.00494323
-0.000137312
0.00672828
0.0108476
0.00940587
0.00308952
-0.00425667
-0.00865065
-0.00871931
-0.00611038
-0.00363877
-0.00219699
-0.00034328
0.00315817
0.00741484
0.00974915
0.00830737
0.0040507
-0.000274624
-0.00247161
-0.00212834
-0.000549248
0.000823872
0.000961184
-0.000480592
-0.00350145
-0.0074835
-0.010573
-0.0108476
-0.00775812
-0.00288355
0.00123581
0.00308952
0.00274624
0.00144178
0.000205968
-0.000755216
-0.00219699
-0.00459995
-0.0074835
-0.0098178
-0.0107103
-0.00954318
-0.00611038
-0.0010985
0.0034328
0.00494323
0.00260893
-0.00192237
-0.0057671
-0.0074835
-0.00672828
-0.00425667
-0.000549248
0.00329549
0.00535517
0.00425667
0.000549248
-0.00254027
-0.00130446
0.00487457
0.0117402
0.0135939
0.00837603
-0.00123581
-0.0111223
-0.0183998
-0.0218326
-0.0204595
-0.0142118
-0.00453129
0.00569845
0.012564
0.0127014
0.00487457
-0.00837603
-0.0214893
-0.0288355
-0.0275997
-0.0184685
-0.00569845
0.00508054
0.00940587
0.00672828
-0.00034328
-0.00803275
-0.012976
-0.0133193
-0.00954318
-0.0051492
-0.00473726
-0.010573
-0.0201162
-0.0273937
-0.0273251
-0.0201162
-0.0109163
-0.00611038
-0.00830737
-0.0146237
-0.0199789
-0.0212147
-0.0185371
-0.0137312
-0.00844468
-0.00384473
-0.00102984
-6.8656e-05
-0.000411936
-0.00157909
-0.00439398
-0.00899393
-0.0138685
-0.0160655
-0.0135939
-0.0074835
-0.00123581
0.0017164
0.000274624
-0.00350145
-0.00611038
-0.00487457
0.00034328
0.00665963
0.0102984
0.00851334
0.00151043
-0.00817006
-0.0168894
-0.0214893
-0.0205968
-0.0150357
-0.00707156
0.00102984
0.00741484
0.0098178
0.00652232
-0.0017164
-0.0108476
-0.0165461
-0.016958
-0.0133193
-0.00830737
-0.00439398
-0.00370742
-0.00665963
-0.0113282
-0.0139372
-0.0115342
-0.0051492
0.0010985
0.00411936
0.00439398
0.00446264
0.00508054
0.00487457
0.00219699
-0.00315817
-0.0103671
-0.0183998
-0.0258146
-0.0302773
-0.0297967
-0.0245788
-0.0173013
-0.0110536
-0.00768947
-0.0074835
-0.00968049
-0.0130446
-0.0157222
-0.0157222
-0.0124954
-0.0074835
-0.00302086
-0.000755216
-0.000755216
-0.00247161
-0.00562979
-0.00968049
-0.0136625
-0.0162028
-0.0161342
-0.0136625
-0.0100238
-0.00665963
-0.00446264
-0.00329549
-0.0023343
-0.000961184
0.0010985
0.00363877
0.00535517
0.00487457
0.00185371
-0.00274624
-0.00775812
-0.01277
-0.0175073
-0.0203222
-0.0194983
-0.014761
-0.00762081
-0.000411936
0.00480592
0.0068656
0.00569845
0.00267758
-0.000480592
-0.00219699
-0.00157909
0.00130446
0.00597307
0.0105044
0.0117402
0.00789544
6.8656e-05
-0.00789544
-0.0123581
-0.0124954
-0.0104357
-0.00974915
-0.0133193
-0.0210774
-0.0300027
-0.0352892
-0.0338474
-0.0260206
-0.0155849
-0.00741484
-0.00439398
-0.0057671
-0.00823872
-0.00913124
-0.00830737
-0.00700291
-0.00645366
-0.00638501
-0.00535517
-0.00274624
-0.000205968
-0.00130446
-0.00762081
-0.016958
-0.0245102
-0.0273937
-0.0254714
-0.0199102
-0.0122208
-0.00370742
0.00336414
0.00700291
0.00631635
0.00185371
-0.00411936
-0.00878796
-0.00995512
-0.00782678
-0.00549248
-0.00624769
-0.0111223
-0.0179192
-0.0225878
-0.0221759
-0.0166834
-0.00913124
-0.00336414
-0.00137312
-0.00274624
-0.00604173
-0.00974915
-0.0126327
-0.0133193
-0.0109163
-0.00679694
-0.00384473
-0.00418801
-0.00714022
-0.00974915
-0.00947452
-0.00617904
-0.00212834
-0.000205968
-0.00164774
-0.00617904
-0.0121521
-0.0175759
-0.0204595
-0.0194296
-0.0148983
-0.00961184
-0.00645366
-0.00611038
-0.00645366
-0.00521785
-0.00219699
0.000617904
0.000961184
-0.0017164
-0.00638501
-0.0116029
-0.0162028
-0.0192923
-0.0199102
-0.0179879
-0.0142804
-0.0101611
-0.00638501
-0.00363877
-0.00329549
-0.00611038
-0.010779
-0.0136625
-0.0124954
-0.00892528
-0.00665963
-0.00789544
-0.0114655
-0.0146924
-0.0162028
-0.0162028
-0.0156536
-0.0144864
-0.0128387
-0.0113969
-0.0113282
-0.0134566
-0.0173013
-0.0208714
-0.0221759
-0.0201849
-0.0152416
-0.00899393
-0.00418801
-0.00336414
-0.00679694
-0.0121521
-0.0157909
-0.0153789
-0.010985
-0.0051492
-0.0010985
-0.000205968
-0.00185371
-0.00459995
-0.00755216
-0.00988646
-0.0102984
-0.00803275
-0.00370742
0.000411936
0.00199102
-0.000137312
-0.00480592
-0.00926856
-0.010779
-0.00817006
-0.00302086
0.00205968
0.0051492
0.00542382
0.00288355
-0.00226565
-0.00878796
-0.0146924
-0.0177132
-0.0170267
-0.0133879
-0.00899393
-0.00638501
-0.00727753
-0.0113282
-0.0163401
-0.018949
-0.0170267
-0.010779
-0.00322683
0.0010985
-0.000411936
-0.00638501
-0.0127014
-0.0162715
-0.017164
-0.0168894
-0.0163401
-0.0152416
-0.0133879
-0.010985
-0.008582
-0.00720888
-0.00720888
-0.00789544
-0.00782678
-0.00659097
-0.00535517
-0.00569845
-0.00741484
-0.00878796
-0.00878796
-0.00796409
-0.00755216
-0.00823872
-0.00940587
-0.00954318
-0.00755216
-0.00384473
0.000137312
0.00254027
0.00157909
-0.00336414
-0.0110536
-0.0181252
-0.0212834
-0.019567
-0.0145551
-0.00878796
-0.00363877
-0.000274624
0.000480592
-0.00164774
-0.00508054
-0.00700291
-0.00501189
0.000892528
0.00844468
0.0136625
0.0133879
0.00707156
-0.00295221
-0.0132506
-0.0208028
-0.0236177
-0.0210774
-0.0142118
-0.00569845
0.00164774
0.00583576
0.00679694
0.00590441
0.00466861
0.00377608
0.00308952
0.00226565
0.000892528
-0.00116715
-0.00411936
-0.00707156
-0.00823872
-0.00631635
-0.00205968
0.00199102
0.0034328
0.00157909
-0.00219699
-0.00535517
-0.00569845
-0.00240296
0.00267758
0.00652232
0.0068656
0.00350145
-0.00130446
-0.00453129
-0.00432533
-0.00144178
0.000823872
-0.000892528
-0.00707156
-0.0148297
-0.0194296
-0.0177819
-0.010779
-0.0023343
0.00357011
0.00583576
0.0057671
0.0051492
0.00466861
0.00398205
0.00267758
0.000549248
-0.00212834
-0.00542382
-0.00913124
-0.0127014
-0.0152416
-0.0151043
-0.0118088
-0.00693425
-0.00370742
-0.00459995
-0.00899393
-0.0136625
-0.0153789
-0.0133879
-0.00933721
-0.00521785
-0.00199102
-0.000137312
0
-0.0010985
-0.00226565
-0.00219699
-0.000137312
0.00384473
0.00851334
0.0114655
0.0102984
0.00446264
-0.00377608
-0.0102297
-0.0119461
-0.00926856
-0.00508054
-0.00212834
-0.000892528
-0.000617904
-0.00116715
-0.00329549
-0.00700291
-0.0104357
-0.0116715
-0.0106417
-0.00913124
-0.00885662
-0.00940587
-0.00885662
-0.00624769
-0.00302086
-0.00164774
-0.00322683
-0.00617904
-0.00844468
-0.00906259
-0.00844468
-0.00734619
-0.00659097
-0.00693425
-0.00878796
-0.0114655
-0.0133879
-0.0130446
-0.00974915
-0.00446264
0.000549248
0.00219699
-0.00212834
-0.0119461
-0.0230684
-0.0295221
-0.0273251
-0.0174386
-0.00528651
0.00302086
0.00487457
0.00212834
-0.00151043
-0.00322683
-0.00357011
-0.00528651
-0.010779
-0.0194296
-0.0273251
-0.0289728
-0.0216266
-0.0081014
0.00411936
0.00844468
0.00411936
-0.0034328
-0.00796409
-0.00782678
-0.00665963
-0.00851334
-0.0133879
-0.0175073
-0.0177132
-0.0142118
-0.0105044
-0.00961184
-0.0122208
-0.0163401
-0.0194296
-0.019567
-0.0163401
-0.0111223
-0.00597307
-0.0023343
-0.0010985
-0.00247161
-0.0057671
-0.00885662
-0.00913124
-0.00590441
-0.00151043
0.000823872
-0.000892528
-0.00638501
-0.0131819
-0.0183311
-0.0204595
-0.0205281
-0.0203908
-0.0198416
-0.017164
-0.0111909
-0.00357011
0.0023343
0.00411936
0.00164774
-0.00254027
-0.00535517
-0.0051492
-0.00274624
-0.000480592
-0.000411936
-0.00302086
-0.00672828
-0.0098178
-0.0113969
-0.0118775
-0.0119461
-0.0122894
-0.0133879
-0.0155162
-0.0183998
-0.0202535
-0.019361
-0.0148297
-0.00782678
-0.000961184
0.00329549
0.00363877
-0.000205968
-0.00707156
-0.0142118
-0.0183311
-0.0177132
-0.0133193
-0.00789544
-0.00357011
-0.000823872
0.000411936
-0.000411936
-0.00453129
-0.0116715
-0.0182625
-0.0190864
-0.0118775
0.000137312
0.0103671
0.0136625
0.00947452
0.000755216
-0.008582
-0.0153789
-0.0182625
-0.0181938
-0.0170953
-0.0155162
-0.0128387
-0.00796409
-0.00205968
0.00185371
0.00034328
-0.00782678
-0.0200475
-0.0308265
-0.0346026
-0.0295221
-0.0179192
-0.00501189
0.00459995
0.00851334
0.00672828
0.00144178
-0.00501189
-0.0109163
-0.015173
-0.0172326
-0.016958
-0.0152416
-0.0135939
-0.0129073
-0.0121521
-0.00968049
-0.00508054
-0.00034328
0.00144178
-0.00199102
-0.00954318
-0.0170953
-0.0199789
-0.0168207
-0.0100924
-0.0040507
-0.00164774
-0.00329549
-0.00714022
-0.0103671
-0.0110536
-0.00913124
-0.00597307
-0.00322683
-0.00212834
-0.0034328
-0.00679694
-0.0104357
-0.0119461
-0.0102297
-0.00679694
-0.00446264
-0.00466861
-0.00638501
-0.0068656
-0.00398205
0.00157909
0.00604173
0.00562979
0.000137312
-0.00624769
-0.00865065
-0.0057671
-0.000617904
0.00178506
-0.00157909
-0.00968049
-0.0178506
-0.0210774
-0.0179192
-0.0111223
-0.00528651
-0.00329549
-0.00446264
-0.00652232
-0.00789544
-0.00837603
-0.00817006
-0.00720888
-0.00597307
-0.00528651
-0.00528651
-0.00535517
-0.00473726
-0.00350145
-0.00274624
-0.00281489
-0.00274624
-0.00151043
0.000205968
0.000480592
-0.00185371
-0.0051492
-0.00679694
-0.00535517
-0.00157909
0.00315817
0.00755216
0.00974915
0.00755216
0.000137312
-0.0102984
-0.0194296
-0.0234803
-0.0214893
-0.0155162
-0.00885662
-0.00357011
-0.000617904
0.000137312
-0.00102984
-0.0034328
-0.00583576
-0.00796409
-0.00995512
-0.0118088
-0.0126327
-0.0109163
-0.0068656
-0.00247161
-0.000274624
-0.000961184
-0.00288355
-0.00398205
-0.00453129
-0.00659097
-0.0113282
-0.0167521
-0.018949
-0.0156536
-0.00851334
-0.0010985
0.00322683
0.00295221
-0.00123581
-0.00672828
-0.0102297
-0.0102984
-0.00837603
-0.00700291
-0.00707156
-0.00720888
-0.0057671
-0.00295221
-0.000617904
-0.000961184
-0.00357011
-0.00617904
-0.00720888
-0.00775812
-0.0100238
-0.0141431
-0.0179192
-0.018949
-0.0170267
-0.0137312
-0.0113282
-0.0117402
-0.0151043
-0.0194983
-0.0227251
-0.0243729
-0.0253341
-0.0260893
-0.0251967
-0.0208028
-0.0129073
-0.00453129
0.000549248
0.000274624
-0.00377608
-0.00865065
-0.0119461
-0.0135939
-0.0146237
-0.0155849
-0.0164088
-0.016958
-0.0176446
-0.0182625
-0.0175073
-0.014761
-0.0108476
-0.00775812
-0.00714022
-0.00885662
-0.0115342
-0.0140745
-0.0158595
-0.0164088
-0.0146924
-0.0103671
-0.00501189
-0.00178506
-0.00274624
-0.00727753
-0.0133879
-0.0192237
-0.0234117
-0.0242356
-0.0203908
-0.0131133
-0.00631635
-0.00432533
-0.00775812
-0.0131819
-0.0157909
-0.0132506
-0.00768947
-0.00411936
-0.00597307
-0.0122894
-0.0183311
-0.0205281
-0.0190177
-0.016958
-0.0167521
-0.0182625
-0.0196356
-0.0188804
-0.0156536
-0.0109163
-0.00638501
-0.00357011
-0.00329549
-0.00528651
-0.00837603
-0.010985
-0.0122894
-0.0129073
-0.0134566
-0.0127014
-0.00851334
-0.00130446
0.00535517
0.00734619
0.00363877
-0.00267758
-0.00714022
-0.00659097
-0.00151043
0.00398205
0.00501189
0.000480592
-0.00624769
-0.0100924
-0.00906259
-0.00501189
-0.00137312
-0.000823872
-0.0040507
-0.00988646
-0.0158595
-0.0194296
-0.0194296
-0.0164088
-0.0124954
-0.00968049
-0.00885662
-0.00954318
-0.010985
-0.0128387
-0.014967
-0.016958
-0.0182625
-0.0183998
-0.0172326
-0.014967
-0.0122894
-0.0106417
-0.0111223
-0.0135939
-0.0165461
-0.0186058
-0.0192923
-0.0192923
-0.019567
-0.0205968
-0.0219699
-0.0227938
-0.0228624
-0.0219699
-0.0197729
-0.0153103
-0.00844468
-0.000274624
0.00755216
0.0135939
0.0157222
0.0116715
0.00116715
-0.0122208
-0.0224505
-0.0258833
-0.0229997
-0.0166147
-0.00940587
-0.00363877
-0.00137312
-0.00350145
-0.00878796
-0.0138685
-0.0152416
-0.0113282
-0.00418801
0.00192237
0.00363877
0.0010985
-0.00295221
-0.00583576
-0.00617904
-0.00425667
-0.00151043
0.00068656
0.00164774
0.000961184
-0.00123581
-0.00425667
-0.00672828
-0.00741484
-0.00604173
-0.00418801
-0.00329549
-0.00418801
-0.00665963
-0.00961184
-0.0113282
-0.0103671
-0.00652232
-0.00144178
0.00240296
0.00288355
-0.000480592
-0.00672828
-0.0135939
-0.0188117
-0.021146
-0.0207341
-0.0188804
-0.0170267
-0.0162028
-0.0165461
-0.0175759
-0.0190864
-0.0209401
-0.0219699
-0.0203222
-0.0148983
-0.00707156
-0.000205968
0.00329549
0.00377608
0.00281489
0.00130446
-0.00102984
-0.0040507
-0.00631635
-0.00659097
-0.00418801
0.000411936
0.00597307
0.0101611
0.0108476
0.00714022
0.000137312
-0.00775812
-0.0144864
-0.0181252
-0.0179192
-0.014761
-0.0108476
-0.00803275
-0.00693425
-0.00741484
-0.0091999
-0.0116715
-0.0133879
-0.0135939
-0.012564
-0.0113282
-0.0110536
-0.012564
-0.0153103
-0.0174386
-0.0170953
-0.0150357
-0.0139372
-0.0157222
-0.0192237
-0.0210087
-0.0183998
-0.0120835
-0.00562979
-0.00267758
-0.00391339
-0.00652232
-0.00734619
-0.00535517
-0.00247161
-0.00185371
-0.0057671
-0.0135939
-0.0216266
-0.02554
-0.0236177
-0.0170267
-0.008582
-0.000137312
0.00768947
0.0139372
0.0167521
0.014761
0.00878796
0.00130446
-0.00556113
-0.0108476
-0.0143491
-0.0162715
-0.0168894
-0.0170267
-0.017164
-0.017164
-0.0166147
-0.0156536
-0.0145551
-0.0136625
-0.0131819
-0.01277
-0.0122208
-0.0117402
-0.0121521
-0.0139372
-0.0168207
-0.019361
-0.0199789
-0.0175759
-0.0124267
-0.00679694
-0.00425667
-0.00638501
-0.0112596
-0.0145551
-0.0131133
-0.00727753
-0.000755216
0.00226565
0.000480592
-0.00446264
-0.00851334
-0.00837603
-0.00295221
0.0051492
0.0111909
0.010779
0.00363877
-0.00693425
-0.0162028
-0.0219013
-0.0240982
-0.0238236
-0.021352
-0.0167521
-0.0110536
-0.00665963
-0.0057671
-0.00823872
-0.0118088
-0.0140745
-0.0146924
-0.015173
-0.0166834
-0.0179192
-0.01737
-0.0150357
-0.01277
-0.0113969
-0.00968049
-0.00617904
-0.00164774
0.00164774
0.00157909
-0.00226565
-0.00837603
-0.0144864
-0.0185371
-0.0190864
-0.0153789
-0.00714022
0.00391339
0.0137312
0.0174386
0.0129073
0.00205968
-0.00974915
-0.0160655
-0.012976
-0.00157909
0.0116029
0.0185371
0.015173
0.00439398
-0.00714022
-0.0139372
-0.0144864
-0.0107103
-0.00583576
-0.00260893
-0.00192237
-0.00295221
-0.00418801
-0.00494323
-0.00528651
-0.0057671
-0.00659097
-0.00762081
-0.00803275
-0.00775812
-0.00762081
-0.00885662
-0.0115342
-0.0141431
-0.0150357
-0.0133879
-0.00933721
-0.00377608
0.00157909
0.00501189
0.00535517
0.00260893
-0.00254027
-0.00885662
-0.0146924
-0.0179192
-0.016958
-0.0120148
-0.00597307
-0.00288355
-0.00549248
