LECROYHDO9204-MSöv,30454,Waveform
Segments,1,SegmentSize,2002
Ampl
-0.00363877
0.00068656
0.00357011
0.00377608
0.0023343
0.00068656
-0.000823872
-0.00329549
-0.00817006
-0.0153103
-0.0222445
-0.0258146
-0.0240296
-0.0180565
-0.0107103
-0.00432533
0.000137312
0.00205968
0.000755216
-0.00357011
-0.00871931
-0.0119461
-0.0111223
-0.0068656
-0.00192237
0.000205968
-0.00199102
-0.00645366
-0.00954318
-0.0081014
-0.00157909
0.00803275
0.0167521
0.0202535
0.0165461
0.00755216
-0.00240296
-0.00954318
-0.0123581
-0.0115342
-0.00913124
-0.00720888
-0.00638501
-0.00562979
-0.00370742
-0.000961184
0.00034328
-0.00157909
-0.00645366
-0.0122894
-0.0165461
-0.0183998
-0.0183311
-0.0179192
-0.0179879
-0.0179879
-0.0170953
-0.0148983
-0.0121521
-0.00974915
-0.00830737
-0.0081014
-0.00926856
-0.0117402
-0.0144178
-0.0155849
-0.0142118
-0.0112596
-0.00885662
-0.00837603
-0.00933721
-0.0101611
-0.00968049
-0.00803275
-0.00583576
-0.00391339
-0.00322683
-0.00473726
-0.00844468
-0.012976
-0.0162715
-0.017164
-0.0156536
-0.0126327
-0.00954318
-0.00720888
-0.00569845
-0.0040507
-0.00102984
0.00288355
0.00590441
0.0057671
0.00151043
-0.00611038
-0.0142804
-0.0190864
-0.0180565
-0.0122208
-0.00535517
-0.000961184
-0.000274624
-0.00247161
-0.00631635
-0.0109163
-0.0155849
-0.0190864
-0.0194296
-0.0151043
-0.0068656
0.0010985
0.0034328
-0.00185371
-0.0111223
-0.016958
-0.0138685
-0.00322683
0.00487457
-0.00652232
-0.0569158
-0.162028
-0.324193
-0.525424
-0.730225
-0.901178
-1.01625
-1.07646
-1.09918
-1.10488
-1.1079
-1.11449
-1.12603
-1.14106
-1.15589
-1.16537
-1.16633
-1.16063
-1.15369
-1.15115
-1.15466
-1.16132
-1.16578
-1.16365
-1.15438
-1.14127
-1.12946
-1.12287
-1.12184
-1.12225
-1.11834
-1.10667
-1.08909
-1.07138
-1.05916
-1.05421
-1.05421
-1.05545
-1.05559
-1.0549
-1.05593
-1.06135
-1.07172
-1.08476
-1.09699
-1.10605
-1.1114
-1.1136
-1.11394
-1.11387
-1.11518
-1.11909
-1.12561
-1.13255
-1.13687
-1.13715
-1.1342
-1.1298
-1.12534
-1.12218
-1.12143
-1.12314
-1.12575
-1.12733
-1.12754
-1.12678
-1.12452
-1.11957
-1.11243
-1.10612
-1.10419
-1.10701
-1.11147
-1.11381
-1.11223
-1.10776
-1.10248
-1.09822
-1.09637
-1.09815
-1.10385
-1.11106
-1.11607
-1.11607
-1.1112
-1.10392
-1.09699
-1.09287
-1.09362
-1.0998
-1.10948
-1.11882
-1.12541
-1.13015
-1.13557
-1.14271
-1.14896
-1.14951
-1.13969
-1.11758
-1.08449
-1.04398
-0.999837
-0.954181
-0.907426
-0.858337
-0.805609
-0.74938
-0.692052
-0.636509
-0.584262
-0.535036
-0.488213
-0.443243
-0.398273
-0.350283
-0.29783
-0.244484
-0.197523
-0.163333
-0.143285
-0.133055
-0.126396
-0.118706
-0.108476
-0.0966676
-0.0857513
-0.0776499
-0.072844
-0.0702351
-0.068656
-0.0679008
-0.0680381
-0.0678321
-0.0650172
-0.0580143
-0.0475786
-0.0364563
-0.0284236
-0.0258833
-0.0284922
-0.0332981
-0.0376921
-0.0413309
-0.0455876
-0.0510114
-0.0557486
-0.0571904
-0.0543069
-0.049295
-0.0456562
-0.0454503
-0.0475099
-0.048883
-0.047304
-0.0434592
-0.0392712
-0.0357698
-0.0326802
-0.0296594
-0.0269818
-0.0251281
-0.0242356
-0.0243729
-0.0254027
-0.0265699
-0.0260206
-0.0228624
-0.0179192
-0.0133193
-0.0105044
-0.00961184
-0.0100924
-0.0117402
-0.0136625
-0.0146924
-0.0142804
-0.0138685
-0.0154476
-0.0197043
-0.0250594
-0.0288355
-0.0291101
-0.02554
-0.019567
-0.0136625
-0.0103671
-0.010779
-0.0131133
-0.0142804
-0.0124954
-0.00878796
-0.00611038
-0.00645366
-0.00995512
-0.0153103
-0.0208028
-0.0245102
-0.0248535
-0.0218326
-0.0178506
-0.0167521
-0.0203222
-0.0268445
-0.032131
-0.0332295
-0.0307579
-0.0276684
-0.0253341
-0.0225192
-0.01737
-0.0104357
-0.00466861
-0.0023343
-0.00288355
-0.00418801
-0.00466861
-0.00453129
-0.00583576
-0.010779
-0.0194983
-0.0292474
-0.0359071
-0.0372802
-0.0342593
-0.0295907
-0.0251967
-0.0222445
-0.0210774
-0.021146
-0.0208028
-0.0181938
-0.0128387
-0.00665963
-0.00247161
-0.00157909
-0.00322683
-0.0057671
-0.00851334
-0.0116715
-0.0143491
-0.0146237
-0.0113969
-0.00638501
-0.00240296
-0.0017164
-0.00446264
-0.00933721
-0.0145551
-0.0181938
-0.018949
-0.0161342
-0.0110536
-0.0068656
-0.0068656
-0.0118775
-0.0188804
-0.0230684
-0.021558
-0.0145551
-0.00473726
0.00453129
0.00947452
0.00775812
0.000480592
-0.00762081
-0.0116715
-0.0100238
-0.00480592
0.00102984
0.00562979
0.00885662
0.0107103
0.0111909
0.0100238
0.00707156
0.00329549
-0.000205968
-0.00288355
-0.00453129
-0.00466861
-0.00260893
0.00102984
0.00398205
0.0040507
0.00130446
-0.0023343
-0.00480592
-0.00487457
-0.00281489
-0.00068656
-0.00157909
-0.00672828
-0.0135252
-0.0170953
-0.0145551
-0.00700291
0.00151043
0.00741484
0.00892528
0.00665963
0.00219699
-0.00295221
-0.00741484
-0.0102297
-0.0107103
-0.00899393
-0.00611038
-0.00322683
-0.00116715
0
0.000274624
0
0
0.000549248
0.00068656
-0.0017164
-0.00734619
-0.0143491
-0.019155
-0.0194296
-0.0157222
-0.0109163
-0.0081014
-0.008582
-0.0111223
-0.0131133
-0.012564
-0.00968049
-0.00631635
-0.00391339
-0.00240296
-0.00034328
0.00308952
0.00672828
0.0081014
0.0057671
0.000823872
-0.00501189
-0.0103671
-0.0140745
-0.015173
-0.0137998
-0.0118775
-0.0115342
-0.0130446
-0.0142118
-0.0124954
-0.00741484
-0.00144178
0.00144178
-0.00130446
-0.00851334
-0.0156536
-0.0183311
-0.0148983
-0.00734619
0.000549248
0.00583576
0.00762081
0.00714022
0.00604173
0.00542382
0.00453129
0.00240296
-0.00116715
-0.00521785
-0.00775812
-0.00700291
-0.00295221
0.0023343
0.00590441
0.00549248
0.00130446
-0.00439398
-0.00865065
-0.00926856
-0.00611038
-0.0017164
0.000205968
-0.00164774
-0.00494323
-0.00617904
-0.00425667
-0.00102984
0.00151043
0.00302086
0.00418801
0.00549248
0.00672828
0.00768947
0.00782678
0.00652232
0.0034328
-6.8656e-05
-0.0023343
-0.00192237
0.000755216
0.00398205
0.00542382
0.00432533
0.00157909
-0.000892528
-0.00116715
0.0017164
0.0068656
0.0118088
0.0135252
0.0109163
0.00597307
0.00130446
-0.00192237
-0.00494323
-0.00940587
-0.0148983
-0.0188804
-0.0190177
-0.0157222
-0.0113282
-0.00796409
-0.00556113
-0.00302086
-0.000549248
0.000755216
0.000549248
0.000205968
0.00137312
0.00363877
0.00501189
0.00329549
-0.00212834
-0.00995512
-0.0168894
-0.0197729
-0.0173013
-0.0109163
-0.00370742
0.00123581
0.00260893
0.00151043
0.00068656
0.00219699
0.00501189
0.00583576
0.00254027
-0.00391339
-0.0100238
-0.01277
-0.0107103
-0.00473726
0.00254027
0.00762081
0.00817006
0.00466861
6.8656e-05
-0.00281489
-0.00357011
-0.00411936
-0.00679694
-0.0114655
-0.0159968
-0.0181252
-0.0172326
-0.0145551
-0.0113969
-0.00796409
-0.00384473
0.00123581
0.00652232
0.0111223
0.0140058
0.0144864
0.0124954
0.00823872
0.00254027
-0.00350145
-0.00775812
-0.00803275
-0.00432533
0.000549248
0.00302086
0.0017164
-0.00212834
-0.00645366
-0.00974915
-0.0112596
-0.0103671
-0.00734619
-0.0034328
-0.000480592
0.000274624
-0.00151043
-0.00466861
-0.00762081
-0.00885662
-0.0081014
-0.00638501
-0.00556113
-0.00700291
-0.0111223
-0.0167521
-0.0212147
-0.0219699
-0.0178506
-0.0100924
-0.00123581
0.00638501
0.0110536
0.0116715
0.00714022
-0.00212834
-0.0129073
-0.0192923
-0.0170953
-0.00762081
0.00302086
0.00865065
0.00734619
0.0017164
-0.0040507
-0.00645366
-0.00453129
0.000205968
0.00432533
0.00446264
-0.000480592
-0.00817006
-0.0141431
-0.014761
-0.00954318
-0.00178506
0.00377608
0.00432533
0.000961184
-0.00295221
-0.00562979
-0.00741484
-0.00947452
-0.010779
-0.00940587
-0.00487457
0.000480592
0.00357011
0.00363877
0.00288355
0.00350145
0.00521785
0.00597307
0.00473726
0.00240296
-0.000617904
-0.00508054
-0.0120148
-0.0198416
-0.0249908
-0.0243729
-0.0185371
-0.0104357
-0.00308952
0.00226565
0.00583576
0.00823872
0.00974915
0.0102297
0.00871931
0.00425667
-0.00308952
-0.0111223
-0.0159968
-0.0152416
-0.00954318
-0.00240296
0.00267758
0.00411936
0.00267758
-0.00034328
-0.00425667
-0.00844468
-0.0118088
-0.0129073
-0.0108476
-0.00604173
-0.000137312
0.00446264
0.00542382
0.00267758
-0.00164774
-0.00466861
-0.00528651
-0.00459995
-0.00411936
-0.00384473
-0.00240296
0.00130446
0.00611038
0.00913124
0.0081014
0.0034328
-0.0023343
-0.00714022
-0.0102297
-0.0113282
-0.0102297
-0.00693425
-0.00254027
0.00123581
0.00370742
0.00494323
0.00480592
0.00281489
-0.00130446
-0.00638501
-0.0102984
-0.010779
-0.0068656
0.000617904
0.008582
0.0132506
0.0128387
0.00878796
0.00453129
0.00281489
0.00363877
0.00521785
0.0051492
0.00247161
-0.00274624
-0.0091999
-0.0148983
-0.0177132
-0.0168207
-0.0126327
-0.00714022
-0.00219699
0.000892528
0.00178506
0.00144178
0.00123581
0.00260893
0.00569845
0.00940587
0.0118775
0.0117402
0.00837603
0.00288355
-0.00260893
-0.00617904
-0.00659097
-0.00363877
0.00199102
0.00871931
0.0140058
0.0158595
0.0138685
0.00947452
0.00494323
0.00144178
-0.00185371
-0.00693425
-0.0133879
-0.0179879
-0.016958
-0.0100238
-0.00157909
0.00315817
0.00260893
-0.000411936
-0.00157909
0.000823872
0.00508054
0.00741484
0.00521785
-0.00123581
-0.00823872
-0.0116029
-0.00940587
-0.00329549
0.00315817
0.00638501
0.00453129
-0.00144178
-0.0074835
-0.00940587
-0.00617904
-0.00102984
0.00240296
0.00267758
0.000892528
-0.00185371
-0.00466861
-0.00679694
-0.00707156
-0.00501189
-0.00178506
0.00034328
-0.00034328
-0.00357011
-0.00741484
-0.00933721
-0.00803275
-0.00453129
-0.00137312
-0.00130446
-0.00473726
-0.00954318
-0.0121521
-0.0106417
-0.00611038
-0.00144178
0.000755216
-6.8656e-05
-0.00274624
-0.0051492
-0.0051492
-0.00185371
0.00329549
0.00734619
0.00762081
0.00329549
-0.00459995
-0.0130446
-0.0179879
-0.0170267
-0.010573
-0.0023343
0.00363877
0.0051492
0.00254027
-0.0023343
-0.00714022
-0.0102297
-0.0104357
-0.0074835
-0.00212834
0.00336414
0.00652232
0.00652232
0.00466861
0.00329549
0.00363877
0.00453129
0.00357011
-0.000411936
-0.00624769
-0.0102984
-0.00961184
-0.00473726
0.00034328
0.00164774
-0.00178506
-0.00755216
-0.012564
-0.0151043
-0.014761
-0.0112596
-0.00528651
0.00116715
0.00521785
0.0051492
0.00144178
-0.00315817
-0.00597307
-0.00645366
-0.00617904
-0.00755216
-0.0109163
-0.0141431
-0.0144178
-0.0103671
-0.00315817
0.00439398
0.0100924
0.01277
0.0120148
0.00727753
-0.000549248
-0.00871931
-0.0140745
-0.0151043
-0.0131819
-0.0108476
-0.00940587
-0.00830737
-0.00672828
-0.00453129
-0.00247161
-0.00144178
-0.00144178
-0.00151043
-0.000480592
0.00199102
0.00508054
0.00755216
0.00899393
0.00968049
0.0098178
0.00933721
0.00851334
0.00775812
0.0074835
0.0068656
0.00398205
-0.00205968
-0.00995512
-0.0158595
-0.0163401
-0.010985
-0.00336414
0.00151043
0.000411936
-0.0057671
-0.0129073
-0.0165461
-0.0150357
-0.0100924
-0.00508054
-0.0017164
-0.00034328
-0.00034328
-0.00157909
-0.00398205
-0.00700291
-0.00995512
-0.0121521
-0.012976
-0.0118088
-0.00899393
-0.00569845
-0.00315817
-0.00137312
0.00034328
0.0017164
0.00137312
-0.00219699
-0.00823872
-0.0140745
-0.0162715
-0.0135252
-0.00762081
-0.00185371
0.00116715
0.000961184
-0.00151043
-0.00480592
-0.00741484
-0.00817006
-0.00700291
-0.00473726
-0.00157909
0.00315817
0.00913124
0.0137998
0.0136625
0.00762081
-0.00102984
-0.00665963
-0.00535517
0.00178506
0.00954318
0.012976
0.010779
0.00528651
-0.000411936
-0.00473726
-0.00755216
-0.00913124
-0.0103671
-0.01277
-0.0170267
-0.021146
-0.021146
-0.0142804
-0.00199102
0.0098178
0.014967
0.0115342
0.00308952
-0.00466861
-0.00830737
-0.00871931
-0.00913124
-0.0114655
-0.0146924
-0.0158595
-0.0130446
-0.00720888
-0.0017164
0.00034328
-0.00144178
-0.00528651
-0.0081014
-0.0081014
-0.00535517
-0.00164774
0.0010985
0.00178506
0.00144178
0.00205968
0.0040507
0.00542382
0.00363877
-0.000823872
-0.00501189
-0.00604173
-0.00384473
-0.000549248
0.00164774
0.00219699
0.00199102
0.00199102
0.00260893
0.00418801
0.00707156
0.010985
0.0144864
0.0155162
0.0126327
0.00679694
0.000549248
-0.00329549
-0.00329549
-0.000205968
0.00350145
0.00535517
0.00459995
0.0017164
-0.00254027
-0.00762081
-0.0123581
-0.014761
-0.0134566
-0.00961184
-0.00583576
-0.00459995
-0.00645366
-0.00995512
-0.0127014
-0.0126327
-0.00954318
-0.00535517
-0.00212834
-0.000411936
0.00034328
0.000205968
-0.00137312
-0.00425667
-0.00679694
-0.00727753
-0.00562979
-0.00350145
-0.00315817
-0.0051492
-0.00741484
-0.00707156
-0.00302086
0.00274624
0.00672828
0.00604173
0.000892528
-0.0057671
-0.00988646
-0.00899393
-0.00350145
0.00329549
0.00768947
0.0074835
0.00350145
-0.0010985
-0.00281489
-0.000274624
0.00473726
0.00844468
0.00817006
0.00418801
-0.00102984
-0.00473726
-0.00508054
-0.00157909
0.00453129
0.0107103
0.0138685
0.0122894
0.00631635
-0.00130446
-0.00693425
-0.00789544
-0.0040507
0.00192237
0.00590441
0.0051492
0.000480592
-0.00459995
-0.00727753
-0.00714022
-0.00617904
-0.00617904
-0.00741484
-0.00885662
-0.00913124
-0.00762081
-0.00439398
-0.000205968
0.00384473
0.00638501
0.00645366
0.00425667
0.000961184
-0.00267758
-0.00631635
-0.00926856
-0.0103671
-0.00940587
-0.00755216
-0.00631635
-0.00631635
-0.00727753
-0.00844468
-0.00947452
-0.00947452
-0.00720888
-0.0023343
0.00329549
0.00617904
0.00391339
-0.00192237
-0.00665963
-0.00583576
0.000617904
0.00885662
0.0142118
0.0150357
0.0126327
0.00968049
0.00734619
0.00487457
0.00137312
-0.00295221
-0.0068656
-0.00974915
-0.0118088
-0.0131133
-0.012976
-0.0112596
-0.00878796
-0.0068656
-0.00562979
-0.00473726
-0.00411936
-0.00377608
-0.00329549
-0.00219699
-0.000411936
0.000823872
-0.000411936
-0.00521785
-0.01277
-0.0207341
-0.0265012
-0.0284922
-0.0265699
-0.021558
-0.0146924
-0.00782678
-0.00302086
-0.00130446
-0.00151043
-0.000961184
0.00219699
0.00741484
0.0118088
0.0118775
0.00638501
-0.00219699
-0.00906259
-0.010985
-0.00844468
-0.00439398
-0.000892528
0.00192237
0.00432533
0.00549248
0.00384473
-0.0010985
-0.00741484
-0.0111909
-0.00906259
-0.00102984
0.00878796
0.014761
0.0136625
0.00672828
-0.00157909
-0.00707156
-0.00830737
-0.00611038
-0.00219699
0.00178506
0.00363877
0.0017164
-0.00363877
-0.00878796
-0.00995512
-0.00659097
-0.00123581
0.00315817
0.00535517
0.0051492
0.00267758
-0.0017164
-0.00659097
-0.0100924
-0.0111223
-0.0102984
-0.00947452
-0.0101611
-0.0122208
-0.0140058
-0.0140745
-0.012564
-0.0107103
-0.00947452
-0.0081014
-0.00508054
-0.000137312
0.00466861
0.00604173
0.00281489
-0.00308952
-0.00755216
-0.0081014
-0.00583576
-0.00391339
-0.00425667
-0.00569845
-0.00624769
-0.00549248
-0.00494323
-0.0057671
-0.00796409
-0.0102297
-0.0109163
-0.00871931
-0.00411936
0.000549248
0.00247161
0.000892528
-0.00164774
-0.0023343
-0.00034328
0.00226565
0.00288355
0.000549248
-0.0034328
-0.0068656
-0.008582
-0.008582
-0.00714022
-0.00459995
-0.00151043
0.0017164
0.00446264
0.00597307
0.00542382
0.00240296
-0.00185371
-0.00501189
-0.00549248
-0.00418801
-0.0040507
-0.00741484
-0.0133193
-0.0187431
-0.0212834
-0.0207341
-0.0178506
-0.0130446
-0.00700291
-0.00199102
-0.0010985
-0.00583576
-0.0135252
-0.0188117
-0.0178506
-0.0118088
-0.00562979
-0.0034328
-0.00508054
-0.00707156
-0.00569845
-0.000274624
0.00631635
0.00940587
0.00679694
0.000274624
-0.00556113
-0.00789544
-0.00720888
-0.00542382
-0.00363877
-0.00199102
-0.000617904
0
-0.00068656
-0.00254027
-0.00480592
-0.00665963
-0.00768947
-0.00823872
-0.00782678
-0.00549248
-0.000480592
0.00556113
0.00974915
0.0102297
0.00727753
0.0023343
-0.00308952
-0.00762081
-0.00947452
-0.00755216
-0.00247161
0.00370742
0.00885662
0.0122208
0.0135939
0.0130446
0.0105044
0.00652232
0.00254027
0.0010985
0.00322683
0.00714022
0.00940587
0.00755216
0.00164774
-0.00631635
-0.0129073
-0.0146924
-0.0111223
-0.00569845
-0.0034328
-0.00597307
-0.0101611
-0.0121521
-0.010985
-0.00871931
-0.00762081
-0.00741484
-0.00672828
-0.00466861
-0.00199102
-6.8656e-05
0.000892528
0.00151043
0.0017164
0.000755216
-0.00205968
-0.00617904
-0.0103671
-0.0137998
-0.0161342
-0.0168894
-0.0163401
-0.0153789
-0.0152416
-0.0163401
-0.01737
-0.0159968
-0.010779
-0.00199102
0.00727753
0.012976
0.0129073
0.00878796
0.00432533
0.00199102
0.00123581
0.000480592
-0.00164774
-0.00521785
-0.00954318
-0.0128387
-0.0128387
-0.00871931
-0.00274624
0.00185371
0.00315817
0.00205968
0.000480592
-0.000549248
-0.00137312
-0.00274624
-0.00473726
-0.00645366
-0.00659097
-0.00473726
-0.00151043
0.00185371
0.00411936
0.00425667
0.00199102
-0.00192237
-0.0057671
-0.00700291
-0.00336414
0.00528651
0.0153103
0.021352
0.0197043
0.0116029
0.00212834
-0.00350145
-0.00308952
0.00102984
0.00473726
0.00487457
0.00185371
-0.00116715
-0.000961184
0.00240296
0.00617904
0.00720888
0.0051492
0.0017164
-0.000823872
-0.0017164
-0.00212834
-0.00329549
-0.00549248
-0.00727753
-0.00638501
-0.00205968
0.00425667
0.00926856
0.00988646
0.00542382
-0.00192237
-0.00865065
-0.0122208
-0.0121521
-0.00968049
-0.00624769
-0.00302086
-0.000480592
0.0010985
0.00219699
0.00350145
0.0051492
0.00624769
0.00556113
0.00260893
-0.00164774
-0.00556113
-0.00720888
-0.00604173
-0.00281489
0.0010985
0.00425667
0.00542382
0.00370742
-0.000549248
-0.00562979
-0.00906259
-0.00926856
-0.00707156
-0.00466861
-0.00384473
-0.00432533
-0.00411936
-0.00151043
0.00288355
0.00617904
0.00597307
0.00288355
0.000480592
0.00205968
0.00707156
0.0118775
0.0122894
0.00679694
-0.00226565
-0.0103671
-0.0135252
-0.0111223
-0.00542382
-0.000549248
0
-0.0040507
-0.00906259
-0.0100924
-0.00487457
0.00411936
0.0118775
0.0144178
0.0109163
0.00377608
-0.00329549
-0.00679694
-0.00569845
-0.00226565
0.000274624
6.8656e-05
-0.00192237
-0.0034328
-0.00302086
-0.00130446
-0.0010985
-0.00466861
-0.0115342
-0.0181938
-0.0212834
-0.0200475
-0.0157222
-0.00995512
-0.00425667
-6.8656e-05
0.00185371
0.00219699
0.00260893
0.00391339
0.00494323
0.00357011
-0.000892528
-0.00659097
-0.0109163
-0.0117402
-0.00851334
-0.00219699
0.00562979
0.0128387
0.0172326
0.0174386
0.0137998
0.00851334
0.00411936
0.00178506
0.00164774
0.00336414
0.00631635
0.00913124
0.010573
0.0101611
0.00851334
0.00617904
0.00308952
-0.000411936
-0.00329549
-0.00432533
-0.00322683
-0.00130446
-0.000961184
-0.00377608
-0.00926856
-0.0146924
-0.017164
-0.014967
-0.00892528
-0.00199102
0.00254027
0.00288355
-0.000137312
-0.00439398
-0.00823872
-0.0111909
-0.0131819
-0.0135252
-0.0117402
-0.00844468
-0.00521785
-0.00384473
-0.00473726
-0.00679694
-0.00755216
-0.00562979
-0.00199102
0.00123581
0.00322683
0.00501189
0.0074835
0.0098178
0.0110536
0.0112596
0.0113969
0.0113969
0.00995512
0.00590441
-6.8656e-05
-0.0057671
-0.00933721
-0.0108476
-0.0119461
-0.0140058
-0.0166147
-0.0176446
-0.0152416
-0.00988646
-0.00439398
-0.00157909
-0.00240296
-0.00508054
-0.00741484
-0.00837603
-0.00865065
-0.00926856
-0.00954318
-0.00714022
-0.00068656
0.0081014
0.0146237
0.014967
0.00817006
-0.00288355
-0.0129073
-0.0172326
-0.0146924
-0.00851334
-0.00377608
-0.00370742
-0.00851334
-0.0156536
-0.0216953
-0.0245102
-0.0236177
-0.0197729
-0.0139372
-0.00768947
-0.00315817
-0.00199102
-0.00377608
-0.00659097
-0.00823872
-0.00796409
-0.00652232
-0.00494323
-0.00391339
-0.00329549
-0.00315817
-0.00439398
-0.00775812
-0.0122894
-0.0155849
-0.014967
-0.00961184
-0.00102984
0.00734619
0.0120148
0.0107103
0.00363877
-0.00617904
-0.0140058
-0.0155849
-0.0101611
-0.00068656
0.00768947
0.0113282
0.00906259
0.00212834
-0.00617904
-0.0124267
-0.0148297
-0.0142118
-0.0122894
-0.0103671
-0.00871931
-0.00679694
-0.0040507
-0.000961184
0.000961184
0.000411936
-0.00226565
-0.00494323
-0.00624769
-0.00631635
-0.0057671
-0.00521785
-0.00494323
-0.00473726
-0.00453129
-0.00425667
-0.00418801
-0.00384473
-0.00254027
-0.000205968
0.00212834
0.00363877
0.00363877
0.00185371
-0.00212834
-0.00789544
-0.0139372
-0.0181938
-0.019155
-0.0162715
-0.0104357
-0.00357011
0.0017164
0.00308952
-0.000823872
-0.00954318
-0.0196356
-0.0256087
-0.023755
-0.014967
-0.00480592
0.000755216
-0.000892528
-0.00823872
-0.01737
-0.0242356
-0.025952
-0.0221759
-0.014761
-0.00714022
-0.00240296
-0.00205968
-0.00528651
-0.00968049
-0.0123581
-0.0122208
-0.00995512
-0.00707156
-0.00473726
-0.0034328
-0.00315817
-0.00302086
-0.00130446
0.00281489
0.00775812
0.0105044
0.00961184
0.00624769
0.00302086
0.00185371
0.0023343
0.00274624
0.00123581
-0.00274624
-0.00817006
-0.0135252
-0.0175759
-0.0190864
-0.01737
-0.01277
-0.00672828
-0.0010985
0.00240296
0.00295221
0.000892528
-0.00212834
-0.00459995
-0.00652232
-0.00892528
-0.0118088
-0.0135252
-0.0124267
-0.008582
-0.0040507
-0.00123581
-0.00151043
-0.0040507
-0.00631635
-0.00528651
0.000137312
0.00755216
0.0121521
0.0103671
0.00322683
-0.00439398
-0.00796409
-0.00652232
-0.0023343
0.00130446
0.00260893
0.0017164
-0.000549248
-0.00329549
-0.00604173
-0.0081014
-0.00851334
-0.00700291
-0.00466861
-0.00370742
-0.0057671
-0.00995512
-0.0133193
-0.0133879
-0.010573
-0.00741484
-0.00590441
-0.00583576
-0.00556113
-0.00398205
-0.000892528
0.00350145
0.00789544
0.0102984
0.00885662
0.00398205
-0.00199102
-0.00659097
-0.00899393
-0.00954318
-0.00878796
-0.00679694
-0.00377608
-0.000755216
0.000549248
-0.000961184
-0.00459995
-0.0081014
-0.00974915
-0.00947452
-0.0081014
-0.00617904
-0.00384473
-0.0017164
-0.000617904
-0.000892528
-0.00137312
-0.000411936
0.00308952
0.00878796
0.0140058
0.0155162
0.0114655
0.00350145
-0.00384473
-0.00707156
-0.00528651
6.8656e-05
0.00652232
0.0110536
0.010779
0.00453129
-0.00501189
-0.0120835
-0.0120835
-0.00473726
0.00521785
0.0115342
0.0104357
0.00288355
-0.00672828
-0.0142118
-0.0180565
-0.019361
-0.0205281
-0.0231371
-0.0270505
-0.0306206
-0.031925
-0.0295907
-0.0238236
-0.0160655
-0.00892528
-0.00446264
-0.00295221
-0.00288355
-0.00260893
-0.00130446
0.000823872
0.00322683
0.00528651
0.00590441
0.00357011
-0.00226565
-0.00995512
-0.0163401
-0.0185371
-0.014967
-0.00693425
0.00212834
0.00851334
0.0102297
0.00789544
0.00302086
-0.00322683
-0.00974915
-0.014967
-0.0174386
-0.0162028
-0.0116029
-0.00549248
-0.00102984
-0.000411936
-0.00350145
-0.00803275
-0.0114655
-0.0120835
-0.00968049
-0.0057671
-0.00288355
-0.00260893
-0.00480592
-0.00782678
-0.00968049
-0.00926856
-0.00707156
-0.00487457
-0.00453129
-0.00624769
-0.00837603
-0.00940587
-0.00899393
-0.00782678
-0.00645366
-0.00466861
-0.00212834
0.00068656
0.0023343
0.000892528
-0.00391339
-0.00961184
-0.0127014
-0.0111223
-0.00652232
-0.00247161
-0.00116715
-0.00212834
-0.00336414
-0.00377608
-0.00391339
-0.00439398
-0.00466861
-0.00363877
-0.000755216
0.00329549
0.00652232
0.00672828
0.00308952
-0.00288355
-0.00817006
-0.0100238
-0.0074835
-0.00267758
0.000205968
-0.00267758
-0.0110536
-0.0202535
-0.0243729
-0.0205968
-0.0109163
-0.000480592
0.00604173
0.00672828
0.00336414
-0.000411936
-0.00247161
-0.00308952
-0.0040507
-0.00617904
-0.00844468
-0.00913124
-0.0068656
-0.00199102
0.0034328
0.00679694
0.00652232
0.00302086
-0.00164774
-0.00466861
-0.00446264
-0.00178506
0.00068656
0.000755216
-0.00185371
-0.00535517
-0.00782678
-0.00844468
-0.00782678
-0.00720888
-0.00782678
-0.00933721
-0.0106417
-0.0105044
-0.00933721
-0.00823872
-0.00789544
-0.0081014
-0.00851334
-0.00906259
-0.00954318
-0.00899393
-0.00679694
