LECROYHDO9204-MSöv,30454,Waveform
Segments,1,SegmentSize,2002
Ampl
-0.0017164
0.00157909
0.00102984
-0.00247161
-0.00624769
-0.00796409
-0.00617904
-0.000961184
0.00562979
0.00988646
0.00865065
0.00260893
-0.0034328
-0.00453129
-0.000549248
0.00377608
0.00302086
-0.0040507
-0.0137998
-0.0205968
-0.0210774
-0.0157222
-0.00782678
-0.000823872
0.00267758
0.00151043
-0.0040507
-0.0117402
-0.0183311
-0.0208714
-0.0181252
-0.0109163
-0.00212834
0.00425667
0.00583576
0.00288355
-0.00185371
-0.00597307
-0.0081014
-0.00782678
-0.00535517
-0.00137312
0.00199102
0.00240296
-0.000892528
-0.00672828
-0.0120835
-0.0144864
-0.0135939
-0.0112596
-0.00926856
-0.00775812
-0.00590441
-0.00363877
-0.00178506
-0.000961184
-0.000549248
6.8656e-05
0.00068656
0.000755216
0.000137312
-0.000961184
-0.00226565
-0.0034328
-0.00439398
-0.00542382
-0.00714022
-0.00933721
-0.0117402
-0.0138685
-0.0157909
-0.0174386
-0.0184685
-0.0186744
-0.0184685
-0.0186744
-0.0198416
-0.0216266
-0.0227938
-0.0223818
-0.0206654
-0.0190864
-0.0183998
-0.0178506
-0.0157909
-0.0118088
-0.00714022
-0.00398205
-0.00350145
-0.00583576
-0.00961184
-0.0131819
-0.015173
-0.0152416
-0.0138685
-0.0118088
-0.0100924
-0.0105044
-0.0142118
-0.0194296
-0.0219699
-0.0192923
-0.0133193
-0.00892528
-0.0102297
-0.0179879
-0.0295221
-0.0398205
-0.0442144
-0.0409876
-0.0324056
-0.0231371
-0.0166147
-0.0124267
-0.00720888
0.00130446
0.00878796
0.00178506
-0.0399578
-0.135939
-0.293092
-0.497001
-0.713267
-0.901178
-1.03121
-1.09616
-1.11106
-1.10234
-1.09465
-1.1011
-1.12191
-1.14875
-1.17086
-1.18081
-1.17759
-1.16667
-1.15678
-1.15411
-1.15884
-1.16544
-1.16749
-1.16241
-1.15239
-1.14216
-1.13543
-1.13282
-1.13207
-1.12953
-1.12253
-1.11065
-1.09568
-1.08016
-1.0665
-1.05586
-1.04954
-1.04824
-1.0516
-1.05737
-1.06252
-1.06588
-1.06925
-1.07543
-1.08538
-1.09685
-1.10612
-1.11092
-1.11181
-1.11154
-1.11284
-1.11662
-1.12156
-1.1252
-1.12603
-1.1241
-1.12101
-1.11868
-1.11882
-1.12266
-1.13021
-1.13955
-1.14649
-1.14662
-1.13845
-1.12465
-1.11072
-1.10179
-1.10014
-1.10426
-1.11017
-1.11346
-1.11161
-1.10481
-1.09554
-1.08689
-1.08154
-1.08133
-1.08689
-1.09685
-1.10721
-1.11326
-1.1123
-1.10653
-1.10117
-1.10007
-1.10241
-1.10461
-1.10413
-1.10172
-1.10021
-1.10234
-1.10941
-1.12081
-1.13468
-1.14834
-1.15857
-1.16186
-1.15479
-1.1353
-1.10378
-1.06307
-1.01707
-0.968598
-0.918548
-0.866232
-0.810827
-0.753637
-0.697819
-0.64619
-0.599229
-0.554328
-0.508397
-0.459377
-0.40816
-0.357835
-0.311492
-0.270848
-0.234941
-0.202192
-0.171983
-0.145482
-0.124611
-0.109918
-0.0998258
-0.0918617
-0.0841036
-0.076826
-0.0716768
-0.0701664
-0.0718828
-0.0744917
-0.074835
-0.0714709
-0.0652918
-0.0584949
-0.0528651
-0.0485398
-0.0446264
-0.0406443
-0.0368683
-0.0336414
-0.0313071
-0.0313071
-0.0350145
-0.0420861
-0.0498442
-0.0553367
-0.0569158
-0.0544442
-0.0487457
-0.0420861
-0.0376235
-0.0374175
-0.040713
-0.0447637
-0.0468234
-0.0451756
-0.0394772
-0.0306892
-0.0205281
-0.0112596
-0.00528651
-0.00439398
-0.00885662
-0.0167521
-0.0246475
-0.0293161
-0.0294534
-0.0265012
-0.0228624
-0.0202535
-0.019567
-0.021352
-0.0258833
-0.0326802
-0.0392712
-0.042498
-0.040713
-0.0353578
-0.0295221
-0.0252654
-0.0226565
-0.0202535
-0.017164
-0.0138685
-0.0119461
-0.0127014
-0.0153789
-0.0175073
-0.0166834
-0.0131133
-0.00968049
-0.00947452
-0.0139372
-0.0214207
-0.0286295
-0.0322683
-0.0306892
-0.0248535
-0.0177819
-0.01277
-0.0111223
-0.0117402
-0.0127014
-0.012976
-0.01277
-0.0131133
-0.0141431
-0.015173
-0.0154476
-0.0155162
-0.0165461
-0.0186058
-0.0197043
-0.0168894
-0.00940587
0.000411936
0.00803275
0.00954318
0.00398205
-0.00700291
-0.0199102
-0.0308952
-0.0368683
-0.0367996
-0.0318564
-0.0239609
-0.0154476
-0.00844468
-0.00542382
-0.00796409
-0.0148297
-0.0223818
-0.0260893
-0.0230684
-0.0139372
-0.00288355
0.00384473
0.00178506
-0.00878796
-0.0224505
-0.0325429
-0.0350832
-0.0306892
-0.0231371
-0.0162028
-0.0122894
-0.0114655
-0.0122894
-0.0133879
-0.0142118
-0.0142804
-0.0122894
-0.00727753
0
0.00645366
0.00906259
0.00707156
0.00164774
-0.00528651
-0.0122894
-0.0176446
-0.0197043
-0.0176446
-0.0119461
-0.00473726
0.00068656
0.00205968
-0.00034328
-0.00363877
-0.00487457
-0.00315817
-0.000137312
0.00137312
-0.000549248
-0.00583576
-0.0120835
-0.0160655
-0.0159282
-0.0121521
-0.00700291
-0.00295221
-0.00151043
-0.00205968
-0.00254027
-0.00116715
0.00151043
0.00247161
-0.000411936
-0.00631635
-0.0121521
-0.0153103
-0.0153789
-0.0133879
-0.0105044
-0.00720888
-0.00377608
-0.000411936
0.00260893
0.00508054
0.00624769
0.00439398
-0.00137312
-0.00988646
-0.0187431
-0.0256087
-0.0289728
-0.0280803
-0.0229997
-0.0155849
-0.0091999
-0.0068656
-0.00947452
-0.015173
-0.0209401
-0.0236863
-0.0216953
-0.0157909
-0.00913124
-0.00494323
-0.0040507
-0.00439398
-0.0040507
-0.0023343
0.000274624
0.0040507
0.00899393
0.0137312
0.0150357
0.0101611
0
-0.0107103
-0.0161342
-0.0131819
-0.00363877
0.0068656
0.0124267
0.0101611
0.00130446
-0.0100924
-0.0194983
-0.0243729
-0.0243042
-0.0208028
-0.0157222
-0.0102297
-0.00508054
-0.00151043
-0.00068656
-0.00267758
-0.00590441
-0.00775812
-0.00638501
-0.00185371
0.00308952
0.0051492
0.00315817
-0.00102984
-0.00425667
-0.00528651
-0.00535517
-0.00645366
-0.008582
-0.0101611
-0.0101611
-0.00899393
-0.00775812
-0.00672828
-0.00487457
-0.0017164
0.0017164
0.00322683
0.00164774
-0.00247161
-0.00720888
-0.010573
-0.0116715
-0.0108476
-0.00871931
-0.00604173
-0.00357011
-0.0023343
-0.00322683
-0.00521785
-0.00562979
-0.00219699
0.00391339
0.00892528
0.00865065
0.00178506
-0.00899393
-0.0183998
-0.0210087
-0.0157222
-0.00645366
0.000755216
0.00274624
0.000892528
-0.00144178
-0.00212834
-0.0010985
0.00068656
0.00116715
-0.00130446
-0.00659097
-0.0122894
-0.0153789
-0.0145551
-0.010985
-0.00679694
-0.00350145
-0.00219699
-0.00391339
-0.0091999
-0.0162715
-0.0216266
-0.0223132
-0.0183998
-0.0129073
-0.0098178
-0.0113969
-0.0168207
-0.0232744
-0.0275997
-0.0272564
-0.0221072
-0.0151043
-0.0102297
-0.0091999
-0.00988646
-0.00954318
-0.0074835
-0.00521785
-0.0040507
-0.00459995
-0.00727753
-0.0118088
-0.0165461
-0.0188117
-0.0164774
-0.00968049
-0.00130446
0.00473726
0.00631635
0.00363877
-0.00116715
-0.00638501
-0.0111223
-0.0143491
-0.0142804
-0.00947452
-0.000823872
0.00830737
0.0133193
0.0110536
0.00219699
-0.00885662
-0.0166147
-0.0183998
-0.0155849
-0.0118088
-0.00940587
-0.00851334
-0.00775812
-0.00631635
-0.0051492
-0.00562979
-0.00817006
-0.0104357
-0.00968049
-0.00487457
0.00199102
0.00768947
0.00995512
0.00878796
0.00597307
0.00384473
0.00308952
0.00260893
0.00068656
-0.0023343
-0.00459995
-0.00459995
-0.00219699
0.00185371
0.00645366
0.0104357
0.012564
0.0118088
0.00837603
0.00377608
6.8656e-05
-0.00102984
0.000549248
0.00267758
0.00240296
-0.0017164
-0.00796409
-0.0127014
-0.0133193
-0.00988646
-0.00501189
-0.00192237
-0.00205968
-0.00453129
-0.00720888
-0.00844468
-0.00844468
-0.008582
-0.00940587
-0.0103671
-0.0103671
-0.00871931
-0.0057671
-0.00274624
-0.000755216
-0.000411936
-0.00157909
-0.00411936
-0.00720888
-0.00913124
-0.00796409
-0.00391339
0.00068656
0.00363877
0.00473726
0.00556113
0.00707156
0.00865065
0.00837603
0.00439398
-0.00302086
-0.0111223
-0.0160655
-0.0162028
-0.012976
-0.00968049
-0.00837603
-0.00844468
-0.00817006
-0.00645366
-0.00432533
-0.00446264
-0.00851334
-0.0148297
-0.019155
-0.0181938
-0.0124954
-0.00583576
-0.00185371
-0.0017164
-0.00432533
-0.0074835
-0.0091999
-0.00892528
-0.00672828
-0.00336414
0.00034328
0.00308952
0.0040507
0.00281489
6.8656e-05
-0.00308952
-0.00542382
-0.0057671
-0.00432533
-0.00274624
-0.00357011
-0.0081014
-0.0146237
-0.0197729
-0.0208714
-0.0177132
-0.0112596
-0.00357011
0.00302086
0.00624769
0.0051492
0.000205968
-0.00611038
-0.010779
-0.0120835
-0.010779
-0.00947452
-0.00995512
-0.0118088
-0.0141431
-0.0162715
-0.0179879
-0.0192237
-0.0194983
-0.0183998
-0.015173
-0.00968049
-0.00357011
0.00034328
0.00034328
-0.00219699
-0.00446264
-0.00459995
-0.0034328
-0.00363877
-0.00693425
-0.0130446
-0.0196356
-0.0238236
-0.0241669
-0.0207341
-0.0148983
-0.00837603
-0.00295221
0.000137312
0.00068656
-0.00034328
-0.00178506
-0.00240296
-0.00164774
-0.000549248
-0.00192237
-0.00700291
-0.0135939
-0.016958
-0.0142804
-0.00741484
-0.00219699
-0.00308952
-0.00968049
-0.0168207
-0.0190177
-0.0142804
-0.0057671
0.00144178
0.00508054
0.00624769
0.00720888
0.00782678
0.00672828
0.00384473
0.000961184
-6.8656e-05
0.000617904
0.00123581
0.00034328
-0.00240296
-0.0057671
-0.00775812
-0.00755216
-0.00556113
-0.00260893
0.000411936
0.00274624
0.00370742
0.00288355
6.8656e-05
-0.00480592
-0.0107103
-0.0157222
-0.0181938
-0.0186744
-0.0190177
-0.0199789
-0.0203908
-0.0187431
-0.014967
-0.0102297
-0.00611038
-0.00377608
-0.00425667
-0.00700291
-0.0100924
-0.0120148
-0.0120835
-0.0104357
-0.00693425
-0.00178506
0.00377608
0.00727753
0.00659097
0.00151043
-0.00597307
-0.0124954
-0.0159968
-0.0164774
-0.0146924
-0.0111909
-0.00672828
-0.00274624
-0.000549248
-0.000137312
-0.000411936
-0.000480592
-0.000961184
-0.00336414
-0.00851334
-0.014761
-0.0178506
-0.0137312
-0.00240296
0.0100238
0.0154476
0.0102984
-0.00116715
-0.0106417
-0.0124954
-0.00679694
0.00164774
0.00796409
0.00954318
0.00700291
0.00281489
0.000137312
0.00034328
0.00260893
0.0040507
0.00219699
-0.00302086
-0.00865065
-0.0116715
-0.0112596
-0.00933721
-0.00865065
-0.0101611
-0.0124954
-0.0124954
-0.0081014
-0.00068656
0.00508054
0.00494323
-0.000755216
-0.0068656
-0.00823872
-0.00363877
0.0034328
0.0081014
0.00775812
0.00363877
-0.000823872
-0.00350145
-0.00494323
-0.00707156
-0.0109163
-0.0154476
-0.0181252
-0.016958
-0.0120148
-0.00562979
-0.0010985
-0.000823872
-0.00425667
-0.00775812
-0.00755216
-0.00274624
0.00350145
0.00665963
0.00411936
-0.00302086
-0.0116715
-0.0187431
-0.0227251
-0.0225878
-0.0176446
-0.00885662
0.000411936
0.00624769
0.0068656
0.00302086
-0.00288355
-0.00789544
-0.00988646
-0.00823872
-0.00446264
-0.000961184
0.000205968
-0.00137312
-0.00508054
-0.00974915
-0.0137998
-0.0159968
-0.0159282
-0.0140058
-0.0110536
-0.00755216
-0.00384473
-0.000617904
0.00130446
0.00123581
-0.000549248
-0.00281489
-0.00432533
-0.00480592
-0.00562979
-0.00844468
-0.0131133
-0.0170953
-0.0168207
-0.0103671
0.000411936
0.0102984
0.0141431
0.0102297
0.00068656
-0.00995512
-0.0177132
-0.0214893
-0.0223818
-0.0221759
-0.0218326
-0.0206654
-0.0175759
-0.0127014
-0.00823872
-0.00700291
-0.00968049
-0.0143491
-0.0180565
-0.0183998
-0.0152416
-0.010985
-0.00940587
-0.012976
-0.0205281
-0.027943
-0.0307579
-0.0270505
-0.0187431
-0.0102297
-0.0057671
-0.00707156
-0.0121521
-0.0173013
-0.0200475
-0.0203222
-0.0188804
-0.0153789
-0.00940587
-0.00199102
0.00411936
0.00631635
0.00370742
-0.00267758
-0.0106417
-0.0170267
-0.019361
-0.0166147
-0.0102984
-0.00336414
0.00164774
0.00384473
0.00357011
0.00157909
-0.0017164
-0.00631635
-0.0124267
-0.0192237
-0.0238236
-0.0230684
-0.0164088
-0.00830737
-0.00549248
-0.010779
-0.0201849
-0.0262266
-0.0243042
-0.0157909
-0.00597307
0.000549248
0.00212834
0.00116715
0.00144178
0.00466861
0.00782678
0.00590441
-0.00240296
-0.0124954
-0.0180565
-0.0168894
-0.0123581
-0.00940587
-0.00954318
-0.0100924
-0.00803275
-0.00363877
-6.8656e-05
0.000480592
-0.00130446
-0.00274624
-0.00212834
-0.000274624
0.000617904
-0.000892528
-0.00459995
-0.00823872
-0.00878796
-0.0051492
0.00068656
0.0051492
0.00604173
0.00384473
-0.000137312
-0.00508054
-0.0104357
-0.0146924
-0.0166147
-0.0161342
-0.0137312
-0.00968049
-0.00411936
0.00212834
0.0068656
0.00727753
0.0017164
-0.00755216
-0.0156536
-0.0181938
-0.0146924
-0.0081014
-0.00157909
0.00329549
0.00569845
0.00453129
-0.000549248
-0.00823872
-0.0159282
-0.0216953
-0.0242356
-0.0230684
-0.0183998
-0.0118088
-0.00597307
-0.00288355
-0.00274624
-0.00398205
-0.00453129
-0.00329549
-0.00068656
0.00151043
0.00185371
-0.00034328
-0.00466861
-0.00913124
-0.0104357
-0.00652232
0.00137312
0.00906259
0.0121521
0.00968049
0.00487457
0.00254027
0.00480592
0.00961184
0.0117402
0.00782678
-0.00116715
-0.0111223
-0.0181252
-0.0210087
-0.0208714
-0.019567
-0.0176446
-0.0146237
-0.0102297
-0.00556113
-0.00240296
-0.00137312
-0.00130446
-0.000480592
0.00116715
0.00212834
0.00130446
-0.000961184
-0.00363877
-0.0051492
-0.00446264
-0.00212834
-0.000892528
-0.00357011
-0.0105044
-0.0184685
-0.0234803
-0.0236177
-0.0194296
-0.0127014
-0.0051492
0.00164774
0.00659097
0.00878796
0.00734619
0.00205968
-0.00556113
-0.01277
-0.0168207
-0.0158595
-0.0102297
-0.00260893
0.00260893
0.00185371
-0.0051492
-0.0157909
-0.0258146
-0.0314444
-0.0305519
-0.0236863
-0.0142804
-0.00672828
-0.00350145
-0.0040507
-0.00659097
-0.00961184
-0.0122894
-0.0137312
-0.0130446
-0.0102297
-0.00597307
-0.0017164
0.00137312
0.00267758
0.0023343
0.000205968
-0.00398205
-0.00988646
-0.0153789
-0.0175759
-0.0152416
-0.00974915
-0.00398205
-0.000205968
0.00102984
0.000549248
-0.000480592
-0.000823872
0.000617904
0.00425667
0.00940587
0.0133879
0.012564
0.00542382
-0.00562979
-0.0148983
-0.0172326
-0.0116029
-0.00192237
0.0051492
0.00466861
-0.00329549
-0.0137998
-0.0210087
-0.0219013
-0.0180565
-0.0137312
-0.012564
-0.0146924
-0.0170267
-0.0160655
-0.010985
-0.00439398
0.000137312
0.000755216
-0.00130446
-0.0040507
-0.00604173
-0.00782678
-0.0106417
-0.0141431
-0.0156536
-0.0117402
-0.00192237
0.00974915
0.0175073
0.0181252
0.0129073
0.0057671
-0.000274624
-0.00411936
-0.00549248
-0.00446264
-0.00199102
0.000274624
0.000137312
-0.00418801
-0.0118775
-0.0197729
-0.0238923
-0.0218326
-0.0143491
-0.00432533
0.00453129
0.00974915
0.010573
0.00789544
0.00329549
-0.00164774
-0.00665963
-0.0120835
-0.0179879
-0.0229311
-0.0241669
-0.0200475
-0.0113969
-0.00151043
0.00597307
0.00892528
0.00693425
0.00178506
-0.0034328
-0.00652232
-0.00734619
-0.00727753
-0.00734619
-0.00741484
-0.00665963
-0.0051492
-0.00446264
-0.00645366
-0.0113969
-0.0175073
-0.0223132
-0.0240982
-0.0226565
-0.0186058
-0.0129073
-0.0074835
-0.00487457
-0.00631635
-0.00974915
-0.0109163
-0.00727753
-0.000549248
0.00528651
0.00782678
0.00768947
0.00645366
0.00453129
0.00123581
-0.00377608
-0.0091999
-0.0124954
-0.0111909
-0.00494323
0.00350145
0.0102297
0.0124954
0.0105044
0.00604173
0.000961184
-0.0034328
-0.00611038
-0.00590441
-0.0023343
0.00336414
0.00803275
0.00865065
0.00432533
-0.00240296
-0.00823872
-0.0111909
-0.0111909
-0.00954318
-0.00755216
-0.00569845
-0.00377608
-0.00144178
0.000480592
0.000961184
-0.000274624
-0.00199102
-0.00315817
-0.00281489
-0.000755216
0.00267758
0.00597307
0.00714022
0.00562979
0.00281489
0.000549248
-0.000274624
-6.8656e-05
0.000411936
0.000617904
0.000411936
-0.000617904
-0.00295221
-0.00659097
-0.0106417
-0.0127014
-0.010779
-0.00542382
0.000137312
0.0023343
6.8656e-05
-0.00508054
-0.0101611
-0.0130446
-0.0129073
-0.0101611
-0.00617904
-0.00295221
-0.00254027
-0.00569845
-0.0106417
-0.0139372
-0.0129073
-0.00830737
-0.0034328
-0.00144178
-0.00315817
-0.0074835
-0.012564
-0.0164774
-0.0177819
-0.0157222
-0.0114655
-0.00693425
-0.00329549
-0.000549248
0.000823872
-0.000480592
-0.00549248
-0.0131819
-0.0201162
-0.0219699
-0.0159968
-0.00363877
0.00974915
0.0179879
0.0184685
0.0134566
0.00734619
0.00315817
0.0010985
-0.000755216
-0.00439398
-0.00995512
-0.015173
-0.0167521
-0.0133879
-0.00741484
-0.00308952
-0.00302086
-0.00569845
-0.00727753
-0.00569845
-0.00302086
-0.00288355
-0.00624769
-0.0106417
-0.0131133
-0.0135939
-0.0139372
-0.0155162
-0.0180565
-0.0198416
-0.0190864
-0.0148297
-0.00796409
-0.00144178
0.00123581
-0.0010985
-0.00720888
-0.0142804
-0.0201849
-0.0230684
-0.0217639
-0.0166147
-0.0102984
-0.00604173
-0.00549248
-0.00789544
-0.0113969
-0.0139372
-0.0132506
-0.00865065
-0.00164774
0.00425667
0.00652232
0.00508054
0.00260893
0.00144178
0.00178506
0.00178506
0.000205968
-0.00199102
-0.00288355
-0.0017164
0.000617904
0.00302086
0.00480592
0.00556113
0.00508054
0.00459995
0.00556113
0.00851334
0.0120835
0.0135252
0.0106417
0.0034328
-0.00501189
-0.010573
-0.0112596
-0.008582
-0.0057671
-0.00480592
-0.00562979
-0.00700291
-0.00851334
-0.0106417
-0.0135939
-0.0157222
-0.0145551
-0.00906259
-0.00157909
0.00357011
0.00322683
-0.00157909
-0.00693425
-0.00906259
-0.00734619
-0.00425667
-0.00288355
-0.00466861
-0.00851334
-0.012564
-0.0154476
-0.016958
-0.0166147
-0.0138685
-0.00871931
-0.00281489
0.00164774
0.00308952
0.00178506
-0.000205968
0.000205968
0.00480592
0.0116029
0.0153789
0.0124267
0.00425667
-0.00363877
-0.00720888
-0.00617904
-0.00254027
0.00137312
0.00425667
0.00597307
0.00720888
0.00851334
0.008582
0.00556113
-0.00123581
-0.0100238
-0.0173013
-0.0197729
-0.0166147
-0.0100238
-0.00432533
-0.00274624
-0.00521785
-0.00837603
-0.00906259
-0.0074835
-0.00631635
-0.00755216
-0.00988646
-0.0102297
-0.00638501
-6.8656e-05
0.00459995
0.00384473
-0.00267758
-0.0116029
-0.0181252
-0.0197043
-0.01737
-0.0143491
-0.0133193
-0.0145551
-0.0161342
-0.0155162
-0.0123581
-0.00878796
-0.0074835
-0.00961184
-0.0131133
-0.0146924
-0.0129073
-0.00954318
-0.00768947
-0.00830737
-0.0098178
-0.0102297
-0.00974915
-0.00968049
-0.0101611
-0.0104357
-0.010779
-0.0122894
-0.0155162
-0.0185371
-0.018949
-0.0156536
-0.0100238
-0.00432533
-0.000617904
0.000480592
-0.00137312
-0.00652232
-0.0142118
-0.0212834
-0.0243729
-0.0218326
-0.0152416
-0.00741484
-0.00123581
0.00151043
-0.000137312
-0.00562979
-0.0123581
-0.0166834
-0.0162715
-0.0107103
-0.00151043
0.00830737
0.0146924
0.0141431
0.00700291
-0.00281489
-0.0100924
-0.0121521
-0.0101611
-0.00693425
-0.00487457
-0.00439398
-0.00453129
-0.00398205
-0.00240296
-0.000549248
0.00068656
0.000961184
0.00068656
0.000411936
0.000480592
0.000823872
0.000961184
-6.8656e-05
-0.00308952
-0.00851334
-0.0150357
-0.0194296
-0.0186744
-0.012564
-0.00411936
0.00254027
0.0051492
0.00363877
-0.00068656
-0.00604173
-0.010985
-0.0146237
-0.0173013
-0.019567
-0.0201849
-0.0163401
-0.00700291
0.00425667
0.0109163
0.00885662
-0.000549248
-0.0116715
-0.0192237
-0.0210774
-0.0183998
-0.0137998
-0.00913124
-0.00542382
-0.0034328
-0.00391339
-0.00611038
-0.00789544
-0.00693425
-0.00260893
0.00391339
0.0102297
0.0137998
0.0128387
0.00727753
-0.0010985
-0.00913124
-0.0136625
-0.0132506
-0.0091999
-0.00480592
-0.00240296
-0.00226565
-0.00336414
-0.00508054
-0.00741484
-0.0101611
-0.0126327
-0.0144178
-0.014967
-0.0139372
-0.0112596
-0.00768947
-0.00446264
-0.00281489
-0.00315817
-0.00521785
-0.00851334
-0.0123581
-0.0158595
-0.0177819
-0.0168894
-0.0127014
-0.00631635
-0.000411936
0.00226565
0.000411936
-0.00480592
-0.0107103
-0.0140058
-0.012976
-0.00926856
-0.00720888
-0.0103671
-0.0174386
-0.0225878
-0.0207341
-0.0118775
-0.000549248
0.00803275
0.010779
0.00789544
0.00192237
-0.0040507
-0.00782678
-0.00926856
-0.0091999
-0.00892528
-0.00899393
-0.00892528
-0.00741484
-0.00350145
0.0017164
0.00535517
0.00508054
0.00144178
-0.00322683
-0.00652232
-0.00714022
-0.00535517
-0.00205968
0.00151043
0.00487457
0.00768947
0.00878796
0.00604173
-0.0010985
-0.0100238
-0.0160655
-0.0158595
-0.0101611
-0.00274624
0.00254027
0.00466861
0.00562979
0.00734619
0.00961184
0.0103671
0.00803275
0.00260893
-0.00432533
-0.0108476
-0.0148297
-0.0141431
-0.00823872
0.00102984
0.00968049
0.0144178
0.0140745
0.0098178
0.00350145
-0.00329549
-0.00913124
-0.0124267
-0.0123581
-0.00968049
-0.00645366
-0.00446264
-0.00459995
-0.00645366
-0.0098178
-0.0137998
-0.0166834
-0.0165461
-0.0129073
-0.00727753
-0.0023343
-6.8656e-05
-0.00144178
-0.00597307
-0.0118775
-0.0166834
-0.0181938
-0.0162715
-0.0124954
-0.00926856
-0.0074835
-0.00597307
-0.0034328
-0.000480592
0.00068656
-0.00137312
-0.00549248
-0.00871931
-0.008582
-0.00459995
0.00144178
0.00645366
0.0074835
0.00350145
-0.00398205
-0.0113969
-0.0157222
-0.0162715
-0.0138685
-0.0101611
-0.00679694
-0.00425667
-0.00212834
0.000274624
0.00260893
0.00329549
0.00102984
-0.00322683
-0.00652232
-0.00693425
-0.00583576
-0.00624769
-0.00913124
-0.0118775
-0.0111223
-0.00638501
-0.000411936
0.00329549
0.00288355
-0.00123581
-0.0068656
-0.010985
-0.010985
-0.00679694
-0.000823872
0.00432533
0.00823872
0.0120835
0.0159968
0.0184685
0.0181252
0.015173
0.0106417
0.00501189
-0.00157909
-0.00837603
-0.0136625
-0.0157222
-0.0140745
-0.0101611
-0.00556113
-0.00144178
0.00157909
0.00247161
0.000892528
-0.00260893
-0.00638501
-0.00954318
-0.0118088
-0.0128387
-0.0116029
-0.00727753
-0.000549248
0.00617904
0.0098178
0.00823872
0.00219699
-0.00508054
-0.00968049
-0.0100238
-0.00817006
-0.0074835
-0.00933721
-0.0124267
-0.0144864
-0.0146924
-0.0142118
-0.0145551
-0.0157909
-0.0159968
-0.0137998
-0.0100924
-0.00741484
-0.00796409
-0.0115342
-0.0163401
-0.0199789
-0.0206654
-0.0184685
-0.0148983
-0.0124267
-0.0121521
-0.0126327
-0.0113969
-0.00803275
-0.00508054
-0.00542382
-0.00892528
-0.0127014
-0.0133879
-0.00947452
-0.00219699
0.0051492
0.00865065
0.00631635
-0.000480592
-0.00823872
-0.012976
-0.0127014
-0.00878796
-0.00459995
-0.00308952
-0.00459995
-0.0074835
-0.00933721
-0.00913124
-0.00741484
-0.00631635
-0.00768947
-0.0117402
-0.0165461
-0.019361
-0.0184685
-0.0138685
-0.00707156
-0.0010985
0.0010985
-0.00185371
-0.00823872
-0.0135252
-0.0141431
-0.0100238
-0.00411936
0.000617904
0.00308952
0.00384473
0.00411936
0.00473726
0.00569845
0.00604173
0.00425667
-0.000617904
-0.00803275
-0.0155849
-0.0208714
-0.0232744
-0.023755
-0.0231371
-0.021558
-0.0186744
-0.0152416
-0.0122894
-0.0102297
-0.00871931
-0.00789544
-0.00878796
-0.0120835
-0.0167521
-0.0197729
-0.0183311
-0.0118088
-0.00281489
0.00466861
0.00782678
0.00734619
0.00611038
0.00631635
0.00762081
0.00762081
0.00391339
-0.00418801
-0.0137312
-0.0197043
-0.0185371
-0.0111223
-0.00192237
0.00494323
0.008582
0.0103671
0.0116029
0.0116715
0.00906259
0.00288355
-0.00480592
-0.0100924
-0.0100238
-0.00562979
-0.00137312
-0.00205968
-0.00885662
-0.0187431
-0.0262266
-0.0274624
-0.0219013
-0.0122894
-0.00254027
0.00432533
0.00720888
0.00652232
0.00336414
-0.000411936
-0.00315817
-0.00391339
-0.0023343
0.000480592
0.00254027
0.00178506
-0.00212834
-0.00789544
-0.0133879
-0.0164774
-0.0162715
-0.0131819
-0.00913124
-0.0057671
-0.00350145
-0.00123581
0.00192237
0.00549248
0.00741484
0.00597307
0.00137312
-0.00411936
-0.00734619
-0.0068656
-0.00357011
-6.8656e-05
0.00137312
-0.000205968
-0.0040507
-0.00885662
-0.0132506
-0.0161342
-0.0166834
-0.014761
-0.0106417
-0.00521785
0.000755216
0.00645366
0.0106417
0.0122208
0.010573
0.00597307
-0.000823872
-0.00865065
-0.0164774
-0.0229311
-0.0265699
-0.025952
-0.0205968
-0.0120835
-0.0034328
0.00164774
0.000549248
-0.00631635
-0.014967
-0.0201162
-0.018949
-0.0133879
-0.00782678
-0.00528651
-0.00542382
-0.00624769
-0.00617904
-0.00487457
-0.00329549
-0.00295221
