LECROYHDO9204-MSöv,30454,Waveform
Segments,1,SegmentSize,2002
Ampl
-0.010779
-0.0081014
-0.00789544
-0.00892528
-0.008582
-0.0051492
0.000892528
0.00714022
0.0112596
0.0123581
0.010779
0.00782678
0.00466861
0.00205968
-0.000274624
-0.00308952
-0.0068656
-0.0104357
-0.0115342
-0.00865065
-0.0034328
-0.000480592
-0.00363877
-0.0123581
-0.0212147
-0.0249908
-0.0225192
-0.0168894
-0.0124267
-0.010985
-0.0120148
-0.0134566
-0.0138685
-0.0131819
-0.0127014
-0.0144178
-0.0190864
-0.0251281
-0.0289728
-0.0281489
-0.0227938
-0.0155849
-0.00940587
-0.00583576
-0.00459995
-0.00446264
-0.00487457
-0.00624769
-0.00940587
-0.0141431
-0.018949
-0.0218326
-0.0216266
-0.0186058
-0.0142118
-0.010779
-0.00926856
-0.00885662
-0.00823872
-0.00700291
-0.00562979
-0.00446264
-0.00322683
-0.00185371
-0.000755216
-0.00102984
-0.00322683
-0.00734619
-0.0121521
-0.0162715
-0.0184685
-0.0188804
-0.0184685
-0.0181252
-0.0174386
-0.0159968
-0.0150357
-0.0164088
-0.0208714
-0.0270505
-0.0324056
-0.0353578
-0.0354951
-0.0330922
-0.0291101
-0.0251281
-0.0224505
-0.021146
-0.0197729
-0.0170953
-0.0132506
-0.0100238
-0.00878796
-0.00933721
-0.0100924
-0.0100924
-0.00954318
-0.00926856
-0.00954318
-0.00974915
-0.00892528
-0.00768947
-0.00755216
-0.00988646
-0.0150357
-0.0219013
-0.0286295
-0.0335728
-0.0353578
-0.0341907
-0.0313071
-0.0283549
-0.0256087
-0.0214207
-0.0138685
-0.00411936
0.00123581
-0.010985
-0.0593874
-0.162165
-0.325773
-0.534624
-0.751371
-0.93276
-1.05023
-1.10248
-1.11133
-1.10557
-1.10536
-1.116
-1.13186
-1.14491
-1.15115
-1.15246
-1.15424
-1.16015
-1.16949
-1.17772
-1.18047
-1.17676
-1.16921
-1.16132
-1.15472
-1.14944
-1.14449
-1.13893
-1.13159
-1.1217
-1.11003
-1.09815
-1.08682
-1.07584
-1.0652
-1.05593
-1.05002
-1.04865
-1.05174
-1.05819
-1.0665
-1.07474
-1.08195
-1.08875
-1.09609
-1.10433
-1.11271
-1.11998
-1.12513
-1.12815
-1.12967
-1.13056
-1.13138
-1.13234
-1.13399
-1.13681
-1.1399
-1.1412
-1.13887
-1.13303
-1.12575
-1.1195
-1.11628
-1.11628
-1.11799
-1.11909
-1.1182
-1.11655
-1.11724
-1.12198
-1.1285
-1.13152
-1.12726
-1.11703
-1.10646
-1.1009
-1.10138
-1.10481
-1.10783
-1.10886
-1.10804
-1.10564
-1.10241
-1.09953
-1.09788
-1.0974
-1.09719
-1.09699
-1.0974
-1.09953
-1.10433
-1.11202
-1.12198
-1.13317
-1.1436
-1.1504
-1.1504
-1.14161
-1.12397
-1.09863
-1.06691
-1.03018
-0.990706
-0.950542
-0.909417
-0.864035
-0.811102
-0.750753
-0.687933
-0.628751
-0.576573
-0.531123
-0.489723
-0.449216
-0.406855
-0.360581
-0.310668
-0.259794
-0.212216
-0.171915
-0.1415
-0.121727
-0.111085
-0.106073
-0.102709
-0.0988646
-0.0938527
-0.0871244
-0.0784738
-0.0687933
-0.0606919
-0.0562292
-0.0556113
-0.0571218
-0.0590441
-0.0607605
-0.062271
-0.0635068
-0.064056
-0.0635068
-0.062271
-0.0610352
-0.0600053
-0.0582203
-0.0547875
-0.0501875
-0.0463428
-0.044901
-0.0453129
-0.0453816
-0.0432533
-0.0391339
-0.0357698
-0.0356324
-0.038516
-0.0407816
-0.038516
-0.0309638
-0.021558
-0.0148983
-0.0140745
-0.0192923
-0.0280116
-0.0364563
-0.0408503
-0.0398205
-0.034534
-0.027531
-0.0208714
-0.0154476
-0.0118775
-0.0111909
-0.0140745
-0.0197043
-0.0256773
-0.029728
-0.0313071
-0.0313758
-0.0305519
-0.0288355
-0.0267072
-0.0254714
-0.0262266
-0.0284922
-0.0300713
-0.0292474
-0.0265699
-0.0247161
-0.025952
-0.029728
-0.0328862
-0.0326116
-0.0295907
-0.0271878
-0.0278057
-0.0309638
-0.0335728
-0.0332295
-0.0291788
-0.0225878
-0.0150357
-0.00823872
-0.00439398
-0.00494323
-0.00974915
-0.0166147
-0.0221072
-0.023549
-0.021352
-0.0186744
-0.0181252
-0.0190864
-0.0181938
-0.0127014
-0.00329549
0.00631635
0.012564
0.0137998
0.00988646
0.0010985
-0.0116029
-0.0254027
-0.0354951
-0.0379668
-0.0325429
-0.0227938
-0.0140745
-0.0111909
-0.0164088
-0.0282176
-0.0418115
-0.0502562
-0.0486084
-0.0366623
-0.0194296
-0.00377608
0.00508054
0.00535517
-0.00151043
-0.0120835
-0.0219699
-0.0276684
-0.027943
-0.0241669
-0.0192237
-0.0159282
-0.0153789
-0.0168207
-0.0186744
-0.019567
-0.0190177
-0.0170267
-0.0140745
-0.0115342
-0.0107103
-0.0122894
-0.0155162
-0.0183311
-0.0186744
-0.0151043
-0.00844468
-0.00192237
0.00034328
-0.00315817
-0.0103671
-0.0178506
-0.0227938
-0.0234117
-0.0192237
-0.0120835
-0.00569845
-0.00329549
-0.00535517
-0.00940587
-0.0127014
-0.0137312
-0.0130446
-0.0120835
-0.0120148
-0.01277
-0.0133193
-0.0124954
-0.0102297
-0.00727753
-0.0051492
-0.00453129
-0.00521785
-0.00583576
-0.00480592
-0.00157909
0.00247161
0.00473726
0.00308952
-0.00281489
-0.0106417
-0.0164088
-0.0172326
-0.0139372
-0.00968049
-0.00714022
-0.00672828
-0.00762081
-0.00892528
-0.00974915
-0.00906259
-0.00679694
-0.00425667
-0.00260893
-0.00219699
-0.00219699
-0.00240296
-0.00350145
-0.00583576
-0.00837603
-0.00926856
-0.00782678
-0.00590441
-0.00542382
-0.00679694
-0.00803275
-0.00624769
-0.000480592
0.00693425
0.0116029
0.010573
0.00459995
-0.00205968
-0.00466861
-0.00205968
0.00254027
0.00487457
0.00391339
0.00260893
0.00453129
0.0105044
0.0174386
0.0210774
0.0181938
0.00844468
-0.00521785
-0.0181938
-0.0266385
-0.0289728
-0.0262266
-0.0209401
-0.0154476
-0.0110536
-0.00789544
-0.00597307
-0.00556113
-0.00665963
-0.00817006
-0.00885662
-0.00851334
-0.00803275
-0.00782678
-0.00727753
-0.00590441
-0.00425667
-0.00357011
-0.00466861
-0.00734619
-0.010779
-0.0137998
-0.0155162
-0.0155162
-0.0143491
-0.0130446
-0.0118088
-0.00974915
-0.00659097
-0.00398205
-0.00439398
-0.00796409
-0.0117402
-0.0122208
-0.00830737
-0.00219699
0.00274624
0.00432533
0.00254027
-0.00164774
-0.0068656
-0.0115342
-0.0145551
-0.0158595
-0.0157222
-0.0140058
-0.010573
-0.00631635
-0.00295221
-0.00185371
-0.00288355
-0.00556113
-0.0091999
-0.0132506
-0.0170953
-0.0194983
-0.0194296
-0.0164088
-0.0110536
-0.00542382
-0.00185371
-0.00116715
-0.0023343
-0.00350145
-0.00384473
-0.00384473
-0.00391339
-0.00308952
6.8656e-05
0.00583576
0.0117402
0.0139372
0.0107103
0.00377608
-0.00329549
-0.00823872
-0.0117402
-0.0153789
-0.0194983
-0.0224505
-0.0224505
-0.0190177
-0.0135252
-0.00837603
-0.00597307
-0.0074835
-0.0118088
-0.0166147
-0.0201849
-0.0219013
-0.0222445
-0.021352
-0.019567
-0.0170953
-0.0142118
-0.0117402
-0.0101611
-0.0091999
-0.00830737
-0.00775812
-0.00817006
-0.00947452
-0.0104357
-0.0105044
-0.0103671
-0.0102984
-0.00940587
-0.00672828
-0.00302086
-0.000137312
0.000480592
-0.000961184
-0.00281489
-0.00384473
-0.00432533
-0.00562979
-0.00782678
-0.00892528
-0.00672828
-0.00178506
0.00267758
0.00281489
-0.00295221
-0.01277
-0.0214893
-0.0245102
-0.0212147
-0.0153103
-0.0115342
-0.0113282
-0.0124267
-0.0120148
-0.00913124
-0.00487457
-0.00123581
0.000617904
0.000823872
0.000274624
-0.000274624
-0.00157909
-0.00473726
-0.0102297
-0.0166834
-0.0222445
-0.0256087
-0.0267072
-0.0264325
-0.0252654
-0.0225192
-0.0173013
-0.0100924
-0.00336414
0.000755216
0.00192237
0.00130446
0.000617904
0.000755216
0.00185371
0.00315817
0.00363877
0.0023343
-0.000411936
-0.00357011
-0.00583576
-0.00597307
-0.00315817
0.00226565
0.00796409
0.0108476
0.00933721
0.00453129
-0.0010985
-0.00562979
-0.00851334
-0.00988646
-0.00974915
-0.00782678
-0.00453129
-0.00130446
-0.000274624
-0.0023343
-0.00714022
-0.0133879
-0.019567
-0.0232057
-0.0216953
-0.0141431
-0.00302086
0.00659097
0.0104357
0.00803275
0.00199102
-0.00384473
-0.00714022
-0.0074835
-0.00590441
-0.00432533
-0.00473726
-0.00892528
-0.0170953
-0.0269131
-0.0337101
-0.0336414
-0.0267758
-0.016958
-0.00933721
-0.00624769
-0.00679694
-0.00830737
-0.00892528
-0.00789544
-0.00569845
-0.00350145
-0.00247161
-0.00281489
-0.0034328
-0.00254027
0.000480592
0.00377608
0.00466861
0.00144178
-0.0051492
-0.0129073
-0.0196356
-0.0234803
-0.0234803
-0.0206654
-0.0178506
-0.017164
-0.0187431
-0.0207341
-0.0216266
-0.021146
-0.0198416
-0.0183311
-0.0170267
-0.0159968
-0.0148983
-0.0136625
-0.0122894
-0.0113969
-0.0116715
-0.0131819
-0.0151043
-0.0157222
-0.0141431
-0.0105044
-0.00590441
-0.00151043
0.00205968
0.00432533
0.00466861
0.00247161
-0.0017164
-0.00624769
-0.00974915
-0.0117402
-0.0124954
-0.0120835
-0.010573
-0.00796409
-0.00453129
-0.0010985
0.0010985
0.00102984
-0.000549248
-0.00185371
-0.00240296
-0.00322683
-0.00562979
-0.00851334
-0.00940587
-0.0068656
-0.00212834
0.00144178
0.000617904
-0.00549248
-0.0153103
-0.0254714
-0.031925
-0.0320623
-0.0260206
-0.0168207
-0.00803275
-0.00130446
0.00398205
0.00851334
0.0116715
0.0113282
0.00659097
-0.000961184
-0.00796409
-0.0117402
-0.0121521
-0.0107103
-0.00899393
-0.00775812
-0.00693425
-0.00645366
-0.00611038
-0.0057671
-0.00528651
-0.00494323
-0.00494323
-0.00466861
-0.0034328
-0.00130446
0.000617904
0.000823872
-0.00178506
-0.00672828
-0.0120835
-0.0155849
-0.0162028
-0.0151043
-0.0144178
-0.015173
-0.0168894
-0.0186058
-0.0197043
-0.0203908
-0.0207341
-0.0206654
-0.0200475
-0.018949
-0.0175073
-0.0157222
-0.0134566
-0.010779
-0.00789544
-0.00624769
-0.00714022
-0.010779
-0.0155849
-0.0194296
-0.0207341
-0.019361
-0.0162028
-0.0123581
-0.00885662
-0.00624769
-0.00480592
-0.00439398
-0.00453129
-0.00494323
-0.00556113
-0.00679694
-0.0091999
-0.0124267
-0.0145551
-0.0135252
-0.00940587
-0.00480592
-0.00281489
-0.00466861
-0.00926856
-0.0138685
-0.0164088
-0.0168207
-0.0166834
-0.0170267
-0.01737
-0.0168894
-0.0156536
-0.014967
-0.0157222
-0.0166834
-0.0157909
-0.0116029
-0.00494323
0.00185371
0.00645366
0.00741484
0.00466861
-0.000549248
-0.0057671
-0.00803275
-0.00597307
-0.00144178
0.00164774
0.000411936
-0.00494323
-0.0111223
-0.0140745
-0.0115342
-0.00473726
0.00199102
0.00357011
-0.00219699
-0.0121521
-0.019567
-0.0197043
-0.0132506
-0.00583576
-0.00308952
-0.0057671
-0.0100924
-0.0115342
-0.00947452
-0.00727753
-0.008582
-0.0130446
-0.0168894
-0.0167521
-0.0122208
-0.00542382
0.000549248
0.00357011
0.00363877
0.0023343
0.000549248
-0.00281489
-0.00885662
-0.0164774
-0.0223818
-0.0232057
-0.0179192
-0.00892528
-0.00068656
0.00247161
-0.00123581
-0.0102297
-0.0204595
-0.027943
-0.0302773
-0.0273251
-0.0209401
-0.0140745
-0.00906259
-0.00652232
-0.00521785
-0.00370742
-0.00205968
-0.00199102
-0.00459995
-0.00913124
-0.0131819
-0.0151043
-0.0156536
-0.0168207
-0.0190864
-0.0212834
-0.0221072
-0.0214893
-0.0196356
-0.0166834
-0.0124267
-0.00789544
-0.00459995
-0.0034328
-0.00322683
-0.00226565
-0.000137312
0.000892528
-0.00164774
-0.00727753
-0.0124954
-0.0137998
-0.0109163
-0.00693425
-0.00459995
-0.00336414
-0.000961184
0.00322683
0.00659097
0.00631635
0.00254027
-0.00205968
-0.00466861
-0.00432533
-0.00185371
0.000961184
0.00219699
0.000549248
-0.0040507
-0.00947452
-0.012564
-0.0113282
-0.00679694
-0.00199102
0.00123581
0.00336414
0.00556113
0.00714022
0.00652232
0.00315817
-0.0017164
-0.00638501
-0.0102984
-0.0131819
-0.0144178
-0.0135939
-0.0111909
-0.00926856
-0.0100924
-0.0141431
-0.0197043
-0.0238923
-0.0252654
-0.0244415
-0.0230684
-0.0217639
-0.0197043
-0.0159968
-0.0103671
-0.00411936
0.000892528
0.00350145
0.00377608
0.00322683
0.00315817
0.00302086
0.000892528
-0.00384473
-0.00933721
-0.0132506
-0.0148297
-0.0146237
-0.0132506
-0.0104357
-0.00665963
-0.00363877
-0.00322683
-0.00556113
-0.008582
-0.0106417
-0.0118775
-0.0133879
-0.014967
-0.0153789
-0.0142118
-0.0128387
-0.0122894
-0.0122894
-0.0120148
-0.0118088
-0.0124954
-0.0138685
-0.014761
-0.0143491
-0.0129073
-0.0115342
-0.010573
-0.00926856
-0.00611038
-0.000274624
0.00679694
0.0116029
0.0111223
0.00521785
-0.00363877
-0.0124954
-0.019361
-0.0226565
-0.0218326
-0.0178506
-0.0133879
-0.0104357
-0.00940587
-0.00961184
-0.0102297
-0.010779
-0.0111223
-0.0116715
-0.0131819
-0.015173
-0.0158595
-0.0131133
-0.00707156
-0.000549248
0.00295221
0.00151043
-0.00391339
-0.0100238
-0.0136625
-0.0137998
-0.0115342
-0.00906259
-0.00796409
-0.00837603
-0.00940587
-0.00961184
-0.00789544
-0.00453129
-0.000549248
0.00274624
0.00425667
0.00329549
-0.000205968
-0.00459995
-0.00755216
-0.00768947
-0.00617904
-0.00542382
-0.00734619
-0.0114655
-0.015173
-0.0153103
-0.0100924
-0.00151043
0.00604173
0.00823872
0.00370742
-0.00528651
-0.0140745
-0.0181938
-0.0159282
-0.00906259
-0.00123581
0.00508054
0.00926856
0.0112596
0.010779
0.00768947
0.00295221
-0.00226565
-0.00700291
-0.0108476
-0.0136625
-0.0153103
-0.0158595
-0.014967
-0.0130446
-0.010985
-0.00968049
-0.00913124
-0.00865065
-0.00734619
-0.00521785
-0.00329549
-0.00302086
-0.0051492
-0.00878796
-0.0120835
-0.0140058
-0.0143491
-0.0136625
-0.0129073
-0.0137312
-0.0170953
-0.0219013
-0.0249221
-0.0231371
-0.016958
-0.0098178
-0.00501189
-0.00336414
-0.00377608
-0.00508054
-0.00734619
-0.0111223
-0.0162028
-0.0208714
-0.0224505
-0.0199789
-0.0146924
-0.00885662
-0.00336414
0.00199102
0.00714022
0.0110536
0.0127014
0.0118088
0.00796409
0.000892528
-0.00803275
-0.0155162
-0.0176446
-0.0133193
-0.00494323
0.00240296
0.00425667
-0.00068656
-0.00995512
-0.0194983
-0.0258146
-0.0274624
-0.0240296
-0.0160655
-0.00611038
0.00151043
0.00308952
-0.00130446
-0.00727753
-0.0102984
-0.0091999
-0.00590441
-0.00274624
-0.000755216
0.000137312
0.000411936
0.000205968
-0.000617904
-0.00178506
-0.00281489
-0.00329549
-0.00322683
-0.00267758
-0.00185371
-0.000823872
0.000137312
0.00068656
-6.8656e-05
-0.00274624
-0.0068656
-0.010573
-0.0120835
-0.010985
-0.00837603
-0.00542382
-0.00329549
-0.00357011
-0.00768947
-0.0146924
-0.0208714
-0.0219699
-0.017164
-0.0100924
-0.00569845
-0.00631635
-0.0101611
-0.0139372
-0.0158595
-0.0164088
-0.0159968
-0.0142804
-0.0106417
-0.00604173
-0.00260893
-0.00164774
-0.00254027
-0.00384473
-0.00446264
-0.00466861
-0.00494323
-0.00590441
-0.00775812
-0.0102297
-0.012564
-0.0144178
-0.0156536
-0.0162715
-0.0159282
-0.0154476
-0.0154476
-0.0157222
-0.0146237
-0.0107103
-0.00377608
0.00439398
0.0106417
0.0116715
0.00638501
-0.00357011
-0.0140058
-0.0212834
-0.0236177
-0.021558
-0.017164
-0.0122208
-0.00782678
-0.00432533
-0.0017164
-6.8656e-05
0.000274624
-0.000961184
-0.00302086
-0.00453129
-0.00418801
-0.00219699
0.000137312
0.00123581
0.000205968
-0.00260893
-0.00659097
-0.0118775
-0.0186744
-0.0251967
-0.0278743
-0.0234117
-0.0116029
0.00350145
0.0152416
0.0179192
0.0110536
-0.000549248
-0.00995512
-0.0124267
-0.00837603
-0.00199102
0.00199102
0.00144178
-0.00192237
-0.00466861
-0.00473726
-0.00274624
-0.000549248
0.000205968
-0.000823872
-0.00370742
-0.0081014
-0.0127014
-0.0152416
-0.0140745
-0.00947452
-0.0034328
0.00164774
0.00329549
0.000274624
-0.00617904
-0.0126327
-0.0154476
-0.0132506
-0.00782678
-0.00247161
6.8656e-05
-0.000823872
-0.00384473
-0.00755216
-0.0111223
-0.0138685
-0.014761
-0.012976
-0.0091999
-0.00480592
-0.000755216
0.00247161
0.00466861
0.00597307
0.00652232
0.00631635
0.00459995
0.00034328
-0.00652232
-0.0140745
-0.018949
-0.0186744
-0.0133879
-0.00645366
-0.00240296
-0.00336414
-0.0081014
-0.012976
-0.0148297
-0.0122894
-0.00624769
6.8656e-05
0.00199102
-0.00336414
-0.0142118
-0.0243729
-0.0275997
-0.0226565
-0.0132506
-0.00473726
6.8656e-05
0.00151043
0.000961184
-0.0010985
-0.00494323
-0.0102297
-0.0150357
-0.0173013
-0.0170953
-0.0162028
-0.0163401
-0.0175073
-0.0179879
-0.0159968
-0.0110536
-0.00508054
-0.000892528
-6.8656e-05
-0.00226565
-0.00645366
-0.010985
-0.0143491
-0.0150357
-0.0135252
-0.0119461
-0.0122208
-0.0146237
-0.0170953
-0.0175759
-0.0158595
-0.0132506
-0.0113282
-0.0105044
-0.00995512
-0.00796409
-0.0040507
0.000892528
0.00453129
0.00508054
0.00178506
-0.00466861
-0.0122208
-0.0177819
-0.0187431
-0.0146924
-0.0074835
-0.000411936
0.00274624
-0.000137312
-0.00775812
-0.0159968
-0.0214893
-0.0229997
-0.0210774
-0.0162715
-0.00947452
-0.00226565
0.00240296
0.00219699
-0.00274624
-0.0100238
-0.0165461
-0.0201162
-0.0205968
-0.0185371
-0.0144864
-0.00926856
-0.00453129
-0.00260893
-0.00459995
-0.00926856
-0.0135939
-0.0155849
-0.0155849
-0.014761
-0.0138685
-0.012564
-0.00961184
-0.00411936
0.00295221
0.00789544
0.00672828
-0.0010985
-0.0113969
-0.0178506
-0.0176446
-0.0130446
-0.00913124
-0.00885662
-0.0106417
-0.010985
-0.00830737
-0.00363877
0.00102984
0.00432533
0.00480592
0.00199102
-0.00260893
-0.00611038
-0.00638501
-0.00453129
-0.00322683
-0.00432533
-0.00707156
-0.00968049
-0.0107103
-0.00940587
-0.00611038
-0.00212834
0.000961184
0.00192237
0.0010985
-0.000755216
-0.00302086
-0.0057671
-0.00940587
-0.0140058
-0.0186058
-0.0212147
-0.0212834
-0.0199789
-0.0185371
-0.0167521
-0.0132506
-0.00823872
-0.00411936
-0.0034328
-0.00604173
-0.00968049
-0.0118775
-0.0122208
-0.0122894
-0.0144178
-0.0192237
-0.0251967
-0.0300027
-0.0317191
-0.0293161
-0.0229997
-0.0143491
-0.00638501
-0.00144178
0.000205968
6.8656e-05
-0.000205968
0
0.000274624
-6.8656e-05
-0.00123581
-0.00226565
-0.00199102
-0.000617904
-0.000411936
-0.00350145
-0.0100238
-0.017164
-0.0216266
-0.0216953
-0.0181938
-0.0139372
-0.0113282
-0.0111909
-0.0123581
-0.0133879
-0.0135939
-0.01277
-0.0111223
-0.00940587
-0.00940587
-0.0112596
-0.0128387
-0.0122894
-0.0102984
-0.00871931
-0.00775812
-0.0057671
-0.00199102
0.00192237
0.00322683
0.000137312
-0.00611038
-0.012564
-0.0162028
-0.0164774
-0.0153103
-0.0155849
-0.0183998
-0.0223132
-0.0240982
-0.0212147
-0.0137998
-0.00473726
0.00185371
0.00357011
0.00068656
-0.00453129
-0.0102297
-0.0155162
-0.019567
-0.0210774
-0.0186058
-0.0123581
-0.00480592
0.000549248
0.00164774
-0.000892528
-0.00466861
-0.00768947
-0.00878796
-0.00823872
-0.00714022
-0.00727753
-0.00968049
-0.0132506
-0.0154476
-0.0144864
-0.0113282
-0.00830737
-0.00672828
-0.00597307
-0.00521785
-0.00466861
-0.00549248
-0.00803275
-0.010779
-0.0109163
-0.00659097
0.000892528
0.00665963
0.00569845
-0.00302086
-0.0155162
-0.0254714
-0.0285609
-0.0245788
-0.0167521
-0.00926856
-0.00487457
-0.00439398
-0.0074835
-0.0130446
-0.0187431
-0.0217639
-0.021146
-0.0188117
-0.01737
-0.0172326
-0.017164
-0.0165461
-0.0161342
-0.016958
-0.0181252
-0.0181252
-0.0162715
-0.0131133
-0.0102297
-0.00885662
-0.00961184
-0.0117402
-0.0134566
-0.0133879
-0.0110536
-0.0074835
-0.00411936
-0.00137312
0.000892528
0.00240296
0.00199102
-0.00151043
-0.00762081
-0.0140058
-0.0181938
-0.0188804
-0.0158595
-0.0101611
-0.00363877
0.00123581
0.00260893
-0.000411936
-0.00727753
-0.0154476
-0.0209401
-0.0205968
-0.0144178
-0.00679694
-0.00240296
-0.00267758
-0.00487457
-0.00535517
-0.00315817
-0.000549248
-0.00137312
-0.00714022
-0.0158595
-0.0232057
-0.0258146
-0.0232057
-0.0175759
-0.0118088
-0.00817006
-0.00727753
-0.00817006
-0.00844468
-0.00624769
-0.00254027
-0.000480592
-0.00240296
-0.00727753
-0.0118775
-0.0128387
-0.0091999
-0.00274624
0.00254027
0.00295221
-0.00247161
-0.0109163
-0.0177819
-0.019361
-0.0157222
-0.0101611
-0.00638501
-0.00569845
-0.00617904
-0.0057671
-0.00425667
-0.00288355
-0.00212834
-0.00102984
0.00144178
0.00459995
0.00624769
0.00453129
-0.000411936
-0.00693425
-0.0127014
-0.0163401
-0.0172326
-0.0144178
-0.00775812
0.00123581
0.0091999
0.0135252
0.0130446
0.00817006
0
-0.00878796
-0.0137312
-0.0114655
-0.00254027
0.00762081
0.0131133
0.0113969
0.00508054
-0.000961184
-0.00295221
-0.000823872
0.00254027
0.00384473
0.0017164
-0.00219699
-0.00480592
-0.00411936
-0.000480592
0.00398205
0.0068656
0.0074835
0.00693425
0.00624769
0.00480592
0.00137312
-0.0034328
-0.0068656
-0.00617904
-0.0017164
0.00281489
0.00281489
-0.00281489
-0.0100238
-0.0127014
-0.00803275
0.000205968
0.00535517
0.00384473
-0.00205968
-0.00631635
-0.00494323
0.0010985
0.00693425
0.00803275
0.00315817
-0.00542382
-0.0141431
-0.0196356
-0.0192237
-0.0122894
-0.00185371
0.00549248
0.00425667
-0.0051492
-0.0159968
-0.0208028
-0.0167521
-0.00659097
0.00466861
0.0127014
0.0152416
0.0121521
0.00466861
-0.00528651
-0.0150357
-0.0208714
-0.0200475
-0.012564
-0.00199102
0.00617904
0.00823872
0.00501189
0.000823872
-0.00034328
0.00144178
0.00322683
0.00281489
0.0010985
-0.000137312
-0.000755216
-0.00274624
-0.00700291
-0.0120835
-0.0155162
-0.0156536
-0.0130446
-0.0091999
-0.00597307
-0.00439398
-0.00473726
-0.00645366
-0.00892528
-0.0117402
-0.014761
-0.0173013
-0.0181252
-0.0160655
-0.010573
-0.00295221
0.00370742
0.00631635
0.00487457
0.00247161
0.00185371
0.00240296
0.00144178
-0.00226565
-0.00679694
-0.00892528
-0.00720888
-0.00295221
0.000755216
0.00130446
-0.00116715
-0.00439398
-0.00645366
-0.00679694
-0.00617904
-0.00556113
-0.00508054
-0.00398205
-0.00178506
0.000480592
0.000274624
-0.00398205
-0.010573
-0.0155849
-0.0164088
-0.0142118
-0.0118775
-0.0115342
-0.0129073
-0.0144178
-0.0145551
-0.0131819
-0.0107103
-0.00741484
-0.00302086
0.00254027
0.00844468
0.0131819
0.0156536
0.0144178
0.0081014
-0.00295221
-0.014967
-0.0220386
-0.0204595
-0.0120835
-0.00329549
-0.00034328
-0.00466861
-0.0118088
-0.0150357
-0.0108476
-0.00144178
0.00700291
0.00940587
0.00466861
-0.00370742
-0.0106417
-0.0127014
-0.0101611
-0.00672828
-0.00549248
-0.00672828
-0.00782678
-0.00659097
-0.00308952
0.000411936
0.00157909
-0.000274624
-0.00418801
-0.00789544
-0.00954318
-0.00817006
-0.0040507
0.00116715
0.00528651
0.00611038
0.0034328
-0.000617904
-0.00281489
-0.00164774
0.000961184
0.00116715
-0.00308952
-0.0102297
-0.0159282
-0.0168207
-0.0136625
-0.0106417
-0.0116029
-0.0162028
-0.0204595
-0.0206654
-0.0166147
-0.010779
-0.00597307
-0.00370742
-0.00398205
-0.00617904
-0.00899393
-0.010779
-0.0100924
-0.0068656
-0.00322683
-0.00123581
-0.000823872
0.000549248
0.0051492
0.0117402
0.0167521
0.0174386
0.0138685
0.00755216
0.000137312
-0.00665963
-0.0107103
-0.0111223
-0.00844468
-0.00418801
0.000617904
0.00494323
0.00734619
0.00679694
0.00302086
-0.00267758
-0.00796409
-0.0106417
-0.0102297
-0.00775812
-0.00480592
-0.00288355
-0.00308952
-0.00583576
-0.0104357
-0.014967
-0.0170953
-0.0153789
-0.0102297
-0.00377608
0.00151043
0.0040507
0.00391339
0.00205968
-0.00116715
-0.00597307
-0.0118088
-0.0166147
-0.0180565
-0.0159968
-0.0127014
-0.0102297
-0.00899393
-0.00796409
-0.00645366
-0.00466861
-0.00322683
-0.00274624
-0.00308952
-0.00336414
-0.00302086
-0.0023343
-0.00267758
-0.00480592
-0.00837603
-0.0115342
-0.0120148
-0.00865065
-0.00308952
0.00123581
0.00212834
6.8656e-05
-0.00212834
-0.00240296
-0.0010985
-0.000823872
-0.00418801
-0.0110536
-0.0181252
-0.021558
-0.0200475
-0.0152416
-0.0100238
-0.00638501
-0.00542382
-0.00714022
-0.0106417
-0.0145551
-0.0177132
-0.0197729
-0.0200475
-0.0179192
-0.0133879
-0.00796409
-0.00350145
-0.000549248
0.00178506
0.00357011
0.00377608
0.00164774
-0.00192237
-0.0051492
-0.00672828
-0.00604173
-0.00315817
0.000549248
0.00302086
0.00288355
-0.000205968
-0.00624769
-0.0146237
-0.0229311
-0.0270505
-0.0238236
-0.0140058
-0.00164774
0.00789544
0.0114655
0.00926856
0.0040507
-0.00116715
-0.00487457
-0.00714022
-0.00844468
-0.00865065
-0.00727753
-0.00432533
-0.000549248
0.00281489
0.00432533
0.00315817
-0.000274624
-0.00508054
-0.0100238
-0.0139372
-0.0161342
-0.0164088
-0.0157222
-0.0146237
-0.0128387
