LECROYHDO9204-MSöv,30454,Waveform
Segments,1,SegmentSize,2002
Ampl
0.00116715
-0.00590441
-0.0113969
-0.0124954
-0.00933721
-0.00501189
-0.00288355
-0.00377608
-0.00480592
-0.00281489
0.00247161
0.00762081
0.00899393
0.00562979
-0.000411936
-0.00638501
-0.0109163
-0.0137998
-0.0153789
-0.0155849
-0.014761
-0.0137998
-0.0131819
-0.012564
-0.0113969
-0.0102297
-0.0103671
-0.0117402
-0.0135252
-0.0155162
-0.0182625
-0.0216266
-0.0240982
-0.0244415
-0.0223818
-0.0185371
-0.0138685
-0.00906259
-0.00508054
-0.00281489
-0.00260893
-0.00418801
-0.00638501
-0.00817006
-0.00913124
-0.00968049
-0.0107103
-0.0124954
-0.0143491
-0.0153103
-0.0146924
-0.012564
-0.00995512
-0.00830737
-0.00817006
-0.00871931
-0.00878796
-0.00796409
-0.00665963
-0.00521785
-0.00425667
-0.0040507
-0.00446264
-0.00453129
-0.00357011
-0.00212834
-0.00123581
-0.00116715
-0.000755216
0.000480592
0.00178506
0.00116715
-0.00274624
-0.00947452
-0.0166834
-0.0210774
-0.0200475
-0.0137312
-0.00549248
-0.00034328
-0.00205968
-0.0111223
-0.0234803
-0.0328862
-0.034328
-0.0271191
-0.0155849
-0.00659097
-0.00432533
-0.00837603
-0.014761
-0.0194983
-0.0209401
-0.0198416
-0.0176446
-0.014761
-0.010985
-0.00679694
-0.0040507
-0.00494323
-0.0105044
-0.0197043
-0.0296594
-0.036525
-0.0379668
-0.0350832
-0.0307579
-0.0269818
-0.0236177
-0.0202535
-0.0174386
-0.0163401
-0.0168894
-0.0168894
-0.012976
-0.00425667
0.00377608
-0.00308952
-0.0453129
-0.141706
-0.297624
-0.497344
-0.706127
-0.884701
-1.00643
-1.06781
-1.08607
-1.08669
-1.09005
-1.10481
-1.12877
-1.15397
-1.17189
-1.17759
-1.17319
-1.16605
-1.1631
-1.16605
-1.17072
-1.17148
-1.16537
-1.15404
-1.1425
-1.13557
-1.1353
-1.14024
-1.14566
-1.14539
-1.13536
-1.11683
-1.09554
-1.07762
-1.06547
-1.05819
-1.05462
-1.05504
-1.05984
-1.06774
-1.07625
-1.08332
-1.08833
-1.09156
-1.09438
-1.09795
-1.10268
-1.10735
-1.11106
-1.11381
-1.11641
-1.1195
-1.12328
-1.12815
-1.13358
-1.13811
-1.13941
-1.13639
-1.12973
-1.12225
-1.1169
-1.11545
-1.11641
-1.1169
-1.11532
-1.11236
-1.10962
-1.10811
-1.10797
-1.10921
-1.1114
-1.11374
-1.11566
-1.11641
-1.11545
-1.11271
-1.10934
-1.10701
-1.10687
-1.10845
-1.11051
-1.11168
-1.11113
-1.109
-1.10673
-1.10612
-1.10742
-1.10921
-1.10955
-1.10797
-1.10612
-1.10687
-1.1123
-1.12204
-1.13337
-1.14278
-1.14752
-1.14614
-1.13749
-1.12033
-1.09396
-1.05833
-1.01494
-0.966127
-0.914841
-0.863143
-0.811857
-0.760983
-0.710521
-0.660333
-0.609802
-0.558791
-0.507986
-0.458347
-0.409876
-0.361474
-0.313071
-0.266591
-0.225672
-0.193473
-0.170747
-0.155231
-0.14253
-0.129348
-0.115273
-0.10216
-0.0915184
-0.0842409
-0.0804648
-0.0793663
-0.0790917
-0.0768947
-0.0714022
-0.0633008
-0.0550621
-0.0492263
-0.047098
-0.0479905
-0.0503248
-0.0532084
-0.0561606
-0.0584949
-0.0587695
-0.0559546
-0.0509427
-0.0459308
-0.0433219
-0.0444204
-0.0480592
-0.05108
-0.0506681
-0.0472353
-0.0445577
-0.0457935
-0.0498442
-0.0525218
-0.0507368
-0.0450383
-0.0381727
-0.0324743
-0.0289728
-0.0273251
-0.0267758
-0.0264325
-0.025746
-0.0243042
-0.0225192
-0.0219699
-0.0243729
-0.0292474
-0.0337101
-0.0352205
-0.034122
-0.0326116
-0.0320623
-0.0320623
-0.0311698
-0.0282863
-0.0236863
-0.0194983
-0.0181938
-0.0208028
-0.025952
-0.0306206
-0.0319937
-0.0289728
-0.0225878
-0.0152416
-0.00995512
-0.00913124
-0.0131819
-0.0204595
-0.0278057
-0.0321996
-0.0321996
-0.0281489
-0.0223132
-0.0179879
-0.0179192
-0.0224505
-0.0289728
-0.0331608
-0.032337
-0.0274624
-0.0219013
-0.0181938
-0.0164088
-0.014967
-0.0135939
-0.0131133
-0.0142118
-0.0164088
-0.0183998
-0.0188117
-0.0173013
-0.0143491
-0.0106417
-0.0068656
-0.00384473
-0.00315817
-0.00597307
-0.0126327
-0.021146
-0.0286295
-0.0327489
-0.0332295
-0.0321996
-0.0324056
-0.0354265
-0.0402324
-0.0444204
-0.0451756
-0.0416742
-0.0352205
-0.0276684
-0.0198416
-0.0122208
-0.00583576
-0.00199102
-0.000617904
0.000205968
0.0023343
0.00501189
0.00535517
0.00157909
-0.00411936
-0.00755216
-0.00714022
-0.00597307
-0.00782678
-0.0129073
-0.0177132
-0.019155
-0.0176446
-0.0161342
-0.0170953
-0.0197729
-0.0212834
-0.0192923
-0.0144178
-0.00892528
-0.0040507
6.8656e-05
0.00308952
0.00329549
-0.000892528
-0.00885662
-0.0176446
-0.0236177
-0.0241669
-0.019155
-0.0111223
-0.0040507
-0.000755216
-0.00144178
-0.00425667
-0.00714022
-0.00878796
-0.00906259
-0.00865065
-0.0081014
-0.00727753
-0.00549248
-0.00260893
-0.000205968
6.8656e-05
-0.00199102
-0.00480592
-0.00665963
-0.00707156
-0.00707156
-0.00865065
-0.0127014
-0.0179192
-0.0218326
-0.0223818
-0.0194983
-0.0144178
-0.00961184
-0.00782678
-0.0106417
-0.0172326
-0.0243729
-0.0284922
-0.0278057
-0.0227251
-0.0153103
-0.00796409
-0.00240296
0.000411936
0.000411936
-0.00185371
-0.0040507
-0.00329549
0.00116715
0.00611038
0.00638501
6.8656e-05
-0.00940587
-0.0165461
-0.0175759
-0.0128387
-0.00528651
0.0010985
0.00363877
0.00219699
-0.00164774
-0.00556113
-0.00741484
-0.0051492
0.00212834
0.0129073
0.0224505
0.0258833
0.0214893
0.0118775
0.00192237
-0.00446264
-0.00631635
-0.00535517
-0.0034328
-0.00144178
0.00068656
0.00288355
0.00377608
0.00226565
-0.000892528
-0.00350145
-0.00439398
-0.00398205
-0.00302086
-0.00199102
-0.000892528
-6.8656e-05
-0.000480592
-0.00295221
-0.00672828
-0.00933721
-0.00823872
-0.00322683
0.00288355
0.00659097
0.00638501
0.0034328
-0.000411936
-0.00391339
-0.00700291
-0.0103671
-0.0140058
-0.0166147
-0.0165461
-0.0134566
-0.00940587
-0.00679694
-0.00665963
-0.00782678
-0.00775812
-0.00453129
0.00164774
0.00865065
0.0132506
0.0126327
0.00590441
-0.00494323
-0.0157909
-0.023549
-0.0278057
-0.03014
-0.0311698
-0.0293848
-0.0236177
-0.015173
-0.00782678
-0.00411936
-0.0040507
-0.00604173
-0.00892528
-0.0116715
-0.0130446
-0.0119461
-0.00823872
-0.00254027
0.00357011
0.00851334
0.0109163
0.0105044
0.00823872
0.00521785
0.00185371
-0.00178506
-0.00583576
-0.0100924
-0.0140058
-0.0164774
-0.0160655
-0.0120835
-0.00521785
0.00205968
0.00672828
0.00652232
0.00178506
-0.00466861
-0.0091999
-0.0100238
-0.00803275
-0.00597307
-0.00624769
-0.00933721
-0.0140058
-0.0181938
-0.0204595
-0.0202535
-0.0177132
-0.0138685
-0.0102297
-0.00803275
-0.00707156
-0.00583576
-0.00336414
0.000205968
0.00439398
0.00830737
0.0104357
0.00844468
0.00137312
-0.00830737
-0.0154476
-0.0160655
-0.0104357
-0.00281489
0.00212834
0.00205968
-0.00144178
-0.00508054
-0.00659097
-0.00611038
-0.00501189
-0.0040507
-0.00302086
-0.0017164
0
0.00205968
0.00446264
0.00645366
0.00624769
0.0023343
-0.00535517
-0.0146237
-0.0219013
-0.0234803
-0.0181252
-0.00830737
0.000480592
0.00411936
0.00260893
-6.8656e-05
-0.000411936
0.00212834
0.00466861
0.00432533
0.000823872
-0.0034328
-0.00611038
-0.00720888
-0.00803275
-0.00940587
-0.0104357
-0.00968049
-0.0068656
-0.00391339
-0.00370742
-0.00782678
-0.015173
-0.0220386
-0.0244415
-0.0205968
-0.0124267
-0.00391339
0.00116715
0.00116715
-0.00329549
-0.0098178
-0.0162028
-0.0206654
-0.0218326
-0.0190177
-0.0130446
-0.00679694
-0.00329549
-0.00370742
-0.00720888
-0.0113282
-0.0129073
-0.00974915
-0.00247161
0.00508054
0.00878796
0.00762081
0.00398205
0.000205968
-0.00336414
-0.00707156
-0.00974915
-0.00933721
-0.00480592
0.0023343
0.00865065
0.0107103
0.00700291
-0.000617904
-0.00823872
-0.0124267
-0.0117402
-0.00727753
-0.00212834
-6.8656e-05
-0.00281489
-0.008582
-0.0137312
-0.0154476
-0.0140058
-0.0115342
-0.0101611
-0.010779
-0.0130446
-0.0153789
-0.0164088
-0.0160655
-0.015173
-0.0137998
-0.0113969
-0.00775812
-0.00411936
-0.00137312
0.000549248
0.0023343
0.00350145
0.00267758
-0.00068656
-0.00521785
-0.00851334
-0.00954318
-0.00995512
-0.0119461
-0.0159282
-0.019361
-0.0196356
-0.0164088
-0.0116029
-0.00734619
-0.00425667
-0.00164774
0.00123581
0.00418801
0.00583576
0.00432533
-0.00068656
-0.00734619
-0.0131133
-0.0164088
-0.0177819
-0.0183311
-0.018949
-0.019361
-0.0186058
-0.0156536
-0.0105044
-0.00459995
-6.8656e-05
0.0010985
-0.00102984
-0.00459995
-0.00782678
-0.00988646
-0.0118088
-0.0148983
-0.0192923
-0.0236863
-0.0258146
-0.0247161
-0.0206654
-0.0155849
-0.0110536
-0.00830737
-0.00741484
-0.00782678
-0.00844468
-0.0081014
-0.00617904
-0.00302086
-0.000617904
-0.000961184
-0.00439398
-0.00954318
-0.0135252
-0.0141431
-0.0108476
-0.0051492
-0.000411936
0.000274624
-0.00363877
-0.0105044
-0.0174386
-0.0219013
-0.0221072
-0.0175073
-0.00954318
-0.00130446
0.0040507
0.00528651
0.00315817
-0.000549248
-0.00411936
-0.00617904
-0.00556113
-0.00192237
0.00377608
0.00878796
0.0102297
0.00672828
-0.000205968
-0.0068656
-0.0098178
-0.00817006
-0.00357011
0.00116715
0.0034328
0.00178506
-0.00315817
-0.00865065
-0.0122208
-0.0132506
-0.012976
-0.0124267
-0.0113969
-0.00954318
-0.00762081
-0.00714022
-0.00906259
-0.0129073
-0.0162715
-0.0166834
-0.0136625
-0.00878796
-0.00384473
0.000755216
0.00549248
0.0104357
0.0145551
0.0168894
0.0170953
0.0148983
0.0100924
0.00329549
-0.0034328
-0.00823872
-0.0107103
-0.0119461
-0.0135252
-0.0159968
-0.0181252
-0.0172326
-0.0112596
-0.00116715
0.00885662
0.0140745
0.0129073
0.00775812
0.00205968
-0.00192237
-0.00418801
-0.00611038
-0.00892528
-0.0124267
-0.0153103
-0.0167521
-0.0170267
-0.0162715
-0.0142804
-0.0111909
-0.00865065
-0.00851334
-0.0111909
-0.0148297
-0.0162715
-0.0136625
-0.00762081
-0.00116715
0.00226565
0.000755216
-0.00480592
-0.0106417
-0.012564
-0.00913124
-0.00322683
0.000755216
0.000549248
-0.00212834
-0.00336414
-0.000411936
0.00611038
0.0122894
0.0138685
0.00926856
0.00102984
-0.00611038
-0.00865065
-0.00617904
-0.00123581
0.00267758
0.00260893
-0.00178506
-0.00817006
-0.0131819
-0.0148983
-0.0138685
-0.0118088
-0.00954318
-0.00659097
-0.00254027
0.0010985
0.00185371
-0.00151043
-0.00796409
-0.014967
-0.0199789
-0.0216953
-0.0202535
-0.0161342
-0.0101611
-0.00357011
0.0017164
0.00391339
0.00192237
-0.00418801
-0.012564
-0.019567
-0.0219699
-0.0187431
-0.0120835
-0.00542382
-0.00205968
-0.00315817
-0.00823872
-0.0152416
-0.0216266
-0.02554
-0.025746
-0.0219013
-0.015173
-0.00878796
-0.00590441
-0.00741484
-0.0107103
-0.0126327
-0.0123581
-0.0115342
-0.0113969
-0.0110536
-0.00954318
-0.00844468
-0.010573
-0.0163401
-0.0220386
-0.0225192
-0.0166834
-0.0081014
-0.00178506
0.000274624
-0.000274624
-0.000961184
-0.000411936
0.000617904
0.000549248
-0.00192237
-0.00659097
-0.0119461
-0.0157909
-0.0168207
-0.0155162
-0.0132506
-0.0109163
-0.00851334
-0.00542382
-0.00185371
0.00102984
0.00116715
-0.00288355
-0.0103671
-0.0182625
-0.0230684
-0.0227938
-0.0177819
-0.0103671
-0.00336414
0.000617904
0.000617904
-0.00199102
-0.00466861
-0.00508054
-0.00315817
-0.000411936
0.00164774
0.00212834
0.00164774
0.000823872
0.000137312
-0.00102984
-0.00363877
-0.00817006
-0.0137312
-0.0178506
-0.0179879
-0.0135939
-0.00638501
0.000480592
0.00480592
0.0057671
0.00350145
-0.00116715
-0.00611038
-0.00899393
-0.008582
-0.00583576
-0.00274624
-0.000617904
-0.000205968
-0.00178506
-0.00494323
-0.00817006
-0.00954318
-0.00796409
-0.00370742
0.00185371
0.00624769
0.00679694
0.00205968
-0.00665963
-0.0157909
-0.021352
-0.021352
-0.0166834
-0.0100924
-0.00384473
0.000823872
0.00370742
0.00391339
0.000549248
-0.00652232
-0.0148297
-0.0207341
-0.0218326
-0.0181252
-0.0115342
-0.00459995
0.000137312
0.00102984
-0.00205968
-0.00727753
-0.0114655
-0.0122894
-0.00974915
-0.00590441
-0.00329549
-0.00336414
-0.0051492
-0.00693425
-0.00789544
-0.00823872
-0.00775812
-0.00549248
-0.00157909
0.0023343
0.00411936
0.00247161
-0.0023343
-0.00871931
-0.0144178
-0.0175759
-0.0187431
-0.0202535
-0.0234117
-0.0270505
-0.0284922
-0.0262952
-0.0216266
-0.0170953
-0.0142118
-0.0120148
-0.00892528
-0.00432533
0.000480592
0.00391339
0.00473726
0.00288355
-0.00137312
-0.00755216
-0.0145551
-0.0206654
-0.0236177
-0.0220386
-0.0166147
-0.0101611
-0.00583576
-0.00528651
-0.00714022
-0.00768947
-0.00459995
0.00137312
0.00665963
0.00837603
0.00597307
0.00116715
-0.00350145
-0.00665963
-0.00789544
-0.00768947
-0.0068656
-0.00569845
-0.00466861
-0.00425667
-0.00446264
-0.00473726
-0.00459995
-0.00439398
-0.00487457
-0.00652232
-0.00892528
-0.0113282
-0.0128387
-0.0129073
-0.0112596
-0.00789544
-0.00384473
-0.00130446
-0.00254027
-0.0074835
-0.0128387
-0.014761
-0.0122208
-0.00782678
-0.00549248
-0.00693425
-0.0112596
-0.0155849
-0.017164
-0.0146237
-0.00899393
-0.00336414
-0.000961184
-0.00329549
-0.00954318
-0.0172326
-0.0231371
-0.0249908
-0.0227251
-0.0180565
-0.012564
-0.00631635
0.000892528
0.00803275
0.0119461
0.00954318
0.000892528
-0.0100238
-0.0170267
-0.0161342
-0.00796409
0.00288355
0.010985
0.0130446
0.00940587
0.00336414
-0.0017164
-0.00439398
-0.00501189
-0.00411936
-0.00226565
-0.000961184
-0.00164774
-0.00425667
-0.00700291
-0.00817006
-0.00789544
-0.00755216
-0.00768947
-0.00782678
-0.00768947
-0.00796409
-0.00995512
-0.0143491
-0.0205281
-0.025952
-0.0273937
-0.0230684
-0.0144864
-0.00521785
0.00144178
0.00350145
0.00068656
-0.0051492
-0.0103671
-0.0113969
-0.00727753
-0.000205968
0.00604173
0.00851334
0.00659097
0.00205968
-0.00185371
-0.00350145
-0.00370742
-0.00398205
-0.00363877
-0.00116715
0.00329549
0.00672828
0.00556113
-0.0010985
-0.0106417
-0.0186058
-0.0209401
-0.0163401
-0.00672828
0.00350145
0.0102297
0.0113282
0.00734619
0.000480592
-0.00624769
-0.0109163
-0.0137312
-0.0157909
-0.0175759
-0.0179879
-0.0158595
-0.0113282
-0.00590441
-0.00123581
0.00151043
0.0017164
-0.000549248
-0.00439398
-0.00851334
-0.0113969
-0.0118088
-0.00954318
-0.00624769
-0.00459995
-0.00700291
-0.01277
-0.0182625
-0.019155
-0.0146924
-0.00844468
-0.00473726
-0.00480592
-0.00652232
-0.00707156
-0.00569845
-0.00357011
-0.00192237
-0.00151043
-0.00315817
-0.00803275
-0.0164774
-0.0261579
-0.0333668
-0.0354951
-0.0328176
-0.0278057
-0.0228624
-0.0186744
-0.0146237
-0.0102984
-0.00597307
-0.00212834
0.00130446
0.00439398
0.00604173
0.00501189
0.000617904
-0.00562979
-0.0106417
-0.0118088
-0.00933721
-0.00604173
-0.0051492
-0.0074835
-0.010985
-0.0131819
-0.0131133
-0.0115342
-0.00974915
-0.0081014
-0.00672828
-0.00556113
-0.00501189
-0.00501189
-0.00549248
-0.00569845
-0.00521785
-0.0040507
-0.00288355
-0.00205968
-0.00164774
-0.00219699
-0.00473726
-0.00933721
-0.0142118
-0.0168207
-0.0161342
-0.0140058
-0.0131819
-0.015173
-0.0194983
-0.0238236
-0.0254027
-0.0227251
-0.0168894
-0.0114655
-0.00940587
-0.0112596
-0.0153103
-0.0192237
-0.0204595
-0.0179192
-0.0123581
-0.00590441
-0.000549248
0.00240296
0.00219699
-0.00151043
-0.00679694
-0.00995512
-0.00796409
-0.00178506
0.00446264
0.00624769
0.00130446
-0.00954318
-0.0228624
-0.0337101
-0.0379668
-0.0337787
-0.023343
-0.0114655
-0.00363877
-0.00274624
-0.00727753
-0.0130446
-0.0161342
-0.0151043
-0.0110536
-0.00707156
-0.00679694
-0.0111909
-0.017164
-0.0192237
-0.0142804
-0.00384473
0.00652232
0.0116029
0.00954318
0.00315817
-0.00308952
-0.00604173
-0.00549248
-0.00288355
0.000961184
0.00542382
0.00926856
0.0102297
0.00679694
-0.000274624
-0.0081014
-0.0129073
-0.0128387
-0.0091999
-0.00562979
-0.00494323
-0.0068656
-0.00892528
-0.00906259
-0.00775812
-0.00679694
-0.00796409
-0.0113282
-0.0153789
-0.016958
-0.0137312
-0.00583576
0.00322683
0.00906259
0.00878796
0.00288355
-0.00556113
-0.0127014
-0.0161342
-0.0158595
-0.0135252
-0.0106417
-0.00865065
-0.00844468
-0.0107103
-0.0148297
-0.0188117
-0.0203908
-0.019155
-0.0165461
-0.0138685
-0.0114655
-0.008582
-0.00556113
-0.00432533
-0.00624769
-0.0102297
-0.0124954
-0.00988646
-0.00281489
0.00459995
0.0081014
0.00597307
0.000274624
-0.0051492
-0.00734619
-0.0057671
-0.00219699
6.8656e-05
-0.00123581
-0.00645366
-0.0133879
-0.0185371
-0.0183998
-0.0123581
-0.0034328
0.00363877
0.00604173
0.00466861
0.00205968
-0.00102984
-0.00521785
-0.010779
-0.0156536
-0.0170953
-0.0144178
-0.00961184
-0.00549248
-0.00336414
-0.00219699
-0.000823872
0.000892528
0.00199102
0.000961184
-0.00329549
-0.0105044
-0.0179192
-0.021352
-0.0177819
-0.00803275
0.00315817
0.0100238
0.00954318
0.00288355
-0.00611038
-0.0133879
-0.0164088
-0.0150357
-0.0102297
-0.00418801
0.00034328
0.00151043
-0.000411936
-0.00425667
-0.00926856
-0.014967
-0.0198416
-0.0217639
-0.019155
-0.0131819
-0.0068656
-0.00329549
-0.0034328
-0.00631635
-0.00933721
-0.00968049
-0.00659097
-0.00226565
-0.000137312
-0.00151043
-0.00466861
-0.0068656
-0.00707156
-0.00597307
-0.00487457
-0.00453129
-0.00521785
-0.00679694
-0.00954318
-0.0136625
-0.0185371
-0.0221759
-0.0220386
-0.0174386
-0.0111909
-0.0074835
-0.00865065
-0.0133193
-0.0176446
-0.0183998
-0.0152416
-0.010573
-0.00755216
-0.00762081
-0.0100238
-0.0122208
-0.0117402
-0.00741484
-0.000755216
0.00459995
0.00521785
0.000617904
-0.00693425
-0.0140745
-0.0184685
-0.0192237
-0.0168894
-0.01277
-0.00926856
-0.00837603
-0.010985
-0.0162715
-0.0223818
-0.0266385
-0.0273251
-0.0245788
-0.0203908
-0.0170953
-0.0156536
-0.0148297
-0.0122894
-0.00583576
0.00459995
0.0157909
0.0225192
0.0207341
0.0113969
-0.000274624
-0.00844468
-0.0105044
-0.00782678
-0.0034328
-6.8656e-05
0.00102984
0
-0.00254027
-0.00508054
-0.0057671
-0.00398205
-0.00137312
-0.000411936
-0.00157909
-0.00336414
-0.00398205
-0.00370742
-0.00384473
-0.00466861
-0.00508054
-0.00391339
-0.0017164
-0.000755216
-0.00302086
-0.00851334
-0.0138685
-0.014967
-0.010573
-0.00363877
0.00164774
0.00267758
-6.8656e-05
-0.00411936
-0.00734619
-0.00878796
-0.00865065
-0.0068656
-0.00357011
-0.000411936
0
-0.00370742
-0.00988646
-0.014967
-0.0165461
-0.0148983
-0.0124267
-0.0116715
-0.0133193
-0.0156536
-0.0158595
-0.0118775
-0.00459995
0.00212834
0.00466861
0.00199102
-0.00350145
-0.00789544
-0.00926856
-0.00885662
-0.00926856
-0.0119461
-0.0154476
-0.0172326
-0.0162028
-0.0130446
-0.00913124
-0.0057671
-0.00446264
-0.00638501
-0.0107103
-0.014761
-0.0155849
-0.012564
-0.00734619
-0.00274624
-0.00068656
-0.000549248
-6.8656e-05
0.00226565
0.00508054
0.00597307
0.00384473
-0.000205968
-0.00432533
-0.00768947
-0.0102984
-0.0123581
-0.0130446
-0.0111223
-0.00611038
0.00068656
0.00672828
0.00947452
0.00803275
0.00329549
-0.00308952
-0.00940587
-0.0142804
-0.0163401
-0.014967
-0.010985
-0.00604173
-0.00199102
-6.8656e-05
-0.00068656
-0.00288355
-0.00521785
-0.00665963
-0.0074835
-0.00871931
-0.010985
-0.0133879
-0.0140058
-0.0109163
-0.00501189
0.000411936
0.00192237
-0.00102984
-0.00569845
-0.00892528
-0.00974915
-0.00947452
-0.00954318
-0.00974915
-0.00933721
-0.00796409
-0.0068656
-0.00782678
-0.0111909
-0.0154476
-0.0181252
-0.0181938
-0.0168207
-0.0155162
-0.0142118
-0.0115342
-0.00679694
-0.00137312
0.00212834
0.00219699
0.000205968
-0.00144178
-0.00151043
-0.00151043
-0.00329549
-0.00597307
-0.00665963
-0.00350145
0.0023343
0.00768947
0.00995512
0.00844468
0.00459995
0.000480592
-0.00274624
-0.00508054
-0.00665963
-0.00693425
-0.00611038
-0.0057671
-0.00789544
-0.0124267
-0.0164088
-0.0166834
-0.0128387
-0.00755216
-0.00411936
-0.0040507
-0.00617904
-0.00782678
-0.0068656
-0.00329549
0.000892528
0.00357011
0.00357011
0.000549248
-0.00494323
-0.0110536
-0.0155849
-0.0168207
-0.0151043
-0.0116715
-0.00817006
-0.00562979
-0.00439398
-0.00411936
-0.00466861
-0.00549248
-0.00556113
-0.00357011
0.00068656
0.00494323
0.00604173
0.00295221
-0.00205968
-0.00528651
-0.00501189
-0.00219699
0.000755216
0.00192237
0.000755216
-0.00199102
-0.00528651
-0.00755216
-0.00775812
-0.00528651
-0.0010985
0.00315817
0.0057671
0.00583576
0.00267758
-0.00384473
-0.0121521
-0.0186744
-0.019567
-0.0146924
-0.00755216
-0.00247161
-0.00123581
-0.00274624
-0.00508054
-0.00604173
-0.00398205
0.000205968
0.00329549
0.00219699
-0.00192237
-0.00494323
-0.00336414
0.0023343
0.00830737
0.00995512
0.00556113
-0.00240296
-0.00947452
-0.0124267
-0.0113282
-0.00871931
-0.00679694
-0.00645366
-0.00762081
-0.0103671
-0.0150357
-0.0207341
-0.0246475
-0.0242356
-0.019361
-0.0135939
-0.0103671
-0.0102984
-0.010573
-0.00865065
-0.00542382
-0.00466861
-0.00926856
-0.0175073
-0.0238923
-0.0229311
-0.0141431
-0.00212834
0.00617904
0.00624769
-0.0017164
-0.0137998
-0.0249908
-0.0315817
-0.0321996
-0.0274624
-0.0190864
-0.00899393
0.000205968
0.00562979
0.00562979
0.000892528
-0.00556113
-0.0103671
-0.0118775
-0.0106417
-0.00830737
-0.00597307
-0.00370742
-0.00178506
-0.00123581
-0.00357011
-0.00823872
-0.0123581
-0.0124267
-0.00823872
-0.00315817
-0.00144178
-0.00494323
-0.0116715
-0.0179192
-0.0205281
-0.0192237
-0.0161342
-0.0140745
-0.0137312
-0.0135939
-0.0116715
-0.00796409
-0.00466861
-0.00439398
-0.00741484
-0.0108476
-0.0109163
-0.00631635
-0.000274624
0.00199102
-0.00151043
-0.00782678
-0.0120835
-0.0120835
-0.00968049
-0.00830737
-0.00926856
-0.0108476
-0.0098178
-0.00453129
0.00308952
0.00954318
0.0120148
0.00947452
0.00164774
-0.0101611
-0.0221759
-0.0290415
-0.0271191
-0.0174386
-0.00480592
0.00480592
0.00789544
0.00494323
-0.000549248
-0.00501189
-0.00762081
-0.00968049
-0.0126327
-0.0162028
-0.0182625
-0.0168894
-0.0119461
-0.00535517
-0.000480592
6.8656e-05
-0.00357011
-0.00892528
-0.0130446
-0.0144178
-0.0134566
-0.0119461
-0.0110536
-0.0109163
-0.0108476
-0.0103671
-0.00926856
-0.0074835
-0.00528651
-0.00315817
-0.00212834
-0.00329549
-0.00665963
-0.0109163
-0.0140058
-0.0142804
-0.0108476
-0.00446264
0.00254027
0.00652232
0.00501189
-0.00205968
-0.0118088
-0.0204595
-0.0251281
-0.0251967
-0.0214893
-0.0155162
-0.00837603
-0.0010985
0.00473726
0.00707156
0.00446264
-0.00219699
-0.0102297
-0.0160655
-0.0176446
-0.0153103
-0.0111909
-0.00789544
-0.00714022
-0.00926856
-0.0133879
-0.017164
-0.0179879
-0.015173
-0.0101611
-0.00562979
-0.00384473
-0.00624769
-0.0124267
-0.0190177
-0.0204595
-0.0128387
0.00102984
0.0128387
0.0144864
0.00466861
-0.0102297
-0.0216953
-0.0243042
-0.0180565
-0.00789544
-0.000480592
-0.000205968
-0.00679694
-0.0155849
-0.0207341
-0.0194296
-0.0143491
-0.0107103
-0.0116029
-0.0151043
-0.0165461
-0.0131819
-0.00611038
0.000617904
0.00288355
-0.0010985
-0.00926856
-0.0172326
-0.0205281
-0.0173013
-0.00940587
-0.00123581
0.00247161
-0.000205968
-0.00707156
-0.0132506
-0.0155162
-0.0144864
-0.0137312
-0.0151043
-0.0165461
-0.0148297
-0.00892528
-0.00157909
0.00336414
0.00336414
-0.00144178
-0.008582
-0.0148983
-0.0186058
-0.019567
-0.0188117
-0.0170953
-0.0142804
-0.0100238
-0.00501189
-0.00164774
-0.00178506
-0.00494323
-0.00830737
-0.00926856
-0.00851334
-0.00837603
-0.0100238
-0.0120148
-0.0120148
-0.00940587
-0.00604173
-0.00425667
-0.00590441
-0.010985
-0.0170267
-0.0199789
-0.0173013
-0.0101611
-0.00308952
-6.8656e-05
-0.00247161
-0.00837603
-0.0146924
-0.0192923
-0.021352
-0.021146
-0.0188804
-0.0144864
-0.00789544
-0.00068656
0.00432533
0.00377608
-0.00336414
-0.0148297
-0.0256087
-0.0306892
-0.0281489
-0.0199102
-0.0102297
-0.00322683
-0.00068656
-0.00192237
-0.00542382
-0.00995512
-0.0145551
-0.0180565
-0.019155
-0.0167521
-0.0111909
-0.00439398
0.00102984
0.00308952
0.00205968
0
-0.00151043
-0.00247161
-0.00411936
