LECROYHDO9204-MSöv,30454,Waveform
Segments,1,SegmentSize,2002
Ampl
0.00556113
0.0068656
0.00425667
-0.000274624
-0.00418801
-0.00645366
-0.00837603
-0.0107103
-0.0124954
-0.0122208
-0.0102297
-0.00844468
-0.00899393
-0.0122894
-0.016958
-0.0210087
-0.0225192
-0.0206654
-0.015173
-0.00700291
0.00164774
0.00768947
0.00913124
0.00624769
0.000961184
-0.00494323
-0.0101611
-0.0137312
-0.0146237
-0.012564
-0.008582
-0.00487457
-0.00350145
-0.00521785
-0.00837603
-0.0103671
-0.0100924
-0.0091999
-0.0100238
-0.0135252
-0.0175759
-0.019155
-0.0167521
-0.0120148
-0.00803275
-0.0068656
-0.00830737
-0.0104357
-0.0112596
-0.00968049
-0.00645366
-0.00288355
-0.000411936
0.000411936
0.000137312
-0.000549248
-0.0010985
-0.00151043
-0.00274624
-0.00569845
-0.00988646
-0.0135252
-0.0150357
-0.0146237
-0.0142118
-0.0151043
-0.0167521
-0.0173013
-0.0154476
-0.0120148
-0.00885662
-0.00679694
-0.00556113
-0.00432533
-0.00274624
-0.00116715
-0.00151043
-0.00562979
-0.0130446
-0.0201849
-0.0223818
-0.0179192
-0.00906259
-0.000137312
0.00508054
0.00425667
-0.00260893
-0.0124267
-0.0202535
-0.0221072
-0.0178506
-0.0114655
-0.00762081
-0.00796409
-0.0108476
-0.0131133
-0.0131133
-0.0115342
-0.00974915
-0.008582
-0.00782678
-0.00796409
-0.00968049
-0.0131133
-0.0167521
-0.0194983
-0.0216266
-0.0249221
-0.0305519
-0.0374175
-0.0424294
-0.0424294
-0.036113
-0.0249908
-0.0118088
0.000411936
0.00693425
-0.00199102
-0.0416055
-0.129348
-0.275036
-0.469538
-0.68244
-0.872274
-1.00643
-1.07584
-1.09561
-1.09218
-1.0884
-1.09589
-1.11587
-1.14305
-1.16935
-1.18672
-1.19043
-1.18157
-1.16619
-1.15198
-1.14401
-1.14326
-1.14738
-1.1526
-1.15582
-1.15486
-1.14903
-1.13962
-1.12946
-1.1204
-1.11147
-1.09966
-1.08387
-1.06719
-1.0551
-1.05126
-1.05449
-1.05991
-1.06355
-1.06492
-1.06657
-1.07069
-1.0779
-1.08813
-1.10042
-1.11243
-1.11998
-1.12067
-1.11669
-1.11381
-1.11621
-1.12314
-1.13035
-1.13447
-1.13543
-1.13481
-1.13385
-1.13317
-1.13344
-1.13578
-1.1399
-1.1434
-1.14244
-1.13495
-1.12266
-1.10969
-1.10042
-1.09699
-1.09911
-1.10385
-1.10728
-1.10721
-1.10509
-1.10433
-1.10667
-1.1101
-1.11161
-1.10996
-1.10701
-1.10564
-1.10701
-1.10989
-1.11188
-1.1114
-1.10838
-1.10419
-1.10097
-1.10076
-1.10433
-1.1103
-1.11662
-1.12184
-1.12616
-1.1307
-1.13619
-1.1425
-1.14745
-1.14731
-1.13859
-1.12047
-1.09444
-1.06183
-1.02208
-0.974571
-0.920745
-0.864447
-0.808973
-0.755834
-0.704959
-0.655527
-0.606438
-0.556663
-0.505789
-0.454228
-0.403217
-0.354539
-0.309432
-0.26769
-0.228624
-0.192031
-0.1599
-0.135527
-0.120972
-0.114587
-0.111291
-0.105662
-0.095981
-0.0849274
-0.0771007
-0.0751096
-0.0775126
-0.0801215
-0.0793663
-0.0743544
-0.0670082
-0.0604173
-0.0560919
-0.0534143
-0.0509427
-0.0481278
-0.0459308
-0.0451756
-0.0461368
-0.0482651
-0.0503248
-0.0508741
-0.0487457
-0.0442144
-0.0391339
-0.036319
-0.0374862
-0.0414682
-0.0453816
-0.0471667
-0.0465487
-0.044695
-0.042498
-0.040507
-0.0394085
-0.0393399
-0.0393399
-0.0371429
-0.0313758
-0.0232744
-0.0162715
-0.0137998
-0.0166834
-0.0221759
-0.0261579
-0.0261579
-0.0238923
-0.0225878
-0.0239609
-0.025746
-0.0243729
-0.0185371
-0.0114655
-0.00775812
-0.00906259
-0.0132506
-0.0168207
-0.0180565
-0.0168207
-0.0140745
-0.0105044
-0.00720888
-0.00535517
-0.00542382
-0.00665963
-0.00734619
-0.00659097
-0.00508054
-0.00521785
-0.00837603
-0.0135939
-0.0186058
-0.021146
-0.0203908
-0.017164
-0.0134566
-0.010985
-0.0101611
-0.0102297
-0.0103671
-0.0106417
-0.0112596
-0.0121521
-0.0134566
-0.0157222
-0.0192237
-0.0234117
-0.0263639
-0.025952
-0.0212834
-0.0132506
-0.00453129
0.00192237
0.0040507
0.00199102
-0.00274624
-0.00844468
-0.0136625
-0.0175759
-0.0201849
-0.0222445
-0.0242356
-0.0258146
-0.0262952
-0.0256773
-0.0244415
-0.0229311
-0.0210774
-0.0190177
-0.0165461
-0.0131819
-0.00906259
-0.00487457
-0.00157909
-0.000411936
-0.00205968
-0.00672828
-0.01277
-0.0173013
-0.0175759
-0.012976
-0.00590441
-0.000549248
-0.000755216
-0.00693425
-0.0157222
-0.021558
-0.0208714
-0.0144864
-0.00679694
-0.00295221
-0.00528651
-0.0115342
-0.0176446
-0.0205281
-0.0198416
-0.0164088
-0.0113282
-0.00562979
-0.00102984
0.000755216
-0.000205968
-0.0023343
-0.00411936
-0.00487457
-0.00521785
-0.00624769
-0.00885662
-0.012976
-0.017164
-0.0197729
-0.0196356
-0.0170267
-0.0137998
-0.0122894
-0.0133193
-0.015173
-0.0152416
-0.0130446
-0.0107103
-0.0106417
-0.0135252
-0.0177132
-0.021352
-0.0227251
-0.0210087
-0.0167521
-0.0119461
-0.00830737
-0.00562979
-0.00205968
0.00281489
0.00720888
0.008582
0.00562979
-0.00102984
-0.00954318
-0.0177132
-0.0229311
-0.0231371
-0.0177819
-0.00947452
-0.00274624
-0.00102984
-0.00329549
-0.00480592
-0.00144178
0.0057671
0.0115342
0.0112596
0.00501189
-0.00322683
-0.0091999
-0.0112596
-0.0102984
-0.00837603
-0.00755216
-0.00892528
-0.0116029
-0.0128387
-0.0102984
-0.00473726
0.000549248
0.00205968
-0.00068656
-0.00473726
-0.00659097
-0.00480592
-0.00123581
0.0010985
-6.8656e-05
-0.00446264
-0.00995512
-0.0143491
-0.0166147
-0.0168894
-0.014761
-0.0098178
-0.00260893
0.00473726
0.00961184
0.010779
0.00851334
0.00432533
0.00034328
-0.00219699
-0.0034328
-0.00542382
-0.00954318
-0.0153103
-0.0201849
-0.0217639
-0.0194296
-0.0144864
-0.00892528
-0.00425667
-0.00116715
0.000205968
0
-0.000755216
-0.00116715
-0.00130446
-0.00151043
-0.0023343
-0.00391339
-0.00652232
-0.0098178
-0.01277
-0.0137998
-0.0124267
-0.00933721
-0.00624769
-0.00459995
-0.00439398
-0.00487457
-0.00556113
-0.00659097
-0.00762081
-0.00734619
-0.00569845
-0.00480592
-0.00659097
-0.00974915
-0.0108476
-0.00823872
-0.00377608
-0.000823872
-0.0010985
-0.00350145
-0.00521785
-0.00487457
-0.00322683
-0.0023343
-0.00322683
-0.00569845
-0.00865065
-0.0108476
-0.0109163
-0.00892528
-0.00645366
-0.0057671
-0.0074835
-0.0107103
-0.0140745
-0.0167521
-0.0183311
-0.0182625
-0.0158595
-0.010779
-0.00453129
0.000617904
0.00240296
0.000617904
-0.00295221
-0.00542382
-0.00528651
-0.00329549
-0.0017164
-0.00226565
-0.0051492
-0.00913124
-0.0124954
-0.0136625
-0.0120148
-0.00851334
-0.00446264
-0.00123581
0.000617904
0.000617904
-0.00130446
-0.00439398
-0.00734619
-0.0091999
-0.00961184
-0.00926856
-0.00954318
-0.0111223
-0.0131819
-0.0137998
-0.0114655
-0.00645366
-0.00130446
0.00102984
-0.00034328
-0.00398205
-0.0074835
-0.00961184
-0.0103671
-0.0101611
-0.0081014
-0.00384473
0.000274624
-0.000205968
-0.00755216
-0.0180565
-0.0251281
-0.0245102
-0.017164
-0.00741484
0.00034328
0.00363877
0.00185371
-0.00432533
-0.0121521
-0.0173013
-0.0158595
-0.00789544
0.00240296
0.00926856
0.00974915
0.00501189
-0.000892528
-0.00350145
-0.0010985
0.00439398
0.00871931
0.008582
0.00350145
-0.00432533
-0.0120835
-0.0183998
-0.0225192
-0.023549
-0.0206654
-0.0146237
-0.00803275
-0.00398205
-0.00357011
-0.00508054
-0.00590441
-0.00453129
-0.0017164
0.000411936
0.000205968
-0.00199102
-0.00411936
-0.00459995
-0.00363877
-0.00281489
-0.00329549
-0.00521785
-0.00762081
-0.0098178
-0.0110536
-0.010779
-0.0091999
-0.00720888
-0.00583576
-0.00508054
-0.00459995
-0.00473726
-0.00679694
-0.0113969
-0.0164774
-0.0183998
-0.0148297
-0.00714022
0.00068656
0.00494323
0.00411936
-0.00068656
-0.00693425
-0.0118775
-0.0137998
-0.0122208
-0.00823872
-0.00370742
6.8656e-05
0.00315817
0.00679694
0.0115342
0.0157909
0.01737
0.0156536
0.0120148
0.00803275
0.00411936
-0.000205968
-0.00494323
-0.00906259
-0.0112596
-0.0111223
-0.00961184
-0.00844468
-0.00961184
-0.0134566
-0.0182625
-0.0210774
-0.0198416
-0.0152416
-0.00968049
-0.00569845
-0.00377608
-0.00302086
-0.00267758
-0.00281489
-0.0040507
-0.00679694
-0.0102984
-0.0131819
-0.0137998
-0.0122208
-0.010573
-0.0114655
-0.0148297
-0.0175073
-0.0160655
-0.010573
-0.00453129
-0.00192237
-0.0040507
-0.00871931
-0.0120835
-0.0116029
-0.00755216
-0.00260893
0.000617904
0.00144178
0.000755216
-0.000892528
-0.00350145
-0.00727753
-0.0115342
-0.0142804
-0.0136625
-0.00988646
-0.00528651
-0.00260893
-0.00274624
-0.00528651
-0.00899393
-0.012976
-0.0165461
-0.0197729
-0.0232744
-0.0272564
-0.03014
-0.0300027
-0.0260893
-0.0197729
-0.0128387
-0.00665963
-0.0017164
0.00157909
0.00308952
0.00288355
0.0017164
0.000480592
0
0.000617904
0.00247161
0.00466861
0.00617904
0.00611038
0.00480592
0.00260893
-0.000549248
-0.00480592
-0.00961184
-0.0136625
-0.0155849
-0.0151043
-0.0129073
-0.0101611
-0.00768947
-0.00611038
-0.00617904
-0.00817006
-0.0106417
-0.0109163
-0.00727753
-0.00137312
0.00322683
0.00350145
-0.000205968
-0.00508054
-0.00837603
-0.00899393
-0.00714022
-0.00377608
6.8656e-05
0.00377608
0.00617904
0.00652232
0.00473726
0.00192237
-0.000549248
-0.00164774
-0.00144178
-0.000617904
6.8656e-05
0.000274624
0.000274624
0.00068656
0.00185371
0.00288355
0.00260893
0.000205968
-0.00377608
-0.00817006
-0.0121521
-0.014761
-0.0146237
-0.0108476
-0.00459995
0.00151043
0.00521785
0.00631635
0.00659097
0.00782678
0.0106417
0.0137312
0.0154476
0.0153103
0.0142804
0.0133193
0.0123581
0.010573
0.00775812
0.0040507
-0.000480592
-0.00549248
-0.00926856
-0.00954318
-0.00597307
-0.000892528
0.00308952
0.00535517
0.00734619
0.00988646
0.0119461
0.0116029
0.00817006
0.00295221
-0.00274624
-0.00851334
-0.0143491
-0.018949
-0.0199789
-0.0161342
-0.00865065
-0.000617904
0.00562979
0.00940587
0.0118088
0.0139372
0.0153789
0.0144864
0.0098178
0.00185371
-0.00679694
-0.0131133
-0.0157909
-0.0155849
-0.0138685
-0.0116715
-0.00906259
-0.00611038
-0.00363877
-0.00308952
-0.0051492
-0.00885662
-0.0123581
-0.0144178
-0.0148983
-0.0141431
-0.0131133
-0.0129073
-0.0139372
-0.0156536
-0.0168207
-0.0164088
-0.0142118
-0.0105044
-0.00631635
-0.00315817
-0.00240296
-0.00466861
-0.0091999
-0.0143491
-0.0183311
-0.0203222
-0.0208028
-0.0202535
-0.0186058
-0.0155162
-0.0118775
-0.00954318
-0.00961184
-0.0115342
-0.0139372
-0.0162715
-0.0181938
-0.0190864
-0.0185371
-0.0168894
-0.014761
-0.0123581
-0.0098178
-0.00796409
-0.00817006
-0.010985
-0.0152416
-0.0188117
-0.0203908
-0.0203222
-0.0198416
-0.018949
-0.0164774
-0.0115342
-0.00501189
0.000205968
0.00157909
-0.00130446
-0.00659097
-0.0116715
-0.0148983
-0.0158595
-0.015173
-0.0134566
-0.0114655
-0.0102297
-0.0108476
-0.0131819
-0.0156536
-0.0159282
-0.0129073
-0.00803275
-0.00363877
-0.00178506
-0.00302086
-0.00659097
-0.0105044
-0.0133193
-0.0145551
-0.0144864
-0.0129073
-0.00974915
-0.00611038
-0.00391339
-0.00453129
-0.00693425
-0.00892528
-0.00947452
-0.00933721
-0.00974915
-0.0112596
-0.0133193
-0.0145551
-0.0132506
-0.00885662
-0.00322683
0.000549248
6.8656e-05
-0.00391339
-0.00830737
-0.00995512
-0.0074835
-0.00212834
0.00267758
0.00411936
0.00144178
-0.00391339
-0.00933721
-0.0120835
-0.010573
-0.00556113
-0.000480592
0.00102984
-0.00157909
-0.00549248
-0.00775812
-0.00782678
-0.00707156
-0.00659097
-0.00679694
-0.00741484
-0.00789544
-0.00700291
-0.00315817
0.00418801
0.0126327
0.0175073
0.0151043
0.00652232
-0.00315817
-0.00844468
-0.00762081
-0.00322683
0.000823872
0.00157909
-0.00144178
-0.00679694
-0.0115342
-0.0129073
-0.0100924
-0.00425667
0.0017164
0.00494323
0.00370742
-0.00164774
-0.00933721
-0.0167521
-0.0210774
-0.021146
-0.0183998
-0.0159968
-0.0156536
-0.0157909
-0.0139372
-0.00968049
-0.00597307
-0.00583576
-0.00878796
-0.0113969
-0.0104357
-0.00521785
0.00205968
0.00775812
0.00899393
0.0057671
0.000480592
-0.00391339
-0.00617904
-0.00652232
-0.00556113
-0.00363877
-0.00157909
-0.00034328
-0.000892528
-0.00363877
-0.00789544
-0.0124954
-0.0164774
-0.0188804
-0.0190177
-0.0164088
-0.0112596
-0.00494323
0.000480592
0.00350145
0.00384473
0.00212834
-0.00068656
-0.00411936
-0.00762081
-0.00988646
-0.00940587
-0.00611038
-0.00254027
-0.00212834
-0.00638501
-0.0131133
-0.0179879
-0.0183311
-0.0150357
-0.0108476
-0.00789544
-0.00659097
-0.00652232
-0.00775812
-0.00988646
-0.0123581
-0.0143491
-0.0148983
-0.01277
-0.00768947
-0.00199102
0.00068656
-0.00212834
-0.00885662
-0.0152416
-0.0176446
-0.0153789
-0.010779
-0.00652232
-0.00439398
-0.00494323
-0.00817006
-0.0136625
-0.0199102
-0.0245788
-0.025746
-0.0231371
-0.0182625
-0.012976
-0.00865065
-0.00597307
-0.00528651
-0.00659097
-0.00871931
-0.0098178
-0.00899393
-0.00693425
-0.00583576
-0.00755216
-0.0116715
-0.0157222
-0.0167521
-0.0137998
-0.00837603
-0.00350145
-0.00151043
-0.00274624
-0.00508054
-0.00549248
-0.00295221
0.000411936
0.00178506
0.000549248
-0.000892528
-0.00034328
0.00205968
0.00370742
0.00267758
-0.000961184
-0.00487457
-0.00679694
-0.00569845
-0.00281489
-0.000617904
-0.00130446
-0.00528651
-0.010985
-0.0159282
-0.018949
-0.0208028
-0.0223818
-0.0231371
-0.0219013
-0.0183311
-0.0144178
-0.0129073
-0.0146924
-0.0181938
-0.0210087
-0.0217639
-0.0203908
-0.0178506
-0.014967
-0.0116715
-0.00707156
-0.00123581
0.00425667
0.00755216
0.00803275
0.00617904
0.00212834
-0.00329549
-0.00851334
-0.0115342
-0.0121521
-0.0119461
-0.0122208
-0.0127014
-0.0120835
-0.0098178
-0.00679694
-0.00384473
-0.00144178
0.00034328
0.000892528
-0.000961184
-0.00562979
-0.0120835
-0.0181252
-0.0217639
-0.0224505
-0.0206654
-0.016958
-0.0112596
-0.00411936
0.00226565
0.00487457
0.0023343
-0.00384473
-0.00947452
-0.0108476
-0.00720888
-0.00123581
0.00267758
0.00151043
-0.0040507
-0.0104357
-0.0137998
-0.0131133
-0.0105044
-0.00954318
-0.0114655
-0.0139372
-0.0136625
-0.00940587
-0.00315817
0.0017164
0.00315817
0.00192237
0.000480592
0.000411936
0.0010985
-6.8656e-05
-0.00494323
-0.012976
-0.0212834
-0.0261579
-0.0252654
-0.0190177
-0.0102984
-0.00350145
-0.00185371
-0.00501189
-0.00933721
-0.0106417
-0.00755216
-0.00274624
-0.00034328
-0.00288355
-0.00933721
-0.0165461
-0.0214207
-0.023343
-0.0230684
-0.0214207
-0.0183998
-0.0137998
-0.00796409
-0.00240296
0.00144178
0.00308952
0.00295221
0.0017164
6.8656e-05
-0.00212834
-0.00480592
-0.00741484
-0.00865065
-0.00796409
-0.0057671
-0.00377608
-0.00370742
-0.00611038
-0.0100924
-0.0140745
-0.0170267
-0.019155
-0.0208028
-0.0210774
-0.0178506
-0.0107103
-0.00192237
0.00425667
0.00446264
-0.00226565
-0.0133193
-0.0232744
-0.0265012
-0.0208714
-0.00954318
0.00130446
0.00617904
0.00329549
-0.00521785
-0.0148297
-0.0217639
-0.0248535
-0.0250594
-0.0231371
-0.0185371
-0.0105044
0.00068656
0.0126327
0.0208028
0.0208028
0.0116715
-0.00247161
-0.0139372
-0.0165461
-0.00995512
0.000617904
0.00830737
0.0098178
0.00659097
0.00274624
0.000892528
0.000823872
0.000755216
-0.000480592
-0.00302086
-0.00652232
-0.0100924
-0.0121521
-0.0113969
-0.00823872
-0.00466861
-0.00254027
-0.00254027
-0.00432533
-0.00727753
-0.0104357
-0.0120835
-0.0109163
-0.00700291
-0.00212834
0.000755216
-0.000961184
-0.00734619
-0.0159282
-0.0229311
-0.02554
-0.0227251
-0.0159968
-0.00830737
-0.00260893
-0.00034328
-0.00144178
-0.00528651
-0.0111909
-0.0179879
-0.0238923
-0.0270505
-0.0264325
-0.0216953
-0.0142118
-0.00645366
-0.00130446
6.8656e-05
-0.000892528
-0.00185371
-0.00144178
-0.000205968
0.000137312
-0.00192237
-0.0057671
-0.00878796
-0.00823872
-0.00439398
-0.000205968
0.00102984
-0.000892528
-0.00398205
-0.00556113
-0.00432533
-0.000480592
0.00459995
0.0091999
0.0116715
0.0114655
0.00871931
0.00480592
0.00102984
-0.00199102
-0.00487457
-0.00885662
-0.0143491
-0.0205968
-0.0254714
-0.0271878
-0.0253341
-0.0207341
-0.0151043
-0.0100238
-0.00659097
-0.00521785
-0.00569845
-0.00762081
-0.0104357
-0.0134566
-0.0161342
-0.0176446
-0.0176446
-0.0164088
-0.015173
-0.0155849
-0.0170267
-0.016958
-0.0130446
-0.00652232
-0.00144178
-0.00116715
-0.00562979
-0.0119461
-0.0168894
-0.0184685
-0.0166834
-0.0133879
-0.010985
-0.0115342
-0.0153789
-0.021352
-0.0265699
-0.0278743
-0.0229997
-0.01277
-0.000755216
0.00899393
0.0138685
0.0129073
0.00707156
-0.0010985
-0.00817006
-0.0114655
-0.0100238
-0.0051492
-0.000480592
6.8656e-05
-0.00459995
-0.0113282
-0.0157222
-0.0162715
-0.014967
-0.0139372
-0.0132506
-0.0116715
-0.00837603
-0.00363877
0.00144178
0.00556113
0.0074835
0.00672828
0.00384473
0.000411936
-0.00226565
-0.00370742
-0.00480592
-0.00768947
-0.0132506
-0.0205281
-0.0265699
-0.0292474
-0.0282176
-0.0240296
-0.0177132
-0.0100924
-0.00308952
0.00130446
0.00192237
-0.00034328
-0.00288355
-0.00363877
-0.00322683
-0.00432533
-0.00892528
-0.0155849
-0.0199789
-0.0183311
-0.010985
-0.00226565
0.00302086
0.00281489
-0.00102984
-0.00466861
-0.00556113
-0.00370742
-0.00144178
-0.000892528
-0.00281489
-0.00583576
-0.00817006
-0.00878796
-0.00844468
-0.00878796
-0.0104357
-0.0120148
-0.0110536
-0.00720888
-0.00288355
-0.000961184
-0.00260893
-0.00583576
-0.00823872
-0.00913124
-0.00995512
-0.0122208
-0.014967
-0.0163401
-0.0153103
-0.0131819
-0.0111223
-0.00878796
-0.00521785
-0.000961184
0.0023343
0.00363877
0.00336414
0.00212834
-0.000137312
-0.00357011
-0.0074835
-0.0100238
-0.00947452
-0.00528651
0.00068656
0.00535517
0.00590441
0.00144178
-0.00638501
-0.014967
-0.0219013
-0.025746
-0.0266385
-0.025952
-0.0256087
-0.0264325
-0.027531
-0.0262266
-0.0201849
-0.0100238
6.8656e-05
0.00480592
0.00192237
-0.00590441
-0.0128387
-0.014761
-0.0116029
-0.00679694
-0.0040507
-0.00508054
-0.00865065
-0.0117402
-0.0117402
-0.00796409
-0.00192237
0.00418801
0.0081014
0.0081014
0.00418801
-0.00212834
-0.00851334
-0.0136625
-0.0164088
-0.0155849
-0.0103671
-0.00199102
0.00549248
0.00762081
0.00247161
-0.0081014
-0.0190864
-0.0247848
-0.0225192
-0.0143491
-0.00535517
0.000480592
0.00205968
0.000411936
-0.00274624
-0.00597307
-0.00817006
-0.008582
-0.00762081
-0.00624769
-0.00521785
-0.00473726
-0.00398205
-0.00219699
0.000137312
0.000823872
-0.00178506
-0.00693425
-0.0120835
-0.0148297
-0.014761
-0.0122208
-0.00844468
-0.00473726
-0.0023343
-0.00144178
-0.0010985
-0.000480592
0.000411936
0.00034328
-0.0023343
-0.00817006
-0.0154476
-0.0203908
-0.0197043
-0.0133193
-0.00432533
0.00260893
0.00473726
0.00219699
-0.0023343
-0.00590441
-0.00741484
-0.0081014
-0.0091999
-0.0106417
-0.0112596
-0.0107103
-0.0101611
-0.0110536
-0.0133193
-0.0152416
-0.0150357
-0.0119461
-0.00700291
-0.00212834
0.00068656
0.00034328
-0.00288355
-0.00782678
-0.0124954
-0.0152416
-0.0157222
-0.0153103
-0.0158595
-0.0175759
-0.0188117
-0.0174386
-0.0131819
-0.00789544
-0.0040507
-0.00260893
-0.00247161
-0.00151043
0.00102984
0.00398205
0.00549248
0.00439398
0.0010985
-0.00370742
-0.00899393
-0.0136625
-0.0161342
-0.0155849
-0.0127014
-0.00933721
-0.00720888
-0.00659097
-0.00645366
-0.0057671
-0.00473726
-0.00480592
-0.00693425
-0.0108476
-0.0153103
-0.0194296
-0.0227251
-0.0243042
-0.0236177
-0.0205968
-0.0160655
-0.0111909
-0.00652232
-0.00205968
0.0017164
0.0034328
0.00247161
-6.8656e-05
-0.00219699
-0.00336414
-0.00473726
-0.00714022
-0.00974915
-0.0102984
-0.00741484
-0.00185371
0.00363877
0.00631635
0.00425667
-0.00185371
-0.00885662
-0.0127014
-0.0116715
-0.00755216
-0.00425667
-0.00453129
-0.00830737
-0.0131133
-0.0161342
-0.0155162
-0.0118088
-0.00714022
-0.00446264
-0.00597307
-0.0118775
-0.0196356
-0.0243729
-0.0227251
-0.0157909
-0.00878796
-0.00638501
-0.00885662
-0.012976
-0.0153789
-0.014967
-0.0131819
-0.0118775
-0.0116715
-0.0111909
-0.00913124
-0.00597307
-0.00384473
-0.00466861
-0.00817006
-0.0120835
-0.0139372
-0.0128387
-0.00913124
-0.00453129
-0.00151043
-0.0017164
-0.00480592
-0.00823872
-0.00913124
-0.00665963
-0.00322683
-0.00260893
-0.00652232
-0.0122894
-0.0153103
-0.0126327
-0.00549248
0.00205968
0.00631635
0.00535517
-0.000617904
-0.00899393
-0.0156536
-0.0170953
-0.01277
-0.00569845
0.000274624
0.00295221
0.00260893
0.00102984
-0.000480592
-0.0017164
-0.00302086
-0.00411936
-0.00384473
-0.00185371
0.00068656
0.0017164
0
-0.00363877
-0.00720888
-0.00837603
-0.00604173
-0.00102984
0.00453129
0.00871931
0.0108476
0.0114655
0.0106417
0.00741484
0.0010985
-0.00659097
-0.0123581
-0.0137998
-0.0118775
-0.00974915
-0.0102984
-0.0135939
-0.0173013
-0.0183311
-0.0153103
-0.00878796
-0.0010985
0.00556113
0.0091999
0.00871931
0.00439398
-0.00219699
-0.00871931
-0.0131819
-0.0148297
-0.0143491
-0.0131133
-0.0121521
-0.0118775
-0.0118775
-0.0118088
-0.0116029
-0.0114655
-0.0116715
-0.012564
-0.0141431
-0.0153103
-0.0146237
-0.0117402
-0.00830737
-0.00659097
-0.00755216
-0.0100924
-0.0122208
-0.0122894
-0.0098178
-0.00549248
-0.00116715
0.0017164
0.00274624
0.00247161
0.00226565
0.00274624
0.00295221
0.000755216
-0.00501189
-0.0118775
-0.0156536
-0.0137998
-0.00817006
-0.00357011
-0.00315817
-0.00583576
-0.00789544
-0.0068656
-0.0040507
-0.0034328
-0.00755216
-0.014967
-0.0209401
-0.021352
-0.0155849
-0.00631635
0.00315817
0.0102297
0.0128387
0.0102984
0.00377608
-0.00357011
-0.00865065
-0.0102297
-0.00899393
-0.0068656
-0.00508054
-0.00391339
-0.00267758
-0.00130446
-0.00068656
-0.00219699
-0.00652232
-0.012564
-0.0182625
-0.021352
-0.0208028
-0.0162715
-0.008582
6.8656e-05
0.00672828
0.00961184
0.00933721
0.00762081
0.00528651
0.00164774
-0.00453129
-0.012564
-0.0198416
-0.0230684
-0.0212834
-0.0162028
-0.0111223
-0.00830737
-0.00789544
-0.00762081
-0.00508054
-0.000823872
0.00102984
-0.00357011
-0.0148983
-0.027531
-0.034122
-0.0308265
-0.0197043
-0.00672828
0.00267758
0.00597307
0.00329549
-0.00357011
-0.0117402
-0.0177819
-0.0188117
-0.0144864
-0.00672828
0.00116715
0.00590441
0.00508054
-0.000961184
-0.008582
-0.0132506
-0.012976
-0.0102984
-0.0091999
-0.0118088
-0.0164088
-0.019567
-0.0183998
-0.0131133
-0.00617904
-0.000823872
0.00178506
0.00178506
-0.00034328
-0.00398205
-0.00796409
-0.0107103
-0.0113969
-0.0107103
-0.00933721
-0.00707156
-0.00391339
-0.000823872
-0.000205968
-0.00391339
-0.0114655
-0.019361
-0.023343
-0.021352
-0.0151043
-0.00851334
-0.00508054
-0.00624769
-0.0113282
-0.0174386
-0.0203908
-0.016958
-0.00837603
-0.00034328
0.000823872
-0.00665963
-0.0184685
-0.0273937
-0.0285609
-0.0229311
-0.0159282
-0.0124954
-0.012976
-0.0142118
-0.0129073
-0.00865065
-0.00288355
0.00322683
0.00926856
0.0143491
0.0159968
0.0120148
0.00308952
-0.00700291
-0.0140058
-0.0161342
-0.0146237
-0.0118088
-0.00940587
-0.00865065
-0.00988646
-0.0122208
-0.0135252
-0.0121521
-0.00885662
-0.00645366
-0.00782678
-0.0128387
-0.0179879
-0.0192237
-0.0153103
-0.00851334
-0.00240296
0.00034328
-0.00130446
-0.00700291
-0.0150357
-0.0219699
-0.0241669
-0.0206654
-0.0139372
-0.008582
-0.00768947
-0.0107103
-0.0151043
-0.0179879
-0.0175073
-0.0137312
-0.00899393
-0.00645366
-0.0081014
-0.0137998
-0.0214207
-0.0288355
-0.0337101
-0.034122
-0.0290415
-0.0194983
-0.00817006
0.00157909
0.0074835
0.00926856
0.00830737
0.00535517
-6.8656e-05
-0.008582
-0.0185371
-0.0264325
-0.0286982
-0.0246475
-0.01737
-0.0113969
-0.00913124
-0.00954318
-0.0102984
-0.0102984
-0.0103671
-0.0110536
-0.0113969
-0.00974915
-0.00645366
-0.00411936
-0.00542382
-0.0104357
-0.0159282
-0.0179192
-0.0143491
-0.00645366
0.0023343
0.00837603
0.00933721
0.00501189
-0.00247161
-0.0102297
-0.0158595
-0.0181252
-0.0170953
