LECROYHDO9204-MSöv,30454,Waveform
Segments,1,SegmentSize,2002
Ampl
-0.00205968
-0.00659097
-0.0108476
-0.0130446
-0.0124267
-0.0101611
-0.00830737
-0.00823872
-0.00988646
-0.0119461
-0.0121521
-0.00892528
-0.00267758
0.00398205
0.00762081
0.00659097
0.00144178
-0.00562979
-0.0127014
-0.0177819
-0.0194983
-0.0176446
-0.0138685
-0.0102984
-0.00782678
-0.00604173
-0.0051492
-0.00617904
-0.00947452
-0.0130446
-0.0139372
-0.0109163
-0.00569845
-0.00130446
0.000411936
-0.000205968
-0.00102984
-0.000549248
0.00116715
0.00247161
0.00137312
-0.00288355
-0.00933721
-0.0156536
-0.019361
-0.0201162
-0.019361
-0.0190177
-0.0188117
-0.0166834
-0.0115342
-0.00494323
-0.000755216
-0.00205968
-0.00823872
-0.0155162
-0.0201162
-0.021146
-0.0203222
-0.0185371
-0.0153103
-0.0101611
-0.00453129
-0.00130446
-0.00226565
-0.00672828
-0.0118775
-0.0148297
-0.0145551
-0.0124954
-0.0110536
-0.0112596
-0.0124954
-0.0137998
-0.014761
-0.0151043
-0.0142118
-0.0122894
-0.0103671
-0.00968049
-0.0103671
-0.0115342
-0.0121521
-0.0114655
-0.00940587
-0.0068656
-0.00501189
-0.00487457
-0.00672828
-0.010573
-0.015173
-0.0183998
-0.0183998
-0.0150357
-0.0105044
-0.00782678
-0.00865065
-0.0118088
-0.0142118
-0.0133193
-0.0100238
-0.00823872
-0.0115342
-0.0200475
-0.0300027
-0.0366623
-0.0371429
-0.0316504
-0.0228624
-0.014967
-0.0115342
-0.0141431
-0.021146
-0.0286295
-0.0316504
-0.0273937
-0.0180565
-0.0140058
-0.0336414
-0.0984527
-0.223063
-0.404864
-0.618659
-0.823254
-0.979309
-1.06815
-1.09856
-1.09705
-1.0906
-1.09451
-1.11113
-1.13495
-1.15788
-1.17326
-1.17793
-1.17347
-1.16482
-1.15829
-1.15775
-1.16276
-1.16846
-1.16962
-1.16413
-1.15376
-1.14237
-1.13344
-1.12829
-1.12575
-1.12307
-1.11724
-1.10653
-1.09122
-1.07412
-1.06012
-1.05373
-1.05627
-1.06472
-1.07364
-1.079
-1.07989
-1.07824
-1.0768
-1.07749
-1.08092
-1.08648
-1.09348
-1.10145
-1.10982
-1.11841
-1.12658
-1.13255
-1.13454
-1.13221
-1.12788
-1.12507
-1.12561
-1.12843
-1.13076
-1.13138
-1.1307
-1.12953
-1.12788
-1.12534
-1.12184
-1.11861
-1.11751
-1.12033
-1.12637
-1.13193
-1.13221
-1.12548
-1.11552
-1.10831
-1.10687
-1.10852
-1.10824
-1.10358
-1.09692
-1.09321
-1.09547
-1.102
-1.10879
-1.11284
-1.11367
-1.11216
-1.109
-1.10474
-1.10097
-1.10001
-1.10358
-1.11202
-1.12431
-1.13887
-1.15301
-1.1631
-1.16537
-1.15727
-1.13873
-1.11188
-1.07852
-1.03931
-0.994756
-0.946148
-0.894725
-0.840418
-0.78206
-0.720476
-0.658823
-0.601358
-0.550758
-0.507093
-0.467204
-0.426422
-0.38056
-0.328931
-0.275036
-0.225466
-0.186195
-0.159556
-0.142804
-0.130927
-0.120423
-0.110467
-0.10216
-0.0957064
-0.0902826
-0.0849274
-0.0795723
-0.0751783
-0.0723634
-0.0709903
-0.070441
-0.0694798
-0.0668709
-0.062065
-0.0556113
-0.049501
-0.0461368
-0.0467547
-0.0500502
-0.0530711
-0.0536203
-0.0523845
-0.0521785
-0.0548561
-0.0587695
-0.0602799
-0.0568471
-0.0499129
-0.0439398
-0.0420861
-0.0434592
-0.0446264
-0.0433219
-0.0406443
-0.0384473
-0.0371429
-0.0350832
-0.0304833
-0.0229311
-0.0142804
-0.00823872
-0.00817006
-0.0146237
-0.0240296
-0.0316504
-0.0344653
-0.0324743
-0.027531
-0.0221072
-0.0184685
-0.0177819
-0.019567
-0.0218326
-0.0232057
-0.023343
-0.0227938
-0.0218326
-0.0203908
-0.0183998
-0.0165461
-0.0157222
-0.0161342
-0.0175073
-0.0192923
-0.0209401
-0.021352
-0.0190864
-0.0140058
-0.00851334
-0.00665963
-0.0113282
-0.0212147
-0.0315817
-0.0371429
-0.0353578
-0.0269818
-0.0159282
-0.00741484
-0.00528651
-0.0105044
-0.0198416
-0.0280116
-0.0303459
-0.0253341
-0.015173
-0.00508054
-0.000137312
-0.00226565
-0.008582
-0.0130446
-0.0108476
-0.00205968
0.00830737
0.0138685
0.0116715
0.00357011
-0.00562979
-0.0117402
-0.0134566
-0.0128387
-0.0130446
-0.0166834
-0.0236177
-0.0314444
-0.0366623
-0.0370742
-0.0331608
-0.0280803
-0.0247161
-0.0232057
-0.0206654
-0.014967
-0.00741484
-0.00185371
-0.00123581
-0.00487457
-0.00968049
-0.0127014
-0.0130446
-0.0115342
-0.0098178
-0.00947452
-0.0111223
-0.0143491
-0.0170953
-0.0170267
-0.01277
-0.0051492
0.00308952
0.00871931
0.0091999
0.00377608
-0.00611038
-0.0165461
-0.0228624
-0.0218326
-0.0139372
-0.00315817
0.00583576
0.0103671
0.0105044
0.00789544
0.00418801
-6.8656e-05
-0.00501189
-0.0103671
-0.0153789
-0.018949
-0.0199102
-0.0180565
-0.0140745
-0.00940587
-0.00569845
-0.00384473
-0.00391339
-0.00556113
-0.00803275
-0.0101611
-0.0102297
-0.0074835
-0.00281489
0.00178506
0.00398205
0.00240296
-0.00315817
-0.0113969
-0.0194983
-0.0247848
-0.0258833
-0.0227251
-0.0160655
-0.00775812
-0.00034328
0.0040507
0.00439398
0.00137312
-0.0034328
-0.00796409
-0.0098178
-0.00707156
-0.00034328
0.00672828
0.00913124
0.00432533
-0.00583576
-0.0159282
-0.0210087
-0.0198416
-0.0145551
-0.00865065
-0.00487457
-0.00418801
-0.00611038
-0.00871931
-0.0100238
-0.00947452
-0.00837603
-0.00865065
-0.0102984
-0.0110536
-0.00823872
-0.00205968
0.00425667
0.00652232
0.00308952
-0.0040507
-0.0106417
-0.0133879
-0.0117402
-0.00775812
-0.00370742
-0.000617904
0.00137312
0.00192237
0.000892528
-0.000892528
-0.00199102
-0.00130446
0.000480592
0.00130446
-0.00068656
-0.00466861
-0.00775812
-0.00762081
-0.00432533
-0.00034328
0.00151043
-0.00034328
-0.00487457
-0.00940587
-0.0115342
-0.0113282
-0.0109163
-0.0119461
-0.0140745
-0.0153789
-0.0144864
-0.0119461
-0.0091999
-0.00707156
-0.00487457
-0.00137312
0.00446264
0.0113282
0.0153789
0.0122894
0.00185371
-0.010779
-0.0190177
-0.0197043
-0.014967
-0.00933721
-0.00562979
-0.00329549
-0.00034328
0.00418801
0.00885662
0.0113282
0.00974915
0.00439398
-0.00260893
-0.00865065
-0.0122208
-0.0132506
-0.0122208
-0.0100924
-0.00844468
-0.00892528
-0.0120148
-0.0162028
-0.0190864
-0.0185371
-0.0140058
-0.00672828
0.000755216
0.00556113
0.00645366
0.00432533
0.000823872
-0.00336414
-0.008582
-0.0140058
-0.0173013
-0.0163401
-0.0111223
-0.00466861
-0.000617904
-0.00102984
-0.00535517
-0.0113969
-0.0167521
-0.019155
-0.0173013
-0.0111223
-0.00205968
0.00652232
0.0111223
0.00947452
0.00192237
-0.00789544
-0.0153789
-0.0175759
-0.0151043
-0.0108476
-0.00789544
-0.00734619
-0.00796409
-0.00762081
-0.00521785
-0.00157909
0.00164774
0.00308952
0.00226565
-0.000617904
-0.00494323
-0.00926856
-0.0111909
-0.00926856
-0.00473726
-0.000617904
0.000480592
-0.00164774
-0.00466861
-0.0057671
-0.00411936
-0.00068656
0.00288355
0.00480592
0.00377608
-0.000961184
-0.00865065
-0.0162715
-0.0200475
-0.0178506
-0.010573
-0.00295221
-6.8656e-05
-0.00411936
-0.012976
-0.0221759
-0.027737
-0.027943
-0.0234803
-0.0164088
-0.00954318
-0.00549248
-0.00487457
-0.00583576
-0.0051492
-0.000961184
0.00528651
0.0100238
0.0107103
0.00768947
0.00411936
0.00350145
0.00604173
0.0091999
0.0101611
0.00871931
0.00631635
0.00432533
0.00260893
0.000480592
-0.00308952
-0.00817006
-0.0131133
-0.0146924
-0.0108476
-0.00281489
0.00528651
0.00926856
0.0074835
0.00199102
-0.00322683
-0.00487457
-0.00247161
0.00137312
0.00315817
0.0017164
-0.000549248
-0.000205968
0.00377608
0.00865065
0.00988646
0.00521785
-0.00350145
-0.0118088
-0.0157222
-0.0142118
-0.00926856
-0.00425667
-0.00144178
-0.000617904
0.00034328
0.00260893
0.00480592
0.00453129
0.00102984
-0.00418801
-0.00933721
-0.0132506
-0.0155849
-0.0161342
-0.0143491
-0.00940587
-0.00102984
0.00899393
0.0170953
0.0197729
0.0159968
0.00823872
0.000617904
-0.00425667
-0.00604173
-0.00652232
-0.00693425
-0.00789544
-0.00913124
-0.0107103
-0.0131819
-0.0165461
-0.0192237
-0.0188117
-0.0144864
-0.00768947
-0.00116715
0.00260893
0.00288355
0.000549248
-0.00205968
-0.00336414
-0.00315817
-0.00288355
-0.00377608
-0.00611038
-0.00892528
-0.010573
-0.0091999
-0.00466861
0.000961184
0.00480592
0.00590441
0.00521785
0.00391339
0.00212834
-0.000617904
-0.00384473
-0.00652232
-0.00768947
-0.00755216
-0.0068656
-0.00638501
-0.00556113
-0.00384473
-0.00137312
0.000755216
0.00102984
-0.00157909
-0.00659097
-0.0120835
-0.0155162
-0.0153103
-0.0120148
-0.00789544
-0.00549248
-0.00528651
-0.00556113
-0.00459995
-0.00254027
-0.0010985
-0.00192237
-0.00508054
-0.00954318
-0.0135252
-0.014761
-0.0116715
-0.00459995
0.00350145
0.00933721
0.0111909
0.00954318
0.00624769
0.00219699
-0.0023343
-0.00714022
-0.0114655
-0.0142804
-0.0157222
-0.0159282
-0.0146924
-0.0117402
-0.00720888
-0.00205968
0.00226565
0.00391339
0.0017164
-0.00357011
-0.00906259
-0.0116715
-0.0101611
-0.00528651
0.000411936
0.00508054
0.00768947
0.00878796
0.00885662
0.00755216
0.00439398
-0.000411936
-0.00528651
-0.008582
-0.00926856
-0.00755216
-0.00446264
-0.00151043
0.000274624
0.000617904
0.000137312
-0.000137312
0.00102984
0.0040507
0.00817006
0.0105044
0.00803275
0.000205968
-0.0098178
-0.0173013
-0.019361
-0.0167521
-0.0122894
-0.00844468
-0.0068656
-0.00727753
-0.00782678
-0.00659097
-0.00315817
0.000411936
0.00144178
-0.00151043
-0.00796409
-0.0154476
-0.0208028
-0.0217639
-0.0184685
-0.0133879
-0.00961184
-0.00817006
-0.00830737
-0.00830737
-0.00755216
-0.00693425
-0.00741484
-0.00837603
-0.00823872
-0.0057671
-0.00199102
0.00102984
0.00157909
-0.000137312
-0.00315817
-0.00693425
-0.0107103
-0.0129073
-0.0117402
-0.00679694
6.8656e-05
0.00604173
0.00892528
0.00906259
0.00823872
0.00817006
0.00913124
0.0100924
0.00892528
0.00439398
-0.00302086
-0.0104357
-0.0143491
-0.01277
-0.00714022
-0.000823872
0.00274624
0.00267758
0.00034328
-0.00192237
-0.00322683
-0.00453129
-0.0068656
-0.00988646
-0.0117402
-0.0111223
-0.00803275
-0.00398205
-0.000549248
0.00123581
0.0017164
0.00205968
0.00370742
0.00645366
0.0081014
0.00631635
0.000755216
-0.00631635
-0.0122208
-0.0156536
-0.0166834
-0.0159282
-0.0136625
-0.0100238
-0.00583576
-0.00205968
0.000411936
0.000755216
-0.000755216
-0.00315817
-0.00508054
-0.00604173
-0.00665963
-0.00823872
-0.0117402
-0.0166834
-0.0207341
-0.0216953
-0.0190177
-0.0136625
-0.00768947
-0.00322683
-0.00226565
-0.00501189
-0.00940587
-0.0120835
-0.0112596
-0.00775812
-0.00363877
-0.00034328
0.00130446
0.00123581
0.00034328
-0.000205968
6.8656e-05
0.000480592
-0.000411936
-0.00315817
-0.00734619
-0.0120835
-0.0165461
-0.0203908
-0.023343
-0.0240296
-0.0208028
-0.0131819
-0.00377608
0.00322683
0.00446264
-0.000411936
-0.00878796
-0.016958
-0.0214893
-0.0212834
-0.0176446
-0.0131133
-0.0102297
-0.0105044
-0.0144864
-0.0207341
-0.0261579
-0.0272564
-0.023755
-0.0186058
-0.0148983
-0.0131819
-0.0117402
-0.00988646
-0.00899393
-0.010573
-0.0141431
-0.0170953
-0.016958
-0.0132506
-0.00803275
-0.00377608
-0.00157909
-0.000823872
-0.0010985
-0.00240296
-0.00508054
-0.00871931
-0.0118775
-0.0129073
-0.0108476
-0.00617904
-0.0010985
0.0023343
0.00267758
-6.8656e-05
-0.00466861
-0.00954318
-0.0136625
-0.0166834
-0.0183998
-0.0183311
-0.0159968
-0.0118775
-0.00803275
-0.00617904
-0.00665963
-0.00789544
-0.00885662
-0.00926856
-0.0091999
-0.00851334
-0.00714022
-0.00521785
-0.00329549
-0.0023343
-0.00336414
-0.00679694
-0.0116029
-0.0157909
-0.0175759
-0.0163401
-0.012564
-0.00768947
-0.00370742
-0.00137312
0
0.00102984
0.00144178
0.000549248
-0.00130446
-0.00322683
-0.0051492
-0.00789544
-0.0121521
-0.0175759
-0.0226565
-0.0256773
-0.0258146
-0.0226565
-0.0170953
-0.0106417
-0.00549248
-0.00329549
-0.00391339
-0.00549248
-0.00583576
-0.00432533
-0.00219699
-0.0010985
-0.00130446
-0.00192237
-0.0023343
-0.00329549
-0.00542382
-0.00837603
-0.0116029
-0.0144178
-0.0157909
-0.0148297
-0.0122894
-0.00974915
-0.00789544
-0.0057671
-0.00212834
0.00205968
0.00363877
0.000137312
-0.00775812
-0.0163401
-0.0220386
-0.0238923
-0.0234117
-0.0219699
-0.0197043
-0.0162715
-0.0123581
-0.00947452
-0.00892528
-0.0100924
-0.0113969
-0.0113969
-0.00933721
-0.00597307
-0.00391339
-0.00611038
-0.0131819
-0.0225192
-0.0294534
-0.0306206
-0.02554
-0.0168207
-0.00865065
-0.00377608
-0.00240296
-0.00295221
-0.00411936
-0.00590441
-0.00871931
-0.0120148
-0.0143491
-0.0142804
-0.0117402
-0.00817006
-0.00556113
-0.00487457
-0.00521785
-0.00480592
-0.00302086
-0.000961184
-0.000480592
-0.00240296
-0.00617904
-0.0104357
-0.0140058
-0.0170267
-0.0205281
-0.0247161
-0.0276684
-0.0269131
-0.0219699
-0.0148297
-0.00837603
-0.00446264
-0.00288355
-0.00288355
-0.00391339
-0.00659097
-0.0113282
-0.0166834
-0.019361
-0.0167521
-0.00954318
-0.00137312
0.00377608
0.00398205
0.000411936
-0.00398205
-0.00638501
-0.00611038
-0.00459995
-0.0040507
-0.00549248
-0.00892528
-0.0131819
-0.0168207
-0.0178506
-0.0148297
-0.00837603
-0.00130446
0.00336414
0.00384473
0.000205968
-0.00556113
-0.0110536
-0.0144178
-0.0157222
-0.0161342
-0.0166147
-0.0170267
-0.0164774
-0.0148297
-0.0127014
-0.010985
-0.0102984
-0.0109163
-0.01277
-0.015173
-0.0172326
-0.0186058
-0.019567
-0.0208028
-0.0221759
-0.0223132
-0.0201162
-0.0161342
-0.0126327
-0.0111223
-0.0114655
-0.0122208
-0.0121521
-0.0108476
-0.00885662
-0.00755216
-0.00823872
-0.010573
-0.0124954
-0.0123581
-0.0104357
-0.00913124
-0.00988646
-0.0121521
-0.0140745
-0.014761
-0.0142804
-0.0127014
-0.0100924
-0.00714022
-0.00528651
-0.00583576
-0.00892528
-0.0130446
-0.0163401
-0.0180565
-0.0180565
-0.0164088
-0.0133193
-0.0105044
-0.0100238
-0.0120835
-0.0146924
-0.0152416
-0.01277
-0.00851334
-0.00439398
-0.00164774
-0.00034328
0.000411936
0.00130446
0.00212834
0.00178506
-0.000411936
-0.00363877
-0.00631635
-0.00734619
-0.0068656
-0.00624769
-0.0068656
-0.00947452
-0.0132506
-0.0155849
-0.0144178
-0.0104357
-0.00700291
-0.00734619
-0.0120148
-0.0181938
-0.0218326
-0.0206654
-0.0154476
-0.0091999
-0.00521785
-0.00494323
-0.00796409
-0.0126327
-0.0168894
-0.0187431
-0.0163401
-0.00933721
0.000137312
0.00871931
0.0133193
0.01277
0.00796409
0.0017164
-0.00322683
-0.00562979
-0.00672828
-0.0081014
-0.0098178
-0.0102297
-0.00782678
-0.00370742
-0.0010985
-0.00315817
-0.00940587
-0.0162028
-0.0194296
-0.017164
-0.010573
-0.00254027
0.00418801
0.00762081
0.00727753
0.00439398
0.000549248
-0.00288355
-0.00549248
-0.00727753
-0.00871931
-0.00995512
-0.00968049
-0.00617904
0.00068656
0.00796409
0.0113282
0.00837603
0.00034328
-0.00878796
-0.0154476
-0.0181252
-0.0170267
-0.0134566
-0.00892528
-0.00473726
-0.00226565
-0.00254027
-0.00542382
-0.00865065
-0.00988646
-0.00885662
-0.00734619
-0.00727753
-0.00865065
-0.0104357
-0.0119461
-0.0127014
-0.0120835
-0.00961184
-0.00549248
-0.000892528
0.00247161
0.00281489
-0.000411936
-0.00617904
-0.0116029
-0.0140058
-0.0118775
-0.00583576
0.00144178
0.00659097
0.00768947
0.00473726
-0.000617904
-0.00645366
-0.0110536
-0.0131133
-0.0118775
-0.00796409
-0.00288355
0.000961184
0.00102984
-0.0034328
-0.0109163
-0.0188117
-0.0243042
-0.0251967
-0.0212147
-0.014761
-0.00988646
-0.0091999
-0.0118088
-0.0142804
-0.0133193
-0.00871931
-0.00247161
0.00295221
0.00590441
0.00597307
0.00377608
0.000823872
-0.00157909
-0.00308952
-0.00384473
-0.00377608
-0.00212834
0.00068656
0.00274624
0.00137312
-0.00391339
-0.0104357
-0.0138685
-0.0116715
-0.00487457
0.00260893
0.00714022
0.00700291
0.00295221
-0.0023343
-0.00562979
-0.00542382
-0.00322683
-0.00350145
-0.0091999
-0.0179192
-0.0236177
-0.0214893
-0.01277
-0.0034328
0.000755216
-0.00144178
-0.00727753
-0.012564
-0.0150357
-0.0145551
-0.0119461
-0.0081014
-0.00432533
-0.00205968
-0.00199102
-0.00322683
-0.00453129
-0.00494323
-0.00411936
-0.00199102
0.0010985
0.00357011
0.00384473
0.00192237
-0.000411936
-0.0010985
-0.000274624
-0.000137312
-0.00302086
-0.00899393
-0.0153789
-0.0186058
-0.0170267
-0.0120148
-0.00714022
-0.00487457
-0.00508054
-0.00542382
-0.00363877
0.000480592
0.00501189
0.00755216
0.00679694
0.00357011
-0.00034328
-0.00308952
-0.00411936
-0.00384473
-0.00350145
-0.00418801
-0.00604173
-0.00906259
-0.0131133
-0.0180565
-0.0225878
-0.0249908
-0.0241669
-0.0201162
-0.0143491
-0.00892528
-0.00562979
-0.00528651
-0.00659097
-0.00755216
-0.00727753
-0.0068656
-0.00789544
-0.0110536
-0.015173
-0.0175759
-0.0155849
-0.00844468
0.00157909
0.00940587
0.0103671
0.00370742
-0.00583576
-0.0119461
-0.0112596
-0.00542382
0.00123581
0.00542382
0.00638501
0.00439398
-0.000137312
-0.00597307
-0.0102984
-0.010779
-0.00775812
-0.00473726
-0.00508054
-0.00906259
-0.0135939
-0.0153789
-0.0134566
-0.00954318
-0.00597307
-0.00411936
-0.00425667
-0.00583576
-0.00823872
-0.0103671
-0.010573
-0.00830737
-0.0051492
-0.00411936
-0.00631635
-0.00926856
-0.00913124
-0.00508054
6.8656e-05
0.00240296
0.000823872
-0.00302086
-0.0068656
-0.00995512
-0.0131133
-0.0168894
-0.0203908
-0.021558
-0.0197729
-0.0167521
-0.0146237
-0.0141431
-0.0134566
-0.0107103
-0.00542382
0.000617904
0.00501189
0.0057671
0.00295221
-0.00116715
-0.00418801
-0.00542382
-0.00631635
-0.00782678
-0.00940587
-0.0103671
-0.0105044
-0.00974915
-0.00803275
-0.00569845
-0.00453129
-0.00652232
-0.0119461
-0.018949
-0.0239609
-0.0242356
-0.0194296
-0.0113969
-0.00322683
0.00212834
0.00295221
-0.000137312
-0.00439398
-0.0068656
-0.00652232
-0.00466861
-0.00336414
-0.00329549
-0.00418801
-0.00521785
-0.00549248
-0.00432533
-0.00281489
-0.0034328
-0.00823872
-0.0162028
-0.0227938
-0.023549
-0.0170267
-0.00624769
0.00357011
0.00817006
0.00624769
6.8656e-05
-0.00672828
-0.010985
-0.0118775
-0.0104357
-0.00878796
-0.00899393
-0.0115342
-0.0148297
-0.0164088
-0.0153789
-0.0131133
-0.0112596
-0.00988646
-0.00782678
-0.00501189
-0.00350145
-0.00583576
-0.0123581
-0.019567
-0.0232744
-0.0214893
-0.0159968
-0.00988646
-0.00542382
-0.00370742
-0.00480592
-0.0074835
-0.00947452
-0.00851334
-0.00446264
0.000961184
0.00549248
0.00741484
0.00597307
0.00178506
-0.00308952
-0.00590441
-0.00528651
-0.0023343
-0.000274624
-0.00137312
-0.00556113
-0.0101611
-0.0115342
-0.00851334
-0.00350145
-0.000480592
-0.00151043
-0.00556113
-0.0098178
-0.0121521
-0.0122208
-0.0113969
-0.0113969
-0.0129073
-0.015173
-0.0175759
-0.0204595
-0.0242356
-0.0275997
-0.0284922
-0.0256087
-0.0199789
-0.0140745
-0.0100924
-0.00885662
-0.00933721
-0.00988646
-0.00926856
-0.00755216
-0.00562979
-0.00418801
-0.00322683
-0.00199102
-0.000411936
0.000205968
-0.00178506
-0.00741484
-0.015173
-0.0216266
-0.023549
-0.0201162
-0.012976
-0.00446264
0.00363877
0.00968049
0.0118775
0.00940587
0.00295221
-0.00569845
-0.0140745
-0.0194296
-0.0198416
-0.0157222
-0.0103671
-0.00768947
-0.00933721
-0.0131819
-0.0155849
-0.0144178
-0.0111909
-0.00892528
-0.00865065
-0.00851334
-0.00597307
-0.00144178
0.0023343
0.00247161
-0.00130446
-0.00679694
-0.0113969
-0.0136625
-0.0140745
-0.0141431
-0.0151043
-0.0168207
-0.0177132
-0.0164088
-0.0124267
-0.00714022
-0.00267758
-0.000892528
-0.00185371
-0.00384473
-0.00459995
-0.00391339
-0.0040507
-0.00720888
-0.0130446
-0.0188804
-0.0221072
-0.0214207
-0.0170953
-0.010779
-0.00439398
0
0.00151043
-6.8656e-05
-0.00432533
-0.0101611
-0.0157222
-0.0192237
-0.0194983
-0.0170267
-0.0140058
-0.0131133
-0.0155849
-0.0197043
-0.0220386
-0.0203908
-0.0155162
-0.00995512
-0.0057671
-0.00425667
-0.00521785
-0.00789544
-0.0113969
-0.0154476
-0.019567
-0.0232057
-0.0256087
-0.0262266
-0.0247848
-0.0214207
-0.016958
-0.01277
-0.0100924
-0.00926856
-0.00913124
-0.00837603
-0.00617904
-0.00322683
-0.0010985
-0.0017164
-0.00542382
-0.00988646
-0.0115342
-0.00906259
-0.00501189
-0.00336414
-0.00590441
-0.0112596
-0.0164088
-0.018949
-0.0181938
-0.0148983
-0.0111223
-0.00871931
-0.00830737
-0.008582
-0.00789544
-0.00549248
-0.00295221
-0.00315817
-0.00796409
-0.0164774
-0.0250594
-0.0292474
-0.0265012
-0.0177132
-0.00741484
-0.000823872
0.000205968
-0.00192237
-0.0034328
-0.00295221
-0.00116715
0.0010985
0.00418801
0.0074835
0.00878796
0.00611038
0.000137312
-0.00583576
-0.00885662
-0.00851334
-0.00652232
-0.00411936
-0.00144178
0.00151043
0.00363877
0.00288355
-0.00151043
-0.0074835
-0.0113969
-0.0115342
-0.008582
-0.00459995
-0.00130446
0.000480592
0.000411936
-0.00151043
-0.00473726
-0.00775812
-0.00892528
-0.00768947
-0.00508054
-0.00302086
-0.00302086
-0.00501189
-0.00775812
-0.0098178
-0.0107103
-0.0108476
-0.0111223
-0.0110536
-0.00947452
-0.00624769
-0.00391339
-0.00535517
-0.0110536
-0.017164
-0.0186744
-0.0135939
-0.00487457
0.00254027
0.00501189
0.00240296
-0.00226565
-0.00562979
-0.00624769
-0.00501189
-0.00391339
-0.00418801
-0.00638501
-0.00988646
-0.0133879
-0.014761
-0.012564
-0.00755216
-0.00260893
-0.000411936
-0.0017164
-0.00480592
-0.00700291
-0.00700291
-0.00562979
-0.00590441
-0.0102984
-0.0177132
-0.0232744
-0.0222445
-0.0143491
-0.00453129
0.000205968
-0.00336414
-0.0124954
-0.0204595
-0.0220386
-0.0164774
-0.00714022
0.00144178
0.00521785
0.00302086
-0.00350145
-0.0109163
-0.0162715
-0.0179192
-0.0157909
-0.010779
-0.00473726
-0.00034328
0.000480592
-0.00205968
-0.00562979
-0.00796409
-0.00782678
-0.00556113
-0.00254027
-0.000480592
-0.00068656
-0.0034328
-0.00789544
-0.01277
-0.0168207
-0.019155
-0.019567
-0.0180565
-0.0146924
-0.0107103
-0.00823872
-0.00892528
-0.0122208
-0.0150357
-0.014761
-0.0111909
-0.00714022
-0.00549248
-0.00665963
-0.00885662
-0.0100238
-0.00974915
-0.00954318
-0.010779
-0.0135939
-0.0163401
-0.017164
-0.0154476
-0.0120148
-0.00844468
-0.00590441
-0.00528651
-0.00631635
-0.00817006
-0.00961184
-0.0098178
-0.00878796
-0.00714022
-0.00542382
-0.00350145
-0.0010985
0.00185371
0.00377608
0.00267758
-0.00178506
-0.00720888
-0.00995512
-0.00837603
-0.00459995
-0.00274624
-0.00528651
-0.0112596
-0.0167521
-0.0179879
-0.0144178
-0.00871931
-0.00473726
-0.00542382
-0.0107103
-0.0173013
-0.0206654
-0.0184685
-0.012564
-0.00720888
-0.00549248
-0.00775812
-0.0124954
-0.0179192
-0.0221759
-0.0236177
-0.0212147
-0.0162028
-0.0117402
-0.0104357
-0.0123581
-0.0153789
-0.0172326
-0.0165461
-0.0135252
-0.00926856
-0.0051492
-0.00219699
-0.00116715
-0.00226565
-0.00535517
-0.00954318
-0.0138685
-0.0177819
-0.0205968
-0.0210774
-0.0180565
-0.0121521
-0.00494323
0.000823872
0.00199102
-0.00329549
-0.0131819
-0.0221759
-0.0247161
-0.0198416
-0.0118088
-0.00556113
-0.00398205
-0.00707156
-0.0131819
-0.0198416
-0.0244415
-0.0254027
-0.0232744
-0.0194296
-0.0153103
-0.0120835
-0.010573
-0.0110536
-0.012976
-0.0158595
-0.0190177
-0.0212834
-0.021352
-0.0194983
-0.0170267
-0.014967
-0.0130446
-0.0103671
-0.00707156
-0.00418801
-0.00260893
-0.00322683
-0.00631635
-0.0111223
-0.0155849
-0.01737
-0.0160655
-0.0130446
-0.0107103
-0.0105044
-0.0121521
-0.0142804
-0.0158595
-0.0166147
-0.0161342
-0.0133193
-0.00796409
-0.00157909
0.00254027
0.0017164
-0.00473726
-0.0143491
-0.0231371
-0.0271878
-0.0248535
-0.0175759
-0.0091999
-0.00384473
-0.00350145
-0.00707156
-0.0116029
-0.0143491
-0.0138685
-0.0100238
-0.00350145
0.00384473
0.0091999
0.00968049
0.00418801
-0.00535517
-0.014761
-0.0199102
-0.0190177
-0.0131819
-0.00494323
0.00281489
0.00789544
0.00892528
0.0057671
-0.000617904
-0.00844468
-0.0159282
-0.0212834
-0.0234803
-0.0224505
-0.0190864
-0.0144178
-0.00988646
-0.00672828
-0.00556113
-0.00583576
-0.00659097
-0.00714022
-0.00714022
-0.00542382
-0.00151043
0.00391339
0.0081014
0.00830737
0.00363877
-0.00357011
-0.00892528
-0.00906259
-0.00446264
