LECROYHDO9204-MSöv,30454,Waveform
Segments,1,SegmentSize,2002
Ampl
-0.00295221
-0.00178506
-0.00034328
-0.00205968
-0.00741484
-0.0134566
-0.0162715
-0.0137312
-0.00727753
-0.000549248
0.00267758
0.000755216
-0.00508054
-0.0114655
-0.0148297
-0.0129073
-0.00597307
0.00363877
0.0121521
0.0162028
0.0148297
0.00968049
0.00398205
0.00068656
0.000617904
0.00212834
0.00350145
0.00425667
0.00480592
0.00487457
0.00315817
-0.000137312
-0.00363877
-0.00624769
-0.00865065
-0.012564
-0.0182625
-0.0240982
-0.0271878
-0.0254027
-0.0194983
-0.012976
-0.0098178
-0.0115342
-0.0155162
-0.0176446
-0.0152416
-0.00913124
-0.00315817
-0.000892528
-0.00308952
-0.00768947
-0.0108476
-0.0098178
-0.00453129
0.00219699
0.00645366
0.00569845
6.8656e-05
-0.00817006
-0.0155162
-0.0190864
-0.0184685
-0.0159282
-0.0144864
-0.0153789
-0.0168894
-0.0161342
-0.0123581
-0.00782678
-0.0051492
-0.00562979
-0.008582
-0.0124267
-0.0157909
-0.0179879
-0.019361
-0.0207341
-0.0226565
-0.0249221
-0.0269131
-0.027531
-0.0261579
-0.0229311
-0.0190177
-0.0162028
-0.0157909
-0.0174386
-0.0196356
-0.0209401
-0.0210774
-0.0204595
-0.019361
-0.0180565
-0.0175759
-0.0194296
-0.0238923
-0.0290415
-0.0311698
-0.0270505
-0.0165461
-0.00377608
0.00562979
0.00762081
0.00185371
-0.00844468
-0.0186744
-0.0249221
-0.0258833
-0.0234117
-0.0206654
-0.0205281
-0.0234803
-0.0263639
-0.0240982
-0.0142118
-0.00116715
0.00137312
-0.0269818
-0.105936
-0.245239
-0.436446
-0.650653
-0.847283
-0.990774
-1.06733
-1.08923
-1.08401
-1.07783
-1.08373
-1.10179
-1.12589
-1.14923
-1.16578
-1.17127
-1.16578
-1.15466
-1.14614
-1.1458
-1.1528
-1.16132
-1.16537
-1.16255
-1.15466
-1.14429
-1.13351
-1.12321
-1.11346
-1.10364
-1.09259
-1.0801
-1.06767
-1.05806
-1.05298
-1.05236
-1.05476
-1.05881
-1.06369
-1.06911
-1.07502
-1.08126
-1.0882
-1.09637
-1.10557
-1.11422
-1.11964
-1.12047
-1.11779
-1.11538
-1.11751
-1.12534
-1.13564
-1.14319
-1.14491
-1.14189
-1.13708
-1.13282
-1.13042
-1.13008
-1.13124
-1.13207
-1.13028
-1.12513
-1.11868
-1.11394
-1.11291
-1.11532
-1.11916
-1.12156
-1.12026
-1.11511
-1.10893
-1.10557
-1.10715
-1.11202
-1.11662
-1.11765
-1.11429
-1.10797
-1.10131
-1.09664
-1.09568
-1.09932
-1.10735
-1.11765
-1.12637
-1.12987
-1.12719
-1.12053
-1.11408
-1.11209
-1.11669
-1.12637
-1.13681
-1.14312
-1.1425
-1.13433
-1.11916
-1.09678
-1.06602
-1.0262
-0.977936
-0.923835
-0.867056
-0.81014
-0.754804
-0.701733
-0.650653
-0.600671
-0.551239
-0.50215
-0.453541
-0.405825
-0.358865
-0.311904
-0.265012
-0.220523
-0.183105
-0.156467
-0.140401
-0.130515
-0.122208
-0.113694
-0.106348
-0.101542
-0.0988646
-0.095981
-0.0909005
-0.0831424
-0.0733932
-0.0624769
-0.051492
-0.0426354
-0.0379668
-0.0383787
-0.042704
-0.0488144
-0.0541696
-0.0565039
-0.0540322
-0.0475099
-0.040507
-0.0371429
-0.0388593
-0.0429786
-0.0455876
-0.0444204
-0.0400264
-0.034534
-0.029934
-0.0281489
-0.0305519
-0.0365936
-0.0431159
-0.0455876
-0.0411936
-0.0312385
-0.0203222
-0.0135939
-0.0138685
-0.0201849
-0.0290415
-0.036113
-0.038722
-0.0366623
-0.032131
-0.0280116
-0.0256773
-0.0247848
-0.0240296
-0.0224505
-0.0201849
-0.0181252
-0.0172326
-0.0177819
-0.0192237
-0.0208714
-0.0216266
-0.0207341
-0.0186744
-0.0174386
-0.0183311
-0.0199102
-0.0199102
-0.0180565
-0.0164088
-0.0168207
-0.0188117
-0.0202535
-0.0190864
-0.0150357
-0.00906259
-0.00357011
-0.000755216
-0.0017164
-0.00562979
-0.0101611
-0.0124267
-0.0108476
-0.00672828
-0.00350145
-0.00391339
-0.00830737
-0.014761
-0.0208028
-0.0240982
-0.0225192
-0.0157909
-0.00659097
-0.000137312
0.000205968
-0.00432533
-0.00974915
-0.0122208
-0.0105044
-0.0057671
-0.00102984
0.000205968
-0.00384473
-0.0116029
-0.0188804
-0.0216953
-0.0192923
-0.0144864
-0.0113282
-0.0128387
-0.0180565
-0.023343
-0.0251967
-0.0238923
-0.0228624
-0.0249908
-0.0296594
-0.0329549
-0.0316504
-0.0251281
-0.0157909
-0.00714022
-0.00199102
-0.00130446
-0.00432533
-0.00926856
-0.0140745
-0.0170953
-0.0177819
-0.0170953
-0.0163401
-0.0156536
-0.0142804
-0.0114655
-0.00727753
-0.00302086
-0.00034328
-0.000274624
-0.0023343
-0.00446264
-0.00466861
-0.00212834
0.00240296
0.00727753
0.010573
0.0104357
0.00638501
-0.000480592
-0.00734619
-0.0114655
-0.0118088
-0.00961184
-0.00707156
-0.00569845
-0.00535517
-0.00418801
-0.000549248
0.00549248
0.0110536
0.0129073
0.00988646
0.00370742
-0.00226565
-0.00535517
-0.00583576
-0.00569845
-0.0068656
-0.00871931
-0.00899393
-0.00611038
-0.00130446
0.00247161
0.00240296
-0.0010985
-0.00487457
-0.00521785
-0.00102984
0.00521785
0.00968049
0.00947452
0.00459995
-0.00205968
-0.00700291
-0.00871931
-0.00844468
-0.00830737
-0.00885662
-0.00865065
-0.00631635
-0.00240296
0.00116715
0.00226565
0.000205968
-0.00411936
-0.0091999
-0.0136625
-0.0163401
-0.0161342
-0.0118088
-0.00363877
0.00645366
0.0152416
0.0202535
0.0201849
0.014967
0.00556113
-0.00569845
-0.0153103
-0.0201162
-0.0190177
-0.0135252
-0.00604173
0.00185371
0.00899393
0.0136625
0.0139372
0.00974915
0.00336414
-0.00192237
-0.00432533
-0.00398205
-0.00226565
-0.000755216
-0.000755216
-0.00295221
-0.00665963
-0.0098178
-0.0102297
-0.00789544
-0.00549248
-0.00645366
-0.0118088
-0.0197043
-0.0264325
-0.0294534
-0.0289042
-0.0272564
-0.0264325
-0.0256087
-0.0219013
-0.0135252
-0.0023343
0.00672828
0.00968049
0.00679694
0.00157909
-0.00254027
-0.00453129
-0.00583576
-0.00823872
-0.0118088
-0.0148297
-0.0161342
-0.0159282
-0.015173
-0.0138685
-0.0116029
-0.00830737
-0.00439398
-0.00034328
0.00322683
0.00542382
0.00556113
0.00377608
0.00130446
-0.000549248
-0.0010985
-0.000892528
-0.000480592
-0.000137312
0.000755216
0.00254027
0.00459995
0.00562979
0.00446264
0.00102984
-0.00336414
-0.00652232
-0.00611038
-0.00123581
0.00604173
0.0114655
0.0119461
0.0074835
0.000480592
-0.00645366
-0.0120835
-0.0153789
-0.0150357
-0.00995512
-0.0010985
0.00830737
0.0140058
0.0132506
0.00617904
-0.00329549
-0.0105044
-0.0126327
-0.010779
-0.00775812
-0.00556113
-0.00439398
-0.00363877
-0.00350145
-0.00453129
-0.00604173
-0.00631635
-0.00439398
-0.00151043
-0.000274624
-0.00205968
-0.00562979
-0.00837603
-0.00823872
-0.00542382
-0.00226565
-0.00123581
-0.00267758
-0.00487457
-0.00528651
-0.00267758
0.00247161
0.00837603
0.0122894
0.0118088
0.00665963
-0.00123581
-0.0091999
-0.0152416
-0.0190177
-0.0208028
-0.0203908
-0.0164774
-0.00817006
0.00391339
0.0162028
0.0239609
0.0236863
0.0156536
0.00350145
-0.00714022
-0.0119461
-0.00906259
-0.00068656
0.00803275
0.0124267
0.0111223
0.00659097
0.00192237
-0.00151043
-0.00418801
-0.00659097
-0.0081014
-0.00762081
-0.00556113
-0.00391339
-0.00453129
-0.00727753
-0.00995512
-0.0103671
-0.00844468
-0.00583576
-0.00432533
-0.00466861
-0.00700291
-0.0108476
-0.0144178
-0.015173
-0.0115342
-0.00487457
0.00178506
0.00597307
0.00679694
0.00439398
-0.00137312
-0.00988646
-0.018949
-0.0244415
-0.0227938
-0.0140745
-0.00240296
0.0068656
0.010779
0.0098178
0.00597307
0.000892528
-0.00425667
-0.00817006
-0.00995512
-0.00933721
-0.0074835
-0.0057671
-0.00487457
-0.00425667
-0.00336414
-0.00254027
-0.00274624
-0.00494323
-0.008582
-0.0121521
-0.0134566
-0.0112596
-0.0057671
0.0010985
0.00631635
0.00775812
0.00549248
0.00151043
-0.00240296
-0.00562979
-0.00830737
-0.00974915
-0.00913124
-0.00631635
-0.00315817
-0.00247161
-0.00556113
-0.0107103
-0.0141431
-0.0130446
-0.00823872
-0.00350145
-0.00254027
-0.00562979
-0.00961184
-0.0111909
-0.00940587
-0.00638501
-0.00501189
-0.00714022
-0.0117402
-0.0161342
-0.0175073
-0.0152416
-0.0111223
-0.00803275
-0.00775812
-0.00968049
-0.0120148
-0.0131133
-0.0126327
-0.0108476
-0.00851334
-0.00659097
-0.00590441
-0.00679694
-0.00789544
-0.00720888
-0.00398205
-0.000755216
-0.00116715
-0.00679694
-0.0146237
-0.0196356
-0.018949
-0.0137998
-0.00755216
-0.00288355
-0.000411936
-6.8656e-05
-0.00137312
-0.00370742
-0.00597307
-0.00741484
-0.00782678
-0.00741484
-0.00659097
-0.00501189
-0.00164774
0.00398205
0.0104357
0.0137998
0.0105044
0.000617904
-0.0107103
-0.0174386
-0.0177819
-0.0146924
-0.0124954
-0.0127014
-0.0133879
-0.0123581
-0.00947452
-0.00679694
-0.0057671
-0.00611038
-0.00597307
-0.00391339
-0.000205968
0.00363877
0.00631635
0.00823872
0.010573
0.0134566
0.0153103
0.0137312
0.00837603
0.00178506
-0.00254027
-0.00254027
0.000823872
0.00411936
0.00439398
0.0010985
-0.00329549
-0.00569845
-0.00494323
-0.00240296
-0.000480592
-0.00068656
-0.00205968
-0.0023343
-0.000205968
0.00295221
0.00480592
0.00391339
0.000617904
-0.00377608
-0.00803275
-0.0106417
-0.0105044
-0.00782678
-0.00466861
-0.00370742
-0.00528651
-0.00714022
-0.00714022
-0.00590441
-0.00652232
-0.0109163
-0.0174386
-0.021558
-0.0198416
-0.0121521
-0.00199102
0.00569845
0.00693425
0.00178506
-0.00562979
-0.00961184
-0.0074835
-0.00151043
0.00322683
0.00384473
0.00185371
0.000755216
0.00254027
0.00665963
0.0107103
0.0118088
0.00775812
-0.00178506
-0.0140058
-0.0239609
-0.0269131
-0.0220386
-0.0128387
-0.00453129
-0.000549248
-0.00102984
-0.00418801
-0.00789544
-0.0111223
-0.0136625
-0.0148983
-0.0131133
-0.00734619
0.000823872
0.00714022
0.00775812
0.00260893
-0.0040507
-0.0074835
-0.00597307
-0.00164774
0.00192237
0.00226565
-0.000549248
-0.00453129
-0.00720888
-0.00734619
-0.00542382
-0.00281489
-0.000205968
0.00247161
0.00508054
0.00672828
0.00583576
0.00185371
-0.00432533
-0.00995512
-0.0120835
-0.00961184
-0.00432533
0.00068656
0.00240296
-0.000137312
-0.00542382
-0.0102984
-0.0118775
-0.0098178
-0.00611038
-0.0023343
0.00178506
0.0074835
0.0137998
0.0178506
0.0175073
0.0137998
0.00954318
0.00665963
0.00446264
0.00151043
-0.00274624
-0.00665963
-0.00755216
-0.00391339
0.0034328
0.0111223
0.0159282
0.0158595
0.0104357
0.000617904
-0.0105044
-0.0192237
-0.0229997
-0.0216953
-0.0168894
-0.00995512
-0.0017164
0.00734619
0.0153103
0.0186744
0.0150357
0.00549248
-0.00549248
-0.012976
-0.0146237
-0.0110536
-0.00446264
0.00205968
0.00617904
0.00659097
0.00398205
-0.000274624
-0.00459995
-0.00796409
-0.00954318
-0.00899393
-0.00679694
-0.00384473
-0.000411936
0.00350145
0.00768947
0.0107103
0.0108476
0.00727753
0.00157909
-0.00350145
-0.00583576
-0.00617904
-0.00734619
-0.0107103
-0.0140745
-0.0135939
-0.00762081
0.00130446
0.00865065
0.0111223
0.008582
0.00350145
-0.00157909
-0.00521785
-0.00700291
-0.00679694
-0.00473726
-0.0017164
0.000961184
0.00212834
0.00130446
-0.00144178
-0.00549248
-0.00926856
-0.0106417
-0.00844468
-0.00384473
0.000411936
0.00157909
-0.00102984
-0.00501189
-0.00665963
-0.00357011
0.00281489
0.00789544
0.00789544
0.00274624
-0.0040507
-0.00817006
-0.00700291
-0.0010985
0.00645366
0.0115342
0.0116029
0.00714022
0.00116715
-0.00384473
-0.00714022
-0.00892528
-0.00926856
-0.00741484
-0.00329549
0.00205968
0.00624769
0.00665963
0.00226565
-0.00556113
-0.0130446
-0.0163401
-0.0140745
-0.00851334
-0.00418801
-0.00453129
-0.00885662
-0.0133879
-0.0141431
-0.0102984
-0.00370742
0.00315817
0.00844468
0.0109163
0.00940587
0.00357011
-0.00611038
-0.0168894
-0.0239609
-0.0229311
-0.0133193
0.000549248
0.01277
0.019155
0.0187431
0.0129073
0.00459995
-0.00205968
-0.00391339
-0.00151043
0.00185371
0.00281489
6.8656e-05
-0.00501189
-0.0100924
-0.0130446
-0.0136625
-0.0133193
-0.0131819
-0.0129073
-0.0113969
-0.00844468
-0.00459995
-0.000617904
0.00247161
0.0034328
0.00192237
-0.00102984
-0.00370742
-0.00535517
-0.00624769
-0.00707156
-0.00817006
-0.00947452
-0.0108476
-0.0122208
-0.0133193
-0.0139372
-0.0135252
-0.0113282
-0.00672828
-0.000205968
0.00638501
0.010573
0.0107103
0.00720888
0.00226565
-0.00164774
-0.00350145
-0.00411936
-0.00583576
-0.0107103
-0.0184685
-0.025952
-0.0287669
-0.0243042
-0.0139372
-0.00254027
0.00501189
0.00693425
0.00446264
0.000480592
-0.00267758
-0.00357011
-0.00205968
0.000961184
0.00398205
0.00604173
0.00665963
0.00562979
0.00329549
0.000274624
-0.00226565
-0.0034328
-0.00247161
0.000549248
0.00398205
0.00501189
0.00185371
-0.00480592
-0.0116715
-0.0150357
-0.0129073
-0.00631635
0.00116715
0.00583576
0.00611038
0.0023343
-0.00350145
-0.0091999
-0.0122208
-0.0107103
-0.00473726
0.00350145
0.010573
0.0137998
0.0129073
0.00947452
0.00562979
0.00302086
0.00123581
-0.00144178
-0.00583576
-0.0108476
-0.0143491
-0.0144864
-0.0109163
-0.00439398
0.00288355
0.00796409
0.00837603
0.00439398
-0.00102984
-0.00459995
-0.00535517
-0.00528651
-0.00700291
-0.010985
-0.0150357
-0.0156536
-0.0114655
-0.00425667
0.0023343
0.00604173
0.00755216
0.008582
0.0102984
0.0119461
0.0123581
0.0111223
0.00933721
0.00871931
0.00968049
0.0107103
0.00947452
0.00542382
0.000480592
-0.00185371
0.000961184
0.00851334
0.0163401
0.0185371
0.0120148
-0.00068656
-0.0131133
-0.0196356
-0.0186058
-0.0122208
-0.00446264
0.000961184
0.00226565
-0.000480592
-0.0051492
-0.0081014
-0.00707156
-0.00274624
0.00157909
0.00260893
0
-0.00439398
-0.00782678
-0.00892528
-0.00755216
-0.00459995
-0.00144178
0.000823872
0.0017164
0.00157909
0.00137312
0.00157909
0.00178506
0.000411936
-0.00350145
-0.00926856
-0.014761
-0.0178506
-0.0179879
-0.0159282
-0.0118088
-0.00569845
0.00102984
0.00521785
0.00487457
0.0010985
-0.00295221
-0.00508054
-0.00542382
-0.00508054
-0.00459995
-0.00336414
-0.000892528
0.00247161
0.0051492
0.00528651
0.00226565
-0.00192237
-0.00446264
-0.00398205
-0.00164774
0.000205968
0
-0.00274624
-0.00775812
-0.0136625
-0.0185371
-0.0210774
-0.0209401
-0.0186744
-0.015173
-0.0111909
-0.00762081
-0.00487457
-0.00199102
0.00302086
0.010573
0.0177132
0.019361
0.0127014
0.000411936
-0.0106417
-0.0148297
-0.0117402
-0.00583576
-0.00240296
-0.00329549
-0.0068656
-0.0102984
-0.0116715
-0.010573
-0.00741484
-0.00254027
0.00302086
0.00768947
0.00968049
0.00775812
0.00205968
-0.00679694
-0.0172326
-0.0258833
-0.0286982
-0.0236177
-0.0131819
-0.00254027
0.00459995
0.00871931
0.0122208
0.0151043
0.0151043
0.00995512
0.000274624
-0.010573
-0.0181252
-0.019155
-0.0144178
-0.00775812
-0.00329549
-0.00254027
-0.00446264
-0.00645366
-0.00659097
-0.00453129
-0.00130446
0.00130446
0.00212834
0.000755216
-0.00212834
-0.00473726
-0.0051492
-0.00199102
0.00370742
0.0091999
0.0108476
0.00665963
-0.00226565
-0.0111223
-0.014761
-0.0114655
-0.00432533
0.000892528
0.000205968
-0.00597307
-0.0135939
-0.0182625
-0.0181938
-0.0150357
-0.0120835
-0.010779
-0.0101611
-0.00817006
-0.00494323
-0.00260893
-0.00267758
-0.0040507
-0.00453129
-0.00308952
-0.000755216
0.000411936
0.000137312
0.000137312
0.00247161
0.00700291
0.0106417
0.0105044
0.00624769
-0.000480592
-0.00734619
-0.0127014
-0.0148983
-0.0132506
-0.00844468
-0.00267758
0.00116715
0.000549248
-0.00480592
-0.0117402
-0.0155849
-0.0136625
-0.00707156
0.000274624
0.00528651
0.00714022
0.00700291
0.0057671
0.00384473
0.0017164
0.000549248
0.00130446
0.00363877
0.00590441
0.00665963
0.00556113
0.00274624
-0.00192237
-0.00830737
-0.014761
-0.0182625
-0.0164088
-0.00988646
-0.00205968
0.00329549
0.00418801
0.00123581
-0.00308952
-0.00604173
-0.00679694
-0.00631635
-0.00569845
-0.00453129
-0.00199102
0.000823872
0.00130446
-0.00157909
-0.00631635
-0.0102984
-0.0121521
-0.0116715
-0.00926856
-0.00556113
-0.0017164
0.0010985
0.00226565
0.00199102
0.00123581
0.000480592
-0.000617904
-0.00308952
-0.00727753
-0.0122208
-0.0159282
-0.0170953
-0.0156536
-0.01277
-0.0102297
-0.00961184
-0.0108476
-0.0121521
-0.0117402
-0.00995512
-0.00823872
-0.00789544
-0.008582
-0.00892528
-0.00762081
-0.00439398
-0.000205968
0.00302086
0.00315817
-0.00116715
-0.00913124
-0.0177132
-0.0228624
-0.0225878
-0.0179192
-0.0117402
-0.00645366
-0.00315817
-0.00212834
-0.00302086
-0.00466861
-0.00624769
-0.00720888
-0.00768947
-0.00796409
-0.0081014
-0.0081014
-0.00762081
-0.00638501
-0.00487457
-0.00487457
-0.00775812
-0.0126327
-0.0161342
-0.0158595
-0.0124954
-0.00878796
-0.00665963
-0.00556113
-0.0040507
-0.00157909
0.000617904
0.000617904
-0.00247161
-0.00707156
-0.0101611
-0.00995512
-0.00714022
-0.00425667
-0.00247161
-0.000823872
0.0023343
0.00679694
0.0105044
0.010573
0.00542382
-0.00329549
-0.010985
-0.0132506
-0.00926856
-0.00274624
0.00178506
0.00178506
-0.00205968
-0.0074835
-0.0118088
-0.0137312
-0.0133193
-0.0115342
-0.0100238
-0.010985
-0.0153789
-0.0210087
-0.0234803
-0.0201849
-0.0126327
-0.00542382
-0.0023343
-0.00363877
-0.00679694
-0.008582
-0.0074835
-0.00418801
-0.000411936
0.00192237
0.00185371
-0.000617904
-0.00384473
-0.00590441
-0.00624769
-0.00617904
-0.00789544
-0.0119461
-0.0168894
-0.0205281
-0.021352
-0.019361
-0.0154476
-0.0111223
-0.00823872
-0.00796409
-0.00947452
-0.0110536
-0.0113282
-0.010573
-0.0098178
-0.00995512
-0.0118088
-0.0152416
-0.019567
-0.0226565
-0.0219699
-0.0162715
-0.00755216
0.000137312
0.00322683
0.00157909
-0.0023343
-0.00597307
-0.00830737
-0.00961184
-0.00940587
-0.00727753
-0.00363877
-6.8656e-05
0.00192237
0.00185371
0.000823872
6.8656e-05
0.00034328
0.000961184
0.000480592
-0.00205968
-0.0057671
-0.00885662
-0.00968049
-0.00789544
-0.00446264
-0.00137312
-0.00034328
-0.00164774
-0.00439398
-0.00734619
-0.00995512
-0.0116715
-0.0119461
-0.0104357
-0.00707156
-0.00288355
0.000549248
0.0023343
0.00212834
0.000480592
-0.00157909
-0.00295221
-0.00322683
-0.00226565
-0.000137312
0.00247161
0.00459995
0.00556113
0.00549248
0.00501189
0.00391339
0.00192237
-0.000755216
-0.00260893
-0.00205968
0.00102984
0.00501189
0.00762081
0.0074835
0.00453129
0.000137312
-0.00391339
-0.00583576
-0.00446264
-0.000411936
0.00357011
0.00432533
0.000549248
-0.00604173
-0.0113282
-0.0121521
-0.00823872
-0.00240296
0.00123581
0.000411936
-0.00418801
-0.00947452
-0.0119461
-0.0102984
-0.00542382
0.000205968
0.00425667
0.00624769
0.00679694
0.00679694
0.00597307
0.0034328
-0.00164774
-0.008582
-0.0152416
-0.0188117
-0.017164
-0.0104357
-0.00192237
0.00350145
0.00288355
-0.00254027
-0.00878796
-0.0120835
-0.0104357
-0.00439398
0.00363877
0.00974915
0.0105044
0.00583576
-0.000823872
-0.00556113
-0.00741484
-0.00871931
-0.0118088
-0.0161342
-0.0187431
-0.0173013
-0.0123581
-0.00638501
-0.00226565
-0.00178506
-0.00439398
-0.00775812
-0.0091999
-0.00796409
-0.00611038
-0.00631635
-0.00926856
-0.012976
-0.0150357
-0.0144864
-0.0124267
-0.00988646
-0.00672828
-0.0023343
0.00240296
0.00466861
0.00178506
-0.00659097
-0.017164
-0.0250594
-0.0271878
-0.0240296
-0.0177819
-0.0108476
-0.00508054
-0.00205968
-0.00185371
-0.00226565
-0.000480592
0.00398205
0.0081014
0.00803275
0.00240296
-0.00659097
-0.0142804
-0.0161342
-0.0111909
-0.00226565
0.00624769
0.010573
0.00933721
0.00384473
-0.00288355
-0.00782678
-0.00968049
-0.00913124
-0.00796409
-0.00768947
-0.00899393
-0.0120148
-0.0161342
-0.0198416
-0.0210087
-0.0181252
-0.0121521
-0.00597307
-0.00240296
-0.00329549
-0.00803275
-0.0135252
-0.0164088
-0.0155162
-0.0122894
-0.00871931
-0.00528651
-0.00116715
0.00322683
0.00638501
0.00665963
0.0040507
-6.8656e-05
-0.00398205
-0.00645366
-0.00665963
-0.00466861
-0.00151043
0.00102984
0.00137312
-0.00116715
-0.00617904
-0.0124954
-0.0177132
-0.0188804
-0.0142118
-0.0057671
0.00212834
0.00583576
0.00528651
0.00254027
-0.0010985
-0.0057671
-0.0113969
-0.0159282
-0.0163401
-0.0116715
-0.00466861
0
-0.000411936
-0.00411936
-0.00727753
-0.00762081
-0.00583576
-0.00350145
-0.00178506
-0.0010985
-0.00164774
-0.00308952
-0.00453129
-0.00508054
-0.00487457
-0.00432533
-0.00384473
-0.00357011
-0.00384473
-0.00508054
-0.00714022
-0.00933721
-0.0102297
-0.00865065
-0.00446264
0.000961184
0.00535517
0.00714022
0.00665963
0.00494323
0.00260893
0.00034328
-0.00137312
-0.00274624
-0.00494323
-0.00871931
-0.0135939
-0.0181938
-0.0212834
-0.0219013
-0.0194296
-0.0142804
-0.00823872
-0.00329549
-6.8656e-05
0.00199102
0.00302086
0.00274624
0.00034328
-0.00391339
-0.00865065
-0.0115342
-0.010985
-0.00720888
-0.00205968
0.00219699
0.00398205
0.00302086
0.000411936
-0.00178506
-0.00157909
0.00151043
0.00617904
0.0100924
0.0110536
0.00782678
0.000892528
-0.00707156
-0.0128387
-0.0148983
-0.0148297
-0.0156536
-0.0184685
-0.021146
-0.0205281
-0.015173
-0.00707156
-0.000549248
0.00116715
-0.00123581
-0.0040507
-0.0040507
-0.00137312
0.00116715
0.00102984
-0.00178506
-0.00508054
-0.00652232
-0.00549248
-0.00370742
-0.00363877
-0.00665963
-0.0113282
-0.0141431
-0.01277
-0.00755216
-0.00219699
-0.000411936
-0.00308952
-0.00762081
-0.00995512
-0.00871931
-0.00542382
-0.00267758
-0.00185371
-0.00295221
-0.00556113
-0.00913124
-0.0124954
-0.0144864
-0.0146924
-0.0132506
-0.0105044
-0.00727753
-0.00453129
-0.00315817
-0.00288355
-0.00247161
-0.00123581
0.000961184
0.00288355
0.00281489
-6.8656e-05
-0.00418801
-0.0068656
-0.00707156
-0.00611038
-0.00556113
-0.0057671
-0.00590441
-0.00569845
-0.00583576
-0.00652232
-0.0068656
-0.00542382
-0.00205968
0.000892528
0.000549248
-0.00425667
-0.0113282
-0.0173013
-0.019361
-0.0173013
-0.0128387
-0.00755216
-0.00226565
0.00267758
0.00672828
0.00899393
0.00906259
0.00707156
0.00384473
0.000549248
-0.00205968
-0.00350145
-0.00357011
-0.00205968
-0.000205968
-0.000823872
-0.00617904
-0.0152416
-0.0234803
-0.0262952
-0.0218326
-0.0126327
-0.00363877
0.000961184
0.000205968
-0.00391339
-0.00817006
-0.0101611
-0.0091999
-0.00645366
-0.00418801
-0.00439398
-0.00727753
-0.0104357
-0.0111223
-0.00851334
-0.00432533
-0.000961184
0.000480592
0.00068656
0.000549248
0.000549248
0.000411936
-0.000755216
-0.00357011
-0.00775812
-0.0120148
-0.0140745
-0.0126327
-0.00823872
-0.00377608
-0.00247161
-0.00590441
-0.012976
-0.0201849
-0.0236863
-0.0210774
-0.0137312
-0.00597307
-0.00240296
-0.00446264
-0.0091999
-0.0120148
-0.0100924
-0.0040507
0.00274624
0.00549248
0.00130446
-0.00851334
-0.0180565
-0.0212834
-0.0170267
-0.00899393
-0.00281489
-0.00192237
-0.00617904
-0.0120835
-0.0155162
-0.0140058
-0.00817006
-0.0010985
0.00377608
0.00432533
0.000617904
-0.00535517
-0.0111909
-0.015173
-0.0173013
-0.0179192
-0.017164
-0.0153789
-0.0133193
-0.0111223
-0.00817006
-0.0040507
-0.000892528
-0.00199102
-0.00878796
-0.0185371
-0.0267758
-0.0303459
-0.0289042
-0.0234803
-0.0157909
-0.00789544
-0.00254027
-0.00123581
-0.00281489
-0.00391339
-0.00185371
0.00322683
0.00851334
0.0106417
0.00837603
0.00302086
-0.00295221
-0.00720888
-0.00844468
-0.00714022
-0.00466861
-0.00240296
-0.00102984
-0.00137312
-0.00446264
-0.0101611
-0.0165461
-0.0204595
-0.0190864
-0.0120835
-0.00151043
0.0081014
0.0120148
0.00823872
-0.000961184
-0.0106417
-0.0168207
-0.0181938
-0.0161342
-0.0135252
-0.0131133
-0.0159282
-0.0201162
-0.0224505
-0.0206654
-0.015173
-0.00789544
-0.0010985
0.00336414
0.00439398
0.00254027
-6.8656e-05
-0.00102984
0.00034328
0.00308952
0.00556113
0.00617904
0.00418801
0.000274624
-0.00377608
-0.00638501
-0.00789544
-0.00968049
-0.0127014
-0.0163401
-0.0186058
-0.0177132
-0.0142118
-0.0102984
-0.00823872
-0.00734619
-0.00542382
-0.00205968
0.00034328
-0.000755216
-0.00501189
-0.00830737
-0.00665963
0.000617904
0.00968049
0.0146237
0.0116715
0.00164774
-0.010985
-0.0207341
