LECROYHDO9204-MSöv,30454,Waveform
Segments,1,SegmentSize,2002
Ampl
-0.00645366
0.00068656
0.00377608
0.00144178
-0.00528651
-0.0138685
-0.0208028
-0.0227251
-0.0180565
-0.00817006
0.00260893
0.00947452
0.0101611
0.00611038
0.000892528
-0.00247161
-0.00302086
-0.00151043
0.000549248
0.00254027
0.00418801
0.00528651
0.0051492
0.00302086
-0.000961184
-0.0051492
-0.00782678
-0.00837603
-0.00782678
-0.00796409
-0.00940587
-0.0112596
-0.0117402
-0.00988646
-0.00631635
-0.00322683
-0.00199102
-0.0017164
-0.0010985
0.000411936
0.00199102
0.00315817
0.00363877
0.00315817
0.0017164
-0.000480592
-0.00281489
-0.00473726
-0.00624769
-0.00734619
-0.00803275
-0.00830737
-0.00906259
-0.0113969
-0.0156536
-0.0209401
-0.0248535
-0.0253341
-0.0221759
-0.0164774
-0.0107103
-0.00707156
-0.00631635
-0.00693425
-0.00679694
-0.00542382
-0.00473726
-0.00672828
-0.0116029
-0.0178506
-0.0229997
-0.0245102
-0.0204595
-0.0113969
-0.000961184
0.00521785
0.00302086
-0.00707156
-0.0194296
-0.0269131
-0.0256773
-0.0178506
-0.0091999
-0.00501189
-0.00638501
-0.0112596
-0.0164088
-0.0188804
-0.016958
-0.0116715
-0.00652232
-0.00604173
-0.0118088
-0.021146
-0.0291788
-0.0318564
-0.027531
-0.0174386
-0.00501189
0.00494323
0.00775812
0.000961184
-0.0131133
-0.0278057
-0.0362504
-0.0362504
-0.0314444
-0.0271191
-0.0249908
-0.0229311
-0.0185371
-0.0122208
-0.00597307
-0.000823872
0.00363877
0.00741484
0.00665963
-0.00892528
-0.0559546
-0.15221
-0.306206
-0.506338
-0.719446
-0.904268
-1.0308
-1.09369
-1.10955
-1.10419
-1.09877
-1.10323
-1.11662
-1.13262
-1.14573
-1.15342
-1.15672
-1.15816
-1.15994
-1.16276
-1.16495
-1.16434
-1.15912
-1.14909
-1.13626
-1.12438
-1.11724
-1.11628
-1.11971
-1.12301
-1.12108
-1.11133
-1.09438
-1.07453
-1.05703
-1.04549
-1.04034
-1.04028
-1.04419
-1.05167
-1.06218
-1.07419
-1.08518
-1.09355
-1.09884
-1.10165
-1.10241
-1.10138
-1.09966
-1.09932
-1.10159
-1.10598
-1.11127
-1.11641
-1.12101
-1.12458
-1.12733
-1.1296
-1.13076
-1.12877
-1.12239
-1.11284
-1.10426
-1.09966
-1.09829
-1.09671
-1.09239
-1.08682
-1.0849
-1.0906
-1.10364
-1.11882
-1.12877
-1.12884
-1.1195
-1.10598
-1.09506
-1.09136
-1.09499
-1.10289
-1.1112
-1.1169
-1.11861
-1.11614
-1.11024
-1.10241
-1.09493
-1.09053
-1.09156
-1.09856
-1.10838
-1.11614
-1.11909
-1.11882
-1.11978
-1.12493
-1.13296
-1.13928
-1.13845
-1.12568
-1.09829
-1.05682
-1.00567
-0.95116
-0.897402
-0.845018
-0.792221
-0.738258
-0.684706
-0.634381
-0.588656
-0.54609
-0.503454
-0.457386
-0.405825
-0.349802
-0.293436
-0.242699
-0.202947
-0.175622
-0.158458
-0.146992
-0.136763
-0.125434
-0.112733
-0.100306
-0.0900766
-0.0838976
-0.0830051
-0.0865065
-0.0908318
-0.0915871
-0.0858886
-0.0742858
-0.0599367
-0.0470293
-0.0389279
-0.0369369
-0.0399578
-0.0455876
-0.0517666
-0.0570531
-0.0604173
-0.0614471
-0.0605546
-0.0584949
-0.0549248
-0.048883
-0.0406443
-0.0329549
-0.0293848
-0.0308952
-0.0352892
-0.0392026
-0.0408503
-0.0403697
-0.0379668
-0.0337101
-0.0282863
-0.0240296
-0.0232057
-0.0260893
-0.03014
-0.0325429
-0.0324056
-0.0304146
-0.0281489
-0.0265012
-0.0256087
-0.0248535
-0.0229311
-0.019155
-0.0142118
-0.00961184
-0.00652232
-0.00535517
-0.00659097
-0.0111909
-0.019155
-0.0283549
-0.0356324
-0.038722
-0.0378294
-0.0346026
-0.0306892
-0.0269131
-0.0229997
-0.0192923
-0.0167521
-0.0164774
-0.0187431
-0.0227251
-0.0276684
-0.0324743
-0.0358384
-0.0359071
-0.0312385
-0.0223818
-0.012976
-0.00727753
-0.00714022
-0.0107103
-0.0135252
-0.0129073
-0.0100238
-0.00878796
-0.0116715
-0.0176446
-0.023343
-0.025746
-0.0247848
-0.0221759
-0.0199789
-0.0190177
-0.0185371
-0.0175759
-0.0157222
-0.0136625
-0.0122894
-0.0123581
-0.0142118
-0.0175759
-0.021558
-0.0252654
-0.0282176
-0.0304146
-0.0312385
-0.029728
-0.0253341
-0.0190177
-0.0130446
-0.00995512
-0.0104357
-0.0127014
-0.0135252
-0.0112596
-0.00755216
-0.00604173
-0.00844468
-0.012976
-0.0161342
-0.0159282
-0.0131819
-0.0102297
-0.00940587
-0.0116029
-0.0162028
-0.021146
-0.0238923
-0.0226565
-0.017164
-0.00974915
-0.00370742
-0.00137312
-0.00212834
-0.00302086
-0.00185371
0.00068656
0.00164774
-0.00123581
-0.00789544
-0.0158595
-0.0214893
-0.0220386
-0.0177132
-0.0107103
-0.00425667
-0.00068656
-0.00123581
-0.00542382
-0.0111223
-0.015173
-0.0157909
-0.0135252
-0.0108476
-0.00913124
-0.0081014
-0.00707156
-0.00665963
-0.00844468
-0.012564
-0.0162715
-0.0163401
-0.0121521
-0.00707156
-0.00542382
-0.00865065
-0.0140058
-0.0168894
-0.0148983
-0.00906259
-0.00254027
0.00151043
0.00151043
-0.0023343
-0.00865065
-0.0151043
-0.0197043
-0.0209401
-0.0186058
-0.0137312
-0.00803275
-0.00267758
0.00123581
0.0023343
-0.00034328
-0.00590441
-0.0113969
-0.0139372
-0.0129073
-0.010573
-0.00988646
-0.0120148
-0.0151043
-0.0162715
-0.0142118
-0.0102297
-0.00700291
-0.00528651
-0.00432533
-0.00363877
-0.00411936
-0.00652232
-0.00933721
-0.00988646
-0.00700291
-0.00288355
-0.00123581
-0.00432533
-0.0109163
-0.0170953
-0.0194983
-0.0175759
-0.0134566
-0.00947452
-0.00700291
-0.00652232
-0.00803275
-0.010573
-0.0123581
-0.0120148
-0.0102297
-0.00865065
-0.00830737
-0.00851334
-0.00768947
-0.00508054
-0.00212834
-0.00212834
-0.00734619
-0.0155849
-0.0212834
-0.0197729
-0.0115342
-0.00157909
0.00425667
0.00329549
-0.00274624
-0.00940587
-0.0128387
-0.0119461
-0.00837603
-0.00411936
-0.000205968
0.00322683
0.0057671
0.00645366
0.00425667
-0.000274624
-0.00494323
-0.00734619
-0.00617904
-0.00205968
0.00308952
0.0068656
0.00727753
0.00384473
-0.00219699
-0.00865065
-0.0138685
-0.0172326
-0.0188117
-0.0187431
-0.0170267
-0.0143491
-0.0116029
-0.00913124
-0.00652232
-0.00357011
-0.0010985
-0.00068656
-0.00329549
-0.00782678
-0.0112596
-0.0104357
-0.0051492
0.00157909
0.00569845
0.00562979
0.00267758
-0.00034328
-0.00151043
-0.000411936
0.00157909
0.00226565
-0.000137312
-0.0051492
-0.0103671
-0.012976
-0.0114655
-0.00631635
0.000411936
0.00638501
0.0104357
0.012976
0.0142118
0.0133193
0.00933721
0.00315817
-0.00247161
-0.00549248
-0.00604173
-0.00542382
-0.00501189
-0.00569845
-0.00768947
-0.0112596
-0.0159968
-0.0201849
-0.0216266
-0.0192237
-0.0142118
-0.00947452
-0.0068656
-0.00549248
-0.00302086
0.00123581
0.00542382
0.00714022
0.00583576
0.00350145
0.00192237
0.00130446
-0.000137312
-0.00370742
-0.00865065
-0.0129073
-0.0148983
-0.0144178
-0.0124267
-0.0102297
-0.00940587
-0.0107103
-0.0122894
-0.0104357
-0.00370742
0.00494323
0.0104357
0.0100238
0.00501189
-0.00151043
-0.00700291
-0.0102297
-0.0111223
-0.010573
-0.00974915
-0.00926856
-0.00871931
-0.00768947
-0.00617904
-0.00453129
-0.00336414
-0.0034328
-0.00459995
-0.00583576
-0.0057671
-0.00411936
-0.00192237
-0.00068656
-0.00192237
-0.00611038
-0.0116715
-0.0155162
-0.0146924
-0.00899393
-0.00164774
0.00267758
0.000549248
-0.00782678
-0.0183311
-0.0248535
-0.0234117
-0.0151043
-0.00473726
0.00260893
0.00418801
0.000411936
-0.00645366
-0.0131133
-0.0160655
-0.0140745
-0.00830737
-0.00212834
0.00185371
0.00302086
0.00260893
0.00151043
-0.000549248
-0.00336414
-0.00549248
-0.00501189
-0.00192237
0.00157909
0.00260893
0.000411936
-0.00357011
-0.00665963
-0.00762081
-0.00679694
-0.00480592
-0.00123581
0.00459995
0.0120148
0.0183998
0.0210087
0.0185371
0.0122208
0.00508054
-6.8656e-05
-0.00226565
-0.00274624
-0.00439398
-0.00926856
-0.0168207
-0.0236177
-0.0253341
-0.0200475
-0.00940587
0.0017164
0.00775812
0.00617904
-0.000823872
-0.00755216
-0.0091999
-0.0051492
0.000617904
0.00240296
-0.00240296
-0.0115342
-0.0186744
-0.0184685
-0.0102297
0.00192237
0.0122894
0.0172326
0.0159282
0.0100924
0.00308952
-0.00164774
-0.00219699
0.000755216
0.00446264
0.00693425
0.0081014
0.00878796
0.008582
0.00542382
-0.00178506
-0.0115342
-0.0198416
-0.0232744
-0.0208028
-0.0141431
-0.00590441
0.0010985
0.00466861
0.00370742
-0.000823872
-0.00617904
-0.00968049
-0.00988646
-0.00782678
-0.00549248
-0.00432533
-0.00439398
-0.00473726
-0.00473726
-0.00453129
-0.00521785
-0.00734619
-0.010573
-0.0146237
-0.0188804
-0.021352
-0.019567
-0.0130446
-0.00418801
0.00308952
0.00652232
0.00590441
0.0023343
-0.00288355
-0.0081014
-0.0118088
-0.0141431
-0.0159282
-0.0175073
-0.0177132
-0.0156536
-0.0114655
-0.00617904
-0.00102984
0.00274624
0.00411936
0.00281489
-0.000755216
-0.00638501
-0.0132506
-0.019361
-0.0222445
-0.0200475
-0.0131819
-0.00418801
0.00350145
0.00693425
0.00508054
-0.000617904
-0.00714022
-0.0114655
-0.0122894
-0.00988646
-0.00508054
0.000823872
0.00638501
0.00954318
0.008582
0.00391339
-0.00164774
-0.00432533
-0.00281489
0.0010985
0.00411936
0.00418801
0.00157909
-0.00164774
-0.00336414
-0.00308952
-0.00219699
-0.00205968
-0.00267758
-0.00315817
-0.00315817
-0.00329549
-0.00453129
-0.00665963
-0.00885662
-0.00974915
-0.00871931
-0.00631635
-0.00384473
-0.00267758
-0.00308952
-0.00398205
-0.00418801
-0.00302086
-0.000549248
0.00260893
0.00466861
0.00411936
0.00185371
0.00116715
0.00453129
0.0101611
0.0131133
0.00933721
-0.00068656
-0.012564
-0.0203908
-0.0209401
-0.0152416
-0.00734619
-0.0010985
0.00247161
0.00411936
0.00453129
0.00377608
0.00144178
-0.00219699
-0.00562979
-0.00693425
-0.00562979
-0.0040507
-0.00590441
-0.0122208
-0.0200475
-0.0245102
-0.0229311
-0.016958
-0.0101611
-0.00556113
-0.00384473
-0.00432533
-0.00549248
-0.00583576
-0.00480592
-0.00260893
0.000205968
0.00329549
0.00611038
0.00714022
0.00487457
-0.00123581
-0.00940587
-0.0154476
-0.0155849
-0.00974915
-0.00212834
0.00267758
0.00302086
0.000480592
-0.0023343
-0.00363877
-0.00315817
-0.00144178
0.000205968
0.00034328
-0.00192237
-0.00617904
-0.0100924
-0.0112596
-0.00865065
-0.00391339
0.000480592
0.00295221
0.00363877
0.0040507
0.00459995
0.00432533
0.00219699
-0.00157909
-0.00508054
-0.00672828
-0.00617904
-0.00535517
-0.00631635
-0.00995512
-0.0144864
-0.0172326
-0.0168207
-0.0142804
-0.0115342
-0.00974915
-0.00837603
-0.00652232
-0.00370742
-0.000549248
0.00178506
0.00274624
0.0023343
0.000823872
-0.0017164
-0.00508054
-0.00878796
-0.0120148
-0.0137312
-0.0131133
-0.00995512
-0.00590441
-0.00350145
-0.00473726
-0.00899393
-0.0134566
-0.0152416
-0.0134566
-0.00933721
-0.00549248
-0.00453129
-0.00679694
-0.00968049
-0.00968049
-0.00562979
0.000411936
0.00473726
0.00535517
0.00308952
0.000480592
-0.000274624
0.00137312
0.00411936
0.00590441
0.00521785
0.00240296
-0.000961184
-0.00267758
-0.00212834
-0.000617904
-0.000480592
-0.00295221
-0.0068656
-0.00954318
-0.008582
-0.00363877
0.00288355
0.00796409
0.00988646
0.00885662
0.00617904
0.00315817
0.000892528
-0.000205968
-0.000549248
-0.00137312
-0.00398205
-0.00865065
-0.0137998
-0.0176446
-0.0187431
-0.0164774
-0.0113969
-0.00508054
0.000480592
0.00398205
0.00535517
0.0051492
0.00357011
0.00151043
0.000205968
0.000137312
-0.000205968
-0.00288355
-0.00837603
-0.0151043
-0.0203222
-0.0217639
-0.018949
-0.0132506
-0.00734619
-0.00288355
-0.000274624
0.000961184
0.00102984
-0.000205968
-0.00274624
-0.00624769
-0.0103671
-0.0142118
-0.0164088
-0.0154476
-0.0114655
-0.00693425
-0.0057671
-0.00961184
-0.0163401
-0.0210087
-0.0194983
-0.0111909
0.000274624
0.00933721
0.0120148
0.0081014
0.00144178
-0.00302086
-0.00219699
0.00322683
0.00926856
0.0119461
0.0103671
0.00659097
0.00288355
-0.000411936
-0.00453129
-0.00974915
-0.0153789
-0.0199102
-0.0223818
-0.0222445
-0.0197043
-0.0151043
-0.00988646
-0.00638501
-0.00665963
-0.010985
-0.0170267
-0.0210774
-0.0205281
-0.0152416
-0.00789544
-0.00178506
0.00130446
0.00205968
0.00274624
0.00473726
0.00714022
0.00755216
0.00418801
-0.00247161
-0.0100924
-0.0156536
-0.0175759
-0.0160655
-0.0131819
-0.010985
-0.00974915
-0.00823872
-0.00542382
-0.00157909
0.00164774
0.00247161
0.000411936
-0.00411936
-0.0101611
-0.0162715
-0.0208028
-0.0227251
-0.0221759
-0.0207341
-0.0196356
-0.0188117
-0.0170267
-0.0131133
-0.00755216
-0.00247161
-0.000549248
-0.00295221
-0.00837603
-0.0140058
-0.0179879
-0.0201162
-0.0209401
-0.0206654
-0.018949
-0.0155849
-0.0111223
-0.00707156
-0.00459995
-0.00391339
-0.0040507
-0.00357011
-0.00164774
0.000480592
0.00034328
-0.00357011
-0.00995512
-0.0158595
-0.0184685
-0.0173013
-0.0135939
-0.00995512
-0.00885662
-0.0115342
-0.0168207
-0.0217639
-0.0240296
-0.023343
-0.0212834
-0.0197043
-0.0187431
-0.0172326
-0.0135252
-0.00789544
-0.00302086
-0.00178506
-0.00459995
-0.00947452
-0.0131133
-0.0135939
-0.010779
-0.00652232
-0.00315817
-0.00199102
-0.00199102
-0.0010985
0.000823872
0.0023343
0.00226565
0.00137312
0.00068656
-0.000411936
-0.00377608
-0.00974915
-0.0164774
-0.0210087
-0.0220386
-0.0205968
-0.0184685
-0.0172326
-0.0170953
-0.01737
-0.0170953
-0.0155162
-0.0127014
-0.00961184
-0.00720888
-0.00556113
-0.0034328
0
0.00363877
0.00542382
0.00391339
-0.000205968
-0.00583576
-0.0120835
-0.017164
-0.0188117
-0.0159968
-0.0100238
-0.00398205
-0.000617904
-0.00123581
-0.00501189
-0.00988646
-0.0135252
-0.0148983
-0.0141431
-0.0120148
-0.0091999
-0.00597307
-0.00260893
0.000823872
0.00370742
0.00487457
0.00370742
6.8656e-05
-0.00535517
-0.0115342
-0.0165461
-0.0185371
-0.016958
-0.0134566
-0.0102297
-0.00844468
-0.00782678
-0.00775812
-0.00803275
-0.008582
-0.00933721
-0.0106417
-0.012564
-0.0144178
-0.014761
-0.0131819
-0.0102984
-0.0074835
-0.00624769
-0.00727753
-0.0103671
-0.0139372
-0.0167521
-0.0188804
-0.021352
-0.0244415
-0.0264325
-0.0247848
-0.0179879
-0.00768947
0.00240296
0.00871931
0.0107103
0.00968049
0.00727753
0.00411936
0
-0.00521785
-0.0105044
-0.0137998
-0.0135252
-0.00988646
-0.00549248
-0.00336414
-0.00487457
-0.00823872
-0.0105044
-0.00995512
-0.00714022
-0.00357011
-0.000755216
0.000411936
-6.8656e-05
-0.000411936
0.00130446
0.00521785
0.00899393
0.00961184
0.0057671
-0.00151043
-0.00899393
-0.0133879
-0.0128387
-0.00803275
-0.00185371
0.00295221
0.00425667
0.00068656
-0.00700291
-0.0150357
-0.018949
-0.0173013
-0.0130446
-0.0106417
-0.0112596
-0.01277
-0.0120835
-0.00851334
-0.0034328
0.000755216
0.00288355
0.00322683
0.00254027
0.00144178
-0.000205968
-0.00329549
-0.0081014
-0.0136625
-0.0176446
-0.0177132
-0.0135939
-0.00741484
-0.00260893
-0.00123581
-0.00288355
-0.00535517
-0.00679694
-0.00631635
-0.00446264
-0.00199102
0.000823872
0.00391339
0.00611038
0.0057671
0.00247161
-0.00130446
-0.00247161
-6.8656e-05
0.00363877
0.00535517
0.00363877
-0.000549248
-0.00418801
-0.00473726
-0.00254027
-0.00068656
-0.00185371
-0.00569845
-0.00961184
-0.0115342
-0.0114655
-0.0102984
-0.00851334
-0.00624769
-0.00370742
-0.00116715
0.00144178
0.00398205
0.00611038
0.00652232
0.00377608
-0.00199102
-0.00803275
-0.0111909
-0.0102297
-0.00693425
-0.00384473
-0.00240296
-0.00240296
-0.00329549
-0.00508054
-0.00796409
-0.0115342
-0.0146237
-0.0157909
-0.0143491
-0.010779
-0.00638501
-0.00254027
-0.000274624
0.00068656
0.000480592
-0.00102984
-0.00411936
-0.00803275
-0.010779
-0.010779
-0.00823872
-0.00549248
-0.00535517
-0.00865065
-0.0128387
-0.0145551
-0.0131819
-0.0110536
-0.0109163
-0.0131819
-0.0159968
-0.0170267
-0.0157909
-0.0135252
-0.0113969
-0.00913124
-0.00508054
0.0010985
0.00707156
0.00899393
0.00459995
-0.00480592
-0.0153789
-0.0226565
-0.023549
-0.0178506
-0.00865065
-0.000137312
0.00439398
0.00411936
0.000823872
-0.00267758
-0.00439398
-0.00480592
-0.00617904
-0.0091999
-0.0122208
-0.0131819
-0.0118775
-0.00947452
-0.0068656
-0.00425667
-0.00157909
0.000205968
0.00068656
0.000274624
0.000411936
0.00219699
0.00480592
0.00590441
0.00398205
-0.000480592
-0.00535517
-0.00892528
-0.010985
-0.0122208
-0.0131819
-0.0142804
-0.014967
-0.0140058
-0.0101611
-0.00357011
0.00315817
0.00700291
0.00665963
0.00336414
-0.000549248
-0.0034328
-0.00466861
-0.00466861
-0.00439398
-0.00439398
-0.00494323
-0.0057671
-0.00659097
-0.00707156
-0.00714022
-0.00734619
-0.00817006
-0.00961184
-0.0106417
-0.0105044
-0.00968049
-0.00961184
-0.0102984
-0.00995512
-0.00727753
-0.00308952
0.000549248
0.00205968
0.000961184
-0.00274624
-0.008582
-0.014967
-0.0192923
-0.0190864
-0.0141431
-0.00672828
6.8656e-05
0.00446264
0.00611038
0.0040507
-0.00281489
-0.0135939
-0.0239609
-0.0280803
-0.0224505
-0.00878796
0.00659097
0.0162715
0.0162028
0.0074835
-0.00466861
-0.0139372
-0.0166834
-0.0133193
-0.00768947
-0.00432533
-0.00583576
-0.0117402
-0.0186744
-0.0228624
-0.0223818
-0.0180565
-0.0128387
-0.00954318
-0.00947452
-0.0114655
-0.0133193
-0.0131819
-0.0112596
-0.00933721
-0.00968049
-0.0131819
-0.0185371
-0.0228624
-0.0227938
-0.0168207
-0.00672828
0.00363877
0.0102297
0.0106417
0.00508054
-0.0034328
-0.0105044
-0.0133193
-0.0118088
-0.00865065
-0.00652232
-0.00624769
-0.00645366
-0.00501189
-0.00137312
0.00240296
0.00288355
-0.00137312
-0.00782678
-0.0120835
-0.0112596
-0.00624769
-0.00102984
0.00068656
-0.00219699
-0.00672828
-0.00803275
-0.00336414
0.0051492
0.0120148
0.0129073
0.0081014
0.0017164
-0.00185371
-0.000480592
0.00398205
0.00755216
0.00734619
0.0034328
-0.00144178
-0.00473726
-0.00604173
-0.00617904
-0.00638501
-0.00714022
-0.00865065
-0.0104357
-0.0116029
-0.0111223
-0.00913124
-0.00652232
-0.00453129
-0.00391339
-0.00446264
-0.00556113
-0.00631635
-0.00645366
-0.00549248
-0.00336414
-0.000823872
0.00034328
-0.00178506
-0.00714022
-0.0137998
-0.018949
-0.0203908
-0.0168894
-0.00899393
0.000755216
0.00817006
0.0104357
0.00823872
0.00411936
0
-0.00370742
-0.00720888
-0.0100238
-0.0110536
-0.0091999
-0.00501189
-0.000823872
6.8656e-05
-0.00370742
-0.0102297
-0.0155162
-0.0164774
-0.0133193
-0.00906259
-0.00665963
-0.00665963
-0.00714022
-0.00611038
-0.00336414
-6.8656e-05
0.00274624
0.00508054
0.00700291
0.00775812
0.00624769
0.00144178
-0.00672828
-0.0164774
-0.023755
-0.0244415
-0.0181252
-0.00878796
-0.0023343
-0.00185371
-0.00590441
-0.0100238
-0.00995512
-0.00480592
0.00247161
0.00700291
0.00604173
-0.000137312
-0.00899393
-0.0174386
-0.0229997
-0.0238923
-0.0194983
-0.0102984
0.000617904
0.00871931
0.00974915
0.00363877
-0.00487457
-0.00988646
-0.00940587
-0.00617904
-0.00391339
-0.0034328
-0.00308952
-0.00130446
0.00164774
0.00494323
0.00775812
0.00947452
0.00871931
0.00459995
-0.0017164
-0.00665963
-0.00652232
-0.00102984
0.00624769
0.0106417
0.00926856
0.00247161
-0.00741484
-0.016958
-0.0225878
-0.0226565
-0.0183998
-0.0130446
-0.0100924
-0.0103671
-0.0122894
-0.0135939
-0.0134566
-0.0124267
-0.0115342
-0.0107103
-0.00940587
-0.00672828
-0.00254027
0.00267758
0.00741484
0.0101611
0.00933721
0.0051492
-0.000892528
-0.00638501
-0.00940587
-0.00913124
-0.00604173
-0.00178506
0.00157909
0.00240296
6.8656e-05
-0.00528651
-0.01277
-0.0206654
-0.0260893
-0.0256773
-0.0186058
-0.00782678
0.00164774
0.00542382
0.0023343
-0.0051492
-0.0123581
-0.0150357
-0.0120835
-0.0057671
0.000617904
0.00494323
0.00638501
0.00459995
6.8656e-05
-0.00611038
-0.0122208
-0.0168894
-0.0196356
-0.0212147
-0.0229311
-0.0246475
-0.0244415
-0.0208714
-0.0148297
-0.0098178
-0.00892528
-0.012564
-0.0177819
-0.0202535
-0.0175759
-0.0108476
-0.00384473
0.000137312
0.000411936
-0.00151043
-0.00391339
-0.00604173
-0.00755216
-0.00823872
-0.00782678
-0.00679694
-0.00590441
-0.00562979
-0.00583576
-0.00583576
-0.00494323
-0.00308952
-0.000823872
0.000755216
0.000480592
-0.00219699
-0.00611038
-0.00865065
-0.00741484
-0.00336414
-0.000755216
-0.00336414
-0.0105044
-0.0177132
-0.0203908
-0.0168894
-0.00871931
0
0.00521785
0.00528651
0.00254027
0.00102984
0.00247161
0.00466861
0.00432533
0.00102984
-0.00260893
-0.00357011
-0.00102984
0.00308952
0.00508054
0.0017164
-0.00775812
-0.0204595
-0.0313071
-0.0354951
-0.0309638
-0.0197729
-0.0068656
0.00288355
0.00741484
0.00803275
0.00720888
0.00665963
0.00665963
0.00631635
0.0051492
0.00329549
0.00123581
-0.000892528
-0.00329549
-0.00583576
-0.00865065
-0.0116029
-0.0142118
-0.015173
-0.0133879
-0.00906259
-0.00453129
-0.00254027
-0.00425667
-0.008582
-0.0133879
-0.0161342
-0.0151043
-0.0100238
-0.00295221
0.00315817
0.00631635
0.00590441
0.00212834
-0.00432533
-0.0113282
-0.0161342
-0.0165461
-0.0129073
-0.00720888
-0.00205968
0.00116715
0.00219699
0.00192237
0.000961184
-0.000617904
-0.0034328
-0.00775812
-0.0128387
-0.0166147
-0.0174386
-0.0153103
-0.0122894
-0.0110536
-0.0122894
-0.0140058
-0.0133879
-0.0098178
-0.00590441
-0.00432533
-0.00528651
-0.00665963
-0.00652232
-0.00549248
-0.00508054
-0.00604173
-0.00645366
-0.00391339
0.00219699
0.00899393
0.0122894
0.00961184
0.00164774
-0.00865065
-0.0177819
-0.023343
-0.0244415
-0.021558
-0.0164774
-0.0113282
-0.00789544
-0.00707156
-0.008582
-0.0113282
-0.0140058
-0.0158595
-0.0168894
-0.0175759
-0.0186058
-0.0201849
-0.021352
-0.0201162
-0.0155849
-0.0091999
-0.00357011
-0.000617904
-0.000617904
-0.00281489
-0.00590441
-0.00803275
-0.0081014
-0.00679694
-0.00617904
-0.00734619
-0.00892528
-0.00796409
-0.00281489
0.00556113
0.0135939
0.0174386
0.0153789
0.00940587
0.00315817
-0.00102984
-0.00315817
-0.00418801
-0.00459995
-0.00432533
-0.00350145
-0.00274624
-0.00315817
-0.00521785
-0.00823872
-0.010779
-0.0121521
-0.012976
-0.0142804
-0.0157222
-0.0153789
-0.0116029
-0.00473726
0.00274624
0.00755216
0.00734619
0.00260893
-0.00398205
-0.0091999
-0.0119461
-0.0137312
-0.0165461
-0.021558
-0.0273937
-0.0313071
-0.0302773
-0.0232057
-0.0118088
0.000137312
0.0091999
0.0133879
0.0116715
0.00453129
-0.00549248
-0.0138685
-0.0170953
-0.0143491
-0.00796409
-0.00151043
0.00226565
0.00240296
-0.00102984
-0.0068656
-0.0135252
-0.0194296
-0.0236177
-0.0261579
-0.0271191
-0.025952
-0.0220386
-0.0155162
-0.00851334
-0.00322683
-0.000549248
0.000274624
0.00068656
0.00116715
0.0010985
-0.000549248
-0.0040507
-0.00817006
-0.0103671
-0.00899393
-0.00494323
-0.00123581
-0.00116715
-0.00535517
-0.0114655
-0.0153103
-0.0142118
-0.00906259
-0.00336414
-0.000274624
-0.000755216
-0.00411936
-0.00974915
-0.0167521
-0.0238923
-0.0290415
-0.0303459
-0.0269818
-0.0198416
-0.0116029
-0.00556113
-0.00391339
-0.00611038
-0.00961184
-0.0117402
-0.0113282
-0.00947452
-0.00817006
-0.0081014
-0.00823872
-0.00714022
-0.00480592
-0.00281489
-0.00288355
-0.00528651
-0.00913124
-0.0132506
-0.0164774
-0.0170953
-0.0144864
-0.00954318
-0.00459995
-0.00178506
-0.00205968
-0.00549248
-0.0106417
-0.0144178
-0.0142118
-0.0103671
-0.00604173
-0.00473726
-0.00700291
-0.0102297
-0.0111909
-0.0081014
-0.00185371
0.00459995
0.00823872
0.00762081
0.00357011
-0.00157909
-0.00549248
-0.0068656
-0.00631635
-0.0057671
-0.00741484
-0.0113969
-0.0154476
-0.0167521
-0.0144178
-0.010573
-0.00851334
-0.00913124
-0.0105044
-0.00974915
-0.00638501
-0.00267758
-0.00178506
-0.00535517
-0.0129073
-0.0214207
-0.0267072
-0.0252654
-0.017164
-0.00590441
0.00411936
0.00995512
0.0111909
0.008582
0.00336414
-0.00302086
-0.00878796
-0.012564
-0.0136625
-0.0117402
-0.00693425
-0.000617904
0.00439398
0.00617904
0.00446264
0.00034328
-0.00480592
-0.00926856
-0.0112596
-0.0101611
-0.00700291
-0.00357011
-0.00199102
-0.00391339
-0.00954318
-0.0164774
-0.0205281
-0.0190177
-0.0130446
-0.00624769
-0.00178506
