LECROYHDO9204-MSöv,30454,Waveform
Segments,1,SegmentSize,2002
Ampl
-0.00247161
-0.00439398
-0.00926856
-0.0151043
-0.019567
-0.021146
-0.0199789
-0.0174386
-0.015173
-0.0137312
-0.0114655
-0.00604173
0.00274624
0.0119461
0.0168207
0.0143491
0.00569845
-0.00501189
-0.0137312
-0.0185371
-0.0198416
-0.0198416
-0.0198416
-0.0184685
-0.0131819
-0.00439398
0.00295221
0.00391339
-0.00192237
-0.0100238
-0.0154476
-0.0166834
-0.0159282
-0.0158595
-0.0168207
-0.0170267
-0.0151043
-0.0117402
-0.00906259
-0.00837603
-0.00871931
-0.00837603
-0.00617904
-0.00315817
-0.00157909
-0.00350145
-0.00878796
-0.0148983
-0.0178506
-0.014967
-0.00700291
0.00199102
0.00720888
0.00624769
0.000480592
-0.00631635
-0.0105044
-0.010985
-0.00878796
-0.00590441
-0.00357011
-0.00260893
-0.00329549
-0.00494323
-0.00611038
-0.0057671
-0.00466861
-0.00528651
-0.00961184
-0.01737
-0.0256087
-0.029934
-0.0278057
-0.0200475
-0.010573
-0.00357011
-0.00130446
-0.00281489
-0.00528651
-0.00597307
-0.00494323
-0.00439398
-0.00714022
-0.0135939
-0.0209401
-0.0251967
-0.0238236
-0.0175759
-0.00974915
-0.00411936
-0.00260893
-0.00391339
-0.00521785
-0.00501189
-0.00453129
-0.00611038
-0.0106417
-0.0163401
-0.0201849
-0.0197729
-0.0153789
-0.00954318
-0.00549248
-0.00508054
-0.00837603
-0.0142118
-0.0208714
-0.0265699
-0.0300027
-0.0310325
-0.029728
-0.0260206
-0.0198416
-0.0115342
-0.00192237
0.00631635
0.00707156
-0.0115342
-0.066253
-0.172326
-0.333325
-0.53277
-0.736816
-0.908112
-1.02291
-1.08003
-1.09678
-1.09657
-1.09726
-1.10646
-1.12369
-1.14436
-1.16289
-1.17477
-1.17807
-1.17491
-1.1701
-1.16852
-1.17189
-1.17752
-1.1804
-1.17608
-1.16372
-1.14662
-1.12994
-1.11793
-1.11236
-1.11161
-1.11175
-1.10866
-1.10035
-1.08806
-1.07515
-1.06479
-1.05861
-1.05723
-1.06046
-1.06691
-1.07447
-1.08126
-1.08662
-1.09053
-1.09348
-1.09671
-1.102
-1.10962
-1.11744
-1.12232
-1.12232
-1.11841
-1.11394
-1.11236
-1.11497
-1.1204
-1.12596
-1.1298
-1.13214
-1.13468
-1.13859
-1.14292
-1.14491
-1.14161
-1.13227
-1.1193
-1.10701
-1.09932
-1.09774
-1.1011
-1.10735
-1.1149
-1.12232
-1.12843
-1.13166
-1.1309
-1.1261
-1.11854
-1.11072
-1.10502
-1.10207
-1.10097
-1.10069
-1.1009
-1.10124
-1.10035
-1.09692
-1.09218
-1.09046
-1.09582
-1.10824
-1.12328
-1.13571
-1.14264
-1.14484
-1.14463
-1.1436
-1.14092
-1.13289
-1.11538
-1.08662
-1.04803
-1.00272
-0.953906
-0.904062
-0.854286
-0.804305
-0.752195
-0.696995
-0.639942
-0.584949
-0.535448
-0.491645
-0.45004
-0.406787
-0.360787
-0.313483
-0.267484
-0.225054
-0.188049
-0.157497
-0.133605
-0.116303
-0.105868
-0.101954
-0.102366
-0.10319
-0.101542
-0.0967363
-0.089596
-0.0811514
-0.0725007
-0.0652232
-0.0610352
-0.0601426
-0.0607605
-0.0601426
-0.0565725
-0.0507368
-0.0450383
-0.0411249
-0.0392712
-0.0386533
-0.0383787
-0.0380354
-0.0376921
-0.0376235
-0.0382414
-0.0390652
-0.0390652
-0.0378294
-0.0359071
-0.0339847
-0.031925
-0.0291101
-0.0258833
-0.0236863
-0.0230684
-0.0226565
-0.0204595
-0.0157909
-0.0100238
-0.00611038
-0.00693425
-0.0131819
-0.0223132
-0.0296594
-0.0311012
-0.0256087
-0.0159282
-0.00755216
-0.00556113
-0.0113969
-0.0214893
-0.0297967
-0.0317191
-0.0271878
-0.0201849
-0.0155162
-0.0162715
-0.0219013
-0.0288355
-0.0328862
-0.032131
-0.0280803
-0.0243042
-0.023549
-0.025746
-0.0281489
-0.0272564
-0.0216266
-0.0131133
-0.0057671
-0.00281489
-0.00453129
-0.00871931
-0.0127014
-0.0150357
-0.0155849
-0.0148983
-0.0137998
-0.0133193
-0.0140745
-0.0162715
-0.019155
-0.0216266
-0.0227938
-0.0224505
-0.0209401
-0.0183998
-0.0150357
-0.0113969
-0.00768947
-0.00453129
-0.00226565
-0.00157909
-0.00212834
-0.00302086
-0.00363877
-0.00446264
-0.0068656
-0.0111909
-0.0168207
-0.0227938
-0.0282176
-0.032337
-0.0341907
-0.0337101
-0.0314444
-0.0286295
-0.0258833
-0.0236177
-0.0220386
-0.0209401
-0.0198416
-0.0186058
-0.017164
-0.0153103
-0.0124954
-0.00823872
-0.0034328
-6.8656e-05
-6.8656e-05
-0.00336414
-0.0074835
-0.00954318
-0.008582
-0.00700291
-0.00741484
-0.0101611
-0.0126327
-0.0118088
-0.00734619
-0.00199102
0.000411936
-0.00185371
-0.00645366
-0.00878796
-0.00549248
0.00295221
0.0127014
0.019361
0.0198416
0.0128387
0.00034328
-0.0126327
-0.0205281
-0.0206654
-0.0155849
-0.0106417
-0.010573
-0.0154476
-0.021558
-0.0243729
-0.0219013
-0.0155162
-0.00878796
-0.00439398
-0.00329549
-0.00432533
-0.00569845
-0.00679694
-0.00830737
-0.0109163
-0.0135939
-0.0137312
-0.00974915
-0.00281489
0.00398205
0.00707156
0.00466861
-0.0017164
-0.00741484
-0.00775812
-0.00157909
0.00693425
0.0111909
0.00741484
-0.00295221
-0.0139372
-0.019155
-0.0153789
-0.00432533
0.00837603
0.0161342
0.0155849
0.00830737
-0.00116715
-0.00865065
-0.012564
-0.0133879
-0.0128387
-0.0122894
-0.0126327
-0.0140745
-0.0158595
-0.0170267
-0.0168207
-0.0155849
-0.0139372
-0.0124954
-0.0110536
-0.0091999
-0.0068656
-0.00446264
-0.00226565
-6.8656e-05
0.00178506
0.00178506
-0.00157909
-0.00741484
-0.0124267
-0.0131133
-0.00892528
-0.00274624
0.00130446
0.000823872
-0.00336414
-0.00817006
-0.010779
-0.00961184
-0.0051492
6.8656e-05
0.00315817
0.00274624
0.000480592
-0.000823872
0.000137312
0.0017164
0.00205968
0.000411936
-0.0023343
-0.00501189
-0.00734619
-0.0102984
-0.0140058
-0.017164
-0.0176446
-0.0150357
-0.0107103
-0.00638501
-0.00254027
0.00116715
0.00425667
0.00487457
0.0017164
-0.00453129
-0.0115342
-0.0165461
-0.0180565
-0.0162028
-0.0122208
-0.00755216
-0.00308952
0.00123581
0.0051492
0.00720888
0.00562979
-0.00068656
-0.00968049
-0.017164
-0.019567
-0.0170267
-0.012976
-0.0106417
-0.0103671
-0.0101611
-0.00871931
-0.00631635
-0.00411936
-0.00288355
-0.00281489
-0.00267758
-0.000755216
0.00357011
0.00851334
0.0111909
0.0100238
0.00617904
0.0017164
-0.00199102
-0.00446264
-0.00542382
-0.00494323
-0.00370742
-0.00254027
-0.0023343
-0.00336414
-0.00521785
-0.00645366
-0.0057671
-0.00350145
-0.00199102
-0.00329549
-0.00720888
-0.010985
-0.0116029
-0.00741484
0.000274624
0.00741484
0.00988646
0.00665963
0.000411936
-0.00487457
-0.00720888
-0.00720888
-0.00645366
-0.00604173
-0.00611038
-0.00652232
-0.00700291
-0.00720888
-0.00672828
-0.00459995
-0.000137312
0.00597307
0.0109163
0.0118775
0.0081014
0.00199102
-0.00267758
-0.00350145
-0.00130446
0.00116715
0.00144178
-0.000961184
-0.00411936
-0.00528651
-0.00315817
0.000480592
0.00185371
-0.000961184
-0.00604173
-0.00885662
-0.00679694
-0.00157909
0.00267758
0.00247161
-0.00254027
-0.0100924
-0.0167521
-0.0199789
-0.019361
-0.0165461
-0.0138685
-0.0128387
-0.0134566
-0.014967
-0.0165461
-0.0177132
-0.0178506
-0.0159968
-0.0115342
-0.00549248
-0.00116715
-0.0010985
-0.00494323
-0.00947452
-0.0113282
-0.0100924
-0.00837603
-0.0091999
-0.01277
-0.0166834
-0.0179879
-0.0155162
-0.0100924
-0.00370742
0.00137312
0.00377608
0.00295221
-0.000961184
-0.00693425
-0.0130446
-0.017164
-0.0181938
-0.0160655
-0.0116715
-0.00617904
-0.00130446
0.0017164
0.00247161
0.00123581
-0.000961184
-0.00329549
-0.00521785
-0.00768947
-0.0118088
-0.0175759
-0.0229997
-0.0254027
-0.0232744
-0.0170953
-0.00837603
0.000549248
0.00700291
0.00885662
0.00508054
-0.00240296
-0.0091999
-0.0111223
-0.00762081
-0.00219699
0.000411936
-0.00130446
-0.00508054
-0.00789544
-0.00885662
-0.00913124
-0.00933721
-0.00851334
-0.00562979
-0.00151043
0.00192237
0.0023343
-0.000823872
-0.00659097
-0.0124954
-0.0157909
-0.0153103
-0.0118088
-0.00755216
-0.00466861
-0.00377608
-0.00302086
-0.000549248
0.0034328
0.00604173
0.00459995
-0.000274624
-0.00597307
-0.0109163
-0.0150357
-0.0186058
-0.0210087
-0.0209401
-0.0179192
-0.0133193
-0.00913124
-0.00679694
-0.00590441
-0.00508054
-0.00315817
6.8656e-05
0.00398205
0.00700291
0.00782678
0.00617904
0.0034328
0.00178506
0.00219699
0.00370742
0.00501189
0.00535517
0.00432533
0.0017164
-0.00254027
-0.00727753
-0.0102297
-0.0091999
-0.00384473
0.00377608
0.0102297
0.01277
0.010779
0.00562979
-0.000137312
-0.00459995
-0.00665963
-0.00624769
-0.00425667
-0.00240296
-0.00281489
-0.00597307
-0.0102984
-0.0135939
-0.0143491
-0.012564
-0.00947452
-0.00714022
-0.00700291
-0.00892528
-0.0113969
-0.0127014
-0.0117402
-0.00844468
-0.00494323
-0.00418801
-0.0081014
-0.0148983
-0.0199789
-0.019567
-0.0132506
-0.00459995
0.00123581
0.000892528
-0.00535517
-0.0131133
-0.0175073
-0.0163401
-0.0117402
-0.00762081
-0.00597307
-0.00590441
-0.00528651
-0.00322683
6.8656e-05
0.00425667
0.00933721
0.014761
0.0184685
0.0177132
0.0113969
0.00130446
-0.00851334
-0.0146924
-0.0152416
-0.0100238
-0.000892528
0.00817006
0.0126327
0.0100924
0.0017164
-0.00899393
-0.0179879
-0.0223818
-0.0210774
-0.0156536
-0.00940587
-0.00583576
-0.00700291
-0.0122894
-0.018949
-0.023343
-0.023343
-0.0194296
-0.0136625
-0.00796409
-0.00315817
6.8656e-05
0.00123581
-0.000205968
-0.00350145
-0.00693425
-0.00851334
-0.0074835
-0.00501189
-0.00322683
-0.00391339
-0.00652232
-0.00913124
-0.0091999
-0.00556113
0.00116715
0.00885662
0.014761
0.0164774
0.012564
0.00322683
-0.0091999
-0.0203908
-0.0264325
-0.0258146
-0.0204595
-0.0140745
-0.0100238
-0.00892528
-0.00968049
-0.0109163
-0.0118088
-0.0118088
-0.0102984
-0.00727753
-0.00425667
-0.00295221
-0.00398205
-0.00624769
-0.00830737
-0.00926856
-0.0098178
-0.0111223
-0.0137312
-0.0168894
-0.0190864
-0.0188804
-0.0157909
-0.010985
-0.00700291
-0.00645366
-0.00974915
-0.0148297
-0.0183311
-0.0179879
-0.0138685
-0.00796409
-0.00336414
-0.00199102
-0.00281489
-0.00315817
-0.000961184
0.00274624
0.00521785
0.00446264
0.00068656
-0.00384473
-0.00665963
-0.00714022
-0.00652232
-0.00611038
-0.0057671
-0.00487457
-0.00363877
-0.00336414
-0.00473726
-0.00700291
-0.008582
-0.00803275
-0.00562979
-0.00377608
-0.00473726
-0.00762081
-0.00844468
-0.00425667
0.00363877
0.0101611
0.0112596
0.00693425
0.000755216
-0.00398205
-0.00604173
-0.00562979
-0.00322683
0.000411936
0.00370742
0.00494323
0.00377608
0.00123581
-0.00102984
-0.00226565
-0.00288355
-0.00350145
-0.00466861
-0.00659097
-0.0098178
-0.0142118
-0.0183311
-0.0201162
-0.0177132
-0.0111223
-0.0023343
0.00535517
0.00906259
0.00823872
0.00466861
0.00102984
-0.000892528
-0.00116715
-0.00137312
-0.00336414
-0.00707156
-0.0098178
-0.00837603
-0.0017164
0.00755216
0.0150357
0.0179192
0.0157222
0.00961184
0.00192237
-0.00453129
-0.00775812
-0.00775812
-0.00624769
-0.00480592
-0.00384473
-0.00363877
-0.00487457
-0.00768947
-0.0109163
-0.0124954
-0.0104357
-0.00508054
0.00144178
0.0057671
0.00590441
0.00274624
-0.00068656
-0.00164774
6.8656e-05
0.00219699
0.00226565
-0.000823872
-0.00604173
-0.0106417
-0.01277
-0.0126327
-0.0119461
-0.0122208
-0.0138685
-0.0161342
-0.0178506
-0.0180565
-0.0162028
-0.0127014
-0.00851334
-0.00528651
-0.00459995
-0.00652232
-0.00906259
-0.0098178
-0.00885662
-0.00830737
-0.00954318
-0.0113282
-0.0110536
-0.00755216
-0.0023343
0.00178506
0.00281489
0.000823872
-0.00247161
-0.00549248
-0.00775812
-0.0102297
-0.0135252
-0.0172326
-0.0199102
-0.0199789
-0.0168894
-0.0110536
-0.00439398
0.000961184
0.00357011
0.00336414
0.00151043
-0.000823872
-0.00254027
-0.00281489
-0.00116715
0.00205968
0.00542382
0.00734619
0.00624769
0.0023343
-0.00267758
-0.00590441
-0.00624769
-0.00508054
-0.00556113
-0.00940587
-0.0154476
-0.0207341
-0.0227251
-0.0205281
-0.0154476
-0.0103671
-0.00817006
-0.0098178
-0.0133879
-0.0155162
-0.0138685
-0.00871931
-0.00226565
0.00315817
0.00604173
0.00597307
0.00336414
-0.000823872
-0.00521785
-0.00871931
-0.0111223
-0.0131819
-0.0152416
-0.0168894
-0.0173013
-0.0164774
-0.0148983
-0.01277
-0.0100238
-0.00720888
-0.00521785
-0.00494323
-0.00597307
-0.00741484
-0.00837603
-0.00885662
-0.00961184
-0.0112596
-0.0131133
-0.01277
-0.00830737
-0.00068656
0.00672828
0.010573
0.00974915
0.00453129
-0.00411936
-0.0144864
-0.0244415
-0.0311698
-0.0324743
-0.0274624
-0.0180565
-0.00844468
-0.00260893
-0.00199102
-0.00487457
-0.00796409
-0.00871931
-0.00665963
-0.00350145
-0.00157909
-0.00185371
-0.0034328
-0.00473726
-0.00425667
-0.00137312
0.00377608
0.00906259
0.0113282
0.00823872
0.000617904
-0.00775812
-0.0128387
-0.0123581
-0.00727753
-0.000755216
0.00384473
0.00562979
0.00590441
0.00631635
0.00665963
0.00611038
0.00363877
-0.000892528
-0.00734619
-0.0144178
-0.0197729
-0.0200475
-0.0138685
-0.00281489
0.00775812
0.0114655
0.00473726
-0.0102297
-0.0258146
-0.0348772
-0.0347399
-0.0281489
-0.0197043
-0.0133193
-0.010573
-0.0108476
-0.0118088
-0.0114655
-0.00906259
-0.00556113
-0.00219699
0.000205968
0.00164774
0.00199102
0.000617904
-0.00308952
-0.00844468
-0.012976
-0.0141431
-0.0116715
-0.00782678
-0.00487457
-0.00384473
-0.00453129
-0.00652232
-0.00885662
-0.00988646
-0.00823872
-0.00418801
0.00034328
0.00302086
0.00254027
-0.000549248
-0.00487457
-0.00865065
-0.0106417
-0.0105044
-0.00844468
-0.00556113
-0.00329549
-0.00315817
-0.00556113
-0.00926856
-0.0124267
-0.0135252
-0.0124954
-0.010779
-0.0104357
-0.0122208
-0.0144178
-0.0138685
-0.00947452
-0.00274624
0.00336414
0.00679694
0.00693425
0.00418801
-0.000137312
-0.00391339
-0.00528651
-0.00377608
-0.000961184
0.000823872
-0.000205968
-0.00418801
-0.00954318
-0.0146924
-0.0180565
-0.0186744
-0.0158595
-0.0103671
-0.00473726
-0.00267758
-0.00604173
-0.0134566
-0.0208714
-0.0242356
-0.0216266
-0.0144178
-0.00652232
-0.00240296
-0.00370742
-0.00892528
-0.0145551
-0.0180565
-0.0190864
-0.0185371
-0.0177819
-0.0175759
-0.0178506
-0.0177132
-0.0160655
-0.0120148
-0.00597307
0.000480592
0.00501189
0.00535517
0.00123581
-0.00549248
-0.0111223
-0.0124267
-0.00885662
-0.00295221
0.00192237
0.00391339
0.00315817
0.000892528
-0.00219699
-0.00638501
-0.0114655
-0.0158595
-0.0181938
-0.0181938
-0.0167521
-0.0150357
-0.0141431
-0.0143491
-0.0146924
-0.0138685
-0.0116029
-0.00961184
-0.0102297
-0.0142804
-0.0197729
-0.0229311
-0.0208028
-0.0136625
-0.00542382
-0.000274624
0.000274624
-0.00178506
-0.00308952
-0.00151043
0.00240296
0.00631635
0.00720888
0.00315817
-0.00487457
-0.0133193
-0.0176446
-0.0155849
-0.00851334
-0.000274624
0.00528651
0.00569845
0.000823872
-0.00672828
-0.0129073
-0.0145551
-0.0119461
-0.00817006
-0.00645366
-0.00768947
-0.00940587
-0.00892528
-0.00556113
-0.00102984
0.00302086
0.00542382
0.00542382
0.0023343
-0.00350145
-0.0102297
-0.0157222
-0.019155
-0.0203908
-0.0194983
-0.0168207
-0.0136625
-0.0123581
-0.0142118
-0.0186744
-0.0231371
-0.0249221
-0.0229997
-0.0183998
-0.0132506
-0.00865065
-0.00432533
6.8656e-05
0.00370742
0.00453129
0.0010985
-0.00659097
-0.0164088
-0.0245102
-0.0266385
-0.0219013
-0.0135252
-0.00665963
-0.00377608
-0.00391339
-0.00480592
-0.00590441
-0.00823872
-0.0119461
-0.0153103
-0.0156536
-0.0118775
-0.00604173
-0.0017164
-0.00157909
-0.00542382
-0.010573
-0.0134566
-0.0120148
-0.00638501
0.0010985
0.00714022
0.00947452
0.00775812
0.00377608
0.000137312
-0.0017164
-0.00219699
-0.00288355
-0.00494323
-0.00830737
-0.0118088
-0.0141431
-0.0148297
-0.0139372
-0.0118088
-0.00837603
-0.00398205
0
0.0023343
0.00192237
-0.000892528
-0.00473726
-0.00727753
-0.00679694
-0.00322683
0.00137312
0.00466861
0.00569845
0.0051492
0.00480592
0.00590441
0.00789544
0.00871931
0.00672828
0.00123581
-0.00645366
-0.0139372
-0.0180565
-0.0165461
-0.0091999
0.0010985
0.0100238
0.0135939
0.0100238
0.000823872
-0.00954318
-0.015173
-0.0131819
-0.00556113
0.00212834
0.00494323
0.00151043
-0.00528651
-0.0103671
-0.0101611
-0.00542382
-0.000480592
0.000137312
-0.00411936
-0.0104357
-0.0152416
-0.0168207
-0.0159968
-0.0137998
-0.010985
-0.00823872
-0.00707156
-0.00885662
-0.0137998
-0.0197043
-0.0241669
-0.0254714
-0.023549
-0.0190177
-0.0124267
-0.00446264
0.00308952
0.00789544
0.00865065
0.00624769
0.00260893
-0.000823872
-0.00363877
-0.00597307
-0.00823872
-0.0102297
-0.0121521
-0.0142118
-0.0163401
-0.0175759
-0.0164088
-0.0121521
-0.00583576
0
0.00315817
0.00281489
0
-0.00322683
-0.00494323
-0.00446264
-0.00308952
-0.00281489
-0.00459995
-0.00741484
-0.00913124
-0.00755216
-0.00288355
0.00199102
0.00308952
-0.00123581
-0.00878796
-0.0144178
-0.0144178
-0.00892528
-0.00178506
0.00199102
0.000137312
-0.00556113
-0.0111909
-0.0137312
-0.0129073
-0.0103671
-0.00803275
-0.00755216
-0.0101611
-0.0155849
-0.0209401
-0.0217639
-0.0155162
-0.00446264
0.00521785
0.00782678
0.00267758
-0.00590441
-0.01277
-0.0159282
-0.0164088
-0.0155849
-0.0138685
-0.0120835
-0.0117402
-0.0140058
-0.0180565
-0.021558
-0.0223818
-0.0198416
-0.0141431
-0.00700291
-0.00102984
0.0010985
-0.00102984
-0.00542382
-0.00926856
-0.0111223
-0.010573
-0.0081014
-0.00439398
-0.00144178
-0.00123581
-0.00459995
-0.0105044
-0.0164774
-0.0201849
-0.0203222
-0.0174386
-0.0133879
-0.0103671
-0.00954318
-0.0108476
-0.0128387
-0.0135252
-0.0124267
-0.0103671
-0.00885662
-0.00830737
-0.00803275
-0.00714022
-0.00535517
-0.00295221
-0.00123581
-0.00130446
-0.00288355
-0.00459995
-0.00480592
-0.00281489
0.00068656
0.00473726
0.00796409
0.00851334
0.00528651
-0.00068656
-0.00638501
-0.00830737
-0.00562979
-0.0010985
0.00123581
-0.000617904
-0.00480592
-0.00775812
-0.00720888
-0.00363877
0.00102984
0.00466861
0.0057671
0.00398205
0.000205968
-0.00322683
-0.00418801
-0.0023343
0.000274624
0.000274624
-0.00501189
-0.015173
-0.0260206
-0.0313071
-0.0271191
-0.0153789
-0.00295221
0.00308952
-0.000205968
-0.0098178
-0.0190177
-0.0219699
-0.0172326
-0.00768947
0.00199102
0.00885662
0.0127014
0.0146237
0.0155849
0.0144864
0.0098178
0.00157909
-0.00741484
-0.0129073
-0.0126327
-0.00817006
-0.00370742
-0.00219699
-0.00391339
-0.00727753
-0.010779
-0.0133193
-0.0138685
-0.0116029
-0.00741484
-0.00350145
-0.00178506
-0.00212834
-0.00260893
-0.00226565
-0.00240296
-0.00562979
-0.012564
-0.0203222
-0.0245102
-0.0228624
-0.0170953
-0.0105044
-0.00528651
-0.00164774
0.000617904
0.00123581
-0.000137312
-0.00281489
-0.00562979
-0.00782678
-0.00995512
-0.0126327
-0.0153103
-0.0168894
-0.0170267
-0.0164088
-0.0153789
-0.0131819
-0.00947452
-0.00535517
-0.00247161
-0.0017164
-0.0023343
-0.0034328
-0.00411936
-0.00391339
-0.00336414
-0.00302086
-0.00357011
-0.00528651
-0.00796409
-0.0109163
-0.0120835
-0.00974915
-0.00453129
0.000274624
0.000961184
-0.00370742
-0.0113969
-0.0183311
-0.0210774
-0.0186744
-0.0131133
-0.00768947
-0.0051492
-0.0051492
-0.00535517
-0.00466861
-0.00370742
-0.00322683
-0.00295221
-0.0023343
-0.00178506
-0.0023343
-0.0040507
-0.00535517
-0.0051492
-0.00384473
-0.0034328
-0.00521785
-0.0081014
-0.0100924
-0.0101611
-0.00940587
-0.00933721
-0.0102984
-0.0104357
-0.00755216
-0.00144178
0.00528651
0.00906259
0.0081014
0.00308952
-0.00391339
-0.0109163
-0.0166834
-0.0192237
-0.0166834
-0.00926856
-0.000137312
0.00672828
0.00885662
0.00617904
0.00130446
-0.0023343
-0.00199102
0.00205968
0.00665963
0.00844468
0.00672828
0.00302086
-0.000411936
-0.0023343
-0.00240296
-0.000411936
0.0040507
0.0102984
0.0157222
0.0166834
0.0111909
0.00102984
-0.00906259
-0.0139372
-0.0113969
-0.00391339
0.00288355
0.00384473
-0.00185371
-0.0103671
-0.0160655
-0.0156536
-0.0105044
-0.00556113
-0.00466861
-0.00755216
-0.0100238
-0.00851334
-0.00329549
0.00240296
0.0051492
0.00439398
0.00164774
-0.00123581
-0.00357011
-0.00494323
-0.00508054
-0.00384473
-0.00254027
-0.00295221
-0.00645366
-0.0121521
-0.0176446
-0.0201162
-0.0183998
-0.0140058
-0.0103671
-0.00974915
-0.0113282
-0.0124267
-0.0111909
-0.00782678
-0.00384473
-0.000549248
0.00212834
0.00453129
0.00638501
0.00638501
0.00363877
-0.0010985
-0.00590441
-0.00933721
-0.0112596
-0.0121521
-0.0122208
-0.0113969
-0.0098178
-0.00789544
-0.00569845
-0.00363877
-0.00212834
-0.00178506
-0.00199102
-0.00130446
0.00102984
0.00329549
0.00267758
-0.00199102
-0.00851334
-0.0133879
-0.0146924
-0.0134566
-0.0121521
-0.0117402
-0.0113282
-0.0100238
-0.00817006
-0.00659097
-0.00542382
-0.00459995
-0.00459995
-0.00611038
-0.00871931
-0.0111909
-0.0120148
-0.0105044
-0.00693425
-0.00247161
0.0010985
0.00295221
0.0034328
0.00384473
0.00398205
0.00178506
-0.00439398
-0.0137998
-0.0225192
-0.0258146
-0.0210774
-0.0102984
0.000892528
0.00693425
0.00652232
0.00315817
0.000961184
0.00151043
0.00281489
0.00219699
-0.000823872
-0.00453129
-0.00569845
-0.00226565
0.00501189
0.0128387
0.0166147
0.0137312
0.0051492
-0.00480592
-0.0114655
-0.0131133
-0.0118088
-0.0105044
-0.0103671
-0.0103671
-0.00947452
-0.00878796
-0.00940587
-0.0110536
-0.0118088
-0.00988646
-0.00528651
-0.000823872
-0.000205968
-0.00521785
-0.0135252
-0.0202535
-0.021146
-0.0159968
-0.00830737
-0.0023343
-6.8656e-05
0
0.000617904
0.00274624
0.00459995
0.00384473
-0.000137312
-0.00535517
-0.00926856
-0.0109163
-0.0118775
-0.0143491
-0.0188117
-0.0231371
-0.0243042
-0.0207341
-0.0137998
-0.00652232
-0.0010985
0.00219699
0.00411936
0.00446264
0.00199102
-0.00315817
-0.00837603
-0.00974915
-0.00590441
0.00034328
0.00391339
0.00151043
-0.00556113
-0.0132506
-0.0181252
-0.0190177
-0.016958
-0.0132506
-0.008582
-0.00315817
0.00226565
0.00604173
0.0068656
0.00501189
0.00205968
-0.000823872
-0.00370742
-0.00700291
-0.0106417
-0.0136625
-0.0153789
-0.0152416
-0.012976
-0.00913124
-0.00611038
-0.00672828
-0.0113282
-0.0168207
-0.0185371
-0.0139372
-0.00446264
0.00508054
0.0102984
0.00968049
0.00487457
-0.000755216
-0.00494323
-0.00631635
-0.00453129
-0.00034328
0.00439398
0.00782678
0.00878796
0.00727753
0.00398205
0
-0.00391339
-0.00707156
-0.00878796
-0.00885662
-0.00755216
-0.00597307
-0.00521785
-0.00611038
-0.00913124
-0.0137312
-0.0179192
-0.0192923
-0.0167521
-0.0113282
-0.00535517
-0.00068656
0.00219699
0.00363877
0.00453129
0.0057671
0.0081014
0.0111909
0.0133193
0.012564
0.00837603
0.00205968
-0.00439398
-0.0098178
-0.0136625
-0.0162028
-0.0181938
-0.0194296
-0.0186744
-0.0148297
-0.0091999
-0.00521785
-0.0057671
-0.0100238
-0.0142804
-0.0152416
-0.0128387
-0.0098178
-0.00878796
-0.00940587
-0.00871931
-0.00432533
0.00267758
0.00871931
0.0113969
0.0111909
0.0098178
0.00789544
0.00508054
0.00137312
-0.00192237
-0.00336414
-0.00240296
-0.000617904
-0.00034328
-0.00267758
-0.00652232
-0.00933721
-0.0091999
-0.00631635
-0.00295221
-0.00130446
-0.00192237
-0.00267758
-0.00151043
0.00116715
0.00274624
0.000480592
-0.00549248
-0.0123581
-0.0163401
-0.0160655
-0.0134566
-0.0113969
-0.0115342
-0.012564
-0.0118775
-0.0081014
-0.00274624
0.00151043
0.00384473
0.0051492
0.00638501
0.00679694
0.00425667
-0.00178506
-0.00899393
-0.0131819
-0.0117402
-0.00583576
0.000205968
0.00178506
-0.00205968
-0.00871931
-0.0141431
-0.0158595
-0.0139372
-0.0101611
-0.00665963
-0.00453129
-0.00336414
-0.00178506
0.0010985
0.00473726
0.00755216
0.00817006
0.00535517
-0.00068656
-0.00830737
-0.0145551
-0.016958
-0.014967
-0.0100924
-0.00411936
0.00102984
0.00384473
0.00281489
-0.00212834
-0.00940587
-0.0161342
-0.0194983
-0.0188117
-0.0154476
-0.0116715
-0.0091999
-0.00823872
-0.00803275
-0.0074835
-0.00590441
-0.00363877
-0.00185371
-0.00157909
-0.00302086
-0.00611038
-0.0102984
