LECROYHDO9204-MSöv,30454,Waveform
Segments,1,SegmentSize,2002
Ampl
-0.0174386
-0.0184685
-0.0162715
-0.0113969
-0.00665963
-0.00604173
-0.0113282
-0.0202535
-0.0280116
-0.0307579
-0.0280803
-0.0219013
-0.0151043
-0.00988646
-0.00700291
-0.00590441
-0.00617904
-0.00741484
-0.00913124
-0.0106417
-0.0114655
-0.0114655
-0.0113282
-0.0121521
-0.0148983
-0.0192923
-0.0232057
-0.0244415
-0.0227251
-0.0200475
-0.0183311
-0.0179879
-0.01737
-0.0144864
-0.00899393
-0.00274624
0.000892528
0
-0.00391339
-0.00768947
-0.00878796
-0.0074835
-0.00604173
-0.00652232
-0.00844468
-0.00968049
-0.00817006
-0.00466861
-0.00199102
-0.00192237
-0.00418801
-0.00734619
-0.010779
-0.0141431
-0.0162715
-0.0156536
-0.0122208
-0.00762081
-0.00459995
-0.00466861
-0.00741484
-0.010573
-0.0114655
-0.00954318
-0.00611038
-0.00295221
-0.000755216
0.000480592
0.000137312
-0.00295221
-0.00844468
-0.0135939
-0.014967
-0.0111223
-0.00446264
0.000961184
0.00295221
0.00267758
0.00288355
0.00432533
0.00494323
0.00240296
-0.00363877
-0.0111909
-0.01737
-0.0205968
-0.0205968
-0.0186744
-0.0164088
-0.0152416
-0.0159968
-0.0181252
-0.0201162
-0.0201849
-0.0170267
-0.010985
-0.00384473
0.0023343
0.00604173
0.00617904
0.00212834
-0.00590441
-0.0159968
-0.0254027
-0.0316504
-0.0333668
-0.0310325
-0.0267758
-0.023343
-0.0225878
-0.0245102
-0.0278743
-0.0313071
-0.0324743
-0.0281489
-0.0164088
-0.000961184
0.00501189
-0.019567
-0.0970795
-0.239541
-0.438094
-0.660196
-0.860534
-1.00238
-1.07495
-1.0941
-1.08751
-1.07859
-1.07962
-1.09376
-1.11841
-1.1469
-1.1701
-1.18061
-1.17759
-1.16695
-1.15678
-1.15246
-1.15376
-1.15706
-1.15809
-1.15424
-1.14518
-1.13324
-1.12198
-1.11394
-1.10879
-1.10481
-1.10097
-1.09637
-1.08971
-1.07982
-1.06822
-1.05854
-1.05394
-1.05456
-1.05778
-1.06053
-1.06176
-1.06279
-1.06643
-1.07474
-1.08717
-1.10028
-1.10962
-1.11319
-1.11243
-1.11051
-1.11078
-1.11532
-1.12335
-1.13193
-1.13715
-1.13701
-1.13241
-1.12664
-1.1228
-1.12198
-1.12232
-1.12136
-1.11799
-1.11346
-1.10976
-1.10824
-1.10824
-1.1079
-1.10612
-1.10399
-1.10413
-1.10811
-1.11456
-1.1204
-1.12314
-1.12253
-1.11998
-1.11744
-1.11587
-1.11504
-1.11415
-1.1123
-1.10927
-1.10591
-1.10316
-1.1022
-1.10364
-1.1068
-1.10955
-1.1101
-1.10866
-1.10804
-1.11154
-1.12026
-1.13248
-1.14436
-1.15054
-1.14566
-1.12692
-1.09568
-1.05593
-1.01199
-0.966333
-0.919441
-0.870626
-0.819066
-0.765239
-0.711413
-0.660402
-0.61296
-0.56751
-0.521305
-0.472902
-0.422852
-0.372802
-0.324331
-0.278537
-0.235765
-0.196768
-0.163264
-0.138204
-0.123031
-0.115136
-0.108614
-0.0987273
-0.0857513
-0.0742171
-0.0685187
-0.0687933
-0.0710589
-0.0707843
-0.0655665
-0.0565039
-0.046892
-0.0394772
-0.0354951
-0.0350145
-0.0377608
-0.0427727
-0.0479905
-0.0516979
-0.0538263
-0.0556113
-0.0569845
-0.0562979
-0.0516979
-0.0440771
-0.0370056
-0.0341907
-0.0367309
-0.0433219
-0.0505994
-0.0550621
-0.0539636
-0.0467547
-0.0357698
-0.0250594
-0.0183311
-0.0161342
-0.0167521
-0.0178506
-0.0186058
-0.019567
-0.0209401
-0.0220386
-0.0223818
-0.0222445
-0.0222445
-0.0223818
-0.0221072
-0.0212834
-0.0201162
-0.0186058
-0.0167521
-0.014967
-0.0142118
-0.0153103
-0.0186058
-0.0228624
-0.0254027
-0.023343
-0.0165461
-0.00782678
-0.00137312
-0.00034328
-0.00549248
-0.0148983
-0.0250594
-0.0317877
-0.0330235
-0.0295221
-0.0238923
-0.0183998
-0.0144864
-0.0128387
-0.0133193
-0.0143491
-0.0136625
-0.00995512
-0.00432533
-0.000480592
-0.00247161
-0.0112596
-0.0232744
-0.031925
-0.032337
-0.025746
-0.0179192
-0.0145551
-0.0168894
-0.0222445
-0.0264325
-0.0269131
-0.0231371
-0.0162028
-0.00817006
-0.00157909
0.00137312
-0.00034328
-0.00569845
-0.0124954
-0.0188804
-0.0245102
-0.0293161
-0.0329549
-0.0352205
-0.0358384
-0.034122
-0.0296594
-0.0236863
-0.0183998
-0.0148297
-0.0114655
-0.00569845
0.00274624
0.0102297
0.0116029
0.00535517
-0.00501189
-0.0136625
-0.0170267
-0.0153789
-0.0108476
-0.00542382
-0.0010985
0.00068656
-0.000617904
-0.00391339
-0.00789544
-0.0113969
-0.0137312
-0.0140058
-0.0119461
-0.00892528
-0.00720888
-0.00796409
-0.0106417
-0.0131133
-0.0133193
-0.0103671
-0.00501189
0.00116715
0.00617904
0.00823872
0.00583576
-0.0010985
-0.0108476
-0.0201162
-0.0262266
-0.0275997
-0.0236863
-0.0150357
-0.00398205
0.0057671
0.0106417
0.00974915
0.00501189
-0.000137312
-0.00329549
-0.00391339
-0.0023343
0.000755216
0.00425667
0.00638501
0.0051492
-0.000617904
-0.00988646
-0.0199102
-0.0271191
-0.0296594
-0.0273251
-0.0214207
-0.0139372
-0.00693425
-0.00164774
0.00192237
0.00432533
0.00556113
0.00480592
0.00192237
-0.00219699
-0.00562979
-0.00734619
-0.00768947
-0.00796409
-0.00892528
-0.0098178
-0.008582
-0.00425667
0.00102984
0.00350145
0.0010985
-0.00466861
-0.0098178
-0.0121521
-0.0124954
-0.0124954
-0.0122208
-0.0104357
-0.00659097
-0.00192237
0.00123581
0.0017164
0.000411936
-0.00116715
-0.00302086
-0.00590441
-0.0098178
-0.0129073
-0.0131819
-0.0107103
-0.00720888
-0.00466861
-0.00357011
-0.00295221
-0.0017164
-0.000137312
6.8656e-05
-0.00260893
-0.00672828
-0.00913124
-0.00700291
-0.00102984
0.00535517
0.0081014
0.00562979
-0.000411936
-0.00645366
-0.00968049
-0.00954318
-0.00714022
-0.00439398
-0.00315817
-0.00418801
-0.00679694
-0.00968049
-0.0118088
-0.0128387
-0.0128387
-0.0118088
-0.00961184
-0.00645366
-0.00288355
0.000411936
0.00267758
0.0040507
0.00439398
0.00288355
-0.00199102
-0.0102984
-0.0194983
-0.0252654
-0.0249221
-0.0197043
-0.0136625
-0.0100924
-0.00906259
-0.00837603
-0.00665963
-0.00473726
-0.00411936
-0.00487457
-0.00521785
-0.00281489
0.00219699
0.00659097
0.00727753
0.00377608
-0.0010985
-0.00391339
-0.00267758
0.00178506
0.0068656
0.00933721
0.00734619
0.00185371
-0.00446264
-0.00906259
-0.0109163
-0.010985
-0.0116029
-0.014761
-0.0201849
-0.0249908
-0.025746
-0.021558
-0.0141431
-0.00624769
-0.000480592
0.00157909
-0.000480592
-0.00535517
-0.00995512
-0.0107103
-0.00611038
0.00247161
0.0113282
0.0162715
0.0152416
0.00933721
0.00247161
-0.00192237
-0.00315817
-0.00350145
-0.00556113
-0.00899393
-0.0115342
-0.0111909
-0.008582
-0.00631635
-0.00645366
-0.00899393
-0.0123581
-0.0148297
-0.0152416
-0.0134566
-0.0106417
-0.00844468
-0.00789544
-0.00885662
-0.0106417
-0.0128387
-0.0152416
-0.0176446
-0.0192237
-0.0186058
-0.0145551
-0.00727753
0.000892528
0.00611038
0.00556113
-0.000137312
-0.00782678
-0.0135252
-0.014761
-0.0113969
-0.0057671
-0.00123581
-0.000617904
-0.00418801
-0.00947452
-0.0131133
-0.0128387
-0.00885662
-0.00357011
0.00068656
0.00267758
0.00178506
-0.00260893
-0.010573
-0.0203222
-0.0280803
-0.0304833
-0.0267758
-0.0192237
-0.0108476
-0.00370742
0.00151043
0.00473726
0.00624769
0.00672828
0.00665963
0.00611038
0.00480592
0.00288355
0.000892528
-0.000274624
-0.000823872
-0.00212834
-0.00569845
-0.0113282
-0.0167521
-0.0192237
-0.0179192
-0.0136625
-0.00823872
-0.00363877
-0.00116715
-0.00130446
-0.00329549
-0.00583576
-0.00803275
-0.00892528
-0.00775812
-0.00446264
-0.00034328
0.00199102
0.000480592
-0.00521785
-0.012976
-0.0188117
-0.0198416
-0.0155849
-0.00844468
-0.00130446
0.00370742
0.00617904
0.00611038
0.00308952
-0.0023343
-0.00789544
-0.0104357
-0.00851334
-0.00357011
0.0010985
0.00329549
0.00274624
0.000823872
-0.00137312
-0.00329549
-0.00487457
-0.00556113
-0.00535517
-0.00459995
-0.00391339
-0.00281489
-0.000961184
0.000823872
0.000961184
-0.00144178
-0.00542382
-0.00878796
-0.00974915
-0.00823872
-0.00617904
-0.00569845
-0.00707156
-0.00796409
-0.00590441
-0.000755216
0.00508054
0.00906259
0.0105044
0.0110536
0.0122208
0.0138685
0.0135939
0.00933721
0.00144178
-0.00700291
-0.0126327
-0.0135939
-0.010573
-0.00597307
-0.00254027
-0.00226565
-0.00425667
-0.00562979
-0.00418801
-0.000892528
0.0010985
-0.000892528
-0.00665963
-0.0128387
-0.0155849
-0.0135939
-0.00844468
-0.00357011
-0.00130446
-0.00123581
-0.0017164
-0.00144178
-0.000823872
-0.00157909
-0.00446264
-0.0081014
-0.00906259
-0.0051492
0.00219699
0.00892528
0.0119461
0.0109163
0.00789544
0.00487457
0.00226565
-0.000480592
-0.0040507
-0.00817006
-0.010985
-0.0109163
-0.00823872
-0.00508054
-0.00411936
-0.00569845
-0.00817006
-0.00885662
-0.00638501
-0.00123581
0.00521785
0.0113969
0.0152416
0.0144178
0.00768947
-0.0034328
-0.0145551
-0.0207341
-0.0194983
-0.0131819
-0.00665963
-0.00411936
-0.00652232
-0.0120148
-0.0175759
-0.021558
-0.0238236
-0.0249221
-0.0249221
-0.0229997
-0.0179879
-0.0101611
-0.00212834
0.00267758
0.00219699
-0.00205968
-0.00631635
-0.00789544
-0.00714022
-0.00624769
-0.00679694
-0.00782678
-0.00775812
-0.00645366
-0.00501189
-0.00480592
-0.00624769
-0.00830737
-0.00906259
-0.00679694
-0.00219699
0.00137312
0.00068656
-0.00398205
-0.00837603
-0.00865065
-0.00494323
-0.00123581
-0.00144178
-0.00569845
-0.0105044
-0.0121521
-0.0098178
-0.00528651
-0.000480592
0.00418801
0.00913124
0.0143491
0.018949
0.021146
0.0192923
0.0135252
0.00590441
-0.000480592
-0.00384473
-0.00453129
-0.00459995
-0.00590441
-0.00837603
-0.0107103
-0.0111223
-0.00926856
-0.00611038
-0.00322683
-0.00144178
-0.000755216
-0.000892528
-0.00205968
-0.00425667
-0.00693425
-0.008582
-0.00803275
-0.00528651
-0.00137312
0.00185371
0.0034328
0.00295221
0.000549248
-0.00439398
-0.0122894
-0.021558
-0.0278743
-0.0265699
-0.0167521
-0.00302086
0.00830737
0.0131819
0.0113282
0.00480592
-0.00411936
-0.012976
-0.0194983
-0.0221072
-0.0206654
-0.0165461
-0.0118088
-0.00830737
-0.00707156
-0.00775812
-0.00933721
-0.0106417
-0.0102297
-0.0074835
-0.00384473
-0.00247161
-0.00562979
-0.0123581
-0.0181252
-0.0181938
-0.0116029
-0.00240296
0.00267758
-0.000137312
-0.008582
-0.0167521
-0.0196356
-0.0162028
-0.00830737
0.000480592
0.00679694
0.00817006
0.00391339
-0.0051492
-0.0157222
-0.0229311
-0.0227938
-0.0153789
-0.00508054
0.0023343
0.00370742
6.8656e-05
-0.00432533
-0.00604173
-0.00439398
-0.00157909
0
-0.000274624
-0.00123581
-0.0023343
-0.00384473
-0.00611038
-0.00906259
-0.0122208
-0.0150357
-0.0159968
-0.0140058
-0.00961184
-0.00556113
-0.00432533
-0.00562979
-0.00707156
-0.00707156
-0.00645366
-0.00741484
-0.0104357
-0.0135252
-0.0136625
-0.0098178
-0.00377608
0.000755216
0.00144178
-0.00116715
-0.00501189
-0.00796409
-0.00933721
-0.00926856
-0.00906259
-0.0100924
-0.01277
-0.0153103
-0.0150357
-0.0111223
-0.00604173
-0.00357011
-0.00562979
-0.0105044
-0.0138685
-0.0124954
-0.00659097
-6.8656e-05
0.00315817
0.00254027
0.00034328
-0.00192237
-0.00473726
-0.00933721
-0.0142118
-0.0158595
-0.0119461
-0.00377608
0.00446264
0.00844468
0.00597307
-0.00178506
-0.010779
-0.0159968
-0.0146237
-0.00837603
-0.0023343
-0.00144178
-0.00652232
-0.0140058
-0.019155
-0.019567
-0.0154476
-0.00871931
-0.00254027
-0.00034328
-0.00315817
-0.00865065
-0.01277
-0.0132506
-0.0112596
-0.00940587
-0.0091999
-0.0100238
-0.0102297
-0.00871931
-0.00535517
-0.00102984
0.00274624
0.00453129
0.00357011
0.000480592
-0.00260893
-0.00370742
-0.00315817
-0.00357011
-0.00672828
-0.010779
-0.0119461
-0.008582
-0.00295221
0.00137312
0.00267758
0.0017164
-0.000274624
-0.00315817
-0.00720888
-0.0119461
-0.0158595
-0.0177132
-0.0174386
-0.0157222
-0.0131819
-0.00940587
-0.00439398
0.000892528
0.00501189
0.00714022
0.00741484
0.00624769
0.00418801
0.00185371
6.8656e-05
-0.00068656
-0.000549248
-0.000617904
-0.00212834
-0.00549248
-0.00974915
-0.0133879
-0.0148983
-0.0137998
-0.0105044
-0.0057671
-0.000755216
0.00274624
0.00377608
0.00288355
0.00192237
0.00185371
0.0017164
0.000205968
-0.00219699
-0.00398205
-0.00411936
-0.00308952
-0.00199102
-0.00151043
-0.00178506
-0.00288355
-0.00487457
-0.00762081
-0.00988646
-0.0108476
-0.0111909
-0.0120148
-0.0134566
-0.0133879
-0.0102297
-0.00439398
0.00178506
0.00597307
0.00720888
0.00590441
0.00363877
0.00185371
0.00123581
0.00116715
0.000274624
-0.00178506
-0.00446264
-0.00604173
-0.00535517
-0.00288355
-0.000274624
0.000549248
-0.0010985
-0.00425667
-0.00693425
-0.00789544
-0.00700291
-0.00446264
-0.00102984
0.00178506
0.00212834
-0.000549248
-0.00459995
-0.0074835
-0.00796409
-0.00720888
-0.00652232
-0.0051492
-0.0010985
0.00562979
0.0124954
0.0159968
0.0146924
0.00968049
0.00329549
-0.00260893
-0.00762081
-0.0122208
-0.0163401
-0.0185371
-0.0163401
-0.00871931
0.00219699
0.0113969
0.0145551
0.0112596
0.00453129
-0.0010985
-0.00329549
-0.00240296
-0.000892528
-0.000755216
-0.00226565
-0.00425667
-0.00604173
-0.00830737
-0.0115342
-0.0150357
-0.0172326
-0.0174386
-0.0162028
-0.0144178
-0.0120148
-0.00851334
-0.00336414
0.00226565
0.00583576
0.00473726
-0.0010985
-0.00878796
-0.0148983
-0.0176446
-0.017164
-0.0143491
-0.00988646
-0.00466861
-0.000205968
0.00192237
0.000823872
-0.0023343
-0.00590441
-0.00865065
-0.0109163
-0.0133879
-0.0155849
-0.0157909
-0.0131819
-0.00913124
-0.00583576
-0.00370742
-0.0010985
0.00288355
0.00693425
0.00823872
0.00535517
-0.000961184
-0.00830737
-0.0140745
-0.0163401
-0.014967
-0.0116029
-0.0091999
-0.00988646
-0.0131819
-0.0161342
-0.0156536
-0.0111909
-0.00459995
0.00205968
0.00775812
0.0116715
0.0127014
0.0106417
0.00714022
0.00425667
0.00308952
0.00350145
0.00418801
0.0034328
6.8656e-05
-0.00528651
-0.0098178
-0.0107103
-0.00741484
-0.00192237
0.00302086
0.00562979
0.00521785
0.00199102
-0.00315817
-0.00871931
-0.0128387
-0.0137998
-0.010573
-0.00418801
0.00219699
0.00562979
0.0057671
0.00466861
0.00480592
0.00720888
0.0106417
0.01277
0.0122894
0.0102297
0.00844468
0.00768947
0.00707156
0.0057671
0.00398205
0.00247161
0.000961184
-0.000961184
-0.00370742
-0.00720888
-0.0114655
-0.0164088
-0.0214207
-0.0245788
-0.0234803
-0.0170953
-0.00707156
0.00322683
0.0102984
0.0124954
0.0102984
0.0051492
-0.00144178
-0.00755216
-0.0116029
-0.0130446
-0.0131133
-0.0136625
-0.0150357
-0.0160655
-0.0153789
-0.0135939
-0.0131133
-0.0159282
-0.0210774
-0.0248535
-0.0239609
-0.0185371
-0.0118088
-0.0074835
-0.00611038
-0.00562979
-0.00398205
-0.00102984
0.00123581
0.000617904
-0.00391339
-0.010573
-0.014967
-0.0133879
-0.00604173
0.00281489
0.0081014
0.00762081
0.00288355
-0.00315817
-0.00830737
-0.0116029
-0.0129073
-0.0121521
-0.00926856
-0.00556113
-0.00350145
-0.00521785
-0.0109163
-0.0179879
-0.0229311
-0.0236177
-0.0207341
-0.0167521
-0.0128387
-0.00830737
-0.0023343
0.00350145
0.00617904
0.00398205
-0.00226565
-0.00995512
-0.0164088
-0.019361
-0.0177819
-0.0118088
-0.00322683
0.00473726
0.00892528
0.00775812
0.00240296
-0.00425667
-0.00961184
-0.0124954
-0.0133879
-0.012976
-0.0111223
-0.0081014
-0.00487457
-0.00281489
-0.00219699
-0.00274624
-0.00459995
-0.00782678
-0.0116715
-0.0142118
-0.0137998
-0.0105044
-0.00645366
-0.00446264
-0.00631635
-0.0114655
-0.0172326
-0.0204595
-0.019155
-0.0133879
-0.00494323
0.00391339
0.0116029
0.0166834
0.0184685
0.016958
0.0132506
0.00837603
0.00267758
-0.00322683
-0.00830737
-0.0111223
-0.0111909
-0.00926856
-0.00693425
-0.00508054
-0.00350145
-0.00164774
-0.000411936
-0.00102984
-0.00357011
-0.00590441
-0.00590441
-0.0034328
-0.000755216
-0.000205968
-0.00205968
-0.00446264
-0.0051492
-0.00418801
-0.00302086
-0.00302086
-0.00384473
-0.00453129
-0.00473726
-0.00446264
-0.00384473
-0.00295221
-0.00240296
-0.0034328
-0.00645366
-0.0101611
-0.0122894
-0.0112596
-0.00755216
-0.00302086
-6.8656e-05
-6.8656e-05
-0.00308952
-0.00755216
-0.0114655
-0.0130446
-0.0120148
-0.00947452
-0.00672828
-0.00391339
-6.8656e-05
0.00549248
0.0122894
0.0178506
0.0188117
0.0129073
0.00130446
-0.0111909
-0.0186058
-0.0179879
-0.0112596
-0.00363877
0.000961184
0.00185371
0.00130446
0.00144178
0.00322683
0.00611038
0.00851334
0.008582
0.00631635
0.00446264
0.00659097
0.0122208
0.0165461
0.0142804
0.00473726
-0.00679694
-0.0137998
-0.0140745
-0.0111909
-0.00995512
-0.0117402
-0.0137998
-0.0132506
-0.00961184
-0.00501189
-0.0023343
-0.00308952
-0.00659097
-0.0105044
-0.012976
-0.0141431
-0.0156536
-0.0179192
-0.0188804
-0.0157909
-0.00844468
0.000617904
0.00782678
0.00995512
0.0057671
-0.00391339
-0.0157909
-0.0254714
-0.0300027
-0.0287669
-0.0229311
-0.014967
-0.00817006
-0.00446264
-0.00391339
-0.00501189
-0.00652232
-0.0074835
-0.00714022
-0.00556113
-0.00329549
-0.000892528
0.00130446
0.00295221
0.00363877
0.00281489
-0.000205968
-0.00597307
-0.0137998
-0.0210774
-0.0251281
-0.02554
-0.0238236
-0.0218326
-0.019567
-0.0161342
-0.0108476
-0.00446264
0.00102984
0.00411936
0.00459995
0.00329549
0.00102984
-0.00240296
-0.00720888
-0.01277
-0.0172326
-0.0188117
-0.0168894
-0.0123581
-0.00679694
-0.00130446
0.00398205
0.00885662
0.0122894
0.0133193
0.0118088
0.00878796
0.00617904
0.00494323
0.00439398
0.0034328
0.00144178
-0.000823872
-0.00205968
-0.00123581
0.00151043
0.00487457
0.00665963
0.00508054
-0.000411936
-0.00823872
-0.015173
-0.0177819
-0.0144178
-0.00617904
0.00363877
0.0116029
0.0157909
0.0160655
0.0132506
0.008582
0.00260893
-0.00494323
-0.0142118
-0.0234117
-0.0295221
-0.0306892
-0.0274624
-0.0219699
-0.0157222
-0.00899393
-0.00192237
0.00439398
0.00741484
0.00521785
-0.00130446
-0.00906259
-0.0145551
-0.0157909
-0.0124267
-0.0057671
0.0010985
0.00459995
0.00336414
-0.000892528
-0.00487457
-0.00672828
-0.00652232
-0.00528651
-0.00411936
-0.00363877
-0.00370742
-0.00357011
-0.00219699
0.000274624
0.00212834
0.000961184
-0.00384473
-0.00968049
-0.01277
-0.0113282
-0.00659097
-0.00205968
-0.000411936
-0.00164774
-0.00350145
-0.00370742
-0.00226565
-0.00102984
-0.00240296
-0.0068656
-0.0123581
-0.0150357
-0.0124954
-0.00562979
0.0010985
0.00302086
-0.00178506
-0.0112596
-0.0201849
-0.0228624
-0.0166147
-0.0034328
0.0109163
0.0202535
0.0209401
0.0136625
0.00254027
-0.00762081
-0.0142118
-0.017164
-0.0178506
-0.0173013
-0.0150357
-0.0106417
-0.00494323
0.000137312
0.00205968
-0.00068656
-0.00734619
-0.014967
-0.0198416
-0.0199102
-0.0156536
-0.0091999
-0.00302086
0.0010985
0.00267758
0.00226565
0.00123581
0.000823872
0.00144178
0.00205968
0.00157909
-6.8656e-05
-0.00178506
-0.00254027
-0.00219699
-0.00144178
-0.00164774
-0.00466861
-0.0118088
-0.0216266
-0.0296594
-0.0309638
-0.023755
-0.0118775
-0.0017164
0.00254027
0.00144178
-0.00137312
-0.00267758
-0.00164774
0.000411936
0.00219699
0.00322683
0.00384473
0.00377608
0.00226565
-0.000549248
-0.00274624
-0.00219699
0.000892528
0.00363877
0.00274624
-0.00226565
-0.00830737
-0.0113969
-0.00947452
-0.00350145
0.00370742
0.00899393
0.0106417
0.00817006
0.0017164
-0.00720888
-0.0150357
-0.0175759
-0.0128387
-0.00329549
0.00542382
0.0081014
0.00370742
-0.00446264
-0.010985
-0.0124954
-0.00947452
-0.00487457
-0.00137312
0.000411936
0.000823872
6.8656e-05
-0.00247161
-0.00659097
-0.0109163
-0.0131819
-0.0121521
-0.00906259
-0.00679694
-0.00830737
-0.0138685
-0.0202535
-0.0232744
-0.0210087
-0.0148983
-0.0081014
-0.0034328
-0.00185371
-0.00260893
-0.00425667
-0.00583576
-0.0068656
-0.00775812
-0.00871931
-0.00926856
-0.00817006
-0.00528651
-0.0023343
-0.00199102
-0.00556113
-0.0112596
-0.0155849
-0.0157222
-0.0111223
-0.00384473
0.00267758
0.00528651
0.00281489
-0.00302086
-0.0091999
-0.0137998
-0.0162715
-0.0168207
-0.014967
-0.010985
-0.00659097
-0.00363877
-0.00219699
-0.000892528
0.0017164
0.0051492
0.00659097
0.00357011
-0.00377608
-0.0123581
-0.0177819
-0.0176446
-0.0122894
-0.00418801
0.00281489
0.0057671
0.00377608
-0.00157909
-0.00823872
-0.0144864
-0.0190864
-0.0205968
-0.0182625
-0.0130446
-0.00762081
-0.00473726
-0.00535517
-0.00768947
-0.00871931
-0.00679694
-0.00295221
-0.000137312
-0.000549248
-0.00370742
-0.00645366
-0.00604173
-0.00247161
0.00157909
0.00370742
0.0040507
0.00466861
0.0068656
0.00961184
0.0102984
0.00693425
-6.8656e-05
-0.008582
-0.0158595
-0.0198416
-0.0197729
-0.0166147
-0.0122208
-0.00830737
-0.00521785
-0.00247161
-0.000892528
-0.00205968
-0.00700291
-0.0139372
-0.019361
-0.0200475
-0.014967
-0.00631635
0.00192237
0.00604173
0.00494323
6.8656e-05
-0.00508054
-0.00693425
-0.0040507
0.00205968
0.00762081
0.0091999
0.00583576
-0.000823872
-0.00823872
-0.0140058
-0.0166147
-0.0161342
-0.0134566
-0.00940587
-0.00363877
0.00370742
0.0105044
0.0135252
0.0110536
0.00480592
-0.00151043
-0.00453129
-0.00357011
-0.000549248
0.00192237
0.00260893
0.00240296
0.00295221
0.00487457
0.00679694
0.00583576
0.000549248
-0.00727753
-0.0133879
-0.0142804
-0.0102297
-0.00501189
-0.00260893
-0.00411936
-0.00782678
-0.0109163
-0.0115342
-0.00899393
-0.00425667
0
0.000205968
-0.00521785
-0.0141431
-0.0219013
-0.0246475
-0.0216953
-0.0152416
-0.00830737
-0.00274624
0.0010985
0.00322683
0.00302086
0
-0.00501189
-0.0100924
-0.0134566
-0.015173
-0.0166147
-0.019155
-0.0227251
-0.0258833
-0.0267072
-0.0239609
-0.0179879
-0.0101611
-0.00219699
0.00425667
0.00768947
0.00679694
0.00116715
-0.00768947
-0.0166147
-0.0216953
-0.0214207
-0.0175759
-0.0143491
-0.0156536
-0.0216266
-0.0287669
-0.0320623
-0.0287669
-0.0194983
-0.00851334
-0.000411936
0.00288355
0.00295221
0.00247161
0.00295221
0.00425667
0.0057671
0.00720888
0.00823872
0.00775812
0.00473726
-0.000480592
-0.00583576
-0.00906259
-0.00913124
-0.00665963
-0.00418801
-0.00336414
-0.00446264
-0.00597307
-0.00665963
-0.00617904
-0.00459995
-0.00240296
-0.00034328
0.000411936
-0.000961184
-0.00425667
-0.00844468
-0.0116715
-0.0120835
-0.00906259
-0.00439398
-0.00102984
-0.000617904
-0.00267758
-0.00569845
-0.00871931
-0.010985
-0.0120148
-0.0113282
-0.00947452
-0.00755216
-0.00590441
-0.00459995
-0.00384473
-0.00473726
-0.00789544
-0.01277
-0.0174386
-0.0203222
-0.0207341
-0.019567
-0.0178506
-0.0160655
-0.0142804
-0.0127014
-0.0127014
-0.0153103
-0.0194296
-0.0221072
-0.0209401
-0.0160655
-0.0100238
-0.00562979
-0.00377608
-0.00370742
-0.00439398
-0.00508054
-0.00583576
-0.00727753
-0.0102297
-0.0142118
-0.0165461
-0.0148297
-0.00974915
-0.00501189
-0.00398205
-0.00727753
-0.0124954
-0.0162715
-0.0157909
-0.0106417
-0.00281489
0.00384473
0.00556113
0.0010985
-0.00796409
-0.0178506
-0.0243729
-0.0245788
-0.0186058
-0.00954318
-0.00116715
0.0040507
0.00556113
0.00466861
0.00377608
0.00501189
0.0081014
0.010573
0.0098178
0.00569845
0.000205968
-0.00425667
-0.00652232
-0.00707156
-0.00768947
-0.010573
-0.0164774
-0.0241669
-0.0300713
-0.0314444
-0.027737
-0.0210087
-0.0142118
-0.00885662
-0.00466861
-0.000480592
0.00398205
0.00741484
0.00789544
0.00494323
0.000480592
-0.00288355
-0.00377608
-0.00295221
-0.00212834
-0.00281489
-0.00590441
-0.0105044
-0.0143491
-0.0150357
-0.0113282
-0.00439398
0.00267758
0.00624769
0.00384473
-0.00384473
-0.0131133
-0.0185371
-0.0163401
-0.00700291
0.00466861
0.012976
0.014761
0.0107103
0.00370742
-0.00308952
-0.00714022
-0.00755216
-0.00549248
-0.00308952
-0.00137312
0.000274624
0.00260893
0.00459995
0.0040507
0.00034328
-0.00432533
-0.00679694
-0.00611038
-0.00446264
-0.00556113
-0.0106417
-0.0168894
-0.019567
-0.0160655
-0.00830737
-0.00151043
0
-0.0040507
-0.0102297
-0.0145551
-0.0155849
-0.0141431
-0.0116029
-0.00899393
