LECROYHDO9204-MSöv,30454,Waveform
Segments,1,SegmentSize,2002
Ampl
-0.00755216
-0.00720888
-0.00954318
-0.0119461
-0.01277
-0.0124267
-0.0113282
-0.00878796
-0.00377608
0.00302086
0.00865065
0.0101611
0.00707156
0.00226565
-0.000480592
6.8656e-05
0.00185371
0.00199102
-0.000411936
-0.00336414
-0.00411936
-0.00185371
0.00123581
0.00178506
-0.0010985
-0.00425667
-0.00350145
0.00219699
0.00892528
0.010985
0.00535517
-0.00597307
-0.0178506
-0.0256087
-0.0273937
-0.0243042
-0.0179192
-0.00988646
-0.00212834
0.00308952
0.00466861
0.00350145
0.00185371
0.000961184
-0.000205968
-0.00322683
-0.00844468
-0.0142804
-0.0178506
-0.0167521
-0.0110536
-0.00350145
0.00192237
0.00288355
-0.00034328
-0.00501189
-0.00796409
-0.00830737
-0.00775812
-0.00885662
-0.0124267
-0.0165461
-0.0181252
-0.0159282
-0.0113282
-0.00700291
-0.00439398
-0.00308952
-0.00240296
-0.00212834
-0.00315817
-0.00631635
-0.0115342
-0.0168894
-0.0198416
-0.018949
-0.015173
-0.0111223
-0.00906259
-0.00961184
-0.0108476
-0.00988646
-0.00611038
-0.00308952
-0.0051492
-0.0123581
-0.0197729
-0.0219699
-0.0180565
-0.0120148
-0.00865065
-0.0098178
-0.0139372
-0.0179192
-0.0199789
-0.0200475
-0.019155
-0.0178506
-0.0160655
-0.0140058
-0.0127014
-0.0133193
-0.0159282
-0.019155
-0.0210087
-0.0206654
-0.0185371
-0.0159282
-0.0146237
-0.0164774
-0.0221072
-0.0302086
-0.0374175
-0.0396145
-0.0339847
-0.0209401
-0.00624769
-0.00308952
-0.0312385
-0.111497
-0.254988
-0.452237
-0.671318
-0.869116
-1.01144
-1.08765
-1.11147
-1.10852
-1.10131
-1.10172
-1.11154
-1.12699
-1.14264
-1.15356
-1.15713
-1.15424
-1.14882
-1.14546
-1.14649
-1.15102
-1.15644
-1.16063
-1.16207
-1.15926
-1.15047
-1.13564
-1.11744
-1.10062
-1.08957
-1.08552
-1.08566
-1.08545
-1.08236
-1.07694
-1.07103
-1.06609
-1.06259
-1.0606
-1.05998
-1.06101
-1.06479
-1.07247
-1.08339
-1.09451
-1.10227
-1.10481
-1.10392
-1.10337
-1.10632
-1.11333
-1.12163
-1.12788
-1.13063
-1.13083
-1.13035
-1.13008
-1.12939
-1.12733
-1.12355
-1.11854
-1.11367
-1.11024
-1.10941
-1.11161
-1.11566
-1.11964
-1.12143
-1.12115
-1.12088
-1.12266
-1.12582
-1.12726
-1.12424
-1.11765
-1.11106
-1.10721
-1.10605
-1.10502
-1.10165
-1.09554
-1.08895
-1.0849
-1.08545
-1.09026
-1.09678
-1.10193
-1.10419
-1.10488
-1.10715
-1.1136
-1.12404
-1.1355
-1.14477
-1.14985
-1.15102
-1.14909
-1.14333
-1.13056
-1.10646
-1.06904
-1.02037
-0.966264
-0.912438
-0.861152
-0.811239
-0.760708
-0.709148
-0.657587
-0.606919
-0.556457
-0.504621
-0.450932
-0.3969
-0.345134
-0.29783
-0.256018
-0.219768
-0.18901
-0.164019
-0.145207
-0.131339
-0.119255
-0.105799
-0.0911751
-0.079023
-0.0733932
-0.074835
-0.0800529
-0.0832797
-0.0797096
-0.0681067
-0.0519039
-0.0373488
-0.029728
-0.0304146
-0.0367996
-0.0444204
-0.049501
-0.0505994
-0.0487457
-0.0463428
-0.0452443
-0.0455189
-0.0463428
-0.0467547
-0.0462055
-0.0443518
-0.0416742
-0.0387906
-0.0359757
-0.0332295
-0.0306892
-0.0293848
-0.0295221
-0.0296594
-0.0269131
-0.0197729
-0.010985
-0.00652232
-0.0104357
-0.0207341
-0.0306206
-0.0346713
-0.0324743
-0.0278743
-0.0248535
-0.0252654
-0.0282176
-0.0314444
-0.0325429
-0.0305519
-0.0266385
-0.0232057
-0.0217639
-0.0221072
-0.0229997
-0.023549
-0.0240982
-0.0253341
-0.0272564
-0.0287669
-0.0287669
-0.0270505
-0.0244415
-0.021146
-0.0166834
-0.0112596
-0.00700291
-0.00672828
-0.0114655
-0.0186058
-0.0232744
-0.0219699
-0.0153103
-0.00775812
-0.00363877
-0.00466861
-0.00933721
-0.0155849
-0.0217639
-0.0265012
-0.0289728
-0.0290415
-0.0273937
-0.0248535
-0.0216266
-0.0181938
-0.0150357
-0.01277
-0.0117402
-0.0118775
-0.0121521
-0.0107103
-0.00638501
-0.000617904
0.00274624
0.000274624
-0.00817006
-0.0187431
-0.0267758
-0.0290415
-0.02554
-0.0188804
-0.012564
-0.00954318
-0.0102984
-0.0129073
-0.0141431
-0.01277
-0.0104357
-0.0102984
-0.0130446
-0.0161342
-0.0162028
-0.0126327
-0.0081014
-0.00521785
-0.00473726
-0.00535517
-0.00597307
-0.00672828
-0.00844468
-0.0111909
-0.0130446
-0.0111223
-0.00446264
0.00418801
0.0102297
0.0103671
0.00501189
-0.00254027
-0.00885662
-0.0113282
-0.00940587
-0.00432533
0.00130446
0.00473726
0.00494323
0.00226565
-0.00254027
-0.00865065
-0.0148983
-0.0200475
-0.0225878
-0.021352
-0.0162715
-0.00878796
-0.0023343
-6.8656e-05
-0.00260893
-0.00762081
-0.0113969
-0.0122894
-0.010985
-0.00974915
-0.00968049
-0.0102297
-0.010779
-0.0109163
-0.010985
-0.0106417
-0.00906259
-0.00638501
-0.00363877
-0.0017164
-0.00034328
0.00102984
0.0023343
0.00315817
0.00329549
0.00240296
-0.000274624
-0.00473726
-0.0100238
-0.014761
-0.0176446
-0.0180565
-0.0159282
-0.0122894
-0.00865065
-0.00597307
-0.00432533
-0.00391339
-0.00446264
-0.00528651
-0.00521785
-0.00350145
-0.000755216
0.00137312
0.00185371
0.000274624
-0.00247161
-0.00439398
-0.00295221
0.00254027
0.0100238
0.0153103
0.0154476
0.010779
0.0040507
-0.00151043
-0.00370742
-0.00212834
0.00192237
0.00549248
0.00624769
0.00377608
-0.000617904
-0.00508054
-0.00782678
-0.00768947
-0.00432533
0.00137312
0.00700291
0.00954318
0.0074835
0.0023343
-0.00247161
-0.00459995
-0.00480592
-0.00549248
-0.00837603
-0.0126327
-0.0163401
-0.0179192
-0.0176446
-0.016958
-0.0165461
-0.0152416
-0.0116715
-0.00652232
-0.00247161
-0.000892528
-0.00068656
-0.000549248
-0.00102984
-0.00370742
-0.00851334
-0.012564
-0.0124954
-0.00803275
-0.00247161
-0.000205968
-0.00288355
-0.00844468
-0.0135939
-0.0161342
-0.0153789
-0.0115342
-0.00611038
-0.00151043
0.00034328
0
-0.00034328
0.00068656
0.00267758
0.00466861
0.00624769
0.00700291
0.0057671
0.00199102
-0.00350145
-0.00878796
-0.0121521
-0.0122208
-0.008582
-0.00254027
0.00329549
0.0068656
0.00830737
0.00906259
0.00954318
0.00844468
0.00446264
-0.00185371
-0.00789544
-0.0110536
-0.0106417
-0.00817006
-0.00562979
-0.00398205
-0.00322683
-0.00363877
-0.00549248
-0.008582
-0.0119461
-0.0137998
-0.0130446
-0.00906259
-0.00260893
0.00446264
0.00892528
0.008582
0.00418801
-0.00137312
-0.00508054
-0.00569845
-0.00336414
0.00102984
0.00604173
0.0098178
0.0114655
0.0110536
0.00851334
0.00363877
-0.00329549
-0.010985
-0.0173013
-0.0201849
-0.0186744
-0.0138685
-0.00830737
-0.00425667
-0.00226565
-0.00151043
-0.000823872
0.000137312
0.00116715
0.00157909
0.000823872
-0.00116715
-0.00391339
-0.00700291
-0.0101611
-0.0129073
-0.0145551
-0.0146237
-0.0135939
-0.0123581
-0.0111223
-0.00954318
-0.0074835
-0.00487457
-0.0017164
0.00199102
0.00473726
0.00398205
-0.00219699
-0.0124267
-0.0223132
-0.0262266
-0.0219013
-0.012564
-0.00487457
-0.00370742
-0.008582
-0.0146924
-0.0174386
-0.0152416
-0.00961184
-0.00370742
-0.000480592
-0.00102984
-0.00446264
-0.00885662
-0.0122208
-0.0128387
-0.0104357
-0.00652232
-0.00377608
-0.00363877
-0.00569845
-0.00837603
-0.0102297
-0.0106417
-0.00961184
-0.00796409
-0.00720888
-0.0081014
-0.00974915
-0.0100238
-0.00714022
-0.00144178
0.00487457
0.00892528
0.008582
0.00398205
-0.00274624
-0.00803275
-0.00913124
-0.00556113
0.000411936
0.00473726
0.00425667
-0.00116715
-0.00796409
-0.0113282
-0.008582
-0.00144178
0.00508054
0.00617904
0.00034328
-0.00913124
-0.0167521
-0.0183998
-0.0138685
-0.00611038
0.000549248
0.00267758
-0.000411936
-0.00638501
-0.0112596
-0.0124267
-0.0102297
-0.00734619
-0.00638501
-0.0081014
-0.0107103
-0.0116029
-0.00906259
-0.00411936
-6.8656e-05
-0.000137312
-0.00425667
-0.00913124
-0.0116029
-0.0110536
-0.00906259
-0.00720888
-0.00590441
-0.00528651
-0.00521785
-0.00542382
-0.00528651
-0.00411936
-0.00192237
0.000411936
0.00178506
0.0017164
0.000411936
-0.00151043
-0.0034328
-0.00453129
-0.00363877
-0.000549248
0.00274624
0.0023343
-0.00453129
-0.0164088
-0.0275997
-0.0320623
-0.0280803
-0.0194296
-0.0120835
-0.00933721
-0.0098178
-0.00954318
-0.00562979
0.0017164
0.00961184
0.0142804
0.0131133
0.00624769
-0.00336414
-0.0116715
-0.0161342
-0.0172326
-0.0177132
-0.019361
-0.021558
-0.021352
-0.0167521
-0.00926856
-0.00254027
0.00034328
-0.000892528
-0.00453129
-0.008582
-0.0114655
-0.0122894
-0.010779
-0.00734619
-0.00315817
0.000411936
0.0023343
0.00260893
0.0023343
0.00185371
0.000823872
-0.00185371
-0.00583576
-0.00961184
-0.0116715
-0.0119461
-0.0117402
-0.0118775
-0.012564
-0.0129073
-0.0113969
-0.0068656
0.000205968
0.00734619
0.0113282
0.010573
0.00583576
-0.000480592
-0.00528651
-0.00652232
-0.00432533
-0.000961184
0.000411936
-0.00130446
-0.00411936
-0.00418801
0
0.0057671
0.00844468
0.00562979
-0.000549248
-0.00631635
-0.00961184
-0.010573
-0.00954318
-0.00624769
-0.00137312
0.00254027
0.00247161
-0.00260893
-0.0111223
-0.0203222
-0.0275997
-0.0303459
-0.0268445
-0.0178506
-0.00727753
6.8656e-05
0.00192237
-6.8656e-05
-0.00226565
-0.0023343
-0.000549248
0.00130446
0.0017164
0.000411936
-0.0017164
-0.00288355
-0.00164774
0.00212834
0.00672828
0.00926856
0.00782678
0.00247161
-0.00453129
-0.00974915
-0.010779
-0.00775812
-0.00288355
0.0010985
0.00267758
0.00212834
0.000549248
-0.00068656
-0.0010985
-0.00068656
6.8656e-05
0.000755216
0.00102984
0.000823872
-0.000274624
-0.00247161
-0.00549248
-0.00823872
-0.00954318
-0.00885662
-0.00659097
-0.00357011
-0.000961184
6.8656e-05
-0.000617904
-0.00205968
-0.00308952
-0.0034328
-0.00425667
-0.00631635
-0.00885662
-0.0102984
-0.00974915
-0.00768947
-0.00549248
-0.00425667
-0.0040507
-0.00411936
-0.00446264
-0.00611038
-0.00954318
-0.0130446
-0.0134566
-0.00961184
-0.00357011
0.0010985
0.00212834
-6.8656e-05
-0.00336414
-0.00617904
-0.00830737
-0.0104357
-0.01277
-0.0145551
-0.0145551
-0.0126327
-0.00926856
-0.00631635
-0.0057671
-0.00830737
-0.0124954
-0.0156536
-0.0162715
-0.015173
-0.0139372
-0.0131133
-0.0120148
-0.0091999
-0.00425667
0.00157909
0.00583576
0.00645366
0.00377608
0
-0.00288355
-0.00487457
-0.00734619
-0.0106417
-0.0123581
-0.00974915
-0.00281489
0.00473726
0.00796409
0.00466861
-0.00254027
-0.008582
-0.0105044
-0.00933721
-0.00803275
-0.00789544
-0.00762081
-0.00494323
0.000137312
0.00535517
0.00741484
0.00494323
-0.000617904
-0.00604173
-0.00906259
-0.00906259
-0.00700291
-0.00466861
-0.0034328
-0.00363877
-0.00439398
-0.00487457
-0.00521785
-0.00611038
-0.00755216
-0.00865065
-0.00844468
-0.00707156
-0.00569845
-0.00556113
-0.0068656
-0.00899393
-0.0116715
-0.0146237
-0.017164
-0.0182625
-0.016958
-0.0135252
-0.00906259
-0.00528651
-0.0034328
-0.00418801
-0.0068656
-0.0101611
-0.0124954
-0.0133193
-0.01277
-0.0112596
-0.00940587
-0.00789544
-0.00755216
-0.00789544
-0.00789544
-0.00700291
-0.00617904
-0.00652232
-0.00775812
-0.00789544
-0.0057671
-0.00226565
6.8656e-05
-0.000961184
-0.0051492
-0.00940587
-0.010573
-0.00762081
-0.00240296
0.00164774
0.00212834
-0.00130446
-0.00659097
-0.0103671
-0.0098178
-0.00487457
0.000961184
0.00260893
-0.00240296
-0.0118088
-0.0198416
-0.0212147
-0.0146237
-0.0034328
0.00700291
0.0130446
0.0144178
0.0127014
0.00988646
0.00693425
0.0040507
0.00102984
-0.0023343
-0.0057671
-0.00871931
-0.010573
-0.010573
-0.00865065
-0.00562979
-0.00260893
-0.00034328
0.000961184
0.000617904
-0.00164774
-0.00521785
-0.00871931
-0.0111909
-0.0124267
-0.012976
-0.0135939
-0.0143491
-0.014761
-0.0139372
-0.0108476
-0.0057671
0
0.00487457
0.00817006
0.0103671
0.0119461
0.0120835
0.00954318
0.00411936
-0.00247161
-0.00741484
-0.00947452
-0.00926856
-0.0074835
-0.00377608
0.00192237
0.00782678
0.0107103
0.00878796
0.0034328
-0.00205968
-0.00466861
-0.00302086
0.00192237
0.00734619
0.00899393
0.00418801
-0.00624769
-0.0175759
-0.0236177
-0.021352
-0.012976
-0.00418801
0.000823872
0.00137312
-0.000274624
-0.00192237
-0.00267758
-0.00295221
-0.00336414
-0.00377608
-0.00350145
-0.0023343
-0.000823872
0.000549248
0.00164774
0.00267758
0.00315817
0.0023343
-0.000617904
-0.00569845
-0.0116715
-0.0162715
-0.017164
-0.0140745
-0.00899393
-0.00480592
-0.00336414
-0.00473726
-0.00775812
-0.0106417
-0.0114655
-0.00947452
-0.00597307
-0.00336414
-0.00357011
-0.00679694
-0.0111223
-0.0137998
-0.0120148
-0.00583576
0.000961184
0.00322683
-0.000549248
-0.00631635
-0.00796409
-0.00384473
0.0017164
0.00267758
-0.00329549
-0.0127014
-0.0198416
-0.0212834
-0.0181252
-0.0140745
-0.0119461
-0.0118088
-0.0116715
-0.00968049
-0.00535517
-0.000205968
0.00302086
0.00212834
-0.00288355
-0.00954318
-0.0150357
-0.01737
-0.0160655
-0.0116029
-0.00583576
-0.0010985
0.000411936
-0.00130446
-0.00418801
-0.0057671
-0.00521785
-0.00295221
-6.8656e-05
0.0023343
0.00322683
0.00144178
-0.00281489
-0.00775812
-0.0109163
-0.0117402
-0.0118775
-0.0132506
-0.0155162
-0.0168207
-0.0152416
-0.010779
-0.00473726
0.000961184
0.00432533
0.00439398
0.00123581
-0.00377608
-0.00844468
-0.0110536
-0.0110536
-0.0098178
-0.0098178
-0.0122894
-0.0159968
-0.0183311
-0.0172326
-0.012976
-0.00851334
-0.00714022
-0.0098178
-0.0145551
-0.0179192
-0.0170267
-0.0119461
-0.00549248
-0.00157909
-0.00226565
-0.00611038
-0.00961184
-0.0103671
-0.00823872
-0.00473726
-0.00144178
0.000480592
0.000411936
-0.00205968
-0.00569845
-0.00789544
-0.00652232
-0.0017164
0.00377608
0.00700291
0.00700291
0.00466861
0.0017164
-0.00130446
-0.00453129
-0.00789544
-0.0102297
-0.0100238
-0.00782678
-0.00583576
-0.00617904
-0.00878796
-0.0112596
-0.0111909
-0.00803275
-0.00391339
-0.00219699
-0.00549248
-0.0137998
-0.0239609
-0.0313071
-0.0324743
-0.0271191
-0.0177132
-0.00775812
-0.000205968
0.00384473
0.00439398
0.0023343
-0.00116715
-0.00501189
-0.00803275
-0.00899393
-0.00768947
-0.00508054
-0.00254027
-0.000755216
0.000411936
0.00130446
0.00192237
0.00240296
0.00336414
0.0051492
0.00727753
0.00823872
0.00659097
0.00212834
-0.00315817
-0.00638501
-0.00583576
-0.00295221
-0.000823872
-0.00164774
-0.00459995
-0.00768947
-0.00947452
-0.0106417
-0.0120835
-0.0139372
-0.0148983
-0.0137998
-0.0110536
-0.00871931
-0.00844468
-0.0102984
-0.0133193
-0.0157222
-0.0158595
-0.0122894
-0.0057671
0.000549248
0.00267758
-0.000823872
-0.00707156
-0.0110536
-0.00995512
-0.00453129
0.00247161
0.00851334
0.0114655
0.0100924
0.00480592
-0.0017164
-0.0057671
-0.00528651
-0.0017164
0.0010985
-0.000137312
-0.00542382
-0.0117402
-0.0162028
-0.0184685
-0.0201162
-0.0223132
-0.023755
-0.0219699
-0.0155162
-0.00597307
0.00288355
0.00762081
0.00727753
0.00384473
0.000480592
-0.000480592
0.000961184
0.00302086
0.00350145
0.00144178
-0.00295221
-0.00940587
-0.0166834
-0.0220386
-0.0221072
-0.0157222
-0.00535517
0.00459995
0.010573
0.0113282
0.0081014
0.00274624
-0.0040507
-0.0124267
-0.0217639
-0.029934
-0.0339847
-0.0320623
-0.0244415
-0.0137998
-0.00453129
-0.00102984
-0.00480592
-0.0133879
-0.0214893
-0.0243042
-0.0210774
-0.0151043
-0.0106417
-0.00926856
-0.00899393
-0.00665963
-0.00164774
0.00329549
0.00459995
0.000892528
-0.00624769
-0.0135252
-0.0179192
-0.0177819
-0.012976
-0.00473726
0.00494323
0.0133879
0.0168207
0.0122894
0.000961184
-0.010985
-0.0166147
-0.0140058
-0.00693425
-0.000137312
0.00439398
0.00679694
0.0074835
0.00693425
0.00590441
0.00521785
0.00446264
0.00240296
-0.00199102
-0.00837603
-0.0155849
-0.0218326
-0.0252654
-0.0246475
-0.0202535
-0.0139372
-0.00782678
-0.00329549
-0.000480592
0.00116715
0.00185371
0.00151043
-0.000411936
-0.00391339
-0.00837603
-0.0127014
-0.0155849
-0.0156536
-0.0124954
-0.0068656
-0.0010985
0.00260893
0.00350145
0.00226565
0.000549248
-0.000823872
-0.0017164
-0.00212834
-0.00137312
0.00123581
0.00528651
0.00865065
0.00851334
0.00329549
-0.00611038
-0.0165461
-0.0234803
-0.0234117
-0.0164774
-0.00693425
0.000755216
0.00542382
0.00899393
0.0133193
0.0170267
0.01737
0.0136625
0.008582
0.0057671
0.00604173
0.00693425
0.00528651
0.000480592
-0.00528651
-0.00892528
-0.00947452
-0.00837603
-0.00789544
-0.00817006
-0.00775812
-0.00590441
-0.00384473
-0.00418801
-0.00768947
-0.0121521
-0.0141431
-0.0122208
-0.00789544
-0.00439398
-0.00384473
-0.00597307
-0.00913124
-0.0116715
-0.012564
-0.0116715
-0.00954318
-0.00707156
-0.00590441
-0.00720888
-0.0106417
-0.0138685
-0.014761
-0.0128387
-0.00926856
-0.00535517
-0.0017164
0.000961184
0.0010985
-0.00185371
-0.0057671
-0.00672828
-0.00302086
0.00281489
0.0068656
0.00755216
0.00631635
0.00528651
0.00411936
0.000549248
-0.00659097
-0.0157909
-0.0231371
-0.02554
-0.0225192
-0.0154476
-0.00672828
0.000274624
0.00247161
-0.00068656
-0.00665963
-0.0114655
-0.0124954
-0.00933721
-0.00350145
0.00192237
0.00432533
0.00247161
-0.00260893
-0.00865065
-0.012976
-0.0142118
-0.0129073
-0.0113282
-0.0110536
-0.0117402
-0.0116715
-0.00995512
-0.00796409
-0.00796409
-0.0109163
-0.0152416
-0.0179192
-0.0166147
-0.0113282
-0.00501189
-0.00164774
-0.00350145
-0.00954318
-0.0162028
-0.0197729
-0.0188804
-0.0140058
-0.00727753
-0.00137312
0.00123581
0
-0.00336414
-0.00652232
-0.00762081
-0.00638501
-0.0040507
-0.00260893
-0.00322683
-0.0057671
-0.00892528
-0.0114655
-0.0126327
-0.0119461
-0.00940587
-0.00583576
-0.00322683
-0.00308952
-0.00549248
-0.00892528
-0.0117402
-0.0131133
-0.012976
-0.0113969
-0.00878796
-0.00569845
-0.00322683
-0.00219699
-0.00226565
-0.00247161
-0.00185371
-0.000823872
0.000274624
0.000823872
-6.8656e-05
-0.0034328
-0.00906259
-0.0145551
-0.0168207
-0.0145551
-0.00988646
-0.00679694
-0.0081014
-0.0127014
-0.0164774
-0.0157222
-0.0104357
-0.00418801
-0.00102984
-0.00219699
-0.00597307
-0.0100924
-0.0132506
-0.0148297
-0.0142118
-0.0110536
-0.00638501
-0.00240296
-0.00068656
-0.00130446
-0.00308952
-0.00556113
-0.00878796
-0.0120835
-0.0136625
-0.0118775
-0.00700291
-0.00151043
0.00157909
0.000961184
-0.00205968
-0.00487457
-0.00597307
-0.00562979
-0.00487457
-0.00398205
-0.00274624
-0.00102984
0.000549248
0.00130446
0.000823872
-0.000755216
-0.00281489
-0.00425667
-0.00350145
-0.000411936
0.00315817
0.00487457
0.00377608
0.000961184
-0.00137312
-0.00144178
0.000961184
0.00459995
0.0074835
0.00830737
0.00659097
0.00260893
-0.00288355
-0.00789544
-0.0102297
-0.008582
-0.00350145
0.00219699
0.00535517
0.00439398
6.8656e-05
-0.0051492
-0.00871931
-0.0091999
-0.00714022
-0.00528651
-0.00700291
-0.0135252
-0.0221759
-0.0281489
-0.0276684
-0.0209401
-0.0118775
-0.0051492
-0.00315817
-0.00556113
-0.00968049
-0.0122894
-0.0111223
-0.00597307
0.00137312
0.00775812
0.0102984
0.00823872
0.00288355
-0.00329549
-0.00762081
-0.00865065
-0.00617904
-0.00144178
0.00357011
0.0068656
0.0068656
0.00308952
-0.00350145
-0.0100924
-0.0135252
-0.012976
-0.0106417
-0.0102297
-0.0137312
-0.0197043
-0.0243729
-0.0249221
-0.0208028
-0.0142118
-0.00837603
-0.0057671
-0.00652232
-0.0091999
-0.0122894
-0.014761
-0.0160655
-0.0159282
-0.0146237
-0.0128387
-0.0111909
-0.00961184
-0.00762081
-0.00494323
-0.00267758
-0.00308952
-0.00782678
-0.0164774
-0.0260893
-0.0327489
-0.0337787
-0.0287669
-0.0198416
-0.0105044
-0.00363877
-0.00034328
0.00034328
-0.000274624
-0.0017164
-0.00459995
-0.00926856
-0.014967
-0.019155
-0.0197043
-0.0166147
-0.0120835
-0.00892528
-0.00796409
-0.008582
-0.00968049
-0.0105044
-0.0103671
-0.0091999
-0.00720888
-0.00459995
-0.00226565
-0.00137312
-0.00247161
-0.00501189
-0.00714022
-0.00755216
-0.00645366
-0.00521785
-0.00487457
-0.00542382
-0.00617904
-0.00638501
-0.00535517
-0.00350145
-0.00192237
-0.00178506
-0.00350145
-0.00590441
-0.00768947
-0.00755216
-0.00508054
-0.000480592
0.00459995
0.00768947
0.00665963
0.00116715
-0.0068656
-0.0141431
-0.0177819
-0.01737
-0.0148983
-0.0133879
-0.0142804
-0.0170953
-0.0205281
-0.0232744
-0.0238236
-0.0205968
-0.0131133
-0.00329549
0.00439398
0.00611038
0.00116715
-0.00700291
-0.0129073
-0.012564
-0.00556113
0.00459995
0.0131133
0.0165461
0.0145551
0.00947452
0.00453129
0.00185371
0.000617904
-0.00212834
-0.0081014
-0.0157909
-0.0208714
-0.0204595
-0.0148983
-0.0074835
-0.00164774
0.000823872
-0.000549248
-0.00556113
-0.0131133
-0.0201162
-0.0219699
-0.0161342
-0.00473726
0.00631635
0.0120148
0.010985
0.00569845
-0.000755216
-0.00597307
-0.00830737
-0.0068656
-0.00226565
0.00288355
0.00487457
0.00185371
-0.00459995
-0.0109163
-0.0146237
-0.015173
-0.0132506
-0.00968049
-0.00508054
-0.000549248
0.00315817
0.00556113
0.00611038
0.00432533
-6.8656e-05
-0.00624769
-0.0124954
-0.0164774
-0.0163401
-0.0120148
-0.00562979
-0.000549248
0.000755216
-0.00212834
-0.00775812
-0.0135939
-0.016958
-0.0162715
-0.0127014
-0.00995512
-0.0103671
-0.0122208
-0.0116029
-0.0074835
-0.00274624
-0.00034328
-0.00034328
-0.000961184
-0.00102984
-0.000961184
-0.00199102
-0.00439398
-0.00727753
-0.00878796
-0.00803275
-0.00535517
-0.00192237
0.00068656
0.00116715
-0.000892528
-0.00528651
-0.0110536
-0.0162028
-0.0181252
-0.0155162
-0.00968049
-0.0040507
-0.00116715
-0.0010985
-0.00219699
-0.00308952
-0.00418801
-0.00617904
-0.008582
-0.0098178
-0.0091999
-0.00775812
-0.00720888
-0.00823872
-0.00988646
-0.0106417
-0.0106417
-0.0109163
-0.0118088
-0.0118775
-0.00885662
-0.00281489
0.00267758
0.00274624
-0.00473726
-0.0166834
-0.0263639
-0.0280116
-0.0206654
-0.00913124
-6.8656e-05
0.0023343
-0.0010985
-0.00700291
-0.0124267
-0.0160655
-0.0173013
-0.0159282
-0.0124954
-0.00851334
-0.00549248
-0.00432533
-0.00501189
-0.0068656
-0.00830737
-0.00727753
-0.00226565
0.00617904
0.015173
0.0208028
0.0205968
0.0141431
0.00363877
-0.00768947
-0.0166834
-0.021146
-0.0208714
-0.0179879
-0.015173
-0.0135939
-0.0122208
-0.0100924
-0.00775812
-0.00665963
-0.00672828
-0.00597307
-0.00267758
0.00205968
0.00473726
0.00329549
-0.00144178
-0.00652232
-0.00906259
-0.00762081
-0.00281489
0.00315817
0.00720888
0.0074835
0.0040507
-0.0017164
-0.00789544
-0.0127014
-0.0137312
-0.00913124
0.00034328
0.0103671
0.015173
0.0120148
0.00329549
-0.00569845
-0.00995512
-0.00830737
-0.00357011
-6.8656e-05
-0.000137312
-0.00281489
-0.00542382
-0.00604173
-0.00425667
-0.0010985
0.00192237
0.00302086
0.00130446
-0.00274624
-0.00762081
-0.0116715
-0.0139372
-0.0145551
-0.0145551
-0.0148297
-0.0153103
-0.0146237
-0.0115342
-0.00638501
-0.0010985
0.00254027
0.00432533
0.00528651
0.00597307
0.00562979
0.00295221
-0.0017164
-0.00707156
-0.0114655
-0.0135939
-0.0124267
-0.0081014
-0.00260893
0.00130446
0.00219699
0.000892528
-0.00102984
-0.00302086
-0.0057671
-0.00892528
-0.010779
-0.00954318
-0.00604173
-0.00322683
-0.00377608
-0.00700291
-0.0100924
-0.0112596
-0.010573
-0.00892528
-0.00672828
-0.00411936
-0.00199102
-0.0023343
-0.0057671
-0.0101611
-0.0117402
-0.00823872
-0.00116715
0.00562979
0.00865065
0.00679694
0.00178506
-0.00302086
-0.00535517
-0.00535517
-0.00542382
-0.00768947
-0.0113969
-0.0128387
-0.0091999
-0.00192237
0.00446264
0.00611038
0.00308952
-0.0023343
-0.00796409
-0.0122894
-0.0137312
-0.0116715
-0.00734619
-0.00363877
-0.00350145
-0.00741484
-0.012564
-0.0148297
-0.0122208
-0.00679694
-0.00260893
-0.0023343
-0.00453129
-0.00569845
-0.00295221
0.00308952
0.00933721
0.0134566
0.014761
0.0137312
0.0106417
0.00562979
0
-0.00398205
-0.00528651
-0.0051492
-0.00590441
-0.00830737
-0.0109163
-0.0116029
-0.00933721
-0.00597307
-0.00439398
-0.00665963
-0.0116715
-0.0166834
-0.0192237
-0.0194296
-0.0183311
-0.0167521
