LECROYHDO9204-MSöv,30454,Waveform
Segments,1,SegmentSize,2002
Ampl
-0.00384473
-0.00665963
-0.0122208
-0.0175073
-0.0198416
-0.0186058
-0.0153103
-0.0121521
-0.0101611
-0.0081014
-0.00459995
-6.8656e-05
0.00350145
0.00453129
0.00308952
0.00102984
-0.000137312
-6.8656e-05
0.000480592
6.8656e-05
-0.00254027
-0.00734619
-0.01277
-0.0164774
-0.0164774
-0.0124954
-0.00590441
0.000823872
0.00501189
0.00535517
0.00219699
-0.00322683
-0.0105044
-0.0188117
-0.0258146
-0.0284236
-0.0256773
-0.0200475
-0.0152416
-0.0131133
-0.01277
-0.0124954
-0.0113969
-0.00947452
-0.00741484
-0.00638501
-0.00727753
-0.0100238
-0.01277
-0.0135939
-0.0120835
-0.0101611
-0.0104357
-0.0133879
-0.0168894
-0.0177132
-0.0140745
-0.00768947
-0.00267758
-0.00219699
-0.00590441
-0.0103671
-0.0122208
-0.0113969
-0.0100238
-0.00926856
-0.00837603
-0.00604173
-0.00302086
-0.00178506
-0.00384473
-0.00782678
-0.0110536
-0.0120835
-0.0120148
-0.012976
-0.0150357
-0.0162715
-0.0146924
-0.0105044
-0.0068656
-0.00720888
-0.012564
-0.0205968
-0.0265699
-0.0265012
-0.0194983
-0.00913124
-0.00123581
0.000137312
-0.00459995
-0.0114655
-0.0170953
-0.0206654
-0.0229311
-0.0243729
-0.0239609
-0.0208714
-0.0156536
-0.010985
-0.00947452
-0.0124267
-0.0186744
-0.0254027
-0.0302086
-0.0322683
-0.0319937
-0.0303459
-0.0284922
-0.0269818
-0.0256773
-0.0232744
-0.0188804
-0.0123581
-0.00480592
0.00192237
0.00384473
-0.00789544
-0.0487457
-0.136488
-0.280872
-0.473177
-0.684775
-0.877423
-1.01961
-1.09911
-1.12555
-1.12204
-1.1125
-1.11216
-1.12561
-1.14909
-1.17347
-1.18843
-1.18809
-1.17477
-1.15761
-1.14601
-1.14388
-1.14861
-1.15466
-1.15781
-1.15692
-1.15212
-1.14381
-1.13296
-1.12211
-1.11381
-1.10907
-1.10522
-1.09795
-1.08463
-1.06671
-1.04954
-1.0389
-1.0376
-1.04508
-1.0584
-1.07385
-1.08751
-1.09596
-1.09767
-1.09458
-1.09163
-1.09383
-1.10241
-1.11415
-1.12342
-1.12658
-1.12452
-1.12101
-1.11937
-1.12053
-1.12349
-1.1261
-1.12713
-1.12651
-1.12616
-1.12836
-1.13344
-1.13887
-1.14106
-1.13818
-1.13131
-1.12362
-1.11731
-1.11271
-1.10866
-1.10461
-1.10117
-1.09994
-1.10152
-1.10474
-1.10701
-1.10612
-1.10193
-1.09644
-1.09225
-1.09115
-1.09355
-1.09877
-1.10543
-1.11216
-1.11799
-1.12143
-1.12122
-1.11772
-1.11333
-1.11202
-1.11641
-1.12534
-1.13461
-1.14024
-1.14106
-1.13893
-1.13454
-1.12589
-1.1101
-1.08579
-1.05387
-1.01549
-0.971551
-0.92253
-0.869322
-0.813093
-0.755971
-0.70036
-0.647975
-0.598817
-0.552063
-0.506406
-0.461437
-0.417566
-0.374244
-0.33051
-0.285609
-0.241669
-0.20329
-0.174249
-0.154613
-0.141088
-0.129417
-0.11699
-0.104014
-0.0917244
-0.0816319
-0.0741484
-0.0696858
-0.0677634
-0.0675575
-0.0681754
-0.0688619
-0.0685873
-0.0658411
-0.0603486
-0.0541009
-0.0502562
-0.0499129
-0.05108
-0.0504621
-0.0462741
-0.0394085
-0.0326802
-0.0288355
-0.0292474
-0.0330922
-0.0381041
-0.0421548
-0.0441458
-0.0437339
-0.0410563
-0.0365936
-0.0315131
-0.0268445
-0.0220386
-0.0164774
-0.0106417
-0.00679694
-0.00700291
-0.0116715
-0.0197043
-0.0293161
-0.0375548
-0.0414682
-0.0398205
-0.0337787
-0.0254027
-0.0170267
-0.0111223
-0.00995512
-0.0131819
-0.0179192
-0.0208028
-0.021146
-0.0209401
-0.0222445
-0.0250594
-0.0278057
-0.0290415
-0.0286982
-0.0271878
-0.0249908
-0.0217639
-0.0180565
-0.0159282
-0.0177819
-0.0240296
-0.0319937
-0.0373488
-0.0369369
-0.0305519
-0.021352
-0.0137998
-0.010573
-0.0112596
-0.0134566
-0.0155849
-0.0175073
-0.019361
-0.0209401
-0.0228624
-0.0260893
-0.0304146
-0.0340534
-0.0350832
-0.0328176
-0.0281489
-0.0227251
-0.0178506
-0.0144864
-0.0133879
-0.0145551
-0.0173013
-0.0196356
-0.0194296
-0.0157909
-0.010573
-0.00741484
-0.00933721
-0.0160655
-0.0245788
-0.0313758
-0.034328
-0.0338474
-0.0313758
-0.027943
-0.0238236
-0.0194296
-0.0167521
-0.0179192
-0.0229311
-0.0280803
-0.0291101
-0.0240296
-0.0152416
-0.00700291
-0.00254027
-0.00192237
-0.00315817
-0.00453129
-0.00617904
-0.00913124
-0.012564
-0.0142804
-0.0131819
-0.0108476
-0.0104357
-0.0132506
-0.0173013
-0.0184685
-0.0144178
-0.00693425
-0.00034328
0.00192237
-0.000480592
-0.00521785
-0.00933721
-0.0106417
-0.00837603
-0.00391339
-0.000892528
-0.00205968
-0.00679694
-0.0111223
-0.0114655
-0.00768947
-0.00254027
0.000961184
0.00130446
-0.00151043
-0.00638501
-0.0112596
-0.0143491
-0.0148297
-0.0126327
-0.008582
-0.00439398
-0.00205968
-0.00295221
-0.00672828
-0.0117402
-0.0155162
-0.0159282
-0.0126327
-0.0074835
-0.00322683
-0.00185371
-0.00411936
-0.00933721
-0.0156536
-0.0199102
-0.0194983
-0.0144864
-0.00755216
-0.00199102
0.000274624
-0.000892528
-0.00425667
-0.00775812
-0.00947452
-0.00823872
-0.00446264
0.000411936
0.00432533
0.00542382
0.00295221
-0.00247161
-0.00865065
-0.0135252
-0.0160655
-0.017164
-0.0181252
-0.0194983
-0.0208714
-0.0208028
-0.0179879
-0.01277
-0.00707156
-0.00302086
-0.00144178
-0.00185371
-0.00315817
-0.00432533
-0.0040507
-0.00205968
0.0010985
0.00363877
0.0040507
0.00199102
-0.00151043
-0.00432533
-0.00494323
-0.00336414
-0.00116715
-0.000274624
-0.00178506
-0.00487457
-0.00714022
-0.00583576
-0.000892528
0.00494323
0.00817006
0.00782678
0.00521785
0.0023343
-0.000137312
-0.00274624
-0.00611038
-0.00968049
-0.0116029
-0.00995512
-0.00432533
0.00274624
0.00775812
0.00817006
0.00439398
-0.00144178
-0.00659097
-0.00933721
-0.00947452
-0.00796409
-0.0068656
-0.00796409
-0.0113282
-0.0153103
-0.0179192
-0.0176446
-0.0141431
-0.00817006
-0.0017164
0.00322683
0.00569845
0.00604173
0.00542382
0.00480592
0.00418801
0.00322683
0.00144178
-0.00151043
-0.00528651
-0.00830737
-0.00762081
-0.00102984
0.00968049
0.0188804
0.0206654
0.0134566
0.000205968
-0.0144178
-0.0263639
-0.0326802
-0.032131
-0.0256087
-0.0162028
-0.00782678
-0.00308952
-0.00212834
-0.00322683
-0.00411936
-0.00398205
-0.00329549
-0.00302086
-0.00363877
-0.00528651
-0.00755216
-0.00947452
-0.0102984
-0.0107103
-0.0120148
-0.0144178
-0.0164088
-0.0158595
-0.0124267
-0.00762081
-0.00336414
-0.00123581
-0.00226565
-0.00665963
-0.0131133
-0.0184685
-0.0199789
-0.0172326
-0.012564
-0.00926856
-0.00844468
-0.00892528
-0.00844468
-0.00604173
-0.00377608
-0.00480592
-0.00968049
-0.0152416
-0.0175073
-0.0153789
-0.0113969
-0.00892528
-0.0091999
-0.0105044
-0.0102984
-0.00755216
-0.00329549
-0.000137312
-0.000274624
-0.00425667
-0.0105044
-0.0153789
-0.0148983
-0.00768947
0.0034328
0.0121521
0.0131133
0.00528651
-0.00734619
-0.0177819
-0.0205968
-0.0146237
-0.00418801
0.00411936
0.00604173
0.00185371
-0.00528651
-0.0122208
-0.016958
-0.0186744
-0.0170267
-0.0124954
-0.00659097
-0.00137312
0.00157909
0.0017164
-0.000274624
-0.00247161
-0.00322683
-0.00267758
-0.00288355
-0.0057671
-0.0113282
-0.0168894
-0.0194983
-0.0177819
-0.012564
-0.00556113
0.00178506
0.00803275
0.0112596
0.00961184
0.00391339
-0.00254027
-0.00597307
-0.0051492
-0.00192237
0.000617904
0.000274624
-0.00240296
-0.00521785
-0.00665963
-0.00700291
-0.0068656
-0.00631635
-0.00508054
-0.00411936
-0.00480592
-0.00700291
-0.00913124
-0.00940587
-0.00714022
-0.00281489
0.00205968
0.00562979
0.00707156
0.00665963
0.00501189
0.00192237
-0.00281489
-0.00851334
-0.0140745
-0.0186744
-0.0221072
-0.023755
-0.0227938
-0.0185371
-0.0117402
-0.00487457
-0.000617904
0
-0.0017164
-0.00391339
-0.00597307
-0.00782678
-0.00885662
-0.00803275
-0.00549248
-0.00281489
-0.00267758
-0.00665963
-0.0143491
-0.0227938
-0.0270505
-0.0234117
-0.0119461
0.00281489
0.0146924
0.0197043
0.0170953
0.008582
-0.00185371
-0.00954318
-0.0111909
-0.0074835
-0.00260893
-0.00068656
-0.00302086
-0.00755216
-0.0111909
-0.0122208
-0.0106417
-0.00768947
-0.00459995
-0.00192237
-0.000205968
-0.000137312
-0.00178506
-0.00418801
-0.00521785
-0.00418801
-0.00219699
-0.00123581
-0.00164774
-0.0023343
-0.00205968
-0.000892528
-0.000274624
-0.0017164
-0.00549248
-0.00988646
-0.0128387
-0.0140058
-0.0139372
-0.0124954
-0.00940587
-0.0057671
-0.00487457
-0.00892528
-0.0157222
-0.0194983
-0.0157909
-0.00569845
0.00439398
0.00823872
0.00425667
-0.00398205
-0.0116029
-0.0156536
-0.0157222
-0.0124954
-0.00734619
-0.00247161
-0.000137312
-0.00102984
-0.00411936
-0.00789544
-0.0113969
-0.0138685
-0.0141431
-0.0111223
-0.00508054
0.00192237
0.00652232
0.00659097
0.00247161
-0.00274624
-0.00624769
-0.00707156
-0.00624769
-0.00473726
-0.00288355
-0.0010985
-6.8656e-05
-0.000961184
-0.00384473
-0.0081014
-0.012564
-0.0162028
-0.0178506
-0.0166834
-0.0128387
-0.00789544
-0.00391339
-0.00185371
-0.0017164
-0.00302086
-0.00535517
-0.00817006
-0.0103671
-0.0104357
-0.00762081
-0.00336414
-0.000549248
-0.00164774
-0.00590441
-0.00988646
-0.0100924
-0.00624769
-0.00219699
-0.00295221
-0.00954318
-0.0179192
-0.0225192
-0.0212147
-0.0157909
-0.00988646
-0.0057671
-0.00391339
-0.00357011
-0.00411936
-0.00556113
-0.00803275
-0.0111223
-0.012976
-0.0114655
-0.00672828
-0.0010985
0.0023343
0.00199102
-0.00192237
-0.00789544
-0.0141431
-0.0187431
-0.0203222
-0.0185371
-0.0142118
-0.00899393
-0.00439398
-0.00116715
0.000274624
0
-0.00144178
-0.00260893
-0.00178506
0.00144178
0.00501189
0.00556113
0.00151043
-0.00542382
-0.0110536
-0.0118775
-0.00768947
-0.00205968
0.000411936
-0.00247161
-0.00844468
-0.0130446
-0.0133193
-0.00995512
-0.00617904
-0.00446264
-0.00508054
-0.00734619
-0.0111223
-0.0164774
-0.0217639
-0.0240296
-0.0218326
-0.0170267
-0.0134566
-0.0135252
-0.0164088
-0.0188117
-0.0183998
-0.0157909
-0.0134566
-0.0131819
-0.014967
-0.0174386
-0.0188117
-0.0178506
-0.0148297
-0.0110536
-0.00823872
-0.00727753
-0.00892528
-0.0126327
-0.0166147
-0.0183311
-0.0163401
-0.0113282
-0.00549248
-0.000961184
0.00137312
0.00192237
0.00205968
0.00308952
0.00508054
0.00693425
0.00720888
0.00508054
0.000961184
-0.0034328
-0.00611038
-0.0057671
-0.00350145
-0.00137312
-0.00137312
-0.0034328
-0.0057671
-0.00638501
-0.00418801
-6.8656e-05
0.00350145
0.00425667
0.00212834
-0.000617904
-0.0010985
0.00130446
0.00466861
0.00659097
0.00617904
0.00432533
0.00212834
0.000480592
-0.00034328
-0.000480592
-0.000961184
-0.00295221
-0.00727753
-0.0131819
-0.0188117
-0.0224505
-0.0232744
-0.0209401
-0.0157222
-0.00906259
-0.00350145
-0.000961184
-0.00164774
-0.00398205
-0.00604173
-0.00679694
-0.00659097
-0.00679694
-0.00851334
-0.0115342
-0.0144178
-0.0161342
-0.0164774
-0.0164088
-0.0166834
-0.0166834
-0.0158595
-0.0144864
-0.0140058
-0.0150357
-0.0167521
-0.0172326
-0.0161342
-0.014761
-0.0148297
-0.0166834
-0.0194296
-0.0217639
-0.0222445
-0.0197729
-0.0146237
-0.00933721
-0.00782678
-0.0115342
-0.0179879
-0.0223818
-0.0214893
-0.0157222
-0.00789544
-0.000892528
0.00350145
0.00501189
0.00453129
0.00357011
0.00329549
0.00391339
0.00459995
0.00391339
0.000549248
-0.00528651
-0.0114655
-0.0155849
-0.0164088
-0.0139372
-0.00926856
-0.00425667
-0.000961184
-0.00116715
-0.00459995
-0.00906259
-0.0118088
-0.0117402
-0.00995512
-0.00851334
-0.00871931
-0.0100238
-0.00995512
-0.00604173
0.00151043
0.00926856
0.0123581
0.008582
-0.000480592
-0.00974915
-0.0134566
-0.00913124
0.000892528
0.010573
0.0144178
0.0105044
0.00144178
-0.00817006
-0.014761
-0.016958
-0.0159282
-0.0137998
-0.0120835
-0.0111223
-0.00961184
-0.00597307
-0.000617904
0.00391339
0.0040507
-0.00137312
-0.0101611
-0.0183311
-0.0227251
-0.0226565
-0.019361
-0.0142118
-0.00851334
-0.00377608
-0.00185371
-0.00357011
-0.00775812
-0.0114655
-0.0129073
-0.0122894
-0.0116029
-0.0118775
-0.0121521
-0.0113969
-0.00974915
-0.008582
-0.00844468
-0.0081014
-0.00611038
-0.00254027
0.00185371
0.00604173
0.00892528
0.00865065
0.00411936
-0.00350145
-0.0115342
-0.0173013
-0.0197043
-0.0183998
-0.0142118
-0.00899393
-0.00501189
-0.00336414
-0.00322683
-0.00322683
-0.00274624
-0.00240296
-0.00295221
-0.0040507
-0.00473726
-0.00473726
-0.00521785
-0.00755216
-0.010985
-0.0128387
-0.0109163
-0.00604173
-0.00130446
0.000480592
-0.0017164
-0.00631635
-0.00968049
-0.00865065
-0.00308952
0.00418801
0.00954318
0.0106417
0.00700291
-0.00034328
-0.00865065
-0.0146924
-0.0162715
-0.0137998
-0.00988646
-0.00775812
-0.00933721
-0.0133193
-0.0164774
-0.0162715
-0.01277
-0.00803275
-0.00391339
-0.0010985
-0.000137312
-0.00157909
-0.00494323
-0.00885662
-0.0116029
-0.0116029
-0.00817006
-0.00178506
0.00439398
0.00631635
0.00212834
-0.0057671
-0.0124267
-0.0140058
-0.0110536
-0.00665963
-0.00398205
-0.00411936
-0.00624769
-0.00837603
-0.00865065
-0.00583576
-0.00116715
0.00260893
0.00295221
-0.000617904
-0.00679694
-0.0136625
-0.0197729
-0.0234803
-0.0229311
-0.01737
-0.00844468
0.000411936
0.00624769
0.00823872
0.00693425
0.00281489
-0.00370742
-0.0110536
-0.0164088
-0.0174386
-0.0143491
-0.0101611
-0.00865065
-0.010779
-0.0138685
-0.0141431
-0.0102984
-0.00466861
-0.00144178
-0.0034328
-0.00961184
-0.0160655
-0.0185371
-0.0159968
-0.0107103
-0.00562979
-0.00260893
-0.00205968
-0.00370742
-0.00679694
-0.00961184
-0.00995512
-0.00693425
-0.00205968
0.00137312
0.000892528
-0.00377608
-0.0100924
-0.0155162
-0.0184685
-0.0183311
-0.0151043
-0.0100238
-0.00590441
-0.00569845
-0.0098178
-0.0157909
-0.0200475
-0.0203222
-0.0164088
-0.0106417
-0.00631635
-0.00569845
-0.008582
-0.012564
-0.014967
-0.0148983
-0.0130446
-0.0106417
-0.00899393
-0.00865065
-0.00933721
-0.0103671
-0.0119461
-0.0153103
-0.0205281
-0.0245788
-0.0234117
-0.0154476
-0.00384473
0.00528651
0.00734619
0.00226565
-0.00542382
-0.010573
-0.0111909
-0.00974915
-0.00899393
-0.00940587
-0.00865065
-0.0051492
0.000205968
0.00494323
0.0074835
0.00775812
0.00645366
0.00418801
0.00116715
-0.00212834
-0.00480592
-0.00597307
-0.00583576
-0.00604173
-0.00796409
-0.0115342
-0.0146237
-0.0150357
-0.0122208
-0.00734619
-0.00288355
-0.000823872
-0.00130446
-0.00288355
-0.00432533
-0.00549248
-0.00700291
-0.00865065
-0.00968049
-0.00974915
-0.00926856
-0.00878796
-0.00817006
-0.00734619
-0.00693425
-0.00782678
-0.0102984
-0.0131819
-0.0140745
-0.0117402
-0.00714022
-0.00302086
-0.0017164
-0.00357011
-0.00714022
-0.0110536
-0.0146924
-0.0176446
-0.018949
-0.0179879
-0.0145551
-0.0091999
-0.00336414
0.00137312
0.00377608
0.00329549
-0.000205968
-0.00679694
-0.0153103
-0.0221759
-0.0232744
-0.0174386
-0.00865065
-0.00274624
-0.00350145
-0.00947452
-0.0166147
-0.0208714
-0.0214207
-0.0197043
-0.0183311
-0.0188117
-0.0209401
-0.0229311
-0.0228624
-0.0201162
-0.0153789
-0.0105044
-0.00693425
-0.00556113
-0.00631635
-0.00892528
-0.0124954
-0.0151043
-0.0150357
-0.0124267
-0.00995512
-0.0103671
-0.0133193
-0.0162715
-0.0163401
-0.0130446
-0.00871931
-0.00714022
-0.0104357
-0.0167521
-0.021352
-0.0199789
-0.01277
-0.0040507
0.000755216
-0.000480592
-0.00508054
-0.008582
-0.0091999
-0.00899393
-0.0108476
-0.0148297
-0.0188117
-0.0206654
-0.0201162
-0.0172326
-0.01277
-0.00878796
-0.00844468
-0.0129073
-0.0197729
-0.0247161
-0.0243042
-0.0181938
-0.00954318
-0.00260893
0.000274624
-0.000205968
-0.00151043
-0.00185371
-0.000823872
0.000411936
0.000411936
-0.00178506
-0.00590441
-0.00988646
-0.0117402
-0.0108476
-0.008582
-0.00665963
-0.00569845
-0.00569845
-0.00659097
-0.00906259
-0.0130446
-0.01737
-0.0199789
-0.019155
-0.0144178
-0.0074835
-0.00137312
0.00137312
0
-0.00425667
-0.00933721
-0.0136625
-0.0164088
-0.016958
-0.0148297
-0.0106417
-0.00631635
-0.00480592
-0.0068656
-0.010573
-0.0124267
-0.0102984
-0.0051492
0
0.00199102
-0.000480592
-0.00562979
-0.00968049
-0.00906259
-0.00336414
0.00425667
0.00968049
0.00968049
0.00377608
-0.00583576
-0.0151043
-0.0210087
-0.023549
-0.0248535
-0.0260206
-0.0261579
-0.0239609
-0.0197729
-0.0159968
-0.0146237
-0.014967
-0.0140058
-0.0098178
-0.00418801
-0.00123581
-0.00322683
-0.00817006
-0.0124267
-0.0144178
-0.0146924
-0.0140058
-0.0119461
-0.008582
-0.00494323
-0.00219699
-0.000549248
0.00034328
0.000549248
-0.000549248
-0.00357011
-0.00844468
-0.0138685
-0.0178506
-0.0192923
-0.0185371
-0.0167521
-0.0144178
-0.0116715
-0.00995512
-0.0111909
-0.0156536
-0.0208028
-0.0228624
-0.019361
-0.0112596
-0.00254027
0.0023343
0.000961184
-0.00569845
-0.0143491
-0.0220386
-0.0266385
-0.0265699
-0.021352
-0.0124954
-0.00357011
0.00226565
0.00357011
0.00137312
-0.00205968
-0.00425667
-0.00377608
-0.00068656
0.0034328
0.00590441
0.00411936
-0.00240296
-0.010779
-0.0161342
-0.0155162
-0.0103671
-0.00528651
-0.00418801
-0.00727753
-0.0118088
-0.0144864
-0.0131133
-0.00755216
0.000205968
0.00659097
0.00823872
0.00432533
-0.00302086
-0.0106417
-0.0157909
-0.0175759
-0.0157909
-0.0113282
-0.00617904
-0.00260893
-0.00219699
-0.0040507
-0.00631635
-0.00720888
-0.00659097
-0.00542382
-0.00528651
-0.00720888
-0.0111909
-0.0162028
-0.0201849
-0.0214207
-0.0199789
-0.01737
-0.0150357
-0.0131819
-0.0112596
-0.0091999
-0.00768947
-0.00741484
-0.008582
-0.0100924
-0.0098178
-0.00617904
-6.8656e-05
0.00549248
0.0068656
0.00254027
-0.0057671
-0.0138685
-0.0177819
-0.0160655
-0.0107103
-0.0051492
-0.0017164
-0.00102984
-0.00247161
-0.00508054
-0.00775812
-0.00954318
-0.00968049
-0.00823872
-0.00569845
-0.00357011
-0.0034328
-0.00562979
-0.00865065
-0.00995512
-0.00844468
-0.00556113
-0.0034328
-0.00322683
-0.00466861
-0.00659097
-0.00823872
-0.0091999
-0.00968049
-0.00995512
-0.00995512
-0.0100238
-0.010985
-0.0136625
-0.017164
-0.019155
-0.0175073
-0.012564
-0.00762081
-0.00665963
-0.0113282
-0.0190864
-0.0246475
-0.0238236
-0.0160655
-0.00446264
0.00672828
0.0139372
0.015173
0.00974915
-0.000549248
-0.0115342
-0.0183998
-0.0188117
-0.0139372
-0.00755216
-0.00350145
-0.00363877
-0.00714022
-0.0114655
-0.0133879
-0.0106417
-0.00377608
0.0040507
0.0081014
0.00549248
-0.00295221
-0.0130446
-0.0196356
-0.0199102
-0.0142118
-0.00638501
-0.000617904
0.000892528
-0.00137312
-0.0057671
-0.010573
-0.0151043
-0.0183311
-0.0192237
-0.016958
-0.0118088
-0.0051492
0.00102984
0.00549248
0.00817006
0.00947452
0.00926856
0.00762081
0.00466861
0.00151043
-0.000823872
-0.00164774
-0.00144178
-0.00102984
-0.00137312
-0.00247161
-0.00350145
-0.00281489
-0.00034328
0.00212834
0.00192237
-0.00185371
-0.00762081
-0.0124954
-0.0140058
-0.0117402
-0.00734619
-0.00363877
-0.00205968
-0.00157909
-0.000617904
0.0010985
0.00205968
0.00068656
-0.00370742
-0.0104357
-0.0172326
-0.0210087
-0.0192923
-0.0122894
-0.00322683
0.00350145
0.00508054
0.00102984
-0.00638501
-0.0137312
-0.0175073
-0.0164774
-0.0113282
-0.00439398
0.00151043
0.00357011
0.000549248
-0.00638501
-0.0132506
-0.0162028
-0.0137312
-0.00727753
-0.000137312
0.00439398
0.00466861
0.00116715
-0.00377608
-0.00762081
-0.00892528
-0.0081014
-0.00707156
-0.00734619
-0.00933721
-0.0118775
-0.0137998
-0.0140058
-0.0122894
-0.00885662
-0.00494323
-0.00288355
-0.00432533
-0.00878796
-0.0141431
-0.0188117
-0.0223132
-0.0242356
-0.0238236
-0.0208028
-0.0163401
-0.0121521
-0.0101611
-0.0108476
-0.0132506
-0.014967
-0.0140058
-0.0109163
-0.00789544
-0.00693425
-0.00796409
-0.00968049
-0.0112596
-0.0129073
-0.014761
-0.0161342
-0.0158595
-0.0136625
-0.010573
-0.008582
-0.00871931
-0.010573
-0.0124267
-0.0124954
-0.00961184
-0.00425667
0.00130446
0.00418801
0.00288355
-0.00151043
-0.00665963
-0.0110536
-0.0142118
-0.0162715
-0.0175073
-0.0186744
-0.0203222
-0.0214207
-0.0212147
-0.0200475
-0.0192237
-0.019567
-0.0203908
-0.0204595
-0.019361
-0.0177819
-0.016958
-0.0177132
-0.0192923
-0.0199102
-0.0177819
-0.0127014
-0.00549248
0.00144178
0.00556113
0.00528651
0.00123581
-0.00501189
-0.0118088
-0.0181938
-0.0223818
-0.0225192
-0.0185371
-0.01277
-0.008582
-0.00768947
-0.00968049
-0.0128387
-0.0155849
-0.0168207
-0.0161342
-0.0138685
-0.0111909
-0.00878796
-0.00700291
-0.00638501
-0.00720888
-0.00940587
-0.0122208
-0.0145551
-0.0154476
-0.0135252
-0.00823872
-0.0010985
0.00446264
0.00542382
0.00199102
-0.00254027
-0.00508054
-0.00501189
-0.00473726
-0.00659097
-0.0105044
-0.0139372
-0.014761
-0.0134566
-0.0118088
-0.0109163
-0.0100238
-0.00789544
-0.00473726
-0.00247161
-0.00254027
-0.00473726
-0.00755216
-0.00940587
-0.00974915
-0.00899393
-0.00796409
-0.00741484
-0.00755216
-0.00871931
-0.0109163
-0.0139372
-0.0173013
-0.0200475
-0.0212147
-0.0198416
-0.0155162
-0.0091999
-0.00240296
0.00336414
0.00714022
0.00803275
0.00549248
0
-0.00679694
-0.0124954
-0.014761
-0.0131133
-0.00906259
-0.00528651
-0.00391339
-0.00549248
-0.00906259
-0.0134566
-0.0167521
-0.0167521
-0.0123581
-0.00508054
0.00137312
0.00398205
0.00212834
-0.00281489
-0.00817006
-0.0117402
-0.0118775
-0.00871931
-0.00350145
0.00130446
0.00363877
0.00247161
-0.00137312
-0.00556113
-0.00837603
-0.00940587
-0.00926856
-0.00913124
-0.00974915
-0.010985
-0.0122894
-0.0131133
-0.0134566
-0.0133193
-0.0122894
-0.0103671
-0.00913124
-0.0106417
-0.0150357
-0.0196356
-0.021352
-0.0198416
-0.0174386
-0.0167521
-0.0184685
-0.0219013
-0.0249908
-0.0253341
-0.0219013
-0.0159968
-0.010985
-0.00947452
-0.0113969
-0.0152416
-0.0194983
-0.0236177
-0.0264325
-0.0261579
-0.021558
-0.0142118
-0.0081014
-0.00631635
-0.00741484
-0.00700291
-0.00274624
0.00281489
0.00480592
0.00144178
-0.00459995
-0.00926856
-0.0109163
-0.0107103
-0.0104357
-0.0104357
-0.0102984
-0.00961184
-0.00865065
-0.00768947
-0.00672828
-0.00604173
-0.00659097
-0.00954318
-0.0146237
-0.0192923
-0.0205968
-0.0172326
-0.0102984
-0.00295221
0.00157909
0.0017164
-0.0017164
-0.00617904
-0.0102297
-0.0140745
-0.0183998
-0.0220386
-0.0227938
-0.0197043
-0.0146924
-0.0114655
-0.012976
-0.0184685
-0.0236863
-0.0240296
-0.0183998
-0.00974915
-0.00267758
-0.000137312
-0.00219699
-0.00665963
-0.0110536
-0.0131819
-0.0121521
-0.00851334
-0.00439398
-0.00274624
-0.00494323
-0.00961184
-0.0137312
-0.0148983
-0.0133879
-0.0118775
-0.0130446
-0.0164774
-0.0187431
-0.0162715
-0.008582
0.00137312
0.00899393
0.0113969
0.00851334
0.00254027
-0.00398205
-0.00899393
-0.0112596
-0.0103671
-0.00830737
-0.00830737
-0.0124954
-0.0186058
-0.0221759
-0.0199102
-0.0123581
-0.00357011
0.00205968
0.00226565
-0.00192237
-0.00720888
-0.0106417
-0.0120148
-0.0134566
-0.0164774
-0.0203222
-0.0219013
-0.0188117
-0.0118088
-0.0040507
0.00137312
0.00473726
0.00823872
0.0122894
0.0144178
0.0117402
0.00487457
-0.00281489
-0.00823872
-0.010779
-0.0113969
-0.0104357
-0.00755216
-0.00302086
0.0010985
0.00260893
0.000823872
-0.00288355
-0.00624769
-0.00796409
-0.00803275
-0.00707156
-0.00604173
-0.0051492
-0.0040507
-0.00260893
-0.00144178
-0.00199102
-0.00494323
-0.00995512
-0.0154476
-0.0199102
-0.0222445
-0.021558
-0.0176446
-0.0112596
-0.00453129
0.000274624
0.00199102
0.00144178
0.00034328
-0.000137312
0.000137312
0.000411936
6.8656e-05
-0.00116715
-0.00267758
-0.00398205
-0.00521785
-0.00707156
-0.0101611
-0.0133879
-0.0150357
-0.0136625
-0.00995512
-0.00659097
-0.00583576
-0.00768947
-0.0102984
-0.0118088
-0.0117402
-0.0103671
-0.00755216
-0.0034328
0.000823872
0.00315817
0.00205968
-0.00281489
-0.0107103
-0.0192237
-0.0245102
-0.0229997
-0.0148297
-0.0040507
0.00357011
0.00466861
-0.00034328
-0.00720888
-0.010985
-0.00968049
-0.00535517
-0.00205968
