LECROYHDO9204-MSöv,30454,Waveform
Segments,1,SegmentSize,2002
Ampl
-0.0138685
-0.017164
-0.0180565
-0.01737
-0.0166147
-0.0168894
-0.0176446
-0.016958
-0.0134566
-0.00734619
-0.00123581
0.0017164
-6.8656e-05
-0.00501189
-0.00926856
-0.00968049
-0.00638501
-0.00212834
0.000549248
0.00164774
0.00274624
0.00446264
0.0057671
0.00439398
-0.000892528
-0.00830737
-0.0137998
-0.0135939
-0.00755216
0.000137312
0.00459995
0.00329549
-0.00240296
-0.00892528
-0.0131819
-0.0135252
-0.010573
-0.00604173
-0.00240296
-0.00192237
-0.00597307
-0.0133879
-0.0204595
-0.0229997
-0.0197043
-0.0130446
-0.00700291
-0.00425667
-0.00466861
-0.00631635
-0.00700291
-0.00611038
-0.00466861
-0.00459995
-0.00693425
-0.0106417
-0.0131133
-0.0126327
-0.00913124
-0.00487457
-0.00240296
-0.00267758
-0.00508054
-0.008582
-0.0126327
-0.0158595
-0.0168207
-0.0153103
-0.0135252
-0.0135939
-0.0143491
-0.012564
-0.00645366
0.0010985
0.00556113
0.00466861
0.00034328
-0.00391339
-0.00672828
-0.00906259
-0.0121521
-0.0153103
-0.0170267
-0.0172326
-0.0174386
-0.0184685
-0.018949
-0.0167521
-0.0120148
-0.00720888
-0.00494323
-0.00569845
-0.00830737
-0.0113969
-0.0137312
-0.0142804
-0.0123581
-0.00823872
-0.00357011
-0.000823872
-0.00151043
-0.00549248
-0.0110536
-0.0162715
-0.0197043
-0.0208714
-0.0206654
-0.021352
-0.0248535
-0.0311012
-0.0375548
-0.0412622
-0.0405757
-0.0351519
-0.02554
-0.0133193
-0.00267758
-0.00144178
-0.0222445
-0.0822499
-0.197729
-0.372047
-0.585155
-0.796615
-0.964685
-1.06691
-1.10797
-1.11078
-1.10152
-1.0985
-1.10873
-1.1296
-1.15301
-1.17004
-1.1756
-1.17045
-1.15987
-1.1504
-1.14642
-1.14882
-1.15466
-1.1596
-1.16049
-1.15706
-1.15143
-1.14532
-1.13893
-1.13124
-1.1217
-1.10955
-1.0939
-1.07447
-1.05442
-1.03918
-1.033
-1.03574
-1.04288
-1.04975
-1.05469
-1.05895
-1.0643
-1.07124
-1.07845
-1.08497
-1.09094
-1.09747
-1.10522
-1.11429
-1.12314
-1.12953
-1.13179
-1.13042
-1.12733
-1.12417
-1.12136
-1.11902
-1.11868
-1.12218
-1.12912
-1.1355
-1.1366
-1.13063
-1.11985
-1.10886
-1.10124
-1.09863
-1.10035
-1.10413
-1.10756
-1.10914
-1.10886
-1.10749
-1.10632
-1.10632
-1.10721
-1.10742
-1.10536
-1.10152
-1.0987
-1.09966
-1.10488
-1.11161
-1.11587
-1.11497
-1.10982
-1.10433
-1.10179
-1.10255
-1.10454
-1.10646
-1.10886
-1.1136
-1.12095
-1.12864
-1.13351
-1.13344
-1.12774
-1.1158
-1.09657
-1.06925
-1.03437
-0.993864
-0.948894
-0.898913
-0.841859
-0.777254
-0.708873
-0.644268
-0.590098
-0.547394
-0.5108
-0.473246
-0.430336
-0.382208
-0.331814
-0.282725
-0.237962
-0.199446
-0.168344
-0.14507
-0.129485
-0.120285
-0.114449
-0.108888
-0.102229
-0.0953631
-0.0894587
-0.0848588
-0.0807394
-0.0760708
-0.0709216
-0.0667336
-0.0649485
-0.0653605
-0.066253
-0.066253
-0.0648112
-0.0619963
-0.0578083
-0.0527278
-0.0477846
-0.0445577
-0.0438025
-0.0451756
-0.0475099
-0.049295
-0.049501
-0.0484711
-0.047304
-0.0467547
-0.0461368
-0.0442144
-0.0405757
-0.0361817
-0.0325429
-0.029934
-0.0278743
-0.0252654
-0.0212834
-0.0162715
-0.0115342
-0.00913124
-0.0102297
-0.0142118
-0.0192237
-0.0230684
-0.0242356
-0.0229311
-0.0210774
-0.0210087
-0.0236177
-0.0272564
-0.0291101
-0.027531
-0.0236177
-0.0198416
-0.0186058
-0.0199102
-0.0218326
-0.0220386
-0.0197043
-0.0157222
-0.0115342
-0.00844468
-0.00741484
-0.0091999
-0.0136625
-0.0196356
-0.0256087
-0.03014
-0.0313758
-0.027943
-0.0208028
-0.0134566
-0.00974915
-0.0113969
-0.0170267
-0.0234117
-0.0278057
-0.0289728
-0.0270505
-0.0229997
-0.0181938
-0.0143491
-0.0131133
-0.0148297
-0.0181252
-0.0204595
-0.0201162
-0.0174386
-0.0142118
-0.0116715
-0.0100924
-0.00899393
-0.00803275
-0.00672828
-0.00494323
-0.00308952
-0.00267758
-0.00521785
-0.0109163
-0.0186058
-0.025952
-0.0313758
-0.0341907
-0.034328
-0.0309638
-0.023549
-0.0142118
-0.00741484
-0.00659097
-0.0106417
-0.0146237
-0.0139372
-0.00830737
-0.00219699
-0.000617904
-0.00446264
-0.0105044
-0.0148297
-0.0161342
-0.0153103
-0.0128387
-0.00865065
-0.00308952
0.00137312
0.00151043
-0.00411936
-0.0131819
-0.0206654
-0.0221759
-0.0176446
-0.010985
-0.00659097
-0.00624769
-0.00913124
-0.0131133
-0.0155162
-0.0139372
-0.00817006
-0.000892528
0.00377608
0.00357011
-0.000480592
-0.00501189
-0.00707156
-0.00645366
-0.00549248
-0.00679694
-0.0111223
-0.0165461
-0.0205968
-0.0214893
-0.0188804
-0.0137312
-0.00817006
-0.00473726
-0.00480592
-0.00755216
-0.0107103
-0.0122894
-0.0106417
-0.00542382
0.00192237
0.00830737
0.0101611
0.00631635
-0.00137312
-0.00926856
-0.0140058
-0.0138685
-0.00961184
-0.00439398
-0.00164774
-0.00247161
-0.00473726
-0.00562979
-0.0040507
-0.00130446
0.000274624
-0.000480592
-0.00260893
-0.00370742
-0.00199102
0.00178506
0.00466861
0.00411936
0.00034328
-0.00384473
-0.00569845
-0.00508054
-0.00384473
-0.00370742
-0.00473726
-0.0057671
-0.00611038
-0.00617904
-0.00645366
-0.00624769
-0.00425667
-0.000205968
0.00501189
0.00961184
0.0119461
0.0108476
0.00624769
-0.00116715
-0.0098178
-0.0173013
-0.0209401
-0.018949
-0.01277
-0.00583576
-0.00157909
-0.000823872
-0.00219699
-0.00350145
-0.00315817
-0.000892528
0.00281489
0.00693425
0.0106417
0.012976
0.0132506
0.0111909
0.00741484
0.00329549
0.000549248
0.000274624
0.00157909
0.00254027
0.00178506
-0.000755216
-0.00391339
-0.00611038
-0.00617904
-0.00391339
-0.000137312
0.00329549
0.00432533
0.00219699
-0.00178506
-0.0051492
-0.0057671
-0.00377608
-0.000892528
0.00102984
0.00130446
0.000480592
-0.000137312
0.000961184
0.00391339
0.00714022
0.00782678
0.00466861
-0.00130446
-0.00796409
-0.0142804
-0.019361
-0.0222445
-0.0220386
-0.019361
-0.0158595
-0.0130446
-0.0114655
-0.0104357
-0.00878796
-0.0057671
-0.00288355
-0.00295221
-0.00720888
-0.0134566
-0.0175759
-0.0168894
-0.01277
-0.00899393
-0.008582
-0.0111909
-0.0135252
-0.0127014
-0.00851334
-0.00322683
0.00068656
0.00151043
-0.00102984
-0.00617904
-0.0120148
-0.0159282
-0.0162028
-0.0131819
-0.00844468
-0.00336414
0.00102984
0.00398205
0.00466861
0.00267758
-0.00123581
-0.00535517
-0.00789544
-0.00768947
-0.00542382
-0.00288355
-0.00123581
-0.000617904
-0.000411936
-0.000274624
-0.000411936
-0.00137312
-0.00398205
-0.00906259
-0.0157909
-0.021146
-0.021558
-0.015173
-0.00391339
0.00707156
0.0127014
0.010985
0.00453129
-0.00205968
-0.00508054
-0.0040507
-0.000205968
0.00446264
0.00796409
0.00947452
0.00974915
0.0106417
0.0119461
0.010985
0.00542382
-0.00398205
-0.0135939
-0.0194296
-0.0192923
-0.0138685
-0.00638501
-0.00068656
0.00068656
-0.00226565
-0.00741484
-0.0115342
-0.0120835
-0.00851334
-0.00336414
-0.000617904
-0.00288355
-0.0100238
-0.0186058
-0.0243729
-0.0251281
-0.0220386
-0.0183311
-0.0162028
-0.0155162
-0.014761
-0.0126327
-0.00906259
-0.00549248
-0.00398205
-0.00583576
-0.0107103
-0.0162028
-0.0194296
-0.0186058
-0.0134566
-0.00535517
0.00254027
0.00631635
0.00398205
-0.00226565
-0.00727753
-0.00720888
-0.00254027
0.00274624
0.0051492
0.0040507
0.00123581
-0.0010985
-0.00199102
-0.00157909
-0.000617904
0.000205968
0.000617904
0.000549248
0.000205968
-0.000205968
-0.000823872
-0.00192237
-0.00336414
-0.00446264
-0.00549248
-0.00762081
-0.0112596
-0.0151043
-0.0166147
-0.0142804
-0.00899393
-0.00308952
0.000961184
0.00185371
0
-0.0023343
-0.00302086
-0.00151043
0.000137312
0.000137312
-0.00130446
-0.00199102
6.8656e-05
0.00439398
0.00817006
0.00837603
0.00411936
-0.00260893
-0.0081014
-0.00954318
-0.00679694
-0.00240296
0.000480592
-6.8656e-05
-0.00357011
-0.00762081
-0.0091999
-0.00659097
-0.000892528
0.00459995
0.00672828
0.00487457
0.000549248
-0.00377608
-0.00569845
-0.0034328
0.00274624
0.00968049
0.012976
0.0100238
0.00302086
-0.00322683
-0.00501189
-0.00260893
0.00116715
0.00398205
0.00480592
0.00322683
-0.00068656
-0.00645366
-0.0133193
-0.0197729
-0.0238236
-0.023343
-0.0178506
-0.00926856
-0.000549248
0.00597307
0.00885662
0.00727753
0.00116715
-0.00755216
-0.0151043
-0.0178506
-0.0145551
-0.00755216
-0.00123581
0.000823872
-0.00157909
-0.00528651
-0.00611038
-0.00240296
0.00363877
0.00775812
0.00734619
0.00315817
-0.00192237
-0.00528651
-0.00617904
-0.00556113
-0.0040507
-0.00116715
0.00322683
0.00789544
0.0100924
0.00851334
0.00432533
0.000205968
-0.00199102
-0.00281489
-0.00432533
-0.00775812
-0.0120148
-0.0144178
-0.0131133
-0.0091999
-0.00604173
-0.00672828
-0.0120148
-0.0190864
-0.0227938
-0.0190177
-0.00796409
0.00494323
0.0124954
0.0111223
0.00274624
-0.0068656
-0.0122894
-0.0111909
-0.00535517
0.00178506
0.00741484
0.010985
0.0129073
0.0131133
0.0110536
0.00672828
0.00157909
-0.00281489
-0.00617904
-0.00892528
-0.0111909
-0.0122894
-0.0115342
-0.0091999
-0.00665963
-0.00487457
-0.00384473
-0.00288355
-0.00212834
-0.00274624
-0.00535517
-0.00878796
-0.0109163
-0.0102984
-0.00679694
-0.000892528
0.00617904
0.0124267
0.014967
0.0113282
0.00144178
-0.0118775
-0.0234803
-0.0284922
-0.0251281
-0.0156536
-0.00494323
0.00267758
0.00494323
0.00281489
-0.00068656
-0.0023343
-0.00068656
0.00274624
0.00480592
0.00370742
0.000137312
-0.00411936
-0.00741484
-0.00892528
-0.00837603
-0.00631635
-0.00357011
-0.000617904
0.00281489
0.00700291
0.0105044
0.0110536
0.00720888
-0.000480592
-0.00926856
-0.0162028
-0.0199102
-0.0210087
-0.0202535
-0.0179192
-0.0142118
-0.0103671
-0.00803275
-0.00830737
-0.0102297
-0.0117402
-0.0116715
-0.0105044
-0.00913124
-0.00768947
-0.00569845
-0.00363877
-0.00274624
-0.00391339
-0.00638501
-0.00789544
-0.00617904
-0.00068656
0.00604173
0.0102297
0.00926856
0.00370742
-0.00384473
-0.0105044
-0.0151043
-0.0182625
-0.0204595
-0.021352
-0.0198416
-0.0162028
-0.0121521
-0.00961184
-0.00899393
-0.00913124
-0.00885662
-0.00755216
-0.00446264
0.000480592
0.00562979
0.0074835
0.00370742
-0.00446264
-0.0130446
-0.0179879
-0.0177819
-0.0138685
-0.00926856
-0.00659097
-0.00659097
-0.00782678
-0.00762081
-0.00466861
0
0.00295221
0.00116715
-0.00439398
-0.00961184
-0.0105044
-0.00659097
-0.0010985
0.00205968
0.00116715
-0.0023343
-0.00528651
-0.00562979
-0.00336414
0.00034328
0.00363877
0.00494323
0.00329549
-0.000411936
-0.00370742
-0.00501189
-0.00466861
-0.00391339
-0.00274624
-0.000549248
0.00281489
0.00562979
0.00611038
0.0040507
0.000823872
-0.00192237
-0.00336414
-0.00363877
-0.00322683
-0.00247161
-0.0010985
0.00068656
0.00219699
0.00212834
-0.000274624
-0.00473726
-0.00961184
-0.0124954
-0.0111909
-0.00528651
0.00336414
0.0116029
0.0168207
0.0178506
0.0142118
0.00672828
-0.00226565
-0.00933721
-0.0118088
-0.00906259
-0.00288355
0.00439398
0.010985
0.0155162
0.0162715
0.0122208
0.00377608
-0.00611038
-0.0133193
-0.015173
-0.0120835
-0.00638501
-0.000549248
0.00370742
0.00542382
0.00398205
0.000137312
-0.00411936
-0.00624769
-0.00521785
-0.00226565
-6.8656e-05
-0.0010985
-0.00556113
-0.0109163
-0.0135939
-0.0120148
-0.00762081
-0.00336414
-0.000480592
0.00116715
0.0023343
0.00288355
0.00247161
0.00123581
0
-6.8656e-05
0.00102984
0.00219699
0.00226565
0.0010985
-0.000205968
-0.00144178
-0.00308952
-0.0051492
-0.00645366
-0.0057671
-0.00384473
-0.00336414
-0.00645366
-0.0127014
-0.0186058
-0.0206654
-0.0179192
-0.0126327
-0.00775812
-0.00487457
-0.0034328
-0.00219699
-0.000549248
0.00144178
0.00260893
0.00164774
-0.00130446
-0.00432533
-0.00466861
-0.00205968
0.000961184
0.000755216
-0.00439398
-0.0131819
-0.0220386
-0.027531
-0.0274624
-0.0217639
-0.0126327
-0.00350145
0.0017164
0.00102984
-0.00459995
-0.0105044
-0.0121521
-0.00823872
-0.00205968
0.00247161
0.00370742
0.00302086
0.00212834
0.00157909
0.00068656
-0.000961184
-0.00315817
-0.00446264
-0.00350145
-0.000205968
0.0034328
0.00494323
0.00315817
-0.00068656
-0.00398205
-0.00425667
-0.00185371
0.00068656
0.000755216
-0.00185371
-0.00556113
-0.00817006
-0.00823872
-0.00604173
-0.00274624
0.00034328
0.00281489
0.00528651
0.00782678
0.00913124
0.00755216
0.00288355
-0.00240296
-0.00535517
-0.00535517
-0.00494323
-0.00679694
-0.0110536
-0.0151043
-0.0160655
-0.012976
-0.00734619
-0.00164774
0.00192237
0.00178506
-0.00212834
-0.00817006
-0.0134566
-0.0152416
-0.0124267
-0.00611038
0.00144178
0.00727753
0.00871931
0.00459995
-0.00363877
-0.0124267
-0.0174386
-0.0164774
-0.010779
-0.00398205
0.000549248
0.00205968
0.00157909
0.00034328
-0.00116715
-0.00226565
-0.00116715
0.00274624
0.00782678
0.010779
0.00933721
0.00391339
-0.00267758
-0.00775812
-0.00988646
-0.00933721
-0.00775812
-0.00659097
-0.00611038
-0.00569845
-0.00521785
-0.00473726
-0.00446264
-0.00480592
-0.00604173
-0.00734619
-0.00700291
-0.00384473
0.000961184
0.00466861
0.00562979
0.00391339
0.000892528
-0.00260893
-0.00714022
-0.0129073
-0.0177132
-0.0183311
-0.0133879
-0.0057671
-0.000205968
0.000274624
-0.00322683
-0.00714022
-0.00892528
-0.008582
-0.0074835
-0.00665963
-0.00617904
-0.0057671
-0.00535517
-0.00480592
-0.00459995
-0.00528651
-0.00665963
-0.00734619
-0.00583576
-0.00178506
0.00391339
0.00926856
0.0117402
0.00988646
0.00453129
-0.00178506
-0.00720888
-0.0111223
-0.0137998
-0.0150357
-0.0148297
-0.0135939
-0.0123581
-0.0118088
-0.0123581
-0.0127014
-0.0112596
-0.00775812
-0.00425667
-0.00308952
-0.00391339
-0.00411936
-0.0017164
0.00240296
0.00535517
0.00508054
0.00205968
-0.00151043
-0.00329549
-0.00315817
-0.00281489
-0.00473726
-0.00974915
-0.0166147
-0.0232744
-0.0283549
-0.0308952
-0.0306892
-0.0282176
-0.0241669
-0.0186058
-0.0114655
-0.00391339
0.00192237
0.00377608
0.000892528
-0.00487457
-0.0098178
-0.0102297
-0.00521785
0.00240296
0.00830737
0.0091999
0.00494323
-0.00240296
-0.0101611
-0.0159282
-0.0179192
-0.0157909
-0.0107103
-0.00508054
-0.00151043
-0.00164774
-0.00535517
-0.0108476
-0.0153789
-0.0167521
-0.0140058
-0.00865065
-0.00398205
-0.00322683
-0.00638501
-0.0100924
-0.00995512
-0.00425667
0.00411936
0.0098178
0.00803275
-0.00151043
-0.0137312
-0.0217639
-0.0216266
-0.0155162
-0.00947452
-0.00823872
-0.0120148
-0.0175073
-0.0210087
-0.0207341
-0.017164
-0.0120148
-0.00707156
-0.00398205
-0.00377608
-0.00604173
-0.00878796
-0.00926856
-0.00645366
-0.00185371
0.00157909
0.00137312
-0.00302086
-0.0100924
-0.0167521
-0.019567
-0.0167521
-0.00940587
-0.000961184
0.00521785
0.0074835
0.0057671
0.000823872
-0.00617904
-0.0129073
-0.0164774
-0.0150357
-0.00906259
-0.000961184
0.00542382
0.00693425
0.00281489
-0.00439398
-0.0111909
-0.015173
-0.0155849
-0.0130446
-0.00775812
-0.000137312
0.00782678
0.012564
0.0108476
0.00260893
-0.00823872
-0.016958
-0.0207341
-0.0194296
-0.0142804
-0.00768947
-0.00260893
-0.00199102
-0.00652232
-0.0134566
-0.0177819
-0.0160655
-0.008582
0.000549248
0.00665963
0.00782678
0.00549248
0.00226565
-0.000617904
-0.00288355
-0.00418801
-0.0040507
-0.00254027
-0.000823872
-0.000274624
-0.00130446
-0.00315817
-0.00439398
-0.00384473
-0.00219699
-0.00137312
-0.0023343
-0.00350145
-0.00315817
-0.00192237
-0.00254027
-0.00631635
-0.0115342
-0.0148297
-0.0144178
-0.0112596
-0.00796409
-0.00672828
-0.00762081
-0.00878796
-0.00844468
-0.00659097
-0.00446264
-0.00302086
-0.00254027
-0.00302086
-0.00418801
-0.00604173
-0.00817006
-0.0103671
-0.0127014
-0.015173
-0.0170267
-0.0166147
-0.0128387
-0.00679694
-0.00212834
-0.00205968
-0.00659097
-0.0119461
-0.0144864
-0.0135939
-0.0112596
-0.00913124
-0.00796409
-0.00796409
-0.0098178
-0.012976
-0.0155849
-0.0153789
-0.0119461
-0.00665963
-0.00212834
-0.000205968
-0.000892528
-0.00274624
-0.00446264
-0.00617904
-0.00871931
-0.0118088
-0.0134566
-0.0117402
-0.00672828
-0.0010985
0.00205968
0.00130446
-0.00212834
-0.0057671
-0.00775812
-0.0074835
-0.00549248
-0.00308952
-0.00212834
-0.00439398
-0.00947452
-0.0143491
-0.0157222
-0.01277
-0.00755216
-0.00295221
-0.000755216
-0.00123581
-0.00315817
-0.00466861
-0.00473726
-0.00350145
-0.00178506
-0.000274624
0.00068656
0.000755216
-0.000755216
-0.0034328
-0.00562979
-0.00535517
-0.00157909
0.00466861
0.0100924
0.0112596
0.00679694
-0.00102984
-0.00892528
-0.0144864
-0.0167521
-0.0153103
-0.0105044
-0.0040507
0.00157909
0.00480592
0.00583576
0.00535517
0.00411936
0.0023343
-0.000205968
-0.00363877
-0.00803275
-0.0124267
-0.0150357
-0.0148983
-0.0124954
-0.0101611
-0.00988646
-0.0115342
-0.0129073
-0.0115342
-0.00762081
-0.0034328
-0.00116715
-0.00102984
-0.00205968
-0.00384473
-0.00631635
-0.00926856
-0.0122894
-0.015173
-0.0181252
-0.0205968
-0.021558
-0.0205968
-0.0190864
-0.0181252
-0.0166834
-0.0123581
-0.00432533
0.0051492
0.0118775
0.01277
0.00817006
0.00151043
-0.00391339
-0.00672828
-0.00782678
-0.00830737
-0.00837603
-0.00720888
-0.0040507
0.000617904
0.00494323
0.00707156
0.00604173
0.00274624
-0.00068656
-0.00260893
-0.00219699
0.00068656
0.00583576
0.0118775
0.0163401
0.0159968
0.00926856
-0.00219699
-0.0144178
-0.0228624
-0.0249221
-0.0205968
-0.0118088
-0.00157909
0.00693425
0.0115342
0.0115342
0.00823872
0.00391339
0.00123581
0.00178506
0.00549248
0.0102297
0.012564
0.0100924
0.00370742
-0.00254027
-0.00494323
-0.00315817
-0.000137312
0.000823872
-0.00205968
-0.008582
-0.0159282
-0.0201162
-0.0181252
-0.0100238
0.000961184
0.0105044
0.0153103
0.014967
0.0118088
0.00906259
0.00796409
0.00734619
0.00569845
0.00274624
-0.000205968
-0.00199102
-0.00219699
-0.00137312
-0.00068656
-0.000892528
-0.00247161
-0.0051492
-0.00796409
-0.00995512
-0.0104357
-0.00933721
-0.00734619
-0.00549248
-0.00439398
-0.00439398
-0.0051492
-0.00659097
-0.00844468
-0.0098178
-0.00913124
-0.00569845
-0.00068656
0.00350145
0.00487457
0.00308952
-0.000755216
-0.0051492
-0.00940587
-0.012976
-0.0154476
-0.0159968
-0.0138685
-0.00926856
-0.00288355
0.00295221
0.00562979
0.00384473
-0.00123581
-0.00652232
-0.00899393
-0.0074835
-0.00240296
0.00446264
0.0098178
0.010573
0.00624769
-0.000205968
-0.00425667
-0.0034328
0.000617904
0.00398205
0.00370742
-0.000617904
-0.0068656
-0.0116715
-0.012976
-0.010985
-0.00762081
-0.00494323
-0.00370742
-0.00308952
-0.00185371
0.000205968
0.00157909
0.00130446
-0.000274624
-0.00178506
-0.00192237
0.000274624
0.00494323
0.0107103
0.0154476
0.01737
0.0162028
0.01277
0.00789544
0.0023343
-0.00308952
-0.0068656
-0.00775812
-0.00569845
-0.00247161
-0.000549248
-0.00185371
-0.00604173
-0.0103671
-0.0116715
-0.008582
-0.00240296
0.0040507
0.00851334
0.0098178
0.00830737
0.00487457
0.00034328
-0.00418801
-0.00741484
-0.008582
-0.00830737
-0.00789544
-0.0081014
-0.00865065
-0.00844468
-0.00665963
-0.00322683
0.000823872
0.00384473
0.00453129
0.00240296
-0.00144178
-0.00508054
-0.00645366
-0.00453129
-0.000137312
0.00439398
0.00617904
0.0040507
-0.00034328
-0.0040507
-0.0057671
-0.00679694
-0.008582
-0.010573
-0.0104357
-0.00707156
-0.00212834
0.00123581
0.000823872
-0.00295221
-0.00762081
-0.0105044
-0.00995512
-0.00562979
0.00102984
0.00672828
0.00830737
0.00487457
-0.000961184
-0.0057671
-0.00768947
-0.00720888
-0.00556113
-0.00370742
-0.00205968
-0.00034328
0.00130446
0.0017164
-0.000411936
-0.00549248
-0.0116715
-0.0158595
-0.0159968
-0.0121521
-0.00659097
-0.00212834
-0.000549248
-0.00157909
-0.00363877
-0.00521785
-0.00569845
-0.00521785
-0.00329549
0.00034328
0.00473726
0.00762081
0.00638501
0.000137312
-0.00954318
-0.0187431
-0.0229311
-0.0203222
-0.0131133
-0.00556113
-0.000411936
0.00199102
0.00260893
0.0023343
0.0017164
0.00116715
0.000137312
-0.00226565
-0.00617904
-0.0098178
-0.0103671
-0.00590441
0.00199102
0.00885662
0.0100238
0.00398205
-0.00631635
-0.0154476
-0.0192237
-0.0167521
-0.0103671
-0.0040507
-0.000480592
0.00034328
0.000274624
0.00102984
0.00199102
0.00130446
-0.00219699
-0.00734619
-0.0112596
-0.0111223
-0.00659097
-0.000549248
0.00357011
0.00370742
6.8656e-05
-0.00611038
-0.0134566
-0.0199102
-0.0225878
-0.019361
-0.0111909
-0.00185371
0.00418801
0.00432533
-0.00137312
-0.00947452
-0.014761
-0.0124954
-0.00302086
0.00803275
0.0137312
0.010985
0.00178506
-0.00892528
-0.0164774
-0.0183998
-0.0153103
-0.00988646
-0.00501189
-0.00212834
-0.000892528
-0.00034328
-6.8656e-05
-0.000480592
-0.0023343
-0.0051492
-0.00707156
-0.00679694
-0.00466861
-0.0023343
-0.000549248
0.00116715
0.00315817
0.00432533
0.00288355
-0.00123581
-0.00556113
-0.00693425
-0.00453129
-0.000755216
0.000961184
-0.000480592
-0.00274624
-0.00260893
0.000755216
0.00562979
0.00940587
0.0101611
0.00707156
0.000823872
-0.0057671
-0.00933721
-0.00837603
-0.00535517
-0.00377608
-0.00466861
-0.00617904
-0.00597307
-0.00425667
-0.0034328
-0.00528651
-0.00878796
-0.0109163
-0.00968049
-0.00583576
-0.00205968
-0.000274624
-0.000411936
-0.000755216
0.000823872
0.00542382
0.0119461
0.0174386
0.0188804
0.0153789
0.00830737
0.00068656
-0.00459995
-0.00611038
-0.00432533
-0.000892528
0.00260893
0.00521785
0.00604173
0.00432533
-0.000137312
-0.00549248
-0.00865065
-0.00720888
-0.0017164
0.00473726
0.00844468
0.00803275
0.00528651
0.00308952
0.00219699
0.00102984
-0.00260893
-0.00844468
-0.0142118
-0.0175759
-0.016958
-0.0114655
-0.0017164
0.00892528
0.0157222
0.0160655
0.0117402
0.00727753
0.00562979
0.00617904
0.00604173
0.00288355
-0.00267758
-0.0074835
-0.008582
-0.00604173
-0.00247161
-0.0010985
-0.00302086
-0.00734619
-0.0116715
-0.0138685
-0.0128387
-0.00913124
-0.00528651
-0.00418801
-0.00652232
-0.0101611
-0.0119461
-0.0100238
-0.00528651
-0.00034328
0.00267758
0.00315817
0.00205968
0.000411936
-0.00068656
-0.0010985
-0.000823872
-0.000205968
0.00102984
0.00322683
0.00597307
0.00775812
0.00734619
0.00521785
0.00247161
-0.00034328
-0.0040507
-0.00892528
-0.0136625
-0.0159968
-0.0145551
-0.0102297
-0.00590441
-0.00425667
-0.00549248
-0.00775812
-0.00885662
-0.00803275
-0.00556113
-0.00226565
0.0010985
0.00302086
0.00199102
-0.00260893
-0.00926856
-0.0141431
-0.0135252
-0.00665963
0.00350145
0.0117402
0.0144864
0.0120148
0.00768947
0.0051492
0.00549248
0.00727753
0.00803275
0.00645366
0.00295221
-0.00130446
-0.00562979
-0.00974915
-0.0129073
-0.0140058
-0.0124267
-0.00830737
-0.00322683
0.000892528
0.00295221
0.00308952
0.00199102
-6.8656e-05
-0.00260893
-0.00439398
-0.00411936
-0.00247161
-0.00247161
-0.00659097
-0.0135252
-0.0183311
-0.0164774
-0.00734619
0.00562979
0.0168894
0.0218326
0.0188804
0.0107103
0.00240296
-0.0017164
-0.000961184
0.00260893
0.00597307
0.00645366
0.00226565
-0.00652232
-0.0170267
-0.0245788
-0.025746
-0.0200475
-0.00995512
0.000411936
0.00700291
0.00768947
0.00302086
-0.00391339
-0.00947452
-0.0109163
-0.00775812
-0.00192237
0.00322683
0.00494323
0.00274624
-0.00219699
-0.00830737
-0.0139372
-0.0168894
-0.0157909
-0.0113282
-0.00597307
-0.00212834
-0.00116715
-0.00302086
-0.00638501
-0.00940587
-0.0103671
-0.00906259
-0.0068656
-0.00569845
-0.00659097
-0.00926856
-0.0123581
-0.0148297
-0.0167521
-0.0187431
-0.0206654
-0.021146
-0.0192923
-0.015173
-0.00968049
-0.00308952
0.00357011
0.00830737
0.00885662
0.00535517
-6.8656e-05
-0.00480592
-0.00768947
-0.00899393
-0.00947452
-0.00933721
-0.00830737
-0.00624769
-0.00363877
-0.00164774
-0.00164774
-0.00384473
-0.00720888
-0.0102297
-0.0115342
-0.0106417
-0.00782678
-0.00391339
0.00034328
0.00453129
0.00803275
0.0100238
0.0101611
0.0091999
0.00796409
0.00659097
0.00459995
