LECROYHDO9204-MSöv,30454,Waveform
Segments,1,SegmentSize,2002
Ampl
-0.0276684
-0.0219013
-0.012564
-0.00391339
0.00068656
0.00068656
-0.0017164
-0.00329549
-0.00219699
0.000411936
0.00164774
-0.000205968
-0.00453129
-0.00906259
-0.0116715
-0.0117402
-0.00961184
-0.00604173
-0.00199102
0.0010985
0.0017164
-0.00192237
-0.0101611
-0.0205968
-0.0284236
-0.0291788
-0.0221759
-0.0117402
-0.00384473
-0.00144178
-0.00267758
-0.0034328
-0.0010985
0.00336414
0.00631635
0.00508054
6.8656e-05
-0.00562979
-0.00940587
-0.010985
-0.0116715
-0.0122208
-0.0122208
-0.0114655
-0.0107103
-0.0116029
-0.0146237
-0.0183998
-0.0203908
-0.0190177
-0.015173
-0.0119461
-0.0122208
-0.0159968
-0.0194983
-0.0183311
-0.0115342
-0.00350145
-0.000274624
-0.00446264
-0.01277
-0.0190864
-0.0199789
-0.0173013
-0.0154476
-0.0165461
-0.0181938
-0.0167521
-0.0116029
-0.00645366
-0.00556113
-0.00933721
-0.0141431
-0.0162715
-0.0154476
-0.0138685
-0.0134566
-0.0142118
-0.0148983
-0.0156536
-0.0183311
-0.0239609
-0.0306206
-0.0346026
-0.0328176
-0.0254027
-0.0154476
-0.00720888
-0.0040507
-0.00720888
-0.0146924
-0.0216266
-0.0234803
-0.019361
-0.0123581
-0.00700291
-0.00624769
-0.0103671
-0.0173013
-0.0239609
-0.0274624
-0.0269818
-0.0238923
-0.0208714
-0.019567
-0.0202535
-0.0217639
-0.0222445
-0.0208714
-0.0188117
-0.0179879
-0.0183998
-0.0178506
-0.0136625
-0.00556113
0.00370742
0.00775812
-0.00487457
-0.05108
-0.148709
-0.306
-0.511006
-0.730156
-0.920951
-1.05057
-1.11044
-1.1169
-1.09966
-1.08607
-1.09039
-1.11154
-1.13873
-1.15994
-1.16907
-1.16791
-1.16276
-1.15932
-1.15994
-1.16386
-1.16846
-1.17058
-1.16832
-1.16173
-1.15246
-1.1425
-1.13358
-1.12671
-1.12191
-1.1171
-1.10886
-1.0952
-1.07756
-1.06025
-1.04776
-1.04213
-1.04275
-1.04721
-1.05305
-1.05881
-1.06451
-1.07076
-1.07831
-1.08676
-1.09493
-1.10165
-1.10701
-1.1123
-1.11854
-1.1252
-1.13042
-1.13289
-1.13303
-1.13193
-1.13028
-1.12788
-1.12472
-1.1217
-1.12012
-1.12047
-1.12143
-1.12088
-1.11806
-1.11449
-1.11223
-1.11216
-1.11387
-1.11662
-1.12033
-1.12472
-1.12822
-1.12822
-1.12314
-1.11436
-1.10618
-1.10323
-1.10715
-1.11477
-1.11978
-1.1171
-1.1068
-1.09444
-1.08772
-1.09108
-1.1022
-1.11367
-1.11923
-1.11861
-1.11648
-1.11683
-1.12012
-1.12417
-1.12761
-1.1309
-1.13509
-1.13935
-1.13976
-1.13138
-1.11092
-1.07907
-1.03931
-0.99558
-0.949993
-0.903032
-0.85408
-0.802314
-0.747869
-0.691915
-0.636235
-0.582409
-0.531466
-0.484025
-0.439604
-0.396763
-0.353235
-0.308197
-0.262952
-0.220317
-0.183105
-0.153721
-0.13333
-0.121315
-0.115136
-0.11136
-0.106485
-0.0989333
-0.0895274
-0.08122
-0.0763454
-0.0751783
-0.0762768
-0.0774439
-0.0766201
-0.072638
-0.0655665
-0.0567098
-0.0483338
-0.04291
-0.0426354
-0.0477846
-0.0557486
-0.062271
-0.0635068
-0.0587695
-0.0510114
-0.0451756
-0.0451756
-0.0509427
-0.0589755
-0.0645366
-0.0643993
-0.0575337
-0.0452443
-0.0313071
-0.0202535
-0.0159968
-0.0190864
-0.0268445
-0.0344653
-0.0377608
-0.0346713
-0.0262266
-0.0162715
-0.00995512
-0.0104357
-0.016958
-0.02554
-0.0317877
-0.0328176
-0.0286982
-0.0219699
-0.0164774
-0.0153789
-0.0190177
-0.0243729
-0.0272564
-0.0253341
-0.0205968
-0.0176446
-0.0194296
-0.0247848
-0.0297967
-0.0318564
-0.0313758
-0.0304146
-0.029934
-0.0296594
-0.0287669
-0.0269818
-0.0251967
-0.0242356
-0.023755
-0.0230684
-0.0220386
-0.021146
-0.0207341
-0.0208028
-0.0209401
-0.0206654
-0.019155
-0.0155162
-0.0100924
-0.00459995
-0.00157909
-0.00212834
-0.0051492
-0.00851334
-0.0102297
-0.0104357
-0.010573
-0.0127014
-0.0175759
-0.0234117
-0.0267758
-0.0254027
-0.0203908
-0.0153103
-0.0136625
-0.0166147
-0.0225192
-0.0278057
-0.0300713
-0.0295221
-0.0282176
-0.0272564
-0.0258833
-0.0232744
-0.0202535
-0.0186744
-0.019567
-0.0219013
-0.0229997
-0.0205968
-0.014761
-0.00844468
-0.00487457
-0.00535517
-0.00871931
-0.01277
-0.0159968
-0.01737
-0.0168207
-0.0153103
-0.0141431
-0.0136625
-0.0130446
-0.0121521
-0.0122894
-0.014761
-0.0186744
-0.021146
-0.0197729
-0.014761
-0.00865065
-0.00432533
-0.00329549
-0.00480592
-0.00652232
-0.00617904
-0.00315817
0.000961184
0.00288355
-0.000137312
-0.0081014
-0.0175759
-0.0239609
-0.0243729
-0.019155
-0.010985
-0.0034328
0.000617904
0.000549248
-0.00164774
-0.00260893
-0.00034328
0.00418801
0.00823872
0.00906259
0.00508054
-0.00288355
-0.0116029
-0.0170953
-0.0170267
-0.0124954
-0.00679694
-0.00240296
-0.000274624
-0.000411936
-0.00274624
-0.00693425
-0.0119461
-0.0158595
-0.0173013
-0.0164088
-0.0144864
-0.0131133
-0.0129073
-0.0137998
-0.0154476
-0.0175073
-0.0192923
-0.0194296
-0.0166147
-0.0111223
-0.00521785
-0.00199102
-0.00288355
-0.00611038
-0.00851334
-0.00823872
-0.00611038
-0.00439398
-0.00425667
-0.00521785
-0.00617904
-0.00741484
-0.0104357
-0.0163401
-0.023755
-0.0288355
-0.0282863
-0.0219013
-0.0133879
-0.00741484
-0.00604173
-0.0081014
-0.0102297
-0.0098178
-0.00679694
-0.00295221
-0.000755216
-0.00157909
-0.00473726
-0.00851334
-0.0113282
-0.0124954
-0.0116715
-0.00892528
-0.00487457
-0.00102984
0.000549248
-0.00123581
-0.00528651
-0.00789544
-0.00604173
-6.8656e-05
0.00549248
0.00659097
0.00295221
-0.00192237
-0.00446264
-0.00377608
-0.00151043
-0.000137312
-0.00034328
-0.000755216
0.000274624
0.00295221
0.0051492
0.00487457
0.0017164
-0.00329549
-0.00892528
-0.0138685
-0.0160655
-0.0140745
-0.00830737
-0.00212834
0.000205968
-0.00329549
-0.0114655
-0.0203908
-0.0258146
-0.0247161
-0.0174386
-0.00755216
-6.8656e-05
0.00226565
-6.8656e-05
-0.00439398
-0.00823872
-0.0108476
-0.0121521
-0.0118775
-0.00899393
-0.0034328
0.00315817
0.00837603
0.010985
0.0111909
0.00933721
0.00542382
0
-0.00631635
-0.0127014
-0.0178506
-0.0197043
-0.0168894
-0.0109163
-0.0057671
-0.00453129
-0.00638501
-0.0081014
-0.00741484
-0.00590441
-0.00693425
-0.0120148
-0.0186058
-0.0217639
-0.0186058
-0.0108476
-0.00267758
0.00260893
0.00446264
0.00411936
0.00274624
0.000961184
-0.0010985
-0.00302086
-0.00377608
-0.0017164
0.00302086
0.00803275
0.00961184
0.00583576
-0.0010985
-0.00659097
-0.00707156
-0.00240296
0.00363877
0.00665963
0.00432533
-0.00185371
-0.00823872
-0.0116029
-0.0110536
-0.00844468
-0.00638501
-0.00672828
-0.00899393
-0.0109163
-0.0103671
-0.00679694
-0.00185371
0.00254027
0.00487457
0.00473726
0.00267758
0
-0.00137312
-0.000205968
0.00302086
0.00617904
0.00693425
0.00501189
0.00240296
0.00130446
0.00199102
0.00219699
-0.00102984
-0.00768947
-0.0140058
-0.0150357
-0.00968049
-0.00144178
0.00466861
0.00590441
0.00288355
-0.00212834
-0.00679694
-0.00961184
-0.00988646
-0.00755216
-0.00363877
0.00034328
0.00260893
0.00192237
-0.00212834
-0.00871931
-0.0154476
-0.019567
-0.0201162
-0.0182625
-0.0158595
-0.0137312
-0.0120148
-0.0105044
-0.00913124
-0.00789544
-0.00672828
-0.00535517
-0.00357011
-0.000892528
0.00212834
0.00391339
0.00274624
-0.000892528
-0.00466861
-0.00652232
-0.00645366
-0.00611038
-0.0068656
-0.00906259
-0.0116715
-0.0135252
-0.0132506
-0.00968049
-0.00308952
0.00466861
0.0108476
0.0130446
0.0108476
0.0057671
0.000617904
-0.00226565
-0.00185371
0.00144178
0.00542382
0.00762081
0.00583576
-0.000617904
-0.0106417
-0.021558
-0.0296594
-0.0319937
-0.027737
-0.018949
-0.00940587
-0.00226565
0.0010985
0.00102984
-0.00102984
-0.00274624
-0.00226565
0.000823872
0.00446264
0.00611038
0.00446264
0.000205968
-0.00418801
-0.00659097
-0.0068656
-0.00741484
-0.0105044
-0.0158595
-0.0203222
-0.0209401
-0.0172326
-0.010985
-0.00459995
0.000617904
0.00453129
0.00741484
0.00892528
0.00817006
0.00480592
-0.000137312
-0.00501189
-0.00796409
-0.00865065
-0.00782678
-0.00679694
-0.00611038
-0.00583576
-0.00521785
-0.00384473
-0.00185371
0.000137312
0.00130446
0.0010985
-0.000411936
-0.00281489
-0.00556113
-0.00885662
-0.0132506
-0.0178506
-0.0198416
-0.0168207
-0.00961184
-0.00205968
0.00164774
0.000274624
-0.00446264
-0.00954318
-0.012564
-0.0120835
-0.00837603
-0.0040507
-0.00240296
-0.00508054
-0.0110536
-0.0174386
-0.0219699
-0.0236863
-0.0227251
-0.0190864
-0.012976
-0.00631635
-0.00151043
-0.000137312
-0.00144178
-0.00357011
-0.00542382
-0.00659097
-0.00659097
-0.00508054
-0.00295221
-0.00151043
-0.00137312
-0.00240296
-0.00398205
-0.00583576
-0.00817006
-0.010573
-0.0124954
-0.0134566
-0.0137998
-0.0142804
-0.0153789
-0.0168894
-0.0180565
-0.0172326
-0.0132506
-0.00679694
-0.000274624
0.00384473
0.00459995
0.00295221
0.000755216
-0.000755216
-0.00123581
-0.00123581
-0.00137312
-0.00116715
-0.00034328
0.000411936
-0.000137312
-0.0023343
-0.00466861
-0.00535517
-0.00363877
-0.00068656
0.00144178
0.00137312
-0.0010985
-0.00528651
-0.0098178
-0.0134566
-0.0146237
-0.0120835
-0.00638501
-0.000137312
0.00288355
0.00102984
-0.00446264
-0.0105044
-0.0142118
-0.0151043
-0.0145551
-0.0142804
-0.014761
-0.0151043
-0.0146924
-0.0139372
-0.0132506
-0.0120835
-0.00933721
-0.00508054
-0.00068656
0.00178506
0.00130446
-0.00116715
-0.00357011
-0.00501189
-0.00665963
-0.0106417
-0.0170267
-0.0230684
-0.0251281
-0.0212147
-0.0128387
-0.00357011
0.00308952
0.00535517
0.0034328
-0.00144178
-0.00762081
-0.0130446
-0.0157909
-0.0156536
-0.0140058
-0.0129073
-0.0135939
-0.0159282
-0.0190177
-0.0208028
-0.0192237
-0.0136625
-0.00590441
0.000961184
0.00446264
0.00425667
0.0023343
0.0010985
0.00192237
0.00425667
0.00597307
0.00549248
0.00240296
-0.0023343
-0.00727753
-0.0108476
-0.0121521
-0.0110536
-0.00837603
-0.00487457
-0.000480592
0.00446264
0.00823872
0.00844468
0.00391339
-0.00411936
-0.0127014
-0.0190177
-0.021558
-0.0204595
-0.0170267
-0.0129073
-0.00974915
-0.00878796
-0.0107103
-0.014761
-0.0186058
-0.0194296
-0.0162715
-0.0107103
-0.00528651
-0.00205968
-0.00226565
-0.00583576
-0.0115342
-0.0164088
-0.0181938
-0.0162715
-0.0122894
-0.00871931
-0.00734619
-0.00837603
-0.0105044
-0.0121521
-0.0126327
-0.0119461
-0.0112596
-0.0121521
-0.0154476
-0.0201849
-0.0239609
-0.0244415
-0.0212834
-0.0153103
-0.00837603
-0.00295221
-0.0010985
-0.00308952
-0.00700291
-0.0100238
-0.0109163
-0.0102297
-0.00892528
-0.00727753
-0.00528651
-0.00384473
-0.00363877
-0.00487457
-0.00727753
-0.00995512
-0.0117402
-0.0112596
-0.00851334
-0.00528651
-0.00432533
-0.00700291
-0.0120148
-0.0162028
-0.016958
-0.0144178
-0.0116715
-0.0117402
-0.0144178
-0.0170267
-0.0166147
-0.0129073
-0.00741484
-0.00260893
-0.00068656
-0.00274624
-0.00727753
-0.0111909
-0.0110536
-0.00583576
0.00192237
0.00741484
0.0068656
0.00068656
-0.00679694
-0.0106417
-0.00823872
-0.00137312
0.00569845
0.00830737
0.00439398
-0.00439398
-0.0142804
-0.0222445
-0.0268445
-0.0280116
-0.0260893
-0.0217639
-0.0162715
-0.0113969
-0.00823872
-0.00714022
-0.00768947
-0.00899393
-0.0102984
-0.0112596
-0.0120148
-0.0128387
-0.0136625
-0.0146237
-0.0162028
-0.0180565
-0.0185371
-0.0160655
-0.0111223
-0.00569845
-0.00178506
0.000205968
0.000823872
0.000755216
-0.000137312
-0.00205968
-0.00432533
-0.00562979
-0.00501189
-0.00315817
-0.00199102
-0.00247161
-0.00466861
-0.00775812
-0.0110536
-0.0136625
-0.0142804
-0.0123581
-0.00926856
-0.00734619
-0.00796409
-0.0110536
-0.0153789
-0.0187431
-0.0192237
-0.0166834
-0.0133193
-0.0117402
-0.0123581
-0.0133879
-0.01277
-0.00961184
-0.00473726
-0.000480592
6.8656e-05
-0.00494323
-0.0139372
-0.0223818
-0.0262952
-0.0245102
-0.0192237
-0.0138685
-0.0115342
-0.0136625
-0.019155
-0.0240982
-0.0243042
-0.0184685
-0.00878796
0.000823872
0.00734619
0.00961184
0.00768947
0.00260893
-0.00322683
-0.0068656
-0.00672828
-0.00350145
0.000274624
0.00178506
-0.000480592
-0.00631635
-0.0135252
-0.0194983
-0.0224505
-0.0221072
-0.0190864
-0.0144178
-0.00865065
-0.00315817
6.8656e-05
-0.000411936
-0.00446264
-0.00954318
-0.0126327
-0.0118088
-0.00762081
-0.00178506
0.0034328
0.00611038
0.00521785
0.00144178
-0.00336414
-0.00707156
-0.00906259
-0.0102984
-0.0120835
-0.014761
-0.0170953
-0.0173013
-0.0146924
-0.0100238
-0.00508054
-0.00164774
-0.000892528
-0.00295221
-0.00631635
-0.00878796
-0.00865065
-0.00549248
-0.000411936
0.0051492
0.0098178
0.0120148
0.0109163
0.00700291
0.00226565
-0.0010985
-0.00226565
-0.00226565
-0.00357011
-0.00734619
-0.0124954
-0.0162715
-0.0162028
-0.0122894
-0.00659097
-0.00192237
-0.000480592
-0.00267758
-0.00727753
-0.0118088
-0.0134566
-0.0105044
-0.00302086
0.00624769
0.0131133
0.0143491
0.00947452
0.00137312
-0.00604173
-0.0100924
-0.010985
-0.0111909
-0.0128387
-0.0157909
-0.0182625
-0.0183311
-0.0159282
-0.0124954
-0.00940587
-0.00720888
-0.00631635
-0.0068656
-0.00865065
-0.0107103
-0.0122894
-0.0129073
-0.0126327
-0.0120835
-0.0115342
-0.0108476
-0.00961184
-0.0074835
-0.00528651
-0.00432533
-0.00466861
-0.00480592
-0.00288355
0.000480592
0.0023343
-0.00068656
-0.00892528
-0.0190864
-0.0270505
-0.03014
-0.0284236
-0.0232057
-0.0163401
-0.00913124
-0.00260893
0.00247161
0.00590441
0.00755216
0.00734619
0.00542382
0.00267758
-6.8656e-05
-0.00240296
-0.00418801
-0.0057671
-0.00768947
-0.010779
-0.015173
-0.0194983
-0.021352
-0.0192237
-0.0143491
-0.00954318
-0.00727753
-0.0074835
-0.00851334
-0.00878796
-0.00768947
-0.00528651
-0.00247161
-0.000549248
-0.00068656
-0.00260893
-0.00480592
-0.00535517
-0.00377608
-0.00102984
0.00137312
0.00274624
0.00308952
0.00240296
0.000205968
-0.00308952
-0.0057671
-0.00556113
-0.00205968
0.00254027
0.00521785
0.00480592
0.00288355
0.00178506
0.00205968
0.00219699
0.00068656
-0.00219699
-0.00501189
-0.00734619
-0.00926856
-0.0102984
-0.0091999
-0.00542382
-0.00068656
0.00260893
0.00336414
0.00199102
-0.000549248
-0.00336414
-0.00549248
-0.00611038
-0.0057671
-0.00638501
-0.00947452
-0.0138685
-0.0157222
-0.0119461
-0.0034328
0.00521785
0.00899393
0.00569845
-0.00281489
-0.0122208
-0.0176446
-0.0158595
-0.00693425
0.0057671
0.0166147
0.0210087
0.0168894
0.00638501
-0.00617904
-0.0163401
-0.0219013
-0.0225192
-0.0186744
-0.0110536
-0.00157909
0.00631635
0.00954318
0.00762081
0.00288355
-0.00151043
-0.00377608
-0.00418801
-0.0040507
-0.00446264
-0.00583576
-0.00762081
-0.00899393
-0.00954318
-0.00933721
-0.00940587
-0.0107103
-0.0134566
-0.016958
-0.0200475
-0.0217639
-0.0214893
-0.0188804
-0.0146924
-0.0109163
-0.00954318
-0.0110536
-0.0139372
-0.0155849
-0.0148983
-0.0124954
-0.0102297
-0.00940587
-0.00995512
-0.0110536
-0.0121521
-0.0130446
-0.0137312
-0.0133193
-0.010985
-0.00714022
-0.0034328
-0.000755216
0.0010985
0.00274624
0.00329549
0.000823872
-0.00521785
-0.012976
-0.0184685
-0.0185371
-0.0127014
-0.0040507
0.00226565
0.00219699
-0.00432533
-0.0133879
-0.0196356
-0.0198416
-0.0150357
-0.00906259
-0.0057671
-0.00556113
-0.00631635
-0.00549248
-0.00295221
-0.000480592
-6.8656e-05
-0.00240296
-0.00624769
-0.00995512
-0.0126327
-0.0146237
-0.0168894
-0.0192237
-0.0201849
-0.0178506
-0.0120148
-0.00398205
0.00329549
0.0068656
0.00556113
0.000892528
-0.00377608
-0.00631635
-0.00693425
-0.0074835
-0.00865065
-0.00968049
-0.00933721
-0.00762081
-0.00487457
-0.00144178
0.00199102
0.00432533
0.00391339
0
-0.00597307
-0.0108476
-0.0115342
-0.00741484
-0.000961184
0.00377608
0.00398205
-0.000411936
-0.0068656
-0.0116715
-0.0120835
-0.00817006
-0.00315817
-0.000961184
-0.00370742
-0.0102297
-0.0166834
-0.0201849
-0.0202535
-0.0182625
-0.0151043
-0.010779
-0.00569845
-0.00205968
-0.00192237
-0.00521785
-0.0091999
-0.010985
-0.00954318
-0.00617904
-0.00336414
-0.00315817
-0.00556113
-0.008582
-0.00954318
-0.00768947
-0.00466861
-0.0034328
-0.00535517
-0.00995512
-0.0150357
-0.0183998
-0.0187431
-0.0164088
-0.0134566
-0.012564
-0.015173
-0.0199789
-0.0236863
-0.0227251
-0.0156536
-0.00473726
0.00432533
0.0068656
0.00247161
-0.00487457
-0.0107103
-0.0127014
-0.0113282
-0.00796409
-0.00459995
-0.00363877
-0.00672828
-0.0134566
-0.0205281
-0.0240296
-0.0223818
-0.0179192
-0.0145551
-0.0138685
-0.0140058
-0.0121521
-0.00803275
-0.00398205
-0.00254027
-0.00384473
-0.00631635
-0.00844468
-0.0100924
-0.0121521
-0.0148297
-0.0168894
-0.0157909
-0.0102984
-0.00185371
0.00583576
0.00968049
0.00933721
0.00597307
0.0010985
-0.00391339
-0.00768947
-0.00865065
-0.00617904
-0.00164774
0.00130446
-0.00068656
-0.00782678
-0.0160655
-0.0201849
-0.0184685
-0.0133879
-0.00906259
-0.00782678
-0.00906259
-0.0109163
-0.0116029
-0.0115342
-0.0121521
-0.0142804
-0.016958
-0.0179192
-0.0161342
-0.0121521
-0.00775812
-0.00501189
-0.0051492
-0.00789544
-0.0115342
-0.0144178
-0.0158595
-0.0157909
-0.0140058
-0.00995512
-0.00377608
0.00315817
0.00796409
0.00782678
0.00157909
-0.00803275
-0.0160655
-0.0181938
-0.0143491
-0.00789544
-0.00260893
-0.00034328
-0.00068656
-0.00199102
-0.00322683
-0.00363877
-0.00315817
-0.00178506
6.8656e-05
0.00151043
0.000961184
-0.00281489
-0.0100238
-0.0185371
-0.0243042
-0.023755
-0.0166147
-0.00590441
0.00425667
0.0108476
0.012976
0.010779
0.00487457
-0.00315817
-0.0107103
-0.0148297
-0.0138685
-0.00844468
-0.00102984
0.00453129
0.00501189
-0.000617904
-0.00995512
-0.0188117
-0.023549
-0.0234117
-0.0197729
-0.0144178
-0.00851334
-0.00315817
0.000411936
0.0010985
-0.000892528
-0.00425667
-0.00768947
-0.010985
-0.014761
-0.0183998
-0.0201162
-0.0182625
-0.0140058
-0.0105044
-0.0105044
-0.0140058
-0.0179879
-0.0188804
-0.0146924
-0.00645366
0.00212834
0.00700291
0.00624769
0.000137312
-0.008582
-0.0162028
-0.0194296
-0.0177819
-0.0136625
-0.0107103
-0.0105044
-0.0119461
-0.01277
-0.0118088
-0.00947452
-0.00714022
-0.00569845
-0.00521785
-0.00521785
-0.00466861
-0.00260893
0.00130446
0.00556113
0.00796409
0.00700291
0.00288355
-0.00274624
-0.00768947
-0.0102984
-0.00954318
-0.00542382
0.000480592
0.00508054
0.0057671
0.00199102
-0.00418801
-0.0101611
-0.0142118
-0.0157909
-0.0150357
-0.012976
-0.0111223
-0.0102297
-0.00933721
-0.00700291
-0.00288355
0.00137312
0.00322683
0.000755216
-0.00597307
-0.015173
-0.0236177
-0.0282863
-0.027531
-0.0219013
-0.0143491
-0.008582
-0.00645366
-0.00720888
-0.00837603
-0.00878796
-0.008582
-0.00830737
-0.00803275
-0.0081014
-0.00885662
-0.0100924
-0.0103671
-0.00871931
-0.00604173
-0.00418801
-0.00411936
-0.00494323
-0.00521785
-0.00425667
-0.00212834
0.000617904
0.00288355
0.00377608
0.00288355
0.000411936
-0.00274624
-0.00542382
-0.00645366
-0.00617904
-0.00604173
-0.00782678
-0.0111223
-0.0137998
-0.0135939
-0.010573
-0.0068656
-0.00459995
-0.00425667
-0.00521785
-0.00693425
-0.00961184
-0.0131133
-0.0159282
-0.0159968
-0.0131133
-0.0091999
-0.00700291
-0.00755216
-0.00988646
-0.0118775
-0.0120835
-0.0105044
-0.00844468
-0.00755216
-0.00782678
-0.0081014
-0.00700291
-0.00439398
-0.0017164
-0.000755216
-0.00240296
-0.00590441
-0.00974915
-0.012976
-0.0148297
-0.0143491
-0.0112596
-0.0068656
-0.00357011
-0.00302086
-0.00425667
-0.0051492
-0.0051492
-0.00535517
-0.00617904
-0.00679694
-0.00652232
-0.00638501
-0.00803275
-0.0113969
-0.0140058
-0.0127014
-0.00693425
0.000961184
0.00720888
0.00865065
0.00487457
-0.00157909
-0.00679694
-0.00768947
-0.00446264
-0.000274624
0.000617904
-0.00315817
-0.00899393
-0.0124954
-0.0112596
-0.00741484
-0.00508054
-0.00727753
-0.0130446
-0.0184685
-0.0192923
-0.0146924
-0.00782678
-0.00308952
-0.00302086
-0.00617904
-0.0091999
-0.00961184
-0.0074835
-0.00432533
-0.00199102
-0.00164774
-0.00260893
-0.00308952
-0.00123581
0.00295221
0.00727753
0.00926856
0.00817006
0.00535517
0.00212834
-0.00116715
-0.0051492
-0.00947452
-0.0133193
-0.0157222
-0.0166834
-0.0163401
-0.0144864
-0.0113282
-0.00830737
-0.00714022
-0.00871931
-0.0126327
-0.0173013
-0.0210087
-0.0223818
-0.0210087
-0.0173013
-0.0122208
-0.00624769
0.000137312
0.00604173
0.0098178
0.0103671
0.00830737
0.00528651
0.00295221
0.00157909
0.000617904
-0.000961184
-0.0034328
-0.00590441
-0.0068656
-0.00562979
-0.00281489
-0.000137312
0.000549248
-0.00164774
-0.00604173
-0.0101611
-0.0118775
-0.0106417
-0.00789544
-0.00535517
-0.00350145
-0.00199102
-0.000961184
-0.0010985
-0.00247161
-0.00418801
-0.00494323
-0.00418801
-0.00281489
-0.00240296
-0.00398205
-0.00693425
-0.00988646
-0.0117402
-0.0120835
-0.0105044
-0.00720888
-0.00377608
-0.00247161
-0.00432533
-0.00768947
-0.00961184
-0.00837603
-0.0051492
-0.00336414
-0.00617904
-0.0142118
-0.0247161
-0.0327489
-0.033916
-0.0278057
-0.0180565
-0.0100238
-0.00679694
-0.00782678
-0.0103671
-0.0124267
-0.0137998
-0.0157222
-0.0186744
-0.0212147
-0.0207341
-0.0157222
-0.00762081
-0.000137312
0.00370742
0.00377608
0.00151043
-0.00226565
-0.00741484
-0.0124954
-0.014967
-0.0133193
-0.00871931
-0.00391339
-0.000411936
0.00185371
0.00281489
0.00205968
-0.00144178
-0.00789544
-0.0158595
-0.0219699
-0.0222445
-0.0155162
-0.0051492
0.00267758
0.00411936
0.000823872
-0.00254027
-0.00260893
-0.000205968
0.00116715
-6.8656e-05
-0.00260893
-0.00411936
-0.00391339
-0.00411936
-0.00720888
-0.0134566
-0.0201849
-0.0238923
-0.0226565
-0.0172326
-0.0100924
-0.00357011
0.000480592
0.00034328
-0.00487457
-0.0140058
-0.0225878
-0.0246475
-0.0177132
-0.00521785
0.00473726
0.00583576
-0.00247161
-0.015173
-0.0254714
-0.0283549
-0.0225878
-0.0110536
-6.8656e-05
0.00432533
0.00034328
-0.00823872
-0.0155849
-0.0181252
-0.0159968
-0.0115342
-0.00707156
-0.00384473
-0.00219699
-0.00226565
-0.0034328
-0.00446264
-0.00398205
-0.00212834
-0.00034328
-0.000549248
-0.00329549
-0.00707156
-0.00954318
-0.0091999
-0.0057671
-0.000549248
0.00459995
0.00796409
0.00823872
0.00466861
-0.0023343
-0.0108476
-0.0173013
-0.0184685
-0.0133193
-0.00425667
0.0051492
0.0118088
0.0142118
0.0122894
0.00741484
0.00144178
-0.00398205
-0.00803275
-0.0109163
-0.0131133
-0.0144864
-0.0143491
-0.0122894
-0.0098178
-0.00906259
-0.0111909
-0.0144864
-0.0158595
-0.0137312
-0.00913124
-0.00453129
-0.0017164
-0.0010985
-0.00212834
-0.00370742
-0.00480592
-0.00494323
-0.00439398
-0.00377608
-0.00329549
-0.00322683
-0.00446264
-0.00768947
-0.0127014
-0.0175759
-0.0199789
-0.0186744
-0.0144864
-0.00968049
-0.00645366
-0.00528651
-0.00542382
-0.0057671
-0.00562979
-0.00521785
-0.00466861
-0.00453129
-0.00501189
-0.00638501
-0.00844468
-0.00995512
-0.00940587
-0.00645366
-0.00240296
0.000137312
-0.000137312
-0.00274624
-0.00569845
-0.00672828
-0.00521785
-0.00226565
-0.000274624
-0.000892528
-0.00398205
-0.00775812
-0.0100924
-0.0100924
-0.00844468
-0.00700291
-0.00700291
-0.0081014
-0.00878796
-0.00844468
-0.0081014
-0.0091999
-0.0121521
-0.0153103
-0.0166147
-0.0153789
-0.0127014
-0.0101611
-0.00878796
-0.00899393
-0.00988646
-0.0100924
-0.00892528
-0.00720888
-0.00604173
-0.00562979
-0.00549248
-0.00501189
-0.00418801
-0.00398205
-0.00569845
-0.00974915
-0.0135939
-0.0131819
-0.0068656
0.00267758
0.0100924
0.0117402
0.00796409
0.00137312
-0.00501189
-0.00940587
-0.0108476
-0.00906259
-0.00480592
-6.8656e-05
0.00281489
0.00329549
0.00308952
0.00487457
0.00974915
0.0162028
0.0208028
0.0194296
0.00961184
-0.00652232
-0.0223818
-0.0306206
-0.0284236
-0.0194296
-0.0105044
-0.00659097
-0.00844468
-0.0135252
-0.0176446
-0.0179192
-0.0137998
-0.0068656
0.00034328
0.00569845
0.00720888
0.00391339
-0.00240296
-0.00823872
-0.0101611
