LECROYHDO9204-MSöv,30454,Waveform
Segments,1,SegmentSize,2002
Ampl
-0.0116029
-0.00659097
-0.00247161
-0.000823872
-0.00116715
-0.0017164
-0.00151043
-0.0010985
-0.00212834
-0.00508054
-0.00871931
-0.0108476
-0.0107103
-0.0098178
-0.0098178
-0.0101611
-0.00823872
-0.00274624
0.0040507
0.00851334
0.00871931
0.00549248
0.00034328
-0.00528651
-0.00988646
-0.0118775
-0.0110536
-0.00865065
-0.0068656
-0.00768947
-0.0120148
-0.018949
-0.0256773
-0.0288355
-0.0266385
-0.0201162
-0.0122894
-0.00638501
-0.00384473
-0.00432533
-0.00638501
-0.00906259
-0.0121521
-0.015173
-0.0170267
-0.0168894
-0.0148983
-0.0120835
-0.00961184
-0.00803275
-0.00741484
-0.00782678
-0.00892528
-0.0098178
-0.0100924
-0.00968049
-0.00844468
-0.00700291
-0.00679694
-0.00995512
-0.0162715
-0.0230684
-0.0264325
-0.0245788
-0.0182625
-0.010573
-0.00535517
-0.0057671
-0.0120835
-0.0212834
-0.0286295
-0.0303459
-0.0254714
-0.0159968
-0.00583576
0.000823872
0.00151043
-0.00363877
-0.0115342
-0.0176446
-0.0188117
-0.0148983
-0.00926856
-0.00583576
-0.00624769
-0.00961184
-0.0139372
-0.0181938
-0.0219699
-0.0250594
-0.0267072
-0.0262952
-0.0240296
-0.0214207
-0.0203908
-0.0214893
-0.023755
-0.0249908
-0.0238923
-0.0206654
-0.016958
-0.0148297
-0.0155162
-0.0186058
-0.0219013
-0.0234803
-0.0240982
-0.0261579
-0.0315131
-0.0388593
-0.0445577
-0.045107
-0.0393399
-0.0286982
-0.0159968
-0.00542382
-0.0040507
-0.0241669
-0.0821812
-0.192649
-0.357766
-0.559477
-0.763042
-0.931456
-1.04206
-1.0941
-1.10481
-1.09856
-1.09602
-1.10715
-1.13049
-1.15672
-1.17477
-1.17834
-1.16914
-1.15555
-1.14683
-1.14786
-1.15706
-1.16756
-1.17093
-1.16248
-1.14491
-1.12692
-1.11662
-1.11559
-1.11937
-1.1217
-1.11868
-1.10948
-1.09602
-1.08119
-1.06781
-1.05744
-1.05092
-1.04831
-1.04989
-1.05524
-1.06238
-1.06932
-1.07563
-1.08298
-1.0941
-1.10948
-1.12616
-1.13907
-1.14477
-1.14422
-1.14051
-1.13571
-1.12994
-1.12328
-1.11786
-1.11566
-1.11696
-1.11992
-1.12301
-1.12575
-1.12829
-1.1307
-1.13207
-1.13124
-1.12802
-1.12431
-1.12239
-1.12301
-1.1241
-1.12273
-1.11744
-1.10948
-1.10179
-1.09753
-1.09781
-1.1009
-1.10392
-1.10591
-1.10783
-1.11017
-1.11175
-1.11092
-1.10756
-1.1031
-1.09911
-1.09575
-1.09273
-1.09033
-1.08998
-1.09341
-1.10104
-1.11154
-1.12273
-1.13262
-1.14017
-1.14532
-1.14731
-1.14381
-1.13152
-1.10866
-1.07598
-1.03616
-0.992422
-0.946697
-0.898638
-0.846665
-0.790642
-0.733383
-0.679008
-0.630468
-0.586665
-0.543206
-0.495284
-0.441252
-0.383306
-0.325773
-0.273319
-0.229311
-0.195395
-0.170679
-0.153103
-0.140264
-0.129897
-0.120697
-0.112321
-0.10573
-0.101336
-0.0985213
-0.0957751
-0.091793
-0.0860259
-0.0786111
-0.0705783
-0.0637814
-0.0602113
-0.060074
-0.0619277
-0.0628202
-0.0600053
-0.0528651
-0.0430473
-0.0348086
-0.032337
-0.0374862
-0.0481278
-0.0592501
-0.0658411
-0.066047
-0.0611038
-0.0538949
-0.0464801
-0.040507
-0.0373488
-0.0372802
-0.0387906
-0.0389966
-0.0354265
-0.0281489
-0.0203222
-0.0157222
-0.0159282
-0.019361
-0.0226565
-0.0238923
-0.023755
-0.0240982
-0.0253341
-0.0267072
-0.0273937
-0.0278057
-0.0281489
-0.027737
-0.02554
-0.021352
-0.0167521
-0.0138685
-0.0139372
-0.0162028
-0.0180565
-0.0179192
-0.0167521
-0.017164
-0.0199789
-0.0229997
-0.0231371
-0.0199789
-0.0160655
-0.014761
-0.0173013
-0.0219699
-0.0256087
-0.0252654
-0.0199789
-0.0113282
-0.00329549
-0.00034328
-0.00459995
-0.0144864
-0.0253341
-0.0321996
-0.0324743
-0.0269818
-0.0192923
-0.0131819
-0.0108476
-0.0116715
-0.0137998
-0.0154476
-0.0162715
-0.017164
-0.0190864
-0.0216953
-0.0232057
-0.0218326
-0.0170267
-0.0102297
-0.00473726
-0.00384473
-0.00823872
-0.0153103
-0.0209401
-0.0229311
-0.0220386
-0.0209401
-0.0216953
-0.0240982
-0.0264325
-0.0273251
-0.0271191
-0.0270505
-0.0272564
-0.0262266
-0.0224505
-0.0159968
-0.00885662
-0.00411936
-0.0034328
-0.00624769
-0.0108476
-0.0155162
-0.019155
-0.021146
-0.021352
-0.0205968
-0.0197043
-0.0188117
-0.01737
-0.0152416
-0.0133879
-0.0133193
-0.0155162
-0.0186058
-0.0203222
-0.0185371
-0.0135939
-0.008582
-0.00734619
-0.0110536
-0.017164
-0.0212834
-0.0203908
-0.0142118
-0.00453129
0.00542382
0.0115342
0.0105044
0.00267758
-0.00714022
-0.0131819
-0.012564
-0.00611038
0.00219699
0.00741484
0.00611038
-0.000961184
-0.00933721
-0.0140058
-0.012976
-0.00796409
-0.00240296
0.000617904
-0.000205968
-0.00391339
-0.00803275
-0.0100238
-0.00871931
-0.00508054
-0.00205968
-0.00240296
-0.00652232
-0.0120835
-0.0157909
-0.0154476
-0.0111223
-0.00521785
-0.00116715
-0.00164774
-0.00617904
-0.0111909
-0.0136625
-0.0133193
-0.0121521
-0.0116029
-0.0111909
-0.00940587
-0.00562979
-0.00034328
0.00487457
0.00837603
0.00913124
0.00734619
0.00377608
-0.000411936
-0.0034328
-0.00377608
-0.00164774
0.000823872
0.00116715
-0.0017164
-0.00727753
-0.0141431
-0.0200475
-0.0218326
-0.0176446
-0.00865065
0.00123581
0.00768947
0.00762081
0.00068656
-0.0106417
-0.0216266
-0.0278057
-0.0272564
-0.0217639
-0.014967
-0.0103671
-0.00988646
-0.0127014
-0.0160655
-0.0166834
-0.0129073
-0.00583576
0.00164774
0.00707156
0.00892528
0.00720888
0.00315817
-0.000480592
-0.000823872
0.00308952
0.00926856
0.0135939
0.0131133
0.00714022
-0.00192237
-0.0109163
-0.0166834
-0.0176446
-0.0138685
-0.0081014
-0.00398205
-0.00377608
-0.00638501
-0.00851334
-0.00817006
-0.00624769
-0.00501189
-0.00611038
-0.00830737
-0.00926856
-0.00782678
-0.00487457
-0.00219699
-0.000892528
-0.0010985
-0.00226565
-0.00288355
-0.00144178
0.00212834
0.00480592
0.00288355
-0.00459995
-0.0144864
-0.0219699
-0.0243042
-0.0221759
-0.0180565
-0.0143491
-0.012564
-0.0136625
-0.017164
-0.0208028
-0.0216953
-0.0184685
-0.0126327
-0.00789544
-0.00665963
-0.00837603
-0.0108476
-0.0129073
-0.0153103
-0.019155
-0.0239609
-0.027737
-0.0282176
-0.0244415
-0.0170953
-0.00899393
-0.00350145
-0.00212834
-0.00295221
-0.00274624
0.000205968
0.00480592
0.00817006
0.00768947
0.00295221
-0.00363877
-0.0081014
-0.00741484
-0.00254027
0.00226565
0.00295221
-0.000961184
-0.00645366
-0.00933721
-0.00796409
-0.00384473
0.000137312
0.00199102
0.00116715
-0.00130446
-0.00336414
-0.00274624
0.000411936
0.00336414
0.00308952
-0.000274624
-0.00357011
-0.0040507
-0.00226565
-0.000961184
-0.00185371
-0.00480592
-0.00803275
-0.0100924
-0.0101611
-0.008582
-0.00631635
-0.00432533
-0.00308952
-0.0034328
-0.00659097
-0.012564
-0.019155
-0.0232057
-0.0236863
-0.0220386
-0.0203222
-0.0184685
-0.0155849
-0.0113969
-0.00741484
-0.00535517
-0.00604173
-0.00913124
-0.0132506
-0.0167521
-0.0180565
-0.0163401
-0.0122208
-0.00768947
-0.00432533
-0.00247161
-0.00137312
-0.000480592
-0.000480592
-0.00260893
-0.0074835
-0.0135252
-0.0175073
-0.0165461
-0.0101611
-0.00130446
0.00501189
0.00535517
0.000137312
-0.0068656
-0.0111909
-0.010573
-0.00617904
-0.00123581
0.000823872
-0.00178506
-0.00768947
-0.0135252
-0.0165461
-0.0162028
-0.0139372
-0.0110536
-0.00755216
-0.00302086
0.00240296
0.0068656
0.00844468
0.00583576
-0.00034328
-0.00803275
-0.0143491
-0.0165461
-0.0137312
-0.0074835
-0.0010985
0.00288355
0.0034328
0.00137312
-0.0017164
-0.00439398
-0.00611038
-0.00741484
-0.00940587
-0.01277
-0.0167521
-0.0197043
-0.0206654
-0.019567
-0.0167521
-0.0131133
-0.0102984
-0.0100924
-0.0121521
-0.0138685
-0.0121521
-0.00672828
0
0.00432533
0.00418801
-0.000411936
-0.00741484
-0.0137312
-0.0163401
-0.0138685
-0.00775812
-0.00185371
0.000755216
-0.000617904
-0.0034328
-0.00487457
-0.00370742
-0.00102984
0.00144178
0.00199102
6.8656e-05
-0.00377608
-0.00768947
-0.00954318
-0.00844468
-0.00494323
0.000205968
0.0057671
0.0101611
0.0111909
0.00823872
0.00240296
-0.00418801
-0.0091999
-0.0112596
-0.010779
-0.0100238
-0.0118088
-0.0173013
-0.0245102
-0.0294534
-0.0289042
-0.0222445
-0.0122208
-0.00329549
0.000617904
-0.00130446
-0.00659097
-0.0116715
-0.0139372
-0.012976
-0.0100238
-0.00672828
-0.00425667
-0.00274624
-0.00130446
0.000480592
0.0023343
0.00336414
0.00295221
0.000961184
-0.0017164
-0.00363877
-0.00384473
-0.00308952
-0.00315817
-0.00542382
-0.0100238
-0.0150357
-0.0172326
-0.0134566
-0.00336414
0.00871931
0.0164774
0.0155162
0.00665963
-0.00459995
-0.0124954
-0.0146924
-0.0126327
-0.00926856
-0.00645366
-0.00459995
-0.00363877
-0.00329549
-0.00315817
-0.0023343
-0.00102984
-0.000961184
-0.00302086
-0.00611038
-0.00830737
-0.00913124
-0.00940587
-0.00940587
-0.00830737
-0.00521785
-0.000961184
0.00212834
0.00164774
-0.00357011
-0.0122894
-0.0208714
-0.0251967
-0.0230684
-0.0159282
-0.00796409
-0.00363877
-0.00487457
-0.00974915
-0.0136625
-0.0131133
-0.00803275
-0.00144178
0.00274624
0.00247161
-0.00151043
-0.00665963
-0.0107103
-0.0132506
-0.0155849
-0.0185371
-0.0214893
-0.0229997
-0.0224505
-0.0207341
-0.0186058
-0.0154476
-0.0107103
-0.00535517
-0.00137312
6.8656e-05
-0.000411936
-0.000549248
0.00130446
0.0051492
0.00899393
0.0103671
0.00796409
0.00205968
-0.00597307
-0.0133193
-0.0174386
-0.01737
-0.0145551
-0.0106417
-0.00631635
-0.00123581
0.00370742
0.00631635
0.00425667
-0.00199102
-0.00885662
-0.0124954
-0.0118775
-0.00885662
-0.00604173
-0.00418801
-0.00267758
-0.0017164
-0.00260893
-0.00617904
-0.0117402
-0.0172326
-0.0205968
-0.0208714
-0.0174386
-0.0107103
-0.00302086
0.0023343
0.00295221
-0.000549248
-0.00569845
-0.00947452
-0.0101611
-0.0081014
-0.00508054
-0.00336414
-0.00398205
-0.00624769
-0.00796409
-0.00707156
-0.00329549
0.000617904
0.000755216
-0.00418801
-0.0105044
-0.0130446
-0.00974915
-0.00350145
0.0017164
0.00377608
0.00267758
-0.00102984
-0.00659097
-0.0126327
-0.0174386
-0.0203222
-0.0210087
-0.019155
-0.0148297
-0.00933721
-0.00487457
-0.00274624
-0.00322683
-0.00508054
-0.00679694
-0.00727753
-0.00672828
-0.00652232
-0.00830737
-0.0121521
-0.0166834
-0.0192923
-0.0180565
-0.012976
-0.00590441
0.000480592
0.00446264
0.00569845
0.00459995
0.00205968
-0.00102984
-0.0034328
-0.00425667
-0.00288355
0.000549248
0.00473726
0.00741484
0.00665963
0.0023343
-0.00398205
-0.0104357
-0.0161342
-0.021146
-0.02554
-0.0288355
-0.0294534
-0.0258146
-0.0181938
-0.00940587
-0.00267758
0.000617904
0.00144178
0.00151043
0.00151043
0.00068656
-0.00219699
-0.00734619
-0.01277
-0.0152416
-0.0124267
-0.0051492
0.00302086
0.00755216
0.00611038
-0.000274624
-0.00707156
-0.00961184
-0.00645366
-0.000823872
0.00219699
-0.000480592
-0.0074835
-0.0142804
-0.0164774
-0.0129073
-0.00604173
0.000480592
0.00446264
0.00617904
0.00707156
0.0081014
0.00906259
0.00871931
0.00631635
0.00212834
-0.00212834
-0.00446264
-0.00432533
-0.00240296
-0.00034328
0.00068656
0.000549248
-0.000755216
-0.00281489
-0.00501189
-0.00672828
-0.00734619
-0.00693425
-0.00617904
-0.00556113
-0.00528651
-0.00473726
-0.00357011
-0.00247161
-0.00302086
-0.00617904
-0.0109163
-0.0146924
-0.0153103
-0.0129073
-0.00926856
-0.00652232
-0.00542382
-0.00549248
-0.00617904
-0.00796409
-0.0116029
-0.0162028
-0.0188117
-0.0170953
-0.0117402
-0.00617904
-0.0034328
-0.00432533
-0.00755216
-0.010985
-0.0131819
-0.0137312
-0.0129073
-0.0105044
-0.00659097
-0.00205968
0.00137312
0.00226565
0.000617904
-0.00199102
-0.00418801
-0.00597307
-0.00830737
-0.0113969
-0.0140745
-0.014967
-0.0137998
-0.0119461
-0.0105044
-0.00878796
-0.00556113
-0.000617904
0.00384473
0.0051492
0.0023343
-0.0023343
-0.00562979
-0.00542382
-0.00260893
-6.8656e-05
-0.000755216
-0.00562979
-0.01277
-0.0186058
-0.0201849
-0.016958
-0.0105044
-0.00363877
0.000411936
-0.000411936
-0.00535517
-0.0108476
-0.0126327
-0.00926856
-0.00267758
0.00363877
0.00693425
0.00604173
0.000892528
-0.00762081
-0.0174386
-0.0252654
-0.0281489
-0.0247848
-0.016958
-0.00803275
-0.00151043
0.00130446
0.00137312
0.000755216
6.8656e-05
-0.00157909
-0.00494323
-0.00913124
-0.0118775
-0.0116029
-0.00851334
-0.00473726
-0.00308952
-0.00466861
-0.00837603
-0.0116715
-0.0129073
-0.0126327
-0.0124954
-0.0135939
-0.0150357
-0.014761
-0.0119461
-0.00796409
-0.00535517
-0.00597307
-0.00933721
-0.0130446
-0.0144178
-0.0126327
-0.00940587
-0.00762081
-0.00830737
-0.010573
-0.0122208
-0.0111909
-0.00693425
-0.00137312
0.00151043
-0.000755216
-0.00707156
-0.0131819
-0.0155162
-0.0137998
-0.0109163
-0.0100924
-0.0121521
-0.0150357
-0.0157909
-0.0127014
-0.00672828
-0.00068656
0.00247161
0.00178506
-0.00116715
-0.00350145
-0.00418801
-0.00453129
-0.0068656
-0.0109163
-0.0142118
-0.0145551
-0.0118088
-0.00741484
-0.00315817
-0.000411936
-0.000137312
-0.00164774
-0.00336414
-0.00391339
-0.00384473
-0.00480592
-0.00672828
-0.0081014
-0.00755216
-0.00562979
-0.00411936
-0.0040507
-0.00521785
-0.0068656
-0.00803275
-0.00865065
-0.00871931
-0.0081014
-0.00672828
-0.00549248
-0.00535517
-0.00562979
-0.00466861
-0.00164774
0.00164774
0.00295221
0.00164774
-0.0010985
-0.00363877
-0.00494323
-0.00501189
-0.00439398
-0.00473726
-0.00734619
-0.0120148
-0.0167521
-0.0188117
-0.0167521
-0.0110536
-0.00398205
0.00151043
0.00370742
0.0023343
-0.00144178
-0.00590441
-0.00892528
-0.00851334
-0.00501189
-0.00144178
-0.00102984
-0.00418801
-0.00871931
-0.0124954
-0.0153103
-0.017164
-0.017164
-0.0146237
-0.0105044
-0.00707156
-0.00624769
-0.00823872
-0.010779
-0.0109163
-0.00782678
-0.00398205
-0.00322683
-0.00714022
-0.0138685
-0.0199102
-0.0223818
-0.0209401
-0.017164
-0.0131133
-0.0098178
-0.00734619
-0.00624769
-0.00782678
-0.0116715
-0.0144178
-0.0122894
-0.00556113
0.000755216
0.0010985
-0.00556113
-0.014967
-0.0212147
-0.0208028
-0.0141431
-0.00459995
0.00398205
0.00885662
0.00899393
0.00569845
0.00205968
0.00068656
0.00130446
0.00116715
-0.00178506
-0.00679694
-0.0113282
-0.0131819
-0.0115342
-0.00700291
-0.00151043
0.00205968
0.00199102
-0.00102984
-0.00466861
-0.00665963
-0.00659097
-0.0057671
-0.00604173
-0.00823872
-0.010985
-0.0116029
-0.00906259
-0.00501189
-0.00212834
-0.00157909
-0.00288355
-0.00638501
-0.0122208
-0.0188117
-0.0234803
-0.0239609
-0.0194983
-0.0109163
-0.0010985
0.00604173
0.00768947
0.00487457
0.00144178
6.8656e-05
0.000205968
-0.000274624
-0.00247161
-0.00466861
-0.00391339
0.00068656
0.00672828
0.0102984
0.00974915
0.00645366
0.00274624
-0.000274624
-0.00260893
-0.00411936
-0.00439398
-0.00350145
-0.00226565
-0.00199102
-0.00350145
-0.00714022
-0.0120148
-0.0156536
-0.0155849
-0.0112596
-0.00473726
0.00116715
0.00432533
0.0040507
0.000549248
-0.00494323
-0.0106417
-0.015173
-0.0177819
-0.0183998
-0.0167521
-0.0133193
-0.00871931
-0.00425667
-0.00151043
-0.00212834
-0.00652232
-0.0134566
-0.0199789
-0.0234803
-0.0228624
-0.0185371
-0.0126327
-0.00789544
-0.00659097
-0.00871931
-0.0120835
-0.0143491
-0.0146924
-0.0135939
-0.0118775
-0.010573
-0.0101611
-0.00961184
-0.00707156
-0.00205968
0.00295221
0.00466861
0.00157909
-0.00487457
-0.0118088
-0.017164
-0.0206654
-0.0227938
-0.0238236
-0.0230684
-0.0199789
-0.0153789
-0.0112596
-0.00926856
-0.00954318
-0.010779
-0.0110536
-0.0091999
-0.00569845
-0.00240296
-0.000480592
-6.8656e-05
-0.0010985
-0.00384473
-0.00823872
-0.0129073
-0.0161342
-0.0172326
-0.0166834
-0.0148297
-0.0116029
-0.00782678
-0.00583576
-0.00803275
-0.014967
-0.0240982
-0.0313071
-0.0334355
-0.0300027
-0.0231371
-0.0155162
-0.00865065
-0.00315817
0.000137312
0.000617904
-0.00151043
-0.0051492
-0.00892528
-0.0121521
-0.0139372
-0.0131133
-0.0100238
-0.00693425
-0.00700291
-0.0105044
-0.0145551
-0.0152416
-0.0114655
-0.00562979
-0.00130446
-0.000205968
-0.00137312
-0.00274624
-0.00363877
-0.00487457
-0.00714022
-0.0091999
-0.00899393
-0.00549248
-0.000274624
0.00315817
0.00219699
-0.00295221
-0.00871931
-0.0115342
-0.0101611
-0.00645366
-0.00370742
-0.00432533
-0.00892528
-0.0155162
-0.0199789
-0.018949
-0.0127014
-0.00528651
-0.00137312
-0.00315817
-0.00899393
-0.0144864
-0.015173
-0.0091999
0.000137312
0.0074835
0.00947452
0.00693425
0.00308952
0.000205968
-0.0017164
-0.0040507
-0.00741484
-0.010779
-0.0124954
-0.0118775
-0.00968049
-0.00789544
-0.00775812
-0.00851334
-0.00817006
-0.00556113
-0.00192237
6.8656e-05
-0.00144178
-0.00562979
-0.00933721
-0.0101611
-0.00885662
-0.0081014
-0.00947452
-0.0116715
-0.0124954
-0.0114655
-0.00995512
-0.00871931
-0.00707156
-0.00357011
0.00157909
0.00583576
0.00597307
0.000755216
-0.00789544
-0.0166147
-0.0223818
-0.0236177
-0.0202535
-0.0140058
-0.00830737
-0.0057671
-0.00645366
-0.00823872
-0.00878796
-0.00727753
-0.00391339
6.8656e-05
0.00295221
0.00302086
0
-0.00473726
-0.0091999
-0.0122208
-0.0137998
-0.0139372
-0.0128387
-0.0109163
-0.00940587
-0.0100238
-0.0136625
-0.0188804
-0.0222445
-0.0207341
-0.0138685
-0.00480592
0.00178506
0.00240296
-0.00302086
-0.0108476
-0.0161342
-0.0159282
-0.0110536
-0.00439398
0.00123581
0.0040507
0.00274624
-0.00281489
-0.0104357
-0.0164088
-0.0175073
-0.0133879
-0.00597307
0.00123581
0.0051492
0.00418801
-0.00151043
-0.0098178
-0.0175073
-0.0216266
-0.0208714
-0.016958
-0.0132506
-0.0122894
-0.0136625
-0.0152416
-0.0155849
-0.0146237
-0.0131819
-0.0121521
-0.0123581
-0.0142804
-0.0172326
-0.019361
-0.0192923
-0.017164
-0.0150357
-0.014761
-0.0168207
-0.0198416
-0.0214207
-0.0197043
-0.0144864
-0.00755216
-0.00178506
0.000274624
-0.00247161
-0.00844468
-0.0144864
-0.0179879
-0.0181252
-0.0159282
-0.0131133
-0.0115342
-0.0127014
-0.0162028
-0.0188117
-0.016958
-0.0100924
-0.00157909
0.00350145
0.0017164
-0.00631635
-0.0160655
-0.021352
-0.0192237
-0.0116715
-0.00446264
-0.00212834
-0.00528651
-0.0107103
-0.014761
-0.0148983
-0.0111223
-0.00487457
0.00164774
0.00631635
0.00714022
0.00322683
-0.00480592
-0.0139372
-0.0205281
-0.0223132
-0.0203908
-0.0183311
-0.0190864
-0.0225878
-0.0253341
-0.0228624
-0.0139372
-0.0017164
0.00755216
0.00940587
0.00377608
-0.0051492
-0.0124267
-0.014761
-0.0122208
-0.00720888
-0.00315817
-0.00178506
-0.00267758
-0.0040507
-0.00466861
-0.00432533
-0.00370742
-0.0034328
-0.00370742
-0.00398205
-0.00384473
-0.00315817
-0.00247161
-0.00185371
-0.00151043
-0.0017164
-0.00260893
-0.00398205
-0.00501189
-0.00528651
-0.00466861
-0.00240296
0.00185371
0.00679694
0.00933721
0.00775812
0.00295221
-0.00267758
-0.00727753
-0.0111909
-0.0154476
-0.0201162
-0.023343
-0.0227938
-0.0183311
-0.0121521
-0.00741484
-0.00562979
-0.0057671
-0.00549248
-0.00288355
0.0017164
0.00617904
0.0081014
0.00604173
0.000892528
-0.00501189
-0.00913124
-0.00961184
-0.00707156
-0.0040507
-0.00357011
-0.00652232
-0.0104357
-0.0124267
-0.0119461
-0.010985
-0.0119461
-0.015173
-0.0186058
-0.0197043
-0.0173013
-0.0133193
-0.0111223
-0.012564
-0.0155849
-0.0166147
-0.0136625
-0.00817006
-0.00308952
-0.0010985
-0.00281489
-0.00659097
-0.00933721
-0.00926856
-0.00693425
-0.00501189
-0.00556113
-0.008582
-0.0126327
-0.0159282
-0.0175759
-0.01737
-0.0156536
-0.0131133
-0.010779
-0.00968049
-0.0102984
-0.0126327
-0.0162715
-0.0200475
-0.0214893
-0.0184685
-0.0111223
-0.00288355
0.0017164
0.000617904
-0.00439398
-0.00954318
-0.0114655
-0.00988646
-0.00679694
-0.00466861
-0.00487457
-0.00679694
-0.00954318
-0.0122208
-0.0140745
-0.0138685
-0.0111223
-0.00727753
-0.00508054
-0.00631635
-0.00899393
-0.00974915
-0.00720888
-0.00350145
-0.00178506
-0.0034328
-0.00741484
-0.010985
-0.010985
-0.00638501
0.00102984
0.00700291
0.00796409
0.00302086
-0.0057671
-0.014761
-0.0208028
-0.0229311
-0.0219013
-0.0194296
-0.0167521
-0.0140058
-0.0112596
-0.00899393
-0.00817006
-0.00947452
-0.0123581
-0.0150357
-0.0156536
-0.0142118
-0.0124954
-0.0122894
-0.0143491
-0.0180565
-0.0223132
-0.0256773
-0.0261579
-0.0223818
-0.0150357
-0.00659097
0.000549248
0.00521785
0.00700291
0.00542382
0.000411936
-0.00714022
-0.014761
-0.0188804
-0.0168894
-0.00899393
0.00116715
0.00899393
0.0115342
0.00865065
0.00212834
-0.0051492
-0.0100238
-0.0113282
-0.0110536
-0.0120148
-0.0146237
-0.0159968
-0.0131819
-0.00638501
0.000549248
0.00267758
-0.00274624
-0.0137998
-0.0247161
-0.0295221
-0.0265012
-0.0182625
-0.00995512
-0.00569845
-0.00659097
-0.010573
-0.0140745
-0.0154476
-0.0157222
-0.0162715
-0.0163401
-0.0140745
-0.00954318
-0.0051492
-0.00315817
-0.00315817
-0.00267758
-0.000617904
0.00157909
0.00137312
-0.00151043
-0.00473726
-0.00590441
-0.00473726
-0.00295221
-0.00226565
-0.00302086
-0.00480592
-0.00789544
-0.0123581
-0.0167521
-0.0186058
-0.0170267
-0.0139372
-0.0117402
-0.0104357
-0.008582
-0.00528651
-0.00116715
0.00192237
0.00260893
0.000823872
-0.00151043
-0.00205968
0.000137312
0.00322683
0.00398205
6.8656e-05
-0.00775812
-0.0156536
-0.019155
-0.0164088
-0.00954318
-0.00302086
-0.000137312
-0.00130446
-0.0051492
-0.0104357
-0.0164774
-0.0218326
-0.0239609
-0.0212147
-0.0144178
-0.00720888
-0.00302086
-0.00240296
-0.00336414
-0.00411936
-0.00473726
-0.00597307
-0.00741484
-0.00817006
-0.00755216
-0.00528651
-0.00157909
0.00226565
0.00398205
0.00240296
-0.00102984
-0.00329549
-0.00260893
-6.8656e-05
0.000892528
-0.00260893
-0.0109163
-0.0209401
-0.0280116
-0.0286295
-0.0226565
-0.0131819
-0.00432533
0.00130446
0.00357011
0.0040507
0.00439398
0.00446264
0.00274624
-0.00178506
-0.00796409
-0.0132506
-0.0156536
-0.0144864
-0.010573
-0.00562979
-0.0017164
0.000137312
0.000411936
6.8656e-05
-0.000480592
-0.00192237
-0.00521785
-0.010779
-0.0181252
-0.0256087
-0.0306892
-0.0311012
-0.0264325
-0.0179192
-0.00844468
-0.000961184
0.00240296
0.00144178
-0.00212834
-0.0057671
-0.00720888
-0.00528651
-0.000205968
0.00569845
0.00906259
0.0081014
0.00411936
-0.000617904
-0.00556113
-0.0111909
-0.0167521
-0.0197729
-0.0182625
-0.01277
-0.00542382
0.0010985
0.00459995
0.00391339
0.000480592
-0.00302086
-0.00459995
-0.0051492
-0.00714022
-0.0112596
-0.0156536
-0.016958
-0.0136625
-0.00734619
-0.00116715
0.00254027
0.00329549
0.00254027
0.00212834
0.00288355
0.00350145
0.00151043
-0.00411936
-0.010573
-0.0130446
-0.00974915
-0.00357011
0.000274624
-0.000892528
-0.00590441
-0.0119461
-0.0165461
-0.0183998
-0.016958
-0.012564
-0.0068656
-0.00212834
-0.000137312
-0.00185371
-0.00679694
-0.012976
-0.0174386
-0.0175073
-0.0128387
-0.00624769
-0.00219699
-0.00357011
-0.00974915
-0.017164
-0.0219699
-0.0223818
-0.0188117
-0.0131133
-0.00775812
-0.00480592
-0.00480592
-0.00652232
-0.00796409
-0.00762081
-0.00480592
-6.8656e-05
0.00432533
0.0051492
0.000274624
-0.00947452
-0.0210087
-0.0306892
-0.0354951
-0.0341907
-0.027737
-0.0194296
-0.0127014
-0.00878796
-0.00714022
-0.00679694
-0.00741484
-0.00885662
-0.0106417
-0.0118775
-0.0119461
-0.0107103
-0.00878796
-0.00755216
-0.0081014
-0.0100924
-0.0122894
-0.0131133
-0.0116715
-0.00775812
-0.00281489
0.000274624
-0.000617904
-0.00453129
-0.008582
-0.010573
-0.0111909
-0.0121521
-0.0145551
-0.0181938
-0.0225878
-0.0270505
-0.0304833
-0.0315817
-0.0290415
-0.0225878
-0.0134566
-0.0040507
0.00288355
0.00590441
0.00535517
0.00295221
6.8656e-05
-0.00288355
-0.00611038
-0.00913124
-0.0104357
-0.00865065
-0.00432533
0.000549248
0.00377608
0.0051492
0.00501189
0.00350145
0.000755216
-0.00240296
-0.00418801
-0.0040507
-0.00308952
-0.00281489
-0.00418801
-0.00734619
-0.0118088
-0.0165461
-0.0205281
