LECROYHDO9204-MSöv,30454,Waveform
Segments,1,SegmentSize,2002
Ampl
-0.0175073
-0.010779
-0.0017164
0.00734619
0.0122208
0.0101611
0.00295221
-0.00501189
-0.00988646
-0.0110536
-0.0100924
-0.00899393
-0.00823872
-0.0074835
-0.00597307
-0.00432533
-0.00391339
-0.00583576
-0.0102297
-0.0159282
-0.0208028
-0.0221072
-0.0181252
-0.0091999
0.00219699
0.0117402
0.014761
0.00865065
-0.00446264
-0.0181252
-0.0256773
-0.0247848
-0.0182625
-0.0111909
-0.00693425
-0.0051492
-0.00363877
-0.000411936
0.00418801
0.00714022
0.00562979
-0.000480592
-0.00741484
-0.0111909
-0.0102984
-0.00679694
-0.00370742
-0.00308952
-0.00480592
-0.00720888
-0.00762081
-0.00411936
0.00288355
0.00988646
0.012564
0.00899393
0.00157909
-0.0051492
-0.00823872
-0.00775812
-0.00549248
-0.00260893
6.8656e-05
0.00123581
-6.8656e-05
-0.00281489
-0.00446264
-0.00322683
6.8656e-05
0.00212834
6.8656e-05
-0.00665963
-0.0155849
-0.0227251
-0.0249221
-0.0217639
-0.0153103
-0.00823872
-0.00247161
0.00116715
0.00295221
0.00377608
0.00439398
0.00459995
0.00302086
-0.0010985
-0.00652232
-0.0100924
-0.00878796
-0.00240296
0.00583576
0.0115342
0.0121521
0.00851334
0.00329549
-0.0010985
-0.0034328
-0.00377608
-0.00315817
-0.00315817
-0.00528651
-0.0102984
-0.0181252
-0.0278057
-0.0366623
-0.0416742
-0.040919
-0.0352205
-0.0273251
-0.0205968
-0.0174386
-0.0181252
-0.0201162
-0.019567
-0.0143491
-0.00659097
-0.00322683
-0.0164088
-0.0633695
-0.161822
-0.318564
-0.519039
-0.727822
-0.903924
-1.02071
-1.07646
-1.09012
-1.0873
-1.08799
-1.10035
-1.12287
-1.14813
-1.16804
-1.17766
-1.1769
-1.16935
-1.16015
-1.15349
-1.15184
-1.15548
-1.16207
-1.16736
-1.16784
-1.16289
-1.15452
-1.14518
-1.13543
-1.12362
-1.10873
-1.09211
-1.07742
-1.0676
-1.06334
-1.06286
-1.06376
-1.06465
-1.06547
-1.0676
-1.07275
-1.08099
-1.08991
-1.09609
-1.09863
-1.10021
-1.10433
-1.1112
-1.11731
-1.11868
-1.11511
-1.11017
-1.1079
-1.10948
-1.11319
-1.11614
-1.11683
-1.11552
-1.11401
-1.11387
-1.11552
-1.11751
-1.11834
-1.11772
-1.11717
-1.11772
-1.1195
-1.12177
-1.12376
-1.12507
-1.12548
-1.12417
-1.12053
-1.11477
-1.10852
-1.10351
-1.09966
-1.09616
-1.09369
-1.09499
-1.10152
-1.11051
-1.11641
-1.11538
-1.1077
-1.0974
-1.08909
-1.08573
-1.0873
-1.09252
-1.10021
-1.10962
-1.11944
-1.12829
-1.13571
-1.14182
-1.14642
-1.14697
-1.13976
-1.12198
-1.093
-1.05435
-1.00808
-0.956103
-0.900492
-0.844674
-0.792153
-0.743681
-0.696789
-0.647838
-0.595728
-0.542245
-0.490135
-0.440909
-0.394703
-0.351107
-0.309158
-0.267621
-0.226153
-0.186882
-0.153858
-0.129966
-0.114793
-0.104838
-0.0972169
-0.0915184
-0.0890468
-0.0897334
-0.0915871
-0.0919303
-0.0901453
-0.0865752
-0.0816319
-0.0751783
-0.0679008
-0.0609665
-0.0556113
-0.0521099
-0.049089
-0.0451756
-0.0397518
-0.0346713
-0.0326802
-0.0349459
-0.0402324
-0.0455189
-0.0484025
-0.0482651
-0.0465487
-0.045107
-0.0441458
-0.0422234
-0.0387906
-0.0353578
-0.0337787
-0.0338474
-0.0336414
-0.0320623
-0.0300027
-0.0293161
-0.0305519
-0.0322683
-0.0326116
-0.0308265
-0.0282176
-0.0267072
-0.0272564
-0.0283549
-0.0269818
-0.0214893
-0.0139372
-0.00885662
-0.00947452
-0.014761
-0.0203908
-0.0219013
-0.0181252
-0.0118088
-0.00700291
-0.00590441
-0.00823872
-0.0126327
-0.0183998
-0.0246475
-0.0300713
-0.0332981
-0.0340534
-0.0329549
-0.0302773
-0.025746
-0.0203908
-0.0165461
-0.0166147
-0.0203222
-0.0241669
-0.0246475
-0.0208714
-0.014761
-0.00947452
-0.0074835
-0.0102984
-0.0173013
-0.0254027
-0.03014
-0.0285609
-0.0218326
-0.0144178
-0.0104357
-0.0110536
-0.0139372
-0.0162028
-0.0168207
-0.0166834
-0.0163401
-0.0151043
-0.0116029
-0.0051492
0.00308952
0.00974915
0.010573
0.00336414
-0.0100238
-0.023755
-0.0315817
-0.0315817
-0.0267072
-0.0217639
-0.0194983
-0.0201849
-0.0227938
-0.025746
-0.0271878
-0.0251967
-0.0197043
-0.0130446
-0.00823872
-0.00693425
-0.00823872
-0.00947452
-0.00844468
-0.00549248
-0.00329549
-0.00453129
-0.0101611
-0.0183998
-0.0260206
-0.029934
-0.0286295
-0.0227251
-0.0150357
-0.00899393
-0.00672828
-0.00789544
-0.0110536
-0.0146924
-0.0175073
-0.0184685
-0.0170267
-0.0133193
-0.0081014
-0.00260893
0.00151043
0.00329549
0.00212834
-0.00185371
-0.00782678
-0.0139372
-0.0179192
-0.0182625
-0.0148983
-0.00988646
-0.00569845
-0.00439398
-0.00597307
-0.00851334
-0.00940587
-0.00775812
-0.0051492
-0.00329549
-0.00267758
-0.0023343
-0.00123581
0.000961184
0.00357011
0.00494323
0.0034328
-0.00144178
-0.00803275
-0.0135939
-0.0160655
-0.0155849
-0.0135252
-0.0115342
-0.00995512
-0.008582
-0.00762081
-0.00796409
-0.0100238
-0.0132506
-0.0160655
-0.016958
-0.0156536
-0.0123581
-0.0081014
-0.00411936
-0.00205968
-0.00254027
-0.00439398
-0.00569845
-0.00508054
-0.00315817
-0.00116715
-0.00034328
-0.00123581
-0.00357011
-0.0068656
-0.010573
-0.0143491
-0.0172326
-0.0173013
-0.01277
-0.00391339
0.00617904
0.0123581
0.010985
0.00274624
-0.00700291
-0.0118775
-0.00892528
-0.000892528
0.00665963
0.00988646
0.00892528
0.00624769
0.00398205
0.00254027
0.00144178
0.000480592
-0.00034328
-0.00151043
-0.00370742
-0.00707156
-0.0100924
-0.010779
-0.00844468
-0.00473726
-0.00212834
-0.00116715
-0.000480592
0.00144178
0.00439398
0.00652232
0.00549248
0.000961184
-0.00494323
-0.00906259
-0.0101611
-0.00954318
-0.00878796
-0.00775812
-0.00535517
-0.0017164
0.00137312
0.00226565
0.000961184
-0.00130446
-0.00384473
-0.00638501
-0.00892528
-0.0102984
-0.00906259
-0.0051492
-0.000617904
0.00144178
-0.000137312
-0.00398205
-0.00734619
-0.00775812
-0.0040507
0.00267758
0.00926856
0.0121521
0.0100924
0.00473726
-0.00137312
-0.00631635
-0.00995512
-0.0123581
-0.0132506
-0.0118775
-0.00775812
-0.00137312
0.00535517
0.00961184
0.0098178
0.00693425
0.00295221
-0.00116715
-0.00556113
-0.0100238
-0.0130446
-0.0127014
-0.00844468
-0.0017164
0.00432533
0.00638501
0.00295221
-0.0040507
-0.0102984
-0.0117402
-0.00755216
-0.000755216
0.00363877
0.00212834
-0.00439398
-0.0120148
-0.016958
-0.0187431
-0.018949
-0.018949
-0.0186744
-0.017164
-0.0142804
-0.0101611
-0.00542382
-0.00102984
0.00199102
0.00322683
0.00308952
0.00205968
0.000549248
-0.000617904
-0.000961184
-0.000755216
-0.00116715
-0.00274624
-0.00466861
-0.0057671
-0.00590441
-0.00597307
-0.00679694
-0.00851334
-0.0111909
-0.015173
-0.0200475
-0.0242356
-0.0254714
-0.0222445
-0.0153789
-0.00707156
0.000617904
0.00693425
0.0116029
0.0135939
0.0114655
0.00466861
-0.00480592
-0.012976
-0.0159282
-0.0120148
-0.00288355
0.0074835
0.014967
0.0172326
0.0141431
0.00734619
-0.00034328
-0.0057671
-0.00700291
-0.00473726
-0.00137312
0
-0.00192237
-0.00556113
-0.00837603
-0.00878796
-0.00789544
-0.00768947
-0.00865065
-0.00899393
-0.00659097
-0.00185371
0.00199102
0.0017164
-0.00322683
-0.0102297
-0.0156536
-0.0168207
-0.0135252
-0.00803275
-0.0034328
-0.0017164
-0.00185371
-0.00157909
0.000549248
0.00329549
0.00384473
0.00123581
-0.00254027
-0.00425667
-0.00226565
0.00192237
0.00590441
0.00768947
0.00617904
0.0017164
-0.0034328
-0.00611038
-0.00549248
-0.0040507
-0.00494323
-0.00789544
-0.0098178
-0.00851334
-0.00508054
-0.00185371
-0.000205968
0.000205968
6.8656e-05
-0.000274624
-0.0010985
-0.00212834
-0.00288355
-0.00322683
-0.00350145
-0.00425667
-0.00528651
-0.00590441
-0.00617904
-0.00775812
-0.0114655
-0.0160655
-0.0188117
-0.0180565
-0.0148983
-0.0116715
-0.00961184
-0.00762081
-0.00398205
0.00178506
0.00782678
0.0118088
0.0122894
0.00940587
0.00411936
-0.00212834
-0.00782678
-0.0118088
-0.0136625
-0.0137998
-0.0120148
-0.00837603
-0.00377608
-0.000480592
-0.00068656
-0.00439398
-0.00947452
-0.0134566
-0.0152416
-0.0152416
-0.0141431
-0.0120835
-0.00947452
-0.00659097
-0.0040507
-0.00240296
-0.00247161
-0.00453129
-0.00775812
-0.00940587
-0.0074835
-0.00274624
0.00116715
0.000823872
-0.00350145
-0.00830737
-0.00968049
-0.00665963
-0.00151043
0.00219699
0.00164774
-0.00439398
-0.0139372
-0.0222445
-0.0244415
-0.0192237
-0.0105044
-0.00370742
-0.00226565
-0.00597307
-0.0120835
-0.0168207
-0.0178506
-0.0145551
-0.00830737
-0.00130446
0.00466861
0.0081014
0.00851334
0.00679694
0.00439398
0.00260893
0.0017164
0.00102984
-0.000617904
-0.00453129
-0.0105044
-0.0162028
-0.0183998
-0.0153789
-0.00837603
-0.000823872
0.00439398
0.00672828
0.00693425
0.00583576
0.0034328
-0.000205968
-0.00384473
-0.00597307
-0.00611038
-0.00501189
-0.00411936
-0.00377608
-0.0040507
-0.00459995
-0.00521785
-0.00528651
-0.00411936
-0.0017164
0.00157909
0.00466861
0.00604173
0.0040507
-0.00192237
-0.0103671
-0.0182625
-0.0227938
-0.0232057
-0.0203908
-0.0155162
-0.00974915
-0.00391339
0.00123581
0.00508054
0.00741484
0.00844468
0.00844468
0.00789544
0.00707156
0.00583576
0.00363877
0.000137312
-0.00391339
-0.0068656
-0.00714022
-0.0051492
-0.00308952
-0.00267758
-0.00377608
-0.0051492
-0.00638501
-0.00789544
-0.00988646
-0.0112596
-0.0102297
-0.00631635
-0.00102984
0.00302086
0.00432533
0.00226565
-0.00240296
-0.00878796
-0.014967
-0.0185371
-0.0172326
-0.0105044
-0.00116715
0.00631635
0.00865065
0.00556113
-0.000137312
-0.00466861
-0.00562979
-0.00336414
-0.000480592
0.000137312
-0.00247161
-0.00672828
-0.00988646
-0.0105044
-0.00892528
-0.00659097
-0.00494323
-0.00425667
-0.00398205
-0.00370742
-0.00370742
-0.00473726
-0.00659097
-0.008582
-0.0100238
-0.0108476
-0.0112596
-0.0116715
-0.0123581
-0.0135252
-0.015173
-0.0167521
-0.0166147
-0.0133193
-0.0074835
-0.00178506
0.000892528
6.8656e-05
-0.00240296
-0.00411936
-0.00446264
-0.00411936
-0.00446264
-0.00672828
-0.0113282
-0.016958
-0.0206654
-0.0201849
-0.0159282
-0.0101611
-0.00562979
-0.00357011
-0.0040507
-0.00652232
-0.0104357
-0.014761
-0.0181938
-0.0190177
-0.0165461
-0.0116029
-0.00665963
-0.00384473
-0.00357011
-0.00487457
-0.00604173
-0.00542382
-0.00226565
0.00260893
0.00665963
0.00741484
0.0051492
0.0023343
0.000755216
-0.000549248
-0.00336414
-0.00775812
-0.0116029
-0.0124954
-0.0104357
-0.00734619
-0.00542382
-0.0051492
-0.00562979
-0.00617904
-0.00775812
-0.010779
-0.0141431
-0.0156536
-0.0139372
-0.00974915
-0.0057671
-0.0051492
-0.00926856
-0.0161342
-0.0212147
-0.0203222
-0.0133879
-0.00446264
0.00178506
0.00308952
0.00034328
-0.00357011
-0.0057671
-0.00542382
-0.00350145
-0.00212834
-0.0023343
-0.00398205
-0.00631635
-0.00892528
-0.0118775
-0.0157222
-0.0199102
-0.0227938
-0.0230684
-0.0210774
-0.0185371
-0.0158595
-0.0119461
-0.00590441
0.000892528
0.00631635
0.00851334
0.00679694
0.0010985
-0.0074835
-0.0155849
-0.0188804
-0.0159968
-0.00968049
-0.00453129
-0.00308952
-0.00432533
-0.00562979
-0.00535517
-0.00370742
-0.00178506
-0.000961184
-0.0023343
-0.00562979
-0.00913124
-0.0109163
-0.0100924
-0.00768947
-0.00542382
-0.00453129
-0.00487457
-0.00569845
-0.00611038
-0.00569845
-0.00459995
-0.00350145
-0.00315817
-0.00384473
-0.0051492
-0.00611038
-0.00556113
-0.0023343
0.00302086
0.00720888
0.00659097
0.00068656
-0.00679694
-0.0111909
-0.010985
-0.00768947
-0.00398205
-0.00130446
0.000205968
0.000480592
-0.000755216
-0.00357011
-0.00782678
-0.012976
-0.0183998
-0.0227938
-0.0242356
-0.0210087
-0.0136625
-0.00494323
0.00178506
0.00487457
0.00487457
0.00377608
0.00267758
0.00151043
0.000137312
-0.0010985
-0.00205968
-0.00308952
-0.00466861
-0.00659097
-0.00830737
-0.00913124
-0.0081014
-0.00487457
-0.00068656
0.00199102
0.00144178
-0.00226565
-0.00679694
-0.00940587
-0.00892528
-0.00624769
-0.00357011
-0.00185371
-0.000411936
0.00144178
0.0034328
0.00411936
0.00274624
-0.000205968
-0.00329549
-0.00480592
-0.0034328
0.000411936
0.00466861
0.00631635
0.00377608
-0.00144178
-0.00624769
-0.00830737
-0.00817006
-0.00789544
-0.00865065
-0.00968049
-0.00926856
-0.00714022
-0.00521785
-0.00542382
-0.00796409
-0.010779
-0.0113969
-0.00906259
-0.00528651
-0.00247161
-0.00178506
-0.00219699
-0.0023343
-0.00219699
-0.00295221
-0.00432533
-0.00398205
-0.000411936
0.00501189
0.00906259
0.00926856
0.0057671
0.000274624
-0.00480592
-0.00775812
-0.00823872
-0.00734619
-0.00672828
-0.00789544
-0.0115342
-0.017164
-0.0230684
-0.0265699
-0.02554
-0.0199102
-0.0122894
-0.00672828
-0.0057671
-0.00844468
-0.0116029
-0.0123581
-0.0107103
-0.00865065
-0.00727753
-0.00617904
-0.00425667
-0.00199102
-0.00116715
-0.00308952
-0.00755216
-0.0128387
-0.0168894
-0.0177132
-0.0140745
-0.0068656
0.00102984
0.00604173
0.00611038
0.00199102
-0.00384473
-0.00885662
-0.0120835
-0.0142118
-0.0158595
-0.0162715
-0.0142804
-0.0103671
-0.00611038
-0.00302086
-0.00137312
-0.000480592
0.00034328
0.00116715
0.00185371
0.00205968
0.00157909
-0.000549248
-0.00528651
-0.0117402
-0.01737
-0.0194983
-0.0175759
-0.0129073
-0.0074835
-0.00302086
-0.00137312
-0.00363877
-0.00871931
-0.0133879
-0.0144864
-0.0115342
-0.00700291
-0.00411936
-0.00439398
-0.00611038
-0.00535517
0.000892528
0.0112596
0.0200475
0.021146
0.0134566
0.00151043
-0.00817006
-0.0111223
-0.00693425
0.00068656
0.00597307
0.00521785
-0.000755216
-0.00714022
-0.00933721
-0.00604173
0.000274624
0.00569845
0.00727753
0.00487457
0.000549248
-0.00350145
-0.00604173
-0.00707156
-0.00707156
-0.00617904
-0.00459995
-0.00274624
-0.0010985
0
-0.000205968
-0.00219699
-0.00617904
-0.0111223
-0.0151043
-0.0159968
-0.01277
-0.00652232
0
0.00453129
0.0057671
0.00336414
-0.00226565
-0.00926856
-0.0142118
-0.0143491
-0.00947452
-0.00240296
0.00357011
0.00679694
0.00727753
0.00542382
0.00185371
-0.00219699
-0.00487457
-0.00508054
-0.00377608
-0.00363877
-0.00645366
-0.0111909
-0.0144864
-0.0140058
-0.0102297
-0.00597307
-0.00425667
-0.00597307
-0.00961184
-0.0118775
-0.0105044
-0.00562979
0.000480592
0.00569845
0.00899393
0.0104357
0.0101611
0.00823872
0.00508054
0.00157909
-0.00130446
-0.00363877
-0.00624769
-0.00913124
-0.0112596
-0.0116029
-0.0106417
-0.00988646
-0.0106417
-0.0124267
-0.0134566
-0.0122894
-0.00988646
-0.00844468
-0.00933721
-0.0113282
-0.0124954
-0.0118088
-0.0103671
-0.00940587
-0.00885662
-0.00720888
-0.00398205
-0.000549248
0.00068656
-0.000961184
-0.00315817
-0.00329549
-0.000961184
0.00178506
0.00247161
6.8656e-05
-0.00398205
-0.00720888
-0.00851334
-0.00817006
-0.0074835
-0.00755216
-0.00906259
-0.0118088
-0.0145551
-0.0155162
-0.0131819
-0.00762081
-0.000617904
0.00459995
0.00549248
0.00151043
-0.00508054
-0.0102984
-0.010779
-0.00645366
-0.000961184
0.00102984
-0.00212834
-0.00782678
-0.0118775
-0.0113969
-0.0068656
-0.00102984
0.00295221
0.0034328
0.000411936
-0.00494323
-0.0113282
-0.0166147
-0.0190864
-0.0177819
-0.0137998
-0.00947452
-0.00659097
-0.00556113
-0.00569845
-0.0057671
-0.00425667
-0.000617904
0.00418801
0.00755216
0.00755216
0.00391339
-0.00157909
-0.00624769
-0.00803275
-0.00638501
-0.00212834
0.00295221
0.00672828
0.00762081
0.00535517
0.000961184
-0.00357011
-0.00645366
-0.00645366
-0.0040507
-0.00157909
-0.00226565
-0.00789544
-0.0170267
-0.0250594
-0.027531
-0.0226565
-0.0118775
0.00164774
0.0136625
0.0192923
0.0144864
-0.000274624
-0.0183998
-0.0311698
-0.0334355
-0.0265012
-0.0151043
-0.00466861
0.00137312
0.00164774
-0.00260893
-0.00878796
-0.0148297
-0.0201162
-0.0245788
-0.0272564
-0.0265699
-0.0225878
-0.016958
-0.0119461
-0.00823872
-0.00535517
-0.00260893
0.000205968
0.00260893
0.00446264
0.0057671
0.00659097
0.00727753
0.00796409
0.00871931
0.00892528
0.00768947
0.00466861
0.00034328
-0.00418801
-0.00727753
-0.00789544
-0.00562979
-0.00137312
0.0034328
0.0068656
0.0068656
0.00199102
-0.00665963
-0.0152416
-0.0194296
-0.0181252
-0.0133193
-0.00782678
-0.0023343
0.00281489
0.00652232
0.00755216
0.0057671
0.00260893
-0.000411936
-0.00302086
-0.00549248
-0.0081014
-0.00995512
-0.00940587
-0.00501189
0.00219699
0.00906259
0.0117402
0.00865065
0.00157909
-0.00521785
-0.00789544
-0.00556113
-0.000755216
0.00274624
0.00288355
-6.8656e-05
-0.00473726
-0.00961184
-0.0134566
-0.0150357
-0.0140058
-0.0118775
-0.0102984
-0.0101611
-0.010985
-0.0115342
-0.0103671
-0.00720888
-0.00308952
6.8656e-05
0.00137312
0.00130446
0.00130446
0.00199102
0.00247161
0.00116715
-0.00267758
-0.00762081
-0.0109163
-0.0110536
-0.00933721
-0.00844468
-0.0091999
-0.0100924
-0.0091999
-0.0068656
-0.00487457
-0.00425667
-0.00425667
-0.00281489
0.00068656
0.00480592
0.00720888
0.00652232
0.00363877
0.00034328
-0.00219699
-0.0040507
-0.00542382
-0.00672828
-0.0081014
-0.00947452
-0.0102297
-0.00940587
-0.00714022
-0.00473726
-0.00370742
-0.00391339
-0.00459995
-0.00473726
-0.00370742
-0.00123581
0.00199102
0.0040507
0.00288355
-0.00164774
-0.00755216
-0.0111909
-0.00988646
-0.00425667
0.00157909
0.00219699
-0.00432533
-0.014967
-0.0234803
-0.0244415
-0.0166834
-0.00384473
0.00734619
0.0116029
0.00865065
0.00274624
-0.00144178
-0.00267758
-0.00247161
-0.00247161
-0.00308952
-0.0040507
-0.00542382
-0.00727753
-0.00947452
-0.0118088
-0.0141431
-0.0162028
-0.0170953
-0.0154476
-0.0108476
-0.00459995
0.00068656
0.00260893
0.000137312
-0.00521785
-0.0100924
-0.0111223
-0.00707156
0.000274624
0.00720888
0.0101611
0.00755216
0.000411936
-0.00844468
-0.0153789
-0.017164
-0.0132506
-0.00659097
-0.00130446
0.00068656
0.000961184
0.00192237
0.00432533
0.00693425
0.00837603
0.00837603
0.00734619
0.0057671
0.00357011
0.00068656
-0.00226565
-0.00480592
-0.00707156
-0.00940587
-0.0116715
-0.0126327
-0.0111223
-0.00734619
-0.00274624
-0.000137312
-0.00157909
-0.00714022
-0.0139372
-0.0178506
-0.0162715
-0.0100238
-0.00267758
0.00164774
0.000205968
-0.00611038
-0.0133193
-0.0164774
-0.0133879
-0.00604173
0.0010985
0.00494323
0.00487457
0.00247161
-0.000549248
-0.00350145
-0.00617904
-0.00851334
-0.00961184
-0.00885662
-0.00597307
-0.00185371
0.00137312
0.00205968
-0.000549248
-0.00569845
-0.0113969
-0.0146924
-0.0135939
-0.00817006
-0.000205968
0.00775812
0.0131819
0.0141431
0.0105044
0.00411936
-0.00212834
-0.00611038
-0.00652232
-0.00308952
0.00288355
0.00823872
0.00974915
0.00679694
0.00130446
-0.00411936
-0.00762081
-0.00817006
-0.00583576
-0.00178506
0.00192237
0.00411936
0.00487457
0.00521785
0.00583576
0.00659097
0.00700291
0.00631635
0.00439398
0.00151043
-0.00185371
-0.00549248
-0.00885662
-0.0102984
-0.00823872
-0.00260893
0.00384473
0.00782678
0.00755216
0.00432533
0.00123581
0.000411936
0.00102984
0.000823872
-0.00185371
-0.00590441
-0.00892528
-0.00940587
-0.00803275
-0.00679694
-0.00755216
-0.010573
-0.0145551
-0.0173013
-0.01737
-0.0144864
-0.0100238
-0.00542382
-0.0017164
0.000892528
0.00302086
0.00542382
0.0081014
0.00947452
0.00755216
0.00254027
-0.00288355
-0.00501189
-0.00254027
0.00247161
0.00590441
0.00494323
0.00034328
-0.00535517
-0.00988646
-0.0128387
-0.0146237
-0.0151043
-0.0138685
-0.0108476
-0.00693425
-0.00363877
-0.00226565
-0.00274624
-0.00308952
-0.00157909
0.00164774
0.00432533
0.00446264
0.00240296
0.000617904
0.000617904
0.00157909
0.00157909
0.000137312
-0.00164774
-0.0023343
-0.00178506
-0.00130446
-0.00267758
-0.00624769
-0.00995512
-0.0112596
-0.00926856
-0.0051492
-0.000892528
0.00226565
0.00370742
0.00288355
-0.000549248
-0.00590441
-0.0111909
-0.0141431
-0.0133193
-0.00954318
-0.00466861
-0.000205968
0.00267758
0.00308952
0.00034328
-0.00487457
-0.00988646
-0.0116029
-0.00865065
-0.00247161
0.0040507
0.00837603
0.00940587
0.0074835
0.00425667
0.00164774
0.00116715
0.00288355
0.00583576
0.00755216
0.00562979
-0.000755216
-0.00954318
-0.0166834
-0.0186744
-0.014761
-0.0074835
-0.00130446
0.000274624
-0.00288355
-0.00775812
-0.0100924
-0.00817006
-0.0034328
0.000617904
0.00151043
-0.000617904
-0.0034328
-0.00480592
-0.0051492
-0.00659097
-0.0100238
-0.0136625
-0.0146237
-0.0120148
-0.0074835
-0.00357011
-0.0017164
-0.00130446
-0.000411936
0.00226565
0.00631635
0.00968049
0.0113282
0.0113282
0.00995512
0.00714022
0.00315817
-0.000549248
-0.00226565
-0.00164774
-0.00068656
-0.00151043
-0.00459995
-0.00817006
-0.00913124
-0.00535517
0.00226565
0.00974915
0.0124267
0.00817006
-0.00116715
-0.0110536
-0.0168207
-0.0162028
-0.00974915
-0.000823872
0.00659097
0.00947452
0.00762081
0.00322683
-0.00068656
-0.00240296
-0.00199102
-0.000480592
0.00068656
0.000961184
0.000411936
-0.000274624
-0.000137312
0.00137312
0.00377608
0.00562979
0.00590441
0.00487457
0.00308952
0.000892528
-0.000892528
-0.00068656
0.00247161
0.00714022
0.00995512
0.00823872
0.00212834
-0.00549248
-0.0113282
-0.0136625
-0.0133193
-0.0120835
-0.010985
-0.0102984
-0.00988646
-0.0100238
-0.0108476
-0.0118775
-0.0118775
-0.00933721
-0.00370742
0.00384473
0.0101611
0.0121521
0.00940587
0.00453129
0.00144178
0.00164774
0.00363877
0.00459995
0.00288355
-0.000892528
-0.00487457
-0.00741484
-0.00851334
-0.00940587
-0.0111909
-0.0138685
-0.0162715
-0.01737
-0.0168207
-0.014967
-0.0123581
-0.0091999
-0.00590441
-0.00274624
-0.000617904
-0.000137312
-0.000755216
-0.000892528
0.000205968
0.000892528
-0.0010985
-0.0057671
-0.00995512
-0.0104357
-0.00693425
-0.0023343
-0.000137312
-0.00116715
-0.00363877
-0.00535517
-0.00597307
-0.00659097
-0.00851334
-0.0116715
-0.0144864
-0.0151043
-0.0128387
-0.00892528
-0.00542382
-0.00370742
-0.00391339
-0.00487457
-0.00535517
-0.00473726
-0.00398205
-0.00384473
-0.00466861
-0.00556113
-0.00604173
-0.00590441
-0.0057671
-0.0057671
-0.00569845
-0.00542382
-0.00521785
-0.0051492
-0.00466861
-0.00274624
0.00034328
0.00288355
0.00247161
-0.00199102
-0.00892528
-0.0151043
-0.0170953
-0.0133879
-0.0057671
0.00178506
0.00549248
0.00459995
0.000549248
-0.00453129
-0.00954318
-0.0144178
-0.0186744
-0.021352
-0.0210087
-0.0170953
-0.0111909
-0.00583576
-0.00315817
-0.00391339
-0.00803275
-0.0141431
-0.0196356
-0.0221759
-0.021352
-0.0194296
-0.0184685
-0.0179192
-0.014967
-0.00817006
0.00034328
0.00652232
0.00768947
0.00398205
-0.00219699
-0.00830737
-0.0123581
-0.0132506
-0.0111909
-0.00727753
-0.00363877
-0.00199102
-0.00247161
-0.00391339
-0.00473726
-0.00480592
-0.00466861
-0.00487457
-0.0057671
-0.00727753
-0.008582
-0.00899393
-0.00789544
-0.00542382
-0.00254027
-0.000549248
-0.000961184
-0.00384473
-0.00645366
-0.00542382
0.000205968
0.00672828
0.00830737
0.0017164
-0.010779
-0.0223132
-0.0263639
-0.0212147
-0.0111223
-0.00308952
-0.00178506
-0.00631635
-0.0118775
-0.0143491
-0.0135252
-0.0118088
-0.0115342
-0.0133193
-0.0164088
-0.019155
-0.0197729
-0.0170953
-0.0113969
-0.00508054
-0.0010985
-0.00116715
-0.00425667
-0.00762081
-0.0091999
-0.00844468
-0.00590441
-0.00274624
-0.000274624
0.000411936
-0.0010985
-0.00384473
-0.00583576
-0.00542382
-0.00295221
-0.000137312
0.00102984
-0.000411936
-0.00322683
-0.00508054
-0.00446264
-0.0017164
0.00144178
0.00459995
0.00817006
0.0118775
0.0133879
0.0103671
0.00267758
-0.00672828
-0.0140058
-0.0163401
-0.0140058
-0.00926856
-0.00494323
-0.00240296
-0.00144178
-0.00164774
-0.00295221
-0.00508054
-0.00734619
-0.008582
-0.00823872
-0.00707156
-0.00652232
-0.00755216
-0.00968049
-0.010985
-0.00974915
-0.00569845
-0.000961184
0.0010985
-0.00157909
-0.00803275
-0.0146924
-0.0181938
-0.0172326
-0.0130446
-0.0081014
-0.00466861
-0.00418801
-0.00631635
-0.00899393
-0.0098178
-0.00782678
-0.00411936
-0.000137312
0.00329549
0.00569845
0.00617904
0.00446264
0.00164774
