LECROYHDO9204-MSöv,30454,Waveform
Segments,1,SegmentSize,2002
Ampl
0.0034328
0.00473726
-0.000274624
-0.0091999
-0.0172326
-0.0203908
-0.0179879
-0.0126327
-0.00789544
-0.00583576
-0.00645366
-0.00830737
-0.00995512
-0.0108476
-0.0111909
-0.0116715
-0.0122208
-0.0120148
-0.010779
-0.0098178
-0.0113969
-0.0156536
-0.0197729
-0.0203222
-0.0166834
-0.0122894
-0.0115342
-0.0155849
-0.0219699
-0.0267758
-0.0269131
-0.021558
-0.0126327
-0.00432533
-0.000755216
-0.00329549
-0.0100238
-0.0168207
-0.0197043
-0.0173013
-0.0111223
-0.00439398
0.00116715
0.00528651
0.00720888
0.00439398
-0.00480592
-0.0179192
-0.0284236
-0.0306206
-0.0238923
-0.012564
-0.00137312
0.00727753
0.0135252
0.0170267
0.0159968
0.00871931
-0.00418801
-0.0183311
-0.0280116
-0.0296594
-0.0242356
-0.0159282
-0.00913124
-0.00611038
-0.00624769
-0.00775812
-0.00988646
-0.0127014
-0.0166147
-0.0207341
-0.0236863
-0.0238923
-0.0206654
-0.0148297
-0.00871931
-0.00473726
-0.00322683
-0.00247161
-0.00116715
-0.000549248
-0.00260893
-0.00734619
-0.0118775
-0.0132506
-0.0112596
-0.00885662
-0.00968049
-0.014761
-0.0210087
-0.023755
-0.021146
-0.0158595
-0.0124954
-0.0130446
-0.0155162
-0.0168894
-0.0159968
-0.0133879
-0.0102297
-0.00837603
-0.00995512
-0.0153789
-0.0228624
-0.0289042
-0.0306206
-0.0272564
-0.0212147
-0.0164088
-0.0159282
-0.0198416
-0.0251281
-0.0273251
-0.0234117
-0.0146237
-0.00899393
-0.0221759
-0.0743544
-0.182694
-0.350557
-0.559683
-0.77286
-0.948002
-1.05737
-1.09911
-1.09609
-1.08058
-1.07776
-1.09671
-1.1309
-1.16592
-1.18857
-1.19379
-1.18603
-1.17436
-1.16619
-1.16379
-1.16544
-1.16784
-1.16674
-1.15898
-1.14566
-1.13255
-1.12596
-1.12788
-1.13385
-1.13653
-1.13001
-1.11339
-1.09094
-1.06932
-1.05408
-1.04735
-1.04783
-1.0525
-1.05874
-1.06568
-1.07344
-1.08188
-1.08936
-1.09451
-1.09747
-1.09953
-1.102
-1.10543
-1.10969
-1.11394
-1.11669
-1.11703
-1.11648
-1.11806
-1.12369
-1.13179
-1.13797
-1.13838
-1.13275
-1.12397
-1.11628
-1.11236
-1.11243
-1.11497
-1.11834
-1.12115
-1.12294
-1.1239
-1.12438
-1.12493
-1.12561
-1.12596
-1.12479
-1.1215
-1.1169
-1.11284
-1.11113
-1.11209
-1.11511
-1.11957
-1.12404
-1.12664
-1.12555
-1.11992
-1.11127
-1.10255
-1.09733
-1.09822
-1.10529
-1.1158
-1.12589
-1.13241
-1.13502
-1.13536
-1.1355
-1.13646
-1.13742
-1.13598
-1.1285
-1.11181
-1.0847
-1.04824
-1.00389
-0.952876
-0.896716
-0.837671
-0.778559
-0.722741
-0.673172
-0.630399
-0.591059
-0.549316
-0.500365
-0.44338
-0.381727
-0.321379
-0.267758
-0.22478
-0.193816
-0.173356
-0.159076
-0.145825
-0.130927
-0.115754
-0.103945
-0.0970109
-0.0930975
-0.0888408
-0.0828678
-0.0763454
-0.0711276
-0.0675575
-0.064262
-0.060074
-0.055886
-0.0531397
-0.0517666
-0.0499129
-0.0467547
-0.0432533
-0.0410563
-0.0411249
-0.0432533
-0.0467547
-0.0505994
-0.0531397
-0.0535517
-0.0523158
-0.0508054
-0.0498442
-0.0494323
-0.0490204
-0.0479219
-0.0453816
-0.0412622
-0.036525
-0.0324056
-0.0295221
-0.0275997
-0.0267758
-0.027737
-0.0304146
-0.0325429
-0.0314444
-0.0265699
-0.0212834
-0.0194983
-0.0223132
-0.0274624
-0.0314444
-0.0324056
-0.0311012
-0.029934
-0.0305519
-0.0330235
-0.0362504
-0.0383787
-0.0376921
-0.0335728
-0.0280803
-0.0243042
-0.0234117
-0.0239609
-0.0239609
-0.023549
-0.0239609
-0.0258833
-0.0282863
-0.0293161
-0.027531
-0.0234803
-0.0194983
-0.0175759
-0.0175073
-0.0178506
-0.0177132
-0.0175759
-0.0177132
-0.0174386
-0.0157222
-0.0127014
-0.0101611
-0.0111223
-0.0165461
-0.0243042
-0.0300027
-0.0298653
-0.0234803
-0.0135252
-0.00418801
0.00164774
0.00260893
-0.00068656
-0.00597307
-0.0101611
-0.0111223
-0.00899393
-0.00583576
-0.00453129
-0.00720888
-0.0140058
-0.0227251
-0.0297967
-0.0330235
-0.0329549
-0.0319937
-0.0320623
-0.0327489
-0.0317191
-0.0269131
-0.019155
-0.0113282
-0.00659097
-0.00597307
-0.008582
-0.0120835
-0.0143491
-0.0144864
-0.01277
-0.0100924
-0.0068656
-0.00418801
-0.00377608
-0.00665963
-0.0120835
-0.0172326
-0.0186744
-0.0150357
-0.00775812
-0.00034328
0.00350145
0.0023343
-0.00260893
-0.008582
-0.0132506
-0.0153789
-0.0152416
-0.0136625
-0.0121521
-0.0118088
-0.0126327
-0.0132506
-0.0120835
-0.00913124
-0.00556113
-0.00247161
6.8656e-05
0.00212834
0.00281489
0.00116715
-0.00260893
-0.00679694
-0.0091999
-0.0091999
-0.00741484
-0.00501189
-0.00281489
-0.00102984
0.000137312
0.000823872
0.00144178
0.00260893
0.00418801
0.00528651
0.00501189
0.00377608
0.00240296
0.00130446
6.8656e-05
-0.00137312
-0.00274624
-0.00322683
-0.00205968
0.000137312
0.00151043
-0.000549248
-0.00672828
-0.0148297
-0.0206654
-0.021352
-0.0166834
-0.00878796
-0.000274624
0.00617904
0.00899393
0.00789544
0.00459995
0.00192237
0.00137312
0.00226565
0.00178506
-0.00157909
-0.00597307
-0.00768947
-0.00535517
-0.00130446
0.000823872
-0.00068656
-0.00508054
-0.0104357
-0.014761
-0.0166834
-0.0154476
-0.0114655
-0.00604173
-0.0010985
0.00130446
-0.000205968
-0.00549248
-0.012564
-0.0179192
-0.0184685
-0.0131819
-0.00398205
0.0051492
0.0100924
0.00947452
0.00473726
-0.00123581
-0.00638501
-0.00933721
-0.00899393
-0.00459995
0.00302086
0.0106417
0.0140058
0.0100924
-0.000274624
-0.0120835
-0.0192923
-0.0183311
-0.00995512
0.00164774
0.0120835
0.0179879
0.0181252
0.0133879
0.00631635
0.000137312
-0.00267758
-0.0017164
0.00102984
0.00247161
0.000274624
-0.00542382
-0.0124267
-0.0181938
-0.0208714
-0.0198416
-0.0156536
-0.0103671
-0.00652232
-0.00562979
-0.00597307
-0.00418801
0.00123581
0.00817006
0.0121521
0.0103671
0.00377608
-0.00363877
-0.00796409
-0.00803275
-0.00556113
-0.00329549
-0.00226565
-0.00137312
0
0.000961184
0.000205968
-0.00267758
-0.00672828
-0.0103671
-0.0120148
-0.0106417
-0.00624769
-0.000274624
0.00562979
0.00947452
0.00913124
0.00363877
-0.0051492
-0.0128387
-0.0152416
-0.0113282
-0.00363877
0.00432533
0.0105044
0.0151043
0.0186744
0.0207341
0.0197043
0.0152416
0.008582
0.00164774
-0.00480592
-0.0105044
-0.0143491
-0.0146237
-0.0112596
-0.00611038
-0.000823872
0.00432533
0.00906259
0.0115342
0.00899393
0.000961184
-0.00892528
-0.0152416
-0.0148297
-0.00974915
-0.00583576
-0.0074835
-0.0138685
-0.0199102
-0.0205281
-0.0145551
-0.00480592
0.00350145
0.00604173
0.00199102
-0.0057671
-0.0128387
-0.0160655
-0.0148297
-0.0109163
-0.00693425
-0.00508054
-0.00549248
-0.00693425
-0.00796409
-0.00823872
-0.008582
-0.00940587
-0.010779
-0.0120835
-0.0131133
-0.0140058
-0.0145551
-0.0142118
-0.0121521
-0.00830737
-0.00363877
0.000411936
0.0034328
0.00611038
0.00871931
0.0100238
0.00803275
0.00267758
-0.00391339
-0.00830737
-0.00851334
-0.00473726
0.000205968
0.00281489
0.000892528
-0.00487457
-0.0113282
-0.0153103
-0.0146924
-0.00995512
-0.00357011
0.000892528
0.00164774
-0.000480592
-0.00281489
-0.0034328
-0.00199102
0.000892528
0.00411936
0.00665963
0.00755216
0.00611038
0.00240296
-0.00240296
-0.00679694
-0.00954318
-0.00995512
-0.00851334
-0.00617904
-0.0040507
-0.00302086
-0.00302086
-0.00329549
-0.00240296
0.00034328
0.00411936
0.00755216
0.00961184
0.0105044
0.0103671
0.00899393
0.00672828
0.00466861
0.00363877
0.00350145
0.00315817
0.00164774
-0.00068656
-0.00288355
-0.00377608
-0.00315817
-0.00240296
-0.00302086
-0.00528651
-0.00782678
-0.00892528
-0.00803275
-0.0057671
-0.00329549
-0.00219699
-0.00308952
-0.00549248
-0.00796409
-0.00878796
-0.0068656
-0.00212834
0.0034328
0.00741484
0.00830737
0.00617904
0.0017164
-0.00418801
-0.0103671
-0.0142804
-0.0140745
-0.00988646
-0.00425667
0.000411936
0.00274624
0.00260893
-0.000274624
-0.0057671
-0.012564
-0.0185371
-0.021558
-0.0210087
-0.0174386
-0.0124954
-0.00755216
-0.00363877
-0.0010985
-0.000617904
-0.00247161
-0.00611038
-0.00926856
-0.00954318
-0.00638501
-0.0017164
0.00116715
6.8656e-05
-0.00453129
-0.00961184
-0.0120148
-0.010779
-0.00720888
-0.00363877
-0.00178506
-0.00274624
-0.00638501
-0.0111909
-0.0148297
-0.0158595
-0.0145551
-0.0122894
-0.0102984
-0.008582
-0.00652232
-0.00384473
-0.0010985
0.000755216
0.00151043
0.00185371
0.00281489
0.00453129
0.00611038
0.00672828
0.00624769
0.00473726
0.00144178
-0.00446264
-0.0117402
-0.0176446
-0.0194983
-0.0168207
-0.0120835
-0.00878796
-0.00878796
-0.0113969
-0.0138685
-0.0137998
-0.0106417
-0.00597307
-0.00205968
-0.00102984
-0.00377608
-0.00878796
-0.0135939
-0.0168207
-0.0192923
-0.0223818
-0.0250594
-0.0243042
-0.0181938
-0.008582
-0.000137312
0.00336414
0.0023343
0.000137312
-0.000480592
0.000205968
0.000205968
-0.00116715
-0.00357011
-0.00611038
-0.008582
-0.0100924
-0.00933721
-0.00590441
-0.00151043
0.00137312
0.00157909
-6.8656e-05
-0.00199102
-0.00363877
-0.00494323
-0.00604173
-0.00665963
-0.00645366
-0.00535517
-0.0040507
-0.00350145
-0.00418801
-0.00583576
-0.00789544
-0.00961184
-0.00947452
-0.00645366
-0.000892528
0.00453129
0.00672828
0.00453129
-0.000961184
-0.00645366
-0.00851334
-0.00590441
-0.00116715
0.00137312
-0.000137312
-0.00398205
-0.00700291
-0.00796409
-0.00782678
-0.00796409
-0.008582
-0.00837603
-0.00631635
-0.00302086
-0.00130446
-0.0034328
-0.00940587
-0.0161342
-0.0201162
-0.019361
-0.0150357
-0.00988646
-0.00659097
-0.00590441
-0.0068656
-0.00768947
-0.0068656
-0.00425667
-0.000961184
0.00164774
0.00267758
0.00240296
0.00116715
-0.00068656
-0.00302086
-0.00569845
-0.00796409
-0.00871931
-0.0074835
-0.00528651
-0.00425667
-0.00583576
-0.00926856
-0.0121521
-0.0124267
-0.00995512
-0.00645366
-0.00384473
-0.00274624
-0.00274624
-0.0034328
-0.00432533
-0.00494323
-0.00480592
-0.00363877
-0.00164774
0.000892528
0.00308952
0.00370742
0.00205968
-0.00192237
-0.00714022
-0.0118775
-0.0146237
-0.0151043
-0.0143491
-0.0139372
-0.0146237
-0.0155849
-0.0160655
-0.0164088
-0.0175759
-0.0194296
-0.0200475
-0.0181252
-0.0146924
-0.0116715
-0.0105044
-0.0110536
-0.0123581
-0.0132506
-0.0127014
-0.0101611
-0.00645366
-0.00336414
-0.00302086
-0.00624769
-0.0109163
-0.0129073
-0.00940587
-0.00144178
0.00679694
0.0115342
0.0115342
0.00768947
0.00164774
-0.00501189
-0.0111223
-0.0161342
-0.019567
-0.0203908
-0.0177819
-0.0124954
-0.00672828
-0.0034328
-0.00418801
-0.00851334
-0.0133879
-0.0153789
-0.0132506
-0.008582
-0.00453129
-0.00370742
-0.00659097
-0.0113282
-0.0151043
-0.0154476
-0.0118775
-0.00528651
0.00219699
0.008582
0.0126327
0.0145551
0.014761
0.0135252
0.010779
0.00617904
-0.00034328
-0.00851334
-0.0167521
-0.0224505
-0.0230684
-0.0178506
-0.00940587
-0.00274624
-0.0017164
-0.00569845
-0.0101611
-0.0108476
-0.00707156
-0.00123581
0.00363877
0.00542382
0.00336414
-0.00144178
-0.0068656
-0.0105044
-0.0110536
-0.00851334
-0.00453129
-0.00144178
-0.000823872
-0.00226565
-0.00432533
-0.00562979
-0.00659097
-0.00865065
-0.0117402
-0.0144178
-0.014761
-0.0121521
-0.00768947
-0.00315817
-0.000480592
-0.000480592
-0.00212834
-0.00308952
-0.00151043
0.00157909
0.00336414
0.00144178
-0.00357011
-0.00913124
-0.0126327
-0.0134566
-0.0127014
-0.0114655
-0.00988646
-0.00734619
-0.00446264
-0.0034328
-0.00679694
-0.0146237
-0.0236177
-0.0281489
-0.0245102
-0.0132506
0.000411936
0.0102984
0.012564
0.0074835
-0.00116715
-0.008582
-0.0117402
-0.010779
-0.00830737
-0.00714022
-0.00823872
-0.0107103
-0.0133193
-0.0150357
-0.0154476
-0.0146924
-0.0135939
-0.0127014
-0.0116029
-0.00940587
-0.00624769
-0.00350145
-0.00226565
-0.00205968
-0.00178506
-0.000755216
-0.000137312
-0.00137312
-0.00521785
-0.0107103
-0.0157909
-0.0187431
-0.0184685
-0.014967
-0.00926856
-0.00254027
0.00411936
0.00974915
0.0129073
0.012564
0.00954318
0.00562979
0.00178506
-0.00329549
-0.0105044
-0.0180565
-0.0223818
-0.0219699
-0.0184685
-0.0142804
-0.0107103
-0.00782678
-0.00590441
-0.00535517
-0.00604173
-0.00727753
-0.00823872
-0.00906259
-0.0103671
-0.0120835
-0.0130446
-0.0121521
-0.00995512
-0.00803275
-0.00665963
-0.00459995
-0.00164774
0.000205968
-0.00116715
-0.00528651
-0.00913124
-0.0100924
-0.00803275
-0.00459995
-0.00178506
-0.000892528
-0.00254027
-0.00597307
-0.00892528
-0.00926856
-0.00659097
-0.00260893
0.000823872
0.00329549
0.00617904
0.0106417
0.0159968
0.0188804
0.0159282
0.00734619
-0.00322683
-0.0108476
-0.0128387
-0.0100238
-0.00631635
-0.00597307
-0.0103671
-0.017164
-0.0218326
-0.0208714
-0.0142118
-0.00466861
0.00336414
0.00645366
0.00432533
-6.8656e-05
-0.00288355
-0.00212834
0.00068656
0.00281489
0.00205968
-0.00212834
-0.00844468
-0.0140745
-0.0157222
-0.0115342
-0.00329549
0.00446264
0.00720888
0.00336414
-0.00439398
-0.0115342
-0.0140745
-0.0111223
-0.00528651
-0.00116715
-0.00205968
-0.00714022
-0.0123581
-0.0135939
-0.0098178
-0.00377608
0.000823872
0.00226565
0.00199102
0.00226565
0.00377608
0.00473726
0.00336414
-0.000892528
-0.00659097
-0.0117402
-0.0144864
-0.0143491
-0.0121521
-0.00933721
-0.00707156
-0.00583576
-0.00542382
-0.00556113
-0.00590441
-0.00604173
-0.00562979
-0.00418801
-0.00212834
-0.000549248
-0.000892528
-0.00377608
-0.00885662
-0.0146237
-0.0188117
-0.0190177
-0.0155162
-0.0113969
-0.0102297
-0.0127014
-0.0159282
-0.0165461
-0.0138685
-0.00961184
-0.00494323
0.000137312
0.00611038
0.0116715
0.0137998
0.0102984
0.00205968
-0.00720888
-0.012976
-0.012976
-0.00878796
-0.00508054
-0.00597307
-0.0120148
-0.0194983
-0.0236177
-0.0220386
-0.0166834
-0.0111909
-0.00851334
-0.00926856
-0.0116715
-0.0130446
-0.0113282
-0.00693425
-0.00205968
0.0010985
0.00260893
0.00391339
0.00521785
0.00501189
0.0023343
-0.00164774
-0.00439398
-0.00466861
-0.00384473
-0.00411936
-0.00679694
-0.0112596
-0.0157909
-0.0184685
-0.0182625
-0.0153789
-0.0109163
-0.00617904
-0.00260893
-0.000617904
0.00068656
0.00212834
0.00308952
0.00240296
0.000274624
-0.00157909
-0.00157909
-6.8656e-05
0.00137312
0.00157909
0.000755216
-6.8656e-05
-0.000480592
-0.0010985
-0.00302086
-0.00665963
-0.010779
-0.0135939
-0.0140745
-0.0121521
-0.00844468
-0.00384473
0.00034328
0.00247161
0.00178506
-0.00164774
-0.00700291
-0.0124267
-0.0154476
-0.0140058
-0.00865065
-0.00274624
-0.000617904
-0.00377608
-0.0100238
-0.0144178
-0.0136625
-0.00823872
-0.00192237
0.00102984
-0.00102984
-0.0068656
-0.0134566
-0.0175759
-0.0174386
-0.0138685
-0.00933721
-0.00597307
-0.00418801
-0.00315817
-0.00157909
0.00123581
0.00453129
0.00542382
0.00164774
-0.00556113
-0.0118775
-0.0135939
-0.010779
-0.00672828
-0.00459995
-0.00473726
-0.00542382
-0.00556113
-0.00528651
-0.0051492
-0.00466861
-0.00267758
0.00144178
0.00638501
0.0098178
0.00940587
0.00432533
-0.00315817
-0.00865065
-0.00789544
-0.000205968
0.010985
0.0194983
0.0199789
0.0112596
-0.00274624
-0.0155849
-0.0217639
-0.0197729
-0.0131819
-0.00775812
-0.00741484
-0.0118775
-0.0173013
-0.0194983
-0.0166147
-0.00961184
-0.00123581
0.0051492
0.00768947
0.00631635
0.00219699
-0.00322683
-0.00926856
-0.014761
-0.0181252
-0.0176446
-0.012976
-0.00556113
0.0023343
0.00906259
0.0134566
0.0139372
0.00988646
0.00178506
-0.008582
-0.0186058
-0.0260893
-0.0295221
-0.0284922
-0.0232057
-0.0159282
-0.0101611
-0.00906259
-0.0118088
-0.0144178
-0.0131133
-0.00844468
-0.00432533
-0.00391339
-0.00659097
-0.00913124
-0.00933721
-0.00707156
-0.00384473
-0.00130446
-0.000480592
-0.0023343
-0.00693425
-0.0122208
-0.015173
-0.0137312
-0.00892528
-0.00384473
-0.00130446
-0.00164774
-0.00322683
-0.00480592
-0.00549248
-0.00508054
-0.00336414
-0.000617904
0.00205968
0.00302086
0.00185371
0
0.000137312
0.0034328
0.00768947
0.00933721
0.0068656
0.00240296
-0.000411936
0.000137312
0.00308952
0.00652232
0.00899393
0.00988646
0.00988646
0.00947452
0.00817006
0.00446264
-0.00192237
-0.00844468
-0.0116029
-0.00968049
-0.00446264
0.000205968
0.00137312
-0.000892528
-0.00466861
-0.00817006
-0.0107103
-0.0120148
-0.0119461
-0.0103671
-0.00741484
-0.00370742
-0.000755216
-0.000549248
-0.00377608
-0.00817006
-0.00961184
-0.00473726
0.00556113
0.0166147
0.0229997
0.0217639
0.0135939
0.00151043
-0.00988646
-0.0165461
-0.0168207
-0.012564
-0.00727753
-0.00425667
-0.00459995
-0.00727753
-0.00988646
-0.010573
-0.0091999
-0.00796409
-0.00906259
-0.012564
-0.0162715
-0.0176446
-0.0158595
-0.0119461
-0.00803275
-0.00617904
-0.00720888
-0.0104357
-0.0134566
-0.0140745
-0.0116715
-0.00796409
-0.00556113
-0.00645366
-0.0098178
-0.0129073
-0.0131819
-0.0105044
-0.00659097
-0.00322683
-0.00102984
0.000137312
0.000549248
0
-0.00157909
-0.00350145
-0.00466861
-0.00501189
-0.00556113
-0.00755216
-0.0106417
-0.01277
-0.0118775
-0.00734619
-0.000755216
0.00418801
0.00350145
-0.00459995
-0.0170953
-0.0269818
-0.0278057
-0.0186058
-0.00521785
0.00432533
0.00597307
0.00178506
-0.00363877
-0.00768947
-0.010985
-0.0148983
-0.0187431
-0.0208028
-0.0201849
-0.0179192
-0.0152416
-0.0124954
-0.00906259
-0.00562979
-0.00411936
-0.00611038
-0.0101611
-0.0124267
-0.00892528
0.00034328
0.0111223
0.017164
0.0148297
0.00528651
-0.00597307
-0.0131819
-0.0143491
-0.0126327
-0.0128387
-0.0170953
-0.0227938
-0.0256773
-0.0242356
-0.021146
-0.019567
-0.0190864
-0.0167521
-0.0112596
-0.00528651
-0.00322683
-0.00672828
-0.0134566
-0.019155
-0.0210087
-0.0190177
-0.0152416
-0.0120835
-0.0113282
-0.0133193
-0.0162028
-0.0172326
-0.0139372
-0.00659097
0.00144178
0.00597307
0.00508054
0.000274624
-0.00508054
-0.00885662
-0.0113282
-0.0137312
-0.0164774
-0.018949
-0.0200475
-0.019155
-0.0160655
-0.010779
-0.00432533
0.00164774
0.00549248
0.00714022
0.00762081
0.00775812
0.00755216
0.00700291
0.00665963
0.0074835
0.00871931
0.00844468
0.00528651
-0.000137312
-0.00473726
-0.0057671
-0.00295221
0.000823872
0.00192237
-0.00102984
-0.00611038
-0.0100238
-0.0111223
-0.0101611
-0.0091999
-0.00885662
-0.00775812
-0.00453129
0.000274624
0.00418801
0.00480592
0.00151043
-0.00418801
-0.00974915
-0.012564
-0.010779
-0.00473726
0.00281489
0.00830737
0.00968049
0.00727753
0.00240296
-0.00398205
-0.0104357
-0.0145551
-0.0139372
-0.0081014
0.00123581
0.0105044
0.0160655
0.0153789
0.00865065
-0.00151043
-0.0111223
-0.0173013
-0.0192237
-0.0175073
-0.0137998
-0.00940587
-0.00583576
-0.00425667
-0.0057671
-0.00933721
-0.0123581
-0.0118088
-0.00734619
-0.00130446
0.00302086
0.0034328
-0.000205968
-0.00583576
-0.0103671
-0.0113969
-0.00906259
-0.00624769
-0.00549248
-0.00707156
-0.0091999
-0.0101611
-0.00968049
-0.00796409
-0.00562979
-0.00308952
-0.00116715
-0.000411936
-0.00130446
-0.00336414
-0.0057671
-0.00789544
-0.00968049
-0.0103671
-0.00913124
-0.00597307
-0.00247161
-0.000892528
-0.00205968
-0.00535517
-0.00913124
-0.0116715
-0.0116029
-0.00851334
-0.00329549
0.00219699
0.0057671
0.0057671
0.00185371
-0.00521785
-0.0133193
-0.0194983
-0.0203908
-0.0143491
-0.00288355
0.00906259
0.0157222
0.0136625
0.00439398
-0.00707156
-0.0153103
-0.017164
-0.0130446
-0.00583576
0.000617904
0.00377608
0.00267758
-0.00185371
-0.00762081
-0.0117402
-0.0119461
-0.0081014
-0.00240296
0.00226565
0.00425667
0.0034328
0.000549248
-0.00384473
-0.00933721
-0.0148297
-0.0182625
-0.0175759
-0.0120148
-0.00329549
0.00501189
0.00933721
0.0081014
0.00295221
-0.00288355
-0.00659097
-0.00768947
-0.00741484
-0.0068656
-0.00611038
-0.00466861
-0.00302086
-0.00219699
-0.00260893
-0.00336414
-0.00370742
-0.00411936
-0.00597307
-0.0102297
-0.0159282
-0.0205281
-0.021352
-0.0173013
-0.010573
-0.00604173
-0.0081014
-0.0160655
-0.023755
-0.0243729
-0.0163401
-0.00432533
0.00453129
0.00604173
0.00123581
-0.00562979
-0.0106417
-0.012564
-0.0124954
-0.0120148
-0.0120148
-0.0129073
-0.0140058
-0.0138685
-0.0113969
-0.00727753
-0.0034328
-0.0017164
-0.00295221
-0.00624769
-0.0104357
-0.0140745
-0.0164088
-0.0167521
-0.0146237
-0.0102984
-0.00528651
-0.00192237
-0.00123581
-0.00254027
-0.00439398
-0.00597307
-0.0068656
-0.00638501
-0.00391339
-0.000205968
0.00281489
0.00288355
-0.000755216
-0.00672828
-0.0121521
-0.0142118
-0.01277
-0.010573
-0.0103671
-0.0124954
-0.0142804
-0.0133879
-0.00961184
-0.00480592
-0.000961184
0.000480592
-0.000823872
-0.00384473
-0.00645366
-0.00741484
-0.0068656
-0.00631635
-0.00775812
-0.0120148
-0.0170267
-0.0183311
-0.0123581
-0.000892528
0.00947452
0.0124267
0.00720888
-0.00185371
-0.00954318
-0.0139372
-0.0159282
-0.0170267
-0.0176446
-0.0175073
-0.0167521
-0.0153789
-0.0131133
-0.00947452
-0.00459995
-6.8656e-05
0.0017164
-0.000549248
-0.00556113
-0.0104357
-0.01277
-0.0122894
-0.0100924
-0.0074835
-0.00473726
-0.00178506
0.000617904
0.000205968
-0.00459995
-0.0118775
-0.0164774
-0.0137998
-0.00411936
0.00720888
0.0133193
0.0102297
-0.0010985
-0.0159968
-0.0284236
-0.0335728
-0.0300027
-0.0197729
-0.00851334
-0.00240296
-0.00432533
-0.0118775
-0.0190864
-0.0212147
-0.0179192
-0.0123581
-0.0081014
-0.00707156
-0.00899393
-0.0118088
-0.0132506
-0.0129073
-0.0117402
-0.0111909
-0.010985
-0.0100924
-0.00817006
-0.00597307
-0.00466861
-0.00453129
-0.00508054
-0.00508054
-0.00377608
-0.00144178
0.00130446
0.00384473
0.00549248
0.0057671
0.00446264
0.00199102
-0.000205968
-0.00151043
-0.00199102
-0.00281489
-0.00446264
-0.00659097
-0.00885662
-0.0107103
-0.0110536
-0.008582
-0.00302086
0.00336414
0.00714022
0.00569845
-6.8656e-05
-0.00672828
-0.0109163
-0.0114655
-0.00988646
-0.00878796
-0.0100924
-0.0142118
-0.019567
-0.0232744
-0.0228624
-0.0183311
-0.01277
-0.00954318
-0.0098178
-0.0118088
-0.0123581
-0.00954318
-0.00391339
0.00157909
0.00411936
0.00329549
0.00144178
0.00102984
0.00247161
0.00377608
0.00247161
-0.00164774
-0.00693425
-0.0113282
-0.0135252
-0.0131819
-0.0110536
-0.00830737
-0.00638501
-0.00631635
-0.00768947
-0.00940587
-0.0107103
-0.0118775
-0.0137312
-0.0159968
-0.0172326
-0.0159282
-0.0120148
-0.00734619
-0.00459995
-0.00508054
-0.00789544
-0.0106417
-0.0112596
-0.0098178
-0.0074835
-0.0051492
-0.00329549
-0.00260893
-0.0040507
-0.0074835
-0.0108476
-0.0118775
-0.00968049
-0.0057671
-0.00267758
-0.00185371
-0.00288355
-0.00446264
-0.00631635
-0.00837603
-0.0100238
-0.00988646
-0.00707156
-0.00260893
0.0017164
0.00480592
0.00611038
0.00590441
0.00501189
0.00425667
0.00432533
0.00466861
0.00425667
0.00199102
-0.00247161
-0.008582
-0.0148297
-0.019567
-0.0220386
-0.0222445
-0.0207341
-0.0183311
-0.0162715
-0.0159968
-0.01737
-0.0185371
-0.017164
-0.012564
-0.00638501
-0.00116715
0.00116715
-0.000137312
-0.00446264
-0.0105044
-0.0164774
-0.0209401
-0.0223132
-0.0190177
-0.0113282
-0.00205968
0.00425667
0.0051492
0.00151043
-0.00329549
-0.00734619
-0.0105044
-0.0133193
-0.0154476
-0.0157222
-0.0138685
-0.0111909
-0.0104357
-0.012976
-0.0173013
-0.0194983
-0.0165461
-0.00885662
-0.000549248
0.00398205
0.00254027
-0.00329549
-0.00940587
-0.0121521
-0.0109163
-0.00789544
-0.00569845
-0.0057671
-0.00789544
-0.0111909
-0.0148297
-0.0179879
-0.0197729
-0.0199789
-0.0188117
-0.0168894
-0.014761
-0.012976
-0.0124267
-0.0133879
-0.0145551
-0.0141431
-0.0115342
-0.00830737
-0.00672828
-0.00762081
-0.00968049
-0.0110536
-0.0105044
-0.00817006
-0.00501189
-0.00219699
-0.0010985
-0.00267758
-0.00714022
-0.0137998
-0.0207341
-0.0252654
-0.0250594
-0.0199789
-0.0121521
-0.0051492
-0.00151043
-0.00185371
-0.00549248
