LECROYHDO9204-MSöv,30454,Waveform
Segments,1,SegmentSize,2002
Ampl
-0.0129073
-0.0131819
-0.0118775
-0.00878796
-0.00432533
0.000274624
0.00247161
6.8656e-05
-0.00741484
-0.01737
-0.0250594
-0.0262266
-0.0201162
-0.0110536
-0.00508054
-0.00480592
-0.0074835
-0.0081014
-0.00508054
-0.000823872
0.00116715
0.00068656
0.00068656
0.00425667
0.010779
0.0158595
0.0146924
0.00604173
-0.00665963
-0.0181252
-0.0247161
-0.0268445
-0.0267072
-0.025746
-0.0231371
-0.0175759
-0.00947452
-0.00130446
0.00315817
0.00137312
-0.00611038
-0.0163401
-0.0249908
-0.0280803
-0.023343
-0.0118088
0.00199102
0.0118775
0.0139372
0.00892528
0.0010985
-0.00459995
-0.00556113
-0.00205968
0.00295221
0.00617904
0.00528651
0.000274624
-0.00665963
-0.0124954
-0.0153103
-0.0148297
-0.0119461
-0.00796409
-0.00411936
-0.0017164
-0.0017164
-0.00432533
-0.008582
-0.0123581
-0.012976
-0.00892528
-0.00164774
0.00473726
0.00562979
-0.00034328
-0.010985
-0.0223132
-0.0302773
-0.0327489
-0.029728
-0.0236177
-0.0177132
-0.0144864
-0.0143491
-0.0161342
-0.0183311
-0.0200475
-0.021352
-0.0225878
-0.0229997
-0.0210087
-0.0154476
-0.00789544
-0.0017164
0
-0.00363877
-0.010779
-0.0185371
-0.0242356
-0.0262952
-0.0251967
-0.0226565
-0.0208714
-0.0209401
-0.0223818
-0.0240982
-0.02554
-0.0265012
-0.0267758
-0.025746
-0.0229997
-0.0184685
-0.0127014
-0.00652232
-0.00205968
-0.0051492
-0.0276684
-0.0868498
-0.198072
-0.363396
-0.563185
-0.761669
-0.922805
-1.02696
-1.0768
-1.09101
-1.09225
-1.09705
-1.11168
-1.13372
-1.1563
-1.17306
-1.18102
-1.18129
-1.17745
-1.17354
-1.17168
-1.17209
-1.17285
-1.1712
-1.16461
-1.1526
-1.13763
-1.12369
-1.1136
-1.10831
-1.10653
-1.10536
-1.10138
-1.09245
-1.08016
-1.06863
-1.06135
-1.05916
-1.06087
-1.06513
-1.07138
-1.07859
-1.08511
-1.08984
-1.09273
-1.09541
-1.09953
-1.1055
-1.11168
-1.1158
-1.11724
-1.11744
-1.11847
-1.12122
-1.12513
-1.12905
-1.13241
-1.13481
-1.13591
-1.13509
-1.13248
-1.12946
-1.12788
-1.12788
-1.12774
-1.12575
-1.1215
-1.11573
-1.10976
-1.10529
-1.10364
-1.10454
-1.10605
-1.10632
-1.10564
-1.10598
-1.10845
-1.11202
-1.1147
-1.1149
-1.1125
-1.10866
-1.10543
-1.10495
-1.10776
-1.11243
-1.11607
-1.11655
-1.11367
-1.10948
-1.10728
-1.10907
-1.11463
-1.12211
-1.13001
-1.13708
-1.14175
-1.14175
-1.13509
-1.12122
-1.10083
-1.07447
-1.04192
-1.00265
-0.956584
-0.905229
-0.850922
-0.796547
-0.74375
-0.692739
-0.642551
-0.591883
-0.539979
-0.487389
-0.434867
-0.3831
-0.332638
-0.28451
-0.240639
-0.202878
-0.171983
-0.147885
-0.130172
-0.118363
-0.110536
-0.104357
-0.0979034
-0.0909005
-0.0845842
-0.0799842
-0.0766887
-0.0731873
-0.0679008
-0.0608978
-0.0537576
-0.049089
-0.0487457
-0.0523845
-0.057465
-0.0608978
-0.0613784
-0.0602799
-0.0601426
-0.0619277
-0.0641933
-0.0648112
-0.0624083
-0.0576024
-0.0521785
-0.0483338
-0.0470293
-0.047304
-0.0471667
-0.0452443
-0.0415369
-0.0372802
-0.0339847
-0.032337
-0.0316504
-0.0303459
-0.0278057
-0.0250594
-0.0238923
-0.0251281
-0.0278057
-0.0302086
-0.0310325
-0.0298653
-0.0274624
-0.0247848
-0.0227938
-0.0228624
-0.0262952
-0.0332295
-0.0417428
-0.0479905
-0.0486084
-0.04291
-0.0332981
-0.0245102
-0.0204595
-0.0216953
-0.0251281
-0.0261579
-0.0225878
-0.0164088
-0.0117402
-0.0108476
-0.0133193
-0.0167521
-0.019361
-0.0207341
-0.021558
-0.0225878
-0.023549
-0.0238236
-0.0232057
-0.0220386
-0.0201162
-0.0167521
-0.0126327
-0.0098178
-0.0100924
-0.0133193
-0.0175759
-0.0203908
-0.0201849
-0.0168894
-0.0130446
-0.0116715
-0.0136625
-0.0165461
-0.0166834
-0.012976
-0.00720888
-0.00144178
0.00315817
0.00638501
0.00768947
0.00604173
0.000961184
-0.00638501
-0.0140745
-0.0203908
-0.0249908
-0.0282863
-0.0300027
-0.0293848
-0.0258146
-0.0200475
-0.0133193
-0.0068656
-0.00226565
-0.00102984
-0.00391339
-0.0098178
-0.0157909
-0.0188117
-0.0179879
-0.014761
-0.0119461
-0.0111223
-0.0118775
-0.012564
-0.0120148
-0.0104357
-0.00851334
-0.00645366
-0.00363877
-6.8656e-05
0.00254027
0.00185371
-0.00336414
-0.0113282
-0.0184685
-0.0216953
-0.0201849
-0.0157222
-0.0108476
-0.00707156
-0.00453129
-0.00308952
-0.00288355
-0.00439398
-0.00775812
-0.0124954
-0.0174386
-0.0210774
-0.0223132
-0.0214207
-0.0197043
-0.0182625
-0.0168894
-0.0146237
-0.0120835
-0.0113282
-0.0138685
-0.0183311
-0.0208714
-0.0182625
-0.0111909
-0.00384473
-0.000480592
-0.00267758
-0.008582
-0.0146924
-0.0175073
-0.0158595
-0.0113969
-0.00714022
-0.0051492
-0.00508054
-0.00508054
-0.00384473
-0.000892528
0.0034328
0.00727753
0.00837603
0.00542382
-0.00034328
-0.00611038
-0.00995512
-0.0118775
-0.0127014
-0.0131819
-0.0131819
-0.0116715
-0.00782678
-0.00205968
0.00295221
0.00357011
-0.00178506
-0.0105044
-0.0175073
-0.0190177
-0.0151043
-0.0091999
-0.00528651
-0.00473726
-0.00542382
-0.00453129
-0.000892528
0.00391339
0.00707156
0.00679694
0.00329549
-0.00157909
-0.00617904
-0.00926856
-0.010779
-0.0115342
-0.0133193
-0.0170267
-0.0216266
-0.0250594
-0.0253341
-0.0225192
-0.0179879
-0.0132506
-0.00954318
-0.00789544
-0.00892528
-0.0122208
-0.0162028
-0.0190177
-0.0194296
-0.0170953
-0.0128387
-0.00871931
-0.00672828
-0.00741484
-0.00933721
-0.0105044
-0.0100238
-0.0081014
-0.00542382
-0.00315817
-0.00199102
-0.00164774
-0.000961184
0.00034328
0.00123581
0.00034328
-0.00192237
-0.00439398
-0.00590441
-0.00611038
-0.00459995
-0.00137312
0.00267758
0.00583576
0.00700291
0.00652232
0.00556113
0.00480592
0.00411936
0.0034328
0.0023343
0.000823872
-0.000411936
-0.00068656
-0.000274624
-6.8656e-05
-0.00068656
-0.00178506
-0.00226565
-0.00157909
-0.000205968
0.00102984
0.00144178
0.000205968
-0.00295221
-0.0081014
-0.0139372
-0.0179192
-0.0178506
-0.0134566
-0.00714022
-0.00240296
-0.00123581
-0.00315817
-0.00604173
-0.00755216
-0.00638501
-0.00302086
-6.8656e-05
0.000274624
-0.00274624
-0.00775812
-0.0129073
-0.017164
-0.0203908
-0.0227938
-0.0236177
-0.021352
-0.0152416
-0.00720888
-0.000755216
0.00123581
-0.000823872
-0.00377608
-0.00446264
-0.00192237
0.00254027
0.00611038
0.00645366
0.00308952
-0.00199102
-0.00562979
-0.00617904
-0.00508054
-0.00583576
-0.0110536
-0.0201849
-0.0292474
-0.0337101
-0.0311012
-0.0225878
-0.0116029
-0.00123581
0.00638501
0.00947452
0.00665963
-0.00144178
-0.0116715
-0.0201162
-0.0242356
-0.023343
-0.0190864
-0.0141431
-0.010985
-0.00974915
-0.00878796
-0.00645366
-0.0034328
-0.00205968
-0.00377608
-0.00782678
-0.0117402
-0.0135939
-0.0131133
-0.0111909
-0.00871931
-0.00707156
-0.00741484
-0.0101611
-0.0130446
-0.0124954
-0.00707156
0.00068656
0.00604173
0.00624769
0.00199102
-0.00446264
-0.0108476
-0.0155162
-0.0177132
-0.0181938
-0.0186744
-0.0196356
-0.0197043
-0.0175759
-0.0131133
-0.00837603
-0.00665963
-0.0102984
-0.0181938
-0.0254027
-0.0260893
-0.0178506
-0.00439398
0.00714022
0.0111909
0.00693425
-0.00151043
-0.00851334
-0.0106417
-0.00817006
-0.00377608
0
0.00219699
0.00281489
0.00240296
0.0017164
0.00144178
0.00185371
0.00226565
0.0023343
0.00240296
0.00302086
0.00391339
0.00308952
-0.00151043
-0.00906259
-0.0155849
-0.0175073
-0.0148297
-0.010779
-0.008582
-0.00851334
-0.00933721
-0.00995512
-0.0101611
-0.0100924
-0.00974915
-0.00995512
-0.0112596
-0.0122894
-0.0106417
-0.00508054
0.00205968
0.00659097
0.00590441
0.000480592
-0.00659097
-0.0113969
-0.0118088
-0.00892528
-0.00604173
-0.00617904
-0.00968049
-0.0139372
-0.0158595
-0.0144864
-0.0110536
-0.0074835
-0.00473726
-0.00288355
-0.00199102
-0.00240296
-0.00329549
-0.00240296
0.00137312
0.0051492
0.00377608
-0.00473726
-0.0168894
-0.0270505
-0.0320623
-0.0321996
-0.0288355
-0.0219699
-0.0115342
0.000137312
0.0081014
0.00762081
-0.0010985
-0.0118088
-0.0163401
-0.0115342
-0.00144178
0.00597307
0.00556113
-0.00157909
-0.00968049
-0.0131819
-0.0105044
-0.00446264
0.00034328
0.000549248
-0.00370742
-0.00961184
-0.0140058
-0.0154476
-0.0148983
-0.0144178
-0.0154476
-0.0177819
-0.0202535
-0.0216266
-0.021146
-0.0190864
-0.0163401
-0.0137312
-0.0116029
-0.0098178
-0.00865065
-0.00851334
-0.00961184
-0.0111909
-0.0117402
-0.00961184
-0.00446264
0.00240296
0.00803275
0.00961184
0.00611038
-0.000823872
-0.00775812
-0.0119461
-0.012564
-0.0109163
-0.00871931
-0.00734619
-0.00707156
-0.00768947
-0.00899393
-0.0112596
-0.0142804
-0.0164774
-0.0155162
-0.0106417
-0.0034328
0.00308952
0.00617904
0.00508054
0.000961184
-0.00308952
-0.00425667
-0.0017164
0.00267758
0.00590441
0.0051492
-0.0010985
-0.0121521
-0.0250594
-0.0352205
-0.0389279
-0.0351519
-0.0260893
-0.0156536
-0.00700291
-0.00192237
0
0.000205968
0.00034328
0.00137312
0.00281489
0.00384473
0.00439398
0.00473726
0.00508054
0.00480592
0.00281489
-0.0010985
-0.00535517
-0.00768947
-0.00707156
-0.00459995
-0.00267758
-0.00267758
-0.00398205
-0.00521785
-0.00562979
-0.00521785
-0.00398205
-0.00157909
0.00164774
0.00363877
0.0017164
-0.00466861
-0.012564
-0.0175759
-0.0177819
-0.0146924
-0.0111223
-0.00865065
-0.00652232
-0.00384473
-0.00130446
-0.000617904
-0.00308952
-0.00837603
-0.0143491
-0.0185371
-0.0188804
-0.014967
-0.00796409
-0.000755216
0.00357011
0.00357011
0.000480592
-0.00274624
-0.00466861
-0.00562979
-0.00659097
-0.00714022
-0.00569845
-0.00157909
0.00370742
0.00665963
0.00459995
-0.00226565
-0.0110536
-0.0183998
-0.0227251
-0.0236177
-0.021146
-0.0157222
-0.0091999
-0.00384473
-0.00130446
-0.00123581
-0.00247161
-0.00391339
-0.00583576
-0.00892528
-0.0131133
-0.0164088
-0.0162715
-0.0114655
-0.00398205
0.00295221
0.00665963
0.00645366
0.00254027
-0.00439398
-0.0122208
-0.0181252
-0.019567
-0.0164088
-0.010779
-0.00590441
-0.00446264
-0.00659097
-0.0103671
-0.012564
-0.0107103
-0.00425667
0.00439398
0.0103671
0.00899393
-0.000480592
-0.0133193
-0.0219699
-0.0219699
-0.014967
-0.00707156
-0.00384473
-0.00659097
-0.0120148
-0.0154476
-0.0143491
-0.00974915
-0.00453129
-0.00130446
-0.00151043
-0.00528651
-0.0114655
-0.0164088
-0.0166834
-0.0113969
-0.00398205
0.000961184
0.0010985
-0.00254027
-0.0068656
-0.00906259
-0.00768947
-0.00363877
0.000755216
0.00350145
0.00377608
0.0017164
-0.00260893
-0.00796409
-0.0119461
-0.0122208
-0.0091999
-0.00590441
-0.00521785
-0.00707156
-0.00817006
-0.00569845
6.8656e-05
0.00611038
0.00913124
0.00830737
0.00473726
0.000137312
-0.0040507
-0.00679694
-0.00796409
-0.0081014
-0.00796409
-0.00823872
-0.008582
-0.00817006
-0.00638501
-0.00384473
-0.00178506
-0.000823872
-0.000961184
-0.0017164
-0.00281489
-0.00418801
-0.00542382
-0.00645366
-0.00762081
-0.0100924
-0.0138685
-0.01737
-0.0176446
-0.0127014
-0.00267758
0.00933721
0.0188804
0.0224505
0.0197729
0.0135939
0.00693425
0.00137312
-0.00288355
-0.00624769
-0.00892528
-0.0108476
-0.0114655
-0.0100238
-0.00693425
-0.00425667
-0.00432533
-0.00830737
-0.014967
-0.021558
-0.0254027
-0.0249908
-0.0205281
-0.0132506
-0.00521785
0.00102984
0.00425667
0.00508054
0.00501189
0.00480592
0.00377608
0.000823872
-0.00446264
-0.0113969
-0.0179192
-0.0214207
-0.0199789
-0.0139372
-0.00652232
-0.00219699
-0.00350145
-0.00954318
-0.0164774
-0.0199789
-0.0183311
-0.0128387
-0.00700291
-0.00398205
-0.00439398
-0.00604173
-0.00604173
-0.00357011
0.000480592
0.00459995
0.00762081
0.00775812
0.00391339
-0.00322683
-0.0111223
-0.0168894
-0.0187431
-0.0165461
-0.0120148
-0.00775812
-0.00624769
-0.00789544
-0.0113282
-0.015173
-0.0181252
-0.018949
-0.0170267
-0.0132506
-0.0103671
-0.0100924
-0.0118088
-0.01277
-0.0113969
-0.00871931
-0.00693425
-0.0068656
-0.0081014
-0.00961184
-0.0109163
-0.0116029
-0.0116029
-0.010985
-0.0106417
-0.0113969
-0.0135939
-0.0162028
-0.0175073
-0.0163401
-0.0134566
-0.0112596
-0.0117402
-0.0140745
-0.015173
-0.01277
-0.00803275
-0.00480592
-0.00597307
-0.0103671
-0.0138685
-0.0133879
-0.00954318
-0.0057671
-0.00583576
-0.0104357
-0.0170953
-0.0220386
-0.0229311
-0.0206654
-0.0176446
-0.0155162
-0.0139372
-0.0117402
-0.00913124
-0.00782678
-0.00940587
-0.0137998
-0.0183998
-0.019155
-0.0131819
-0.00226565
0.00865065
0.0142804
0.012976
0.00659097
-0.00157909
-0.00865065
-0.0134566
-0.0158595
-0.0161342
-0.0153789
-0.0155162
-0.01737
-0.0192923
-0.0177819
-0.0124267
-0.0068656
-0.0057671
-0.00954318
-0.0138685
-0.0139372
-0.00885662
-0.00226565
0.00137312
0.00068656
-0.00219699
-0.00425667
-0.00439398
-0.00384473
-0.00363877
-0.00370742
-0.00336414
-0.00267758
-0.00260893
-0.00363877
-0.00556113
-0.00762081
-0.00947452
-0.0103671
-0.0100238
-0.00906259
-0.008582
-0.00885662
-0.00913124
-0.00844468
-0.00638501
-0.00329549
0.000205968
0.00281489
0.00308952
0.000755216
-0.00322683
-0.00727753
-0.00974915
-0.0100238
-0.008582
-0.00720888
-0.00720888
-0.00899393
-0.0116029
-0.0136625
-0.0137312
-0.010985
-0.00562979
0.00123581
0.00844468
0.0153103
0.0203908
0.0210087
0.015173
0.00439398
-0.00679694
-0.0142118
-0.0168207
-0.0157222
-0.0120835
-0.00624769
0.000755216
0.00741484
0.0119461
0.0124954
0.0081014
0
-0.00871931
-0.0148297
-0.01737
-0.01737
-0.0163401
-0.0145551
-0.0119461
-0.00871931
-0.0057671
-0.0034328
-0.00157909
0.000137312
0.00157909
0.00212834
0.000961184
-0.00281489
-0.00892528
-0.0146924
-0.0168207
-0.0137312
-0.00741484
-0.00137312
0.0023343
0.00432533
0.00611038
0.00768947
0.00720888
0.00274624
-0.00528651
-0.0138685
-0.0186744
-0.0166147
-0.008582
0.000961184
0.00679694
0.00720888
0.00411936
0.000549248
-0.00199102
-0.00363877
-0.00494323
-0.00535517
-0.00357011
0.000617904
0.00418801
0.00267758
-0.0057671
-0.0177132
-0.0267758
-0.0281489
-0.0218326
-0.0123581
-0.00535517
-0.00432533
-0.00851334
-0.0139372
-0.0164088
-0.0150357
-0.0124267
-0.0114655
-0.01277
-0.0142804
-0.0140058
-0.0114655
-0.00755216
-0.00432533
-0.00363877
-0.00638501
-0.0115342
-0.0158595
-0.0159968
-0.0107103
-0.00281489
0.00302086
0.00398205
0.000823872
-0.00322683
-0.00556113
-0.00535517
-0.00357011
-0.0023343
-0.00357011
-0.00741484
-0.0115342
-0.0131819
-0.0113282
-0.00734619
-0.0034328
-0.00116715
-0.00123581
-0.00288355
-0.0051492
-0.00741484
-0.00926856
-0.0100924
-0.00906259
-0.00672828
-0.00508054
-0.00583576
-0.0081014
-0.00940587
-0.00768947
-0.00329549
0.0017164
0.00535517
0.00645366
0.00459995
0.000755216
-0.00302086
-0.00480592
-0.00453129
-0.00418801
-0.00604173
-0.0100238
-0.0140058
-0.0161342
-0.0167521
-0.0175759
-0.018949
-0.0192923
-0.0174386
-0.0144864
-0.0129073
-0.0129073
-0.0118088
-0.00734619
-0.00068656
0.00425667
0.00432533
0.00034328
-0.00418801
-0.00604173
-0.00501189
-0.00336414
-0.00281489
-0.0034328
-0.0040507
-0.00384473
-0.00295221
-0.00205968
-0.00247161
-0.00487457
-0.0091999
-0.0140745
-0.0176446
-0.0190864
-0.0177819
-0.0131133
-0.00501189
0.00473726
0.0126327
0.0154476
0.0128387
0.00700291
0.00144178
-0.0017164
-0.00302086
-0.0051492
-0.0100238
-0.0166147
-0.0214893
-0.0217639
-0.0177819
-0.0119461
-0.00672828
-0.00377608
-0.00336414
-0.00459995
-0.00549248
-0.00453129
-0.00226565
-0.000823872
-0.00219699
-0.00672828
-0.01277
-0.0175073
-0.0186058
-0.0153103
-0.00851334
0
0.00796409
0.0131133
0.0142804
0.0119461
0.00768947
0.00274624
-0.00240296
-0.00823872
-0.014967
-0.021558
-0.0256773
-0.0254027
-0.0205968
-0.0131133
-0.00562979
-0.000205968
0.0023343
0.00212834
-6.8656e-05
-0.00281489
-0.00494323
-0.00631635
-0.00679694
-0.00556113
-0.00157909
0.00391339
0.00762081
0.00638501
0.000274624
-0.00768947
-0.0139372
-0.0164088
-0.0155849
-0.0132506
-0.0104357
-0.00762081
-0.00569845
-0.00604173
-0.00933721
-0.0137998
-0.0168894
-0.0173013
-0.0155162
-0.0131819
-0.0113969
-0.0107103
-0.0108476
-0.0116029
-0.0126327
-0.0133193
-0.0126327
-0.0101611
-0.00707156
-0.00556113
-0.00679694
-0.010573
-0.014967
-0.0173013
-0.0153103
-0.00906259
-0.00144178
0.00295221
0.00137312
-0.00425667
-0.00954318
-0.0111909
-0.00885662
-0.00487457
-0.00212834
-0.0023343
-0.00535517
-0.0091999
-0.0111223
-0.0100924
-0.00638501
-0.00151043
0.00226565
0.00274624
-0.000892528
-0.00659097
-0.0109163
-0.0116029
-0.00899393
-0.00480592
-0.00116715
0.00034328
-0.00068656
-0.00384473
-0.00768947
-0.010779
-0.0115342
-0.00851334
-0.00199102
0.0057671
0.0111909
0.0113282
0.00521785
-0.00473726
-0.0132506
-0.0155849
-0.0110536
-0.00350145
0.00212834
0.00308952
-0.000137312
-0.00473726
-0.00803275
-0.00906259
-0.00913124
-0.00988646
-0.0116029
-0.0134566
-0.0145551
-0.0144178
-0.0122894
-0.00803275
-0.00322683
-0.000549248
-0.00157909
-0.00542382
-0.00926856
-0.0104357
-0.00830737
-0.00418801
-0.00102984
-0.00185371
-0.00755216
-0.0154476
-0.0212147
-0.0216953
-0.0177819
-0.0127014
-0.00961184
-0.00926856
-0.00988646
-0.00899393
-0.00583576
-0.00157909
0.00157909
0.00212834
-0.000274624
-0.00425667
-0.00803275
-0.00995512
-0.0098178
-0.00940587
-0.010573
-0.0135252
-0.0164774
-0.0178506
-0.0173013
-0.0162028
-0.0166147
-0.019155
-0.0221072
-0.0223818
-0.0187431
-0.0137312
-0.0112596
-0.0129073
-0.0168207
-0.0197043
-0.0196356
-0.016958
-0.0135939
-0.010985
-0.00913124
-0.00693425
-0.00363877
-0.000205968
0.00144178
-0.000411936
-0.00617904
-0.0137998
-0.0199102
-0.0219699
-0.0197043
-0.015173
-0.0106417
-0.00741484
-0.00562979
-0.00487457
-0.00528651
-0.0068656
-0.00913124
-0.0106417
-0.0105044
-0.00940587
-0.00913124
-0.0103671
-0.0116715
-0.010985
-0.00803275
-0.00453129
-0.00267758
-0.00260893
-0.00288355
-0.00205968
0.000205968
0.00274624
0.00418801
0.0034328
0.000411936
-0.00391339
-0.00803275
-0.00988646
-0.0074835
-0.00123581
0.00542382
0.00817006
0.00508054
-0.00205968
-0.00974915
-0.0152416
-0.0179879
-0.0190177
-0.0196356
-0.0207341
-0.0217639
-0.021558
-0.0194296
-0.0154476
-0.0102297
-0.00398205
0.00288355
0.00906259
0.0121521
0.0104357
0.00350145
-0.00645366
-0.0158595
-0.0216953
-0.023755
-0.023549
-0.0227251
-0.0217639
-0.0205968
-0.0190864
-0.017164
-0.0144864
-0.0111909
-0.00817006
-0.00624769
-0.00542382
-0.00569845
-0.00823872
-0.0140058
-0.0216266
-0.0273937
-0.0276684
-0.0214893
-0.0113969
-0.00212834
0.00212834
0.000617904
-0.00322683
-0.00425667
0.000137312
0.0074835
0.0121521
0.00988646
0.000823872
-0.0107103
-0.019155
-0.0208028
-0.0158595
-0.00817006
-0.00240296
-0.00116715
-0.00370742
-0.00700291
-0.0081014
-0.00659097
-0.00432533
-0.0034328
-0.00466861
-0.00727753
-0.00995512
-0.0118775
-0.0123581
-0.0110536
-0.00830737
-0.00508054
-0.00247161
-0.00123581
-0.00199102
-0.00501189
-0.0100238
-0.0157909
-0.0200475
-0.0212147
-0.0194983
-0.0174386
-0.0177819
-0.0210087
-0.0245102
-0.0247161
-0.0199789
-0.0117402
-0.0034328
0.0023343
0.00432533
0.00274624
-0.00164774
-0.00768947
-0.012976
-0.0148983
-0.0120148
-0.00611038
-0.00116715
-0.00130446
-0.00782678
-0.0175073
-0.0243729
-0.0232744
-0.0133193
0.00123581
0.0130446
0.0166834
0.010985
-0.000205968
-0.0113969
-0.0181938
-0.0192237
-0.0162028
-0.0116715
-0.00734619
-0.00363877
-0.00130446
-0.00199102
-0.00665963
-0.0133193
-0.0183998
-0.019567
-0.01737
-0.0137998
-0.0100238
-0.00590441
-0.00151043
0.00192237
0.00281489
0
-0.00604173
-0.0132506
-0.018949
-0.021146
-0.018949
-0.0134566
-0.00679694
-0.00144178
0.00102984
0
-0.00363877
-0.00823872
-0.0117402
-0.01277
-0.0109163
-0.00768947
-0.00542382
-0.0057671
-0.008582
-0.0124954
-0.0160655
-0.0181252
-0.0176446
-0.0145551
-0.00995512
-0.00562979
-0.00336414
-0.00302086
-0.00336414
-0.00295221
-0.00185371
-0.00164774
-0.00377608
-0.00734619
-0.0100238
-0.00947452
-0.00549248
0.000480592
0.00569845
0.00775812
0.00562979
0.000411936
-0.00549248
-0.00995512
-0.0116029
-0.00995512
-0.00583576
-0.0010985
0.00185371
0.00144178
-0.00205968
-0.00720888
-0.0122894
-0.0159282
-0.0174386
-0.0173013
-0.0166147
-0.0158595
-0.014761
-0.0128387
-0.0102297
-0.00775812
-0.00583576
-0.00453129
-0.00370742
-0.00357011
-0.0040507
-0.00446264
-0.00357011
-0.00034328
0.00473726
0.00947452
0.0107103
0.00714022
0.00068656
-0.00535517
-0.00947452
-0.0123581
-0.0150357
-0.0168894
-0.0159282
-0.0109163
-0.00350145
0.00192237
0.00102984
-0.00700291
-0.0186058
-0.0280116
-0.0307579
-0.0261579
-0.0175759
-0.0102984
-0.00768947
-0.00885662
-0.0106417
-0.0109163
-0.0106417
-0.0117402
-0.014967
-0.0186744
-0.0201849
-0.0179192
-0.0129073
-0.00782678
-0.00501189
-0.00453129
-0.00549248
-0.00782678
-0.0126327
-0.0199102
-0.0270505
-0.0302773
-0.027737
-0.0208714
-0.0130446
-0.00775812
-0.00714022
-0.010985
-0.0166147
-0.0207341
-0.0209401
-0.0175759
-0.0132506
-0.0111223
-0.0124267
-0.0159968
-0.0192923
-0.0212834
-0.0227251
-0.0243729
-0.0256773
-0.0248535
-0.0208028
-0.0141431
-0.00679694
-0.000205968
0.00453129
0.00631635
0.00398205
-0.00185371
-0.00830737
-0.0124267
-0.0135939
-0.0131133
-0.0118775
-0.00844468
-0.00116715
0.0081014
0.0141431
0.012564
0.0040507
-0.0068656
-0.015173
-0.0186744
-0.0183998
-0.0170953
-0.0167521
-0.0173013
-0.0173013
-0.0156536
-0.0129073
-0.0104357
-0.00899393
-0.00878796
-0.0100238
-0.0124954
-0.0153103
-0.0170953
-0.0173013
-0.0160655
-0.0136625
-0.0106417
-0.00734619
-0.00398205
-0.000411936
0.00322683
0.00569845
0.0051492
0.00068656
-0.00659097
-0.0135252
-0.0166834
-0.0148983
-0.0100924
-0.00604173
-0.00549248
-0.00892528
-0.0141431
-0.0178506
-0.0177819
-0.0137998
-0.00837603
-0.00439398
-0.0034328
-0.00487457
-0.00707156
-0.00871931
-0.00974915
-0.0111223
-0.0139372
-0.0179879
-0.0221759
-0.0253341
-0.0274624
-0.0293848
-0.0308952
-0.029934
-0.0247161
-0.0153789
-0.00432533
0.00535517
0.0111223
0.0113282
0.00631635
-0.00130446
-0.00679694
-0.00611038
0.00102984
0.0102984
0.0148983
0.010573
-0.00164774
-0.0154476
-0.0240296
-0.0240296
-0.0181252
-0.0128387
-0.0132506
-0.0190864
-0.0251281
-0.0260206
-0.0203222
-0.0117402
-0.00542382
-0.00377608
-0.00535517
-0.00707156
-0.00734619
-0.00714022
-0.00844468
-0.0117402
-0.015173
-0.0165461
-0.0152416
-0.0126327
-0.010779
-0.0108476
-0.0129073
-0.0156536
-0.0170267
-0.0159282
-0.0128387
-0.00926856
-0.00638501
-0.00425667
-0.00219699
0
0.00137312
0.000274624
-0.00363877
-0.00823872
-0.010985
-0.0113969
-0.0112596
-0.0122894
-0.0144178
-0.0160655
-0.0164774
-0.0162715
-0.0164088
-0.0166834
-0.0158595
-0.0131133
-0.00865065
-0.00439398
-0.00247161
-0.00384473
-0.00693425
-0.00899393
-0.00865065
-0.00707156
-0.00659097
-0.00926856
-0.015173
-0.0221759
-0.0273937
-0.0284922
-0.0256087
-0.0200475
-0.0135939
-0.00775812
-0.00391339
-0.00308952
-0.00501189
-0.00844468
-0.0113969
-0.0122208
-0.010573
-0.0074835
-0.00473726
-0.00329549
-0.0034328
-0.00501189
-0.00741484
-0.00940587
-0.00933721
-0.00707156
-0.00459995
-0.00446264
-0.00796409
-0.0135252
-0.0175759
-0.0177132
-0.0146237
-0.0107103
-0.0074835
-0.00508054
-0.00370742
-0.00357011
-0.00501189
-0.00741484
-0.0100238
-0.0122894
-0.0136625
-0.0133879
-0.0107103
-0.00672828
-0.00384473
-0.00398205
-0.00638501
-0.00851334
-0.0091999
-0.00947452
-0.010779
-0.0124954
-0.01277
-0.0108476
-0.00892528
-0.00968049
-0.012976
-0.0154476
-0.0131133
-0.0057671
