LECROYHDO9204-MSöv,30454,Waveform
Segments,1,SegmentSize,2002
Ampl
-0.0112596
-0.0122894
-0.0118088
-0.00933721
-0.00549248
-0.00144178
0.00116715
0.000480592
-0.00398205
-0.010779
-0.0164088
-0.0175759
-0.0136625
-0.00714022
-0.00274624
-0.0040507
-0.0100238
-0.0161342
-0.0175759
-0.0132506
-0.00645366
-0.00192237
-0.00226565
-0.00624769
-0.0100238
-0.0103671
-0.00714022
-0.00260893
0.000617904
0.00116715
-0.000961184
-0.00528651
-0.0111223
-0.017164
-0.021146
-0.0210774
-0.0162715
-0.00871931
-0.000961184
0.00466861
0.00727753
0.00624769
0.00219699
-0.00274624
-0.00556113
-0.00418801
0.000755216
0.00679694
0.0106417
0.0105044
0.00693425
0.00226565
-0.00137312
-0.00350145
-0.00542382
-0.00803275
-0.0114655
-0.014761
-0.0175759
-0.0194983
-0.0203222
-0.0197729
-0.0177819
-0.0137312
-0.00700291
0.00137312
0.00823872
0.00988646
0.00528651
-0.00274624
-0.00933721
-0.0111909
-0.00906259
-0.00679694
-0.00768947
-0.0118088
-0.0164774
-0.0190864
-0.0190864
-0.01737
-0.0153103
-0.0142804
-0.0155849
-0.0187431
-0.0212147
-0.0202535
-0.0160655
-0.0110536
-0.00775812
-0.00672828
-0.00679694
-0.00707156
-0.00741484
-0.00823872
-0.0100238
-0.0120835
-0.0132506
-0.0132506
-0.0130446
-0.0146924
-0.0194296
-0.0262266
-0.031925
-0.0330235
-0.0278057
-0.0181938
-0.0091999
-0.00556113
-0.00885662
-0.0166147
-0.0253341
-0.031925
-0.034122
-0.0294534
-0.0174386
-0.00226565
0.00480592
-0.0133193
-0.0761395
-0.198072
-0.377951
-0.592364
-0.801078
-0.964548
-1.06252
-1.10035
-1.1011
-1.09129
-1.08861
-1.09891
-1.11937
-1.14347
-1.16434
-1.17669
-1.17855
-1.17244
-1.16406
-1.15891
-1.15857
-1.16042
-1.16029
-1.15582
-1.14758
-1.13838
-1.13131
-1.12719
-1.12417
-1.11957
-1.1114
-1.09939
-1.08476
-1.07076
-1.06142
-1.05861
-1.05984
-1.06073
-1.05909
-1.05668
-1.05716
-1.06245
-1.07172
-1.08264
-1.09383
-1.10502
-1.11511
-1.12143
-1.12204
-1.11889
-1.11655
-1.11854
-1.12493
-1.13262
-1.13811
-1.13962
-1.13756
-1.13392
-1.1307
-1.12898
-1.12857
-1.12898
-1.1296
-1.13056
-1.13124
-1.13035
-1.12623
-1.11882
-1.11003
-1.10337
-1.10165
-1.10536
-1.11195
-1.11772
-1.1204
-1.11992
-1.11813
-1.11635
-1.11477
-1.1123
-1.10859
-1.10516
-1.10378
-1.10529
-1.10914
-1.11442
-1.11985
-1.12355
-1.12335
-1.11889
-1.11243
-1.10824
-1.11092
-1.12266
-1.14051
-1.15685
-1.16365
-1.15692
-1.13777
-1.10934
-1.0744
-1.03499
-0.993177
-0.950199
-0.904474
-0.853188
-0.795448
-0.734756
-0.676399
-0.623465
-0.574376
-0.52515
-0.474207
-0.423951
-0.377402
-0.334561
-0.292749
-0.250388
-0.209607
-0.175141
-0.1507
-0.136351
-0.128318
-0.122208
-0.116097
-0.110742
-0.106897
-0.103327
-0.0981094
-0.0908318
-0.0829364
-0.076826
-0.0737365
-0.0725007
-0.0705097
-0.0661157
-0.0599367
-0.0538949
-0.0493636
-0.047098
-0.047098
-0.0486771
-0.0501875
-0.0509427
-0.0517666
-0.0543755
-0.0586322
-0.0624083
-0.0633695
-0.0611725
-0.0575337
-0.0536203
-0.0486771
-0.0413309
-0.031925
-0.0232744
-0.0181938
-0.0168207
-0.0165461
-0.0146237
-0.0105044
-0.00638501
-0.00556113
-0.0102297
-0.0197729
-0.0306206
-0.0381041
-0.0389279
-0.0332981
-0.0249908
-0.0183998
-0.0162028
-0.0182625
-0.0223818
-0.0258146
-0.0256773
-0.0206654
-0.0120835
-0.00377608
-0.00034328
-0.00391339
-0.0120148
-0.0192923
-0.0217639
-0.0197729
-0.0165461
-0.0148297
-0.0148297
-0.014761
-0.0133193
-0.0108476
-0.00947452
-0.0110536
-0.0157222
-0.0212147
-0.0244415
-0.0231371
-0.0180565
-0.012564
-0.010985
-0.0153103
-0.023755
-0.0313758
-0.0334355
-0.0283549
-0.0186744
-0.00933721
-0.00466861
-0.00638501
-0.0132506
-0.0214207
-0.0269818
-0.0274624
-0.0230684
-0.0154476
-0.00645366
0.00199102
0.00762081
0.00755216
-0.000137312
-0.0144178
-0.0300713
-0.0400951
-0.040713
-0.0344653
-0.0278057
-0.0258833
-0.0291101
-0.0342593
-0.0381727
-0.0395458
-0.0392712
-0.0379668
-0.0352892
-0.0307579
-0.0248535
-0.0196356
-0.0167521
-0.0164088
-0.01737
-0.0181252
-0.0176446
-0.0148297
-0.00940587
-0.00288355
0.00199102
0.00274624
-0.000892528
-0.00755216
-0.015173
-0.0212834
-0.0240296
-0.0223818
-0.0162715
-0.00693425
0.00226565
0.00659097
0.00350145
-0.00494323
-0.0137998
-0.0196356
-0.0225878
-0.0247848
-0.0273937
-0.0300713
-0.0321996
-0.0335041
-0.0337101
-0.0326802
-0.0300027
-0.0247848
-0.016958
-0.00830737
-0.00254027
-0.00281489
-0.00933721
-0.0181938
-0.0241669
-0.0240296
-0.0192923
-0.0142804
-0.0124954
-0.0135252
-0.0145551
-0.0144864
-0.0153103
-0.0190864
-0.0252654
-0.0302086
-0.03014
-0.0240982
-0.0144864
-0.00556113
-0.00123581
-0.00267758
-0.00817006
-0.0144864
-0.0186058
-0.0190177
-0.0157909
-0.0109163
-0.00741484
-0.00803275
-0.0124954
-0.01737
-0.0179192
-0.0120148
-0.00247161
0.00487457
0.00549248
-0.0010985
-0.0116715
-0.0212834
-0.0261579
-0.0251967
-0.0206654
-0.0162028
-0.0142804
-0.0144178
-0.0141431
-0.0110536
-0.00542382
0.000411936
0.00384473
0.00336414
-0.000549248
-0.00556113
-0.00885662
-0.008582
-0.00501189
-6.8656e-05
0.00363877
0.00411936
0.00116715
-0.00295221
-0.00562979
-0.00542382
-0.00288355
0.00068656
0.00418801
0.00693425
0.00817006
0.00720888
0.00357011
-0.00226565
-0.00844468
-0.0124267
-0.0124954
-0.00913124
-0.00411936
-0.00034328
0.000274624
-0.00254027
-0.00631635
-0.00768947
-0.00535517
-0.00144178
0.000205968
-0.00254027
-0.00906259
-0.0162028
-0.0209401
-0.0218326
-0.0198416
-0.017164
-0.014967
-0.0128387
-0.00947452
-0.00480592
-0.00034328
0.00157909
-0.000137312
-0.00453129
-0.00865065
-0.00995512
-0.00817006
-0.00556113
-0.00466861
-0.00604173
-0.00817006
-0.00830737
-0.00556113
-0.00267758
-0.00398205
-0.0117402
-0.0228624
-0.0305519
-0.029934
-0.0216953
-0.0113969
-0.00459995
-0.00391339
-0.00796409
-0.0132506
-0.0166147
-0.0166147
-0.0138685
-0.0109163
-0.0105044
-0.0131819
-0.0161342
-0.0153103
-0.00878796
0.00123581
0.00961184
0.012564
0.00954318
0.0034328
-0.00212834
-0.00439398
-0.00322683
-0.00068656
0.000480592
-0.000617904
-0.00302086
-0.00494323
-0.00590441
-0.00665963
-0.00823872
-0.010985
-0.0135939
-0.0142118
-0.0122894
-0.0091999
-0.00727753
-0.0074835
-0.00933721
-0.0116029
-0.0137998
-0.0158595
-0.0176446
-0.0179192
-0.0155162
-0.0106417
-0.00494323
-0.000755216
-0.000205968
-0.00336414
-0.00789544
-0.0098178
-0.0068656
0.000137312
0.00782678
0.0123581
0.0116715
0.00638501
-0.000892528
-0.00665963
-0.008582
-0.00659097
-0.00274624
-0.000205968
-0.00123581
-0.00556113
-0.0103671
-0.0122208
-0.00947452
-0.00308952
0.00439398
0.010573
0.0135252
0.0123581
0.00782678
0.00178506
-0.00363877
-0.00679694
-0.00789544
-0.00817006
-0.00885662
-0.00988646
-0.0102297
-0.00940587
-0.0081014
-0.00720888
-0.00707156
-0.00775812
-0.00968049
-0.0130446
-0.0164774
-0.0178506
-0.0157222
-0.010985
-0.00604173
-0.0034328
-0.00384473
-0.00597307
-0.00775812
-0.00803275
-0.00775812
-0.00899393
-0.0129073
-0.0181252
-0.0212834
-0.0197729
-0.0133879
-0.00487457
0.0017164
0.00308952
-0.00116715
-0.00830737
-0.0137312
-0.0145551
-0.0117402
-0.00865065
-0.0081014
-0.0100238
-0.012564
-0.0132506
-0.0107103
-0.00508054
0.0017164
0.00720888
0.00926856
0.00741484
0.00267758
-0.00295221
-0.00775812
-0.0105044
-0.010779
-0.00885662
-0.00617904
-0.00432533
-0.00357011
-0.00267758
-0.000617904
0.00254027
0.0051492
0.00501189
0.000823872
-0.00665963
-0.0143491
-0.0182625
-0.0163401
-0.0105044
-0.00569845
-0.00624769
-0.0130446
-0.0228624
-0.0304146
-0.0319937
-0.0275997
-0.0204595
-0.0143491
-0.0116029
-0.0123581
-0.015173
-0.0170953
-0.0156536
-0.0101611
-0.00274624
0.00322683
0.0051492
0.00247161
-0.00302086
-0.00823872
-0.010779
-0.0100924
-0.0068656
-0.0023343
0.0023343
0.00604173
0.00796409
0.00775812
0.00535517
0.00137312
-0.00295221
-0.00569845
-0.00624769
-0.00549248
-0.00521785
-0.0068656
-0.0102297
-0.0137998
-0.0157222
-0.0156536
-0.0145551
-0.0138685
-0.0137312
-0.0131819
-0.0114655
-0.00995512
-0.0109163
-0.0144864
-0.0175073
-0.0161342
-0.00926856
-6.8656e-05
0.00638501
0.00755216
0.00501189
0.00226565
0.00116715
0.00068656
-0.000823872
-0.00302086
-0.00418801
-0.00322683
-0.000617904
0.00151043
0.0010985
-0.00322683
-0.0115342
-0.0214207
-0.0284236
-0.0283549
-0.0210087
-0.010573
-0.00308952
-0.00185371
-0.0057671
-0.010779
-0.0131819
-0.0116715
-0.00727753
-0.00254027
-0.000480592
-0.00274624
-0.00851334
-0.0140058
-0.0154476
-0.0117402
-0.00556113
-0.00116715
-0.00157909
-0.00617904
-0.0112596
-0.0133193
-0.0114655
-0.00775812
-0.00473726
-0.00370742
-0.00446264
-0.00583576
-0.0068656
-0.00638501
-0.00363877
0.000961184
0.00549248
0.00803275
0.00741484
0.00370742
-0.00295221
-0.0110536
-0.0178506
-0.0204595
-0.0186744
-0.0153103
-0.0134566
-0.0137998
-0.0146924
-0.0140058
-0.0116029
-0.00823872
-0.00418801
0.000892528
0.00672828
0.0115342
0.012976
0.0108476
0.00693425
0.00329549
0.000205968
-0.00329549
-0.00700291
-0.00899393
-0.00707156
-0.00116715
0.00611038
0.010779
0.0102984
0.00473726
-0.00308952
-0.00988646
-0.0135939
-0.0135252
-0.0101611
-0.00473726
0.0010985
0.00604173
0.00954318
0.0111909
0.0104357
0.00720888
0.00260893
-0.00192237
-0.00528651
-0.0068656
-0.00665963
-0.00466861
-0.00130446
0.00240296
0.00473726
0.00432533
0.00164774
-0.000892528
-0.00157909
-0.000823872
0.000205968
0.000823872
0.000755216
-0.000549248
-0.00363877
-0.00720888
-0.0091999
-0.00844468
-0.00638501
-0.00556113
-0.00720888
-0.0102984
-0.0115342
-0.00796409
0.000205968
0.00892528
0.0135939
0.0119461
0.00528651
-0.00322683
-0.0108476
-0.0159282
-0.01737
-0.0153103
-0.010779
-0.00562979
-0.00151043
0.000549248
0.000411936
-0.00144178
-0.00363877
-0.00466861
-0.00425667
-0.00377608
-0.0051492
-0.00933721
-0.0148983
-0.0183311
-0.0164774
-0.00913124
0.000823872
0.00954318
0.0137998
0.0124267
0.00597307
-0.00350145
-0.0124267
-0.0168894
-0.0150357
-0.00851334
-0.00192237
0.00068656
-0.00205968
-0.00789544
-0.0134566
-0.0167521
-0.0180565
-0.0182625
-0.0174386
-0.014967
-0.0103671
-0.00446264
0.00068656
0.00308952
0.00226565
-0.000892528
-0.00425667
-0.0057671
-0.00446264
-0.00102984
0.00240296
0.00308952
-0.000274624
-0.00611038
-0.0106417
-0.0110536
-0.00755216
-0.00288355
-6.8656e-05
-0.000549248
-0.00370742
-0.0074835
-0.00974915
-0.00954318
-0.00707156
-0.0034328
0.000205968
0.00226565
0.00164774
-0.00137312
-0.00501189
-0.00755216
-0.008582
-0.00906259
-0.00974915
-0.0103671
-0.00988646
-0.008582
-0.00768947
-0.008582
-0.010573
-0.0118088
-0.0111223
-0.008582
-0.00521785
-0.00219699
-0.00034328
-0.00034328
-0.00199102
-0.00411936
-0.00583576
-0.00693425
-0.00727753
-0.00562979
-0.000480592
0.00707156
0.0127014
0.0117402
0.00260893
-0.010985
-0.0227251
-0.0273251
-0.0231371
-0.0129073
-0.00130446
0.00775812
0.0128387
0.0137312
0.0112596
0.00659097
0.00178506
-0.00144178
-0.00240296
-0.00164774
-0.000411936
0.000274624
0.000411936
0.000617904
0.00123581
0.00151043
0.000755216
-0.000961184
-0.00260893
-0.00274624
-0.000549248
0.00357011
0.00775812
0.00871931
0.00411936
-0.00535517
-0.0158595
-0.0227938
-0.0236177
-0.018949
-0.0118088
-0.00611038
-0.00439398
-0.00659097
-0.0108476
-0.015173
-0.0183311
-0.0194983
-0.0181252
-0.014967
-0.0121521
-0.0124267
-0.0159968
-0.0199789
-0.0203222
-0.0152416
-0.00672828
0.00144178
0.00652232
0.00817006
0.00707156
0.00336414
-0.00260893
-0.00947452
-0.0152416
-0.0183311
-0.0179192
-0.0137998
-0.00727753
-0.00164774
-0.000411936
-0.00425667
-0.00961184
-0.0118775
-0.00885662
-0.00295221
0.00164774
0.00192237
-0.00178506
-0.00665963
-0.00954318
-0.00899393
-0.00562979
-0.0017164
0.00068656
0.000480592
-0.00157909
-0.00377608
-0.00521785
-0.00631635
-0.00865065
-0.0124267
-0.0157909
-0.0160655
-0.0124267
-0.00672828
-0.00295221
-0.00363877
-0.00768947
-0.0113969
-0.0110536
-0.00556113
0.00363877
0.0133879
0.019155
0.01737
0.00865065
-0.00157909
-0.00693425
-0.00569845
-0.00123581
0.00185371
0.00178506
-6.8656e-05
-0.00157909
-0.00164774
-0.00102984
-0.000823872
-0.00151043
-0.00281489
-0.00439398
-0.00611038
-0.00714022
-0.00645366
-0.00439398
-0.00267758
-0.00281489
-0.00473726
-0.00707156
-0.00892528
-0.0107103
-0.012564
-0.0137998
-0.0132506
-0.010573
-0.00672828
-0.00363877
-0.00288355
-0.00398205
-0.00453129
-0.00274624
0
0.000205968
-0.00439398
-0.0117402
-0.01737
-0.0179879
-0.0138685
-0.00823872
-0.00466861
-0.00480592
-0.00768947
-0.0113969
-0.0144178
-0.0165461
-0.0179879
-0.0186744
-0.0179192
-0.0148297
-0.00961184
-0.00418801
-0.00137312
-0.00288355
-0.00830737
-0.015173
-0.0208714
-0.0229311
-0.0202535
-0.0133193
-0.00446264
0.00288355
0.0057671
0.00247161
-0.00583576
-0.0151043
-0.0203908
-0.0187431
-0.0110536
-0.0017164
0.00377608
0.0017164
-0.0074835
-0.0196356
-0.0293848
-0.0338474
-0.033916
-0.0325429
-0.0316504
-0.0307579
-0.0278057
-0.0216953
-0.0137998
-0.00693425
-0.00384473
-0.00494323
-0.00796409
-0.00995512
-0.0101611
-0.0103671
-0.0127014
-0.016958
-0.0202535
-0.0198416
-0.0150357
-0.00741484
0.000205968
0.00562979
0.00768947
0.00624769
0.00254027
-0.00144178
-0.00377608
-0.00453129
-0.00508054
-0.00679694
-0.00913124
-0.0103671
-0.00947452
-0.00714022
-0.00494323
-0.00453129
-0.00652232
-0.0109163
-0.0163401
-0.0208028
-0.0225192
-0.0214207
-0.0190864
-0.0176446
-0.0184685
-0.0206654
-0.0219699
-0.0204595
-0.0162715
-0.0116029
-0.00830737
-0.00707156
-0.00672828
-0.00665963
-0.00700291
-0.00871931
-0.0118775
-0.0146924
-0.015173
-0.01277
-0.00954318
-0.008582
-0.010985
-0.0144864
-0.0151043
-0.0102984
-0.00178506
0.00556113
0.00700291
0.00151043
-0.00734619
-0.0140745
-0.0152416
-0.010779
-0.00350145
0.00329549
0.00727753
0.00782678
0.00583576
0.00240296
-0.0017164
-0.00597307
-0.00933721
-0.0113969
-0.0120148
-0.0119461
-0.0120835
-0.0134566
-0.0163401
-0.0199102
-0.0219013
-0.0199102
-0.0141431
-0.00782678
-0.00446264
-0.00494323
-0.00707156
-0.00775812
-0.00542382
-0.00130446
0.00247161
0.00446264
0.00411936
0.00123581
-0.00446264
-0.0113282
-0.015173
-0.012564
-0.00459995
0.00308952
0.00487457
-0.000480592
-0.00954318
-0.0170953
-0.0198416
-0.0179879
-0.0138685
-0.00954318
-0.00597307
-0.00370742
-0.00370742
-0.00645366
-0.0108476
-0.0142804
-0.0144864
-0.0113969
-0.00652232
-0.00267758
-0.0017164
-0.00336414
-0.00528651
-0.00562979
-0.00453129
-0.00439398
-0.0068656
-0.0110536
-0.0140058
-0.0133879
-0.00954318
-0.00556113
-0.00508054
-0.0091999
-0.0151043
-0.0179879
-0.0155162
-0.00974915
-0.00528651
-0.00494323
-0.00755216
-0.00968049
-0.008582
-0.00398205
0.00192237
0.0057671
0.0051492
0.000274624
-0.00665963
-0.012976
-0.016958
-0.0181938
-0.0178506
-0.016958
-0.0153789
-0.0128387
-0.0100238
-0.00830737
-0.00851334
-0.00954318
-0.00968049
-0.00823872
-0.00652232
-0.00638501
-0.00823872
-0.0113282
-0.0142118
-0.0162715
-0.0173013
-0.0170953
-0.0157222
-0.0139372
-0.0131133
-0.0140058
-0.0159282
-0.0168894
-0.0146237
-0.00851334
-0.00102984
0.00322683
0.00157909
-0.00439398
-0.0101611
-0.0120835
-0.0100924
-0.00652232
-0.00363877
-0.00254027
-0.0034328
-0.00528651
-0.00659097
-0.00679694
-0.00672828
-0.0081014
-0.0113969
-0.014761
-0.0155162
-0.0128387
-0.00906259
-0.00837603
-0.0130446
-0.021558
-0.0291788
-0.0316504
-0.0275997
-0.018949
-0.00906259
-0.00102984
0.00384473
0.00604173
0.00652232
0.0057671
0.00281489
-0.00308952
-0.010985
-0.0179879
-0.0209401
-0.0186744
-0.0124954
-0.00583576
-0.00226565
-0.00329549
-0.0074835
-0.0120148
-0.0146237
-0.014761
-0.0133879
-0.0116715
-0.00988646
-0.0074835
-0.00432533
-0.00144178
-0.000617904
-0.00295221
-0.00714022
-0.0102297
-0.0102984
-0.00871931
-0.00844468
-0.010779
-0.0142118
-0.0153103
-0.0124267
-0.00720888
-0.0040507
-0.00590441
-0.0116029
-0.01737
-0.0199789
-0.0190864
-0.0163401
-0.0137998
-0.0129073
-0.0142804
-0.016958
-0.0184685
-0.0168894
-0.0120835
-0.00617904
-0.00226565
-0.00219699
-0.00508054
-0.00755216
-0.0068656
-0.00357011
-0.00034328
0.000549248
-6.8656e-05
-0.000205968
0.000892528
0.00144178
-0.00068656
-0.00556113
-0.0102984
-0.0115342
-0.00844468
-0.00295221
0.00164774
0.00329549
0.00151043
-0.00274624
-0.00782678
-0.0114655
-0.0116029
-0.00796409
-0.00199102
0.00439398
0.00940587
0.0120148
0.0117402
0.0091999
0.00617904
0.00336414
-0.000549248
-0.00782678
-0.0181252
-0.0271191
-0.0295221
-0.023755
-0.0133879
-0.00418801
0.000480592
0.00102984
-6.8656e-05
-0.00130446
-0.00247161
-0.00357011
-0.00391339
-0.00329549
-0.00267758
-0.00391339
-0.00768947
-0.0127014
-0.0166834
-0.0179192
-0.0160655
-0.0120835
-0.00775812
-0.00446264
-0.00267758
-0.0017164
-0.000755216
6.8656e-05
0.000137312
-0.00123581
-0.00336414
-0.00432533
-0.00288355
0
0.00212834
0.00192237
-0.000755216
-0.00556113
-0.0117402
-0.0177819
-0.0214893
-0.0216266
-0.019155
-0.0159968
-0.0133879
-0.0116715
-0.0105044
-0.00954318
-0.00899393
-0.00892528
-0.00913124
-0.00885662
-0.00782678
-0.00624769
-0.00439398
-0.0023343
-0.000411936
0.000823872
0.000549248
-0.00192237
-0.00611038
-0.00988646
-0.0115342
-0.0111223
-0.0107103
-0.0114655
-0.0124267
-0.0117402
-0.00851334
-0.00363877
0.0017164
0.0068656
0.0105044
0.0100238
0.00363877
-0.0074835
-0.0190864
-0.0260893
-0.0258146
-0.0190864
-0.00974915
-0.00212834
0.00164774
0.00219699
0.00102984
-0.00164774
-0.0057671
-0.00968049
-0.0111223
-0.00899393
-0.00542382
-0.0034328
-0.0051492
-0.0100238
-0.0160655
-0.0209401
-0.0228624
-0.0214207
-0.0176446
-0.0132506
-0.00913124
-0.00501189
-0.000137312
0.00501189
0.00830737
0.00768947
0.00315817
-0.00315817
-0.00865065
-0.0116715
-0.0115342
-0.00871931
-0.00453129
-0.00102984
0.000549248
0.00034328
-0.00116715
-0.00432533
-0.00954318
-0.0159968
-0.0217639
-0.0247161
-0.023755
-0.0190864
-0.0126327
-0.00727753
-0.00569845
-0.00775812
-0.0111223
-0.0131819
-0.0137998
-0.0138685
-0.0133879
-0.0111909
-0.00672828
-0.00151043
0.00164774
0.00123581
-0.00178506
-0.00446264
-0.00508054
-0.00453129
-0.00528651
-0.00871931
-0.0137312
-0.0179192
-0.0192237
-0.0167521
-0.0111909
-0.00418801
0.00157909
0.00398205
0.0017164
-0.0051492
-0.0146237
-0.0226565
-0.0248535
-0.0198416
-0.0112596
-0.00556113
-0.00707156
-0.0140058
-0.0197043
-0.0185371
-0.0108476
-0.00281489
-0.000274624
-0.00432533
-0.0114655
-0.0175073
-0.0203222
-0.0206654
-0.0203908
-0.0208028
-0.021558
-0.0212147
-0.0181938
-0.0131133
-0.00871931
-0.0081014
-0.0114655
-0.0152416
-0.0146237
-0.00830737
-0.000480592
0.00178506
-0.00549248
-0.019155
-0.0310325
-0.0342593
-0.0280116
-0.0177819
-0.0106417
-0.0103671
-0.014761
-0.0184685
-0.0177132
-0.0135252
-0.00961184
-0.00871931
-0.00954318
-0.00899393
-0.00508054
0.000961184
0.00569845
0.00624769
0.00267758
-0.0023343
-0.00569845
-0.00611038
-0.00453129
-0.00260893
-0.00157909
-0.00157909
-0.00226565
-0.00363877
-0.00624769
-0.0104357
-0.0150357
-0.0181252
-0.0185371
-0.016958
-0.0153103
-0.0144864
-0.0139372
-0.0124267
-0.00947452
-0.00631635
-0.00473726
-0.00562979
-0.00775812
-0.00899393
-0.00844468
-0.00720888
-0.00672828
-0.00789544
-0.0107103
-0.0146237
-0.0181252
-0.0190177
-0.0166147
-0.0129073
-0.0113969
-0.0133879
-0.0166147
-0.0176446
-0.0148983
-0.00988646
-0.00597307
-0.00597307
-0.00954318
-0.0137312
-0.0155162
-0.0142118
-0.0113969
-0.00830737
-0.00542382
-0.00384473
-0.00535517
-0.00968049
-0.0137312
-0.0140745
-0.0103671
-0.00569845
-0.00302086
-0.00274624
-0.00350145
-0.00473726
-0.00755216
-0.0131819
-0.0200475
-0.0243042
-0.0225878
-0.0148297
-0.00446264
0.00377608
0.00631635
0.00288355
-0.0034328
-0.00823872
-0.00913124
-0.00741484
-0.00611038
-0.00727753
-0.0105044
-0.0140745
-0.0168894
-0.0182625
-0.0178506
-0.0153789
-0.0113969
-0.00851334
-0.00933721
-0.0137998
-0.0183998
-0.0192923
-0.0156536
-0.00961184
-0.00391339
-0.000205968
0.000549248
-0.00164774
-0.00542382
-0.00830737
-0.00830737
-0.00521785
-0.000274624
0.00487457
0.00796409
0.00652232
-0.000549248
-0.0111909
-0.0208028
-0.0256773
-0.0260206
-0.0241669
-0.021352
-0.0170953
-0.0118088
-0.0081014
-0.008582
-0.012564
-0.0163401
-0.0165461
-0.0130446
-0.00837603
-0.00466861
-0.00254027
-0.00130446
-0.000755216
-0.00102984
-0.00226565
-0.00432533
-0.0068656
-0.00913124
-0.00954318
-0.00782678
-0.00638501
-0.00823872
-0.0135939
-0.0183998
-0.0181252
-0.0113969
-0.00137312
0.00714022
0.010573
0.00789544
0.000823872
-0.0081014
-0.0162028
-0.0212147
-0.021558
-0.0175759
-0.0126327
-0.010779
-0.0131819
-0.0170267
-0.0179192
-0.0144864
-0.00906259
-0.00562979
-0.0057671
-0.00823872
-0.0108476
-0.0126327
-0.0134566
-0.0128387
-0.0100924
-0.00590441
-0.00212834
-0.000617904
-0.00199102
-0.00617904
-0.0121521
-0.0180565
-0.021352
-0.0205281
-0.0160655
-0.00988646
-0.00384473
6.8656e-05
0.000205968
-0.00295221
-0.00611038
-0.00562979
-0.000823872
0.0051492
0.00803275
0.0057671
-0.000892528
-0.0091999
-0.0157222
-0.0175759
-0.0138685
-0.00604173
0.00247161
0.00762081
0.00652232
-0.000617904
-0.0105044
-0.0186058
-0.0217639
-0.0197729
-0.0153103
-0.0119461
-0.0114655
-0.0124267
-0.0117402
-0.00817006
-0.00377608
-0.00205968
-0.00446264
-0.00961184
-0.0150357
-0.0188117
-0.0192923
-0.0157909
-0.00974915
-0.00432533
-0.00144178
-0.000205968
0.00116715
0.00308952
0.00418801
0.00295221
-0.000549248
-0.00446264
-0.00652232
-0.00569845
-0.00302086
-0.000755216
-0.000549248
-0.00260893
-0.00569845
-0.00913124
-0.0131133
-0.0170267
-0.0188117
-0.017164
-0.0135252
-0.0111909
-0.0112596
-0.0116029
-0.0091999
-0.00357011
0.00185371
0.00363877
0.00116715
-0.00322683
-0.0068656
-0.00865065
-0.00885662
-0.0081014
-0.0068656
-0.00556113
-0.00411936
-0.00274624
-0.00199102
-0.00260893
-0.00480592
-0.00817006
-0.0111909
-0.0122208
-0.0109163
-0.00892528
-0.008582
-0.0111223
-0.0153789
-0.0192237
-0.0208714
-0.0203222
-0.0181252
-0.0150357
-0.0113282
-0.00755216
-0.00459995
-0.00377608
-0.00556113
-0.00892528
-0.0124267
-0.0148297
-0.0154476
-0.0136625
-0.00913124
-0.00274624
0.00267758
0.00398205
-0.000205968
-0.00796409
-0.0157222
-0.0199789
-0.0188804
-0.0132506
-0.00631635
-0.00137312
-0.00034328
-0.00254027
-0.00624769
-0.00974915
-0.0121521
-0.0131133
-0.012564
-0.0102984
-0.00665963
-0.00370742
-0.00398205
-0.00803275
-0.0136625
-0.0181252
-0.0203222
-0.0208028
-0.0202535
-0.0188117
-0.0161342
-0.0123581
-0.00837603
-0.00549248
-0.00473726
-0.00590441
-0.00741484
-0.00803275
-0.00782678
-0.00782678
-0.00817006
-0.00844468
-0.00830737
-0.00844468
-0.00865065
-0.00741484
-0.00322683
0.00288355
0.00775812
0.00830737
0.00308952
-0.00659097
-0.0176446
-0.0266385
-0.0308952
-0.0292474
-0.0225192
-0.0134566
-0.00542382
-0.000892528
0.000274624
-0.000480592
-0.00240296
-0.00604173
-0.0116029
-0.0175759
-0.0214893
-0.0214893
-0.0181252
-0.0140058
-0.0118088
-0.0119461
-0.0124954
-0.0115342
-0.008582
-0.00501189
-0.0023343
-0.00157909
-0.00370742
-0.00878796
-0.015173
-0.0198416
-0.021146
-0.0203222
-0.0201849
-0.0216266
-0.0230684
-0.0221759
-0.0184685
-0.0137998
-0.0103671
-0.00899393
-0.008582
-0.00734619
-0.00501189
-0.00274624
-0.00226565
-0.00439398
-0.00865065
-0.0135252
-0.0163401
-0.0146924
