LECROYHDO9204-MSöv,30454,Waveform
Segments,1,SegmentSize,2002
Ampl
0.00102984
-0.00336414
-0.0110536
-0.0164774
-0.0156536
-0.00926856
-0.00137312
0.0040507
0.00542382
0.0034328
-0.000411936
-0.00528651
-0.0103671
-0.0145551
-0.0164774
-0.0151043
-0.0106417
-0.00480592
-0.000137312
0.00137312
-0.000411936
-0.00425667
-0.00878796
-0.0131133
-0.0159968
-0.0157222
-0.0116715
-0.00535517
-6.8656e-05
0.00102984
-0.0034328
-0.0122208
-0.0216953
-0.0271878
-0.0256087
-0.017164
-0.00556113
0.0034328
0.00542382
0.000274624
-0.00775812
-0.0131133
-0.0137998
-0.0122208
-0.0120835
-0.0141431
-0.0153789
-0.0129073
-0.00679694
-0.000274624
0.00254027
-0.000274624
-0.00714022
-0.0141431
-0.0183311
-0.0199102
-0.0210087
-0.0227938
-0.0236863
-0.0212834
-0.0146924
-0.00624769
0.000205968
0.0017164
-0.0017164
-0.00789544
-0.0141431
-0.0188804
-0.021558
-0.0220386
-0.0207341
-0.0186058
-0.0166834
-0.0151043
-0.0131819
-0.0101611
-0.00611038
-0.00212834
-0.00034328
-0.00260893
-0.00865065
-0.0157909
-0.0205281
-0.021558
-0.0197729
-0.0168894
-0.0138685
-0.010985
-0.00899393
-0.00933721
-0.0123581
-0.0168207
-0.0202535
-0.0212147
-0.0204595
-0.0192237
-0.0178506
-0.0154476
-0.0120148
-0.0091999
-0.00865065
-0.0103671
-0.0129073
-0.0146237
-0.0152416
-0.0152416
-0.0155849
-0.0166834
-0.0184685
-0.0203908
-0.0221072
-0.023343
-0.0226565
-0.0170267
-0.00542382
0.00755216
0.00974915
-0.0164088
-0.089596
-0.221965
-0.409533
-0.625936
-0.828884
-0.979927
-1.06341
-1.0906
-1.0884
-1.08305
-1.09005
-1.11181
-1.14065
-1.16482
-1.17566
-1.17223
-1.16049
-1.14964
-1.14669
-1.15321
-1.16461
-1.17381
-1.17498
-1.16695
-1.1528
-1.13763
-1.12589
-1.11971
-1.11882
-1.12019
-1.11854
-1.10955
-1.09328
-1.07474
-1.0608
-1.05572
-1.05861
-1.06554
-1.07275
-1.07907
-1.08504
-1.0906
-1.09417
-1.09417
-1.09033
-1.08559
-1.08422
-1.0893
-1.10028
-1.11333
-1.12376
-1.12905
-1.13001
-1.12939
-1.12905
-1.12809
-1.12458
-1.11882
-1.11346
-1.11078
-1.11037
-1.11065
-1.11065
-1.11003
-1.10824
-1.10461
-1.10049
-1.09884
-1.10179
-1.10811
-1.11367
-1.11518
-1.1125
-1.10873
-1.10639
-1.10529
-1.10364
-1.10124
-1.10069
-1.10447
-1.11202
-1.11998
-1.125
-1.12596
-1.12376
-1.11985
-1.11573
-1.11223
-1.10962
-1.10824
-1.10907
-1.11381
-1.12246
-1.13344
-1.14388
-1.15088
-1.15191
-1.14484
-1.12918
-1.10612
-1.0768
-1.04137
-0.9997
-0.952533
-0.90159
-0.847833
-0.791672
-0.734344
-0.677978
-0.624563
-0.57417
-0.524875
-0.47455
-0.422852
-0.371772
-0.32385
-0.280528
-0.241875
-0.208234
-0.18084
-0.160724
-0.14658
-0.135321
-0.124061
-0.112664
-0.103327
-0.0977661
-0.0955005
-0.094196
-0.0919303
-0.0886349
-0.0845842
-0.0788857
-0.0698231
-0.0569845
-0.0431159
-0.0333668
-0.0317191
-0.0385847
-0.0499815
-0.060074
-0.0648799
-0.0639874
-0.0595934
-0.0547188
-0.0515606
-0.0504621
-0.0502562
-0.0486084
-0.0441458
-0.0374862
-0.0311698
-0.027737
-0.0276684
-0.0293848
-0.0304146
-0.0295907
-0.027943
-0.0272564
-0.0287669
-0.0317191
-0.0341907
-0.0350145
-0.0348086
-0.0348772
-0.0357698
-0.0367996
-0.0370742
-0.0364563
-0.0355638
-0.0349459
-0.0342593
-0.0327489
-0.0297967
-0.0252654
-0.0198416
-0.0146237
-0.0111909
-0.0104357
-0.0117402
-0.0137312
-0.0160655
-0.0198416
-0.0258146
-0.0326802
-0.0380354
-0.0396831
-0.0374175
-0.0326116
-0.0267072
-0.0200475
-0.012564
-0.0051492
0.000274624
0.00281489
0.00260893
-6.8656e-05
-0.00638501
-0.0166834
-0.0287669
-0.0378981
-0.0397518
-0.0328862
-0.0201849
-0.00672828
0.00247161
0.00487457
0.000411936
-0.00906259
-0.0208714
-0.0317877
-0.0381041
-0.0368683
-0.0286295
-0.0176446
-0.00947452
-0.00762081
-0.0117402
-0.0187431
-0.0253341
-0.0302086
-0.0332981
-0.0346713
-0.033916
-0.0311012
-0.0270505
-0.0234803
-0.0223132
-0.0245788
-0.0293848
-0.0339847
-0.0352892
-0.0316504
-0.023549
-0.0131133
-0.00274624
0.00508054
0.0081014
0.00521785
-0.00254027
-0.0116029
-0.0179879
-0.0194296
-0.017164
-0.0148297
-0.015173
-0.0178506
-0.0196356
-0.0176446
-0.0126327
-0.00803275
-0.00659097
-0.00741484
-0.00734619
-0.00453129
-0.000755216
0.000617904
-0.00226565
-0.00782678
-0.0129073
-0.0152416
-0.0146924
-0.0124954
-0.0100238
-0.00844468
-0.00865065
-0.0113282
-0.0165461
-0.0223818
-0.0260206
-0.0253341
-0.0212834
-0.0174386
-0.017164
-0.0201849
-0.0223818
-0.0196356
-0.0120148
-0.0040507
0
-0.00034328
-0.00295221
-0.00562979
-0.00741484
-0.00789544
-0.00679694
-0.00446264
-0.00178506
0.000205968
0.0010985
0.00068656
-0.000961184
-0.00398205
-0.00775812
-0.0103671
-0.0100238
-0.00665963
-0.00281489
-0.00199102
-0.00562979
-0.0118775
-0.0166147
-0.0163401
-0.0100924
-0.000137312
0.00961184
0.0154476
0.0155162
0.00995512
0.00116715
-0.00741484
-0.0122894
-0.0130446
-0.0127014
-0.0148297
-0.0192923
-0.0227251
-0.0221072
-0.0179879
-0.0135939
-0.0118088
-0.0131819
-0.0160655
-0.0174386
-0.0146237
-0.00762081
0.000823872
0.00645366
0.00693425
0.00288355
-0.00247161
-0.00590441
-0.00665963
-0.00638501
-0.00720888
-0.00947452
-0.0117402
-0.0117402
-0.00851334
-0.00274624
0.00336414
0.00727753
0.0081014
0.00679694
0.00501189
0.00308952
0.000549248
-0.00260893
-0.00535517
-0.00679694
-0.00755216
-0.00871931
-0.0100924
-0.00961184
-0.00528651
0.00247161
0.0104357
0.0144178
0.0122208
0.00473726
-0.00487457
-0.0127014
-0.0159968
-0.0146237
-0.0107103
-0.00714022
-0.00569845
-0.00617904
-0.00741484
-0.00865065
-0.010573
-0.0140058
-0.0180565
-0.0201162
-0.0181938
-0.0124954
-0.00556113
-0.000205968
0.00260893
0.00363877
0.00377608
0.00315817
0.0010985
-0.00288355
-0.00782678
-0.0113282
-0.0106417
-0.00528651
0.00212834
0.00734619
0.00768947
0.00329549
-0.00350145
-0.00954318
-0.0117402
-0.00892528
-0.00267758
0.00295221
0.00411936
0
-0.00645366
-0.0110536
-0.0111223
-0.00700291
-0.00144178
0.00240296
0.00288355
0.000137312
-0.00439398
-0.00913124
-0.0123581
-0.0130446
-0.0111223
-0.00851334
-0.00755216
-0.00926856
-0.012564
-0.0159282
-0.0190177
-0.0212147
-0.0206654
-0.0158595
-0.00823872
-0.00151043
0.00102984
-0.000961184
-0.00569845
-0.0102297
-0.0122894
-0.0110536
-0.00707156
-0.00199102
0.00267758
0.00528651
0.00480592
0.00137312
-0.00336414
-0.00755216
-0.0102984
-0.0119461
-0.0135252
-0.0160655
-0.0190177
-0.0205281
-0.018949
-0.0140745
-0.00741484
-0.000892528
0.00370742
0.00528651
0.00398205
0.0010985
-0.00137312
-0.00219699
-0.00151043
-0.000411936
-0.000205968
-0.00151043
-0.00350145
-0.00439398
-0.00384473
-0.00357011
-0.00617904
-0.0120148
-0.0185371
-0.0225878
-0.0226565
-0.0200475
-0.0166147
-0.0136625
-0.0120148
-0.0124954
-0.0152416
-0.018949
-0.0210087
-0.0202535
-0.0177819
-0.0155849
-0.0142118
-0.0129073
-0.0111909
-0.00926856
-0.00796409
-0.00727753
-0.00652232
-0.00569845
-0.00480592
-0.0040507
-0.00363877
-0.00350145
-0.00363877
-0.00363877
-0.00357011
-0.00439398
-0.00734619
-0.0128387
-0.0192923
-0.0238236
-0.0240982
-0.0199102
-0.0128387
-0.00487457
0.00192237
0.00501189
0.0017164
-0.00782678
-0.0190864
-0.0251967
-0.0224505
-0.0133193
-0.00459995
-0.00137312
-0.00336414
-0.00624769
-0.00631635
-0.00370742
-0.00164774
-0.00329549
-0.00865065
-0.0138685
-0.014761
-0.0101611
-0.00288355
0.00274624
0.0034328
-0.00157909
-0.0101611
-0.0186058
-0.0238236
-0.0247161
-0.0225192
-0.0188117
-0.0140745
-0.00796409
-0.000549248
0.00679694
0.0115342
0.0111909
0.00528651
-0.0040507
-0.0123581
-0.0163401
-0.0154476
-0.0120835
-0.00968049
-0.0100238
-0.0128387
-0.0159282
-0.017164
-0.0161342
-0.0145551
-0.0139372
-0.0142804
-0.0136625
-0.010573
-0.00535517
-0.00068656
0.000823872
-0.00157909
-0.00645366
-0.010985
-0.0127014
-0.010779
-0.0068656
-0.00432533
-0.00556113
-0.010573
-0.0166147
-0.0207341
-0.0208714
-0.017164
-0.0116029
-0.0068656
-0.00508054
-0.00590441
-0.00762081
-0.0091999
-0.0109163
-0.0131819
-0.0154476
-0.0166147
-0.0158595
-0.0137312
-0.0113282
-0.0102297
-0.0111909
-0.0131819
-0.0139372
-0.0120835
-0.00837603
-0.00480592
-0.00370742
-0.00611038
-0.0115342
-0.0181938
-0.0243729
-0.0289728
-0.0321996
-0.0343966
-0.0354265
-0.0341907
-0.029934
-0.0229311
-0.0143491
-0.00611038
0.000205968
0.00295221
0.00123581
-0.00446264
-0.0117402
-0.0170267
-0.0172326
-0.0118775
-0.00391339
0.00205968
0.00370742
0.00164774
-0.00144178
-0.0034328
-0.00363877
-0.00212834
0.000411936
0.00302086
0.0040507
0.00205968
-0.00315817
-0.00968049
-0.0146237
-0.0158595
-0.0135939
-0.00940587
-0.00521785
-0.00212834
-0.00068656
-0.000549248
-0.000823872
-0.000549248
-0.000137312
-0.00116715
-0.00446264
-0.00837603
-0.0102297
-0.00899393
-0.00590441
-0.00336414
-0.00226565
-0.00254027
-0.00363877
-0.0057671
-0.00926856
-0.0136625
-0.016958
-0.016958
-0.0132506
-0.00775812
-0.00350145
-0.00288355
-0.00624769
-0.0118088
-0.0172326
-0.0203908
-0.0208714
-0.0196356
-0.0180565
-0.0166834
-0.0155162
-0.0138685
-0.0124267
-0.0124954
-0.0152416
-0.019567
-0.0229311
-0.0227938
-0.0187431
-0.01277
-0.00782678
-0.00617904
-0.00830737
-0.0126327
-0.0167521
-0.0187431
-0.0181252
-0.0157909
-0.0130446
-0.0109163
-0.0102297
-0.0100924
-0.00755216
-0.000480592
0.00968049
0.0176446
0.0188117
0.01277
0.00322683
-0.00569845
-0.0118775
-0.0153789
-0.0167521
-0.0157222
-0.0120835
-0.00631635
-0.000137312
0.00473726
0.0068656
0.00535517
0.00102984
-0.00425667
-0.00865065
-0.0111909
-0.0115342
-0.00954318
-0.00597307
-0.00226565
-0.00034328
-0.0010985
-0.00384473
-0.00755216
-0.0113969
-0.0146924
-0.0164774
-0.0155162
-0.0114655
-0.00617904
-0.00295221
-0.00384473
-0.00796409
-0.0118775
-0.0129073
-0.0121521
-0.0130446
-0.0170267
-0.0214893
-0.0221759
-0.0181252
-0.0119461
-0.0068656
-0.0040507
-0.00274624
-0.00199102
-0.0017164
-0.00226565
-0.00446264
-0.008582
-0.0133193
-0.0164774
-0.0168207
-0.0162715
-0.0176446
-0.0209401
-0.0224505
-0.0181252
-0.00727753
0.00604173
0.0161342
0.019361
0.0160655
0.00933721
0.00281489
-0.00123581
-0.0023343
-0.00144178
-0.00034328
-0.000617904
-0.00315817
-0.00768947
-0.0122894
-0.0145551
-0.0128387
-0.00762081
-0.00151043
0.00212834
0.00157909
-0.00254027
-0.00817006
-0.0138685
-0.0190864
-0.0236863
-0.0266385
-0.025952
-0.0201849
-0.010985
-0.00308952
-0.000961184
-0.0051492
-0.0120835
-0.0170953
-0.0172326
-0.0122894
-0.00459995
0.00226565
0.00521785
0.00329549
-0.00219699
-0.008582
-0.0133879
-0.0155849
-0.0152416
-0.0131133
-0.00933721
-0.0040507
0.00192237
0.00679694
0.00865065
0.00638501
0.00102984
-0.00542382
-0.010779
-0.0137312
-0.0135939
-0.0112596
-0.00851334
-0.00741484
-0.00865065
-0.0112596
-0.0139372
-0.0153103
-0.0142804
-0.0104357
-0.00480592
0
0.00137312
-0.00151043
-0.00720888
-0.0131133
-0.0164774
-0.0157909
-0.0112596
-0.00466861
0.00192237
0.00659097
0.00734619
0.00308952
-0.00569845
-0.0164088
-0.0247848
-0.0267072
-0.0205968
-0.00899393
0.00240296
0.00803275
0.00556113
-0.00288355
-0.0128387
-0.0205968
-0.0246475
-0.0258833
-0.0256087
-0.0249908
-0.0240982
-0.0223132
-0.0188804
-0.0139372
-0.008582
-0.00398205
-0.000755216
0.00130446
0.00308952
0.00508054
0.00700291
0.00755216
0.00508054
-0.00151043
-0.0116715
-0.0221759
-0.027943
-0.0247161
-0.012976
0.00205968
0.0133879
0.0162028
0.010573
0.000411936
-0.00892528
-0.0132506
-0.0111909
-0.00425667
0.00370742
0.00865065
0.00865065
0.00466861
-0.0010985
-0.00700291
-0.012564
-0.0168207
-0.0178506
-0.0148983
-0.00968049
-0.00549248
-0.00453129
-0.00624769
-0.00851334
-0.0101611
-0.0117402
-0.0144178
-0.0182625
-0.0218326
-0.0232057
-0.0210087
-0.0154476
-0.00789544
-0.000411936
0.00535517
0.00851334
0.00878796
0.0068656
0.00350145
-0.000961184
-0.0068656
-0.0140745
-0.0208714
-0.0238923
-0.0210087
-0.0135252
-0.00549248
-0.000617904
0.000274624
-0.000961184
-0.00267758
-0.00466861
-0.00707156
-0.00899393
-0.00878796
-0.00583576
-0.0017164
0.000823872
-0.000205968
-0.00446264
-0.00913124
-0.0116715
-0.0117402
-0.0111909
-0.0115342
-0.0121521
-0.010985
-0.00707156
-0.00157909
0.00308952
0.00569845
0.00604173
0.00411936
-0.00068656
-0.00796409
-0.0146924
-0.016958
-0.0133879
-0.0068656
-0.00267758
-0.00377608
-0.00803275
-0.0105044
-0.00782678
-0.0010985
0.00556113
0.00768947
0.00363877
-0.00446264
-0.012564
-0.0170953
-0.0162715
-0.0105044
-0.00185371
0.00604173
0.0091999
0.00508054
-0.00562979
-0.0188117
-0.0286982
-0.0316504
-0.027531
-0.019567
-0.0118088
-0.00796409
-0.0101611
-0.0173013
-0.0248535
-0.027737
-0.0243042
-0.016958
-0.00947452
-0.0040507
-6.8656e-05
0.0034328
0.00631635
0.00720888
0.00480592
-0.00068656
-0.00714022
-0.0113282
-0.010779
-0.00562979
0.000411936
0.00240296
-0.00212834
-0.0113969
-0.021146
-0.0272564
-0.0280116
-0.0247161
-0.0196356
-0.015173
-0.0129073
-0.0137312
-0.01737
-0.0220386
-0.0253341
-0.0251281
-0.0201162
-0.0115342
-0.00322683
0.000205968
-0.00274624
-0.00926856
-0.0148297
-0.0164088
-0.0137998
-0.00871931
-0.00357011
-0.000480592
-0.000411936
-0.00240296
-0.00439398
-0.00480592
-0.00363877
-0.00281489
-0.00391339
-0.00700291
-0.0100238
-0.0102984
-0.00679694
-0.000892528
0.00453129
0.00700291
0.00556113
0.000274624
-0.00741484
-0.014761
-0.0186058
-0.01737
-0.0116029
-0.00370742
0.00357011
0.00817006
0.00968049
0.00871931
0.00672828
0.00459995
0.00260893
0.00116715
0.000480592
0.000549248
0.000617904
-0.000274624
-0.00247161
-0.00501189
-0.00672828
-0.00727753
-0.00714022
-0.00755216
-0.00913124
-0.0118088
-0.0142804
-0.015173
-0.0136625
-0.0109163
-0.00940587
-0.0110536
-0.0158595
-0.0217639
-0.0265012
-0.0291101
-0.0293848
-0.027531
-0.0240296
-0.0199789
-0.0160655
-0.0120148
-0.00707156
-0.00137312
0.00295221
0.0034328
-0.00102984
-0.00865065
-0.0159282
-0.018949
-0.0158595
-0.00782678
0.00116715
0.00659097
0.00604173
0.000480592
-0.00652232
-0.0110536
-0.0109163
-0.00672828
-0.000617904
0.00459995
0.00624769
0.00308952
-0.00370742
-0.0106417
-0.0140058
-0.0126327
-0.0081014
-0.00267758
0.00205968
0.00480592
0.00418801
0.000205968
-0.00542382
-0.00947452
-0.00961184
-0.00611038
-0.00205968
-0.000892528
-0.00425667
-0.0108476
-0.0176446
-0.0218326
-0.0226565
-0.0208714
-0.0177132
-0.0136625
-0.00865065
-0.00350145
6.8656e-05
0.000137312
-0.00350145
-0.00865065
-0.0126327
-0.0140745
-0.0131819
-0.0113969
-0.0100924
-0.0100238
-0.0107103
-0.0100924
-0.00604173
0.00144178
0.00913124
0.0127014
0.00974915
0.00164774
-0.0074835
-0.0133193
-0.0134566
-0.00871931
-0.00240296
0.0017164
0.00137312
-0.00302086
-0.00913124
-0.0146237
-0.0181252
-0.0187431
-0.0159968
-0.0103671
-0.00370742
0.00185371
0.0057671
0.00906259
0.0116029
0.0113282
0.00590441
-0.00418801
-0.0151043
-0.0224505
-0.0241669
-0.0219699
-0.018949
-0.0176446
-0.0183311
-0.0201162
-0.0224505
-0.0251281
-0.0270505
-0.0262952
-0.021352
-0.0133879
-0.00542382
-6.8656e-05
0.00199102
0.00144178
-0.000137312
-0.00137312
-0.00199102
-0.00288355
-0.00473726
-0.00707156
-0.00789544
-0.00631635
-0.00370742
-0.00363877
-0.00844468
-0.0170953
-0.0251967
-0.0278057
-0.023549
-0.0162028
-0.0116029
-0.0122894
-0.0157909
-0.01737
-0.0140745
-0.00665963
0.00205968
0.00851334
0.0101611
0.00583576
-0.00322683
-0.0138685
-0.0222445
-0.0256087
-0.0236177
-0.0180565
-0.0117402
-0.00714022
-0.0057671
-0.00803275
-0.0119461
-0.0143491
-0.01277
-0.00720888
0
0.00583576
0.00817006
0.00638501
0.0017164
-0.00363877
-0.00796409
-0.0111909
-0.0142804
-0.017164
-0.0181252
-0.0156536
-0.0103671
-0.00501189
-0.00240296
-0.00432533
-0.0109163
-0.0200475
-0.0275997
-0.0294534
-0.0247161
-0.0162028
-0.00913124
-0.00707156
-0.0105044
-0.0166834
-0.0219699
-0.023549
-0.0203908
-0.0133193
-0.00459995
0.0023343
0.00446264
0.00185371
-0.00315817
-0.00782678
-0.0110536
-0.0132506
-0.014967
-0.0166834
-0.0184685
-0.0192237
-0.0175073
-0.0126327
-0.00590441
-0.000274624
0.00123581
-0.00212834
-0.00837603
-0.0138685
-0.0158595
-0.0143491
-0.0118775
-0.0105044
-0.0100924
-0.00940587
-0.00803275
-0.00741484
-0.00933721
-0.0139372
-0.0190177
-0.0214207
-0.018949
-0.0121521
-0.0040507
0.00164774
0.00295221
-0.000274624
-0.00638501
-0.01277
-0.016958
-0.0177819
-0.0155162
-0.0111909
-0.00659097
-0.00398205
-0.00480592
-0.00830737
-0.0120835
-0.0137998
-0.012564
-0.00871931
-0.00322683
0.00247161
0.00631635
0.0068656
0.0040507
-0.000274624
-0.00350145
-0.00466861
-0.00439398
-0.00432533
-0.0051492
-0.00672828
-0.00926856
-0.012976
-0.016958
-0.0186058
-0.0159282
-0.010779
-0.00782678
-0.0104357
-0.0172326
-0.023549
-0.0251281
-0.0208028
-0.0129073
-0.0051492
-0.00123581
-0.00212834
-0.00590441
-0.00926856
-0.00995512
-0.00830737
-0.00583576
-0.00418801
-0.00357011
-0.00336414
-0.00336414
-0.00432533
-0.00734619
-0.0122894
-0.0175759
-0.0216266
-0.0234803
-0.0227938
-0.0192237
-0.0136625
-0.00817006
-0.00453129
-0.00267758
-0.00116715
0.00102984
0.00302086
0.00199102
-0.00432533
-0.0144178
-0.0229311
-0.0241669
-0.0170267
-0.00583576
0.00302086
0.00562979
0.00219699
-0.00370742
-0.00789544
-0.00789544
-0.00446264
-0.000755216
-0.000137312
-0.00363877
-0.0098178
-0.0153789
-0.0174386
-0.0152416
-0.0105044
-0.00549248
-0.00130446
0.00205968
0.00453129
0.00501189
0.00295221
-0.00151043
-0.00700291
-0.0116029
-0.0135939
-0.0124954
-0.0100924
-0.00906259
-0.0110536
-0.0151043
-0.0188117
-0.0197729
-0.0175073
-0.0138685
-0.0113969
-0.0116029
-0.0140058
-0.0166147
-0.0181252
-0.0176446
-0.0143491
-0.0074835
0.00116715
0.00707156
0.00562979
-0.00350145
-0.0153789
-0.0227251
-0.0208028
-0.0108476
0.000823872
0.00672828
0.0034328
-0.00638501
-0.0162028
-0.0208028
-0.0194296
-0.0155849
-0.0131133
-0.0131819
-0.0141431
-0.0135939
-0.0103671
-0.0051492
-0.000411936
0.00164774
0.000137312
-0.00377608
-0.00768947
-0.0101611
-0.0113282
-0.0122894
-0.0138685
-0.0155162
-0.0159968
-0.0150357
-0.0133193
-0.0119461
-0.0113969
-0.0112596
-0.0105044
-0.00817006
-0.00466861
-0.00151043
-0.000480592
-0.00192237
-0.00459995
-0.00659097
-0.0068656
-0.00562979
-0.00411936
-0.00418801
-0.00707156
-0.0122894
-0.0176446
-0.0201849
-0.0184685
-0.0131133
-0.0068656
-0.00247161
-0.00144178
-0.00370742
-0.00830737
-0.0136625
-0.0178506
-0.0192923
-0.0177132
-0.0144178
-0.0115342
-0.0102984
-0.0106417
-0.0113282
-0.0109163
-0.00837603
-0.00432533
-0.000892528
-0.00068656
-0.00473726
-0.0109163
-0.0150357
-0.0140745
-0.00830737
-0.000480592
0.00597307
0.00885662
0.0074835
0.00274624
-0.00288355
-0.00652232
-0.00638501
-0.00336414
0
0.00102984
-0.00151043
-0.00665963
-0.0116029
-0.0127014
-0.00817006
0.000205968
0.00707156
0.00734619
0.000137312
-0.010779
-0.0201162
-0.0242356
-0.0227938
-0.0178506
-0.0120835
-0.00734619
-0.00473726
-0.00473726
-0.0074835
-0.0120148
-0.0161342
-0.0176446
-0.0159968
-0.0121521
-0.00775812
-0.00370742
0
0.00329549
0.00487457
0.00288355
-0.00357011
-0.0126327
-0.0205281
-0.0243729
-0.023755
-0.0205968
-0.0167521
-0.012976
-0.00947452
-0.00727753
-0.00789544
-0.0118775
-0.0175073
-0.0216266
-0.0219013
-0.0181252
-0.0122208
-0.00672828
-0.00411936
-0.00562979
-0.0105044
-0.0167521
-0.0226565
-0.0268445
-0.0284236
-0.0270505
-0.0242356
-0.0223132
-0.0219013
-0.021146
-0.01737
-0.010985
-0.00604173
-0.00645366
-0.012564
-0.0201849
-0.0236177
-0.0199789
-0.0109163
-0.000823872
0.00542382
0.00583576
0.00185371
-0.00260893
-0.00473726
-0.00459995
-0.00521785
-0.00933721
-0.0162715
-0.0221072
-0.0224505
-0.0168894
-0.00906259
-0.00377608
-0.00336414
-0.00734619
-0.012976
-0.0173013
-0.01737
-0.0124267
-0.00473726
0.000892528
0.00068656
-0.00617904
-0.0166834
-0.0260893
-0.0298653
-0.0264325
-0.0177132
-0.00782678
-0.000892528
0.00157909
0.00157909
0.00295221
0.00720888
0.0116715
0.0112596
0.00411936
-0.00604173
-0.012976
-0.0126327
-0.00624769
0.0010985
0.00425667
0.00130446
-0.00535517
-0.0112596
-0.0126327
-0.00892528
-0.00302086
0.00102984
0.00068656
-0.00350145
-0.00844468
-0.0111223
-0.0110536
-0.0100238
-0.0102984
-0.0124954
-0.0153789
-0.0173013
-0.0168894
-0.0141431
-0.0100924
-0.00672828
-0.0057671
-0.00762081
-0.0112596
-0.0154476
-0.0184685
-0.0185371
-0.014967
-0.00865065
-0.00212834
0.00164774
0.000755216
-0.00480592
-0.0127014
-0.0197043
-0.0230684
-0.0223818
-0.0198416
-0.0187431
-0.0206654
-0.0240296
-0.0252654
-0.0221072
-0.015173
-0.00762081
-0.00336414
-0.00453129
-0.00995512
-0.0155849
-0.0177132
-0.0159282
-0.0127014
-0.0107103
-0.00995512
-0.00851334
-0.00542382
-0.00219699
-0.00151043
-0.00494323
-0.0110536
-0.0163401
-0.0176446
-0.0146237
-0.0100238
-0.00714022
-0.00672828
-0.00700291
-0.00590441
-0.00336414
-0.000892528
0.000137312
-0.000617904
-0.00260893
-0.0051492
-0.00741484
-0.00851334
-0.00762081
-0.00501189
-0.00267758
-0.00315817
-0.00762081
-0.0141431
-0.019361
-0.0204595
-0.0174386
-0.0124267
-0.0074835
-0.00329549
0.000823872
0.00501189
0.00775812
0.00727753
0.00329549
-0.00260893
-0.00865065
-0.0140745
-0.0183998
-0.0204595
-0.019361
-0.0162715
-0.0132506
-0.0115342
-0.0105044
-0.0091999
-0.0074835
-0.00652232
-0.0074835
-0.0106417
-0.0144178
-0.0161342
-0.0137312
-0.00782678
-0.00178506
0.000961184
-0.00102984
-0.00631635
-0.0121521
-0.0158595
-0.0156536
-0.0118775
-0.00665963
-0.0034328
-0.00391339
-0.00679694
-0.00871931
-0.00727753
-0.00322683
0.000480592
0.0010985
-0.00254027
-0.00926856
-0.0166834
-0.0224505
-0.0252654
-0.02554
-0.0240296
-0.021146
-0.0168207
-0.0112596
-0.00508054
0.00123581
0.00700291
0.0117402
0.0146924
0.014967
0.0120148
0.00611038
-0.0010985
-0.00755216
-0.0113969
-0.0118088
-0.00906259
-0.00411936
0.00130446
0.00494323
0.00508054
0.0017164
-0.00322683
-0.00789544
-0.0113969
-0.0137998
-0.0151043
-0.0157909
-0.0166147
-0.0176446
-0.0175759
-0.015173
-0.0113969
-0.00885662
-0.00947452
-0.0122894
-0.0145551
-0.0142118
-0.0117402
-0.0098178
-0.0106417
-0.0141431
-0.0175073
-0.0175759
-0.0139372
-0.00899393
-0.00631635
-0.00714022
-0.0100238
-0.0117402
-0.00974915
-0.00446264
0.0017164
0.00624769
0.00803275
0.00707156
0.00350145
-0.00240296
-0.00974915
-0.0167521
-0.0219699
-0.0241669
-0.0230684
-0.0190177
-0.0134566
-0.00789544
-0.00357011
-0.000892528
-0.000137312
-0.00130446
-0.00391339
-0.00665963
-0.0081014
-0.00782678
-0.00679694
-0.00727753
-0.0109163
-0.016958
-0.0216953
-0.0210774
-0.0142804
-0.00473726
0.00219699
0.00288355
-0.00199102
-0.00837603
-0.0119461
-0.0116029
-0.0091999
-0.00707156
-0.00617904
-0.00604173
-0.00672828
-0.008582
-0.0120148
-0.0161342
-0.0200475
-0.0229311
-0.0244415
-0.0245102
-0.0234117
-0.0216953
-0.0190864
-0.0155162
-0.0116029
-0.00913124
-0.00885662
-0.00974915
-0.0100924
-0.00988646
-0.0104357
-0.0122208
-0.0144864
-0.0161342
-0.0164774
-0.0151043
-0.0114655
-0.00617904
-0.00157909
-0.000480592
-0.00425667
-0.0110536
-0.016958
-0.0190177
-0.0170953
-0.0138685
-0.0117402
-0.0113282
-0.0117402
-0.0122894
-0.0133193
-0.015173
-0.0180565
-0.0214893
-0.0249221
-0.0271878
-0.0267758
-0.0222445
-0.0140058
