LECROYHDO9204-MSöv,30454,Waveform
Segments,1,SegmentSize,2002
Ampl
0.00178506
-0.000480592
-0.00844468
-0.0190864
-0.025952
-0.0249221
-0.0175759
-0.00947452
-0.00535517
-0.00638501
-0.010573
-0.0151043
-0.0181938
-0.0180565
-0.0133193
-0.00494323
0.00350145
0.00796409
0.00659097
0.00123581
-0.00453129
-0.0074835
-0.0074835
-0.00645366
-0.00700291
-0.00947452
-0.0124267
-0.0140745
-0.0135252
-0.0109163
-0.00720888
-0.00425667
-0.00322683
-0.00384473
-0.00501189
-0.00624769
-0.00803275
-0.0104357
-0.01277
-0.0140745
-0.0150357
-0.0170953
-0.0205968
-0.0238236
-0.0245788
-0.0223818
-0.0196356
-0.019155
-0.0218326
-0.0249221
-0.0239609
-0.0165461
-0.00487457
0.00562979
0.0102984
0.00830737
0.00199102
-0.00556113
-0.0121521
-0.0168894
-0.0186744
-0.0164774
-0.010573
-0.00411936
-0.00205968
-0.00652232
-0.0142118
-0.0187431
-0.0165461
-0.00974915
-0.00350145
-0.00151043
-0.00432533
-0.0107103
-0.0186744
-0.0263639
-0.0318564
-0.0338474
-0.0318564
-0.0265012
-0.019155
-0.0117402
-0.00631635
-0.0040507
-0.00466861
-0.00707156
-0.0104357
-0.0144178
-0.0184685
-0.0212834
-0.0217639
-0.0205281
-0.0194296
-0.019567
-0.0204595
-0.0207341
-0.0197043
-0.0179879
-0.0164774
-0.0162715
-0.0184685
-0.0232744
-0.0288355
-0.0316504
-0.0296594
-0.0245102
-0.0199789
-0.0188804
-0.0210087
-0.0245788
-0.0285609
-0.0330235
-0.0369369
-0.0370056
-0.0296594
-0.015173
-0.0017164
-0.00446264
-0.0416055
-0.129211
-0.273594
-0.464664
-0.674476
-0.865477
-1.00636
-1.08545
-1.11353
-1.11456
-1.11154
-1.11738
-1.13392
-1.15514
-1.17223
-1.17923
-1.17669
-1.17058
-1.16667
-1.1664
-1.16729
-1.16592
-1.16111
-1.15404
-1.14752
-1.14347
-1.14202
-1.14141
-1.13825
-1.12946
-1.11422
-1.09513
-1.07673
-1.063
-1.05531
-1.05277
-1.0538
-1.05682
-1.06005
-1.06273
-1.06595
-1.07193
-1.08181
-1.09424
-1.10605
-1.11436
-1.11834
-1.11854
-1.1171
-1.11607
-1.11614
-1.11703
-1.11827
-1.11998
-1.12266
-1.12623
-1.13021
-1.13392
-1.13626
-1.13578
-1.13166
-1.12458
-1.11683
-1.11078
-1.10728
-1.10516
-1.10303
-1.10042
-1.09808
-1.09747
-1.09904
-1.10268
-1.10701
-1.11099
-1.11394
-1.11587
-1.1169
-1.11724
-1.11717
-1.11724
-1.11813
-1.12012
-1.12239
-1.12335
-1.12191
-1.11861
-1.1147
-1.1112
-1.10811
-1.10529
-1.10323
-1.10378
-1.10893
-1.11902
-1.13172
-1.1436
-1.15177
-1.15424
-1.14848
-1.13124
-1.10062
-1.05847
-1.01014
-0.961184
-0.914566
-0.86994
-0.824078
-0.773547
-0.717524
-0.658754
-0.601838
-0.550209
-0.504072
-0.460476
-0.414819
-0.36422
-0.310325
-0.259039
-0.217639
-0.18949
-0.171846
-0.158321
-0.143834
-0.127288
-0.110948
-0.0976288
-0.0889095
-0.0845842
-0.0828678
-0.0821125
-0.08122
-0.0792976
-0.0751096
-0.0683127
-0.059868
-0.0526591
-0.049089
-0.0503248
-0.0557486
-0.0628202
-0.0678321
-0.0679008
-0.0628889
-0.0544442
-0.0453129
-0.0379668
-0.0348086
-0.0368683
-0.0431846
-0.0510114
-0.0572591
-0.0594561
-0.0565039
-0.0492263
-0.0403697
-0.0332981
-0.0302773
-0.0313758
-0.034328
-0.0357698
-0.033916
-0.0295221
-0.0254714
-0.0240296
-0.0254027
-0.0284922
-0.031925
-0.0346026
-0.0362504
-0.0368683
-0.0372115
-0.0379668
-0.0387906
-0.0383787
-0.0359071
-0.032131
-0.0282176
-0.0248535
-0.0214207
-0.01737
-0.0136625
-0.01277
-0.0164774
-0.0228624
-0.0269131
-0.0247161
-0.0175073
-0.0108476
-0.00926856
-0.0127014
-0.0177132
-0.0210774
-0.0218326
-0.0205968
-0.0187431
-0.0175759
-0.0175073
-0.0179879
-0.0182625
-0.0179192
-0.0174386
-0.0178506
-0.0202535
-0.0242356
-0.0278743
-0.0285609
-0.0251967
-0.0186744
-0.0114655
-0.00556113
-0.00192237
-0.00068656
-0.00178506
-0.00480592
-0.00865065
-0.0114655
-0.0111909
-0.00679694
0.000137312
0.00521785
0.00398205
-0.00508054
-0.0184685
-0.0297967
-0.0338474
-0.0303459
-0.0232057
-0.017164
-0.0148983
-0.016958
-0.0217639
-0.0262266
-0.0269131
-0.0227251
-0.0160655
-0.0111909
-0.0109163
-0.0140058
-0.0164088
-0.0146924
-0.008582
-0.000823872
0.00466861
0.00535517
0.00157909
-0.00377608
-0.00803275
-0.0098178
-0.00899393
-0.00638501
-0.00357011
-0.00226565
-0.00295221
-0.00480592
-0.00638501
-0.00700291
-0.00679694
-0.00700291
-0.00878796
-0.0119461
-0.015173
-0.0168207
-0.0168207
-0.0168894
-0.0183998
-0.0204595
-0.0205968
-0.0173013
-0.0116029
-0.00707156
-0.00679694
-0.0106417
-0.0158595
-0.0194296
-0.019567
-0.0165461
-0.0122208
-0.00933721
-0.00906259
-0.0103671
-0.0116029
-0.0120148
-0.0124267
-0.0136625
-0.0153789
-0.0159282
-0.0140745
-0.00954318
-0.00350145
0.00212834
0.00604173
0.00830737
0.00954318
0.00954318
0.00789544
0.00508054
0.00329549
0.00377608
0.00604173
0.008582
0.0102297
0.0101611
0.00789544
0.00357011
-0.00123581
-0.00398205
-0.00322683
0
0.00274624
0.00212834
-0.00295221
-0.0104357
-0.0168894
-0.019567
-0.0179879
-0.0135939
-0.00878796
-0.00542382
-0.00398205
-0.00363877
-0.00411936
-0.00665963
-0.0124954
-0.0203222
-0.025746
-0.0249908
-0.0180565
-0.00892528
-0.00240296
-0.00144178
-0.00569845
-0.0122894
-0.0177819
-0.0190864
-0.0152416
-0.00762081
-0.000274624
0.00302086
0.00164774
-0.00130446
-0.0017164
0.00151043
0.00562979
0.00727753
0.00556113
0.00260893
0.000274624
-0.00164774
-0.00432533
-0.00823872
-0.0124267
-0.0146237
-0.0128387
-0.00700291
0.000411936
0.00556113
0.00659097
0.00439398
0.000892528
-0.00302086
-0.0068656
-0.00961184
-0.0100238
-0.00768947
-0.00418801
-0.00192237
-0.0023343
-0.00473726
-0.00707156
-0.00762081
-0.00672828
-0.0057671
-0.00597307
-0.00714022
-0.00837603
-0.00844468
-0.00714022
-0.00528651
-0.00432533
-0.00480592
-0.00535517
-0.00425667
-0.00157909
0.000205968
-0.00157909
-0.00665963
-0.0122208
-0.0148297
-0.0137312
-0.0106417
-0.00782678
-0.00624769
-0.00562979
-0.00494323
-0.00350145
-0.00178506
-0.000823872
-0.00192237
-0.0051492
-0.0091999
-0.012564
-0.0146237
-0.0159968
-0.0170953
-0.0177819
-0.0175073
-0.0159282
-0.0130446
-0.00947452
-0.00645366
-0.00542382
-0.00693425
-0.0105044
-0.0142804
-0.0159968
-0.0146237
-0.0113969
-0.00974915
-0.0127014
-0.0208028
-0.0307579
-0.0371429
-0.0355638
-0.0254714
-0.0114655
-0.00068656
0.00192237
-0.00288355
-0.0106417
-0.0168207
-0.0200475
-0.021352
-0.0218326
-0.0212834
-0.0190864
-0.0152416
-0.0104357
-0.00535517
-0.00102984
0.00178506
0.00281489
0.00240296
0.00123581
-0.000274624
-0.00178506
-0.00295221
-0.00329549
-0.00295221
-0.00219699
-0.00130446
-0.00068656
-0.000892528
-0.0023343
-0.00494323
-0.00762081
-0.00899393
-0.00796409
-0.00535517
-0.00288355
-0.00151043
-0.000823872
-0.000480592
-0.00102984
-0.00260893
-0.00302086
0.000411936
0.00727753
0.0132506
0.0137998
0.0081014
-0.00068656
-0.00762081
-0.00988646
-0.00789544
-0.00459995
-0.00267758
-0.00329549
-0.00624769
-0.0109163
-0.0156536
-0.0182625
-0.0164088
-0.00968049
-0.000411936
0.00665963
0.00755216
0.00144178
-0.00851334
-0.0168894
-0.0197043
-0.0170267
-0.0122208
-0.00906259
-0.00871931
-0.0101611
-0.0114655
-0.0113282
-0.0098178
-0.00817006
-0.00844468
-0.010985
-0.0142118
-0.0152416
-0.0123581
-0.00665963
-0.00137312
0.000617904
-0.000823872
-0.00329549
-0.00425667
-0.00281489
6.8656e-05
0.00288355
0.00370742
0.00151043
-0.00247161
-0.00487457
-0.00329549
0.000755216
0.00315817
0.00144178
-0.00315817
-0.00665963
-0.00665963
-0.00411936
-0.00240296
-0.00418801
-0.00947452
-0.0158595
-0.0202535
-0.0208028
-0.0178506
-0.012976
-0.00803275
-0.00432533
-0.00157909
0.000411936
0.000823872
-0.00192237
-0.00768947
-0.0139372
-0.0170267
-0.0153103
-0.0104357
-0.00549248
-0.00240296
-0.000411936
0.00192237
0.00528651
0.008582
0.0102984
0.00947452
0.00707156
0.00487457
0.00315817
0.000755216
-0.00363877
-0.00933721
-0.0140058
-0.0155849
-0.0133193
-0.00823872
-0.0034328
-0.00205968
-0.0051492
-0.0101611
-0.0133193
-0.0126327
-0.00906259
-0.00528651
-0.00336414
-0.00302086
-0.00288355
-0.00199102
-0.000617904
0.000205968
-6.8656e-05
-0.00102984
-0.00205968
-0.00350145
-0.00604173
-0.00988646
-0.0135252
-0.0141431
-0.0103671
-0.00370742
0.00164774
0.00295221
0.000755216
-0.00199102
-0.00274624
-0.00192237
-0.00178506
-0.00432533
-0.00878796
-0.0118775
-0.0102984
-0.00391339
0.00391339
0.00851334
0.00755216
0.00247161
-0.00384473
-0.00906259
-0.0122208
-0.0129073
-0.0109163
-0.00720888
-0.00487457
-0.00775812
-0.0168894
-0.0282863
-0.0344653
-0.0295907
-0.0142804
0.0040507
0.0159968
0.0165461
0.00714022
-0.00665963
-0.0184685
-0.0243042
-0.0236177
-0.0188117
-0.0129073
-0.00823872
-0.00624769
-0.00734619
-0.0106417
-0.0140745
-0.0159968
-0.0157909
-0.0134566
-0.00968049
-0.00645366
-0.00583576
-0.00775812
-0.00995512
-0.0100238
-0.00707156
-0.00226565
0.00205968
0.00363877
0.00254027
0.000549248
-0.00034328
-0.00034328
-0.000617904
-0.00178506
-0.00384473
-0.00679694
-0.0109163
-0.0148983
-0.0165461
-0.0146237
-0.00974915
-0.00439398
-0.000549248
0.00123581
0.00144178
0.00102984
0.00068656
0.000823872
0.00157909
0.00219699
0.00151043
-0.00144178
-0.00562979
-0.008582
-0.00803275
-0.00453129
-0.00034328
0.00192237
0.00130446
-0.00151043
-0.00473726
-0.00624769
-0.00480592
-0.000755216
0.0040507
0.00714022
0.00714022
0.00466861
0.00123581
-0.00212834
-0.00597307
-0.010779
-0.0155849
-0.0179879
-0.0160655
-0.0106417
-0.00480592
-0.00157909
-0.00205968
-0.00480592
-0.00707156
-0.00700291
-0.00494323
-0.00329549
-0.00480592
-0.00926856
-0.0132506
-0.0133193
-0.00940587
-0.00501189
-0.00357011
-0.00535517
-0.00830737
-0.0102297
-0.0110536
-0.0122208
-0.0143491
-0.0164088
-0.0164088
-0.0135252
-0.00885662
-0.00459995
-0.00192237
-0.000755216
-0.0010985
-0.00363877
-0.00865065
-0.0146237
-0.018949
-0.019361
-0.0159968
-0.010573
-0.00521785
-0.00151043
-6.8656e-05
-0.000892528
-0.00302086
-0.00453129
-0.00453129
-0.00363877
-0.00350145
-0.0057671
-0.010985
-0.0183311
-0.0258146
-0.0306206
-0.0300713
-0.0238236
-0.0142804
-0.00562979
-0.00130446
-0.00151043
-0.00336414
-0.00411936
-0.00336414
-0.00295221
-0.00459995
-0.00755216
-0.0102297
-0.0116715
-0.0119461
-0.0113969
-0.0100924
-0.008582
-0.00720888
-0.0057671
-0.00425667
-0.00336414
-0.00418801
-0.00645366
-0.00844468
-0.00871931
-0.00775812
-0.00679694
-0.00720888
-0.00892528
-0.010985
-0.0119461
-0.010779
-0.00755216
-0.00315817
0.0010985
0.00391339
0.00466861
0.00350145
0.00157909
-0.000480592
-0.00267758
-0.00535517
-0.00878796
-0.0124954
-0.0151043
-0.015173
-0.0120148
-0.00659097
-0.00130446
0.00151043
0.000961184
-0.0017164
-0.00357011
-0.00315817
-0.00157909
-0.00130446
-0.00322683
-0.00556113
-0.00624769
-0.00501189
-0.00418801
-0.00562979
-0.00851334
-0.0105044
-0.00995512
-0.00720888
-0.00398205
-0.00199102
-0.00219699
-0.00480592
-0.00906259
-0.0131819
-0.0151043
-0.0140058
-0.0110536
-0.00871931
-0.00899393
-0.0118775
-0.0154476
-0.0178506
-0.0190177
-0.0192237
-0.0184685
-0.0163401
-0.0131819
-0.00995512
-0.00817006
-0.00906259
-0.0120835
-0.0146237
-0.0138685
-0.00940587
-0.00329549
0.00164774
0.00398205
0.00357011
0.000961184
-0.00247161
-0.00480592
-0.00480592
-0.00281489
-0.000755216
-0.000823872
-0.00350145
-0.00789544
-0.0118088
-0.0132506
-0.0113282
-0.00679694
-0.0017164
0.00185371
0.00322683
0.00322683
0.00329549
0.00411936
0.00459995
0.0034328
0.000755216
-0.00130446
-0.000549248
0.00302086
0.00672828
0.00837603
0.00768947
0.00590441
0.00363877
0.00034328
-0.00453129
-0.0100924
-0.0140058
-0.0141431
-0.0108476
-0.00693425
-0.00542382
-0.00672828
-0.00926856
-0.0113282
-0.0118088
-0.0104357
-0.00768947
-0.00466861
-0.00254027
-0.0017164
-0.00205968
-0.00391339
-0.00755216
-0.012564
-0.0172326
-0.0194983
-0.0182625
-0.0142118
-0.0098178
-0.0074835
-0.00782678
-0.00961184
-0.010985
-0.0111223
-0.0101611
-0.00817006
-0.00528651
-0.00267758
-0.00281489
-0.00727753
-0.0150357
-0.0223818
-0.0256773
-0.0243042
-0.0203222
-0.0160655
-0.0122894
-0.00851334
-0.00480592
-0.00219699
-0.00137312
-0.00205968
-0.00315817
-0.00459995
-0.00672828
-0.00899393
-0.0102984
-0.0102297
-0.00933721
-0.00803275
-0.00617904
-0.00439398
-0.00418801
-0.00652232
-0.00995512
-0.0116029
-0.00988646
-0.00645366
-0.00501189
-0.00734619
-0.0116715
-0.0138685
-0.0118775
-0.00700291
-0.00240296
-0.00068656
-0.0023343
-0.00604173
-0.00913124
-0.00940587
-0.0068656
-0.00418801
-0.00480592
-0.00968049
-0.0162028
-0.0199789
-0.0185371
-0.0131819
-0.00768947
-0.00473726
-0.00473726
-0.0057671
-0.00611038
-0.00521785
-0.00398205
-0.00377608
-0.00597307
-0.0106417
-0.0155162
-0.016958
-0.0122208
-0.00260893
0.00638501
0.00871931
0.00192237
-0.010573
-0.0219013
-0.0268445
-0.0249221
-0.0202535
-0.0166834
-0.014761
-0.0129073
-0.00988646
-0.00624769
-0.00302086
-0.00068656
0.000823872
0.00178506
0.00192237
0.00068656
-0.00219699
-0.00624769
-0.00988646
-0.0114655
-0.0111223
-0.010779
-0.0115342
-0.012564
-0.0118088
-0.00851334
-0.00370742
0.00068656
0.00357011
0.00453129
0.00308952
-0.000823872
-0.00624769
-0.010573
-0.0113282
-0.00817006
-0.00363877
-0.00102984
-0.00164774
-0.00459995
-0.00803275
-0.010779
-0.0120148
-0.0111223
-0.00865065
-0.00700291
-0.00865065
-0.0142804
-0.0214207
-0.0262266
-0.0265699
-0.023343
-0.019155
-0.0155162
-0.0117402
-0.00652232
-0.000480592
0.00363877
0.00377608
0.000549248
-0.00357011
-0.0068656
-0.00837603
-0.00768947
-0.00439398
0.00034328
0.00418801
0.00487457
0.00151043
-0.00549248
-0.0141431
-0.021352
-0.0240982
-0.0210774
-0.0133193
-0.00432533
0.00260893
0.00583576
0.00604173
0.00398205
0.000137312
-0.00459995
-0.00823872
-0.00906259
-0.00741484
-0.00583576
-0.00659097
-0.00974915
-0.0133193
-0.0144864
-0.0115342
-0.00501189
0.00267758
0.00762081
0.00659097
-0.00123581
-0.0128387
-0.0225878
-0.0254027
-0.0204595
-0.0116715
-0.00494323
-0.00398205
-0.00830737
-0.0139372
-0.0165461
-0.0148983
-0.0113282
-0.00947452
-0.010573
-0.0126327
-0.0130446
-0.0118088
-0.0115342
-0.0143491
-0.0187431
-0.0206654
-0.0173013
-0.00913124
-6.8656e-05
0.00569845
0.00624769
0.00274624
-0.00192237
-0.00562979
-0.00762081
-0.00789544
-0.00741484
-0.0081014
-0.0116029
-0.0181938
-0.0258833
-0.0312385
-0.0315131
-0.0265699
-0.0190864
-0.0127014
-0.00974915
-0.0100238
-0.0115342
-0.0118775
-0.0101611
-0.00782678
-0.00707156
-0.00865065
-0.0114655
-0.0137312
-0.0146237
-0.0143491
-0.0131133
-0.010779
-0.00803275
-0.00562979
-0.00377608
-0.0023343
-0.000961184
0.00034328
0.00123581
0.00144178
0.000549248
-0.00137312
-0.00384473
-0.00631635
-0.00837603
-0.0100238
-0.0101611
-0.00768947
-0.00260893
0.00302086
0.00700291
0.00851334
0.00775812
0.00432533
-0.00240296
-0.0118775
-0.021352
-0.0269131
-0.0253341
-0.0160655
-0.00240296
0.0098178
0.0152416
0.0126327
0.00494323
-0.00329549
-0.00885662
-0.0106417
-0.00926856
-0.00638501
-0.00418801
-0.00466861
-0.00823872
-0.0135939
-0.0183311
-0.0205968
-0.0192923
-0.0151043
-0.0102984
-0.00782678
-0.00871931
-0.010779
-0.0107103
-0.0081014
-0.0057671
-0.00604173
-0.00762081
-0.00665963
-0.00102984
0.00672828
0.0117402
0.0111223
0.00549248
-0.00164774
-0.00755216
-0.0113969
-0.0142118
-0.0168894
-0.0190177
-0.0194983
-0.0183998
-0.0168207
-0.0159968
-0.0163401
-0.017164
-0.0176446
-0.0177819
-0.0181938
-0.019567
-0.0217639
-0.023343
-0.0224505
-0.0185371
-0.0127014
-0.0068656
-0.0023343
0.000549248
0.00151043
0.000137312
-0.00377608
-0.00926856
-0.0142804
-0.0164774
-0.0144178
-0.00837603
-0.00116715
0.00350145
0.0034328
-0.00034328
-0.00521785
-0.00933721
-0.01277
-0.0163401
-0.0196356
-0.021558
-0.0212834
-0.0192923
-0.0166834
-0.0142118
-0.012976
-0.0134566
-0.015173
-0.0162715
-0.0154476
-0.0129073
-0.0100238
-0.00741484
-0.00487457
-0.00281489
-0.00226565
-0.00370742
-0.00624769
-0.00830737
-0.00933721
-0.0098178
-0.0105044
-0.0113282
-0.0115342
-0.0109163
-0.0102297
-0.0102297
-0.0105044
-0.00968049
-0.00714022
-0.00357011
-0.00068656
-0.000480592
-0.0034328
-0.008582
-0.0134566
-0.0153103
-0.0129073
-0.00789544
-0.00363877
-0.00295221
-0.00542382
-0.00865065
-0.0108476
-0.0126327
-0.0146924
-0.0162028
-0.0148983
-0.0100238
-0.00425667
-0.00199102
-0.00508054
-0.0105044
-0.012564
-0.00851334
-0.000617904
0.00624769
0.008582
0.00624769
0.00137312
-0.00288355
-0.00453129
-0.00370742
-0.00192237
-0.00144178
-0.00329549
-0.00720888
-0.0120148
-0.0165461
-0.0197729
-0.0210774
-0.0199102
-0.0157222
-0.00865065
-0.000411936
0.00590441
0.00707156
0.00247161
-0.00542382
-0.0122894
-0.0140058
-0.00899393
0.000617904
0.00974915
0.0136625
0.010985
0.00391339
-0.00357011
-0.00817006
-0.00878796
-0.00672828
-0.00432533
-0.00322683
-0.00350145
-0.00411936
-0.00466861
-0.00480592
-0.00446264
-0.0040507
-0.00453129
-0.00707156
-0.0110536
-0.0146237
-0.0156536
-0.0136625
-0.00961184
-0.00521785
-0.00226565
-0.00178506
-0.0040507
-0.00837603
-0.01277
-0.0151043
-0.0141431
-0.010573
-0.00679694
-0.00521785
-0.00693425
-0.0107103
-0.0134566
-0.012564
-0.0081014
-0.00281489
0.000205968
0.00034328
-0.000274624
0.000274624
0.00205968
0.00308952
0.00192237
-0.000892528
-0.00391339
-0.00645366
-0.00844468
-0.00899393
-0.00645366
-0.000617904
0.00604173
0.00961184
0.00762081
0.00068656
-0.00803275
-0.0153103
-0.0197729
-0.0216953
-0.021558
-0.019567
-0.0157909
-0.0109163
-0.00659097
-0.00453129
-0.00562979
-0.00913124
-0.012976
-0.014967
-0.0141431
-0.0111223
-0.00789544
-0.00562979
-0.00459995
-0.00418801
-0.00391339
-0.0040507
-0.00528651
-0.00741484
-0.00947452
-0.010573
-0.010985
-0.0118775
-0.0140745
-0.0167521
-0.0181938
-0.0164774
-0.0113969
-0.00535517
-0.0017164
-0.00254027
-0.00672828
-0.0117402
-0.0158595
-0.0183998
-0.019567
-0.0192237
-0.0177819
-0.0163401
-0.0153789
-0.0145551
-0.0130446
-0.0102984
-0.00672828
-0.00267758
0.000961184
0.00288355
0.00144178
-0.00350145
-0.00954318
-0.01277
-0.0113282
-0.00775812
-0.0074835
-0.0133879
-0.0221759
-0.0274624
-0.0249221
-0.0159968
-0.0057671
0.00137312
0.00398205
0.0034328
0.00226565
0.00219699
0.00329549
0.00466861
0.00480592
0.00254027
-0.00185371
-0.00700291
-0.0110536
-0.012976
-0.0131819
-0.012564
-0.0126327
-0.0145551
-0.0184685
-0.0227251
-0.0254714
-0.0254714
-0.0222445
-0.0157909
-0.00693425
0.00254027
0.00974915
0.0119461
0.00871931
0.00288355
-0.00137312
-0.00178506
0.00068656
0.00288355
0.00144178
-0.0040507
-0.0111223
-0.0159282
-0.0165461
-0.0146924
-0.0135252
-0.0145551
-0.0168894
-0.0181252
-0.0170267
-0.0143491
-0.0122208
-0.0120148
-0.0134566
-0.015173
-0.0153103
-0.0123581
-0.00604173
0.00116715
0.0057671
0.00569845
0.0017164
-0.0040507
-0.0107103
-0.0183998
-0.02554
-0.0284922
-0.0241669
-0.0142118
-0.00473726
-0.00192237
-0.00727753
-0.0168894
-0.0245102
-0.0256087
-0.0200475
-0.0117402
-0.00569845
-0.00501189
-0.00947452
-0.0162028
-0.0218326
-0.0238236
-0.0216953
-0.0166147
-0.00995512
-0.00308952
0.00219699
0.00357011
6.8656e-05
-0.00631635
-0.0118088
-0.012976
-0.00913124
-0.00254027
0.00315817
0.00590441
0.00597307
0.00473726
0.00240296
-0.00151043
-0.00652232
-0.0102297
-0.0103671
-0.00693425
-0.00288355
-0.0017164
-0.00453129
-0.00878796
-0.0107103
-0.00851334
-0.00357011
0.00123581
0.0034328
0.00254027
-0.00068656
-0.00466861
-0.00796409
-0.0101611
-0.0117402
-0.0136625
-0.0155162
-0.0164088
-0.0161342
-0.0152416
-0.0139372
-0.0119461
-0.00954318
-0.00768947
-0.00720888
-0.00796409
-0.0100238
-0.0130446
-0.0159282
-0.017164
-0.0168207
-0.0166147
-0.0181938
-0.0212834
-0.023549
-0.0223132
-0.0168207
-0.00906259
-0.00274624
-0.000617904
-0.00254027
-0.00611038
-0.00892528
-0.00968049
-0.00913124
-0.00851334
-0.00892528
-0.0102297
-0.0110536
-0.00974915
-0.00597307
-0.000755216
0.00398205
0.00611038
0.00473726
0.000755216
-0.00274624
-0.00295221
0.000411936
0.00487457
0.00741484
0.00672828
0.00247161
-0.00439398
-0.0115342
-0.0159282
-0.0162715
-0.0137312
-0.0108476
-0.00926856
-0.0091999
-0.00954318
-0.00926856
-0.00796409
-0.00624769
-0.00459995
-0.00322683
-0.0023343
-0.00219699
-0.00315817
-0.00501189
-0.00741484
-0.00974915
-0.0111223
-0.010573
-0.0081014
-0.00521785
-0.00480592
-0.00823872
-0.0140745
-0.0186744
-0.0186058
-0.0130446
-0.00453129
0.00308952
0.00624769
0.00370742
-0.00336414
-0.0118088
-0.0175759
-0.0178506
-0.012976
-0.00652232
-0.00260893
-0.00281489
-0.00542382
-0.00796409
-0.00913124
-0.00961184
-0.0100238
-0.0102984
-0.0102297
-0.0100238
-0.0100924
-0.0101611
-0.00892528
-0.00617904
-0.0034328
-0.00302086
-0.00521785
-0.00803275
-0.00940587
-0.00954318
-0.0101611
-0.0124267
-0.0157909
-0.0192237
-0.0219699
-0.0242356
-0.0254027
-0.0242356
-0.019567
-0.0120148
-0.00439398
-0.000137312
-0.000755216
-0.00466861
-0.0091999
-0.0135252
-0.0183311
-0.0232744
-0.0258833
-0.0231371
-0.014761
-0.00384473
0.00487457
0.00741484
0.00267758
-0.00734619
-0.0177819
-0.0234803
-0.0214893
-0.0132506
-0.00384473
0.00164774
0.00178506
-0.00130446
-0.00446264
-0.00638501
-0.00768947
-0.00954318
-0.0124954
-0.0163401
-0.0203908
-0.0231371
-0.0226565
-0.0179879
-0.00974915
-0.0010985
0.00425667
0.00418801
-0.000205968
-0.00528651
-0.00803275
-0.00865065
-0.00974915
-0.012976
-0.0173013
-0.0198416
-0.0187431
-0.0146237
-0.00940587
-0.00521785
-0.00357011
-0.00487457
-0.00844468
-0.01277
-0.0168207
-0.0203908
-0.0232057
-0.0240296
-0.0210774
-0.0142118
-0.00604173
-0.000549248
-6.8656e-05
-0.00336414
-0.00727753
-0.00899393
-0.00837603
-0.00652232
-0.00494323
-0.00418801
-0.0040507
-0.00398205
-0.00411936
-0.00562979
-0.00933721
-0.0140745
-0.0172326
-0.0172326
-0.0152416
-0.0143491
-0.0162028
-0.0198416
-0.0222445
-0.0214893
-0.0178506
-0.0133879
-0.00974915
-0.00700291
-0.00370742
-6.8656e-05
0.00185371
-0.000137312
-0.00549248
-0.0113969
-0.014761
-0.0143491
-0.0110536
-0.00720888
-0.00459995
-0.00370742
-0.00391339
-0.00446264
-0.0040507
-0.00144178
0.00357011
0.00837603
0.00954318
0.00494323
-0.00453129
-0.0160655
-0.0263639
-0.0324743
-0.0326802
-0.0267758
-0.0164774
-0.00480592
0.0040507
0.00597307
-0.00116715
-0.015173
-0.0304833
-0.0413995
-0.044695
-0.0404384
-0.0302773
-0.0164088
-0.00247161
0.00734619
0.00995512
0.00590441
-0.0010985
-0.00617904
-0.00693425
-0.00439398
-0.00178506
-0.0010985
-0.00247161
-0.00521785
-0.00974915
-0.0162028
-0.0232057
-0.027531
-0.0272564
-0.0234117
-0.0190864
-0.0168207
-0.0164774
-0.0160655
-0.0142118
-0.0113969
-0.00926856
-0.0081014
-0.0068656
-0.00425667
-0.000617904
0.00247161
0.00357011
0.0017164
-0.00322683
-0.0101611
-0.0165461
-0.019361
-0.0168894
-0.00988646
-0.00130446
0.0051492
0.00734619
0.00611038
0.00398205
0.00260893
0.00178506
0.000617904
-0.000961184
-0.00260893
-0.00411936
-0.00535517
-0.00590441
-0.00569845
-0.00562979
-0.00665963
-0.00906259
-0.0126327
-0.0168207
-0.0209401
-0.023755
-0.023755
-0.0204595
-0.0146924
-0.00878796
-0.00542382
-0.00645366
-0.0113282
-0.0170953
-0.0194296
-0.0159282
-0.00789544
-0.000137312
0.00185371
-0.00384473
-0.0137998
-0.0222445
-0.0250594
-0.0219699
-0.0154476
-0.0091999
-0.00672828
-0.00974915
-0.0166834
-0.0227251
-0.0230684
-0.017164
-0.00865065
-0.00281489
-0.00281489
-0.0074835
-0.0129073
-0.0156536
-0.0156536
-0.0153103
-0.0162028
-0.0176446
-0.0175073
-0.014761
