LECROYHDO9204-MSöv,30454,Waveform
Segments,1,SegmentSize,2002
Ampl
-0.0157909
-0.0151043
-0.0137998
-0.010779
-0.00631635
-0.00267758
-0.00144178
-0.00260893
-0.00473726
-0.00624769
-0.00638501
-0.00583576
-0.00569845
-0.00700291
-0.0100924
-0.0144864
-0.0188804
-0.0216266
-0.0212147
-0.0166834
-0.00926856
-0.00178506
0.00274624
0.00267758
-0.000961184
-0.00590441
-0.00995512
-0.012976
-0.0161342
-0.0207341
-0.025746
-0.0278743
-0.0244415
-0.0166147
-0.00933721
-0.00775812
-0.012976
-0.0207341
-0.0246475
-0.0207341
-0.0110536
-0.0017164
0.00157909
-0.00144178
-0.00652232
-0.00906259
-0.00789544
-0.00556113
-0.00549248
-0.00892528
-0.0146924
-0.0203222
-0.0242356
-0.0253341
-0.0234117
-0.0187431
-0.0128387
-0.0081014
-0.00631635
-0.00727753
-0.00871931
-0.00892528
-0.00755216
-0.00542382
-0.00418801
-0.0051492
-0.00823872
-0.0111223
-0.0107103
-0.00569845
0.00185371
0.00817006
0.00988646
0.00562979
-0.0034328
-0.0146924
-0.0249908
-0.031925
-0.0346713
-0.0333668
-0.0285609
-0.021146
-0.012564
-0.0057671
-0.0040507
-0.00892528
-0.0184685
-0.0280803
-0.0326802
-0.0297967
-0.021352
-0.0121521
-0.00672828
-0.00672828
-0.00988646
-0.012564
-0.0129073
-0.0127014
-0.015173
-0.0214207
-0.0293848
-0.0357011
-0.0380354
-0.0365936
-0.0329549
-0.0283549
-0.0229997
-0.0179879
-0.0157909
-0.0187431
-0.0260893
-0.0336414
-0.0363877
-0.0313758
-0.0187431
-0.00240296
0.00954318
0.00398205
-0.0353578
-0.123924
-0.268308
-0.458691
-0.666993
-0.855591
-0.993315
-1.06973
-1.09712
-1.09973
-1.09891
-1.10502
-1.11861
-1.13564
-1.15143
-1.16228
-1.16674
-1.16667
-1.16585
-1.16722
-1.17045
-1.17223
-1.16962
-1.16276
-1.15383
-1.1447
-1.13598
-1.12864
-1.12438
-1.12321
-1.12191
-1.11621
-1.10461
-1.08916
-1.0733
-1.06005
-1.05133
-1.04824
-1.0505
-1.05675
-1.06513
-1.0746
-1.08422
-1.09232
-1.09726
-1.0987
-1.09836
-1.09843
-1.10097
-1.10639
-1.11401
-1.12184
-1.12795
-1.13118
-1.13152
-1.13015
-1.12891
-1.12884
-1.1296
-1.12973
-1.12822
-1.12548
-1.12369
-1.12479
-1.12891
-1.13365
-1.13509
-1.13111
-1.12314
-1.11518
-1.11037
-1.10921
-1.11017
-1.11127
-1.11078
-1.10811
-1.10406
-1.10076
-1.10028
-1.10399
-1.11147
-1.12012
-1.1261
-1.12651
-1.12204
-1.11607
-1.11092
-1.10728
-1.10536
-1.10653
-1.1125
-1.12301
-1.13564
-1.14662
-1.15294
-1.15335
-1.14827
-1.13921
-1.12637
-1.10852
-1.08394
-1.05208
-1.01398
-0.971688
-0.926924
-0.879826
-0.82957
-0.775401
-0.718691
-0.662255
-0.608155
-0.555907
-0.503729
-0.450658
-0.397243
-0.344996
-0.296113
-0.253135
-0.217914
-0.190177
-0.167795
-0.148228
-0.130103
-0.113694
-0.100581
-0.0924109
-0.0895274
-0.0902826
-0.0915184
-0.0903513
-0.0857513
-0.0789544
-0.0716768
-0.0654291
-0.0606232
-0.0576024
-0.0558173
-0.0541009
-0.0510114
-0.0462741
-0.0413309
-0.0383787
-0.0387906
-0.042704
-0.0484025
-0.0529338
-0.0537576
-0.0502562
-0.0443518
-0.0386533
-0.0354265
-0.0352892
-0.0371429
-0.0387906
-0.0381041
-0.0348772
-0.0306206
-0.0278743
-0.0280803
-0.03014
-0.031925
-0.032131
-0.0312385
-0.0303459
-0.0297967
-0.0290415
-0.0278057
-0.0262952
-0.0251967
-0.0246475
-0.0243729
-0.023755
-0.0231371
-0.0238923
-0.0272564
-0.0326116
-0.0372802
-0.0378294
-0.0328176
-0.0238923
-0.0155849
-0.0124267
-0.0155849
-0.0225878
-0.0291101
-0.0316504
-0.0292474
-0.0236177
-0.0180565
-0.0156536
-0.017164
-0.0207341
-0.0229311
-0.0208714
-0.014761
-0.00789544
-0.00411936
-0.00473726
-0.00844468
-0.0128387
-0.0159968
-0.01737
-0.0173013
-0.0160655
-0.0133879
-0.00968049
-0.00707156
-0.00830737
-0.0142118
-0.0214893
-0.0250594
-0.0222445
-0.015173
-0.00871931
-0.00659097
-0.00844468
-0.0109163
-0.0106417
-0.00782678
-0.00611038
-0.00906259
-0.0164774
-0.0234803
-0.0247161
-0.018949
-0.00988646
-0.00329549
-0.00308952
-0.00885662
-0.0173013
-0.0245102
-0.0284922
-0.0296594
-0.0296594
-0.0300027
-0.0306892
-0.0296594
-0.0249221
-0.016958
-0.00995512
-0.00830737
-0.0131133
-0.0203222
-0.0245102
-0.0232744
-0.0186058
-0.0144178
-0.0126327
-0.0119461
-0.0098178
-0.00617904
-0.00363877
-0.00562979
-0.0128387
-0.0225192
-0.029728
-0.0308265
-0.0260893
-0.0198416
-0.0166147
-0.0172326
-0.0190177
-0.0187431
-0.0157909
-0.0116029
-0.0074835
-0.00357011
6.8656e-05
0.0023343
0.00226565
-0.000205968
-0.00425667
-0.00817006
-0.00961184
-0.00672828
-0.00034328
0.00549248
0.00652232
0.0017164
-0.00542382
-0.00995512
-0.00926856
-0.00473726
0.000137312
0.00281489
0.00322683
0.00260893
0.00178506
0.000961184
0.000411936
0.000617904
0.00123581
0.0010985
-0.000823872
-0.00459995
-0.00885662
-0.0113282
-0.010573
-0.00693425
-0.00315817
-0.00274624
-0.0068656
-0.0128387
-0.0159282
-0.0130446
-0.00521785
0.00384473
0.0106417
0.0135252
0.0128387
0.00954318
0.00494323
0.000137312
-0.00432533
-0.00823872
-0.0113969
-0.0130446
-0.0118775
-0.00768947
-0.00260893
0.00034328
0.000205968
-0.000480592
0.00157909
0.0068656
0.0122208
0.0135939
0.00995512
0.00391339
-0.000480592
-0.00102984
0.00102984
0.00240296
0.0010985
-0.00199102
-0.00494323
-0.0068656
-0.00830737
-0.0100238
-0.0121521
-0.0143491
-0.0160655
-0.0166147
-0.0148297
-0.00988646
-0.00267758
0.00384473
0.00597307
0.00254027
-0.00336414
-0.00597307
-0.00274624
0.00363877
0.00803275
0.00741484
0.00247161
-0.0040507
-0.00899393
-0.0104357
-0.0074835
-0.0010985
0.00590441
0.010573
0.0113282
0.00933721
0.00700291
0.00556113
0.00453129
0.00274624
0.000274624
-0.00199102
-0.00329549
-0.00446264
-0.00631635
-0.0091999
-0.0119461
-0.0128387
-0.0108476
-0.00665963
-0.00212834
0.00102984
0.00226565
0.00322683
0.00597307
0.0109163
0.0158595
0.0179879
0.0158595
0.0106417
0.00446264
-0.00157909
-0.00796409
-0.0154476
-0.0232744
-0.0286295
-0.0287669
-0.0222445
-0.0108476
0.000892528
0.00789544
0.00755216
0.00164774
-0.00549248
-0.0102984
-0.0116029
-0.00954318
-0.00453129
0.00151043
0.00494323
0.00281489
-0.00466861
-0.0137998
-0.0203908
-0.0219699
-0.0188804
-0.0133193
-0.00762081
-0.00336414
-0.00157909
-0.00260893
-0.0057671
-0.00906259
-0.0105044
-0.00933721
-0.00672828
-0.0040507
-0.00205968
-0.00068656
0.000823872
0.00350145
0.00720888
0.010779
0.0124954
0.0113969
0.00741484
0.000823872
-0.00775812
-0.0159968
-0.0210774
-0.0210774
-0.0164774
-0.00968049
-0.0040507
-0.00212834
-0.00418801
-0.00789544
-0.0100924
-0.00947452
-0.00659097
-0.00357011
-0.0023343
-0.00384473
-0.00720888
-0.0098178
-0.00988646
-0.0074835
-0.0040507
-0.000549248
0.00240296
0.00377608
0.00260893
-0.000823872
-0.00494323
-0.00851334
-0.0113969
-0.0143491
-0.0170267
-0.0182625
-0.0164088
-0.0118775
-0.00672828
-0.00377608
-0.00446264
-0.008582
-0.0142118
-0.0176446
-0.015173
-0.00611038
0.0057671
0.0137312
0.0131819
0.00562979
-0.00329549
-0.00844468
-0.00865065
-0.00659097
-0.0051492
-0.00556113
-0.00727753
-0.00988646
-0.0134566
-0.0179192
-0.021558
-0.0216266
-0.017164
-0.0100238
-0.00398205
-0.00164774
-0.00302086
-0.00549248
-0.00569845
-0.00144178
0.00645366
0.0143491
0.01737
0.012564
0.00116715
-0.0118775
-0.0208714
-0.0225192
-0.0176446
-0.0101611
-0.00384473
0.000205968
0.00288355
0.00487457
0.0051492
0.00199102
-0.00466861
-0.0118775
-0.0153789
-0.0128387
-0.00556113
0.00164774
0.00425667
0.00102984
-0.00542382
-0.010779
-0.0116715
-0.00727753
0.000549248
0.00878796
0.0144178
0.0156536
0.0122894
0.00535517
-0.0023343
-0.00796409
-0.00940587
-0.00652232
-0.00137312
0.00288355
0.00357011
-0.000274624
-0.00672828
-0.0118775
-0.0127014
-0.00865065
-0.00247161
0.00185371
0.00205968
-0.00144178
-0.00645366
-0.0108476
-0.0131133
-0.0118088
-0.00631635
0.00212834
0.00961184
0.0114655
0.00611038
-0.00315817
-0.0103671
-0.010985
-0.00466861
0.00453129
0.0111909
0.010985
0.00370742
-0.00672828
-0.014761
-0.0173013
-0.014967
-0.0107103
-0.00714022
-0.0057671
-0.00672828
-0.00933721
-0.0123581
-0.0148297
-0.0163401
-0.0164774
-0.0145551
-0.0111223
-0.00796409
-0.0068656
-0.00789544
-0.00947452
-0.00995512
-0.00899393
-0.00768947
-0.00768947
-0.0100924
-0.0146924
-0.0194296
-0.0214207
-0.0184685
-0.0111909
-0.00281489
0.00295221
0.00398205
0.0010985
-0.00295221
-0.00473726
-0.00267758
0.00144178
0.00350145
0.0010985
-0.00459995
-0.0101611
-0.0136625
-0.0157909
-0.0174386
-0.0175073
-0.0144864
-0.0098178
-0.00659097
-0.00645366
-0.0081014
-0.00906259
-0.00837603
-0.00700291
-0.00631635
-0.00679694
-0.00775812
-0.00865065
-0.00899393
-0.00878796
-0.00782678
-0.00583576
-0.00329549
-0.00137312
-0.00116715
-0.00267758
-0.00494323
-0.00720888
-0.00926856
-0.0111909
-0.0124267
-0.0124954
-0.010573
-0.00617904
0.000617904
0.0081014
0.0135252
0.0146237
0.0104357
0.0023343
-0.00665963
-0.0131133
-0.014761
-0.0118775
-0.00645366
-0.000617904
0.00384473
0.00562979
0.00398205
-0.000961184
-0.0074835
-0.0124954
-0.0133879
-0.0102297
-0.00611038
-0.00528651
-0.00968049
-0.0165461
-0.0205968
-0.0181252
-0.0098178
-0.000480592
0.00473726
0.00329549
-0.0034328
-0.0113969
-0.0166147
-0.0174386
-0.0148297
-0.0109163
-0.00734619
-0.00494323
-0.00377608
-0.00370742
-0.00459995
-0.00672828
-0.0091999
-0.0100924
-0.00762081
-0.00199102
0.00473726
0.00961184
0.0110536
0.00974915
0.00762081
0.00659097
0.00693425
0.0068656
0.00418801
-0.00164774
-0.00851334
-0.0133193
-0.0150357
-0.0152416
-0.0160655
-0.0175759
-0.0180565
-0.0159968
-0.0121521
-0.00844468
-0.00624769
-0.00501189
-0.00370742
-0.00308952
-0.00473726
-0.00871931
-0.0127014
-0.0133879
-0.00926856
-0.00199102
0.00487457
0.0074835
0.00487457
-0.000205968
-0.00370742
-0.00377608
-0.00199102
-0.0010985
-0.00226565
-0.00411936
-0.00439398
-0.00260893
-0.000137312
0.000617904
-0.00199102
-0.00762081
-0.0140745
-0.0181252
-0.0174386
-0.0121521
-0.00494323
-6.8656e-05
-0.00068656
-0.00707156
-0.0154476
-0.0204595
-0.0185371
-0.0108476
-0.00240296
0.00212834
0.00157909
-0.0010985
-0.00240296
-0.00130446
0.00068656
0.00137312
-6.8656e-05
-0.00302086
-0.00659097
-0.0098178
-0.0112596
-0.00933721
-0.0034328
0.00418801
0.00878796
0.00665963
-0.00157909
-0.0114655
-0.0175073
-0.0174386
-0.0132506
-0.00851334
-0.00611038
-0.00652232
-0.00871931
-0.0107103
-0.010985
-0.00926856
-0.00645366
-0.00336414
-0.000274624
0.00240296
0.00322683
0.000961184
-0.0034328
-0.00672828
-0.00604173
-0.00102984
0.00549248
0.00974915
0.00995512
0.00700291
0.00336414
0.000961184
0.000274624
0.000823872
0.00130446
6.8656e-05
-0.00329549
-0.00720888
-0.0091999
-0.00830737
-0.00672828
-0.00755216
-0.0122894
-0.0190177
-0.023755
-0.0223818
-0.0142804
-0.00308952
0.00494323
0.00556113
-0.00102984
-0.010573
-0.0175759
-0.0181252
-0.0116715
-0.00068656
0.0101611
0.0168894
0.0170267
0.0108476
0.00116715
-0.00796409
-0.0136625
-0.0156536
-0.0158595
-0.0155849
-0.0148297
-0.0132506
-0.0113969
-0.0101611
-0.00947452
-0.00865065
-0.00741484
-0.00665963
-0.00796409
-0.0113969
-0.0148983
-0.0158595
-0.0131819
-0.00844468
-0.00473726
-0.00391339
-0.00562979
-0.0081014
-0.00968049
-0.00974915
-0.00871931
-0.0074835
-0.00652232
-0.00617904
-0.00707156
-0.00954318
-0.0124954
-0.0133879
-0.00995512
-0.00295221
0.00411936
0.00762081
0.00672828
0.00377608
0.00164774
0.00144178
0.00151043
-0.000274624
-0.00473726
-0.0103671
-0.014761
-0.0158595
-0.0133193
-0.00851334
-0.00370742
-0.0010985
-0.00164774
-0.00439398
-0.0074835
-0.0102297
-0.0131133
-0.0164088
-0.0185371
-0.0181252
-0.0157909
-0.0139372
-0.0142118
-0.0162028
-0.0179192
-0.0174386
-0.0140745
-0.00844468
-0.00199102
0.00398205
0.00892528
0.01277
0.0151043
0.014967
0.0111909
0.00432533
-0.00288355
-0.0068656
-0.00631635
-0.00357011
-0.00274624
-0.00583576
-0.0110536
-0.0150357
-0.0159282
-0.0148297
-0.0142804
-0.0153103
-0.0173013
-0.018949
-0.0197043
-0.019567
-0.0183998
-0.0162028
-0.0137998
-0.0127014
-0.0133879
-0.0143491
-0.0137998
-0.0114655
-0.00892528
-0.00823872
-0.0106417
-0.0156536
-0.021146
-0.0241669
-0.0225192
-0.0167521
-0.00926856
-0.00274624
0.00102984
0.00151043
-0.00102984
-0.00562979
-0.0105044
-0.0142804
-0.0164088
-0.0165461
-0.0148983
-0.0122894
-0.00988646
-0.00865065
-0.008582
-0.00899393
-0.00871931
-0.00672828
-0.00384473
-0.00281489
-0.00542382
-0.0102297
-0.0136625
-0.0139372
-0.0117402
-0.00865065
-0.00528651
-0.00137312
0.00281489
0.00645366
0.00837603
0.00782678
0.00473726
-0.000137312
-0.00590441
-0.0116715
-0.0163401
-0.0185371
-0.0168207
-0.010985
-0.00267758
0.00425667
0.0057671
0.00068656
-0.00803275
-0.0148983
-0.0163401
-0.0133193
-0.00947452
-0.00741484
-0.00659097
-0.00494323
-0.00116715
0.0040507
0.008582
0.0098178
0.00590441
-0.00219699
-0.010985
-0.0158595
-0.014761
-0.00988646
-0.00583576
-0.00569845
-0.00837603
-0.0108476
-0.0116715
-0.0119461
-0.0130446
-0.0141431
-0.0131819
-0.00974915
-0.0057671
-0.00398205
-0.00521785
-0.00885662
-0.0133879
-0.016958
-0.0180565
-0.0166147
-0.0144864
-0.0135252
-0.0137998
-0.012976
-0.00871931
-0.00151043
0.00501189
0.00720888
0.00453129
-0.000549248
-0.00556113
-0.00947452
-0.0122208
-0.0124954
-0.00933721
-0.00391339
-6.8656e-05
-0.000549248
-0.00432533
-0.00768947
-0.00796409
-0.00611038
-0.00583576
-0.0102297
-0.0186744
-0.0265012
-0.0281489
-0.0219013
-0.0108476
-0.000411936
0.00501189
0.00411936
-0.00116715
-0.00720888
-0.010573
-0.0100238
-0.00707156
-0.00439398
-0.00418801
-0.00700291
-0.010779
-0.012564
-0.0106417
-0.00631635
-0.00151043
0.00329549
0.00871931
0.0142118
0.0177132
0.0177132
0.0146237
0.00995512
0.00597307
0.00446264
0.00549248
0.00727753
0.00714022
0.00398205
-0.00123581
-0.00652232
-0.0100924
-0.0101611
-0.00597307
0.000274624
0.00432533
0.00267758
-0.0040507
-0.0117402
-0.0155162
-0.0137312
-0.00823872
-0.00302086
-0.00164774
-0.00487457
-0.010779
-0.0165461
-0.0204595
-0.0219013
-0.0207341
-0.0167521
-0.0104357
-0.00363877
0.00137312
0.00274624
0.000549248
-0.00329549
-0.00604173
-0.00590441
-0.00315817
0.000617904
0.00377608
0.00542382
0.00542382
0.00439398
0.00267758
0.000137312
-0.00274624
-0.00473726
-0.00411936
-0.000617904
0.00336414
0.00466861
0.0017164
-0.00439398
-0.0104357
-0.0132506
-0.0117402
-0.00741484
-0.00357011
-0.00370742
-0.0091999
-0.0179879
-0.0254714
-0.027737
-0.0239609
-0.0174386
-0.0123581
-0.0100924
-0.00865065
-0.00583576
-0.00123581
0.00315817
0.00508054
0.00363877
0.00034328
-0.0023343
-0.00315817
-0.00267758
-0.00260893
-0.00377608
-0.00569845
-0.00803275
-0.0107103
-0.0138685
-0.0164088
-0.0167521
-0.0141431
-0.00974915
-0.00590441
-0.00398205
-0.00370742
-0.00377608
-0.00411936
-0.00638501
-0.0123581
-0.0208714
-0.0275997
-0.0281489
-0.0219699
-0.0133193
-0.00830737
-0.0101611
-0.0163401
-0.0210087
-0.0200475
-0.0138685
-0.00569845
0.00130446
0.00494323
0.0040507
-0.00137312
-0.00892528
-0.0148983
-0.0164774
-0.0138685
-0.00974915
-0.00693425
-0.00631635
-0.00672828
-0.00631635
-0.00425667
-0.00123581
0.00123581
0.0017164
-0.000411936
-0.00453129
-0.00865065
-0.0106417
-0.00974915
-0.00679694
-0.00398205
-0.00315817
-0.00528651
-0.0104357
-0.0173013
-0.0225878
-0.0225192
-0.0154476
-0.00398205
0.00597307
0.00995512
0.00762081
0.00260893
-0.000411936
0.000549248
0.00432533
0.00734619
0.00631635
0
-0.0100238
-0.0194983
-0.0236177
-0.0197729
-0.00995512
0.000755216
0.00700291
0.00659097
0.0010985
-0.00569845
-0.00961184
-0.0081014
-0.0017164
0.00583576
0.0100924
0.00954318
0.00611038
0.00254027
0.00034328
-0.000823872
-0.00185371
-0.00288355
-0.00357011
-0.00336414
-0.00205968
0.000274624
0.00308952
0.00528651
0.0051492
0.00137312
-0.00549248
-0.0128387
-0.0173013
-0.01737
-0.0140058
-0.0100238
-0.00762081
-0.00720888
-0.00727753
-0.00652232
-0.00542382
-0.00583576
-0.00906259
-0.0144864
-0.0209401
-0.027531
-0.0326802
-0.0333668
-0.027531
-0.0168207
-0.00611038
-0.000137312
-0.000549248
-0.00535517
-0.0102984
-0.0115342
-0.00830737
-0.0040507
-0.00315817
-0.00707156
-0.0131133
-0.0166834
-0.0148983
-0.0091999
-0.00350145
-0.000892528
-0.00144178
-0.00336414
-0.00501189
-0.00562979
-0.00501189
-0.00329549
-0.0010985
0.000205968
-0.000755216
-0.00432533
-0.00933721
-0.0133879
-0.0145551
-0.0124954
-0.00871931
-0.00542382
-0.00391339
-0.00446264
-0.00617904
-0.00817006
-0.00995512
-0.0118088
-0.0141431
-0.0166834
-0.0181252
-0.0175759
-0.015173
-0.0115342
-0.00734619
-0.00260893
0.00192237
0.00480592
0.00453129
0.000480592
-0.00652232
-0.0148983
-0.0223818
-0.0272564
-0.0282176
-0.0246475
-0.0174386
-0.00926856
-0.00398205
-0.00439398
-0.00988646
-0.0163401
-0.0194296
-0.0180565
-0.0150357
-0.0138685
-0.0152416
-0.0164774
-0.0148983
-0.0105044
-0.00638501
-0.00583576
-0.0098178
-0.0164088
-0.0223132
-0.0243729
-0.0216266
-0.0155849
-0.00940587
-0.00569845
-0.00508054
-0.00583576
-0.00597307
-0.00425667
-0.00151043
0.000892528
0.00192237
0.0017164
0.000823872
0.000205968
-0.000137312
-0.000617904
-0.00199102
-0.00473726
-0.00878796
-0.0133193
-0.016958
-0.0182625
-0.0155162
-0.00851334
0.000137312
0.00528651
0.00260893
-0.00803275
-0.021146
-0.0297967
-0.0302086
-0.0242356
-0.0168894
-0.0124954
-0.0129073
-0.017164
-0.0219013
-0.0228624
-0.0181252
-0.0104357
-0.00508054
-0.00535517
-0.00913124
-0.0116029
-0.00947452
-0.00411936
0.000549248
0.00137312
-0.0017164
-0.00652232
-0.0102984
-0.0120148
-0.0120835
-0.0115342
-0.0111909
-0.0104357
-0.00837603
-0.00508054
-0.00205968
-0.00116715
-0.00315817
-0.00672828
-0.00940587
-0.00954318
-0.00727753
-0.00391339
-0.00130446
-0.00034328
-0.000823872
-0.00219699
-0.00432533
-0.00700291
-0.00933721
-0.0105044
-0.0111909
-0.012976
-0.0162715
-0.018949
-0.0185371
-0.0144864
-0.00906259
-0.00473726
-0.00308952
-0.00439398
-0.00803275
-0.0129073
-0.0170953
-0.0187431
-0.0172326
-0.0135252
-0.00988646
-0.00844468
-0.00974915
-0.012564
-0.0145551
-0.0138685
-0.010779
-0.0074835
-0.0068656
-0.0102984
-0.0161342
-0.0212147
-0.0227938
-0.0198416
-0.0133193
-0.00569845
0
0.00192237
0.000617904
-0.00144178
-0.00240296
-0.00205968
-0.00192237
-0.00302086
-0.00542382
-0.00817006
-0.010779
-0.0133193
-0.0157909
-0.0167521
-0.0142804
-0.00789544
0.000411936
0.00734619
0.010573
0.00940587
0.00521785
0.000205968
-0.00370742
-0.00569845
-0.00638501
-0.00693425
-0.00768947
-0.00755216
-0.00556113
-0.00157909
0.00308952
0.00631635
0.00659097
0.00350145
-0.00219699
-0.00926856
-0.0156536
-0.0187431
-0.0165461
-0.00974915
-0.00205968
0.00260893
0.00267758
6.8656e-05
-0.00185371
-0.000892528
0.00315817
0.00803275
0.00974915
0.00466861
-0.00741484
-0.0224505
-0.0342593
-0.03831
-0.034122
-0.0245788
-0.0144178
-0.00782678
-0.00768947
-0.0135939
-0.021558
-0.0260206
-0.023755
-0.0167521
-0.00995512
-0.00652232
-0.00590441
-0.00624769
-0.00734619
-0.0098178
-0.0123581
-0.0119461
-0.00707156
-6.8656e-05
0.00494323
0.00542382
0.00116715
-0.0057671
-0.0122208
-0.015173
-0.0133193
-0.0081014
-0.00322683
-0.0023343
-0.00631635
-0.0128387
-0.0182625
-0.0204595
-0.0203222
-0.0194296
-0.0176446
-0.0138685
-0.00755216
-0.00034328
0.0057671
0.00961184
0.010985
0.0102297
0.00775812
0.00377608
-0.0010985
-0.00556113
-0.00817006
-0.00830737
-0.00700291
-0.00659097
-0.00837603
-0.0113969
-0.0134566
-0.0131133
-0.0109163
-0.00851334
-0.00679694
-0.00535517
-0.00350145
-0.00144178
-0.000205968
-0.000411936
-0.00130446
-0.00164774
-0.000892528
0.000480592
0.00157909
0.0017164
0.000137312
-0.00350145
-0.00892528
-0.0144864
-0.0177819
-0.0164088
-0.0102297
-0.00226565
0.00295221
0.00267758
-0.00178506
-0.00631635
-0.00734619
-0.00480592
-0.00164774
-0.00116715
-0.00418801
-0.00865065
-0.0110536
-0.00940587
-0.00466861
0.000205968
0.00219699
-0.000137312
-0.00549248
-0.0109163
-0.0133193
-0.0113282
-0.00638501
-0.00123581
0.00219699
0.0034328
0.00240296
-0.00102984
-0.00624769
-0.0116029
-0.0146924
-0.0137312
-0.00844468
-0.000961184
0.00556113
0.008582
0.00789544
0.00535517
0.00302086
0.00178506
0.00137312
0.000823872
-0.00034328
-0.00164774
-0.00219699
-0.00151043
-0.000961184
-0.00267758
-0.00768947
-0.0139372
-0.0175759
-0.0163401
-0.0114655
-0.00693425
-0.00617904
-0.00940587
-0.0137998
-0.0161342
-0.0157909
-0.0148983
-0.0162715
-0.0201849
-0.0234117
-0.0212834
-0.0121521
0.000755216
0.0113282
0.0152416
0.0122208
0.00439398
-0.00494323
-0.0124267
-0.0153789
-0.0134566
-0.0100238
-0.00954318
-0.0135252
-0.0188117
-0.0212834
-0.0197043
-0.0161342
-0.0129073
-0.0106417
-0.00817006
-0.00446264
-0.00102984
-0.000961184
-0.00617904
-0.0144864
-0.0208028
-0.0212147
-0.0155162
-0.00672828
0.0017164
0.00734619
0.00968049
0.00933721
0.00768947
0.00590441
0.00446264
0.00281489
0.000823872
-0.00068656
-0.000823872
-6.8656e-05
0.000205968
-0.00130446
-0.00446264
-0.00817006
-0.0111223
-0.0124267
-0.0112596
-0.00775812
-0.00377608
-0.00212834
-0.00446264
-0.0098178
-0.0157909
-0.0199789
-0.0210774
-0.0188804
-0.0140058
-0.00837603
-0.00418801
-0.00247161
-0.00260893
-0.00391339
-0.00611038
-0.0091999
-0.0120835
-0.0135939
-0.0131819
-0.0111909
-0.00892528
-0.00837603
-0.0104357
-0.0137998
-0.0154476
-0.0134566
-0.00851334
-0.00308952
-0.000205968
-0.00192237
-0.00844468
-0.01737
-0.0243729
-0.025746
-0.0205281
-0.0112596
-0.00254027
0.00164774
-6.8656e-05
-0.00597307
-0.0128387
-0.0168207
-0.0153103
-0.00762081
0.00322683
0.0113969
0.010985
6.8656e-05
-0.0170953
-0.031925
-0.0367309
-0.0293161
-0.0146924
-0.00123581
0.00487457
0.00302086
-0.00254027
-0.00720888
-0.00830737
-0.00645366
-0.00384473
-0.00308952
-0.00556113
-0.0100924
-0.0134566
-0.0131819
-0.00954318
-0.00521785
-0.00274624
-0.00205968
-0.00123581
0.00116715
0.00466861
0.00693425
0.0057671
0.000549248
-0.00762081
-0.0159968
-0.0216266
-0.0221072
-0.0179192
-0.0115342
-0.00583576
-0.00247161
-0.00178506
-0.00350145
-0.00672828
-0.00947452
-0.00961184
-0.00645366
-0.00164774
0.00219699
0.00267758
-0.00068656
-0.00604173
-0.010573
-0.0121521
-0.0110536
-0.00940587
-0.0091999
-0.010573
-0.0124267
-0.0132506
-0.0122894
-0.00961184
-0.00645366
-0.00425667
-0.00432533
-0.00707156
-0.0118088
-0.0164088
-0.018949
-0.0188804
-0.0166834
-0.0133193
-0.0091999
-0.00466861
-0.000480592
0.00281489
0.0051492
0.00659097
0.0068656
0.00528651
0.00164774
-0.00363877
-0.00913124
-0.01277
-0.01277
-0.00885662
-0.00281489
0.0017164
0.00157909
-0.00357011
-0.0103671
-0.0138685
-0.0111909
-0.00480592
-0.000755216
-0.0034328
-0.0118088
-0.0205281
-0.0245788
-0.0225878
-0.0164088
-0.00961184
-0.00569845
-0.00672828
-0.0118088
-0.0175073
-0.0196356
-0.0162028
-0.00871931
-0.00102984
0.00288355
0.00178506
-0.00205968
-0.00508054
-0.00521785
-0.00336414
-0.00260893
-0.00487457
-0.00954318
-0.0139372
-0.0166834
-0.0181938
-0.0199102
-0.0217639
-0.0227938
-0.0223818
-0.0209401
-0.0188804
-0.0159968
-0.0120835
-0.00782678
-0.00501189
-0.00508054
-0.00734619
-0.00974915
-0.0100924
-0.00789544
-0.00411936
-0.000274624
0.00240296
0.00391339
0.00432533
0.00302086
-0.00123581
-0.00899393
-0.018949
-0.0280116
-0.032337
-0.029934
-0.0219013
-0.0119461
-0.00370742
0.000961184
0.00185371
0.000205968
-0.0023343
-0.00411936
-0.00459995
-0.00494323
