LECROYHDO9204-MSöv,30454,Waveform
Segments,1,SegmentSize,2002
Ampl
-0.0114655
-0.010985
-0.008582
-0.00473726
-0.000823872
0.00130446
0.000961184
-0.000892528
-0.00322683
-0.00645366
-0.0113969
-0.0168207
-0.019567
-0.0165461
-0.00844468
0.000137312
0.00363877
-0.000274624
-0.00913124
-0.0179879
-0.0227938
-0.0226565
-0.0192923
-0.014761
-0.010779
-0.00817006
-0.00741484
-0.008582
-0.0111223
-0.0137312
-0.0155849
-0.0170267
-0.0187431
-0.0203222
-0.0200475
-0.0166834
-0.0113969
-0.00638501
-0.00370742
-0.00418801
-0.00782678
-0.0132506
-0.0181252
-0.0197043
-0.0172326
-0.0120835
-0.00679694
-0.00322683
-0.00178506
-0.00192237
-0.00295221
-0.00459995
-0.0074835
-0.0120148
-0.0164774
-0.0181938
-0.0153789
-0.00865065
-0.000617904
0.00611038
0.0098178
0.0108476
0.0104357
0.0091999
0.00638501
0.00116715
-0.0057671
-0.0122208
-0.0162715
-0.0177132
-0.0174386
-0.0161342
-0.0141431
-0.0116029
-0.00947452
-0.00947452
-0.0124954
-0.0173013
-0.0205968
-0.0197043
-0.0144178
-0.00720888
-0.0010985
0.0017164
0.000823872
-0.00377608
-0.0113282
-0.0203222
-0.0278057
-0.0300713
-0.0253341
-0.0156536
-0.00617904
-0.00157909
-0.00274624
-0.00693425
-0.0106417
-0.0124267
-0.0133193
-0.0148297
-0.0175759
-0.0207341
-0.0234803
-0.0252654
-0.0258146
-0.0243042
-0.0203222
-0.0154476
-0.0129073
-0.0150357
-0.0209401
-0.0269818
-0.0295221
-0.0267072
-0.0188804
-0.00871931
-0.00185371
-0.00837603
-0.0431846
-0.123375
-0.259382
-0.444891
-0.652918
-0.844812
-0.988097
-1.07103
-1.10364
-1.10804
-1.10584
-1.10996
-1.12328
-1.14154
-1.15795
-1.16722
-1.16825
-1.16317
-1.15603
-1.15081
-1.15019
-1.15479
-1.16173
-1.16592
-1.16296
-1.15239
-1.13763
-1.12376
-1.1136
-1.10605
-1.09836
-1.08957
-1.08161
-1.07756
-1.07817
-1.08167
-1.0847
-1.08442
-1.07955
-1.07151
-1.06479
-1.06396
-1.07042
-1.08071
-1.08902
-1.09225
-1.09218
-1.09314
-1.09788
-1.10495
-1.11161
-1.11683
-1.12266
-1.13015
-1.13756
-1.14189
-1.14271
-1.14216
-1.14244
-1.14333
-1.14271
-1.13887
-1.13262
-1.1263
-1.12198
-1.11957
-1.11772
-1.11559
-1.11394
-1.11422
-1.11669
-1.11998
-1.1215
-1.11985
-1.11628
-1.11408
-1.11504
-1.11779
-1.11992
-1.12047
-1.12005
-1.11923
-1.11765
-1.11552
-1.11429
-1.11538
-1.11841
-1.12088
-1.12081
-1.11895
-1.11882
-1.12349
-1.13269
-1.14264
-1.14964
-1.1526
-1.15164
-1.14635
-1.13523
-1.11806
-1.09596
-1.06939
-1.03719
-0.997434
-0.949581
-0.895205
-0.837054
-0.77849
-0.722398
-0.670288
-0.621474
-0.573964
-0.525012
-0.472422
-0.415506
-0.357629
-0.304833
-0.262403
-0.231027
-0.206448
-0.183311
-0.159556
-0.137037
-0.118981
-0.106897
-0.0998258
-0.0957064
-0.0926169
-0.0887722
-0.0832797
-0.0766887
-0.0705097
-0.0659097
-0.0628202
-0.0606232
-0.0595247
-0.0605546
-0.0637127
-0.0671455
-0.0676261
-0.0630948
-0.0539636
-0.0431846
-0.0350145
-0.0322683
-0.0350832
-0.0407816
-0.0459308
-0.0484025
-0.0482651
-0.0471667
-0.0466174
-0.0464114
-0.044695
-0.0398205
-0.0317877
-0.0231371
-0.0168894
-0.0148983
-0.0166147
-0.0197729
-0.0226565
-0.0254714
-0.0286295
-0.0311698
-0.0315817
-0.0298653
-0.0282176
-0.0282863
-0.0295221
-0.029934
-0.0280803
-0.0249221
-0.0229311
-0.0243042
-0.0286982
-0.033916
-0.0367309
-0.0354265
-0.0302086
-0.0232057
-0.0172326
-0.0137998
-0.0126327
-0.0117402
-0.0104357
-0.0103671
-0.0137312
-0.0205968
-0.0282176
-0.0330922
-0.0331608
-0.0291101
-0.0232744
-0.018949
-0.0183998
-0.0216266
-0.0260893
-0.0286982
-0.0283549
-0.0262266
-0.0240296
-0.0223818
-0.0206654
-0.019155
-0.0188117
-0.0206654
-0.0234803
-0.0241669
-0.0203222
-0.0124267
-0.00391339
0.000892528
0.000137312
-0.00542382
-0.0131133
-0.019361
-0.021558
-0.0194296
-0.0160655
-0.0153103
-0.0192237
-0.0258833
-0.031925
-0.0353578
-0.036525
-0.0361817
-0.0343966
-0.0308265
-0.025746
-0.0208028
-0.0173013
-0.015173
-0.01277
-0.00892528
-0.00439398
-0.00116715
-0.000411936
-0.00137312
-0.0023343
-0.00267758
-0.00288355
-0.00370742
-0.0051492
-0.00720888
-0.00988646
-0.012976
-0.0158595
-0.0178506
-0.0186744
-0.0179879
-0.0154476
-0.0113969
-0.0074835
-0.00569845
-0.00645366
-0.00871931
-0.0107103
-0.0120835
-0.0126327
-0.0116029
-0.00844468
-0.00439398
-0.00212834
-0.00288355
-0.00542382
-0.00679694
-0.00521785
-0.00116715
0.00281489
0.00446264
0.00274624
-0.0010985
-0.00494323
-0.00672828
-0.0057671
-0.00308952
-0.000961184
-0.000823872
-0.00247161
-0.0040507
-0.00418801
-0.00336414
-0.0040507
-0.0081014
-0.0145551
-0.0208028
-0.0240296
-0.0230684
-0.0181938
-0.0110536
-0.00418801
-0.000480592
-0.00102984
-0.00487457
-0.00933721
-0.0118088
-0.0111909
-0.00906259
-0.00823872
-0.0105044
-0.0148297
-0.0183998
-0.0188117
-0.0155849
-0.0100924
-0.00391339
0.00123581
0.00377608
0.00288355
-0.000823872
-0.00508054
-0.00768947
-0.00844468
-0.00865065
-0.00968049
-0.0122894
-0.0162028
-0.0198416
-0.0205968
-0.0168207
-0.00961184
-0.00212834
0.00274624
0.00439398
0.00377608
0.00192237
-0.000411936
-0.00226565
-0.00254027
-0.0017164
-0.0023343
-0.00631635
-0.0121521
-0.0157222
-0.0135252
-0.00665963
0.000137312
0.00178506
-0.00308952
-0.0116029
-0.0184685
-0.0194983
-0.0135939
-0.00370742
0.00521785
0.00844468
0.00466861
-0.00357011
-0.0122894
-0.0179879
-0.0188804
-0.0154476
-0.0106417
-0.00796409
-0.00865065
-0.0111223
-0.01277
-0.0122894
-0.00954318
-0.00487457
-6.8656e-05
0.00144178
-0.00260893
-0.0109163
-0.0190177
-0.0232057
-0.0236863
-0.0229997
-0.0217639
-0.0181938
-0.010573
-0.000549248
0.00803275
0.0119461
0.0104357
0.00569845
0.000411936
-0.00281489
-0.00254027
0.00116715
0.00631635
0.0091999
0.00693425
-0.000480592
-0.00995512
-0.016958
-0.0183998
-0.0144178
-0.00844468
-0.00501189
-0.00597307
-0.00968049
-0.0122208
-0.0103671
-0.00398205
0.00439398
0.0111909
0.0140745
0.012976
0.00961184
0.00542382
0.00034328
-0.00631635
-0.0139372
-0.0200475
-0.0223132
-0.0206654
-0.0173013
-0.0146237
-0.0134566
-0.0124954
-0.00974915
-0.00480592
0.000205968
0.00185371
-0.00116715
-0.00755216
-0.0144178
-0.018949
-0.0202535
-0.018949
-0.0162028
-0.0120148
-0.0057671
0.00178506
0.00768947
0.00899393
0.00542382
-0.000549248
-0.00562979
-0.00782678
-0.00707156
-0.00432533
-0.00102984
0.00205968
0.00425667
0.00480592
0.00288355
-0.00137312
-0.00631635
-0.00940587
-0.00892528
-0.00542382
-0.00164774
-0.000755216
-0.00411936
-0.0101611
-0.015173
-0.0155849
-0.0107103
-0.00322683
0.00274624
0.00411936
-0.000137312
-0.00803275
-0.0155849
-0.0185371
-0.0157222
-0.00913124
-0.00240296
0.00151043
0.000892528
-0.00432533
-0.0124954
-0.0200475
-0.0232057
-0.0196356
-0.010573
-0.000480592
0.00556113
0.00542382
0.00151043
-0.00205968
-0.00329549
-0.00295221
-0.00212834
-0.00102984
0.000411936
0.00178506
0.00199102
0.000480592
-0.00226565
-0.00480592
-0.00597307
-0.00542382
-0.00466861
-0.00508054
-0.00693425
-0.00926856
-0.0104357
-0.00933721
-0.00562979
-0.00034328
0.0040507
0.00473726
0.000961184
-0.0051492
-0.00940587
-0.00892528
-0.00370742
0.00267758
0.00569845
0.00240296
-0.00590441
-0.0139372
-0.0156536
-0.00926856
0.000480592
0.0057671
0.0023343
-0.00720888
-0.0162028
-0.0199102
-0.0186058
-0.0158595
-0.014761
-0.0158595
-0.0178506
-0.0190864
-0.0183998
-0.0153103
-0.0101611
-0.0040507
0.00102984
0.00329549
0.00219699
-0.000961184
-0.00411936
-0.00611038
-0.00782678
-0.0104357
-0.0134566
-0.0143491
-0.0113282
-0.00597307
-0.00178506
-0.00144178
-0.00494323
-0.00974915
-0.0130446
-0.0133879
-0.0112596
-0.0081014
-0.00562979
-0.00494323
-0.00569845
-0.00645366
-0.00562979
-0.00329549
-0.00151043
-0.00226565
-0.0051492
-0.00755216
-0.00734619
-0.00459995
-0.000823872
0.00219699
0.0034328
0.00240296
-0.000617904
-0.00466861
-0.00830737
-0.00974915
-0.00878796
-0.0068656
-0.00617904
-0.00762081
-0.00961184
-0.00933721
-0.00549248
0.000137312
0.0040507
0.00425667
0.0023343
0.000892528
0.000274624
-0.00240296
-0.00954318
-0.019361
-0.0264325
-0.0269131
-0.021558
-0.014967
-0.0109163
-0.00933721
-0.00693425
-0.000892528
0.00803275
0.0153103
0.0164088
0.0111223
0.00439398
0.00157909
0.00357011
0.00638501
0.00542382
-0.000617904
-0.00871931
-0.014761
-0.0159968
-0.0122894
-0.00597307
-0.000411936
0.00157909
-0.00130446
-0.00789544
-0.0142118
-0.0157222
-0.0109163
-0.00274624
0.00370742
0.00535517
0.00240296
-0.00315817
-0.00865065
-0.0120148
-0.0122894
-0.0102297
-0.00734619
-0.00487457
-0.00363877
-0.00487457
-0.00871931
-0.0137312
-0.0173013
-0.0179879
-0.0159282
-0.0118775
-0.00707156
-0.00322683
-0.00267758
-0.00556113
-0.00913124
-0.00926856
-0.00439398
0.0023343
0.00535517
0.0010985
-0.00885662
-0.0194296
-0.0251281
-0.0236863
-0.0166834
-0.0081014
-0.0017164
0.000549248
6.8656e-05
-6.8656e-05
0.00192237
0.00494323
0.00604173
0.00384473
-0.000411936
-0.00453129
-0.00679694
-0.00665963
-0.00501189
-0.00315817
-0.00254027
-0.0034328
-0.00521785
-0.00679694
-0.00789544
-0.00899393
-0.0102297
-0.0116029
-0.0124954
-0.012976
-0.0133193
-0.0144178
-0.0161342
-0.0174386
-0.0167521
-0.0140745
-0.0118088
-0.0123581
-0.0155162
-0.0183311
-0.0174386
-0.0122208
-0.00556113
-0.0017164
-0.00267758
-0.00714022
-0.0112596
-0.0120835
-0.0091999
-0.00453129
-0.0010985
-0.00116715
-0.00453129
-0.00844468
-0.00995512
-0.00830737
-0.00556113
-0.00521785
-0.00878796
-0.0146924
-0.0190864
-0.0190177
-0.0142118
-0.00707156
-0.000823872
0.00212834
0.000892528
-0.00377608
-0.00988646
-0.014967
-0.01737
-0.0174386
-0.017164
-0.0185371
-0.0219013
-0.0254714
-0.0265012
-0.0234117
-0.0161342
-0.00665963
0.00192237
0.00645366
0.0057671
0.000755216
-0.00535517
-0.00871931
-0.00720888
-0.0023343
0.00260893
0.00446264
0.00254027
-0.00164774
-0.00569845
-0.0074835
-0.00638501
-0.00370742
-0.00116715
-0.000274624
-0.0017164
-0.00549248
-0.0111223
-0.0175073
-0.0229997
-0.0261579
-0.02554
-0.0207341
-0.0132506
-0.00624769
-0.00192237
-0.00068656
-0.00102984
-0.00164774
-0.00212834
-0.00226565
-0.00199102
-0.00192237
-0.00350145
-0.00741484
-0.0118775
-0.0142804
-0.012976
-0.008582
-0.00336414
0.000480592
0.00144178
-0.000274624
-0.00315817
-0.00528651
-0.0057671
-0.00569845
-0.00645366
-0.00817006
-0.00968049
-0.0102297
-0.0101611
-0.00968049
-0.00823872
-0.00562979
-0.00281489
-0.00123581
-0.00164774
-0.00302086
-0.0040507
-0.00418801
-0.00411936
-0.00459995
-0.00631635
-0.00940587
-0.0128387
-0.0146237
-0.0134566
-0.0098178
-0.00569845
-0.00288355
-0.00185371
-0.00240296
-0.00357011
-0.00425667
-0.00384473
-0.00281489
-0.00247161
-0.00370742
-0.00604173
-0.0081014
-0.00885662
-0.0091999
-0.0107103
-0.0139372
-0.0167521
-0.0163401
-0.0121521
-0.00707156
-0.00487457
-0.00652232
-0.0101611
-0.0122894
-0.0107103
-0.00549248
0.000755216
0.00501189
0.00583576
0.00384473
0.000480592
-0.00357011
-0.00823872
-0.0130446
-0.0170267
-0.0190864
-0.0186744
-0.0154476
-0.00968049
-0.00322683
0.00068656
-0.000549248
-0.00672828
-0.0145551
-0.0190177
-0.01737
-0.010985
-0.00480592
-0.00226565
-0.00315817
-0.00487457
-0.00528651
-0.0040507
-0.00102984
0.00398205
0.0100238
0.0140745
0.0122894
0.00329549
-0.0100238
-0.0219013
-0.0270505
-0.0240296
-0.0160655
-0.00817006
-0.00418801
-0.00425667
-0.00556113
-0.00617904
-0.0068656
-0.0100238
-0.0162028
-0.0221759
-0.0234803
-0.0185371
-0.0109163
-0.0057671
-0.00549248
-0.00865065
-0.0118775
-0.0131819
-0.0120835
-0.00878796
-0.00425667
-0.000411936
0.000823872
-0.00178506
-0.00741484
-0.0142118
-0.0203222
-0.0242356
-0.0245788
-0.0205968
-0.0137998
-0.00803275
-0.00679694
-0.0108476
-0.0173013
-0.0220386
-0.0226565
-0.0194983
-0.0146924
-0.0104357
-0.00782678
-0.00707156
-0.00768947
-0.00906259
-0.0103671
-0.0104357
-0.00878796
-0.00659097
-0.00583576
-0.0074835
-0.00995512
-0.0104357
-0.00768947
-0.0023343
0.00363877
0.00789544
0.0091999
0.00823872
0.0081014
0.010779
0.014967
0.0168207
0.0132506
0.00473726
-0.00542382
-0.0131133
-0.0160655
-0.0146237
-0.0111909
-0.0081014
-0.00645366
-0.00604173
-0.00727753
-0.0103671
-0.0146924
-0.0188804
-0.0214207
-0.0214207
-0.0185371
-0.0133879
-0.00823872
-0.00569845
-0.0068656
-0.0108476
-0.0155849
-0.0183998
-0.0168207
-0.010985
-0.00466861
-0.00281489
-0.00803275
-0.0181252
-0.027943
-0.0331608
-0.0322683
-0.025746
-0.0152416
-0.00329549
0.00665963
0.0111223
0.00899393
0.00219699
-0.00487457
-0.00817006
-0.00590441
0.000205968
0.00638501
0.00865065
0.00480592
-0.00391339
-0.0135939
-0.0201162
-0.0219013
-0.0194296
-0.0140058
-0.00714022
-0.00102984
0.00178506
0.000549248
-0.00322683
-0.00665963
-0.00796409
-0.00714022
-0.00556113
-0.00439398
-0.00398205
-0.00425667
-0.00562979
-0.00803275
-0.0100238
-0.00954318
-0.00590441
-0.000274624
0.00432533
0.00439398
-0.00205968
-0.0135252
-0.0246475
-0.03014
-0.0289042
-0.0240982
-0.0197729
-0.016958
-0.0145551
-0.0118775
-0.00926856
-0.00700291
-0.00466861
-0.00178506
0.0010985
0.00315817
0.0040507
0.0040507
0.00329549
0.00116715
-0.00274624
-0.00796409
-0.0126327
-0.0146924
-0.012976
-0.00762081
0
0.0074835
0.0116029
0.0101611
0.00411936
-0.00267758
-0.00631635
-0.00535517
-0.0017164
0.00123581
0.0010985
-0.00260893
-0.00782678
-0.0113282
-0.0112596
-0.00837603
-0.00487457
-0.00226565
-0.000755216
6.8656e-05
0
-0.00137312
-0.00425667
-0.00803275
-0.0112596
-0.0122894
-0.010573
-0.00707156
-0.00398205
-0.00226565
-0.00164774
-0.00116715
-0.000617904
0.000205968
0.00157909
0.00357011
0.00528651
0.00611038
0.00611038
0.0057671
0.0051492
0.00370742
0.00116715
-0.00219699
-0.0051492
-0.00659097
-0.00652232
-0.00604173
-0.00617904
-0.00665963
-0.00652232
-0.00501189
-0.00274624
-0.00130446
-0.00199102
-0.00357011
-0.00302086
0.00157909
0.00817006
0.0121521
0.0105044
0.00501189
0.00068656
0.000961184
0.00501189
0.00885662
0.00837603
0.00260893
-0.00569845
-0.0115342
-0.0107103
-0.00302086
0.00679694
0.01277
0.0113282
0.00391339
-0.00535517
-0.0126327
-0.0163401
-0.0159968
-0.0115342
-0.00363877
0.00446264
0.00844468
0.00638501
0.00034328
-0.0057671
-0.00926856
-0.0103671
-0.0098178
-0.00775812
-0.00439398
-0.000755216
0.000892528
-0.00144178
-0.00762081
-0.0145551
-0.0185371
-0.0175759
-0.0129073
-0.00741484
-0.00391339
-0.00363877
-0.00617904
-0.00968049
-0.0120835
-0.012564
-0.0116715
-0.0105044
-0.00878796
-0.00549248
-0.000411936
0.00446264
0.00679694
0.0057671
0.00274624
-6.8656e-05
-0.00164774
-0.00295221
-0.00542382
-0.0091999
-0.0118775
-0.0114655
-0.00906259
-0.00755216
-0.0081014
-0.00830737
-0.00494323
0.00254027
0.0102984
0.0127014
0.00693425
-0.00466861
-0.0158595
-0.021146
-0.0190864
-0.0127014
-0.00597307
-0.00205968
-0.00144178
-0.00199102
-0.00034328
0.00508054
0.0120835
0.0156536
0.01277
0.00501189
-0.00281489
-0.00679694
-0.00590441
-0.00212834
0.00137312
0.00254027
0.00102984
-0.0023343
-0.00638501
-0.0098178
-0.0116715
-0.0122894
-0.0133193
-0.0161342
-0.0198416
-0.021558
-0.0190864
-0.0128387
-0.00562979
-0.00068656
-6.8656e-05
-0.00315817
-0.00741484
-0.0100924
-0.0104357
-0.0098178
-0.00954318
-0.0098178
-0.00968049
-0.00830737
-0.0057671
-0.00315817
-0.00205968
-0.00315817
-0.00590441
-0.00885662
-0.010985
-0.0115342
-0.00974915
-0.0057671
-0.00164774
0.000549248
0.000617904
0.000205968
0.000274624
0.000549248
0.000892528
0.00151043
0.00151043
-0.00130446
-0.00844468
-0.0180565
-0.02554
-0.0270505
-0.0219699
-0.0139372
-0.00755216
-0.00501189
-0.00494323
-0.00508054
-0.00501189
-0.00604173
-0.00817006
-0.00933721
-0.00762081
-0.00329549
0.000961184
0.00260893
0.0010985
-0.00164774
-0.0034328
-0.00398205
-0.00459995
-0.00659097
-0.0098178
-0.0131819
-0.0152416
-0.0154476
-0.0140745
-0.012564
-0.0118775
-0.0115342
-0.00933721
-0.00336414
0.0057671
0.0142804
0.01737
0.012564
0.00281489
-0.0051492
-0.00542382
0.00123581
0.00823872
0.00885662
0.00123581
-0.0111909
-0.0231371
-0.0303459
-0.029934
-0.0214893
-0.00782678
0.00590441
0.0144864
0.0152416
0.0091999
-0.000137312
-0.0081014
-0.0114655
-0.0102297
-0.00693425
-0.00494323
-0.00652232
-0.0113969
-0.0175073
-0.021352
-0.0194983
-0.010985
0.00130446
0.0111223
0.0133879
0.00762081
-0.00199102
-0.0102297
-0.0139372
-0.0131133
-0.00940587
-0.00556113
-0.00377608
-0.00439398
-0.00590441
-0.00672828
-0.00727753
-0.00892528
-0.0120835
-0.014967
-0.0153103
-0.012564
-0.00844468
-0.00487457
-0.00308952
-0.00308952
-0.00439398
-0.00631635
-0.00817006
-0.00947452
-0.0103671
-0.010985
-0.0124267
-0.0160655
-0.0221072
-0.0286295
-0.032131
-0.0307579
-0.0254027
-0.0182625
-0.0111909
-0.00542382
-0.00199102
-0.00144178
-0.00295221
-0.00487457
-0.00583576
-0.00562979
-0.00535517
-0.00665963
-0.010779
-0.0164774
-0.0205968
-0.0207341
-0.0170953
-0.0116715
-0.00665963
-0.00336414
-0.00212834
-0.00267758
-0.0040507
-0.00528651
-0.00590441
-0.00617904
-0.00700291
-0.00865065
-0.0098178
-0.008582
-0.00398205
0.00219699
0.00617904
0.00542382
0.000411936
-0.00556113
-0.00913124
-0.00892528
-0.00549248
-0.000961184
0.00219699
0.00267758
6.8656e-05
-0.00562979
-0.0136625
-0.0223132
-0.0290415
-0.0315817
-0.0289042
-0.0214207
-0.0113969
-0.00274624
0.000480592
-0.00247161
-0.00830737
-0.0122894
-0.0116715
-0.00796409
-0.00501189
-0.00590441
-0.0107103
-0.0166834
-0.0200475
-0.0184685
-0.0120148
-0.00308952
0.00425667
0.00672828
0.00411936
-0.00068656
-0.00391339
-0.00391339
-0.0017164
-0.000205968
-0.00151043
-0.00535517
-0.00871931
-0.00837603
-0.00398205
0.00123581
0.00350145
0.00164774
-0.00240296
-0.00665963
-0.0100238
-0.0113282
-0.00906259
-0.0034328
0.00322683
0.00755216
0.00789544
0.00487457
0.000892528
-0.00144178
-0.000617904
0.00274624
0.00597307
0.00583576
0.000755216
-0.00803275
-0.0167521
-0.0212147
-0.0199789
-0.0145551
-0.00796409
-0.00205968
0.00288355
0.00665963
0.00796409
0.00604173
0.00185371
-0.00151043
-0.00116715
0.00308952
0.0081014
0.00885662
0.00322683
-0.00631635
-0.0141431
-0.0167521
-0.0146924
-0.0111909
-0.00885662
-0.00789544
-0.00720888
-0.00583576
-0.00411936
-0.0034328
-0.00466861
-0.00727753
-0.00940587
-0.00933721
-0.00707156
-0.00459995
-0.00453129
-0.00768947
-0.0115342
-0.0123581
-0.00933721
-0.00597307
-0.0057671
-0.00823872
-0.00961184
-0.00720888
-0.00240296
0.00137312
0.00164774
-0.00116715
-0.00508054
-0.0081014
-0.00892528
-0.00755216
-0.0051492
-0.00357011
-0.0040507
-0.00645366
-0.00885662
-0.00878796
-0.00611038
-0.00350145
-0.00363877
-0.00624769
-0.008582
-0.00871931
-0.0068656
-0.00466861
-0.00336414
-0.00315817
-0.00308952
-0.00185371
0.000892528
0.00425667
0.00631635
0.00590441
0.00315817
-0.000274624
-0.00254027
-0.0034328
-0.00446264
-0.00741484
-0.0122208
-0.0173013
-0.0206654
-0.021558
-0.0204595
-0.0183998
-0.0155849
-0.0119461
-0.00734619
-0.00205968
0.00281489
0.00569845
0.00597307
0.00473726
0.0040507
0.00556113
0.00878796
0.0113969
0.0102984
0.00453129
-0.00363877
-0.0103671
-0.0135939
-0.0144178
-0.0148983
-0.0157909
-0.0161342
-0.015173
-0.0135939
-0.012564
-0.0124267
-0.01277
-0.0132506
-0.0133879
-0.0124267
-0.00947452
-0.00473726
0.000137312
0.00315817
0.00308952
0
-0.00473726
-0.00933721
-0.0127014
-0.0138685
-0.0126327
-0.00961184
-0.00659097
-0.00487457
-0.00459995
-0.00487457
-0.0051492
-0.00590441
-0.00782678
-0.0107103
-0.0128387
-0.0118088
-0.00707156
-0.00130446
0.00199102
0.00130446
-0.00192237
-0.00494323
-0.00617904
-0.00583576
-0.00453129
-0.00322683
-0.00281489
-0.00391339
-0.00631635
-0.00961184
-0.0131819
-0.0160655
-0.0166834
-0.0144864
-0.0111909
-0.00968049
-0.0115342
-0.0160655
-0.0214207
-0.025952
-0.0278057
-0.0249221
-0.017164
-0.00672828
0.00219699
0.00672828
0.00645366
0.00295221
-0.0017164
-0.00665963
-0.0115342
-0.0157909
-0.0181938
-0.0174386
-0.0137312
-0.00885662
-0.00501189
-0.00329549
-0.00315817
-0.00363877
-0.00439398
-0.00556113
-0.00665963
-0.00645366
-0.00377608
0.000205968
0.00267758
0.00137312
-0.00350145
-0.00968049
-0.0144864
-0.0157222
-0.0126327
-0.00617904
0.000480592
0.00411936
0.0034328
-0.000755216
-0.00672828
-0.0122208
-0.0152416
-0.0152416
-0.0138685
-0.0142804
-0.0181252
-0.0236863
-0.027531
-0.0269818
-0.0221759
-0.0157909
-0.010573
-0.00789544
-0.00720888
-0.00659097
-0.00363877
0.00240296
0.0100924
0.0158595
0.0164088
0.0116715
0.00494323
-6.8656e-05
-0.00226565
-0.00295221
-0.00432533
-0.00762081
-0.0131819
-0.019361
-0.0232744
-0.0226565
-0.0176446
-0.0110536
-0.00672828
-0.00693425
-0.0110536
-0.0162715
-0.019155
-0.0177819
-0.0128387
-0.00659097
-0.00151043
0.00123581
0.00116715
-0.00199102
-0.00782678
-0.0142118
-0.0184685
-0.0190864
-0.0170953
-0.015173
-0.0154476
-0.0183311
-0.0217639
-0.023343
-0.0216953
-0.0174386
-0.0123581
-0.00803275
-0.00487457
-0.00219699
0.00178506
0.00734619
0.0113969
0.0098178
0.00164774
-0.0091999
-0.0168894
-0.0177819
-0.0124267
-0.00439398
0.00164774
0.00219699
-0.00377608
-0.0138685
-0.0234117
-0.0282863
-0.0267758
-0.0210774
-0.014967
-0.0111909
-0.0098178
-0.00899393
-0.00693425
-0.0034328
-0.000205968
0.000617904
-0.00199102
-0.00645366
-0.00913124
-0.00707156
-0.00102984
0.00528651
0.0081014
0.00624769
0.00137312
-0.00446264
-0.00961184
-0.0131133
-0.0145551
-0.0139372
-0.0118088
-0.00892528
-0.00638501
-0.00549248
-0.00665963
-0.00926856
-0.0119461
-0.0133879
-0.0133193
-0.0121521
-0.0111909
-0.0113282
-0.0124954
-0.0137998
-0.0142118
-0.0137312
-0.0124954
-0.00968049
-0.00508054
-0.000137312
0.00260893
0.00185371
-0.0010985
-0.00425667
-0.00679694
-0.00954318
-0.0124954
-0.0139372
-0.0116029
-0.00549248
0.00185371
0.00700291
0.0081014
0.00487457
-0.00130446
-0.00789544
-0.0116715
-0.0113282
-0.00796409
-0.00425667
-0.00199102
-0.00178506
-0.00350145
-0.00659097
-0.0102984
-0.0134566
-0.0155849
-0.0164774
-0.0157909
-0.0129073
-0.00830737
-0.0034328
-0.000274624
0.00034328
-0.000617904
-0.00130446
-0.000549248
0.00137312
0.00295221
0.00302086
0.00157909
-0.00068656
-0.00308952
-0.00508054
-0.00638501
-0.00693425
-0.0074835
-0.00871931
-0.0113282
-0.0153789
-0.0201849
-0.0241669
-0.025746
-0.0240982
-0.0196356
-0.0135252
-0.00741484
-0.0034328
-0.00384473
-0.00865065
-0.014967
-0.0186744
-0.0175073
-0.0127014
-0.0074835
-0.00459995
-0.00466861
-0.00652232
-0.00878796
-0.010985
-0.0131133
-0.014967
-0.015173
-0.0124954
-0.00796409
-0.00473726
-0.00624769
-0.0123581
-0.0188117
-0.0201849
-0.0146924
-0.00611038
-0.00034328
-0.000411936
-0.00508054
-0.0104357
-0.0132506
-0.0122894
-0.00851334
-0.0040507
-0.000480592
0.00178506
0.00336414
0.00384473
0.00199102
-0.00254027
-0.00768947
-0.0102297
-0.008582
-0.00439398
-0.00123581
-0.00178506
-0.00611038
-0.0122894
-0.0176446
-0.0208028
-0.0225192
-0.0243729
-0.0263639
-0.0269818
-0.0249221
-0.0206654
-0.0159282
-0.0123581
-0.0108476
-0.0111909
-0.0123581
-0.0123581
-0.00968049
-0.00411936
0.0023343
0.00672828
0.00659097
0.00212834
-0.00391339
-0.00803275
-0.00885662
-0.00768947
-0.00659097
-0.00659097
-0.00755216
-0.0091999
-0.0111223
-0.0126327
-0.0131133
-0.0119461
-0.00899393
-0.00604173
-0.00542382
-0.00817006
-0.01277
-0.0164774
-0.0177819
-0.01737
-0.0160655
-0.0137312
-0.00968049
-0.00425667
