LECROYHDO9204-MSöv,30454,Waveform
Segments,1,SegmentSize,2002
Ampl
-0.0121521
-0.010779
-0.010573
-0.0124954
-0.0155849
-0.0178506
-0.0177819
-0.0155849
-0.01277
-0.010573
-0.00871931
-0.00604173
-0.00219699
0.0010985
0.00192237
-0.000137312
-0.0034328
-0.00604173
-0.00741484
-0.00878796
-0.0117402
-0.0165461
-0.0212147
-0.0229997
-0.0204595
-0.0144864
-0.00782678
-0.00281489
-0.000274624
6.8656e-05
-0.00068656
-0.00164774
-0.00281489
-0.00501189
-0.008582
-0.0128387
-0.0167521
-0.0199789
-0.0220386
-0.0224505
-0.0210087
-0.0190177
-0.0183998
-0.0201849
-0.0229997
-0.0243042
-0.0223818
-0.0186744
-0.0167521
-0.0190177
-0.0243042
-0.0284922
-0.027531
-0.0205968
-0.0105044
-0.00178506
0.00240296
0.00164774
-0.00219699
-0.00720888
-0.0113282
-0.0129073
-0.0113969
-0.008582
-0.0074835
-0.0102297
-0.0157222
-0.0198416
-0.0188117
-0.0124267
-0.00459995
-0.000411936
-0.00205968
-0.00768947
-0.0131819
-0.0155849
-0.0148983
-0.0127014
-0.0104357
-0.00906259
-0.00892528
-0.0100238
-0.0116715
-0.0131133
-0.0140058
-0.0142804
-0.0136625
-0.0122208
-0.0107103
-0.010779
-0.0133193
-0.0175073
-0.0212834
-0.0227251
-0.0208714
-0.0161342
-0.0103671
-0.00645366
-0.00693425
-0.0121521
-0.019567
-0.0248535
-0.0247161
-0.018949
-0.0111909
-0.00679694
-0.00926856
-0.0181252
-0.0292474
-0.0379668
-0.0416055
-0.0408503
-0.0379668
-0.034534
-0.0295221
-0.0210774
-0.0105044
-0.00700291
-0.0281489
-0.0954318
-0.223132
-0.407336
-0.62168
-0.825519
-0.981849
-1.0735
-1.10763
-1.10776
-1.09884
-1.09699
-1.10763
-1.12843
-1.15287
-1.1734
-1.18363
-1.18129
-1.1701
-1.15802
-1.15321
-1.15884
-1.17086
-1.1802
-1.17992
-1.1701
-1.1572
-1.14779
-1.14319
-1.14017
-1.13454
-1.12404
-1.109
-1.09149
-1.07447
-1.0608
-1.05291
-1.05208
-1.05778
-1.06753
-1.07769
-1.08559
-1.09067
-1.09458
-1.10035
-1.11017
-1.12362
-1.13681
-1.14449
-1.14374
-1.13632
-1.12685
-1.1193
-1.11456
-1.11168
-1.10996
-1.10969
-1.11147
-1.11532
-1.12053
-1.12568
-1.12925
-1.13042
-1.12953
-1.12747
-1.12445
-1.1204
-1.11545
-1.11078
-1.10797
-1.10749
-1.10879
-1.11017
-1.10989
-1.10708
-1.10234
-1.09767
-1.09547
-1.09705
-1.1022
-1.10907
-1.11484
-1.11662
-1.11326
-1.10612
-1.09843
-1.09355
-1.09287
-1.09602
-1.10165
-1.10797
-1.11408
-1.11998
-1.12664
-1.13461
-1.14326
-1.15095
-1.155
-1.15191
-1.13804
-1.11154
-1.07378
-1.02874
-0.980888
-0.932554
-0.883259
-0.830669
-0.773684
-0.714159
-0.656557
-0.60534
-0.561812
-0.523021
-0.483681
-0.439467
-0.389485
-0.336826
-0.286913
-0.244484
-0.210911
-0.184479
-0.162715
-0.14404
-0.128318
-0.115617
-0.106211
-0.100375
-0.098384
-0.0989333
-0.0987959
-0.0947452
-0.0865065
-0.0767574
-0.0687246
-0.064056
-0.0626142
-0.0626829
-0.0622023
-0.0604173
-0.0582203
-0.0567098
-0.0564352
-0.057465
-0.0592501
-0.0609665
-0.0615844
-0.0611038
-0.0597993
-0.0575337
-0.0538263
-0.049295
-0.0456562
-0.0444204
-0.044901
-0.0447637
-0.0417428
-0.0357011
-0.0286295
-0.0234117
-0.0219013
-0.0242356
-0.0288355
-0.0332981
-0.0357011
-0.0357698
-0.0349459
-0.0350145
-0.0352892
-0.0335728
-0.0278057
-0.018949
-0.0104357
-0.0057671
-0.00665963
-0.01277
-0.0223818
-0.031925
-0.0374175
-0.0371429
-0.032131
-0.0252654
-0.0188117
-0.0140058
-0.0114655
-0.0114655
-0.0136625
-0.0172326
-0.021558
-0.0264325
-0.0312385
-0.034534
-0.0344653
-0.0305519
-0.0247848
-0.0202535
-0.0190177
-0.0203222
-0.0221072
-0.0229997
-0.0225192
-0.0208028
-0.0183998
-0.017164
-0.019155
-0.0249221
-0.0322683
-0.0372115
-0.0368683
-0.0315817
-0.0245788
-0.019567
-0.0181938
-0.0187431
-0.0183998
-0.0160655
-0.0131819
-0.0119461
-0.0131133
-0.0157222
-0.0179192
-0.018949
-0.0188117
-0.0182625
-0.0177132
-0.0172326
-0.0165461
-0.0156536
-0.0153789
-0.0163401
-0.0183998
-0.0199102
-0.0192237
-0.0155162
-0.0101611
-0.00590441
-0.00535517
-0.0091999
-0.0157222
-0.0221759
-0.0264325
-0.0269818
-0.0236863
-0.017164
-0.00899393
-0.00144178
0.00274624
0.00178506
-0.00411936
-0.0128387
-0.0212834
-0.0264325
-0.0269818
-0.0230684
-0.0164774
-0.0098178
-0.0057671
-0.00549248
-0.00796409
-0.0104357
-0.0105044
-0.00755216
-0.00370742
-0.00212834
-0.00542382
-0.0130446
-0.0216266
-0.0269818
-0.0269131
-0.0220386
-0.0150357
-0.00906259
-0.00645366
-0.0074835
-0.0104357
-0.0124954
-0.0120835
-0.00906259
-0.00432533
0.000617904
0.00384473
0.00418801
0.00178506
-0.00178506
-0.00494323
-0.0068656
-0.00727753
-0.00631635
-0.00528651
-0.0057671
-0.00844468
-0.0120148
-0.0144178
-0.0146237
-0.012564
-0.00954318
-0.00659097
-0.00459995
-0.00329549
-0.00205968
-0.000549248
0.000961184
0.0017164
0.000892528
-0.00199102
-0.00631635
-0.010779
-0.0136625
-0.0141431
-0.0126327
-0.0101611
-0.00851334
-0.00865065
-0.0098178
-0.0098178
-0.00645366
0.000205968
0.00679694
0.00851334
0.00315817
-0.00720888
-0.0172326
-0.0225192
-0.0222445
-0.018949
-0.0157909
-0.0135939
-0.0110536
-0.00707156
-0.00219699
0.00185371
0.00425667
0.00542382
0.00611038
0.00590441
0.00398205
0.000137312
-0.0040507
-0.00604173
-0.00439398
-6.8656e-05
0.00425667
0.00638501
0.00521785
0.00123581
-0.00370742
-0.00714022
-0.00796409
-0.00659097
-0.00384473
0
0.00466861
0.008582
0.0091999
0.00521785
-0.0010985
-0.00528651
-0.00391339
0.00247161
0.00947452
0.0122894
0.00947452
0.00315817
-0.00281489
-0.00556113
-0.00528651
-0.00446264
-0.00583576
-0.00947452
-0.0127014
-0.0124267
-0.00823872
-0.00315817
-0.0010985
-0.00398205
-0.00995512
-0.0153103
-0.01737
-0.0159968
-0.0122894
-0.00762081
-0.00295221
0.00068656
0.00205968
0.000411936
-0.00350145
-0.00775812
-0.0104357
-0.0105044
-0.00851334
-0.00597307
-0.00473726
-0.00631635
-0.0109163
-0.0168207
-0.0212147
-0.0214893
-0.0174386
-0.0110536
-0.0051492
-0.00192237
-0.00164774
-0.00336414
-0.00631635
-0.00988646
-0.0131133
-0.0144178
-0.0122894
-0.00727753
-0.00164774
0.00247161
0.00432533
0.00480592
0.00501189
0.00466861
0.00281489
-0.00123581
-0.00638501
-0.00995512
-0.0098178
-0.0068656
-0.00432533
-0.00459995
-0.00720888
-0.00954318
-0.0091999
-0.00672828
-0.00494323
-0.00652232
-0.0113282
-0.0162715
-0.0186058
-0.0182625
-0.0168207
-0.0148983
-0.0121521
-0.00865065
-0.00652232
-0.00837603
-0.0148983
-0.0227938
-0.0273251
-0.0256087
-0.0190177
-0.0116029
-0.00638501
-0.00377608
-0.00281489
-0.00336414
-0.00562979
-0.00933721
-0.0134566
-0.0166147
-0.0173013
-0.0140745
-0.00707156
0.00144178
0.00768947
0.00885662
0.00542382
0.000411936
-0.00302086
-0.00384473
-0.00370742
-0.00418801
-0.00480592
-0.00384473
-0.000755216
0.00260893
0.00322683
-0.00102984
-0.0101611
-0.021352
-0.0300027
-0.0320623
-0.0264325
-0.0157909
-0.00487457
0.00219699
0.00363877
0
-0.0068656
-0.0140745
-0.0183998
-0.0179192
-0.0128387
-0.0057671
-6.8656e-05
0.00185371
-0.00034328
-0.0051492
-0.00961184
-0.0109163
-0.00727753
0.000411936
0.00830737
0.0113969
0.00672828
-0.00439398
-0.017164
-0.0261579
-0.027943
-0.0227938
-0.0146237
-0.00782678
-0.0040507
-0.00199102
-0.000617904
-0.000892528
-0.00398205
-0.00947452
-0.0153789
-0.0192923
-0.0194296
-0.0156536
-0.0102984
-0.00700291
-0.00844468
-0.0138685
-0.0200475
-0.023755
-0.0239609
-0.021146
-0.0161342
-0.0102984
-0.00487457
-0.00130446
-6.8656e-05
-0.0010985
-0.0034328
-0.0057671
-0.00741484
-0.00789544
-0.00665963
-0.00384473
-0.000961184
-0.000549248
-0.00363877
-0.0081014
-0.0103671
-0.00851334
-0.00370742
0.000823872
0.00240296
0.000617904
-0.00281489
-0.00549248
-0.00624769
-0.00562979
-0.00473726
-0.0040507
-0.00315817
-0.00185371
-0.000411936
0.00068656
0.0010985
0.000892528
0.000411936
-0.00034328
-0.00192237
-0.00473726
-0.0081014
-0.0100924
-0.00961184
-0.00768947
-0.00672828
-0.00830737
-0.0112596
-0.0123581
-0.00954318
-0.00370742
0.00185371
0.00384473
0.00102984
-0.0057671
-0.0140058
-0.0210774
-0.0246475
-0.0236177
-0.0192923
-0.014761
-0.0126327
-0.0132506
-0.0146924
-0.0148297
-0.0130446
-0.00961184
-0.00508054
-0.0010985
0.000274624
-0.00205968
-0.00624769
-0.00913124
-0.008582
-0.00528651
-0.00192237
-0.000823872
-0.00288355
-0.00720888
-0.0120835
-0.0155849
-0.0166147
-0.0153789
-0.0130446
-0.0111223
-0.0100924
-0.00974915
-0.00995512
-0.0102297
-0.0100924
-0.00913124
-0.0081014
-0.00837603
-0.0103671
-0.0128387
-0.0144178
-0.0142118
-0.0126327
-0.0106417
-0.00892528
-0.00775812
-0.0068656
-0.00624769
-0.00590441
-0.0057671
-0.0051492
-0.00370742
-0.00157909
0.000480592
0.00144178
0.000617904
-0.00185371
-0.00487457
-0.00727753
-0.00837603
-0.00796409
-0.00638501
-0.00432533
-0.00281489
-0.00226565
-0.00260893
-0.00370742
-0.00652232
-0.0121521
-0.0190864
-0.0229311
-0.0194983
-0.00954318
0.000480592
0.00322683
-0.00363877
-0.0157909
-0.0261579
-0.0295221
-0.0250594
-0.0158595
-0.00672828
-0.00178506
-0.00254027
-0.0074835
-0.0131819
-0.0164774
-0.0164088
-0.0139372
-0.010779
-0.00803275
-0.00624769
-0.00528651
-0.00494323
-0.00459995
-0.00384473
-0.00288355
-0.00247161
-0.00370742
-0.00734619
-0.01277
-0.0175759
-0.0194296
-0.0179192
-0.0153789
-0.0146237
-0.0162028
-0.01737
-0.0151043
-0.00940587
-0.00391339
-0.00219699
-0.00508054
-0.0101611
-0.0144864
-0.0160655
-0.0155162
-0.0150357
-0.0159282
-0.0172326
-0.0166834
-0.0132506
-0.00796409
-0.00322683
-0.000617904
-0.000892528
-0.00322683
-0.00631635
-0.00892528
-0.010779
-0.0122894
-0.0136625
-0.0142804
-0.0138685
-0.012564
-0.0109163
-0.00954318
-0.00913124
-0.00968049
-0.0106417
-0.0111909
-0.0115342
-0.0126327
-0.0151043
-0.0175759
-0.0175759
-0.0133879
-0.00652232
-0.00102984
-0.000755216
-0.00549248
-0.0115342
-0.0152416
-0.0158595
-0.0144864
-0.0115342
-0.00652232
-0.000137312
0.00473726
0.0051492
0.000755216
-0.00583576
-0.0108476
-0.0111223
-0.00611038
0.0017164
0.00803275
0.00933721
0.00528651
-0.00212834
-0.00933721
-0.0132506
-0.0126327
-0.00885662
-0.00473726
-0.00267758
-0.00329549
-0.00562979
-0.00844468
-0.010985
-0.0128387
-0.0141431
-0.0154476
-0.0166834
-0.0175073
-0.0172326
-0.0156536
-0.0135939
-0.0129073
-0.0144864
-0.0170953
-0.0179192
-0.0151043
-0.00899393
-0.00199102
0.00288355
0.00384473
0.000480592
-0.00590441
-0.0131133
-0.0186058
-0.0204595
-0.0184685
-0.0146237
-0.0116029
-0.010985
-0.0120835
-0.0135939
-0.0145551
-0.0146924
-0.0133879
-0.0100238
-0.00501189
0
0.00308952
0.0034328
0.00144178
-0.00226565
-0.00652232
-0.00995512
-0.0118088
-0.0128387
-0.0144178
-0.0170267
-0.0194296
-0.0199789
-0.0186058
-0.0164088
-0.0145551
-0.0132506
-0.0115342
-0.00906259
-0.00665963
-0.00556113
-0.00611038
-0.00796409
-0.010573
-0.0136625
-0.0161342
-0.0160655
-0.0129073
-0.00926856
-0.00940587
-0.0145551
-0.0216266
-0.0256773
-0.0241669
-0.0185371
-0.0124267
-0.00851334
-0.00714022
-0.00707156
-0.00755216
-0.00906259
-0.0118088
-0.015173
-0.0180565
-0.0200475
-0.0218326
-0.0241669
-0.0266385
-0.027737
-0.0256773
-0.0199789
-0.0123581
-0.00617904
-0.0040507
-0.00590441
-0.00906259
-0.0102984
-0.0081014
-0.00370742
-0.000137312
-0.000549248
-0.00583576
-0.0135939
-0.0203222
-0.0236863
-0.023343
-0.0200475
-0.0151043
-0.0107103
-0.00844468
-0.00878796
-0.0103671
-0.0118088
-0.0124267
-0.0120148
-0.0100924
-0.00638501
-0.00151043
0.00254027
0.00295221
-0.00164774
-0.00947452
-0.0159282
-0.0168207
-0.0116715
-0.00363877
0.00302086
0.00556113
0.00391339
-0.000411936
-0.00631635
-0.0134566
-0.0214207
-0.0282863
-0.0311698
-0.0284236
-0.0219013
-0.014967
-0.0100924
-0.00755216
-0.00679694
-0.00707156
-0.00775812
-0.0081014
-0.00817006
-0.00892528
-0.0107103
-0.0127014
-0.0137312
-0.0133193
-0.0121521
-0.0111909
-0.0111223
-0.0115342
-0.0120148
-0.01277
-0.0140745
-0.0157222
-0.0168894
-0.0170953
-0.0174386
-0.0190864
-0.0216266
-0.0230684
-0.0219013
-0.0186744
-0.0152416
-0.0135252
-0.0145551
-0.0177132
-0.0208028
-0.021558
-0.0188804
-0.0137998
-0.00871931
-0.00562979
-0.00549248
-0.00707156
-0.00796409
-0.00672828
-0.00487457
-0.00535517
-0.0100924
-0.0175073
-0.023549
-0.0244415
-0.019155
-0.0105044
-0.00302086
-0.000274624
-0.00240296
-0.00700291
-0.0111223
-0.0131133
-0.0122208
-0.00844468
-0.00302086
0.00144178
0.00212834
-0.00123581
-0.00617904
-0.00899393
-0.00755216
-0.00247161
0.00350145
0.00693425
0.00528651
-0.0017164
-0.0116029
-0.0200475
-0.023343
-0.0201849
-0.0121521
-0.00247161
0.00480592
0.00645366
0.00157909
-0.00823872
-0.0190177
-0.0265012
-0.0275997
-0.0223132
-0.0135252
-0.00562979
-0.00151043
-0.000892528
-0.00178506
-0.00247161
-0.00281489
-0.0034328
-0.00453129
-0.0057671
-0.00652232
-0.00611038
-0.00432533
-0.00164774
0.000617904
0.00130446
-0.000411936
-0.00453129
-0.0104357
-0.0168894
-0.0219013
-0.0239609
-0.0221759
-0.0168894
-0.00913124
-0.000617904
0.00624769
0.00940587
0.00817006
0.00391339
-0.0010985
-0.00487457
-0.0068656
-0.00817006
-0.0102297
-0.0140058
-0.0183311
-0.0209401
-0.0199789
-0.0161342
-0.0124267
-0.0118775
-0.0143491
-0.0166147
-0.0156536
-0.0120148
-0.0091999
-0.0100238
-0.0140745
-0.0176446
-0.0168207
-0.0100924
0.000205968
0.00954318
0.0135252
0.0105044
0.00212834
-0.00768947
-0.0146237
-0.0163401
-0.0127014
-0.00611038
6.8656e-05
0.00336414
0.00254027
-0.00199102
-0.00844468
-0.0135252
-0.0142804
-0.0102297
-0.00384473
0.00116715
0.00295221
0.00164774
-0.00151043
-0.00528651
-0.00878796
-0.0111909
-0.0122894
-0.0122208
-0.0113282
-0.0105044
-0.0109163
-0.012976
-0.0152416
-0.014967
-0.0108476
-0.00411936
0.00192237
0.00466861
0.00350145
-0.000205968
-0.00439398
-0.00782678
-0.0102984
-0.0122894
-0.0133879
-0.0127014
-0.00961184
-0.00446264
0.00102984
0.00501189
0.00583576
0.00295221
-0.00329549
-0.0111223
-0.0178506
-0.0204595
-0.0170267
-0.00913124
-0.00130446
0.00164774
-0.00151043
-0.0074835
-0.0112596
-0.00974915
-0.00363877
0.00281489
0.00487457
0.000480592
-0.00768947
-0.0144178
-0.0159968
-0.0131133
-0.00947452
-0.00796409
-0.00933721
-0.0121521
-0.0144864
-0.0148983
-0.0131819
-0.0103671
-0.00844468
-0.00906259
-0.0122894
-0.0164088
-0.018949
-0.0180565
-0.0133193
-0.00617904
0.000549248
0.00377608
0.00185371
-0.00473726
-0.0135252
-0.0216266
-0.0265699
-0.0273937
-0.0245788
-0.019567
-0.0140058
-0.00885662
-0.00466861
-0.00295221
-0.00521785
-0.0108476
-0.0159282
-0.0160655
-0.0106417
-0.00322683
0.00137312
0.0010985
-0.00274624
-0.0074835
-0.0109163
-0.0118775
-0.0102984
-0.00693425
-0.00322683
-0.00034328
0.00102984
0.000823872
-0.000205968
-0.00116715
-0.00205968
-0.00411936
-0.00789544
-0.0126327
-0.0167521
-0.0187431
-0.0179192
-0.0144864
-0.0105044
-0.00837603
-0.00906259
-0.010985
-0.0120148
-0.0112596
-0.0102297
-0.0109163
-0.0138685
-0.017164
-0.0179879
-0.0151043
-0.0100924
-0.00659097
-0.00734619
-0.0114655
-0.0153789
-0.0160655
-0.0135939
-0.0102297
-0.00782678
-0.00617904
-0.00508054
-0.00542382
-0.0081014
-0.0119461
-0.0138685
-0.0121521
-0.00830737
-0.00562979
-0.00562979
-0.00775812
-0.0107103
-0.0135939
-0.0152416
-0.015173
-0.0135252
-0.0111223
-0.00775812
-0.00240296
0.00473726
0.0116715
0.0154476
0.0143491
0.00899393
0.00137312
-0.0057671
-0.010573
-0.0128387
-0.0133193
-0.0131819
-0.0129073
-0.0120835
-0.00995512
-0.00604173
-0.0010985
0.00295221
0.00418801
0.00192237
-0.00308952
-0.0091999
-0.0145551
-0.0176446
-0.0178506
-0.0159282
-0.0135939
-0.0124267
-0.0122208
-0.0115342
-0.00906259
-0.00508054
-0.00192237
-0.00192237
-0.00480592
-0.00762081
-0.00755216
-0.00501189
-0.00315817
-0.00446264
-0.00885662
-0.0136625
-0.0153789
-0.0128387
-0.00775812
-0.00398205
-0.00418801
-0.00823872
-0.0134566
-0.0168894
-0.0175759
-0.0162715
-0.0141431
-0.0112596
-0.00693425
-0.00123581
0.00377608
0.00466861
0
-0.00823872
-0.0154476
-0.0183311
-0.0167521
-0.0127014
-0.0081014
-0.00370742
0.000205968
0.00350145
0.0057671
0.00638501
0.00528651
0.00315817
0.000961184
-0.0010985
-0.00384473
-0.00871931
-0.0159968
-0.0234803
-0.0278743
-0.027531
-0.0242356
-0.021352
-0.0204595
-0.0204595
-0.0192923
-0.0154476
-0.00940587
-0.00329549
0.000480592
0.000205968
-0.00329549
-0.00672828
-0.00652232
-0.00281489
0.000617904
-0.000892528
-0.00851334
-0.0188804
-0.0267072
-0.0280803
-0.0220386
-0.0111909
-0.000549248
0.00466861
0.00212834
-0.00542382
-0.0120835
-0.0131133
-0.0091999
-0.0051492
-0.00473726
-0.00755216
-0.0105044
-0.0121521
-0.0132506
-0.0150357
-0.0168894
-0.0175759
-0.0168894
-0.0158595
-0.0159282
-0.0179879
-0.0217639
-0.0262952
-0.0294534
-0.0287669
-0.0225878
-0.0127014
-0.00391339
-0.000961184
-0.00446264
-0.0108476
-0.0162028
-0.0188117
-0.0190864
-0.0175759
-0.0148297
-0.0126327
-0.0127014
-0.0148297
-0.0165461
-0.015173
-0.0100238
-0.0034328
0.00068656
-0.00102984
-0.00865065
-0.0180565
-0.0236863
-0.0223818
-0.0157909
-0.00803275
-0.00302086
-0.0017164
-0.00315817
-0.0057671
-0.00899393
-0.0127014
-0.0167521
-0.0197043
-0.0204595
-0.019155
-0.0170953
-0.0150357
-0.0124267
-0.00844468
-0.00315817
0.00302086
0.0091999
0.0140058
0.015173
0.0113969
0.00363877
-0.00446264
-0.00968049
-0.010779
-0.00906259
-0.00665963
-0.00480592
-0.00370742
-0.00322683
-0.00411936
-0.00727753
-0.012564
-0.0185371
-0.0232057
-0.0245788
-0.021146
-0.0132506
-0.00391339
0.00288355
0.00473726
0.00219699
-0.00212834
-0.00562979
-0.00672828
-0.00528651
-0.00226565
0.00068656
0.00240296
0.00260893
0.00130446
-0.00192237
-0.00727753
-0.0137998
-0.0185371
-0.0181252
-0.0118088
-0.00254027
0.00473726
0.00562979
-0.000892528
-0.0120835
-0.0226565
-0.0282863
-0.027943
-0.023755
-0.0190177
-0.0159968
-0.0158595
-0.0187431
-0.0234117
-0.0267758
-0.0253341
-0.0181938
-0.00865065
-0.00192237
-0.000755216
-0.00336414
-0.00480592
-0.00192237
0.00411936
0.00899393
0.00892528
0.00411936
-0.00192237
-0.00590441
-0.00727753
-0.00817006
-0.0102297
-0.0131133
-0.0148297
-0.0140058
-0.0103671
-0.0051492
-0.00034328
0.00247161
0.00308952
0.00226565
6.8656e-05
-0.00411936
-0.00954318
-0.0138685
-0.0146237
-0.0120148
-0.00817006
-0.00459995
-0.00157909
0.0010985
0.00267758
0.00199102
-0.000892528
-0.00377608
-0.00473726
-0.00418801
-0.00459995
-0.00817006
-0.0140745
-0.0190177
-0.0201162
-0.0166147
-0.0100924
-0.00384473
-0.00034328
-0.000411936
-0.00322683
-0.00755216
-0.0120148
-0.014967
-0.0144178
-0.0101611
-0.00453129
-0.000961184
-0.00130446
-0.00466861
-0.00844468
-0.010573
-0.0109163
-0.0113282
-0.0139372
-0.0190177
-0.0240982
-0.0254714
-0.0208714
-0.0115342
-0.00102984
0.00700291
0.010573
0.0101611
0.00755216
0.00473726
0.00212834
-0.00130446
-0.00624769
-0.0118775
-0.0158595
-0.0162028
-0.01277
-0.00693425
-0.000892528
0.00308952
0.00384473
0.00178506
-0.00185371
-0.00617904
-0.010779
-0.0151043
-0.0182625
-0.0204595
-0.0227251
-0.0256773
-0.0286295
-0.029728
-0.027737
-0.0227938
-0.0163401
-0.0103671
-0.00714022
-0.0074835
-0.0103671
-0.0133193
-0.0142118
-0.0123581
-0.0081014
-0.00302086
0.00068656
0.000755216
-0.00308952
-0.00803275
-0.0105044
-0.00913124
-0.0057671
-0.00370742
-0.00508054
-0.00961184
-0.0150357
-0.0186744
-0.0188117
-0.0153789
-0.0100238
-0.00480592
-0.0017164
-0.00219699
-0.00645366
-0.0124954
-0.017164
-0.0174386
-0.0128387
-0.00617904
-0.00178506
-0.00240296
-0.00741484
-0.0137998
-0.0180565
-0.0187431
-0.0164774
-0.012976
-0.0104357
-0.00988646
-0.0113282
-0.0137312
-0.0162715
-0.0185371
-0.0202535
-0.0208714
-0.019567
-0.0159282
-0.0102297
-0.00384473
0.00185371
0.00617904
0.00844468
0.0081014
0.00466861
-0.00144178
-0.00892528
-0.0164088
-0.0223818
-0.0251967
-0.0236863
-0.0182625
-0.0112596
-0.00638501
-0.00617904
-0.0104357
-0.0157909
-0.0181252
-0.014967
-0.00693425
0.00308952
0.0110536
0.0134566
0.00954318
0.000892528
-0.00885662
-0.0159282
-0.0177132
-0.0140745
-0.00782678
-0.00260893
-0.000892528
-0.00240296
-0.00528651
-0.00755216
-0.00837603
-0.00796409
-0.00707156
-0.00590441
-0.00391339
-0.00068656
0.00295221
0.00466861
0.00226565
-0.00425667
-0.0121521
-0.0181252
-0.0206654
-0.0202535
-0.0175759
-0.0132506
-0.00789544
-0.00274624
0.000274624
0.000205968
-0.00254027
-0.00604173
-0.00837603
-0.00885662
-0.008582
-0.00961184
-0.0135939
-0.0199789
-0.0256087
-0.0265012
-0.0208714
-0.0108476
-0.0017164
0.00157909
-0.00212834
-0.00940587
-0.0143491
-0.012976
-0.00549248
0.00357011
0.00885662
0.00755216
0.000961184
-0.00659097
-0.010985
-0.0107103
-0.00789544
-0.00569845
-0.00611038
-0.0081014
-0.00961184
-0.00968049
-0.00892528
-0.00817006
-0.00700291
-0.00487457
-0.00254027
-0.00212834
-0.00569845
-0.01277
-0.0199789
-0.0226565
-0.0178506
-0.00720888
0.0040507
0.010779
0.010985
0.0057671
-0.00219699
-0.0100924
-0.014967
-0.0150357
-0.0102297
-0.00281489
0.00363877
0.00652232
0.00556113
0.0023343
-0.00157909
-0.00617904
-0.0123581
-0.019567
-0.0249908
-0.025952
-0.0225192
-0.0172326
-0.012564
-0.00885662
-0.00480592
0.000617904
0.00624769
0.00961184
0.00837603
0.00260893
-0.00549248
-0.0129073
-0.0173013
-0.0181252
-0.0168207
-0.0153789
-0.0144178
-0.012976
-0.0107103
-0.00913124
-0.0098178
-0.0124267
-0.0150357
-0.0161342
-0.0159282
-0.0153789
-0.0146237
-0.0136625
-0.0121521
-0.00995512
-0.00645366
-0.00219699
0.00130446
0.00164774
-0.00205968
-0.00837603
-0.0139372
-0.0159968
-0.0144864
-0.0122208
-0.012564
-0.0157909
-0.019567
-0.0205968
-0.0173013
-0.0109163
-0.00459995
-0.00226565
-0.0057671
-0.0131133
-0.0196356
-0.0216953
-0.019361
-0.015173
-0.010779
-0.00617904
-0.00068656
0.00473726
0.0074835
0.00542382
-0.00102984
-0.00830737
-0.0124267
-0.0124267
-0.0111223
-0.012564
-0.0181938
-0.02554
-0.0308265
-0.0315817
-0.0281489
-0.0226565
-0.0175759
-0.0137998
-0.0110536
-0.00851334
-0.00521785
-0.000892528
0.00384473
0.0068656
0.00569845
-0.000617904
-0.0100924
-0.0186744
-0.0229311
-0.0218326
-0.0168207
-0.0108476
-0.00707156
-0.00789544
-0.0130446
-0.0185371
-0.0194983
-0.0142118
-0.00659097
-0.00254027
-0.00494323
-0.0113282
-0.0167521
-0.0184685
-0.017164
-0.0148297
-0.0129073
-0.0122894
-0.0135252
-0.0164774
-0.0201162
-0.0230684
-0.023549
-0.0206654
-0.014967
-0.00899393
-0.00556113
-0.00549248
-0.00707156
-0.00803275
-0.00714022
-0.00459995
-0.00116715
0.00199102
0.00322683
0.00151043
-0.00281489
-0.00755216
-0.0103671
-0.0105044
-0.00913124
-0.00823872
-0.00851334
-0.00968049
-0.010985
-0.0116715
-0.0109163
-0.0081014
-0.0040507
-0.000823872
0.00034328
6.8656e-05
0.000617904
0.00295221
0.00562979
0.00631635
0.00336414
-0.00281489
-0.0105044
-0.0164774
-0.0177819
-0.0142118
-0.00844468
-0.00377608
-0.00164774
-0.00123581
-0.000892528
-0.000137312
0.000205968
-0.00102984
-0.0040507
-0.00775812
-0.010573
-0.0111909
-0.00865065
-0.00295221
0.00453129
0.0105044
0.0115342
0.00597307
-0.0040507
-0.0134566
-0.017164
-0.0130446
-0.00453129
0.0023343
0.00267758
-0.00308952
-0.0113969
-0.0183998
-0.0227251
-0.0239609
-0.0214893
-0.0151043
-0.00645366
0.00130446
0.0051492
0.0040507
-0.00068656
-0.00659097
-0.0111223
-0.0130446
-0.0129073
-0.012564
-0.0128387
-0.0131819
-0.0117402
-0.00768947
-0.00185371
0.00274624
