LECROYHDO9204-MSöv,30454,Waveform
Segments,1,SegmentSize,2002
Ampl
-0.0188804
-0.0164088
-0.0118088
-0.00741484
-0.00556113
-0.00679694
-0.00961184
-0.0116029
-0.0111223
-0.00871931
-0.00569845
-0.00254027
0.00130446
0.00549248
0.00851334
0.00899393
0.00734619
0.00473726
0.00185371
-0.00123581
-0.00446264
-0.00720888
-0.00906259
-0.010573
-0.0118088
-0.0118775
-0.00926856
-0.00439398
0.000549248
0.00357011
0.00398205
0.00178506
-0.00308952
-0.00974915
-0.0155162
-0.017164
-0.0131819
-0.0051492
0.00281489
0.00652232
0.00439398
-0.00178506
-0.00892528
-0.0140745
-0.0157909
-0.0137998
-0.00961184
-0.00583576
-0.00425667
-0.00453129
-0.00521785
-0.00528651
-0.0051492
-0.00542382
-0.00590441
-0.00631635
-0.00700291
-0.00837603
-0.00988646
-0.00995512
-0.0074835
-0.00370742
-0.000961184
-0.000961184
-0.00274624
-0.0040507
-0.00336414
-0.00144178
-0.000137312
-0.00068656
-0.00329549
-0.00707156
-0.010779
-0.0131819
-0.0135939
-0.0113969
-0.00734619
-0.00322683
-0.00123581
-0.00212834
-0.00473726
-0.00755216
-0.00961184
-0.0111223
-0.01277
-0.0155162
-0.0194983
-0.0236177
-0.0260893
-0.0258146
-0.0234803
-0.0208028
-0.0192237
-0.0185371
-0.0181938
-0.0188117
-0.0214207
-0.0256773
-0.0296594
-0.0307579
-0.0280803
-0.0227938
-0.0177132
-0.0157909
-0.0177132
-0.0214893
-0.0239609
-0.023755
-0.0224505
-0.0229997
-0.0267072
-0.0318564
-0.0347399
-0.0314444
-0.0203908
-0.00439398
0.00789544
0.00185371
-0.0400264
-0.133261
-0.283069
-0.477296
-0.686354
-0.873098
-1.00835
-1.08257
-1.10687
-1.10399
-1.0963
-1.09795
-1.11257
-1.13591
-1.15974
-1.17628
-1.18205
-1.17862
-1.17182
-1.16743
-1.16743
-1.16928
-1.16859
-1.1631
-1.15411
-1.14484
-1.13632
-1.1274
-1.11696
-1.10598
-1.09671
-1.08998
-1.0838
-1.07598
-1.06657
-1.05826
-1.05325
-1.05153
-1.05181
-1.05401
-1.05895
-1.06671
-1.07577
-1.08394
-1.08971
-1.09314
-1.09534
-1.09815
-1.10303
-1.10996
-1.1171
-1.12115
-1.12053
-1.11703
-1.11477
-1.11724
-1.12397
-1.1309
-1.13406
-1.13262
-1.12925
-1.12747
-1.1287
-1.13159
-1.13324
-1.13166
-1.12754
-1.12321
-1.1206
-1.11923
-1.11758
-1.11484
-1.11106
-1.10687
-1.10316
-1.1009
-1.10001
-1.09966
-1.09898
-1.09788
-1.09719
-1.09781
-1.10007
-1.10303
-1.10481
-1.10378
-1.0998
-1.09431
-1.09012
-1.08978
-1.09431
-1.10261
-1.1125
-1.12259
-1.13269
-1.14209
-1.14889
-1.15012
-1.1434
-1.1274
-1.10186
-1.06726
-1.02469
-0.975876
-0.922256
-0.865889
-0.80966
-0.756383
-0.706951
-0.659647
-0.611656
-0.560782
-0.506544
-0.450658
-0.395733
-0.344035
-0.296937
-0.255126
-0.219768
-0.191344
-0.1691
-0.150837
-0.134016
-0.117608
-0.103396
-0.0947452
-0.0929602
-0.0954318
-0.0970109
-0.0936467
-0.0851334
-0.0743544
-0.0648799
-0.0589068
-0.0569845
-0.0580143
-0.0590441
-0.0569158
-0.0506681
-0.0426354
-0.0370742
-0.0367309
-0.0407816
-0.0455876
-0.0482651
-0.0486084
-0.0483338
-0.0482651
-0.0475786
-0.0453129
-0.0422921
-0.0404384
-0.0405757
-0.0420175
-0.0430473
-0.0418115
-0.0378294
-0.0317191
-0.0250594
-0.0199789
-0.0186744
-0.0219699
-0.0280116
-0.0328176
-0.0328176
-0.0278743
-0.0216953
-0.0181252
-0.0177819
-0.0183998
-0.0180565
-0.0175073
-0.0186058
-0.0214893
-0.0238236
-0.023343
-0.0207341
-0.019155
-0.0209401
-0.0250594
-0.0278057
-0.0266385
-0.0221759
-0.0170267
-0.0133193
-0.0114655
-0.0111223
-0.0124954
-0.0164774
-0.0229311
-0.0297967
-0.0342593
-0.0351519
-0.0336414
-0.0318564
-0.0308952
-0.0305519
-0.029728
-0.0274624
-0.023549
-0.0188804
-0.014761
-0.0121521
-0.0115342
-0.0128387
-0.0159282
-0.0199102
-0.0234117
-0.0256087
-0.0263639
-0.0258146
-0.0240982
-0.0216266
-0.0196356
-0.018949
-0.0188804
-0.0176446
-0.0146924
-0.0116715
-0.0110536
-0.0142804
-0.0204595
-0.0267072
-0.029934
-0.0290415
-0.0252654
-0.0209401
-0.0173013
-0.014967
-0.0141431
-0.0146237
-0.0156536
-0.0166147
-0.017164
-0.0164774
-0.0137312
-0.00974915
-0.0074835
-0.00899393
-0.0133193
-0.0166147
-0.0163401
-0.0131133
-0.00954318
-0.00755216
-0.00762081
-0.00995512
-0.0142118
-0.0190177
-0.0226565
-0.0236177
-0.0210774
-0.0146237
-0.00569845
0.00274624
0.00734619
0.00652232
0.00137312
-0.00501189
-0.00961184
-0.0104357
-0.00727753
-0.00130446
0.00453129
0.00727753
0.00556113
0.000961184
-0.0034328
-0.00590441
-0.00734619
-0.00865065
-0.00913124
-0.00768947
-0.00473726
-0.00144178
0.00102984
0.00274624
0.00398205
0.00473726
0.00521785
0.00542382
0.00501189
0.00384473
0.00247161
0.00151043
0.00102984
0.000480592
0
0.000411936
0.00130446
0.00157909
0.00068656
-0.000549248
-0.000755216
6.8656e-05
0.00102984
0.00178506
0.00212834
0.00226565
0.00185371
0.000823872
-0.00102984
-0.00350145
-0.00624769
-0.00837603
-0.00837603
-0.00549248
-0.00116715
0.00144178
-6.8656e-05
-0.00473726
-0.00926856
-0.0117402
-0.012564
-0.0130446
-0.0131819
-0.0115342
-0.00734619
-0.00157909
0.00432533
0.00933721
0.0124954
0.0121521
0.00707156
-0.00151043
-0.00947452
-0.0126327
-0.0101611
-0.00528651
-0.00254027
-0.00398205
-0.00775812
-0.00988646
-0.00823872
-0.00391339
0
0.000823872
-0.00151043
-0.00494323
-0.00755216
-0.00851334
-0.00830737
-0.00768947
-0.00700291
-0.00611038
-0.00556113
-0.00624769
-0.00762081
-0.00727753
-0.00302086
0.00391339
0.00906259
0.00775812
-0.000755216
-0.0122894
-0.0200475
-0.0192237
-0.0107103
0.000205968
0.00755216
0.00885662
0.00604173
0.00247161
-0.000205968
-0.00281489
-0.00624769
-0.00933721
-0.00933721
-0.00508054
0.00144178
0.00638501
0.00714022
0.00398205
-0.000137312
-0.00205968
-0.000617904
0.00185371
0.00199102
-0.00157909
-0.00624769
-0.00741484
-0.00295221
0.00501189
0.0110536
0.0107103
0.00295221
-0.00844468
-0.0175759
-0.0200475
-0.0158595
-0.0081014
0.000137312
0.00782678
0.0143491
0.0186744
0.019567
0.0167521
0.0114655
0.00535517
-0.000274624
-0.00459995
-0.00665963
-0.00624769
-0.0040507
-0.00137312
0.000549248
0.00192237
0.00370742
0.00604173
0.00741484
0.00624769
0.00260893
-0.00137312
-0.00363877
-0.00384473
-0.00302086
-0.0017164
6.8656e-05
0.00274624
0.00562979
0.00741484
0.00700291
0.00439398
0.000480592
-0.00350145
-0.00604173
-0.00611038
-0.00377608
-0.000961184
-0.00034328
-0.00254027
-0.00549248
-0.00638501
-0.00432533
-0.0010985
0.000755216
0.000274624
-0.00199102
-0.00432533
-0.00556113
-0.00542382
-0.00466861
-0.00411936
-0.00363877
-0.00288355
-0.0017164
-0.000961184
-0.00157909
-0.00336414
-0.00494323
-0.00473726
-0.00274624
-0.000205968
0.00157909
0.00240296
0.00308952
0.0040507
0.00473726
0.00501189
0.00528651
0.00611038
0.00679694
0.00611038
0.00432533
0.00226565
0.00034328
-0.00157909
-0.00322683
-0.00315817
-0.000617904
0.00308952
0.00535517
0.00398205
-0.00116715
-0.00830737
-0.0144864
-0.0172326
-0.0156536
-0.0108476
-0.00528651
-0.00157909
-0.00164774
-0.00549248
-0.0110536
-0.0151043
-0.0153789
-0.0118088
-0.00631635
-0.00178506
6.8656e-05
-0.00034328
-0.00164774
-0.00288355
-0.00425667
-0.00556113
-0.00583576
-0.00466861
-0.00260893
-0.000411936
0.00212834
0.00494323
0.00679694
0.00617904
0.00308952
-0.000549248
-0.00288355
-0.00370742
-0.00466861
-0.00693425
-0.00961184
-0.0102984
-0.00762081
-0.00302086
0.000549248
0.000755216
-0.00212834
-0.00645366
-0.0108476
-0.0142804
-0.0154476
-0.0133193
-0.00878796
-0.00439398
-0.00254027
-0.00336414
-0.00508054
-0.00535517
-0.00254027
0.00254027
0.00679694
0.00693425
0.0023343
-0.00425667
-0.00906259
-0.0104357
-0.00933721
-0.00837603
-0.00885662
-0.0106417
-0.01277
-0.0150357
-0.0174386
-0.0190177
-0.0179192
-0.0131819
-0.00631635
-0.000205968
0.00322683
0.00446264
0.00432533
0.00370742
0.00274624
0.00212834
0.00219699
0.00240296
0.00137312
-0.00212834
-0.00789544
-0.0144864
-0.0190864
-0.0198416
-0.0166147
-0.0110536
-0.00508054
-6.8656e-05
0.0034328
0.00501189
0.00453129
0.00281489
0.00157909
0.00226565
0.00521785
0.0091999
0.0118775
0.0113969
0.00782678
0.00267758
-0.0023343
-0.00597307
-0.00707156
-0.00521785
-0.00192237
-6.8656e-05
-0.00157909
-0.00562979
-0.0098178
-0.0116029
-0.0102297
-0.00631635
-0.00205968
-0.000205968
-0.00199102
-0.00611038
-0.00961184
-0.0103671
-0.00837603
-0.0051492
-0.00281489
-0.00274624
-0.00542382
-0.00961184
-0.0137312
-0.0166147
-0.0184685
-0.0197043
-0.0205968
-0.021352
-0.0219699
-0.0225192
-0.0226565
-0.0223132
-0.0214207
-0.0203908
-0.0190864
-0.0170953
-0.0140745
-0.00988646
-0.0051492
-0.0010985
0.000617904
-0.00116715
-0.00562979
-0.00961184
-0.00974915
-0.00459995
0.00363877
0.0102297
0.0103671
0.00226565
-0.0111223
-0.0240982
-0.0321996
-0.0344653
-0.032131
-0.0267758
-0.019567
-0.0118775
-0.00624769
-0.00432533
-0.00535517
-0.00659097
-0.00569845
-0.00274624
0.000480592
0.00254027
0.00363877
0.00542382
0.00885662
0.012564
0.0134566
0.00885662
-0.000205968
-0.00906259
-0.0122208
-0.00803275
-0.00034328
0.00432533
0.00157909
-0.00741484
-0.0177132
-0.0246475
-0.0261579
-0.0225878
-0.0155162
-0.00707156
0.000205968
0.00411936
0.00370742
-0.000137312
-0.0051492
-0.00830737
-0.00734619
-0.00247161
0.00322683
0.00617904
0.00535517
0.00295221
0.00123581
0.000411936
-0.000617904
-0.00254027
-0.00535517
-0.0091999
-0.0135939
-0.016958
-0.01737
-0.0141431
-0.00844468
-0.00240296
0.00240296
0.00562979
0.00720888
0.00693425
0.00446264
0
-0.0051492
-0.0091999
-0.010779
-0.0100924
-0.00865065
-0.00803275
-0.00817006
-0.00796409
-0.00720888
-0.00755216
-0.0105044
-0.0157222
-0.0206654
-0.0223132
-0.019567
-0.0135939
-0.00720888
-0.00322683
-0.00260893
-0.00466861
-0.00734619
-0.00899393
-0.00885662
-0.00727753
-0.00562979
-0.00611038
-0.00988646
-0.0157222
-0.0203908
-0.0209401
-0.0168207
-0.00913124
-6.8656e-05
0.00762081
0.0114655
0.0108476
0.00755216
0.00370742
0.000205968
-0.00315817
-0.00604173
-0.0068656
-0.00439398
0.000755216
0.00672828
0.0111223
0.012564
0.0102984
0.00508054
-0.0010985
-0.00542382
-0.00549248
-0.00178506
0.00219699
0.00226565
-0.00295221
-0.0109163
-0.0168894
-0.0177132
-0.0134566
-0.00700291
-0.00164774
0.000205968
-0.00151043
-0.00542382
-0.00947452
-0.0119461
-0.0120148
-0.0091999
-0.00398205
0.00240296
0.00762081
0.00926856
0.00569845
-0.00254027
-0.0123581
-0.0194296
-0.0210087
-0.0170953
-0.00995512
-0.0023343
0.00315817
0.00487457
0.00288355
-0.0010985
-0.00494323
-0.00823872
-0.0115342
-0.0143491
-0.0146924
-0.0110536
-0.00473726
0.000961184
0.00315817
0.00164774
-0.00137312
-0.00315817
-0.00254027
0
0.00336414
0.00604173
0.00652232
0.0034328
-0.00281489
-0.00940587
-0.0130446
-0.0124954
-0.00933721
-0.00617904
-0.00411936
-0.0034328
-0.00446264
-0.00789544
-0.0136625
-0.0198416
-0.0229311
-0.0201162
-0.0120835
-0.00315817
0.00144178
-0.00068656
-0.00768947
-0.0155849
-0.0204595
-0.0201849
-0.0148983
-0.00727753
-0.000892528
0.00123581
-0.00192237
-0.00885662
-0.0158595
-0.019155
-0.016958
-0.0106417
-0.00370742
0.000274624
0.000274624
-0.00254027
-0.00631635
-0.0101611
-0.0139372
-0.01737
-0.0201162
-0.0216266
-0.0212147
-0.0183311
-0.012976
-0.00672828
-0.00178506
6.8656e-05
-0.00130446
-0.00425667
-0.00659097
-0.00659097
-0.00357011
0.00185371
0.00741484
0.0100924
0.00796409
0.00185371
-0.00494323
-0.00947452
-0.0106417
-0.00926856
-0.00659097
-0.00384473
-0.00192237
-0.0010985
-0.000892528
-0.000823872
-0.00102984
-0.00212834
-0.00446264
-0.00741484
-0.00968049
-0.0102297
-0.00865065
-0.00508054
-0.000892528
0.00144178
-0.000480592
-0.00665963
-0.0138685
-0.0176446
-0.0155849
-0.00926856
-0.00295221
0
-0.00102984
-0.00487457
-0.00988646
-0.0148983
-0.0185371
-0.0194983
-0.0165461
-0.0100238
-0.00219699
0.00302086
0.00254027
-0.00350145
-0.0116715
-0.0182625
-0.0214893
-0.0216953
-0.0197729
-0.0162028
-0.0116029
-0.00714022
-0.00425667
-0.00322683
-0.00315817
-0.00322683
-0.00425667
-0.00727753
-0.0120148
-0.0157222
-0.0157909
-0.0119461
-0.00652232
-0.00212834
-0.000274624
-0.0010985
-0.00384473
-0.00782678
-0.0120835
-0.015173
-0.0153789
-0.0119461
-0.00604173
-0.000274624
0.00315817
0.00357011
0.00178506
-0.00102984
-0.00363877
-0.00501189
-0.00425667
-0.0017164
0.000823872
0.00164774
-0.000205968
-0.0051492
-0.0127014
-0.0207341
-0.0251967
-0.0227938
-0.0140745
-0.00391339
0.00151043
-0.000617904
-0.00768947
-0.0142118
-0.0160655
-0.0136625
-0.00954318
-0.00528651
-0.000205968
0.00597307
0.010985
0.0116715
0.0068656
-0.00137312
-0.00933721
-0.0135252
-0.0124954
-0.00768947
-0.00205968
0.00164774
0.00219699
0.000205968
-0.00260893
-0.00384473
-0.00219699
0.000823872
0.00192237
-0.000823872
-0.00556113
-0.00865065
-0.00803275
-0.00459995
-0.000823872
0.00151043
0.00185371
0.000205968
-0.0034328
-0.00844468
-0.0126327
-0.0133879
-0.00974915
-0.0040507
0
6.8656e-05
-0.00377608
-0.00988646
-0.0162028
-0.0206654
-0.0219013
-0.0203908
-0.0176446
-0.014967
-0.0120835
-0.00817006
-0.00336414
6.8656e-05
-0.000823872
-0.0074835
-0.0175759
-0.0256773
-0.0270505
-0.021558
-0.0129073
-0.00569845
-0.00212834
-0.00199102
-0.00391339
-0.00617904
-0.00672828
-0.00432533
-0.000137312
0.00260893
0.00137312
-0.00377608
-0.00940587
-0.0116029
-0.00899393
-0.00384473
0.000274624
0.000892528
-0.00199102
-0.00638501
-0.0098178
-0.0112596
-0.0113282
-0.0111223
-0.0109163
-0.0100924
-0.00837603
-0.00707156
-0.00755216
-0.00954318
-0.0111909
-0.0112596
-0.010573
-0.010779
-0.0119461
-0.0119461
-0.00817006
-0.00068656
0.00659097
0.00851334
0.00281489
-0.00720888
-0.0153789
-0.01737
-0.0135252
-0.00734619
-0.00205968
0.000617904
0
-0.00336414
-0.00762081
-0.0100924
-0.00968049
-0.00741484
-0.00535517
-0.00549248
-0.00823872
-0.0120148
-0.0135252
-0.0103671
-0.00322683
0.00459995
0.0091999
0.00878796
0.00459995
6.8656e-05
-0.00205968
-0.00130446
0.000274624
0.00068656
-0.0010985
-0.00480592
-0.00933721
-0.0129073
-0.0133879
-0.0102984
-0.00535517
-0.00137312
-0.00068656
-0.00363877
-0.00789544
-0.00995512
-0.00782678
-0.00281489
0.00164774
0.00288355
0.00102984
-0.0023343
-0.00521785
-0.00679694
-0.00782678
-0.00954318
-0.0126327
-0.0167521
-0.0206654
-0.0232744
-0.0247161
-0.0256773
-0.0265699
-0.0266385
-0.0251281
-0.0223132
-0.0196356
-0.0182625
-0.0178506
-0.0173013
-0.0153789
-0.0119461
-0.00768947
-0.00357011
-0.00034328
0.00151043
0.00205968
0.00137312
-0.000205968
-0.00240296
-0.00425667
-0.00453129
-0.00281489
-0.000823872
-0.0010985
-0.00432533
-0.00837603
-0.0106417
-0.00940587
-0.00453129
0.00281489
0.0098178
0.0126327
0.00878796
-0.000274624
-0.00954318
-0.0136625
-0.0111223
-0.00508054
-0.00034328
0.00034328
-0.00240296
-0.00679694
-0.0113282
-0.0153103
-0.0176446
-0.0175073
-0.0146924
-0.0100924
-0.00528651
-0.00130446
0.00137312
0.00288355
0.00336414
0.00240296
-0.00144178
-0.00878796
-0.0174386
-0.0223818
-0.0199102
-0.0111909
-0.0017164
0.00240296
-0.00123581
-0.0102984
-0.0197043
-0.0253341
-0.0260893
-0.0234117
-0.0194296
-0.0152416
-0.0112596
-0.00762081
-0.00535517
-0.0051492
-0.00693425
-0.00892528
-0.00878796
-0.00528651
0.000274624
0.00487457
0.00562979
0.00254027
-0.00185371
-0.00432533
-0.00398205
-0.00267758
-0.00295221
-0.00583576
-0.00926856
-0.0102984
-0.00768947
-0.00295221
0.00034328
-0.000274624
-0.00521785
-0.0120835
-0.0176446
-0.0197043
-0.0186744
-0.0160655
-0.0133193
-0.0101611
-0.00562979
0.00034328
0.00604173
0.00851334
0.00590441
-0.00130446
-0.0105044
-0.0183998
-0.0222445
-0.0204595
-0.0140745
-0.00645366
-0.00157909
-0.00144178
-0.00453129
-0.0081014
-0.0105044
-0.0116029
-0.0113282
-0.00988646
-0.00837603
-0.00906259
-0.0133879
-0.0197043
-0.0240982
-0.0229311
-0.0159282
-0.00597307
0.00302086
0.0091999
0.0127014
0.0140058
0.012564
0.0081014
0.00226565
-0.0023343
-0.0040507
-0.00391339
-0.00432533
-0.00693425
-0.010573
-0.0124954
-0.010573
-0.00556113
-0.000755216
0.000892528
-0.0017164
-0.00700291
-0.0120835
-0.0144178
-0.0131133
-0.0091999
-0.00459995
-0.000961184
0.00102984
0.0010985
-0.000755216
-0.00384473
-0.00714022
-0.00968049
-0.0113282
-0.0126327
-0.0136625
-0.0140058
-0.0126327
-0.00974915
-0.00665963
-0.00542382
-0.00741484
-0.0119461
-0.0163401
-0.0173013
-0.0136625
-0.00720888
-0.000961184
0.00274624
0.00350145
0.00178506
-0.00192237
-0.00720888
-0.012976
-0.0174386
-0.0192923
-0.0188117
-0.0175073
-0.0167521
-0.0165461
-0.0155849
-0.0130446
-0.0091999
-0.00508054
-0.00240296
-0.0023343
-0.00425667
-0.00583576
-0.00494323
-0.00151043
0.00219699
0.00377608
0.00219699
-0.00205968
-0.00700291
-0.0106417
-0.0120148
-0.0121521
-0.0132506
-0.0164774
-0.0205968
-0.0232057
-0.0227938
-0.0194983
-0.014967
-0.0118775
-0.0119461
-0.0150357
-0.0194296
-0.0228624
-0.023549
-0.0204595
-0.0141431
-0.0068656
-0.0017164
-0.000205968
-0.00116715
-0.00192237
-0.00068656
0.0017164
0.00254027
-0.000755216
-0.00789544
-0.0153789
-0.0192923
-0.0176446
-0.0116029
-0.00398205
0.00192237
0.00384473
0.00212834
-0.000137312
0.000411936
0.00384473
0.00693425
0.00624769
0.000617904
-0.00817006
-0.016958
-0.0229311
-0.0244415
-0.0212834
-0.0145551
-0.00693425
-0.00130446
0.000411936
-0.00164774
-0.00569845
-0.00906259
-0.0102984
-0.00968049
-0.00830737
-0.00707156
-0.00638501
-0.00611038
-0.00583576
-0.00501189
-0.00336414
-0.00151043
-0.00068656
-0.00185371
-0.00439398
-0.00604173
-0.00466861
-0.000205968
0.00528651
0.00823872
0.00590441
-0.00178506
-0.0118088
-0.0199102
-0.0227938
-0.0202535
-0.0146237
-0.00954318
-0.00775812
-0.00988646
-0.0136625
-0.0158595
-0.0150357
-0.0124267
-0.010779
-0.0113969
-0.0133879
-0.0148983
-0.0153789
-0.0156536
-0.0164774
-0.0177132
-0.0183998
-0.0168894
-0.0124954
-0.00645366
-0.00185371
-0.00130446
-0.00432533
-0.00803275
-0.0100924
-0.0101611
-0.00913124
-0.0081014
-0.0081014
-0.0100924
-0.0138685
-0.01737
-0.0178506
-0.0144178
-0.00878796
-0.00411936
-0.00260893
-0.00459995
-0.00817006
-0.0113969
-0.0135939
-0.0148297
-0.0139372
-0.00954318
-0.00178506
0.00611038
0.0100238
0.00727753
-0.00130446
-0.0115342
-0.0183311
-0.018949
-0.0144178
-0.00817006
-0.00391339
-0.00357011
-0.00714022
-0.012564
-0.016958
-0.0181938
-0.0163401
-0.0134566
-0.0116029
-0.0110536
-0.0110536
-0.0108476
-0.0105044
-0.00995512
-0.00926856
-0.00878796
-0.008582
-0.00830737
-0.00775812
-0.00782678
-0.0091999
-0.0111909
-0.0120835
-0.0103671
-0.00672828
-0.0034328
-0.00315817
-0.00652232
-0.0119461
-0.0170953
-0.0201162
-0.0198416
-0.0160655
-0.00995512
-0.00439398
-0.00205968
-0.0034328
-0.00665963
-0.00926856
-0.00954318
-0.00720888
-0.00363877
-0.000755216
-6.8656e-05
-0.00164774
-0.00439398
-0.00741484
-0.0107103
-0.0142804
-0.0175759
-0.018949
-0.0168894
-0.0114655
-0.00446264
0.0010985
0.00281489
6.8656e-05
-0.00542382
-0.0104357
-0.0120148
-0.00947452
-0.00425667
0.00068656
0.00212834
-0.00102984
-0.00720888
-0.0137998
-0.0183998
-0.019567
-0.0165461
-0.00995512
-0.00178506
0.00521785
0.00851334
0.00714022
0.00219699
-0.00370742
-0.008582
-0.0116715
-0.0128387
-0.0122894
-0.0100238
-0.00638501
-0.00247161
0.000274624
0.000137312
-0.00384473
-0.0101611
-0.0152416
-0.0159282
-0.0122208
-0.00672828
-0.00260893
-0.00123581
-0.0023343
-0.00391339
-0.00391339
-0.0010985
0.00322683
0.00590441
0.00377608
-0.00322683
-0.0117402
-0.016958
-0.0158595
-0.00954318
-0.00151043
0.00459995
0.00720888
0.00631635
0.00219699
-0.00432533
-0.010985
-0.0146237
-0.0133193
-0.00851334
-0.00466861
-0.00549248
-0.0102984
-0.0143491
-0.0129073
-0.00597307
0.00192237
0.00597307
0.00446264
-0.000961184
-0.00768947
-0.0131133
-0.0151043
-0.0131133
-0.00913124
-0.00645366
-0.00693425
-0.00933721
-0.0106417
-0.00871931
-0.00350145
0.00260893
0.00672828
0.00645366
0.00157909
-0.00638501
-0.0143491
-0.0190864
-0.0188117
-0.0143491
-0.00906259
-0.00665963
-0.00830737
-0.0118775
-0.0146924
-0.0155162
-0.0148297
-0.0131133
-0.010573
-0.00727753
-0.00363877
0.000205968
0.00384473
0.00611038
0.00528651
0.000480592
-0.00720888
-0.0144178
-0.0177132
-0.0166834
-0.0140058
-0.0122208
-0.0116029
-0.0106417
-0.00775812
-0.0034328
0.000892528
0.00357011
0.00398205
0.00302086
0.0023343
0.00370742
0.00679694
0.00933721
0.00823872
0.00260893
-0.00501189
-0.0105044
-0.0110536
-0.00734619
-0.00212834
0.00164774
0.00267758
0.00102984
-0.00254027
-0.0068656
-0.0101611
-0.0111909
-0.0105044
-0.00995512
-0.0108476
-0.0126327
-0.0136625
-0.0127014
-0.00933721
-0.00494323
-0.00130446
6.8656e-05
-0.000480592
-0.00144178
-0.00164774
-0.000961184
-0.000137312
-0.000274624
-0.00157909
-0.00267758
-0.0017164
0.00178506
0.00542382
0.00562979
0.00144178
-0.00535517
-0.0113969
-0.0144864
-0.0141431
-0.0114655
-0.00817006
-0.00521785
-0.00260893
0.00034328
0.00370742
0.00631635
0.00720888
0.00652232
0.00480592
0.00274624
0.000961184
0.000137312
0.0010985
0.0040507
0.00851334
0.0124267
0.0135939
0.0113282
0.00714022
0.00336414
0.000480592
-0.00219699
-0.00473726
-0.00617904
-0.00611038
-0.00611038
-0.00768947
-0.0100924
-0.0111909
-0.0100238
-0.00803275
-0.00775812
-0.0105044
-0.0148983
-0.0183311
-0.0192237
-0.0175759
-0.0140745
-0.00913124
-0.00357011
0.00116715
0.00363877
0.00274624
-0.00144178
-0.00782678
-0.0141431
-0.0180565
-0.0179192
-0.0143491
-0.00995512
-0.00775812
-0.00988646
-0.0154476
-0.0210087
-0.0223818
-0.0177132
-0.00885662
-6.8656e-05
0.00494323
0.00508054
0.00178506
-0.0023343
-0.00556113
-0.00844468
-0.0131133
-0.0207341
-0.0294534
-0.0356324
-0.036319
-0.0312385
-0.0222445
-0.0127014
-0.00583576
-0.00363877
-0.00556113
-0.00940587
-0.0122208
-0.0122894
-0.00940587
-0.00549248
-0.00350145
-0.00446264
-0.00741484
-0.0107103
-0.0137998
-0.0168207
-0.0190864
-0.0196356
-0.0182625
-0.0163401
-0.0155162
-0.0165461
-0.0188117
-0.0207341
-0.0204595
-0.0166147
-0.00954318
-0.00178506
0.00377608
0.00556113
0.00418801
0.00144178
-0.00130446
-0.00370742
-0.00549248
-0.00597307
-0.00439398
-0.00102984
0.00226565
0.00377608
0.00308952
0.000961184
-0.00151043
-0.00398205
-0.00659097
-0.0098178
-0.0130446
-0.0150357
-0.0148297
-0.0126327
-0.00974915
-0.00693425
-0.00384473
0
0.00384473
0.00590441
0.00473726
0.000549248
-0.00528651
-0.0109163
-0.0150357
-0.0166147
-0.0154476
-0.0117402
-0.00700291
-0.0034328
-0.00363877
-0.00782678
-0.0133879
-0.0162028
-0.0141431
-0.00817006
-0.00151043
0.0023343
0.00102984
-0.00411936
-0.00823872
-0.00693425
-0.000411936
0.00611038
0.00672828
-6.8656e-05
-0.0105044
-0.0185371
-0.0201162
-0.0159282
-0.010779
-0.00954318
-0.0131133
-0.0180565
-0.0201162
-0.017164
-0.0098178
-0.000411936
0.00803275
0.0128387
0.0131133
0.00988646
0.00535517
0.00192237
0.00130446
0.00377608
0.00844468
0.0131819
0.0151043
0.0113969
0.00102984
-0.0129073
-0.0240982
-0.0271878
-0.021558
-0.0115342
-0.00247161
0.00315817
0.00556113
0.0051492
0.00178506
-0.00411936
-0.0104357
-0.0140058
-0.0133193
-0.00933721
-0.00453129
-0.00130446
-0.000549248
-0.00219699
-0.00494323
-0.00693425
-0.00679694
-0.00473726
-0.00254027
-0.00254027
-0.00631635
-0.0138685
-0.0234117
-0.0315817
-0.034534
-0.0306206
-0.0218326
-0.0126327
-0.00700291
-0.00611038
-0.00789544
-0.00899393
-0.00741484
-0.00494323
-0.0051492
-0.00933721
-0.0148983
-0.0178506
-0.0164088
-0.0117402
-0.00521785
