LECROYHDO9204-MSöv,30454,Waveform
Segments,1,SegmentSize,2002
Ampl
-6.8656e-05
0.00130446
0.00130446
0.00068656
0.000205968
-0.000823872
-0.00315817
-0.00638501
-0.00899393
-0.00933721
-0.00707156
-0.00370742
-0.0017164
-0.00322683
-0.00837603
-0.0138685
-0.0156536
-0.0113282
-0.00295221
0.00459995
0.00741484
0.0057671
0.00357011
0.00446264
0.0081014
0.010985
0.0098178
0.00411936
-0.00363877
-0.0105044
-0.0141431
-0.0140058
-0.0108476
-0.00631635
-0.00315817
-0.00418801
-0.0102984
-0.0192237
-0.0267758
-0.0293848
-0.0262952
-0.0192923
-0.0112596
-0.00501189
-0.00226565
-0.00288355
-0.00487457
-0.00604173
-0.00590441
-0.00535517
-0.00549248
-0.00590441
-0.00556113
-0.0040507
-0.00212834
-0.000892528
-0.00068656
-0.0010985
-0.00123581
-0.000411936
0.00144178
0.00322683
0.00322683
6.8656e-05
-0.00569845
-0.0113969
-0.0140058
-0.0129073
-0.0105044
-0.00954318
-0.0103671
-0.0112596
-0.0106417
-0.00961184
-0.0109163
-0.0157909
-0.021558
-0.0236863
-0.0197729
-0.0122208
-0.00583576
-0.00391339
-0.00604173
-0.00899393
-0.0103671
-0.00974915
-0.00830737
-0.00768947
-0.00878796
-0.0117402
-0.0163401
-0.0220386
-0.027531
-0.0307579
-0.0302773
-0.0271878
-0.0244415
-0.0242356
-0.0256773
-0.0254027
-0.0216266
-0.0160655
-0.012564
-0.0143491
-0.0206654
-0.0271191
-0.0284922
-0.0226565
-0.0130446
-0.00672828
-0.00878796
-0.0184685
-0.0290415
-0.032131
-0.0232744
-0.00652232
0.00542382
-0.0057671
-0.0587009
-0.167246
-0.333531
-0.541696
-0.757275
-0.93839
-1.05456
-1.1022
-1.10385
-1.09225
-1.09129
-1.10776
-1.13502
-1.16207
-1.18095
-1.18857
-1.18638
-1.17848
-1.17045
-1.16633
-1.16715
-1.17024
-1.17196
-1.16997
-1.16392
-1.15534
-1.14635
-1.13838
-1.13159
-1.12479
-1.1158
-1.10282
-1.08566
-1.06712
-1.0525
-1.04618
-1.04879
-1.05641
-1.06382
-1.06829
-1.07096
-1.07529
-1.08284
-1.09218
-1.1011
-1.10838
-1.11381
-1.11676
-1.11621
-1.11278
-1.10927
-1.10921
-1.11367
-1.12067
-1.12685
-1.12973
-1.12877
-1.12555
-1.12239
-1.1217
-1.1241
-1.12815
-1.13083
-1.1296
-1.12376
-1.1149
-1.10564
-1.09932
-1.09856
-1.1033
-1.11058
-1.11676
-1.12019
-1.12143
-1.12115
-1.11902
-1.11429
-1.10776
-1.10213
-1.0998
-1.10145
-1.10516
-1.10859
-1.11113
-1.11346
-1.1158
-1.11744
-1.11751
-1.1158
-1.11319
-1.11099
-1.11154
-1.11669
-1.12616
-1.1366
-1.14381
-1.14498
-1.13928
-1.12678
-1.10783
-1.08222
-1.04948
-1.00911
-0.961595
-0.908387
-0.851815
-0.794144
-0.737434
-0.682578
-0.629507
-0.577671
-0.52769
-0.480935
-0.438025
-0.397381
-0.356256
-0.312728
-0.267415
-0.223132
-0.183449
-0.151455
-0.128936
-0.116235
-0.111429
-0.110742
-0.110399
-0.107653
-0.102229
-0.0952945
-0.0889781
-0.0845155
-0.0809454
-0.0761395
-0.068656
-0.0593874
-0.0510114
-0.0460682
-0.0452443
-0.0477846
-0.0521785
-0.0565725
-0.0589068
-0.0572591
-0.0518353
-0.0454503
-0.0422234
-0.044901
-0.0519039
-0.0577397
-0.0571904
-0.0492263
-0.0381041
-0.0296594
-0.027531
-0.0312385
-0.0372115
-0.0413995
-0.0414682
-0.0376235
-0.0313758
-0.0252654
-0.0212834
-0.0208714
-0.0236863
-0.0282863
-0.0321996
-0.0331608
-0.0306892
-0.0262266
-0.0221072
-0.0201849
-0.0205968
-0.0222445
-0.0238923
-0.0252654
-0.0270505
-0.0292474
-0.0305519
-0.0298653
-0.0278057
-0.0258833
-0.0250594
-0.0244415
-0.0229311
-0.0203908
-0.0181938
-0.0173013
-0.0168894
-0.0154476
-0.0131819
-0.0129073
-0.0175759
-0.0261579
-0.0334355
-0.0333668
-0.0241669
-0.0105044
-0.00123581
-0.00295221
-0.0150357
-0.029728
-0.0381041
-0.0358384
-0.0258833
-0.0156536
-0.0117402
-0.0154476
-0.0229311
-0.0280116
-0.0272564
-0.0212147
-0.0134566
-0.00714022
-0.00384473
-0.00315817
-0.00357011
-0.00302086
-0.00068656
0.00205968
0.00247161
-0.00123581
-0.00885662
-0.0185371
-0.0273251
-0.032337
-0.0321996
-0.0286295
-0.0249221
-0.0227251
-0.021146
-0.0190177
-0.0170953
-0.0168894
-0.0184685
-0.0200475
-0.0200475
-0.0181938
-0.0153103
-0.0124954
-0.0104357
-0.0100238
-0.0124954
-0.0176446
-0.0229311
-0.0241669
-0.0192237
-0.0104357
-0.00267758
0.000480592
-0.000823872
-0.00329549
-0.00391339
-0.00178506
0.00157909
0.00384473
0.00391339
0.0023343
0.000137312
-0.00185371
-0.00377608
-0.00556113
-0.00693425
-0.00741484
-0.00714022
-0.00631635
-0.0051492
-0.00363877
-0.00205968
-0.00116715
-0.00185371
-0.00425667
-0.00782678
-0.0113282
-0.0131133
-0.0129073
-0.0113282
-0.00947452
-0.00755216
-0.00508054
-0.00212834
-0.000274624
-0.0017164
-0.0068656
-0.0133193
-0.0177132
-0.0185371
-0.0165461
-0.012976
-0.00871931
-0.00494323
-0.00281489
-0.00260893
-0.00391339
-0.00631635
-0.0102297
-0.014761
-0.016958
-0.0144864
-0.008582
-0.00384473
-0.00363877
-0.00693425
-0.00940587
-0.00796409
-0.00384473
-0.000755216
-0.000961184
-0.00418801
-0.0081014
-0.010779
-0.0105044
-0.00611038
0.00185371
0.0100238
0.0137312
0.0105044
0.00295221
-0.00391339
-0.00720888
-0.0081014
-0.00933721
-0.0117402
-0.0137312
-0.0130446
-0.00933721
-0.00466861
-0.00185371
-0.00185371
-0.00398205
-0.00631635
-0.00741484
-0.00590441
-0.00130446
0.00521785
0.0111909
0.0138685
0.0126327
0.00878796
0.00370742
-0.00199102
-0.00782678
-0.0124267
-0.0138685
-0.0113282
-0.00597307
-0.000755216
0.00157909
0.000137312
-0.00384473
-0.00823872
-0.0113282
-0.0117402
-0.00899393
-0.00377608
0.00199102
0.00569845
0.00549248
0.00157909
-0.00350145
-0.00672828
-0.00665963
-0.00398205
-0.000892528
0.000549248
0.00034328
0.000274624
0.00205968
0.00528651
0.00714022
0.00494323
-0.00116715
-0.00796409
-0.0119461
-0.0113969
-0.00789544
-0.00425667
-0.00219699
-0.00144178
-0.000892528
6.8656e-05
0.00151043
0.00322683
0.00466861
0.00549248
0.00562979
0.00487457
0.00260893
-0.00157909
-0.00645366
-0.00988646
-0.0098178
-0.0057671
0.000617904
0.00638501
0.00940587
0.00926856
0.00672828
0.00219699
-0.00329549
-0.00734619
-0.0074835
-0.00432533
-0.00068656
0.00137312
0.00329549
0.00700291
0.0113282
0.0124954
0.00782678
-0.000961184
-0.008582
-0.0103671
-0.00549248
0.00295221
0.0103671
0.0132506
0.0106417
0.00411936
-0.00363877
-0.00974915
-0.0121521
-0.010573
-0.00659097
-0.00226565
0.00102984
0.00267758
0.0023343
0.000205968
-0.00267758
-0.0051492
-0.00679694
-0.00768947
-0.0074835
-0.00556113
-0.0017164
0.00377608
0.00968049
0.0137998
0.0140745
0.0106417
0.00583576
0.00192237
-0.000823872
-0.0034328
-0.00645366
-0.00878796
-0.00878796
-0.00617904
-0.0023343
0.000617904
0.00157909
0.000480592
-0.00137312
-0.00281489
-0.00322683
-0.00281489
-0.00226565
-0.00219699
-0.00295221
-0.00398205
-0.00459995
-0.00453129
-0.00473726
-0.00624769
-0.00933721
-0.0133193
-0.0172326
-0.0199789
-0.0203908
-0.0177132
-0.0130446
-0.00844468
-0.00617904
-0.0074835
-0.0119461
-0.0170953
-0.0203222
-0.0203222
-0.0181938
-0.0158595
-0.0140058
-0.0121521
-0.00988646
-0.00727753
-0.00466861
-0.00267758
-0.00185371
-0.00226565
-0.00329549
-0.00425667
-0.00542382
-0.00714022
-0.00878796
-0.00899393
-0.00700291
-0.00384473
-0.00199102
-0.00260893
-0.00453129
-0.0051492
-0.00329549
-0.000480592
0.00068656
-0.00068656
-0.00254027
-0.00247161
-0.000205968
0.00240296
0.00308952
0.000274624
-0.00631635
-0.014761
-0.0208714
-0.0210087
-0.0153789
-0.00803275
-0.00308952
-0.00205968
-0.00391339
-0.0074835
-0.0118088
-0.0156536
-0.0177819
-0.0180565
-0.0176446
-0.0179879
-0.019361
-0.0203908
-0.0197043
-0.0166834
-0.0121521
-0.00762081
-0.00459995
-0.00370742
-0.00480592
-0.00665963
-0.0074835
-0.00597307
-0.00336414
-0.00185371
-0.00295221
-0.00535517
-0.00672828
-0.00604173
-0.00453129
-0.00432533
-0.00569845
-0.00714022
-0.00707156
-0.0057671
-0.00453129
-0.00377608
-0.00329549
-0.00295221
-0.00350145
-0.00501189
-0.00597307
-0.00487457
-0.00226565
-0.000549248
-0.00130446
-0.00432533
-0.00775812
-0.00995512
-0.00974915
-0.00659097
-0.00205968
0.00068656
-0.000755216
-0.00549248
-0.00961184
-0.00933721
-0.0040507
0.00254027
0.00562979
0.00315817
-0.00254027
-0.00734619
-0.00899393
-0.00768947
-0.00501189
-0.00240296
-0.000961184
-0.00123581
-0.00315817
-0.0057671
-0.00830737
-0.0100924
-0.010573
-0.00899393
-0.00542382
-0.0010985
0.00185371
0.00199102
-0.000480592
-0.00377608
-0.00569845
-0.00508054
-0.00274624
-0.000205968
0.0010985
0.0010985
0.000892528
0.00185371
0.00453129
0.00803275
0.0108476
0.0118088
0.0105044
0.00672828
0.00137312
-0.0040507
-0.00741484
-0.00762081
-0.00542382
-0.00267758
-0.0010985
-0.00137312
-0.00329549
-0.00617904
-0.00913124
-0.010779
-0.00995512
-0.00693425
-0.00391339
-0.00295221
-0.00432533
-0.00590441
-0.00583576
-0.00418801
-0.00240296
-0.00151043
-0.00102984
-0.000617904
-0.000961184
-0.00240296
-0.00425667
-0.00466861
-0.00295221
0
0.00219699
0.00192237
-0.00178506
-0.00851334
-0.0166147
-0.0227938
-0.0234803
-0.0173013
-0.00707156
0.00164774
0.0040507
0.000274624
-0.00597307
-0.0109163
-0.0134566
-0.0142804
-0.0136625
-0.0113969
-0.00734619
-0.00254027
0.0017164
0.00432533
0.00473726
0.00336414
0.000823872
-0.00247161
-0.00624769
-0.0105044
-0.0146924
-0.0178506
-0.0186744
-0.0170267
-0.0141431
-0.0118088
-0.0113969
-0.0124267
-0.012976
-0.0113969
-0.00803275
-0.00453129
-0.00295221
-0.0040507
-0.00714022
-0.00988646
-0.0102297
-0.00727753
-0.00212834
0.00336414
0.00782678
0.0104357
0.010985
0.0098178
0.00768947
0.00480592
0.000892528
-0.00411936
-0.00878796
-0.0113282
-0.0113969
-0.0105044
-0.0102984
-0.0116029
-0.0137998
-0.0155849
-0.0151043
-0.0116029
-0.0057671
0
0.00363877
0.00384473
0.000755216
-0.00446264
-0.00974915
-0.012564
-0.0120148
-0.00947452
-0.00768947
-0.00878796
-0.0128387
-0.0175759
-0.0202535
-0.0192237
-0.0146237
-0.00789544
-0.00102984
0.00384473
0.00446264
0.000137312
-0.00727753
-0.014761
-0.0192923
-0.0199102
-0.0175759
-0.0138685
-0.0101611
-0.00693425
-0.00439398
-0.00336414
-0.00494323
-0.00933721
-0.014967
-0.0194983
-0.0214207
-0.0206654
-0.0181938
-0.0152416
-0.012564
-0.010573
-0.00988646
-0.0108476
-0.0124954
-0.0128387
-0.0102297
-0.00501189
0.000274624
0.00260893
-0.000137312
-0.00714022
-0.014967
-0.0192923
-0.0181252
-0.0132506
-0.00926856
-0.00954318
-0.0133879
-0.0173013
-0.0186058
-0.0174386
-0.0153789
-0.0135252
-0.0120835
-0.0108476
-0.00961184
-0.00823872
-0.00631635
-0.00357011
-0.000205968
0.00192237
0.00068656
-0.00411936
-0.0111909
-0.0180565
-0.0222445
-0.021146
-0.0137998
-0.00260893
0.00700291
0.0110536
0.0100238
0.00775812
0.00762081
0.0098178
0.0118088
0.0110536
0.00645366
-0.000274624
-0.00652232
-0.0102297
-0.0116029
-0.0122894
-0.0133193
-0.0142118
-0.0135939
-0.0107103
-0.00631635
-0.00247161
-0.00068656
-0.000411936
0.000755216
0.00432533
0.00865065
0.00995512
0.00562979
-0.00308952
-0.0111223
-0.0132506
-0.00782678
0.0023343
0.0115342
0.0155162
0.0135939
0.00803275
0.000892528
-0.00665963
-0.0137998
-0.019155
-0.021146
-0.0192923
-0.0148297
-0.00947452
-0.00487457
-0.00137312
0.000823872
0.00178506
0.00116715
-0.00102984
-0.00453129
-0.008582
-0.0116715
-0.0124954
-0.0105044
-0.00672828
-0.0034328
-0.00178506
-0.00144178
-0.00137312
-0.000961184
-0.000205968
0.000411936
-0.000205968
-0.00391339
-0.0105044
-0.0175073
-0.0209401
-0.0188804
-0.0134566
-0.008582
-0.0068656
-0.00714022
-0.00665963
-0.00398205
-0.000137312
0.00295221
0.00377608
0.00212834
-0.00192237
-0.00789544
-0.0142804
-0.0186058
-0.0186058
-0.0140058
-0.00707156
-0.000892528
0.00157909
-0.00123581
-0.00892528
-0.0182625
-0.0243042
-0.0232744
-0.0155162
-0.00549248
0.00178506
0.00398205
0.00247161
-6.8656e-05
-0.00199102
-0.00308952
-0.00357011
-0.00315817
-0.00185371
-0.000480592
0.000480592
0.000617904
-0.00068656
-0.00432533
-0.00947452
-0.0133879
-0.01277
-0.00665963
0.00247161
0.0100924
0.012564
0.00892528
0.00178506
-0.00487457
-0.00830737
-0.00817006
-0.00597307
-0.00281489
0.000549248
0.00295221
0.00226565
-0.00219699
-0.00803275
-0.010985
-0.00817006
-0.000274624
0.00844468
0.01277
0.00926856
-0.00144178
-0.0153103
-0.0269818
-0.0321996
-0.0291101
-0.0190864
-0.00611038
0.00473726
0.00926856
0.00645366
-0.00185371
-0.0113282
-0.01737
-0.01737
-0.0123581
-0.00590441
-0.00123581
0.000205968
-0.0010985
-0.00357011
-0.00597307
-0.0081014
-0.0104357
-0.0127014
-0.0137312
-0.0123581
-0.00906259
-0.00549248
-0.00295221
-0.00192237
-0.00226565
-0.00322683
-0.0040507
-0.00439398
-0.00508054
-0.0068656
-0.00885662
-0.00954318
-0.00803275
-0.00535517
-0.00295221
-0.00137312
-0.000411936
-6.8656e-05
-0.00034328
-0.000823872
-0.000892528
-0.000411936
0.000274624
6.8656e-05
-0.00151043
-0.0040507
-0.00665963
-0.00817006
-0.00762081
-0.00446264
0.000892528
0.00672828
0.0106417
0.0111909
0.00899393
0.00528651
0.00151043
-0.00123581
-0.00192237
-0.000755216
0.000617904
0.000274624
-0.00260893
-0.00768947
-0.0137998
-0.018949
-0.0207341
-0.0177819
-0.0117402
-0.0057671
-0.00240296
-0.00205968
-0.00336414
-0.00411936
-0.00357011
-0.00322683
-0.00583576
-0.012564
-0.0203908
-0.0245102
-0.0221072
-0.0150357
-0.008582
-0.00679694
-0.0101611
-0.0154476
-0.0182625
-0.0162028
-0.0100924
-0.00322683
0.00130446
0.00254027
0.00178506
0.0010985
0.0017164
0.00357011
0.00535517
0.00624769
0.00617904
0.00487457
0.00157909
-0.00453129
-0.0123581
-0.0190864
-0.0217639
-0.018949
-0.0122208
-0.00528651
-0.00178506
-0.00302086
-0.0068656
-0.0098178
-0.00988646
-0.00741484
-0.00411936
-0.00185371
-0.00130446
-0.00226565
-0.00363877
-0.00480592
-0.00604173
-0.00775812
-0.0091999
-0.00892528
-0.00617904
-0.00212834
0.00034328
-0.000892528
-0.00528651
-0.00974915
-0.0112596
-0.00885662
-0.00439398
-0.000274624
0.0017164
0.00123581
-0.00102984
-0.00336414
-0.00453129
-0.00466861
-0.00542382
-0.00775812
-0.0108476
-0.0129073
-0.0131133
-0.0121521
-0.0113282
-0.0110536
-0.0110536
-0.010985
-0.0110536
-0.0122208
-0.0148297
-0.0179192
-0.0192237
-0.0162028
-0.00768947
0.00494323
0.017164
0.0232744
0.019361
0.00693425
-0.00755216
-0.0168207
-0.0176446
-0.0116715
-0.00411936
-0.000274624
-0.00281489
-0.0102297
-0.01737
-0.0183998
-0.0113282
0.000617904
0.010985
0.0141431
0.00871931
-0.00178506
-0.0120148
-0.0178506
-0.0188804
-0.0166834
-0.0124267
-0.00700291
-0.00185371
0.000755216
6.8656e-05
-0.00199102
-0.00274624
-0.00144178
0.000205968
0.000137312
-0.00205968
-0.00473726
-0.00624769
-0.00659097
-0.00693425
-0.00768947
-0.00789544
-0.00638501
-0.00322683
0
0.00205968
0.00302086
0.00350145
0.00315817
0.000892528
-0.00363877
-0.00885662
-0.0113969
-0.00906259
-0.00281489
0.00418801
0.00871931
0.00974915
0.00837603
0.00590441
0.00260893
-0.0017164
-0.0068656
-0.0116029
-0.014967
-0.0170953
-0.0185371
-0.0192923
-0.0186058
-0.0163401
-0.0133879
-0.0104357
-0.00741484
-0.00384473
-0.000205968
0.00247161
0.00315817
0.00144178
-0.00247161
-0.00768947
-0.0120148
-0.012976
-0.0098178
-0.00480592
-0.00151043
-0.00199102
-0.00549248
-0.00988646
-0.0136625
-0.0164774
-0.0183311
-0.0183311
-0.0155849
-0.0101611
-0.00398205
-0.000274624
-0.00102984
-0.00631635
-0.0142118
-0.021352
-0.0236863
-0.019155
-0.00906259
0.00137312
0.00611038
0.00219699
-0.00865065
-0.0208028
-0.0280803
-0.0271191
-0.0194296
-0.0102297
-0.00446264
-0.00370742
-0.00569845
-0.00734619
-0.00700291
-0.00549248
-0.00459995
-0.00611038
-0.0102984
-0.0155849
-0.0190177
-0.0181938
-0.0130446
-0.00535517
0.0017164
0.00501189
0.00247161
-0.00542382
-0.0155162
-0.0239609
-0.0273937
-0.0247161
-0.0166147
-0.00583576
0.00453129
0.0120148
0.0154476
0.0156536
0.0140745
0.0118088
0.00892528
0.00549248
0.00192237
-0.00137312
-0.00446264
-0.00734619
-0.00995512
-0.0118088
-0.0124954
-0.0118088
-0.00926856
-0.0051492
-0.0010985
0.000892528
0.000755216
0.000755216
0.00322683
0.0074835
0.010573
0.0098178
0.00494323
-0.00226565
-0.00968049
-0.0156536
-0.0196356
-0.0212147
-0.0204595
-0.0177132
-0.0137312
-0.00933721
-0.00480592
-0.000137312
0.0040507
0.00631635
0.00590441
0.00377608
0.00226565
0.00254027
0.00267758
-0.000205968
-0.00617904
-0.0122208
-0.015173
-0.014967
-0.0143491
-0.0154476
-0.0176446
-0.0175759
-0.0128387
-0.00432533
0.00411936
0.00885662
0.00803275
0.00254027
-0.00494323
-0.0107103
-0.0120835
-0.00947452
-0.00549248
-0.00315817
-0.0034328
-0.0051492
-0.00659097
-0.00638501
-0.00446264
-0.00178506
0.000137312
0.000205968
-0.00185371
-0.00556113
-0.0103671
-0.0157222
-0.0203222
-0.0225192
-0.0212147
-0.0166834
-0.0106417
-0.0057671
-0.00384473
-0.00480592
-0.00707156
-0.008582
-0.0081014
-0.00597307
-0.00363877
-0.00336414
-0.00624769
-0.0108476
-0.0139372
-0.012976
-0.00796409
-0.00185371
0.00192237
0.00164774
-0.00151043
-0.00473726
-0.00617904
-0.00590441
-0.00528651
-0.00542382
-0.00665963
-0.00892528
-0.0124267
-0.0174386
-0.0229997
-0.0267072
-0.025746
-0.0192237
-0.00974915
-0.00164774
0.00178506
0.000137312
-0.00487457
-0.0111909
-0.0168894
-0.0197043
-0.0177132
-0.0113282
-0.00336414
0.00247161
0.00439398
0.00336414
0.00205968
0.00247161
0.00418801
0.00439398
6.8656e-05
-0.00892528
-0.0197729
-0.0284236
-0.0320623
-0.0296594
-0.0223132
-0.0128387
-0.00501189
-0.00130446
-0.00178506
-0.00439398
-0.00583576
-0.0040507
0.000892528
0.00652232
0.00961184
0.00796409
0.00130446
-0.008582
-0.0181252
-0.0236177
-0.0226565
-0.0162715
-0.00734619
0.0010985
0.00700291
0.00871931
0.00590441
6.8656e-05
-0.00617904
-0.0109163
-0.0133879
-0.0138685
-0.012564
-0.0100238
-0.0074835
-0.00707156
-0.0102984
-0.0165461
-0.0231371
-0.0265699
-0.0254714
-0.021146
-0.0166834
-0.0134566
-0.0100238
-0.00466861
0.00178506
0.00631635
0.00617904
0.00130446
-0.00562979
-0.010985
-0.0126327
-0.0111909
-0.00933721
-0.00906259
-0.0107103
-0.0134566
-0.0162028
-0.0177132
-0.0172326
-0.014967
-0.0120148
-0.00926856
-0.00727753
-0.00659097
-0.00789544
-0.0111909
-0.0153789
-0.0187431
-0.0201162
-0.0197729
-0.0187431
-0.0177819
-0.0166834
-0.0144178
-0.010779
-0.00727753
-0.00569845
-0.0068656
-0.0103671
-0.014967
-0.0192923
-0.0222445
-0.0232744
-0.0231371
-0.0229311
-0.0231371
-0.0234117
-0.0225878
-0.0199102
-0.0153103
-0.00974915
-0.00521785
-0.00363877
-0.00569845
-0.00968049
-0.0130446
-0.0141431
-0.0126327
-0.00968049
-0.00645366
-0.00398205
-0.00240296
-0.00199102
-0.00329549
-0.00707156
-0.0127014
-0.0187431
-0.0231371
-0.0241669
-0.0206654
-0.0133193
-0.00590441
-0.00336414
-0.00714022
-0.0137998
-0.0185371
-0.018949
-0.0162715
-0.0128387
-0.00988646
-0.00720888
-0.00459995
-0.00274624
-0.00281489
-0.00549248
-0.00995512
-0.0140058
-0.0155162
-0.0137312
-0.00995512
-0.00652232
-0.00446264
-0.00315817
-0.00192237
-0.00178506
-0.00459995
-0.00968049
-0.0135939
-0.0135252
-0.010573
-0.00865065
-0.0106417
-0.0161342
-0.0227251
-0.0271878
-0.027531
-0.0236863
-0.0176446
-0.0120148
-0.00823872
-0.00624769
-0.0051492
-0.00384473
-0.00205968
-0.000823872
-0.00178506
-0.00556113
-0.010779
-0.0146237
-0.0152416
-0.0129073
-0.00961184
-0.00714022
-0.00590441
-0.00501189
-0.00288355
0.00130446
0.00665963
0.0108476
0.0120148
0.00947452
0.00336414
-0.00521785
-0.0140058
-0.0199789
-0.0201162
-0.0139372
-0.00350145
0.00659097
0.0115342
0.00913124
0.00123581
-0.0068656
-0.0105044
-0.00844468
-0.00295221
0.00205968
0.00384473
0.0017164
-0.00357011
-0.00995512
-0.0152416
-0.0181252
-0.0186744
-0.0175759
-0.014967
-0.0108476
-0.00562979
-0.000549248
0.00295221
0.00418801
0.0034328
0.000755216
-0.00418801
-0.0117402
-0.0201849
-0.0251967
-0.0230684
-0.0142118
-0.00384473
0.00151043
-0.000961184
-0.0091999
-0.0178506
-0.0225192
-0.0219013
-0.0174386
-0.0119461
-0.00803275
-0.0068656
-0.0081014
-0.00968049
-0.00926856
-0.00604173
-0.00144178
0.00164774
0.00116715
-0.00315817
-0.00947452
-0.0157909
-0.0210774
-0.0249908
-0.0269818
-0.025746
-0.0205281
-0.0122208
-0.00336414
0.0034328
0.00652232
0.00542382
0.000961184
-0.00453129
-0.00803275
-0.00762081
-0.00398205
0.000274624
0.00274624
0.00274624
0.00102984
-0.00137312
-0.00398205
-0.00617904
-0.00700291
-0.00569845
-0.00267758
0.000549248
0.0023343
0.00205968
-0.000480592
-0.00501189
-0.010573
-0.015173
-0.0164774
-0.0141431
-0.0100238
-0.00672828
-0.00542382
-0.00583576
-0.00700291
-0.00789544
-0.00775812
-0.00590441
-0.00247161
0.00116715
0.00240296
-0.000480592
-0.00645366
-0.0120148
-0.0139372
-0.0123581
-0.00995512
-0.00988646
-0.012564
-0.0157222
-0.0157909
-0.0113969
-0.00501189
-0.000823872
-0.0010985
-0.00528651
-0.0113282
-0.0176446
-0.0229997
-0.0249908
-0.021558
-0.0130446
-0.00357011
0.00219699
0.00178506
-0.00357011
-0.0105044
-0.0162028
-0.0194983
-0.0209401
-0.0217639
-0.0220386
-0.0210087
-0.0182625
-0.0148297
-0.0121521
-0.0103671
-0.00899393
-0.00803275
-0.00803275
-0.00933721
-0.0112596
-0.0124267
-0.0118775
-0.010573
-0.0105044
-0.0132506
-0.0180565
-0.0221072
-0.0220386
-0.0167521
-0.00885662
-0.00315817
-0.00288355
-0.00720888
-0.0118088
-0.0130446
-0.0111909
-0.00940587
-0.0105044
-0.0143491
-0.0183998
-0.0197043
-0.0170267
-0.0111909
-0.00473726
-0.00102984
-0.00178506
-0.0057671
-0.00940587
-0.00961184
-0.00652232
-0.00240296
-0.000549248
-0.00267758
-0.00837603
-0.0150357
-0.0192923
-0.0190177
-0.0144864
-0.00830737
-0.0034328
-0.00123581
-0.00157909
-0.00398205
-0.00817006
-0.0131133
-0.016958
-0.0179192
-0.0156536
-0.0116029
-0.00762081
-0.00521785
-0.00487457
-0.00604173
-0.0074835
-0.00878796
-0.0102984
-0.0120148
-0.0133193
-0.0132506
-0.0119461
-0.0108476
-0.0112596
-0.0131819
-0.014761
-0.0141431
-0.0102984
-0.00446264
0.000617904
0.00219699
-0.000961184
-0.00734619
-0.0133879
-0.0155849
-0.012976
-0.00823872
-0.00535517
-0.00700291
-0.0120148
-0.0161342
-0.0158595
-0.0110536
-0.00508054
-0.00185371
-0.00315817
-0.00803275
-0.0139372
-0.0186058
-0.0206654
-0.0198416
-0.0164088
-0.0113969
-0.00624769
-0.00212834
0.000892528
0.00254027
0.00247161
0.00034328
-0.00329549
-0.00700291
-0.00926856
-0.00871931
-0.00521785
-0.000480592
0.00288355
0.00363877
0.00205968
-0.000480592
-0.00260893
-0.00357011
-0.0034328
-0.00370742
-0.0068656
-0.0130446
-0.019361
-0.0216953
-0.0186058
-0.0122894
-0.0068656
-0.00556113
-0.00878796
-0.0143491
-0.0182625
-0.0175073
-0.0118088
-0.00432533
0.000961184
0.0017164
-0.00123581
-0.00562979
-0.00954318
-0.0124267
-0.0141431
-0.0130446
-0.00762081
0.00116715
0.00878796
0.0101611
0.00370742
-0.00727753
-0.0170953
-0.0219013
-0.0205968
-0.015173
-0.00892528
-0.00473726
-0.00391339
-0.00542382
-0.00741484
-0.00871931
-0.00974915
-0.0119461
-0.0164774
-0.0221759
-0.0261579
-0.0261579
-0.0226565
-0.0180565
-0.0142804
-0.0122208
-0.0116029
-0.0112596
-0.00974915
-0.00611038
-0.000961184
0.00377608
0.00508054
0.00123581
-0.00638501
-0.0137312
-0.0166834
-0.0144178
-0.00968049
-0.00583576
-0.00466861
-0.00611038
-0.0091999
-0.01277
-0.0157222
-0.0172326
-0.0172326
-0.0161342
-0.0144178
-0.0127014
-0.0113969
-0.0106417
-0.0100238
-0.00885662
-0.00714022
-0.00508054
-0.00308952
-0.00151043
-0.00068656
-0.000892528
-0.00205968
-0.00391339
-0.00611038
-0.00782678
-0.00817006
-0.00720888
-0.00617904
-0.00672828
-0.00837603
-0.00926856
-0.00762081
-0.00363877
0.00116715
0.00501189
0.00707156
0.00755216
0.00631635
0.0023343
-0.00480592
-0.0130446
