LECROYHDO9204-MSöv,30454,Waveform
Segments,1,SegmentSize,2002
Ampl
0.000480592
-0.00466861
-0.00871931
-0.0102984
-0.0102297
-0.010779
-0.01277
-0.0143491
-0.0124954
-0.00597307
0.00260893
0.0081014
0.00597307
-0.0034328
-0.0145551
-0.0207341
-0.0190177
-0.0121521
-0.00549248
-0.00302086
-0.00501189
-0.00878796
-0.0116715
-0.012976
-0.0135252
-0.0135252
-0.0115342
-0.00604173
0.00240296
0.0100238
0.0118775
0.00583576
-0.00521785
-0.015173
-0.0192923
-0.0166147
-0.00899393
-6.8656e-05
0.00665963
0.00851334
0.00501189
-0.00199102
-0.00913124
-0.0134566
-0.0132506
-0.00878796
-0.00226565
0.00315817
0.00556113
0.00521785
0.00357011
0.00137312
-0.00157909
-0.0051492
-0.00865065
-0.0112596
-0.0124954
-0.0116029
-0.0074835
-0.000411936
0.00755216
0.0132506
0.0148297
0.012564
0.00871931
0.00556113
0.00322683
-0.000617904
-0.00768947
-0.0162715
-0.0222445
-0.0232057
-0.0197043
-0.0143491
-0.00913124
-0.00549248
-0.00487457
-0.00885662
-0.0173013
-0.027531
-0.0344653
-0.034122
-0.0265012
-0.0162028
-0.00878796
-0.00714022
-0.0101611
-0.0142118
-0.0161342
-0.015173
-0.0131819
-0.0126327
-0.0146237
-0.0178506
-0.0199789
-0.0197043
-0.0177132
-0.0161342
-0.0172326
-0.0217639
-0.0271878
-0.0294534
-0.0262266
-0.0194296
-0.0135252
-0.0121521
-0.0161342
-0.0231371
-0.0293161
-0.0315131
-0.0291101
-0.0241669
-0.0187431
-0.0124267
-0.00384473
0.00617904
0.0107103
-0.00425667
-0.0580143
-0.168344
-0.340328
-0.556113
-0.776018
-0.955554
-1.06712
-1.1114
-1.11113
-1.09472
-1.0836
-1.08737
-1.1057
-1.13152
-1.15493
-1.16791
-1.16846
-1.16145
-1.15479
-1.15363
-1.15706
-1.16077
-1.16035
-1.15459
-1.14504
-1.13509
-1.12815
-1.12548
-1.12561
-1.12527
-1.12108
-1.11099
-1.09513
-1.07611
-1.05847
-1.04755
-1.04597
-1.05291
-1.06458
-1.07687
-1.08676
-1.09252
-1.09417
-1.09369
-1.09383
-1.09699
-1.10378
-1.11298
-1.12246
-1.1298
-1.13351
-1.13351
-1.1309
-1.12761
-1.12534
-1.12493
-1.12548
-1.12541
-1.12383
-1.12067
-1.11676
-1.11264
-1.10893
-1.10653
-1.10653
-1.10948
-1.11449
-1.11937
-1.12191
-1.12115
-1.11786
-1.1149
-1.11511
-1.11964
-1.12637
-1.13166
-1.13227
-1.12658
-1.11552
-1.10289
-1.09444
-1.09458
-1.10268
-1.11298
-1.11889
-1.11772
-1.11223
-1.10735
-1.10687
-1.11188
-1.12122
-1.13262
-1.14305
-1.15026
-1.15356
-1.15308
-1.14861
-1.13969
-1.12596
-1.1068
-1.08058
-1.04542
-1.00169
-0.952533
-0.901041
-0.848039
-0.79277
-0.735855
-0.679831
-0.627172
-0.578152
-0.532221
-0.488075
-0.443861
-0.397449
-0.347674
-0.296182
-0.247093
-0.204732
-0.171983
-0.148777
-0.132643
-0.12056
-0.110605
-0.102297
-0.0957064
-0.0909005
-0.087399
-0.0849274
-0.0833483
-0.0820439
-0.0799155
-0.0754529
-0.0681067
-0.0585635
-0.049295
-0.0439398
-0.044695
-0.0505308
-0.0581516
-0.0635068
-0.0641247
-0.0603486
-0.0542382
-0.0486084
-0.0456562
-0.0457935
-0.0475099
-0.0487457
-0.0484025
-0.0474413
-0.0466861
-0.0458622
-0.0438712
-0.0398891
-0.0346713
-0.0292474
-0.0245102
-0.0209401
-0.0190177
-0.018949
-0.0203908
-0.0216953
-0.0212147
-0.0186058
-0.0148983
-0.0111223
-0.0081014
-0.00659097
-0.00720888
-0.00995512
-0.0140745
-0.0176446
-0.019155
-0.0179879
-0.0152416
-0.01277
-0.0120835
-0.0132506
-0.0148983
-0.0162715
-0.0183311
-0.0223132
-0.0283549
-0.0342593
-0.0374175
-0.036525
-0.0332981
-0.0303459
-0.0293161
-0.0291101
-0.0273251
-0.0229997
-0.0175759
-0.0135939
-0.0130446
-0.0167521
-0.0243729
-0.0333668
-0.0391339
-0.0378294
-0.0293848
-0.0177819
-0.00871931
-0.0057671
-0.00885662
-0.0151043
-0.0206654
-0.0229311
-0.021352
-0.0175073
-0.0135252
-0.0103671
-0.0081014
-0.00645366
-0.00590441
-0.00693425
-0.00988646
-0.0137998
-0.0175073
-0.0203908
-0.0226565
-0.0245102
-0.0251967
-0.0241669
-0.0225878
-0.0221759
-0.0236177
-0.0254714
-0.0260893
-0.0248535
-0.0231371
-0.0224505
-0.0232057
-0.023755
-0.0227251
-0.0201849
-0.0172326
-0.0140058
-0.00926856
-0.00315817
0.00164774
0.00144178
-0.00480592
-0.0144178
-0.0222445
-0.0238236
-0.0179192
-0.00741484
0.00247161
0.00700291
0.0040507
-0.00473726
-0.0153789
-0.0232744
-0.0258833
-0.0236863
-0.0197043
-0.0166834
-0.0148983
-0.0130446
-0.00988646
-0.00583576
-0.0023343
-0.00123581
-0.00398205
-0.0108476
-0.0196356
-0.0266385
-0.0281489
-0.0229997
-0.012976
-0.00212834
0.00542382
0.00789544
0.00665963
0.00459995
0.00308952
0.00164774
-0.00137312
-0.00631635
-0.0118775
-0.0153789
-0.0155849
-0.0133193
-0.0113969
-0.0117402
-0.0135939
-0.0146237
-0.0135939
-0.0116029
-0.010779
-0.0116715
-0.0134566
-0.0145551
-0.0140745
-0.0120835
-0.00926856
-0.00645366
-0.00411936
-0.00226565
-0.00130446
-0.00178506
-0.00308952
-0.00370742
-0.00212834
0.000755216
0.00267758
0.00185371
-0.000961184
-0.00350145
-0.00391339
-0.00295221
-0.00212834
-0.00212834
-0.00212834
-0.00130446
-0.00034328
0.000274624
0.00130446
0.00391339
0.0074835
0.00974915
0.008582
0.0040507
-0.0017164
-0.00624769
-0.00830737
-0.00892528
-0.00940587
-0.00988646
-0.00940587
-0.00741484
-0.00480592
-0.00226565
0.000549248
0.00370742
0.00542382
0.00377608
-0.000617904
-0.00425667
-0.00446264
-0.00130446
0.00302086
0.00645366
0.00762081
0.0057671
0.00102984
-0.00480592
-0.00899393
-0.00926856
-0.00480592
0.00302086
0.010779
0.015173
0.0143491
0.00844468
-0.000411936
-0.00871931
-0.0132506
-0.0132506
-0.010779
-0.00871931
-0.00817006
-0.00844468
-0.00817006
-0.00700291
-0.00583576
-0.00611038
-0.00823872
-0.0114655
-0.0142804
-0.0158595
-0.0157222
-0.0140058
-0.0109163
-0.00755216
-0.00487457
-0.00302086
-0.0010985
0.00116715
0.00288355
0.00226565
-0.000892528
-0.0051492
-0.00823872
-0.00954318
-0.00947452
-0.008582
-0.00700291
-0.00466861
-0.00157909
0.00247161
0.00720888
0.0115342
0.0137312
0.0122894
0.00720888
0.000411936
-0.00583576
-0.0101611
-0.012976
-0.0148983
-0.015173
-0.01277
-0.00768947
-0.0017164
0.00308952
0.00590441
0.00631635
0.00418801
-0.000205968
-0.00508054
-0.0081014
-0.00803275
-0.00549248
-0.00247161
-0.000411936
-0.000205968
-0.00247161
-0.00714022
-0.0129073
-0.0175073
-0.018949
-0.017164
-0.0137998
-0.0103671
-0.00720888
-0.00384473
-6.8656e-05
0.00370742
0.00659097
0.00796409
0.00796409
0.00727753
0.00652232
0.00569845
0.00425667
0.00164774
-0.00219699
-0.00659097
-0.0105044
-0.0122894
-0.0110536
-0.00707156
-0.00240296
0.000823872
0.00137312
-0.000274624
-0.00240296
-0.00295221
-0.00219699
-0.00247161
-0.00672828
-0.0150357
-0.0236177
-0.0273937
-0.023549
-0.0137312
-0.00240296
0.00611038
0.00940587
0.0074835
0.00219699
-0.00384473
-0.00865065
-0.0115342
-0.0133193
-0.0148983
-0.0162715
-0.0159282
-0.0124267
-0.00611038
-0.00034328
0.00130446
-0.0023343
-0.00885662
-0.0140745
-0.014967
-0.0104357
-0.00240296
0.00556113
0.0091999
0.00611038
-0.00288355
-0.0134566
-0.0205281
-0.0209401
-0.014967
-0.00549248
0.00363877
0.00899393
0.00933721
0.00562979
0.000961184
-0.00185371
-0.00212834
-0.00164774
-0.00205968
-0.00329549
-0.00391339
-0.00322683
-0.00157909
-0.000205968
0.000274624
-0.000274624
-0.0010985
-0.00157909
-0.00164774
-0.00254027
-0.00562979
-0.010779
-0.0157222
-0.0172326
-0.0139372
-0.00796409
-0.00315817
-0.00240296
-0.00508054
-0.00865065
-0.0115342
-0.0143491
-0.0176446
-0.0194983
-0.017164
-0.010573
-0.00350145
-0.000480592
-0.0023343
-0.00590441
-0.00720888
-0.00501189
-0.000961184
0.00260893
0.00473726
0.00604173
0.00631635
0.00377608
-0.00281489
-0.0114655
-0.0172326
-0.0163401
-0.00940587
-0.00116715
0.00254027
-0.00130446
-0.0111223
-0.021352
-0.0260893
-0.0227938
-0.0133193
-0.00240296
0.00480592
0.00562979
0.000823872
-0.00590441
-0.0102984
-0.0102297
-0.00631635
-0.00123581
0.0023343
0.00322683
0.00192237
-0.000137312
-0.00157909
-0.00164774
-6.8656e-05
0.00267758
0.00528651
0.0057671
0.00295221
-0.00274624
-0.00933721
-0.014761
-0.0175073
-0.0174386
-0.0154476
-0.0128387
-0.0101611
-0.00755216
-0.00528651
-0.00453129
-0.0057671
-0.00796409
-0.00892528
-0.00775812
-0.00528651
-0.00377608
-0.00549248
-0.0114655
-0.0200475
-0.0269818
-0.027943
-0.0221759
-0.0136625
-0.00844468
-0.0101611
-0.0179192
-0.0271878
-0.0332295
-0.0335728
-0.0284922
-0.0205281
-0.0130446
-0.00892528
-0.00837603
-0.00940587
-0.00995512
-0.00968049
-0.00947452
-0.0098178
-0.0102297
-0.0101611
-0.00974915
-0.00926856
-0.00865065
-0.00803275
-0.00762081
-0.00762081
-0.00775812
-0.0074835
-0.00672828
-0.00562979
-0.00439398
-0.00336414
-0.00281489
-0.00247161
-0.00185371
-0.00164774
-0.00329549
-0.00734619
-0.0124267
-0.016958
-0.0198416
-0.0203222
-0.0166834
-0.00817006
0.00288355
0.0118088
0.014967
0.0116029
0.0034328
-0.00659097
-0.0148983
-0.0179879
-0.0146924
-0.00789544
-0.00267758
-0.00350145
-0.0108476
-0.0212147
-0.0289042
-0.029728
-0.0239609
-0.0158595
-0.0101611
-0.00844468
-0.00885662
-0.00878796
-0.00672828
-0.00308952
0.000480592
0.00267758
0.00288355
0.00130446
-0.00130446
-0.00384473
-0.00521785
-0.00535517
-0.00549248
-0.00693425
-0.00968049
-0.0126327
-0.0141431
-0.0133193
-0.00995512
-0.00549248
-0.00192237
-0.000892528
-0.0017164
-0.00212834
-0.000205968
0.00384473
0.00837603
0.0116029
0.0121521
0.00940587
0.00446264
-0.000274624
-0.00281489
-0.00315817
-0.00302086
-0.00480592
-0.0098178
-0.0174386
-0.0243729
-0.0265012
-0.0216266
-0.0112596
-0.000137312
0.00638501
0.00569845
-0.000755216
-0.00837603
-0.012564
-0.0118775
-0.00803275
-0.00377608
-0.00116715
-0.000205968
-6.8656e-05
-6.8656e-05
-0.000755216
-0.00288355
-0.00665963
-0.0114655
-0.0162715
-0.0200475
-0.0219013
-0.021352
-0.0190864
-0.0157909
-0.0111223
-0.00453129
0.0034328
0.00940587
0.00954318
0.00308952
-0.00597307
-0.0118775
-0.0115342
-0.00679694
-0.00247161
-0.00308952
-0.00940587
-0.0183311
-0.0251281
-0.0263639
-0.0217639
-0.0142804
-0.00762081
-0.0040507
-0.00363877
-0.00487457
-0.00659097
-0.00830737
-0.00913124
-0.00837603
-0.00611038
-0.00453129
-0.0057671
-0.00954318
-0.0132506
-0.0140058
-0.0113282
-0.00707156
-0.00322683
-0.000755216
0.000480592
0.00068656
-0.000205968
-0.00205968
-0.00411936
-0.00494323
-0.00384473
-0.00157909
-0.000137312
-0.00157909
-0.00659097
-0.0133193
-0.0185371
-0.0190177
-0.0143491
-0.00645366
0.00130446
0.00645366
0.00789544
0.00569845
0.00137312
-0.00295221
-0.00604173
-0.008582
-0.0120835
-0.0162715
-0.0197043
-0.021352
-0.0214893
-0.0201162
-0.0166147
-0.0113969
-0.00741484
-0.00782678
-0.0124954
-0.0170267
-0.0161342
-0.00837603
0.00267758
0.0113282
0.0143491
0.0118775
0.00549248
-0.00308952
-0.0117402
-0.0170953
-0.0166834
-0.0107103
-0.00295221
0.00192237
0.0017164
-0.00205968
-0.0057671
-0.00652232
-0.00411936
-0.000549248
0.00192237
0.00219699
0.00102984
-0.000480592
-0.00102984
6.8656e-05
0.00302086
0.00638501
0.00796409
0.00597307
0.000961184
-0.00466861
-0.00817006
-0.00844468
-0.00659097
-0.00459995
-0.00384473
-0.00391339
-0.00357011
-0.00185371
0.000892528
0.00322683
0.00308952
-0.0010985
-0.00871931
-0.0168894
-0.0219699
-0.0214207
-0.0145551
-0.00370742
0.00624769
0.010573
0.00775812
0.000480592
-0.00755216
-0.0142118
-0.0192923
-0.0228624
-0.0245788
-0.0236177
-0.0203908
-0.0162028
-0.0130446
-0.0117402
-0.0117402
-0.010985
-0.00789544
-0.00384473
-0.00219699
-0.00487457
-0.0103671
-0.0148297
-0.0154476
-0.0128387
-0.0106417
-0.0124267
-0.0186058
-0.0260206
-0.0300027
-0.0285609
-0.0231371
-0.0168207
-0.0115342
-0.00714022
-0.00315817
0.000411936
0.00302086
0.00439398
0.00521785
0.00562979
0.00501189
0.00247161
-0.00157909
-0.00494323
-0.00542382
-0.00322683
-0.000823872
-0.000617904
-0.00267758
-0.00487457
-0.00549248
-0.00411936
-0.00199102
-0.000274624
-0.000205968
-0.00192237
-0.00487457
-0.00693425
-0.00569845
-0.00068656
0.00583576
0.00988646
0.0091999
0.00418801
-0.00288355
-0.00926856
-0.0129073
-0.0132506
-0.0114655
-0.00933721
-0.0074835
-0.00487457
-0.00157909
0.000823872
0.000205968
-0.00350145
-0.0081014
-0.0108476
-0.0104357
-0.00720888
-0.00288355
0.000617904
0.00164774
-0.000480592
-0.00569845
-0.0123581
-0.0181938
-0.0220386
-0.023755
-0.023549
-0.0214207
-0.0175759
-0.0131133
-0.00947452
-0.00775812
-0.00817006
-0.0102984
-0.0126327
-0.0137998
-0.0124267
-0.00851334
-0.00363877
0.000274624
0.00212834
0.0023343
0.00164774
0.000823872
0.000205968
0
0.000205968
0.000480592
-0.000137312
-0.00260893
-0.0074835
-0.0135252
-0.0188117
-0.021558
-0.021352
-0.0190177
-0.0152416
-0.0113282
-0.00851334
-0.00734619
-0.00693425
-0.00624769
-0.00542382
-0.0057671
-0.00796409
-0.0107103
-0.0115342
-0.00871931
-0.00377608
0.000205968
0.000617904
-0.0023343
-0.00604173
-0.00768947
-0.00631635
-0.0034328
-0.00116715
-0.000961184
-0.00315817
-0.00679694
-0.0100924
-0.0111909
-0.0098178
-0.0074835
-0.00597307
-0.00631635
-0.00817006
-0.0110536
-0.0142118
-0.0170267
-0.0187431
-0.0188117
-0.01737
-0.0155162
-0.0140745
-0.0126327
-0.0102297
-0.00727753
-0.00549248
-0.00583576
-0.00720888
-0.00762081
-0.00597307
-0.00302086
0.000137312
0.00302086
0.00521785
0.0057671
0.00350145
-0.00151043
-0.00768947
-0.0133193
-0.01737
-0.0196356
-0.0205968
-0.0201162
-0.0178506
-0.0134566
-0.00762081
-0.00226565
0.000892528
0.00102984
-0.00157909
-0.0057671
-0.00995512
-0.0128387
-0.0142804
-0.014761
-0.0148297
-0.0148983
-0.015173
-0.014967
-0.0131133
-0.00954318
-0.00617904
-0.00583576
-0.00926856
-0.0146924
-0.0185371
-0.0184685
-0.014761
-0.00988646
-0.00617904
-0.00466861
-0.00487457
-0.00631635
-0.00837603
-0.0098178
-0.00947452
-0.00720888
-0.00459995
-0.0034328
-0.00398205
-0.00480592
-0.00466861
-0.00398205
-0.00391339
-0.00521785
-0.00775812
-0.010985
-0.0146237
-0.0184685
-0.0221072
-0.0245102
-0.0243042
-0.0205281
-0.0136625
-0.00590441
-6.8656e-05
0.00151043
-0.00151043
-0.00714022
-0.0123581
-0.0146924
-0.0133879
-0.00878796
-0.00260893
0.00205968
0.00240296
-0.00274624
-0.0113282
-0.0197043
-0.0243042
-0.023549
-0.0177819
-0.00940587
-0.0017164
0.00315817
0.00508054
0.00569845
0.00693425
0.00878796
0.00926856
0.00597307
-0.00164774
-0.0106417
-0.0167521
-0.0176446
-0.0145551
-0.0101611
-0.00645366
-0.00432533
-0.00411936
-0.00542382
-0.00679694
-0.00700291
-0.00590441
-0.00418801
-0.0023343
-0.000549248
0.00068656
0.00034328
-0.00336414
-0.0108476
-0.019567
-0.0244415
-0.0212147
-0.0108476
0.000274624
0.0051492
0.00192237
-0.00542382
-0.0113282
-0.0129073
-0.0116715
-0.0101611
-0.00988646
-0.0103671
-0.0104357
-0.00954318
-0.00823872
-0.00803275
-0.00974915
-0.0129073
-0.0157909
-0.017164
-0.016958
-0.0162028
-0.0153789
-0.0145551
-0.0135939
-0.0128387
-0.0124267
-0.0114655
-0.00913124
-0.00569845
-0.00288355
-0.00267758
-0.00528651
-0.00906259
-0.0114655
-0.010573
-0.00700291
-0.00350145
-0.00281489
-0.00521785
-0.0081014
-0.00851334
-0.00590441
-0.00254027
-0.000961184
-0.0017164
-0.00281489
-0.00164774
0.00185371
0.00542382
0.00652232
0.00453129
0.000892528
-0.00254027
-0.00494323
-0.00590441
-0.00494323
-0.0017164
0.00274624
0.00611038
0.00645366
0.00350145
-0.00130446
-0.00535517
-0.00714022
-0.00693425
-0.00679694
-0.00830737
-0.0111909
-0.0140058
-0.0153103
-0.0145551
-0.0113969
-0.00645366
-0.0010985
0.00240296
0.00199102
-0.00295221
-0.010573
-0.0170267
-0.0190177
-0.0159968
-0.010573
-0.00562979
-0.00274624
-0.00219699
-0.00363877
-0.00652232
-0.00933721
-0.0104357
-0.00940587
-0.00741484
-0.00611038
-0.00624769
-0.00720888
-0.00844468
-0.00995512
-0.0120835
-0.014761
-0.0168207
-0.0164088
-0.0128387
-0.00714022
-0.00130446
0.0023343
0.00219699
-0.00185371
-0.00775812
-0.0129073
-0.0158595
-0.0162028
-0.0142118
-0.0107103
-0.0074835
-0.00624769
-0.0074835
-0.0105044
-0.0145551
-0.0192237
-0.023549
-0.0251281
-0.0222445
-0.0164088
-0.0116029
-0.0106417
-0.01277
-0.0154476
-0.0168894
-0.0162715
-0.0131819
-0.00789544
-0.0023343
0.00034328
-0.00164774
-0.00762081
-0.014761
-0.0205968
-0.0240296
-0.0247848
-0.0227251
-0.0182625
-0.0135252
-0.0113969
-0.0131819
-0.0172326
-0.0199789
-0.0190864
-0.014761
-0.00892528
-0.00370742
-0.000274624
0.000823872
-0.000411936
-0.00363877
-0.00714022
-0.00906259
-0.00817006
-0.00501189
-0.00102984
0.00199102
0.00288355
0.00151043
-0.00219699
-0.00796409
-0.0148983
-0.0209401
-0.0239609
-0.0223132
-0.0164774
-0.00865065
-0.00185371
0.00151043
0.000961184
-0.00219699
-0.00528651
-0.00638501
-0.00487457
-0.00192237
0.000274624
-0.000205968
-0.00322683
-0.00734619
-0.0111223
-0.0146924
-0.0184685
-0.0221072
-0.0236177
-0.0214207
-0.0159282
-0.00974915
-0.00562979
-0.00480592
-0.00679694
-0.00995512
-0.0123581
-0.01277
-0.0107103
-0.00693425
-0.00254027
0.000823872
0.00199102
6.8656e-05
-0.00432533
-0.00906259
-0.0127014
-0.0154476
-0.0186058
-0.0210774
-0.0194983
-0.0122894
-0.00281489
0.00308952
0.0023343
-0.00288355
-0.00782678
-0.0091999
-0.0068656
-0.00315817
-0.000823872
-0.00151043
-0.00508054
-0.00926856
-0.0116029
-0.010985
-0.00837603
-0.00562979
-0.00398205
-0.00357011
-0.00384473
-0.00466861
-0.00707156
-0.0111223
-0.0151043
-0.0166147
-0.0148297
-0.010985
-0.00727753
-0.00535517
-0.00549248
-0.00707156
-0.008582
-0.00892528
-0.00837603
-0.00865065
-0.0111909
-0.0160655
-0.0219699
-0.0265012
-0.0271878
-0.0227938
-0.0148983
-0.00652232
-0.000205968
0.00336414
0.00446264
0.00363877
0.00144178
-0.00164774
-0.00597307
-0.0117402
-0.0177819
-0.0212147
-0.0199102
-0.0140745
-0.00665963
-0.00130446
-0.000480592
-0.00398205
-0.00933721
-0.0135252
-0.014761
-0.0131819
-0.0102984
-0.008582
-0.0101611
-0.0159282
-0.0242356
-0.0316504
-0.0346713
-0.0308952
-0.0205281
-0.00652232
0.00611038
0.0127014
0.0118775
0.00521785
-0.00350145
-0.0107103
-0.0144178
-0.0148983
-0.0146237
-0.0157909
-0.0188117
-0.0218326
-0.0219013
-0.0172326
-0.00789544
0.00350145
0.0122894
0.0142118
0.00830737
-0.00267758
-0.012976
-0.0179192
-0.0162028
-0.0108476
-0.00631635
-0.00542382
-0.00782678
-0.0111223
-0.0131819
-0.0140745
-0.0155162
-0.0190177
-0.0241669
-0.0286982
-0.0300713
-0.0273937
-0.021352
-0.0137998
-0.00672828
-0.00164774
0.00123581
0.00254027
0.00315817
0.00363877
0.0034328
0.00157909
-0.00205968
-0.00631635
-0.00933721
-0.00988646
-0.0081014
-0.00611038
-0.00645366
-0.00974915
-0.0138685
-0.0159968
-0.015173
-0.0124267
-0.00906259
-0.00549248
-0.00192237
0.0010985
0.00308952
0.00391339
0.00357011
0.00219699
0.000205968
-0.00192237
-0.00398205
-0.00611038
-0.00871931
-0.0116715
-0.0142118
-0.0148297
-0.0131133
-0.0108476
-0.0101611
-0.0113969
-0.0122208
-0.010985
-0.00878796
-0.00844468
-0.0109163
-0.0143491
-0.0162715
-0.0163401
-0.0160655
-0.0168894
-0.0181938
-0.0176446
-0.0138685
-0.00803275
-0.00384473
-0.00411936
-0.0081014
-0.0120835
-0.0127014
-0.00988646
-0.00652232
-0.00569845
-0.00851334
-0.0134566
-0.0179879
-0.0197043
-0.0180565
-0.0141431
-0.0101611
-0.00817006
-0.00878796
-0.0106417
-0.0113282
-0.00940587
-0.00508054
-6.8656e-05
0.00446264
0.00734619
0.00714022
0.00260893
-0.00508054
-0.0118775
-0.0137312
-0.00995512
-0.00411936
-0.00130446
-0.00391339
-0.00995512
-0.0148297
-0.0155162
-0.0126327
-0.00954318
-0.00885662
-0.0102984
-0.0122208
-0.0137312
-0.0151043
-0.016958
-0.0188117
-0.0188804
-0.0162028
-0.0120148
-0.0091999
-0.00988646
-0.0131819
-0.0165461
-0.0179879
-0.0166834
-0.0127014
-0.00714022
-0.0023343
-0.000617904
-0.00281489
-0.00720888
-0.0110536
-0.0120148
-0.00947452
-0.00521785
-0.00199102
-0.00199102
-0.00453129
-0.00659097
-0.00542382
-0.00068656
0.00473726
0.00679694
0.00302086
-0.00501189
-0.0129073
-0.0166147
-0.0151043
-0.0108476
-0.00693425
-0.00521785
-0.00611038
-0.00933721
-0.0135252
-0.0165461
-0.0162715
-0.0123581
-0.00659097
-0.00185371
-0.000823872
-0.00350145
-0.0074835
-0.00968049
-0.00885662
-0.00631635
-0.00432533
-0.00384473
-0.00377608
-0.00212834
0.00178506
0.00638501
0.00830737
0.00556113
-0.000617904
-0.00700291
-0.010985
-0.0120148
-0.0104357
-0.00700291
-0.00329549
-0.00157909
-0.00281489
-0.00645366
-0.0111223
-0.0157222
-0.0188804
-0.0192237
-0.0162715
-0.0109163
-0.00473726
0.0010985
0.00569845
0.00885662
0.010779
0.0118088
0.0110536
0.00693425
-0.00130446
-0.0118775
-0.0208028
-0.0243042
-0.0214207
-0.0145551
-0.00817006
-0.00508054
-0.00528651
-0.00720888
-0.00926856
-0.0105044
-0.0103671
-0.00871931
-0.00611038
-0.00315817
0.000480592
0.00556113
0.0114655
0.0159282
0.0166834
0.012976
0.00597307
-0.00212834
-0.00933721
-0.014967
-0.0188804
-0.0208714
-0.0208714
-0.0197043
-0.0184685
-0.0170953
-0.0142118
-0.00906259
-0.00336414
-0.000205968
-0.0017164
-0.00714022
-0.0137998
-0.019155
-0.0214207
-0.0197043
-0.0140745
-0.00569845
0.00322683
0.00940587
0.0105044
0.00652232
0.000137312
-0.00562979
-0.00892528
-0.0091999
-0.00638501
-0.00157909
0.00329549
0.00556113
0.00398205
-0.000755216
-0.00693425
-0.0123581
-0.0155849
-0.0162715
-0.0154476
-0.014761
-0.0146237
-0.0144864
-0.0141431
-0.0141431
-0.0153103
-0.0168894
-0.0170267
-0.0142118
-0.0091999
-0.00439398
-0.00192237
-0.00157909
-0.00219699
-0.00336414
-0.00597307
-0.0101611
-0.0140058
-0.0150357
-0.0130446
-0.0101611
-0.00878796
-0.00926856
-0.00995512
-0.00933721
-0.00727753
-0.00466861
-0.00247161
-0.0010985
-0.00164774
-0.00569845
-0.0134566
-0.0220386
-0.0269818
-0.0262952
-0.0223132
-0.0201162
-0.0223132
-0.0267758
-0.0291788
-0.0271191
-0.0216953
-0.0159282
-0.0116715
-0.00906259
-0.00714022
-0.00556113
-0.00508054
-0.00624769
-0.00878796
-0.0113969
-0.012976
-0.0131819
-0.0121521
-0.010573
-0.00906259
-0.00762081
-0.00583576
-0.00336414
-0.00068656
0.00144178
0.00205968
0.000755216
-0.0023343
-0.00638501
-0.0100924
-0.012564
-0.0135939
-0.0136625
-0.0140745
-0.0156536
-0.0176446
-0.0173013
-0.0126327
-0.0057671
-0.00205968
-0.00528651
-0.0129073
-0.0186058
-0.0179192
-0.0115342
-0.00384473
0.00068656
0.000274624
-0.00411936
-0.0091999
-0.0119461
-0.0111909
-0.00775812
-0.00295221
0.00199102
0.00528651
0.00466861
-0.00123581
-0.0110536
-0.0212147
-0.0274624
-0.0270505
-0.0200475
-0.00988646
-0.00116715
0.00240296
0.00034328
-0.00501189
-0.00995512
-0.0120835
-0.0120835
-0.0119461
-0.0122894
-0.0112596
-0.00727753
-0.00164774
0.0023343
0.00254027
-0.00068656
-0.00473726
-0.00624769
-0.00384473
0.000892528
0.00398205
0.00260893
-0.00260893
-0.00837603
-0.0114655
-0.0109163
-0.00830737
-0.00659097
-0.00775812
-0.0115342
-0.0155849
-0.01737
-0.0162028
-0.0135252
-0.0111909
-0.00968049
-0.00844468
-0.00631635
-0.00329549
-0.000274624
0.00151043
0.00130446
-0.00034328
-0.00212834
-0.00295221
-0.00254027
-0.00151043
-0.000823872
-0.0017164
-0.0051492
-0.0116029
-0.0202535
-0.027943
-0.0305519
-0.0254714
-0.0144864
-0.00281489
0.00418801
0.0051492
0.00308952
0.00240296
0.00459995
0.00768947
0.008582
0.00611038
0.00123581
-0.00459995
-0.0102984
-0.0146237
-0.0157222
-0.0129073
-0.00755216
-0.00302086
-0.0023343
-0.00583576
-0.0116029
-0.0160655
-0.0157222
-0.0091999
0.00199102
0.0130446
0.0188117
0.0164774
0.00782678
-0.00212834
-0.008582
-0.010573
-0.010985
-0.0132506
-0.0175759
-0.0210087
-0.0202535
-0.0144178
-0.00590441
0.00137312
0.00459995
0.00302086
-0.00192237
-0.00803275
