LECROYHDO9204-MSöv,30454,Waveform
Segments,1,SegmentSize,2002
Ampl
0.00130446
-0.00102984
-0.00439398
-0.00707156
-0.00768947
-0.00679694
-0.00679694
-0.00954318
-0.0150357
-0.0216953
-0.0268445
-0.0284236
-0.0256773
-0.0200475
-0.0140058
-0.00926856
-0.00638501
-0.0057671
-0.0081014
-0.0133879
-0.019567
-0.0231371
-0.021352
-0.0144864
-0.00562979
0.00123581
0.00446264
0.00549248
0.00611038
0.00631635
0.00459995
0.000411936
-0.00466861
-0.0091999
-0.0124954
-0.0143491
-0.0141431
-0.0122208
-0.0102984
-0.00995512
-0.0109163
-0.0109163
-0.00782678
-0.00212834
0.00274624
0.00302086
-0.00254027
-0.0111909
-0.0181938
-0.0203908
-0.0175759
-0.0115342
-0.00494323
-0.00034328
0.000617904
-0.00185371
-0.0057671
-0.00906259
-0.0107103
-0.0105044
-0.00940587
-0.00851334
-0.00796409
-0.0068656
-0.00439398
-0.00157909
-0.000617904
-0.00288355
-0.00762081
-0.0124267
-0.0153789
-0.0162028
-0.0155849
-0.0134566
-0.00988646
-0.00562979
-0.00267758
-0.00267758
-0.00562979
-0.00974915
-0.0128387
-0.0144864
-0.0158595
-0.0181938
-0.0212834
-0.0238923
-0.0249221
-0.0238923
-0.0205281
-0.0151043
-0.00844468
-0.00192237
0.00302086
0.00466861
0.00226565
-0.00274624
-0.00762081
-0.0102297
-0.0100238
-0.00817006
-0.00652232
-0.00679694
-0.00933721
-0.0128387
-0.0154476
-0.0166147
-0.0172326
-0.0181938
-0.0196356
-0.0217639
-0.0247848
-0.027737
-0.027943
-0.0225192
-0.0111223
0.00219699
0.00947452
-0.0017164
-0.0480592
-0.146375
-0.303597
-0.506338
-0.720407
-0.903993
-1.02716
-1.0849
-1.09547
-1.08724
-1.08305
-1.09266
-1.11429
-1.1401
-1.16166
-1.17326
-1.17415
-1.16901
-1.16468
-1.16557
-1.17045
-1.17381
-1.171
-1.16125
-1.14765
-1.13488
-1.12596
-1.12156
-1.11957
-1.11641
-1.10907
-1.09699
-1.08195
-1.06746
-1.05723
-1.05359
-1.05607
-1.06108
-1.06396
-1.06273
-1.05964
-1.05943
-1.06588
-1.079
-1.09554
-1.1114
-1.12321
-1.1296
-1.13159
-1.13145
-1.13049
-1.12815
-1.12404
-1.12012
-1.1195
-1.12397
-1.13221
-1.14092
-1.14669
-1.14807
-1.14532
-1.13955
-1.13179
-1.12266
-1.11326
-1.10522
-1.10028
-1.09925
-1.10152
-1.10502
-1.10728
-1.10639
-1.10207
-1.09609
-1.09067
-1.08765
-1.08772
-1.09081
-1.09602
-1.10172
-1.10667
-1.11003
-1.11127
-1.11037
-1.10866
-1.10797
-1.10907
-1.11037
-1.10948
-1.10543
-1.09994
-1.09685
-1.10028
-1.11223
-1.13049
-1.14916
-1.16097
-1.16049
-1.14642
-1.12136
-1.08964
-1.05462
-1.01652
-0.973816
-0.925002
-0.870283
-0.811514
-0.751577
-0.693906
-0.641041
-0.593462
-0.548561
-0.502493
-0.453061
-0.401294
-0.350145
-0.301468
-0.256155
-0.214619
-0.178162
-0.14816
-0.12564
-0.110536
-0.102366
-0.100032
-0.101611
-0.103739
-0.102503
-0.0957064
-0.0841722
-0.0716082
-0.0623396
-0.0584262
-0.0589068
-0.0613098
-0.0638501
-0.0656351
-0.0652232
-0.0616531
-0.0560233
-0.051286
-0.0499129
-0.0516293
-0.0540322
-0.0550621
-0.0538949
-0.0512174
-0.0489517
-0.0484711
-0.0502562
-0.053277
-0.0563666
-0.0582889
-0.0578083
-0.0544442
-0.0488144
-0.0424294
-0.0368683
-0.0328862
-0.0311698
-0.0317191
-0.0332981
-0.0337787
-0.0321996
-0.0290415
-0.025952
-0.0245102
-0.0256773
-0.0296594
-0.0348086
-0.0388593
-0.0399578
-0.0381727
-0.0346713
-0.0306892
-0.0276684
-0.0271878
-0.0298653
-0.0341907
-0.0372802
-0.0365936
-0.0321996
-0.0271878
-0.025746
-0.0292474
-0.0348772
-0.0372802
-0.0332981
-0.0238923
-0.0131819
-0.0057671
-0.00391339
-0.00659097
-0.010779
-0.0140745
-0.0165461
-0.0197043
-0.0243042
-0.0294534
-0.0332981
-0.0334355
-0.0284236
-0.0190864
-0.00940587
-0.00336414
-0.00254027
-0.00569845
-0.0108476
-0.0165461
-0.021352
-0.0240982
-0.0245788
-0.0240296
-0.0240982
-0.0253341
-0.0261579
-0.0239609
-0.01737
-0.00865065
-0.00295221
-0.00446264
-0.0127014
-0.0228624
-0.0295907
-0.0306206
-0.0276684
-0.0246475
-0.0245788
-0.0275997
-0.0306206
-0.0307579
-0.0273937
-0.0223818
-0.0173013
-0.0126327
-0.0081014
-0.00432533
-0.00219699
-0.00302086
-0.0068656
-0.0122208
-0.0166834
-0.0179879
-0.0162028
-0.0129073
-0.00968049
-0.00734619
-0.00583576
-0.00562979
-0.00714022
-0.0104357
-0.0144864
-0.0173013
-0.0168207
-0.0128387
-0.00700291
-0.0017164
0.000892528
0.000205968
-0.00281489
-0.00604173
-0.00796409
-0.00851334
-0.00865065
-0.00871931
-0.0081014
-0.00659097
-0.00569845
-0.0068656
-0.00947452
-0.0111909
-0.0104357
-0.0081014
-0.00631635
-0.00611038
-0.00727753
-0.00878796
-0.00878796
-0.00604173
-0.000961184
0.0034328
0.0040507
0.000411936
-0.0051492
-0.00885662
-0.00878796
-0.00617904
-0.00466861
-0.00700291
-0.01277
-0.0186058
-0.0204595
-0.016958
-0.0100238
-0.00350145
-0.000205968
-0.000274624
-0.00130446
-0.000617904
0.0017164
0.00329549
0.00144178
-0.00377608
-0.0100238
-0.0144178
-0.0157909
-0.0146924
-0.0123581
-0.00933721
-0.00590441
-0.00281489
-0.00151043
-0.00329549
-0.00837603
-0.0148297
-0.0197729
-0.021558
-0.0199102
-0.0155162
-0.00974915
-0.00398205
0.000411936
0.00302086
0.00432533
0.00535517
0.00611038
0.00542382
0.00164774
-0.0051492
-0.0127014
-0.017164
-0.0162715
-0.0111909
-0.00645366
-0.00590441
-0.0098178
-0.0142804
-0.0146924
-0.00940587
-0.00144178
0.00487457
0.00741484
0.00665963
0.00398205
0.000274624
-0.00336414
-0.00562979
-0.00556113
-0.00363877
-0.00185371
-0.00192237
-0.00322683
-0.00336414
-0.00034328
0.00556113
0.0116029
0.0141431
0.0111223
0.00329549
-0.00631635
-0.0144864
-0.019361
-0.0207341
-0.0192237
-0.0154476
-0.0100924
-0.00459995
-0.00144178
-0.00219699
-0.00590441
-0.00961184
-0.0111909
-0.0114655
-0.0121521
-0.0132506
-0.0130446
-0.0104357
-0.00583576
-0.000823872
0.00254027
0.00240296
-0.00137312
-0.00652232
-0.00947452
-0.00817006
-0.00391339
-6.8656e-05
0.000549248
-0.00192237
-0.00487457
-0.00569845
-0.00384473
-0.000549248
0.00260893
0.00425667
0.00329549
-0.000961184
-0.00803275
-0.0153789
-0.0199102
-0.0197729
-0.0157909
-0.0109163
-0.00789544
-0.00762081
-0.00865065
-0.00851334
-0.00631635
-0.00336414
-0.00219699
-0.00350145
-0.00542382
-0.00494323
-0.0010985
0.00418801
0.00762081
0.00665963
0.00130446
-0.00597307
-0.0118088
-0.0140058
-0.0131819
-0.0112596
-0.00988646
-0.00865065
-0.00624769
-0.00226565
0.0017164
0.00322683
0.00123581
-0.00302086
-0.00672828
-0.00782678
-0.0057671
-0.00157909
0.00302086
0.00590441
0.00556113
0.00185371
-0.00363877
-0.00954318
-0.0151043
-0.019361
-0.0203222
-0.0166147
-0.0091999
-0.00178506
0.0023343
0.00274624
0.00151043
0.000617904
0.00068656
0.00157909
0.00288355
0.00336414
0.00164774
-0.00240296
-0.00659097
-0.00782678
-0.00487457
-6.8656e-05
0.0023343
-0.000617904
-0.00734619
-0.0133879
-0.0152416
-0.0133879
-0.0111223
-0.0111223
-0.012976
-0.0141431
-0.012976
-0.010985
-0.010985
-0.0137312
-0.0164088
-0.0158595
-0.0122894
-0.00878796
-0.00817006
-0.0103671
-0.0133193
-0.015173
-0.0152416
-0.0133879
-0.00947452
-0.0040507
0.00102984
0.00329549
0.00116715
-0.00391339
-0.00892528
-0.0116029
-0.0120148
-0.0122208
-0.0137998
-0.016958
-0.0199102
-0.0205968
-0.0179879
-0.0135939
-0.0102297
-0.00988646
-0.0115342
-0.0126327
-0.010573
-0.00521785
0.00130446
0.00562979
0.00569845
0.00185371
-0.00398205
-0.00947452
-0.0133193
-0.0154476
-0.0165461
-0.0165461
-0.014967
-0.0118088
-0.00851334
-0.00720888
-0.008582
-0.0113282
-0.0133193
-0.01277
-0.00878796
-0.0023343
0.00418801
0.00823872
0.00844468
0.00569845
0.00205968
-0.00116715
-0.00446264
-0.00947452
-0.0166834
-0.0242356
-0.0285609
-0.0272564
-0.0210774
-0.0132506
-0.00707156
-0.00473726
-0.00583576
-0.00789544
-0.00830737
-0.00562979
-0.000823872
0.0034328
0.00453129
0.00144178
-0.00363877
-0.00693425
-0.0057671
-0.00137312
0.00212834
0.00157909
-0.00260893
-0.00734619
-0.0100238
-0.0102984
-0.0100924
-0.0106417
-0.0118088
-0.0124267
-0.0111223
-0.00727753
-0.00240296
0.0010985
0.00130446
-0.0017164
-0.00624769
-0.00974915
-0.0105044
-0.00823872
-0.00459995
-0.00205968
-0.00267758
-0.00693425
-0.0143491
-0.0228624
-0.0291788
-0.0307579
-0.0274624
-0.0219013
-0.0177132
-0.0163401
-0.0172326
-0.0183998
-0.0177132
-0.0139372
-0.00720888
0.000480592
0.00590441
0.00583576
-0.000755216
-0.0109163
-0.019361
-0.0221759
-0.0192923
-0.0137998
-0.00913124
-0.00727753
-0.0081014
-0.0101611
-0.0113282
-0.0100924
-0.00665963
-0.00267758
6.8656e-05
0.000549248
-0.00164774
-0.00535517
-0.00823872
-0.00844468
-0.00645366
-0.00480592
-0.00556113
-0.0081014
-0.00954318
-0.00768947
-0.00260893
0.00357011
0.00823872
0.00954318
0.00652232
-0.000205968
-0.00906259
-0.0170267
-0.0214207
-0.0214893
-0.0183311
-0.0136625
-0.00837603
-0.00322683
0.000411936
0.000961184
-0.00192237
-0.00624769
-0.0091999
-0.00906259
-0.00645366
-0.00329549
-0.00144178
-0.00130446
-0.00240296
-0.00446264
-0.00755216
-0.010985
-0.0134566
-0.0136625
-0.0113282
-0.00734619
-0.00288355
0.000480592
0.00164774
0.000137312
-0.00377608
-0.00913124
-0.014967
-0.0201162
-0.0231371
-0.023549
-0.0216953
-0.0192237
-0.0175759
-0.016958
-0.0162715
-0.0139372
-0.00961184
-0.00480592
-0.00247161
-0.00425667
-0.00899393
-0.0133193
-0.0142804
-0.0113282
-0.00707156
-0.00508054
-0.0074835
-0.012976
-0.0180565
-0.0201162
-0.0184685
-0.0139372
-0.00830737
-0.00384473
-0.00302086
-0.00734619
-0.0150357
-0.0216953
-0.0231371
-0.0187431
-0.0116715
-0.00659097
-0.00611038
-0.00961184
-0.0145551
-0.0186058
-0.0208028
-0.0206654
-0.0175759
-0.0118775
-0.0057671
-0.00226565
-0.00315817
-0.00707156
-0.010779
-0.0115342
-0.00885662
-0.00480592
-0.00178506
-0.000549248
-6.8656e-05
0.000823872
0.00151043
0.00068656
-0.00185371
-0.00432533
-0.00473726
-0.00288355
-0.000892528
-0.00144178
-0.00569845
-0.0123581
-0.0183311
-0.0214893
-0.0214207
-0.0194296
-0.0168894
-0.015173
-0.0146924
-0.0151043
-0.0151043
-0.0131819
-0.00961184
-0.00549248
-0.00164774
0.00185371
0.0051492
0.00775812
0.00947452
0.00995512
0.00885662
0.00590441
0.00151043
-0.00329549
-0.0081014
-0.012976
-0.016958
-0.0181252
-0.015173
-0.00933721
-0.00425667
-0.00308952
-0.00617904
-0.0108476
-0.0136625
-0.01277
-0.00837603
-0.00212834
0.00398205
0.00817006
0.00885662
0.00508054
-0.0023343
-0.0109163
-0.0173013
-0.0190864
-0.0153103
-0.0068656
0.00350145
0.0111909
0.0120148
0.00487457
-0.00755216
-0.0205968
-0.0293848
-0.0315131
-0.0271191
-0.0190864
-0.0111909
-0.00617904
-0.00480592
-0.00597307
-0.00782678
-0.00906259
-0.00947452
-0.00954318
-0.00974915
-0.010573
-0.01277
-0.0166147
-0.0214207
-0.0254714
-0.0271878
-0.0256773
-0.0210087
-0.0141431
-0.00714022
-0.00164774
0.0017164
0.00260893
0.000823872
-0.00288355
-0.00659097
-0.00844468
-0.00865065
-0.00865065
-0.0091999
-0.00933721
-0.00762081
-0.00295221
0.00336414
0.00817006
0.00782678
0.000892528
-0.0106417
-0.0220386
-0.0283549
-0.0267072
-0.0177819
-0.00521785
0.00569845
0.0111223
0.010779
0.00755216
0.00487457
0.00432533
0.00528651
0.00562979
0.00370742
0
-0.00350145
-0.00604173
-0.00892528
-0.0135252
-0.0184685
-0.0203908
-0.0182625
-0.0148983
-0.0135939
-0.0150357
-0.0162715
-0.0143491
-0.00899393
-0.00302086
-0.000205968
-0.00205968
-0.00700291
-0.0124267
-0.0164774
-0.0188804
-0.0196356
-0.0184685
-0.0160655
-0.0140058
-0.0137998
-0.0158595
-0.0183998
-0.0187431
-0.0157222
-0.0109163
-0.00768947
-0.00762081
-0.00940587
-0.0108476
-0.0115342
-0.0134566
-0.0173013
-0.0209401
-0.0214207
-0.0188117
-0.0162715
-0.0167521
-0.0201162
-0.0236177
-0.0238236
-0.019361
-0.0115342
-0.00418801
-0.00151043
-0.00487457
-0.0111223
-0.0148297
-0.0121521
-0.00446264
0.00308952
0.00590441
0.00322683
-0.00185371
-0.00487457
-0.00350145
0.00137312
0.00583576
0.00590441
0.000755216
-0.00672828
-0.0122894
-0.0139372
-0.0126327
-0.0100238
-0.00707156
-0.0040507
-0.0023343
-0.00322683
-0.00665963
-0.0107103
-0.0123581
-0.00899393
-0.000205968
0.010573
0.0172326
0.014761
0.00370742
-0.0102984
-0.0205281
-0.0240296
-0.0216953
-0.0162028
-0.0098178
-0.00391339
0.000411936
0.00240296
0.00219699
0.00034328
-0.00219699
-0.00432533
-0.00521785
-0.0051492
-0.00549248
-0.00775812
-0.0120148
-0.0159282
-0.016958
-0.0145551
-0.0111223
-0.0098178
-0.0110536
-0.0124267
-0.0115342
-0.00823872
-0.00542382
-0.00645366
-0.0124267
-0.0209401
-0.0280116
-0.0308265
-0.0291788
-0.0241669
-0.0175759
-0.0111909
-0.00617904
-0.00254027
0.000411936
0.0034328
0.00659097
0.00926856
0.0100238
0.00796409
0.0034328
-0.00199102
-0.00720888
-0.0116715
-0.0154476
-0.0177819
-0.0179879
-0.0161342
-0.0131819
-0.00995512
-0.00659097
-0.00281489
0.00137312
0.0057671
0.0100238
0.0131819
0.0135939
0.00995512
0.00267758
-0.00556113
-0.0116715
-0.0146237
-0.0157909
-0.016958
-0.0183311
-0.0183311
-0.0154476
-0.0101611
-0.00446264
-0.000205968
0.00116715
-0.000480592
-0.00391339
-0.00700291
-0.00851334
-0.00885662
-0.00865065
-0.00714022
-0.00329549
0.00199102
0.00494323
0.00178506
-0.00796409
-0.0199789
-0.0280803
-0.0278743
-0.0202535
-0.00995512
-0.0023343
0.000205968
-0.00130446
-0.00370742
-0.00459995
-0.00357011
-0.00226565
-0.00212834
-0.00288355
-0.00308952
-0.0023343
-0.00260893
-0.00693425
-0.0158595
-0.0254714
-0.0294534
-0.0236863
-0.010573
0.00281489
0.0102984
0.0110536
0.00789544
0.00384473
0.000205968
-0.00254027
-0.00384473
-0.00363877
-0.00329549
-0.00411936
-0.00645366
-0.0091999
-0.0106417
-0.00988646
-0.00700291
-0.00329549
-0.000755216
-0.00102984
-0.00453129
-0.00947452
-0.0134566
-0.014761
-0.0130446
-0.00940587
-0.0051492
-0.00137312
0.00144178
0.0023343
0.00068656
-0.00288355
-0.00549248
-0.00501189
-0.00295221
-0.00267758
-0.00535517
-0.00796409
-0.0068656
-0.00178506
0.00411936
0.00762081
0.00768947
0.00597307
0.0040507
0.00178506
-0.00178506
-0.00652232
-0.0109163
-0.0139372
-0.0161342
-0.0178506
-0.0183311
-0.0162028
-0.0122894
-0.00871931
-0.00700291
-0.00624769
-0.00480592
-0.00192237
0.0017164
0.00508054
0.00741484
0.00837603
0.00803275
0.00631635
0.00336414
6.8656e-05
-0.00192237
-0.00205968
-0.00157909
-0.00247161
-0.00487457
-0.00679694
-0.00611038
-0.00302086
-0.000480592
-0.00137312
-0.0051492
-0.00844468
-0.00837603
-0.00542382
-0.0023343
-0.00116715
-0.00192237
-0.00315817
-0.00446264
-0.00638501
-0.00906259
-0.0106417
-0.00913124
-0.00466861
0.00034328
0.00288355
0.00164774
-0.00199102
-0.00604173
-0.00947452
-0.0122208
-0.0136625
-0.0126327
-0.00968049
-0.00720888
-0.00693425
-0.00755216
-0.00631635
-0.00240296
0.00267758
0.00652232
0.00768947
0.00583576
0.00192237
-0.00205968
-0.0040507
-0.00350145
-0.00240296
-0.00329549
-0.0074835
-0.0133879
-0.0181938
-0.0194983
-0.0175073
-0.0140058
-0.0109163
-0.00837603
-0.00583576
-0.00336414
-0.00199102
-0.00254027
-0.00446264
-0.00604173
-0.00652232
-0.00597307
-0.00549248
-0.00638501
-0.00913124
-0.012564
-0.0141431
-0.0120148
-0.00652232
-0.000617904
0.00240296
0.000480592
-0.00542382
-0.0122208
-0.0164088
-0.0161342
-0.0118775
-0.00617904
-0.00178506
-0.000411936
-0.00164774
-0.00418801
-0.00679694
-0.00899393
-0.0102984
-0.010573
-0.0106417
-0.0114655
-0.0120835
-0.00988646
-0.00384473
0.0034328
0.00741484
0.00542382
-0.00123581
-0.00871931
-0.0131133
-0.0128387
-0.0091999
-0.00501189
-0.00240296
-0.0010985
0.000480592
0.00281489
0.00425667
0.00295221
-0.00123581
-0.00624769
-0.00913124
-0.00865065
-0.00638501
-0.00542382
-0.00734619
-0.0110536
-0.0142804
-0.0157222
-0.0152416
-0.01277
-0.00933721
-0.00707156
-0.00823872
-0.0122894
-0.0162028
-0.01737
-0.0153103
-0.0116029
-0.00796409
-0.0051492
-0.00281489
-0.000205968
0.00212834
0.00226565
-0.00157909
-0.00899393
-0.0175073
-0.0242356
-0.0274624
-0.0266385
-0.0219013
-0.0142118
-0.00569845
0.000411936
0.00144178
-0.00274624
-0.00947452
-0.014967
-0.0159968
-0.0113969
-0.00295221
0.00535517
0.00933721
0.00720888
0.0010985
-0.00501189
-0.00817006
-0.00878796
-0.00878796
-0.00913124
-0.00865065
-0.00617904
-0.00192237
0.00267758
0.00556113
0.00556113
0.00329549
0.00116715
0.00157909
0.00432533
0.00638501
0.00418801
-0.00281489
-0.0113969
-0.0168207
-0.0167521
-0.0129073
-0.00906259
-0.00714022
-0.00652232
-0.00597307
-0.00569845
-0.00645366
-0.00817006
-0.00926856
-0.00844468
-0.00604173
-0.00363877
-0.00295221
-0.00453129
-0.00817006
-0.0131133
-0.0183311
-0.0219699
-0.0218326
-0.0175759
-0.0118775
-0.00830737
-0.0081014
-0.00871931
-0.00700291
-0.00240296
0.00315817
0.00720888
0.008582
0.00734619
0.0040507
-0.00068656
-0.00569845
-0.00988646
-0.012564
-0.0135252
-0.0135939
-0.0137312
-0.0148297
-0.0166147
-0.0183311
-0.019155
-0.0190177
-0.0183311
-0.0177132
-0.01737
-0.017164
-0.0162028
-0.0140058
-0.0110536
-0.00906259
-0.00933721
-0.0116715
-0.0142804
-0.0150357
-0.012976
-0.0091999
-0.00624769
-0.00597307
-0.00844468
-0.0118088
-0.0139372
-0.0134566
-0.0105044
-0.00624769
-0.00226565
-0.000755216
-0.0034328
-0.00974915
-0.0164088
-0.0192237
-0.0167521
-0.0114655
-0.00720888
-0.0057671
-0.00569845
-0.00501189
-0.0034328
-0.0023343
-0.00281489
-0.00494323
-0.00789544
-0.0102297
-0.0108476
-0.0098178
-0.00830737
-0.00714022
-0.00569845
-0.00329549
-0.000755216
0.00034328
-0.000480592
-0.0023343
-0.00425667
-0.00604173
-0.00817006
-0.0110536
-0.0137312
-0.014761
-0.0131133
-0.00974915
-0.00631635
-0.00363877
-0.00130446
0.00102984
0.00288355
0.00308952
0.00137312
-0.00144178
-0.00432533
-0.00672828
-0.00851334
-0.00940587
-0.00878796
-0.00624769
-0.0023343
0.000892528
0.0017164
0
-0.00254027
-0.00459995
-0.00631635
-0.00961184
-0.0152416
-0.021352
-0.0242356
-0.0208714
-0.0122208
-0.00308952
0.000617904
-0.00336414
-0.012564
-0.0221072
-0.027737
-0.0274624
-0.0219013
-0.0136625
-0.00659097
-0.0034328
-0.00350145
-0.00446264
-0.00494323
-0.00611038
-0.00940587
-0.0134566
-0.0152416
-0.0133879
-0.0102984
-0.0104357
-0.0157222
-0.0236177
-0.0289728
-0.0280116
-0.0208714
-0.010573
-0.00130446
0.00357011
0.00254027
-0.0040507
-0.0138685
-0.0234803
-0.0300713
-0.0319937
-0.0292474
-0.023343
-0.0170267
-0.0130446
-0.0127014
-0.015173
-0.0186744
-0.021558
-0.0232057
-0.0234117
-0.0225878
-0.0212147
-0.0202535
-0.0200475
-0.0202535
-0.019155
-0.015173
-0.00823872
-0.000892528
0.00308952
0.0017164
-0.00425667
-0.0118088
-0.01737
-0.0184685
-0.0144178
-0.0074835
-0.00151043
-0.000205968
-0.00411936
-0.0102984
-0.0135939
-0.010985
-0.00425667
0.0010985
0.000480592
-0.00624769
-0.014967
-0.0205281
-0.0205968
-0.0164088
-0.0116029
-0.00913124
-0.00885662
-0.00844468
-0.0057671
-0.00137312
0.00192237
0.00199102
-0.0010985
-0.00508054
-0.00775812
-0.00837603
-0.00789544
-0.00714022
-0.00659097
-0.00624769
-0.00665963
-0.00878796
-0.0127014
-0.017164
-0.0200475
-0.0198416
-0.0166147
-0.0120148
-0.00865065
-0.00817006
-0.0105044
-0.0137312
-0.0158595
-0.015173
-0.010985
-0.00446264
0.00123581
0.00274624
-0.00102984
-0.00775812
-0.0137998
-0.0162715
-0.014761
-0.0102297
-0.00459995
6.8656e-05
0.00267758
0.00295221
0.00164774
-0.000411936
-0.00295221
-0.0057671
-0.00885662
-0.0115342
-0.012976
-0.0127014
-0.0111223
-0.00899393
-0.00714022
-0.00597307
-0.00590441
-0.00693425
-0.00830737
-0.00913124
-0.00954318
-0.0105044
-0.01277
-0.0150357
-0.0146237
-0.00988646
-0.00274624
0.00267758
0.0034328
-6.8656e-05
-0.00480592
-0.00727753
-0.00617904
-0.00288355
0.000137312
0.00130446
0.000892528
0.000137312
-0.000411936
-0.00123581
-0.00370742
-0.00803275
-0.01277
-0.0150357
-0.0131819
-0.00851334
-0.00466861
-0.00480592
-0.00878796
-0.0135939
-0.0159282
-0.014761
-0.0113969
-0.0074835
-0.00329549
0.00157909
0.00638501
0.00837603
0.00535517
-0.00185371
-0.00933721
-0.01277
-0.0108476
-0.00631635
-0.00370742
-0.00611038
-0.012564
-0.0187431
-0.0202535
-0.0162028
-0.0091999
-0.00288355
0.00034328
0.000274624
-0.00116715
-0.00178506
-0.00116715
-0.000823872
-0.00199102
-0.00329549
-0.00185371
0.00260893
0.00727753
0.00851334
0.00528651
-0.000617904
-0.00659097
-0.0100924
-0.00940587
-0.00384473
0.00459995
0.0120835
0.0146924
0.010985
0.00226565
-0.00837603
-0.0170953
-0.0209401
-0.0184685
-0.0106417
-0.00144178
0.00439398
0.00446264
0.000274624
-0.00439398
-0.00693425
-0.00665963
-0.00487457
-0.00308952
-0.00240296
-0.00315817
-0.00494323
-0.0068656
-0.00775812
-0.0068656
-0.0040507
-0.000617904
0.0017164
0.00151043
-0.00205968
-0.00851334
-0.0153789
-0.0187431
-0.0158595
-0.0081014
-0.000755216
0.00102984
-0.0034328
-0.0105044
-0.0155849
-0.0159282
-0.0116715
-0.00508054
0.000823872
0.00398205
0.00391339
0.00123581
-0.00329549
-0.00851334
-0.0128387
-0.0144178
-0.01277
-0.00988646
-0.00878796
-0.0111223
-0.0154476
-0.0185371
-0.0175073
-0.0124267
-0.00604173
-0.00254027
-0.0040507
-0.00906259
-0.0133193
-0.0132506
-0.008582
-0.00267758
0.000823872
0.000480592
-0.00205968
-0.00466861
-0.00665963
-0.00851334
-0.0102984
-0.0113282
-0.0114655
-0.0122208
-0.0152416
-0.0203222
-0.0252654
-0.0264325
-0.0216266
-0.0120148
-0.00157909
0.00521785
0.00679694
0.00418801
-0.00068656
-0.00645366
-0.0115342
-0.0144864
-0.0146237
-0.0124954
-0.00933721
-0.00645366
-0.00391339
-0.00157909
0.000617904
0.00151043
-0.000411936
-0.00487457
-0.00947452
-0.010779
-0.00720888
-0.000205968
0.00631635
0.00844468
0.00466861
-0.00315817
-0.0111223
-0.0157222
-0.0161342
-0.0140745
-0.0121521
-0.0127014
-0.0159968
-0.0198416
-0.0208714
-0.0173013
-0.0107103
-0.00501189
-0.00350145
-0.00659097
-0.0116715
-0.0151043
-0.014967
-0.0118775
-0.00796409
-0.00494323
-0.0040507
-0.00569845
-0.00961184
-0.0139372
-0.0160655
-0.014967
-0.0119461
-0.00871931
-0.00624769
-0.00466861
-0.00453129
-0.00597307
-0.00789544
-0.008582
-0.00727753
-0.00569845
-0.00652232
-0.0102984
-0.0152416
-0.0184685
-0.0186058
-0.0160655
-0.0122208
-0.00844468
-0.00556113
-0.0040507
-0.00439398
-0.00645366
-0.00947452
-0.0124267
-0.0145551
-0.0157222
-0.0157909
-0.0143491
-0.0116715
-0.00913124
-0.00906259
-0.0130446
-0.0200475
-0.0254714
-0.0245102
-0.0163401
-0.00542382
0.00240296
0.00418801
0.00116715
-0.00391339
-0.008582
-0.0113282
-0.0114655
-0.0091999
-0.00549248
-0.00130446
0.00226565
0.00439398
0.00459995
0.00357011
0.00247161
0.00178506
0.000892528
-0.00116715
-0.00473726
-0.00892528
-0.0118775
-0.0121521
-0.0102297
-0.00817006
-0.00734619
-0.00865065
-0.0124954
-0.018949
-0.0258833
-0.0290415
-0.0244415
-0.0130446
-0.000411936
0.00700291
0.00645366
-6.8656e-05
-0.00844468
-0.0154476
-0.0192237
-0.0194296
-0.0168894
-0.0135939
-0.0117402
-0.0124267
-0.0145551
-0.0159968
-0.0155162
-0.0135252
-0.0112596
-0.00961184
-0.00906259
-0.00961184
-0.0104357
-0.0108476
-0.0110536
-0.0124267
-0.0152416
-0.0182625
-0.0199102
-0.0197729
-0.0179879
-0.0141431
-0.00837603
-0.00274624
-0.00102984
-0.00556113
-0.0151043
-0.0249221
-0.0293161
-0.0256773
-0.0159282
-0.00535517
0.0010985
0.00192237
-0.00068656
-0.0034328
-0.00508054
-0.00645366
-0.00823872
-0.0091999
-0.00782678
-0.00411936
0.000205968
0.00322683
0.00411936
0.00315817
0.000961184
-0.00123581
-0.00240296
-0.00226565
-0.00157909
-0.00192237
-0.0040507
-0.00734619
-0.0102984
-0.0119461
-0.0116029
-0.00906259
-0.00459995
0.000137312
0.00274624
0.00164774
-0.00254027
-0.00734619
-0.0098178
-0.00871931
-0.00549248
-0.00267758
