LECROYHDO9204-MSöv,30454,Waveform
Segments,1,SegmentSize,2002
Ampl
-0.00453129
-0.00480592
-0.00459995
-0.00391339
-0.00281489
-0.00192237
-0.00205968
-0.00350145
-0.00562979
-0.00727753
-0.00755216
-0.00604173
-0.00329549
-0.00068656
0.000480592
-0.000549248
-0.00418801
-0.0107103
-0.0190177
-0.0256773
-0.0265699
-0.0206654
-0.0113969
-0.00446264
-0.00329549
-0.00707156
-0.0113969
-0.0116715
-0.00665963
0.000961184
0.00645366
0.00617904
-0.00034328
-0.010573
-0.0203222
-0.025952
-0.0256773
-0.0205968
-0.0137312
-0.0081014
-0.00466861
-0.00260893
-0.000961184
0.000274624
6.8656e-05
-0.00212834
-0.00569845
-0.00961184
-0.0128387
-0.0146237
-0.0140058
-0.0100924
-0.00391339
0.00185371
0.00459995
0.00398205
0.00185371
6.8656e-05
-0.00034328
0.000411936
0.00137312
0.0010985
-0.00116715
-0.00501189
-0.00933721
-0.0127014
-0.0133879
-0.0105044
-0.00542382
-0.00116715
-0.000549248
-0.00384473
-0.00954318
-0.0157909
-0.0212147
-0.0247161
-0.0253341
-0.0223818
-0.0161342
-0.00817006
-0.00205968
-0.00123581
-0.00624769
-0.0134566
-0.0179879
-0.0182625
-0.0167521
-0.0164088
-0.0174386
-0.0175073
-0.014761
-0.0101611
-0.00604173
-0.00425667
-0.00494323
-0.00768947
-0.0117402
-0.0166147
-0.0210087
-0.023549
-0.0238923
-0.0232744
-0.0231371
-0.0238923
-0.0247848
-0.0251281
-0.0247848
-0.0244415
-0.0250594
-0.0272564
-0.0310325
-0.0357698
-0.0403697
-0.042498
-0.0386533
-0.0260206
-0.00755216
0.00411936
-0.0132506
-0.0829364
-0.217502
-0.408297
-0.624838
-0.825176
-0.973336
-1.05483
-1.08044
-1.07735
-1.07289
-1.08236
-1.10701
-1.13845
-1.16564
-1.18006
-1.17978
-1.1699
-1.15884
-1.15356
-1.15548
-1.16186
-1.16873
-1.17271
-1.17189
-1.16564
-1.15445
-1.14017
-1.1261
-1.11538
-1.10893
-1.10454
-1.0985
-1.08785
-1.07344
-1.05888
-1.04886
-1.04604
-1.05002
-1.05833
-1.06815
-1.07749
-1.08483
-1.0893
-1.09149
-1.09348
-1.09712
-1.10248
-1.10804
-1.11216
-1.11422
-1.11504
-1.11662
-1.12005
-1.12458
-1.12788
-1.12822
-1.1263
-1.12445
-1.12383
-1.12376
-1.12211
-1.11847
-1.11429
-1.11181
-1.11154
-1.11243
-1.11312
-1.11381
-1.11497
-1.1158
-1.11339
-1.10605
-1.09561
-1.08765
-1.08676
-1.09273
-1.10104
-1.10756
-1.11113
-1.1125
-1.11216
-1.10962
-1.10516
-1.10097
-1.10014
-1.10406
-1.1103
-1.11381
-1.11024
-1.10049
-1.09081
-1.08902
-1.09925
-1.11895
-1.14051
-1.15541
-1.15788
-1.14649
-1.12349
-1.09307
-1.05868
-1.02126
-0.979995
-0.933996
-0.883465
-0.829501
-0.773821
-0.718553
-0.665345
-0.614334
-0.564695
-0.515881
-0.46789
-0.420586
-0.37342
-0.326116
-0.279292
-0.235559
-0.198484
-0.170061
-0.149464
-0.134222
-0.122894
-0.114655
-0.108408
-0.101885
-0.0932348
-0.0824558
-0.0720888
-0.0651545
-0.0634381
-0.0657724
-0.0688619
-0.0694112
-0.066047
-0.0595247
-0.0522472
-0.0467547
-0.0442831
-0.0438025
-0.0436652
-0.0431159
-0.0431159
-0.0455876
-0.0506681
-0.0565039
-0.0602799
-0.0602113
-0.05568
-0.0479219
-0.0392026
-0.0325429
-0.0302773
-0.0324743
-0.0370742
-0.0406443
-0.0404384
-0.036319
-0.0303459
-0.0250594
-0.021352
-0.0192237
-0.0190864
-0.021352
-0.0253341
-0.0289728
-0.0305519
-0.0295221
-0.0263639
-0.0221759
-0.0182625
-0.0158595
-0.0148983
-0.0148297
-0.0157222
-0.0186744
-0.0246475
-0.0332295
-0.0422921
-0.0488144
-0.0501189
-0.0450383
-0.0347399
-0.0222445
-0.0116029
-0.00631635
-0.00775812
-0.0131133
-0.0175073
-0.0172326
-0.0128387
-0.00768947
-0.00439398
-0.00315817
-0.00336414
-0.00480592
-0.0074835
-0.0109163
-0.0144178
-0.0175073
-0.0196356
-0.0205968
-0.0203908
-0.0199102
-0.0204595
-0.0225192
-0.0254714
-0.027737
-0.0275997
-0.0248535
-0.021352
-0.0190864
-0.0179879
-0.0159282
-0.0116715
-0.00631635
-0.00302086
-0.00432533
-0.010779
-0.0201162
-0.0287669
-0.0335041
-0.0328862
-0.0278057
-0.0202535
-0.012564
-0.00652232
-0.00260893
-0.000961184
-0.00199102
-0.00590441
-0.0122894
-0.0194296
-0.0249221
-0.0268445
-0.0248535
-0.019567
-0.0120148
-0.0040507
0.00192237
0.00411936
0.00199102
-0.0034328
-0.0102297
-0.0164774
-0.0201162
-0.0197729
-0.0162028
-0.0116029
-0.00844468
-0.00741484
-0.00775812
-0.00844468
-0.00933721
-0.0113969
-0.0148297
-0.0185371
-0.0205281
-0.019361
-0.0154476
-0.0102984
-0.0051492
-0.000411936
0.0040507
0.00789544
0.0098178
0.008582
0.00391339
-0.00254027
-0.00768947
-0.00906259
-0.00645366
-0.0023343
-6.8656e-05
-0.00199102
-0.00734619
-0.0129073
-0.0158595
-0.0152416
-0.0120835
-0.0074835
-0.00240296
0.00212834
0.00453129
0.00357011
-0.000480592
-0.00583576
-0.00995512
-0.0102984
-0.00631635
0.000205968
0.00583576
0.00755216
0.00473726
-0.000755216
-0.00590441
-0.008582
-0.00817006
-0.00535517
-0.00192237
0.00068656
0.00123581
-0.000480592
-0.0040507
-0.00817006
-0.0112596
-0.0118088
-0.00988646
-0.0068656
-0.00439398
-0.00302086
-0.00226565
-0.00205968
-0.00254027
-0.00350145
-0.00411936
-0.00363877
-0.00267758
-0.00288355
-0.00542382
-0.00940587
-0.0124267
-0.0124267
-0.0091999
-0.00418801
0.000274624
0.00260893
0.00260893
0.000617904
-0.00240296
-0.00521785
-0.00645366
-0.00562979
-0.00336414
-0.000755216
0.00164774
0.00432533
0.00803275
0.012564
0.0162715
0.0167521
0.0122208
0.0034328
-0.00638501
-0.0128387
-0.0133879
-0.00871931
-0.00178506
0.00432533
0.00755216
0.0074835
0.00487457
0.00137312
-0.00157909
-0.00295221
-0.00247161
-0.000549248
0.00116715
0.0010985
-0.00102984
-0.00370742
-0.00528651
-0.00562979
-0.00597307
-0.00768947
-0.0109163
-0.0142804
-0.0157222
-0.0137998
-0.00885662
-0.00288355
0.00116715
0.00192237
0.000274624
-0.00137312
-0.00185371
-0.00247161
-0.00549248
-0.0115342
-0.0181252
-0.0212147
-0.0185371
-0.0119461
-0.00665963
-0.00624769
-0.0100924
-0.0143491
-0.0154476
-0.0130446
-0.00947452
-0.00741484
-0.00796409
-0.0102297
-0.0121521
-0.0114655
-0.00679694
0.00123581
0.00954318
0.0146924
0.014967
0.0114655
0.00631635
0.00130446
-0.00260893
-0.00528651
-0.00714022
-0.00844468
-0.00878796
-0.00714022
-0.00350145
0.000961184
0.00439398
0.00597307
0.00604173
0.00556113
0.00494323
0.00411936
0.00350145
0.00363877
0.0040507
0.00295221
-0.00157909
-0.00988646
-0.0199102
-0.0273251
-0.027943
-0.0201849
-0.00720888
0.00521785
0.0121521
0.012976
0.0110536
0.00961184
0.00926856
0.00830737
0.00562979
0.00178506
-0.00240296
-0.00665963
-0.0109163
-0.0142118
-0.015173
-0.0133193
-0.00940587
-0.00501189
-0.00157909
-0.000480592
-0.00212834
-0.00583576
-0.0091999
-0.00968049
-0.00645366
-0.00157909
0.00164774
0.00116715
-0.00212834
-0.00535517
-0.00597307
-0.00363877
0.000480592
0.00494323
0.00803275
0.00782678
0.00357011
-0.00247161
-0.00624769
-0.00487457
0.00068656
0.00741484
0.0121521
0.012976
0.0100238
0.00473726
-0.00116715
-0.00727753
-0.0137312
-0.0198416
-0.0239609
-0.0251967
-0.0242356
-0.0216266
-0.017164
-0.0105044
-0.00274624
0.00329549
0.00473726
0.00178506
-0.00247161
-0.00425667
-0.00267758
-0.000205968
0.000549248
-0.000274624
-0.000411936
0.00226565
0.00741484
0.0124267
0.0145551
0.0123581
0.00672828
-0.00034328
-0.00665963
-0.0110536
-0.0124267
-0.0100924
-0.00494323
0.000137312
0.00192237
-0.000617904
-0.0051492
-0.00768947
-0.0057671
-0.000137312
0.00583576
0.00803275
0.00432533
-0.00411936
-0.0135939
-0.0196356
-0.0197729
-0.0144178
-0.00700291
-0.00157909
0.000137312
-0.00034328
-0.000755216
-0.000617904
-0.00137312
-0.00425667
-0.00871931
-0.0131819
-0.0161342
-0.0173013
-0.0170953
-0.0166147
-0.0164774
-0.0163401
-0.0150357
-0.0118775
-0.00714022
-0.00178506
0.00274624
0.00521785
0.00535517
0.00411936
0.00302086
0.00260893
0.00260893
0.00281489
0.00363877
0.00542382
0.0074835
0.00823872
0.00652232
0.00315817
0.00116715
0.00322683
0.00830737
0.0120835
0.00995512
0.00151043
-0.00892528
-0.0153103
-0.0143491
-0.00775812
0.000549248
0.00714022
0.0109163
0.0117402
0.00974915
0.00590441
0.00226565
0.000892528
0.0023343
0.00528651
0.00734619
0.0068656
0.00329549
-0.0017164
-0.00556113
-0.00617904
-0.00363877
-0.000411936
-6.8656e-05
-0.00494323
-0.0142118
-0.023343
-0.0265699
-0.0208714
-0.00899393
0.00254027
0.0081014
0.0068656
0.00205968
-0.00240296
-0.00501189
-0.00645366
-0.00803275
-0.0102297
-0.0121521
-0.0132506
-0.0136625
-0.0135939
-0.01277
-0.0109163
-0.00933721
-0.0100238
-0.0135252
-0.0173013
-0.0174386
-0.0123581
-0.00398205
0.00377608
0.00768947
0.00652232
0.000823872
-0.00693425
-0.0134566
-0.0166147
-0.0166147
-0.015173
-0.0137312
-0.0126327
-0.010985
-0.00789544
-0.00357011
0.000205968
0.000823872
-0.00322683
-0.0107103
-0.0181938
-0.0217639
-0.0201162
-0.0155162
-0.0111223
-0.00775812
-0.00391339
0.00123581
0.00679694
0.0108476
0.012564
0.0120148
0.0098178
0.0068656
0.00439398
0.00288355
0.00164774
-0.000411936
-0.00295221
-0.00398205
-0.00192237
0.00247161
0.00679694
0.00892528
0.00844468
0.00604173
0.0023343
-0.00240296
-0.00693425
-0.00940587
-0.00865065
-0.0051492
-0.000961184
0.00240296
0.00528651
0.00837603
0.010985
0.0112596
0.00762081
6.8656e-05
-0.00961184
-0.0188117
-0.0244415
-0.0245788
-0.0196356
-0.0127014
-0.00844468
-0.00974915
-0.0156536
-0.0214207
-0.0223818
-0.01737
-0.00926856
-0.00164774
0.00357011
0.00624769
0.00665963
0.00466861
-6.8656e-05
-0.00652232
-0.0122894
-0.0148983
-0.0133193
-0.00871931
-0.00329549
0.000755216
0.00260893
0.00219699
-0.000205968
-0.00336414
-0.00453129
-0.00151043
0.0051492
0.0112596
0.0126327
0.00817006
6.8656e-05
-0.00837603
-0.0140058
-0.0150357
-0.0111909
-0.00418801
0.00302086
0.00775812
0.00871931
0.00638501
0.00254027
-0.00164774
-0.00604173
-0.0110536
-0.0164088
-0.0208714
-0.0226565
-0.0207341
-0.0157909
-0.0100924
-0.00590441
-0.00459995
-0.00624769
-0.0101611
-0.0148297
-0.0183998
-0.0190864
-0.0157909
-0.00830737
0.00123581
0.00830737
0.00851334
0.00102984
-0.0100924
-0.0187431
-0.0218326
-0.0201849
-0.0163401
-0.0117402
-0.00672828
-0.00199102
0.00068656
-0.00034328
-0.00466861
-0.00947452
-0.0116715
-0.0102984
-0.00679694
-0.00336414
-0.0017164
-0.0023343
-0.00466861
-0.00720888
-0.00789544
-0.00528651
-0.000205968
0.00473726
0.0068656
0.00542382
0.00137312
-0.0040507
-0.00954318
-0.0140058
-0.0158595
-0.0144864
-0.010573
-0.00617904
-0.00363877
-0.00439398
-0.00727753
-0.00892528
-0.00638501
-0.000205968
0.00597307
0.00844468
0.00645366
0.00199102
-0.0023343
-0.00501189
-0.00549248
-0.00357011
0.000205968
0.00384473
0.00494323
0.00226565
-0.00322683
-0.00926856
-0.0142804
-0.01737
-0.0180565
-0.0162028
-0.0122208
-0.00803275
-0.00535517
-0.00439398
-0.00439398
-0.00487457
-0.00590441
-0.00672828
-0.00624769
-0.00453129
-0.00295221
-0.00281489
-0.00411936
-0.0057671
-0.00638501
-0.00562979
-0.00425667
-0.0034328
-0.00384473
-0.00501189
-0.00569845
-0.00466861
-0.00144178
0.00322683
0.00741484
0.00885662
0.00700291
0.00315817
-0.000823872
-0.00425667
-0.0074835
-0.010573
-0.0119461
-0.0106417
-0.00700291
-0.00281489
0.000549248
0.00247161
0.00329549
0.00370742
0.00446264
0.00549248
0.00508054
0.00123581
-0.00611038
-0.0137998
-0.0176446
-0.0162715
-0.0124267
-0.00968049
-0.00933721
-0.00933721
-0.00707156
-0.00157909
0.00549248
0.0114655
0.0142804
0.0133879
0.00892528
0.00116715
-0.00837603
-0.0164774
-0.0199102
-0.0181252
-0.0135252
-0.00885662
-0.00508054
-0.00219699
-0.000755216
-0.00164774
-0.00453129
-0.0068656
-0.00672828
-0.00425667
-0.00157909
-0.000205968
-0.000274624
-0.0010985
-0.0017164
-0.000892528
0.00130446
0.00315817
0.00185371
-0.00398205
-0.0133193
-0.0232744
-0.0304833
-0.0322683
-0.0271191
-0.0162028
-0.00363877
0.00473726
0.00487457
-0.00254027
-0.0122894
-0.0185371
-0.0188117
-0.0150357
-0.010779
-0.00885662
-0.00995512
-0.0130446
-0.0159282
-0.0168894
-0.0157909
-0.0141431
-0.0135252
-0.0143491
-0.015173
-0.014761
-0.0123581
-0.00803275
-0.00267758
0.00240296
0.00528651
0.00459995
0
-0.00768947
-0.0159282
-0.0216953
-0.023549
-0.0225192
-0.0208714
-0.0197729
-0.0190864
-0.0187431
-0.0188804
-0.0187431
-0.0168894
-0.0136625
-0.0113969
-0.0127014
-0.0168207
-0.0202535
-0.0192237
-0.0131133
-0.0040507
0.00398205
0.00782678
0.00624769
0.00116715
-0.00384473
-0.00611038
-0.00583576
-0.00569845
-0.00734619
-0.00954318
-0.00947452
-0.00611038
-0.00205968
-0.000961184
-0.00453129
-0.010573
-0.0146924
-0.0139372
-0.00954318
-0.0051492
-0.00384473
-0.00521785
-0.00665963
-0.00672828
-0.0068656
-0.0098178
-0.0157909
-0.0219699
-0.0241669
-0.0203222
-0.0123581
-0.00425667
0.000274624
0.000411936
-0.00185371
-0.00384473
-0.00453129
-0.00439398
-0.00446264
-0.00569845
-0.0081014
-0.0108476
-0.012976
-0.0136625
-0.0127014
-0.0098178
-0.0057671
-0.00199102
-0.000205968
-0.000823872
-0.00260893
-0.00439398
-0.00604173
-0.008582
-0.0117402
-0.0137312
-0.0126327
-0.00844468
-0.00295221
0.00116715
0.00137312
-0.00357011
-0.0122894
-0.021352
-0.0268445
-0.0269131
-0.0225878
-0.0163401
-0.0105044
-0.00597307
-0.00226565
0.000961184
0.00288355
0.00205968
-0.00205968
-0.00775812
-0.0118088
-0.0117402
-0.00762081
-0.00219699
0.000961184
-0.000205968
-0.00508054
-0.0106417
-0.0138685
-0.0136625
-0.0109163
-0.0074835
-0.00425667
-0.00178506
-0.000617904
-0.00178506
-0.00535517
-0.00968049
-0.0126327
-0.0130446
-0.0117402
-0.0102297
-0.00906259
-0.00796409
-0.00672828
-0.00611038
-0.00720888
-0.0102297
-0.0142118
-0.0168207
-0.0159968
-0.0116715
-0.00652232
-0.00418801
-0.00672828
-0.0129073
-0.019361
-0.0223132
-0.0190864
-0.0100924
0.00116715
0.00933721
0.0102297
0.00377608
-0.00617904
-0.0140745
-0.0164088
-0.0140058
-0.0100238
-0.00768947
-0.0081014
-0.0113282
-0.0161342
-0.0194983
-0.0181938
-0.0120835
-0.00583576
-0.00473726
-0.00995512
-0.016958
-0.0201849
-0.0166147
-0.00796409
0.00102984
0.0057671
0.00466861
-0.000411936
-0.00569845
-0.00789544
-0.00562979
-0.000480592
0.00391339
0.00439398
0.000961184
-0.00370742
-0.00679694
-0.00734619
-0.00583576
-0.00315817
-0.000137312
0.0023343
0.00425667
0.00624769
0.00892528
0.0111909
0.0111223
0.00817006
0.00411936
0.0017164
0.00192237
0.00260893
0.000961184
-0.00391339
-0.0101611
-0.014967
-0.016958
-0.0166834
-0.0151043
-0.0128387
-0.0100238
-0.00714022
-0.00453129
-0.00199102
0.00102984
0.00473726
0.0081014
0.00974915
0.00892528
0.0057671
0.00102984
-0.00398205
-0.00823872
-0.0105044
-0.0104357
-0.00885662
-0.00762081
-0.00782678
-0.00851334
-0.00720888
-0.00308952
0.00164774
0.00439398
0.00466861
0.00357011
0.00137312
-0.00336414
-0.0107103
-0.0177819
-0.0209401
-0.0190177
-0.0136625
-0.00762081
-0.00288355
-0.000411936
-0.000480592
-0.00212834
-0.00377608
-0.00453129
-0.00521785
-0.00720888
-0.010573
-0.0137998
-0.0151043
-0.0141431
-0.0116715
-0.00899393
-0.0074835
-0.00817006
-0.0103671
-0.0122208
-0.0120835
-0.0102297
-0.00789544
-0.00597307
-0.00418801
-0.00212834
-6.8656e-05
0.00144178
0.00247161
0.00329549
0.00391339
0.00350145
0.00157909
-0.00151043
-0.0040507
-0.00425667
-0.00219699
-0.000274624
-0.000892528
-0.00411936
-0.00768947
-0.00947452
-0.00961184
-0.0102984
-0.0131819
-0.0176446
-0.0205281
-0.0187431
-0.0119461
-0.00329549
0.00288355
0.00439398
0.00192237
-0.00247161
-0.00741484
-0.0120835
-0.0157222
-0.0170267
-0.0157909
-0.0129073
-0.00926856
-0.00549248
-0.00267758
-0.00157909
-0.00178506
-0.00178506
-0.000411936
0.00240296
0.00590441
0.00885662
0.00974915
0.0074835
0.00302086
-0.00068656
-0.00130446
0.000549248
0.00240296
0.00185371
-0.00102984
-0.00432533
-0.00535517
-0.00315817
0.000274624
0.00144178
-0.00144178
-0.00631635
-0.00844468
-0.00480592
0.00336414
0.0108476
0.0122894
0.00611038
-0.00432533
-0.0137312
-0.0186744
-0.0190177
-0.0167521
-0.0137998
-0.010985
-0.0081014
-0.00494323
-0.00164774
0.00068656
0.000617904
-0.00315817
-0.0102297
-0.0180565
-0.0236863
-0.0252654
-0.0223818
-0.0159282
-0.00782678
-0.00068656
0.00308952
0.00288355
0.000274624
-0.00219699
-0.00295221
-0.00199102
-0.00102984
-0.0017164
-0.00411936
-0.00672828
-0.0074835
-0.0051492
0
0.00645366
0.0122894
0.0155849
0.0148297
0.00974915
0.00219699
-0.0040507
-0.00631635
-0.00549248
-0.0057671
-0.0102984
-0.0180565
-0.0238236
-0.0227938
-0.0143491
-0.00329549
0.00357011
0.00254027
-0.00459995
-0.0118088
-0.0146924
-0.0132506
-0.010985
-0.010985
-0.01277
-0.0134566
-0.0109163
-0.00617904
-0.00322683
-0.00542382
-0.0132506
-0.0232057
-0.0303459
-0.0307579
-0.0247848
-0.0165461
-0.0111909
-0.0113282
-0.015173
-0.0185371
-0.0185371
-0.0151043
-0.0105044
-0.00707156
-0.00631635
-0.00844468
-0.0124267
-0.0165461
-0.0187431
-0.0178506
-0.0142118
-0.00968049
-0.00624769
-0.00473726
-0.00494323
-0.00645366
-0.00878796
-0.010985
-0.0116029
-0.0104357
-0.00926856
-0.00995512
-0.0124267
-0.0145551
-0.0142804
-0.0116715
-0.00913124
-0.00885662
-0.010779
-0.0127014
-0.0124267
-0.00974915
-0.00611038
-0.00260893
0.00068656
0.00363877
0.00535517
0.00528651
0.00418801
0.00370742
0.00453129
0.00549248
0.00432533
-0.00034328
-0.00762081
-0.0145551
-0.0175759
-0.014967
-0.00830737
-0.00102984
0.00336414
0.00329549
-0.000755216
-0.00652232
-0.0109163
-0.0116715
-0.00878796
-0.00432533
-0.000480592
0.00199102
0.00315817
0.00377608
0.00425667
0.00418801
0.00295221
0.00034328
-0.00267758
-0.00501189
-0.00672828
-0.00851334
-0.0103671
-0.0116029
-0.010985
-0.00837603
-0.0051492
-0.00357011
-0.00466861
-0.00714022
-0.00865065
-0.00844468
-0.00844468
-0.0102984
-0.0131133
-0.0137998
-0.0105044
-0.00398205
0.00350145
0.0103671
0.0155849
0.0176446
0.0146924
0.00707156
-0.00185371
-0.00782678
-0.00865065
-0.00631635
-0.00508054
-0.00782678
-0.0134566
-0.0178506
-0.0176446
-0.0132506
-0.00817006
-0.00617904
-0.0081014
-0.0110536
-0.0117402
-0.00906259
-0.00411936
0.00137312
0.00645366
0.0106417
0.012564
0.0108476
0.00453129
-0.00494323
-0.0135252
-0.0162028
-0.0105044
0.000274624
0.00954318
0.0120148
0.00796409
0.00185371
-0.00178506
-0.00185371
-0.000617904
-0.000961184
-0.00370742
-0.00782678
-0.0117402
-0.0144178
-0.0152416
-0.0136625
-0.0100924
-0.00611038
-0.00336414
-0.00247161
-0.00267758
-0.00336414
-0.00418801
-0.0051492
-0.00679694
-0.00954318
-0.0133879
-0.0166147
-0.0170953
-0.0134566
-0.00611038
0.00281489
0.0103671
0.0141431
0.0135939
0.0102984
0.00679694
0.00439398
0.00295221
0.00164774
-0.000617904
-0.00480592
-0.0106417
-0.0162028
-0.0183998
-0.0155162
-0.00954318
-0.00439398
-0.00288355
-0.00453129
-0.00762081
-0.010573
-0.0122208
-0.0116029
-0.00899393
-0.00604173
-0.00446264
-0.00494323
-0.00707156
-0.0100924
-0.012976
-0.0144178
-0.0133879
-0.0100924
-0.00645366
-0.00487457
-0.00665963
-0.010779
-0.0143491
-0.0154476
-0.0138685
-0.010985
-0.00899393
-0.00947452
-0.0122208
-0.0148297
-0.0140745
-0.0091999
-0.00226565
0.00336414
0.0051492
0.00281489
-0.00247161
-0.00830737
-0.0116715
-0.0102297
-0.00350145
0.00672828
0.0168207
0.0219699
0.0190177
0.00865065
-0.00432533
-0.0138685
-0.0166834
-0.0134566
-0.00741484
-0.00240296
-0.00068656
-0.00226565
-0.00549248
-0.008582
-0.0104357
-0.00995512
-0.00652232
-0.00144178
0.00178506
0.000411936
-0.00501189
-0.0116029
-0.0162715
-0.0179192
-0.0172326
-0.0155162
-0.0139372
-0.0137998
-0.0156536
-0.018949
-0.0220386
-0.0228624
-0.0205968
-0.0164774
-0.0128387
-0.0115342
-0.0122894
-0.0132506
-0.012564
-0.00974915
-0.00624769
-0.00370742
-0.00295221
-0.00315817
-0.00315817
-0.0023343
-0.00144178
-0.000755216
0.000549248
0.00302086
0.0057671
0.00693425
0.00590441
0.00308952
-0.000961184
-0.00562979
-0.00961184
-0.0109163
-0.00837603
-0.00288355
0.00322683
0.00720888
0.00734619
0.0040507
-0.000823872
-0.00528651
-0.00837603
-0.00954318
-0.00885662
-0.00679694
-0.00446264
-0.00260893
-0.000823872
0.00137312
0.0034328
0.00432533
0.00329549
0.000617904
-0.00240296
-0.00432533
-0.00439398
-0.00315817
-0.00178506
-0.00116715
-0.00116715
-0.00151043
-0.0023343
-0.00398205
-0.00659097
-0.0102297
-0.0140058
-0.0159282
-0.0142804
-0.00995512
-0.00631635
-0.00665963
-0.010985
-0.0163401
-0.0194296
-0.0190177
-0.0153789
-0.00892528
-6.8656e-05
0.00933721
0.0152416
0.0143491
0.00727753
-0.0017164
-0.00837603
-0.0116715
-0.0133879
-0.0142804
-0.012976
-0.00796409
-0.000137312
0.0068656
0.0091999
0.00521785
-0.00247161
-0.00865065
-0.00933721
-0.00480592
0.00130446
0.00562979
0.00700291
0.00638501
0.00473726
0.00260893
0.000480592
-0.000892528
-0.000617904
0.0017164
0.00542382
0.008582
0.00906259
0.00597307
0.000892528
-0.00308952
-0.00411936
-0.00274624
-0.00116715
-0.00130446
-0.00377608
-0.00775812
-0.010985
-0.0111909
-0.00782678
-0.00247161
0.00205968
0.00384473
0.0023343
-0.00192237
-0.00789544
-0.0139372
-0.0177132
-0.0174386
-0.0135939
-0.00878796
-0.0057671
-0.00508054
-0.00528651
-0.0057671
-0.00734619
-0.00995512
-0.0116715
-0.0101611
-0.00480592
0.00274624
0.00968049
0.0134566
0.0135939
0.0111909
0.00782678
0.00391339
-0.00137312
-0.00865065
-0.0164088
-0.0214893
-0.0206654
-0.0135939
-0.00377608
0.00267758
0.00116715
-0.00782678
-0.0181938
-0.0229311
-0.0194983
-0.010779
-0.00226565
0.00226565
0.00185371
-0.00199102
-0.00679694
-0.010985
-0.0140745
-0.0157909
-0.0155849
-0.0132506
-0.0102297
-0.00940587
-0.0122208
-0.017164
-0.0205281
-0.0192237
-0.0133193
-0.00624769
-0.00192237
-0.00164774
-0.00295221
-0.00247161
0.00034328
0.00281489
0.00240296
-0.000823872
-0.00480592
-0.00714022
-0.00734619
-0.00707156
-0.00830737
-0.0113969
-0.0148983
-0.017164
-0.0177132
-0.0164088
-0.012564
-0.00611038
0.000823872
0.00439398
0.00281489
-0.00164774
-0.00453129
-0.00357011
0.000137312
0.00446264
0.00830737
0.0118775
0.0139372
0.0120835
0.00542382
-0.00302086
-0.00782678
-0.00652232
-0.00185371
0.00034328
-0.00308952
-0.0098178
-0.0148297
-0.0146924
-0.00995512
-0.0034328
0.00157909
0.00370742
0.00308952
0.00068656
-0.0023343
-0.00480592
-0.00597307
-0.00569845
-0.00459995
-0.00377608
-0.00446264
-0.00700291
-0.0101611
-0.0111909
-0.00762081
0.000205968
0.00871931
0.0128387
0.0102297
0.00260893
-0.0051492
-0.00892528
-0.00775812
-0.00418801
-0.00178506
-0.00288355
-0.00672828
-0.0108476
-0.0121521
-0.00885662
-0.00240296
0.00329549
0.00480592
0.00192237
-0.00192237
-0.00329549
-0.00164774
0.00068656
0.00137312
-6.8656e-05
-0.00288355
-0.00597307
-0.00782678
-0.00672828
-0.0023343
0.00357011
0.00755216
0.00768947
0.00466861
0.000892528
-0.00157909
-0.00254027
-0.00329549
-0.00501189
-0.00762081
-0.00995512
-0.0107103
-0.00892528
-0.00453129
0.00151043
0.00693425
0.00933721
0.00727753
0.00205968
-0.00322683
-0.00611038
-0.00672828
-0.00693425
-0.00823872
-0.0102297
-0.0109163
-0.00823872
-0.00240296
0.00418801
0.00775812
0.00535517
-0.00329549
-0.0137312
-0.0201849
-0.0194983
-0.0130446
-0.00459995
0.0023343
0.00604173
0.00631635
0.00446264
0.00219699
0.000892528
0.000549248
0.00034328
-0.00034328
-0.00130446
-0.00219699
-0.00274624
-0.00336414
-0.00459995
-0.00672828
-0.00830737
-0.0068656
-0.00157909
0.00487457
0.00789544
0.0051492
-0.00144178
-0.00762081
-0.00995512
-0.00755216
-0.00192237
0.0040507
0.00768947
0.00762081
0.00459995
0.00034328
-0.00363877
-0.00707156
-0.0105044
-0.0146237
-0.0188117
-0.0212147
-0.0204595
-0.0170267
