LECROYHDO9204-MSöv,30454,Waveform
Segments,1,SegmentSize,2002
Ampl
-0.0124954
-0.0133193
-0.0101611
-0.00501189
-0.00185371
-0.00322683
-0.00837603
-0.0142118
-0.0173013
-0.0162715
-0.0119461
-0.00693425
-0.00357011
-0.00281489
-0.00398205
-0.00569845
-0.00679694
-0.00700291
-0.00665963
-0.00604173
-0.00535517
-0.00411936
-0.00219699
-0.000205968
0.000205968
-0.00288355
-0.0098178
-0.0187431
-0.0260206
-0.0288355
-0.0271191
-0.0230684
-0.0188804
-0.0156536
-0.0137312
-0.0130446
-0.0133879
-0.0142804
-0.0150357
-0.0141431
-0.0106417
-0.00459995
0.00199102
0.00617904
0.00611038
0.00219699
-0.00377608
-0.00968049
-0.0144178
-0.0175073
-0.0187431
-0.0180565
-0.0158595
-0.012976
-0.0106417
-0.00947452
-0.00878796
-0.00817006
-0.008582
-0.0113969
-0.0161342
-0.0198416
-0.0192237
-0.0135939
-0.00583576
-0.00068656
-0.00123581
-0.00707156
-0.0144178
-0.019361
-0.0203222
-0.0185371
-0.0159282
-0.0140058
-0.0131819
-0.012564
-0.0108476
-0.00734619
-0.00336414
-0.000823872
-0.000961184
-0.00329549
-0.00652232
-0.00995512
-0.0130446
-0.0153789
-0.0164774
-0.0159968
-0.0143491
-0.0131133
-0.0134566
-0.0152416
-0.0164088
-0.0150357
-0.0117402
-0.00947452
-0.0111223
-0.017164
-0.0246475
-0.0294534
-0.0286982
-0.023549
-0.0190177
-0.0203908
-0.0283549
-0.0378294
-0.0421548
-0.0381041
-0.0281489
-0.0176446
-0.0116029
-0.0117402
-0.0159282
-0.019155
-0.0156536
-0.00391339
0.00906259
0.00604173
-0.0356324
-0.134978
-0.295701
-0.500159
-0.712855
-0.894725
-1.02016
-1.08552
-1.10577
-1.10358
-1.09863
-1.10248
-1.11744
-1.13941
-1.16077
-1.17402
-1.17615
-1.17024
-1.16317
-1.16029
-1.16173
-1.16324
-1.16056
-1.15273
-1.14305
-1.1355
-1.13172
-1.12973
-1.1263
-1.11971
-1.1101
-1.09767
-1.08298
-1.06753
-1.05442
-1.04632
-1.04398
-1.04604
-1.05085
-1.05723
-1.06465
-1.07213
-1.0792
-1.08545
-1.09115
-1.09685
-1.10275
-1.10804
-1.11147
-1.11298
-1.11387
-1.11593
-1.12005
-1.12589
-1.13166
-1.13543
-1.13626
-1.13392
-1.12953
-1.12486
-1.12259
-1.12479
-1.13056
-1.13578
-1.13626
-1.13172
-1.12616
-1.12355
-1.12458
-1.12651
-1.12582
-1.12163
-1.11587
-1.11202
-1.1123
-1.11621
-1.12053
-1.12218
-1.1204
-1.11669
-1.11319
-1.11133
-1.11147
-1.11284
-1.11394
-1.1125
-1.10783
-1.10145
-1.09705
-1.09781
-1.10467
-1.1158
-1.12802
-1.13838
-1.14518
-1.14793
-1.14683
-1.1423
-1.13399
-1.11964
-1.09664
-1.06382
-1.02229
-0.973473
-0.918754
-0.860122
-0.801696
-0.747664
-0.699673
-0.655047
-0.608841
-0.557555
-0.501532
-0.445165
-0.392987
-0.347125
-0.306274
-0.267758
-0.230478
-0.195601
-0.166147
-0.144246
-0.12976
-0.120354
-0.113076
-0.10573
-0.0976974
-0.0899393
-0.083623
-0.079023
-0.0756589
-0.0727067
-0.0699604
-0.0670082
-0.0631635
-0.057877
-0.0513547
-0.0453816
-0.0426354
-0.0442144
-0.0488144
-0.0538263
-0.0573277
-0.0591814
-0.0599367
-0.0595934
-0.057465
-0.0532084
-0.0479905
-0.0438025
-0.0418801
-0.0419488
-0.0431846
-0.0441458
-0.0430473
-0.0387906
-0.0324056
-0.0268445
-0.0243042
-0.0253341
-0.0284922
-0.0318564
-0.0335041
-0.0325429
-0.0300713
-0.0290415
-0.0318564
-0.0376921
-0.0428413
-0.0439398
-0.0400951
-0.0335728
-0.027943
-0.0256773
-0.0273251
-0.0314444
-0.0360444
-0.0399578
-0.0420861
-0.0417428
-0.0383787
-0.0326116
-0.0258146
-0.018949
-0.0128387
-0.0081014
-0.00521785
-0.00425667
-0.00459995
-0.00590441
-0.00865065
-0.0138685
-0.021352
-0.0289042
-0.0332295
-0.0319937
-0.0251281
-0.0146924
-0.00473726
0.0010985
0.00137312
-0.00274624
-0.0091999
-0.0159968
-0.021146
-0.0223818
-0.0186744
-0.0115342
-0.00535517
-0.00377608
-0.00693425
-0.0113282
-0.0135252
-0.0133879
-0.0130446
-0.0137312
-0.0142118
-0.0122208
-0.00700291
-0.00123581
0.000137312
-0.00652232
-0.0199102
-0.0339847
-0.0420861
-0.0417428
-0.0351519
-0.0273251
-0.0225878
-0.0221759
-0.0243042
-0.0258146
-0.0251967
-0.0231371
-0.0214207
-0.0208714
-0.0209401
-0.0201849
-0.0178506
-0.0153789
-0.0151043
-0.0179192
-0.0217639
-0.023755
-0.023343
-0.0220386
-0.0216953
-0.0219013
-0.0208028
-0.0166834
-0.0105044
-0.00521785
-0.00363877
-0.00645366
-0.0123581
-0.0190864
-0.0245102
-0.0264325
-0.0232057
-0.0152416
-0.00521785
0.00267758
0.00494323
0.000549248
-0.008582
-0.0178506
-0.0216266
-0.0168207
-0.00549248
0.00645366
0.0134566
0.0131819
0.00707156
-0.00164774
-0.00961184
-0.0144864
-0.015173
-0.0118088
-0.00569845
0.000823872
0.00487457
0.00501189
0.00212834
-0.00151043
-0.00432533
-0.00638501
-0.00817006
-0.00878796
-0.00652232
-0.000961184
0.0057671
0.00968049
0.00817006
0.00192237
-0.0051492
-0.00913124
-0.00892528
-0.00652232
-0.00432533
-0.00377608
-0.00521785
-0.00782678
-0.0100924
-0.00995512
-0.00672828
-0.00178506
0.00226565
0.0034328
0.000755216
-0.00549248
-0.0131819
-0.0188117
-0.0196356
-0.0162715
-0.0122208
-0.0107103
-0.0119461
-0.0132506
-0.0121521
-0.00892528
-0.00617904
-0.00679694
-0.0113969
-0.0179192
-0.0230684
-0.0244415
-0.0216953
-0.0164774
-0.0111223
-0.00727753
-0.00556113
-0.00535517
-0.00556113
-0.0057671
-0.00631635
-0.00782678
-0.00974915
-0.010985
-0.0105044
-0.00865065
-0.00638501
-0.00425667
-0.00240296
-0.00116715
-0.00137312
-0.00357011
-0.0074835
-0.0119461
-0.015173
-0.0154476
-0.0121521
-0.00659097
-0.0017164
0.000274624
-0.00034328
-0.00130446
-0.0010985
-0.000823872
-0.00219699
-0.00480592
-0.00700291
-0.0081014
-0.00940587
-0.0122208
-0.0168894
-0.0221759
-0.0256773
-0.0250594
-0.0199789
-0.0126327
-0.00631635
-0.00357011
-0.00425667
-0.00631635
-0.00768947
-0.00782678
-0.0068656
-0.00439398
-0.000274624
0.00398205
0.00487457
0.00034328
-0.00720888
-0.0123581
-0.0115342
-0.00631635
-0.00123581
0
-0.00315817
-0.00885662
-0.0145551
-0.0179192
-0.0176446
-0.0139372
-0.00871931
-0.00446264
-0.00219699
-0.00102984
0.000411936
0.00260893
0.00411936
0.00308952
-0.0010985
-0.0074835
-0.0143491
-0.0197043
-0.0208028
-0.0162028
-0.00720888
0.00164774
0.00562979
0.00288355
-0.00508054
-0.0140058
-0.0194983
-0.0192237
-0.0135939
-0.00556113
0.00130446
0.00473726
0.00459995
0.00240296
-0.000205968
-0.00254027
-0.0051492
-0.00775812
-0.00844468
-0.00494323
0.00260893
0.010573
0.0144178
0.0118775
0.00398205
-0.00556113
-0.0126327
-0.0153789
-0.0144864
-0.0116715
-0.00796409
-0.00425667
-0.00157909
-0.0010985
-0.00281489
-0.00549248
-0.0074835
-0.00803275
-0.0068656
-0.00411936
-0.000892528
0.000892528
-0.000617904
-0.00556113
-0.0123581
-0.0180565
-0.0192923
-0.0148297
-0.00645366
0.00178506
0.00665963
0.00741484
0.00501189
0.000892528
-0.00357011
-0.00707156
-0.00865065
-0.00844468
-0.00727753
-0.00624769
-0.00569845
-0.00521785
-0.00357011
-0.000411936
0.00254027
0.00308952
0.000892528
-0.00185371
-0.00247161
-0.000549248
0.00178506
0.00151043
-0.00247161
-0.00823872
-0.0123581
-0.0126327
-0.00968049
-0.00652232
-0.00611038
-0.00968049
-0.0162715
-0.0225878
-0.0250594
-0.0216953
-0.0135939
-0.00473726
0.000549248
0.00034328
-0.00418801
-0.0100924
-0.0138685
-0.0135939
-0.0102984
-0.00720888
-0.00700291
-0.00961184
-0.01277
-0.0135939
-0.010779
-0.00501189
0.00116715
0.00487457
0.00439398
0
-0.00631635
-0.0113282
-0.01277
-0.0109163
-0.00817006
-0.00693425
-0.00768947
-0.00940587
-0.0117402
-0.015173
-0.0190864
-0.021352
-0.0202535
-0.0165461
-0.01277
-0.0108476
-0.0107103
-0.0111909
-0.0106417
-0.00823872
-0.00446264
-0.0010985
6.8656e-05
-0.0017164
-0.00569845
-0.00954318
-0.0112596
-0.010779
-0.00968049
-0.00892528
-0.00741484
-0.00384473
0.000480592
0.00247161
0.000549248
-0.00425667
-0.00885662
-0.0101611
-0.00645366
0.00116715
0.00892528
0.0126327
0.010573
0.00391339
-0.0040507
-0.0103671
-0.0131133
-0.0121521
-0.00899393
-0.00569845
-0.00418801
-0.00562979
-0.00961184
-0.0140058
-0.0160655
-0.015173
-0.0130446
-0.0116029
-0.010985
-0.00995512
-0.00782678
-0.00542382
-0.00453129
-0.00617904
-0.0102297
-0.0157909
-0.0210087
-0.0240296
-0.0228624
-0.01737
-0.00961184
-0.00363877
-0.00288355
-0.00782678
-0.014967
-0.018949
-0.0159968
-0.00659097
0.00494323
0.0131133
0.0144864
0.00926856
0.00102984
-0.00562979
-0.00762081
-0.0051492
-0.00144178
6.8656e-05
-0.0023343
-0.00727753
-0.0111223
-0.010985
-0.00693425
-0.00144178
0.00274624
0.00418801
0.00329549
0.00068656
-0.00336414
-0.00878796
-0.0148297
-0.0194296
-0.0202535
-0.0167521
-0.0109163
-0.00631635
-0.00521785
-0.00727753
-0.0103671
-0.0117402
-0.0104357
-0.0074835
-0.00473726
-0.00391339
-0.00583576
-0.0100238
-0.0140745
-0.0153789
-0.0132506
-0.00995512
-0.00823872
-0.00885662
-0.0107103
-0.0119461
-0.0109163
-0.00665963
0.000205968
0.00755216
0.0126327
0.0137998
0.0109163
0.00590441
0.00199102
0.00192237
0.00569845
0.00968049
0.00961184
0.00439398
-0.0034328
-0.00961184
-0.0116029
-0.00954318
-0.00549248
-0.00205968
-0.000961184
-0.00212834
-0.00391339
-0.00466861
-0.00446264
-0.00411936
-0.00480592
-0.00720888
-0.0110536
-0.0144864
-0.014761
-0.0108476
-0.00439398
0.000755216
0.00123581
-0.00336414
-0.0103671
-0.0157909
-0.0175073
-0.0162028
-0.0137312
-0.0116029
-0.0101611
-0.00988646
-0.0117402
-0.0160655
-0.021558
-0.0249221
-0.0231371
-0.0157909
-0.00617904
0.000205968
-0.00068656
-0.00830737
-0.0172326
-0.0210774
-0.0179192
-0.0111223
-0.00611038
-0.00611038
-0.0098178
-0.012976
-0.0122894
-0.00775812
-0.00226565
0.000961184
0.000549248
-0.00178506
-0.00302086
-0.00116715
0.00260893
0.00473726
0.00164774
-0.00693425
-0.0166834
-0.0214893
-0.0177819
-0.00755216
0.00295221
0.00782678
0.00597307
0.000892528
-0.00260893
-0.00267758
-0.00185371
-0.00370742
-0.0091999
-0.0157909
-0.0196356
-0.0186744
-0.0143491
-0.0101611
-0.00961184
-0.0138685
-0.0210774
-0.027531
-0.0288355
-0.0232744
-0.0128387
-0.00254027
0.00288355
0.00274624
0.000205968
-0.000617904
0.00144178
0.00418801
0.00439398
0.00102984
-0.00459995
-0.0102984
-0.0146924
-0.0172326
-0.01737
-0.0148297
-0.0100238
-0.00432533
0.000205968
0.00185371
6.8656e-05
-0.00384473
-0.00775812
-0.00961184
-0.00851334
-0.0051492
-0.0010985
0.00240296
0.00542382
0.00844468
0.0105044
0.0100238
0.00583576
-0.00116715
-0.0091999
-0.0167521
-0.0232744
-0.0286982
-0.0322683
-0.0322683
-0.0270505
-0.0172326
-0.00583576
0.00302086
0.00665963
0.00501189
-0.000411936
-0.00672828
-0.0110536
-0.0116715
-0.00837603
-0.00302086
0.00212834
0.00459995
0.00281489
-0.00315817
-0.0109163
-0.0164774
-0.0177819
-0.0157222
-0.0128387
-0.0113969
-0.0120835
-0.0144864
-0.01737
-0.0199102
-0.0212147
-0.0205968
-0.0176446
-0.0129073
-0.008582
-0.00720888
-0.00940587
-0.0131819
-0.0155849
-0.0153789
-0.0137312
-0.0126327
-0.012976
-0.0140745
-0.0145551
-0.0140058
-0.0135252
-0.0146237
-0.0177132
-0.0210087
-0.0216266
-0.0183998
-0.012564
-0.00741484
-0.00535517
-0.00597307
-0.00672828
-0.00549248
-0.00260893
-0.000549248
-0.00137312
-0.00453129
-0.00693425
-0.00535517
0.00034328
0.00659097
0.00899393
0.00494323
-0.0040507
-0.0140058
-0.0209401
-0.0230684
-0.0210087
-0.0168894
-0.0135939
-0.0126327
-0.0135252
-0.0143491
-0.0140058
-0.01277
-0.010985
-0.00851334
-0.00611038
-0.00501189
-0.00562979
-0.00672828
-0.0068656
-0.00624769
-0.00562979
-0.00528651
-0.00494323
-0.00549248
-0.00830737
-0.0133879
-0.0185371
-0.0202535
-0.0168207
-0.00961184
-0.00247161
0.00144178
0.0010985
-0.00212834
-0.00556113
-0.00693425
-0.00562979
-0.00315817
-0.00151043
-0.00178506
-0.00336414
-0.00487457
-0.0057671
-0.00645366
-0.00672828
-0.00569845
-0.00274624
0.00116715
0.0040507
0.00453129
0.00302086
0.000411936
-0.00254027
-0.00631635
-0.0117402
-0.0186058
-0.0250594
-0.0282863
-0.0271191
-0.0227938
-0.0175759
-0.0137312
-0.0118775
-0.0110536
-0.00968049
-0.00727753
-0.00535517
-0.00528651
-0.00679694
-0.00762081
-0.00611038
-0.00295221
-0.000274624
0.000411936
-0.00137312
-0.00528651
-0.0104357
-0.015173
-0.0175759
-0.0172326
-0.0153789
-0.0136625
-0.0122208
-0.0100238
-0.00672828
-0.0034328
-0.00102984
0.000617904
0.00157909
0.000892528
-0.00288355
-0.00885662
-0.0137998
-0.0146924
-0.0113969
-0.00631635
-0.00240296
-0.000961184
-0.00199102
-0.00446264
-0.00720888
-0.00913124
-0.00954318
-0.00865065
-0.00707156
-0.00597307
-0.00556113
-0.0051492
-0.00322683
0.000755216
0.0057671
0.00926856
0.00926856
0.00528651
-0.000892528
-0.00645366
-0.00933721
-0.00878796
-0.00569845
-0.00185371
0.000961184
0.00199102
0.00151043
0.000411936
-0.00068656
-0.00164774
-0.00274624
-0.00377608
-0.00425667
-0.00391339
-0.00350145
-0.00446264
-0.00789544
-0.0135939
-0.0192923
-0.0221072
-0.0205281
-0.0155162
-0.00954318
-0.00466861
-0.00212834
-0.0017164
-0.00274624
-0.00398205
-0.00439398
-0.00391339
-0.00370742
-0.00466861
-0.00672828
-0.00830737
-0.00775812
-0.00425667
0.00164774
0.00768947
0.0110536
0.00954318
0.00391339
-0.0023343
-0.00597307
-0.00665963
-0.00707156
-0.00954318
-0.0138685
-0.0175073
-0.0175759
-0.0132506
-0.00590441
0.0010985
0.00432533
0.00247161
-0.00267758
-0.00714022
-0.00768947
-0.0040507
0.000617904
0.00260893
0.000823872
-0.00288355
-0.00549248
-0.0051492
-0.00130446
0.00494323
0.0116029
0.0162028
0.01737
0.0153103
0.010985
0.00521785
-0.000892528
-0.00556113
-0.0074835
-0.00720888
-0.00645366
-0.0057671
-0.0040507
-0.000205968
0.00466861
0.00789544
0.00714022
0.00254027
-0.0034328
-0.00844468
-0.0122208
-0.0156536
-0.0188117
-0.0203222
-0.0182625
-0.0122894
-0.00473726
0.00068656
0.00123581
-0.00357011
-0.0112596
-0.0180565
-0.0208714
-0.0184685
-0.0120835
-0.00459995
0.00144178
0.00487457
0.00617904
0.00617904
0.00459995
0.000755216
-0.00487457
-0.0105044
-0.0140058
-0.0146924
-0.0137312
-0.0129073
-0.0135939
-0.0152416
-0.0161342
-0.0153103
-0.0138685
-0.0134566
-0.0137312
-0.0126327
-0.008582
-0.00254027
0.00219699
0.00247161
-0.00247161
-0.00995512
-0.0146924
-0.0124267
-0.0034328
0.00665963
0.0111909
0.0074835
-0.00137312
-0.00940587
-0.0128387
-0.0116715
-0.00817006
-0.00425667
-6.8656e-05
0.00432533
0.00817006
0.00988646
0.00865065
0.00487457
0.000137312
-0.00398205
-0.00652232
-0.00734619
-0.00700291
-0.00617904
-0.00569845
-0.00631635
-0.0081014
-0.0098178
-0.0104357
-0.00988646
-0.00899393
-0.0081014
-0.00693425
-0.00590441
-0.00665963
-0.0104357
-0.0159968
-0.0201849
-0.0202535
-0.0162028
-0.0102297
-0.00542382
-0.00363877
-0.00501189
-0.00762081
-0.00892528
-0.00817006
-0.00665963
-0.00569845
-0.00480592
-0.00247161
0.00157909
0.00535517
0.00611038
0.00226565
-0.00494323
-0.0120148
-0.0150357
-0.0118775
-0.00350145
0.00638501
0.0128387
0.0124267
0.00535517
-0.00398205
-0.00933721
-0.00727753
0.000411936
0.00782678
0.00995512
0.0057671
-0.00144178
-0.00782678
-0.0117402
-0.0137998
-0.0148297
-0.0141431
-0.0104357
-0.00363877
0.00370742
0.00789544
0.00672828
0.000892528
-0.00597307
-0.00954318
-0.00755216
-0.00123581
0.0057671
0.00968049
0.0081014
0.00144178
-0.0068656
-0.0122894
-0.0124954
-0.00878796
-0.00439398
-0.00192237
-0.00247161
-0.00617904
-0.0115342
-0.0156536
-0.0153789
-0.0104357
-0.0034328
0.0023343
0.00494323
0.00446264
0.00151043
-0.00267758
-0.00604173
-0.00672828
-0.00459995
-0.0010985
0.00178506
0.00336414
0.00425667
0.00487457
0.00418801
0.00102984
-0.00439398
-0.00947452
-0.0119461
-0.0114655
-0.0100238
-0.0098178
-0.0114655
-0.0141431
-0.0157909
-0.0144864
-0.0106417
-0.00727753
-0.00714022
-0.0101611
-0.0132506
-0.0141431
-0.0129073
-0.0110536
-0.00940587
-0.00796409
-0.00659097
-0.00494323
-0.00247161
0.00034328
0.00205968
0.00102984
-0.00308952
-0.00906259
-0.0140058
-0.014967
-0.0106417
-0.00260893
0.00535517
0.00995512
0.00974915
0.00556113
-0.000480592
-0.00521785
-0.00672828
-0.00569845
-0.00446264
-0.00446264
-0.00459995
-0.00288355
0.000961184
0.00459995
0.00521785
0.00185371
-0.00370742
-0.008582
-0.0105044
-0.0091999
-0.00617904
-0.00363877
-0.00274624
-0.00295221
-0.00281489
-0.00192237
-0.00130446
-0.00247161
-0.00583576
-0.00940587
-0.0107103
-0.00837603
-0.00370742
0.00102984
0.00418801
0.00583576
0.00624769
0.00473726
-0.000137312
-0.00830737
-0.0170267
-0.0216266
-0.0196356
-0.012976
-0.00652232
-0.00432533
-0.00672828
-0.010779
-0.0131133
-0.0119461
-0.00803275
-0.00411936
-0.00336414
-0.00672828
-0.0118775
-0.015173
-0.0144178
-0.0109163
-0.0074835
-0.00583576
-0.0057671
-0.00604173
-0.00583576
-0.00487457
-0.00370742
-0.0034328
-0.00473726
-0.0074835
-0.0103671
-0.0116715
-0.0101611
-0.00617904
-0.00164774
0.000823872
-0.000205968
-0.00425667
-0.008582
-0.0104357
-0.00974915
-0.00954318
-0.0122208
-0.0164774
-0.0188804
-0.0179879
-0.0157909
-0.014967
-0.0159968
-0.0175073
-0.0186058
-0.018949
-0.0181938
-0.0155849
-0.0110536
-0.00583576
-0.00192237
-0.000755216
-0.00178506
-0.00274624
-0.00157909
0.00130446
0.00336414
0.00254027
-0.0010985
-0.00611038
-0.0111909
-0.0155849
-0.019155
-0.0210087
-0.0203222
-0.0167521
-0.0124954
-0.0107103
-0.0133193
-0.0183998
-0.0218326
-0.0207341
-0.0157909
-0.00968049
-0.00487457
-0.00254027
-0.00295221
-0.00549248
-0.00823872
-0.00906259
-0.00727753
-0.00466861
-0.00363877
-0.00556113
-0.00968049
-0.0137312
-0.0157909
-0.0157222
-0.015173
-0.0157222
-0.0172326
-0.0180565
-0.0168207
-0.0133193
-0.00892528
-0.00542382
-0.00398205
-0.00439398
-0.00672828
-0.0111909
-0.0177819
-0.0245102
-0.0289728
-0.0298653
-0.027737
-0.0234803
-0.0177819
-0.0111909
-0.00446264
0.00137312
0.00528651
0.00604173
0.00274624
-0.00357011
-0.0100924
-0.0136625
-0.0128387
-0.00851334
-0.00308952
0.00102984
0.00247161
0.00123581
-0.00185371
-0.00590441
-0.00968049
-0.0124267
-0.0135939
-0.0134566
-0.0130446
-0.0130446
-0.0130446
-0.0121521
-0.0098178
-0.00645366
-0.00357011
-0.00212834
-0.00157909
0
0.00391339
0.00885662
0.0120835
0.0111909
0.00604173
-0.00205968
-0.0103671
-0.0157222
-0.0165461
-0.0140058
-0.0104357
-0.00665963
-0.00157909
0.00535517
0.0116715
0.0135252
0.00933721
0.00164774
-0.00487457
-0.00727753
-0.00508054
-0.000137312
0.00528651
0.00865065
0.00844468
0.00508054
0.000823872
-0.00178506
-0.00219699
-0.00267758
-0.00528651
-0.00988646
-0.0142118
-0.0164088
-0.0168894
-0.0174386
-0.0180565
-0.017164
-0.0128387
-0.00528651
0.00219699
0.00590441
0.00439398
-0.00068656
-0.00659097
-0.0108476
-0.0122208
-0.0104357
-0.00638501
-0.0017164
0.0023343
0.0051492
0.00665963
0.00652232
0.00418801
-0.000411936
-0.00624769
-0.0119461
-0.0155162
-0.0150357
-0.0091999
0.000480592
0.0098178
0.0143491
0.0119461
0.00466861
-0.00274624
-0.0057671
-0.00329549
0.00192237
0.00569845
0.00542382
0.000961184
-0.00631635
-0.0137312
-0.0178506
-0.0163401
-0.0098178
-0.0017164
0.00363877
0.00398205
-0.000480592
-0.00727753
-0.0126327
-0.0132506
-0.00913124
-0.00377608
-0.00164774
-0.00439398
-0.00995512
-0.014967
-0.0163401
-0.0130446
-0.00611038
0.00137312
0.00590441
0.00562979
0.00123581
-0.00411936
-0.00720888
-0.00652232
-0.00308952
0.000617904
0.00254027
0.00137312
-0.00254027
-0.00789544
-0.0119461
-0.0123581
-0.00837603
-0.00164774
0.00487457
0.00817006
0.00652232
0.000205968
-0.00837603
-0.0161342
-0.0203222
-0.019567
-0.0144864
-0.00775812
-0.00254027
-0.000823872
-0.00274624
-0.00693425
-0.0118088
-0.0151043
-0.014967
-0.0113969
-0.00645366
-0.00302086
-0.00219699
-0.00302086
-0.00302086
-0.00123581
0.000823872
-6.8656e-05
-0.00597307
-0.0155162
-0.0247161
-0.029934
-0.0292474
-0.0232057
-0.0137998
-0.00418801
0.00212834
0.00295221
-0.00144178
-0.00803275
-0.012564
-0.0119461
-0.00659097
-0.000755216
-0.000274624
-0.00775812
-0.0192237
-0.0264325
-0.0234803
-0.0118775
0.00102984
0.00789544
0.00659097
0.000549248
-0.00508054
-0.00734619
-0.00762081
-0.00844468
-0.0108476
-0.0135252
-0.0146237
-0.0134566
-0.0105044
-0.00720888
-0.00590441
-0.00830737
-0.0133879
-0.0181938
-0.0200475
-0.0190177
-0.0172326
-0.0170267
-0.0186058
-0.0200475
-0.0190177
-0.0144178
-0.0068656
0.00199102
0.00974915
0.0133879
0.010573
0.00178506
-0.00878796
-0.0158595
-0.0173013
-0.014761
-0.0111223
-0.00817006
-0.00645366
-0.00679694
-0.0102297
-0.0168207
-0.0240296
-0.0283549
-0.027737
-0.0232744
-0.0175073
-0.0119461
-0.00631635
-0.000137312
0.00569845
0.00892528
0.00823872
0.00398205
-0.00164774
-0.00590441
-0.00665963
-0.0034328
0.00212834
0.00720888
0.00947452
0.00844468
0.00480592
-0.000205968
-0.00487457
-0.00741484
-0.00679694
-0.00391339
-0.000961184
0
-0.0010985
-0.00260893
-0.00391339
-0.0057671
-0.00885662
-0.0120148
-0.0128387
-0.0100924
-0.0051492
-0.000961184
0.000617904
-0.000549248
-0.00302086
-0.00494323
-0.00473726
-0.00178506
0.00260893
0.00604173
0.00638501
0.00384473
0.000549248
-0.00116715
-0.000961184
6.8656e-05
-0.000205968
-0.00329549
-0.00947452
-0.0167521
-0.0214893
-0.0194983
-0.0104357
0.00034328
0.00466861
-0.0017164
-0.015173
-0.0271191
-0.0312385
-0.0272564
-0.0194983
-0.0126327
-0.00899393
-0.00775812
-0.00652232
-0.00370742
0.00034328
0.00336414
0.00308952
-0.000823872
-0.00755216
-0.0157222
-0.0236863
-0.0288355
-0.0286295
-0.0228624
-0.0137312
-0.00508054
0.000617904
0.00288355
0.00329549
0.00370742
0.00480592
0.00583576
0.00556113
0.00391339
0.0017164
0
-0.000961184
-0.00219699
-0.0051492
-0.0100924
-0.014967
-0.0164088
-0.0133193
-0.00803275
-0.00466861
-0.00597307
-0.010985
-0.0158595
-0.0164088
-0.0115342
-0.00329549
0.00398205
0.00665963
0.00377608
-0.00254027
-0.00906259
-0.0140058
-0.0175073
-0.0201162
-0.0217639
-0.0212834
-0.0179879
-0.012564
-0.00775812
-0.00679694
-0.010573
-0.0166834
-0.0205281
-0.019361
-0.0135939
-0.00665963
-0.00192237
-0.00034328
-0.00116715
-0.00350145
-0.00659097
-0.00940587
-0.010779
-0.010779
-0.0105044
-0.0104357
-0.00954318
-0.00693425
-0.00357011
-0.00137312
-0.00102984
-0.00164774
-0.00157909
-0.000411936
0.000892528
0.000755216
-0.0017164
-0.00617904
-0.0115342
-0.0164774
-0.0201162
-0.021352
-0.0190177
-0.0131133
-0.0051492
0.00219699
0.00645366
0.00604173
0.000961184
-0.00665963
-0.0133193
-0.0165461
-0.0163401
-0.0143491
-0.0120148
-0.00995512
-0.00865065
-0.00830737
-0.00851334
-0.00789544
-0.00583576
-0.00308952
-0.00157909
-0.00308952
-0.00720888
-0.0116715
-0.0135252
-0.0117402
-0.0074835
-0.00260893
0.00123581
0.00240296
0.000137312
-0.00439398
-0.00871931
-0.0104357
-0.00830737
-0.00254027
0.00494323
0.0111223
0.0131133
0.00968049
0.00205968
-0.00734619
-0.0157909
-0.0201162
-0.0183311
-0.0113282
-0.00315817
0.0017164
0.00130446
-0.00302086
-0.00871931
-0.0135939
-0.0170953
-0.0188117
-0.0178506
-0.0136625
-0.00714022
-0.00123581
0.00144178
0.000137312
-0.00357011
-0.0081014
-0.0131819
-0.0184685
-0.0225192
-0.0232744
-0.019567
-0.0124267
-0.00446264
0.00192237
0.0057671
0.00775812
0.00817006
0.00549248
-0.00151043
-0.0115342
-0.0204595
-0.0240296
-0.0201849
-0.0104357
0.000892528
0.00947452
0.012564
0.0105044
0.00562979
0.00116715
-0.000617904
0.000411936
0.00178506
0.000137312
-0.00542382
-0.0116029
-0.0140058
-0.0113282
-0.00611038
-0.00151043
0.0017164
0.00439398
0.00611038
0.0051492
0
-0.00823872
-0.017164
-0.0245788
-0.0291101
-0.029934
-0.0267072
-0.0201849
-0.0124267
-0.00672828
-0.00562979
-0.00899393
-0.0138685
