LECROYHDO9204-MSöv,30454,Waveform
Segments,1,SegmentSize,2002
Ampl
-0.00851334
-0.0124954
-0.015173
-0.0158595
-0.0153103
-0.014967
-0.0151043
-0.014967
-0.0141431
-0.0137998
-0.0144864
-0.0150357
-0.0135939
-0.0103671
-0.00755216
-0.00741484
-0.0103671
-0.0151043
-0.0188117
-0.0183311
-0.012564
-0.00439398
0.00068656
-0.000961184
-0.00803275
-0.0153789
-0.0181252
-0.0140745
-0.00549248
0.00288355
0.00590441
0.00212834
-0.00556113
-0.0124954
-0.0154476
-0.0140058
-0.0100238
-0.00562979
-0.00254027
-0.00157909
-0.00274624
-0.00638501
-0.0122894
-0.019567
-0.0256773
-0.0273937
-0.0228624
-0.0132506
-0.00350145
0.0010985
-0.00164774
-0.00865065
-0.0148983
-0.017164
-0.0156536
-0.012564
-0.00961184
-0.00741484
-0.00583576
-0.00446264
-0.00295221
-0.00151043
-0.000549248
-0.0010985
-0.00411936
-0.00947452
-0.0144864
-0.0162715
-0.0143491
-0.0117402
-0.0116029
-0.0137998
-0.0156536
-0.0155849
-0.0152416
-0.0175073
-0.0226565
-0.0273251
-0.0271878
-0.0212834
-0.01277
-0.00617904
-0.00370742
-0.00391339
-0.00466861
-0.00542382
-0.00672828
-0.00851334
-0.00995512
-0.0107103
-0.0113282
-0.0122894
-0.0135252
-0.0142804
-0.0136625
-0.0113282
-0.00803275
-0.00549248
-0.00494323
-0.00617904
-0.0074835
-0.00796409
-0.0081014
-0.00933721
-0.0127014
-0.0176446
-0.0229997
-0.0271191
-0.0286982
-0.0269818
-0.0223132
-0.0156536
-0.00837603
-0.00102984
0.00672828
0.0148983
0.0201162
0.0127014
-0.0232057
-0.1047
-0.24215
-0.42958
-0.640835
-0.836436
-0.980613
-1.05881
-1.08284
-1.08051
-1.07797
-1.08909
-1.11422
-1.14559
-1.17292
-1.18782
-1.18727
-1.1747
-1.15843
-1.14683
-1.14415
-1.14923
-1.15761
-1.16434
-1.16633
-1.16269
-1.1539
-1.14141
-1.12788
-1.11614
-1.10701
-1.09918
-1.08998
-1.07824
-1.0654
-1.05462
-1.04845
-1.04687
-1.04817
-1.05126
-1.056
-1.06231
-1.06863
-1.07378
-1.07879
-1.08641
-1.0976
-1.11044
-1.12129
-1.12754
-1.1287
-1.12644
-1.12349
-1.12225
-1.12342
-1.12616
-1.12884
-1.13015
-1.12946
-1.12692
-1.12335
-1.12074
-1.12053
-1.12253
-1.12479
-1.12513
-1.12259
-1.11772
-1.11175
-1.10639
-1.10275
-1.10124
-1.10152
-1.10261
-1.10351
-1.10399
-1.10454
-1.10529
-1.10543
-1.10474
-1.10406
-1.10447
-1.1057
-1.1066
-1.1066
-1.10625
-1.10557
-1.10454
-1.10351
-1.10413
-1.10818
-1.11635
-1.12699
-1.13742
-1.14477
-1.14752
-1.14539
-1.13873
-1.12713
-1.10948
-1.08531
-1.05552
-1.02181
-0.984801
-0.943196
-0.894931
-0.838976
-0.776774
-0.713473
-0.655184
-0.605408
-0.562567
-0.521099
-0.475923
-0.425736
-0.372115
-0.318152
-0.267209
-0.222857
-0.187911
-0.162509
-0.144452
-0.131202
-0.121384
-0.113626
-0.105936
-0.0966676
-0.0867125
-0.079023
-0.0753156
-0.0751096
-0.0762768
-0.0771007
-0.0762081
-0.0718828
-0.0630948
-0.0510114
-0.0394772
-0.0330922
-0.0342593
-0.0417428
-0.0513547
-0.0589068
-0.0619963
-0.0608978
-0.0567785
-0.0508741
-0.044901
-0.0407816
-0.0397518
-0.040713
-0.0412622
-0.0396145
-0.036319
-0.0337101
-0.0337101
-0.0360444
-0.0383787
-0.0378981
-0.0339847
-0.0282176
-0.0225192
-0.0174386
-0.012976
-0.0102297
-0.0114655
-0.0177819
-0.0263639
-0.031925
-0.0302773
-0.0219699
-0.0120835
-0.00645366
-0.00775812
-0.0143491
-0.0218326
-0.0268445
-0.0286295
-0.0287669
-0.0293848
-0.0310325
-0.032337
-0.0314444
-0.0284236
-0.0252654
-0.023755
-0.0230684
-0.0203222
-0.0142118
-0.00693425
-0.00308952
-0.00508054
-0.0113969
-0.0179879
-0.0219013
-0.0228624
-0.0225878
-0.0216953
-0.019155
-0.0139372
-0.00734619
-0.00308952
-0.00418801
-0.0102297
-0.0170267
-0.0201162
-0.0181252
-0.0138685
-0.0113969
-0.0123581
-0.0152416
-0.0175073
-0.0177819
-0.0160655
-0.0136625
-0.0114655
-0.00933721
-0.00672828
-0.0040507
-0.00350145
-0.00734619
-0.0154476
-0.0253341
-0.0335041
-0.0378294
-0.0374862
-0.0330235
-0.025952
-0.0184685
-0.0123581
-0.00837603
-0.00631635
-0.00562979
-0.00562979
-0.00645366
-0.00892528
-0.0138685
-0.0209401
-0.0273937
-0.029728
-0.0262952
-0.0183998
-0.0100924
-0.00590441
-0.00796409
-0.0151043
-0.0236177
-0.0300027
-0.0315817
-0.0280116
-0.0210087
-0.0142118
-0.010985
-0.0130446
-0.0192237
-0.02554
-0.0276684
-0.0234117
-0.0146237
-0.00631635
-0.00260893
-0.00398205
-0.00782678
-0.0110536
-0.0118088
-0.00926856
-0.00439398
0
0.000411936
-0.00459995
-0.0128387
-0.0200475
-0.0231371
-0.0216266
-0.0174386
-0.0133879
-0.0113969
-0.0117402
-0.0139372
-0.0167521
-0.0186058
-0.0177819
-0.0127014
-0.00384473
0.0057671
0.0115342
0.00988646
0.00116715
-0.010573
-0.019567
-0.0221072
-0.0181938
-0.0109163
-0.0040507
0.000480592
0.00212834
0.0010985
-0.00212834
-0.00679694
-0.0112596
-0.0140745
-0.0145551
-0.0131819
-0.010779
-0.00823872
-0.00631635
-0.00528651
-0.0051492
-0.00501189
-0.00384473
-0.0017164
0.000411936
0.00164774
0.00157909
0.000274624
-0.00185371
-0.0040507
-0.00535517
-0.00562979
-0.0057671
-0.0068656
-0.00851334
-0.00947452
-0.00906259
-0.00789544
-0.00707156
-0.00700291
-0.00727753
-0.00700291
-0.00624769
-0.00624769
-0.00899393
-0.0145551
-0.0208028
-0.0243729
-0.0232744
-0.0180565
-0.010779
-0.00329549
0.00315817
0.00720888
0.00762081
0.00425667
-0.00116715
-0.00569845
-0.00741484
-0.00665963
-0.00521785
-0.00418801
-0.00398205
-0.00453129
-0.00549248
-0.00645366
-0.00645366
-0.00528651
-0.00308952
-0.000617904
0.00130446
0.00199102
0.0010985
-0.00137312
-0.00487457
-0.0091999
-0.0138685
-0.0173013
-0.0170953
-0.0126327
-0.00611038
-0.00164774
-0.00178506
-0.00590441
-0.010779
-0.0122894
-0.00817006
0.00034328
0.00844468
0.0111909
0.00720888
-0.000274624
-0.00672828
-0.0100924
-0.010985
-0.0104357
-0.00865065
-0.00535517
-0.00137312
0.00144178
0.00164774
-0.000823872
-0.00480592
-0.00871931
-0.0115342
-0.0129073
-0.0133193
-0.0137998
-0.0148297
-0.0155849
-0.0141431
-0.00954318
-0.00336414
0.000823872
0.000617904
-0.00281489
-0.00590441
-0.00583576
-0.00212834
0.00315817
0.00727753
0.00844468
0.00638501
0.00205968
-0.00267758
-0.00556113
-0.00521785
-0.00247161
0.000205968
0.00116715
0.000823872
0.000755216
0.00178506
0.00329549
0.00466861
0.00556113
0.00549248
0.00398205
0.00102984
-0.00267758
-0.00693425
-0.0116029
-0.0164088
-0.0201162
-0.021146
-0.018949
-0.0143491
-0.00865065
-0.00315817
0.00130446
0.00425667
0.00556113
0.00508054
0.00281489
-0.000892528
-0.00494323
-0.00741484
-0.0068656
-0.0034328
0.000823872
0.00336414
0.00288355
0.00034328
-0.00212834
-0.00315817
-0.00336414
-0.00459995
-0.00727753
-0.00995512
-0.0107103
-0.00940587
-0.00775812
-0.00755216
-0.00817006
-0.00741484
-0.00432533
-0.00068656
0.00034328
-0.00219699
-0.00638501
-0.00974915
-0.010985
-0.00974915
-0.00665963
-0.00357011
-0.00267758
-0.00473726
-0.00775812
-0.00947452
-0.00968049
-0.00961184
-0.0102984
-0.0116715
-0.0134566
-0.0153103
-0.0172326
-0.0179879
-0.0160655
-0.0105044
-0.0023343
0.00549248
0.00968049
0.00885662
0.00439398
-0.000755216
-0.00384473
-0.00398205
-0.00274624
-0.00254027
-0.00473726
-0.0081014
-0.0100238
-0.00885662
-0.0051492
-0.000274624
0.00459995
0.0081014
0.00871931
0.00604173
0.000961184
-0.00487457
-0.00961184
-0.0120835
-0.0120148
-0.0102984
-0.00823872
-0.00617904
-0.00411936
-0.0023343
-0.0017164
-0.00281489
-0.00542382
-0.00871931
-0.0113969
-0.0123581
-0.0113282
-0.0091999
-0.0068656
-0.00549248
-0.00556113
-0.00734619
-0.00974915
-0.0113282
-0.0115342
-0.010779
-0.0102297
-0.0102984
-0.0104357
-0.0098178
-0.00817006
-0.00645366
-0.00562979
-0.00583576
-0.00617904
-0.00569845
-0.00459995
-0.00432533
-0.00645366
-0.010573
-0.0146237
-0.0163401
-0.014761
-0.010779
-0.00604173
-0.00130446
0.00350145
0.00844468
0.0120148
0.0120835
0.00727753
-0.00151043
-0.0113969
-0.0192237
-0.0228624
-0.0219013
-0.0174386
-0.0116029
-0.00665963
-0.00398205
-0.00370742
-0.00487457
-0.00617904
-0.00652232
-0.00542382
-0.00308952
-0.00034328
0.00144178
0.00130446
-0.000823872
-0.00322683
-0.00384473
-0.00185371
0.00137312
0.00363877
0.00377608
0.0010985
-0.00425667
-0.0116029
-0.0190177
-0.0238923
-0.0236863
-0.0177819
-0.0081014
0.000961184
0.00453129
0.000549248
-0.00851334
-0.0167521
-0.0186744
-0.012564
-0.00199102
0.00693425
0.00913124
0.0040507
-0.00494323
-0.01277
-0.0157222
-0.0135939
-0.00878796
-0.00466861
-0.00329549
-0.00466861
-0.00762081
-0.0112596
-0.0155849
-0.0206654
-0.0254714
-0.0280803
-0.0267072
-0.021352
-0.0134566
-0.00549248
0.000755216
0.00446264
0.00583576
0.00501189
0.00226565
-0.00130446
-0.00370742
-0.0040507
-0.00357011
-0.00425667
-0.00665963
-0.00878796
-0.008582
-0.00624769
-0.00466861
-0.00693425
-0.0137312
-0.0222445
-0.0278057
-0.0265012
-0.0177819
-0.00535517
0.00466861
0.00762081
0.00377608
-0.00212834
-0.00501189
-0.00329549
0.000480592
0.00219699
0.000137312
-0.00411936
-0.00720888
-0.00714022
-0.00439398
-0.00102984
0.00144178
0.00281489
0.00391339
0.00473726
0.00411936
0.00068656
-0.00501189
-0.010573
-0.0134566
-0.0130446
-0.0113282
-0.0109163
-0.0129073
-0.0155162
-0.0159282
-0.012564
-0.00714022
-0.00308952
-0.00295221
-0.00624769
-0.0106417
-0.0141431
-0.0162028
-0.0168894
-0.0161342
-0.0137998
-0.0100924
-0.00583576
-0.00219699
-0.00034328
-0.000892528
-0.00295221
-0.00466861
-0.00432533
-0.00212834
6.8656e-05
0.000205968
-0.00247161
-0.00741484
-0.0132506
-0.0184685
-0.021352
-0.0205281
-0.0157909
-0.00865065
-0.00116715
0.00425667
0.00611038
0.00418801
-0.00034328
-0.00583576
-0.0110536
-0.0157222
-0.0192923
-0.0206654
-0.0190864
-0.0156536
-0.0128387
-0.0118088
-0.0109163
-0.00823872
-0.00432533
-0.00240296
-0.00549248
-0.01277
-0.0196356
-0.0223132
-0.0203908
-0.0157222
-0.00968049
-0.0023343
0.00480592
0.00830737
0.00569845
-0.00137312
-0.00789544
-0.00961184
-0.00638501
-0.00151043
0.00164774
0.00151043
-0.00212834
-0.00899393
-0.0177132
-0.0249908
-0.0270505
-0.0227251
-0.0148297
-0.00830737
-0.00638501
-0.00817006
-0.0101611
-0.00974915
-0.0074835
-0.00521785
-0.00439398
-0.00542382
-0.00803275
-0.0115342
-0.0146237
-0.0162028
-0.0153789
-0.0122208
-0.00796409
-0.00432533
-0.00247161
-0.00157909
-6.8656e-05
0.00254027
0.00501189
0.00631635
0.00652232
0.00631635
0.00597307
0.00542382
0.00384473
0.00034328
-0.00535517
-0.0116029
-0.0148983
-0.0129073
-0.00672828
0.000205968
0.0040507
0.00322683
-0.00151043
-0.00762081
-0.0122208
-0.0134566
-0.010985
-0.00604173
-0.00123581
0.000205968
-0.00281489
-0.00823872
-0.0116715
-0.0103671
-0.0051492
0.000480592
0.00363877
0.00370742
0.00199102
-6.8656e-05
-0.00164774
-0.00267758
-0.00322683
-0.00329549
-0.00295221
-0.00185371
0.000411936
0.00322683
0.00480592
0.00398205
0.00157909
-0.000411936
-0.000961184
-0.000480592
0.00034328
0.0010985
0.00123581
-0.000205968
-0.00384473
-0.00871931
-0.0124954
-0.0134566
-0.0117402
-0.0081014
-0.0034328
0.000892528
0.00302086
0.00157909
-0.00295221
-0.00871931
-0.0131133
-0.0140058
-0.010573
-0.00473726
-0.00034328
-0.000549248
-0.00556113
-0.012976
-0.0198416
-0.0241669
-0.0251967
-0.0226565
-0.0166834
-0.00871931
-0.00178506
0.000823872
-0.00192237
-0.0081014
-0.0143491
-0.0188117
-0.0221759
-0.0253341
-0.0281489
-0.0289042
-0.0262266
-0.0199789
-0.0122894
-0.00659097
-0.00535517
-0.00803275
-0.0111909
-0.0113969
-0.00796409
-0.00315817
0.000137312
0.00034328
-0.00212834
-0.00549248
-0.00782678
-0.00865065
-0.00926856
-0.0113282
-0.0151043
-0.0183998
-0.0182625
-0.0137312
-0.00741484
-0.00398205
-0.00645366
-0.0130446
-0.0185371
-0.0186058
-0.0133879
-0.00672828
-0.00219699
-0.0010985
-0.0023343
-0.00384473
-0.00473726
-0.00583576
-0.0081014
-0.0111223
-0.0128387
-0.0114655
-0.00768947
-0.00487457
-0.00569845
-0.00974915
-0.0128387
-0.0109163
-0.00384473
0.00487457
0.0109163
0.0119461
0.00782678
-0.000480592
-0.0106417
-0.0192237
-0.0234803
-0.0229997
-0.019567
-0.0151043
-0.0101611
-0.00508054
-0.00137312
-0.000892528
-0.00418801
-0.0091999
-0.012564
-0.0121521
-0.00837603
-0.00398205
-0.00151043
-0.00192237
-0.00459995
-0.00803275
-0.0108476
-0.0120148
-0.0117402
-0.0113969
-0.0118775
-0.0124954
-0.0122208
-0.0113969
-0.0111909
-0.0113969
-0.0102984
-0.00720888
-0.00418801
-0.00487457
-0.0100238
-0.0164088
-0.019155
-0.0158595
-0.00885662
-0.00322683
-0.00212834
-0.00487457
-0.00796409
-0.0091999
-0.00913124
-0.0101611
-0.0135939
-0.0181938
-0.0214893
-0.0220386
-0.0203222
-0.0179192
-0.0159968
-0.0144864
-0.0130446
-0.0118088
-0.0112596
-0.010573
-0.00817006
-0.00384473
-0.000205968
-0.000205968
-0.00425667
-0.00995512
-0.0139372
-0.0144864
-0.0119461
-0.0081014
-0.00466861
-0.00247161
-0.00164774
-0.00219699
-0.00425667
-0.00789544
-0.01277
-0.0179192
-0.0214893
-0.0212147
-0.0167521
-0.0106417
-0.00672828
-0.00727753
-0.0111909
-0.014761
-0.0146237
-0.0100238
-0.00322683
0.00212834
0.00363877
0.00164774
-0.00157909
-0.00384473
-0.0040507
-0.00212834
0.0010985
0.00391339
0.0040507
0.000411936
-0.00611038
-0.0129073
-0.0170953
-0.0170267
-0.0134566
-0.00940587
-0.0081014
-0.0104357
-0.0142804
-0.0158595
-0.012564
-0.00556113
0.00116715
0.00363877
0.000961184
-0.00411936
-0.00817006
-0.0100238
-0.0109163
-0.01277
-0.0155849
-0.0177819
-0.0174386
-0.0144864
-0.0105044
-0.00741484
-0.00624769
-0.00672828
-0.0081014
-0.00961184
-0.0107103
-0.0108476
-0.00961184
-0.00741484
-0.0051492
-0.00418801
-0.0051492
-0.00762081
-0.00988646
-0.00995512
-0.00762081
-0.00487457
-0.00418801
-0.00645366
-0.0110536
-0.0173013
-0.0245102
-0.0311698
-0.0350145
-0.0337787
-0.0270505
-0.0166834
-0.00652232
-0.000274624
0.000617904
-0.00260893
-0.00700291
-0.0102984
-0.0116715
-0.0116715
-0.0115342
-0.0120148
-0.0132506
-0.0144178
-0.014761
-0.0143491
-0.0134566
-0.0120835
-0.0106417
-0.0103671
-0.012976
-0.0186058
-0.0247848
-0.0280803
-0.0260206
-0.019361
-0.0116715
-0.00672828
-0.00556113
-0.00645366
-0.00679694
-0.00487457
-0.00123581
0.0023343
0.00370742
0.00205968
-0.00157909
-0.00542382
-0.00823872
-0.0102984
-0.0123581
-0.0150357
-0.0181252
-0.0207341
-0.0218326
-0.0210774
-0.018949
-0.0159968
-0.0131133
-0.0106417
-0.008582
-0.0068656
-0.00611038
-0.00741484
-0.0112596
-0.0166147
-0.0216953
-0.0240982
-0.0222445
-0.0165461
-0.0100924
-0.00631635
-0.00638501
-0.008582
-0.0100238
-0.00865065
-0.00425667
0.00157909
0.0068656
0.00974915
0.00940587
0.00556113
-0.00157909
-0.0107103
-0.019567
-0.0251967
-0.02554
-0.021558
-0.0168894
-0.0148297
-0.0157222
-0.0166147
-0.0145551
-0.0091999
-0.00308952
0.000411936
-0.000549248
-0.00569845
-0.0129073
-0.0190864
-0.0216266
-0.0197729
-0.0157909
-0.0128387
-0.012976
-0.0155849
-0.0190177
-0.0219699
-0.0234803
-0.0227938
-0.0199102
-0.0161342
-0.0134566
-0.0124954
-0.0116029
-0.00892528
-0.00501189
-0.00226565
-0.00302086
-0.00659097
-0.0103671
-0.0116715
-0.0102297
-0.00789544
-0.0068656
-0.00714022
-0.00727753
-0.00693425
-0.00768947
-0.0113282
-0.0170953
-0.0223132
-0.0247161
-0.0238236
-0.0198416
-0.0131819
-0.00466861
0.00302086
0.00645366
0.00432533
-0.00116715
-0.00617904
-0.00789544
-0.00562979
-0.00102984
0.00240296
0.00130446
-0.00487457
-0.01277
-0.0174386
-0.0165461
-0.0114655
-0.00624769
-0.00350145
-0.00281489
-0.00205968
0.000205968
0.00295221
0.0040507
0.00219699
-0.00267758
-0.00899393
-0.0140745
-0.0150357
-0.0110536
-0.00439398
-6.8656e-05
-0.00212834
-0.0105044
-0.0203222
-0.0254027
-0.0228624
-0.0143491
-0.00418801
0.0034328
0.00562979
0.00144178
-0.00720888
-0.0159968
-0.0205281
-0.0199789
-0.0175073
-0.0170953
-0.019361
-0.021352
-0.0196356
-0.0140058
-0.0074835
-0.00363877
-0.00315817
-0.00391339
-0.00302086
0
0.00288355
0.00260893
-0.00178506
-0.008582
-0.0145551
-0.017164
-0.0155849
-0.010985
-0.00597307
-0.00315817
-0.0034328
-0.00542382
-0.00741484
-0.00851334
-0.00926856
-0.00961184
-0.00851334
-0.00439398
0.00219699
0.00844468
0.0114655
0.0108476
0.00913124
0.00851334
0.008582
0.00672828
0.000617904
-0.00926856
-0.019567
-0.025952
-0.0265012
-0.0229311
-0.0185371
-0.0148983
-0.0116029
-0.00823872
-0.00501189
-0.00260893
-0.00199102
-0.00411936
-0.00906259
-0.0150357
-0.0185371
-0.0174386
-0.012976
-0.00865065
-0.00714022
-0.0081014
-0.00913124
-0.00817006
-0.00569845
-0.00363877
-0.00384473
-0.00604173
-0.00823872
-0.00906259
-0.008582
-0.0081014
-0.00830737
-0.00865065
-0.00906259
-0.0101611
-0.0120835
-0.0137998
-0.0133879
-0.00995512
-0.00432533
0.000617904
0.00199102
-0.00151043
-0.00851334
-0.0163401
-0.0224505
-0.0248535
-0.0225878
-0.0166147
-0.0100238
-0.00617904
-0.00562979
-0.00652232
-0.00652232
-0.00528651
-0.00377608
-0.00288355
-0.00288355
-0.00425667
-0.00727753
-0.0113282
-0.0145551
-0.0157222
-0.0153789
-0.0150357
-0.0159968
-0.0183311
-0.0205968
-0.0212147
-0.018949
-0.0143491
-0.00933721
-0.00590441
-0.00494323
-0.00590441
-0.0074835
-0.00837603
-0.00837603
-0.0081014
-0.00789544
-0.00768947
-0.00755216
-0.0081014
-0.00988646
-0.0124954
-0.0146924
-0.0153789
-0.0140058
-0.0109163
-0.00775812
-0.00679694
-0.00988646
-0.0159968
-0.0212834
-0.021558
-0.0155849
-0.00624769
0.00185371
0.00556113
0.00459995
0.000549248
-0.00466861
-0.0091999
-0.0111909
-0.0102297
-0.00817006
-0.00775812
-0.00968049
-0.0120148
-0.0120148
-0.00906259
-0.00521785
-0.00315817
-0.00370742
-0.00528651
-0.00645366
-0.00741484
-0.0100924
-0.0153789
-0.0216266
-0.025746
-0.02554
-0.021146
-0.0146237
-0.00906259
-0.00727753
-0.0106417
-0.0177132
-0.0246475
-0.0278743
-0.0265699
-0.0223132
-0.017164
-0.0127014
-0.0104357
-0.0113969
-0.0150357
-0.0186744
-0.019155
-0.0153789
-0.008582
-0.00199102
0.000411936
-0.00357011
-0.0124954
-0.0216266
-0.0267072
-0.0262952
-0.0222445
-0.0173013
-0.0139372
-0.0131133
-0.0144178
-0.0162715
-0.0170953
-0.0162715
-0.0148297
-0.014761
-0.0167521
-0.018949
-0.0187431
-0.0153789
-0.0110536
-0.00823872
-0.00789544
-0.00906259
-0.0102984
-0.0104357
-0.00865065
-0.00494323
-0.000137312
0.00425667
0.00583576
0.00308952
-0.0034328
-0.010573
-0.014761
-0.014967
-0.01277
-0.0111223
-0.0111223
-0.0119461
-0.0119461
-0.0107103
-0.00933721
-0.00968049
-0.012564
-0.0166147
-0.0188804
-0.01737
-0.0130446
-0.00947452
-0.00961184
-0.0133879
-0.0170953
-0.0159968
-0.00823872
0.00315817
0.0119461
0.0131819
0.00665963
-0.00302086
-0.0101611
-0.0122208
-0.010573
-0.00871931
-0.00871931
-0.010573
-0.0131133
-0.015173
-0.0162028
-0.0157909
-0.0133193
-0.00885662
-0.00418801
-0.00192237
-0.00411936
-0.00968049
-0.0151043
-0.0170953
-0.0154476
-0.012976
-0.0124267
-0.0137998
-0.0151043
-0.0141431
-0.0105044
-0.00556113
-0.00151043
-0.000205968
-0.00247161
-0.00762081
-0.0136625
-0.0187431
-0.0216266
-0.0216266
-0.0190177
-0.0150357
-0.0113282
-0.00892528
-0.00768947
-0.00693425
-0.00583576
-0.00411936
-0.0017164
0.000617904
0.00137312
-0.000823872
-0.00624769
-0.0131819
-0.0190177
-0.0210087
-0.0182625
-0.0119461
-0.0051492
-0.00102984
-0.000961184
-0.00418801
-0.008582
-0.0117402
-0.0119461
-0.00947452
-0.00645366
-0.00562979
-0.00796409
-0.0119461
-0.0146924
-0.0139372
-0.00988646
-0.00487457
-0.00151043
-0.00068656
-0.0023343
-0.00659097
-0.0131133
-0.0200475
-0.0244415
-0.0238923
-0.018949
-0.0120835
-0.00590441
-0.00226565
-0.00157909
-0.00336414
-0.00631635
-0.00885662
-0.00995512
-0.00988646
-0.0103671
-0.0129073
-0.0174386
-0.0219699
-0.0241669
-0.0232057
-0.0197043
-0.0145551
-0.008582
-0.00267758
0.00192237
0.00398205
0.00274624
-0.00199102
-0.00871931
-0.0146924
-0.016958
-0.0150357
-0.0111223
-0.00817006
-0.00775812
-0.00995512
-0.0132506
-0.0146237
-0.0116029
-0.00418801
0.00459995
0.0109163
0.0127014
0.0101611
0.00521785
-0.000411936
-0.00590441
-0.0108476
-0.0138685
-0.0127014
-0.00645366
0.0023343
0.00926856
0.0117402
0.0103671
0.00817006
0.00762081
0.0091999
0.0110536
0.0104357
0.00521785
-0.00439398
-0.015173
-0.0225878
-0.0232057
-0.017164
-0.00844468
-0.00178506
0.000480592
-0.000617904
-0.00226565
-0.00288355
-0.00274624
-0.00288355
-0.00350145
-0.00302086
0.000480592
0.00672828
0.0124954
0.0133879
0.00762081
-0.00199102
-0.0102984
-0.0139372
-0.0133193
-0.010779
-0.00851334
-0.00789544
-0.00940587
-0.0120148
-0.0140745
-0.0136625
-0.0105044
-0.00597307
-0.00260893
-0.00295221
-0.00727753
-0.0127014
-0.0151043
-0.012564
-0.00720888
-0.00350145
-0.00487457
-0.0118088
-0.0214893
-0.0289042
-0.029728
-0.023343
-0.0129073
-0.00308952
0.00281489
0.00425667
0.00240296
-0.00116715
-0.00528651
-0.00913124
-0.0118088
-0.0133193
-0.0148983
-0.0182625
-0.0229311
-0.0260206
-0.0244415
-0.0181252
-0.00974915
-0.00260893
0.00130446
0.0017164
-0.00034328
-0.00322683
-0.00549248
-0.00638501
-0.00611038
-0.00556113
-0.00597307
-0.00762081
-0.00933721
-0.00961184
-0.0081014
-0.00638501
-0.00638501
-0.00768947
-0.00837603
-0.00672828
-0.00363877
-0.00151043
-0.00164774
-0.00315817
-0.00466861
-0.00528651
-0.0051492
-0.00432533
-0.00288355
-0.0010985
-0.000274624
-0.0017164
-0.00569845
-0.0105044
-0.0137998
-0.0144864
-0.012564
-0.00968049
-0.00775812
-0.00851334
-0.0116715
-0.015173
-0.0158595
-0.0126327
-0.0074835
-0.00473726
-0.00672828
-0.0119461
-0.0168207
-0.0186744
-0.01737
-0.0135939
-0.00755216
0.00034328
0.00762081
0.0108476
0.00837603
0.00267758
-0.00199102
-0.00363877
-0.00384473
-0.00549248
-0.00878796
-0.010985
-0.00995512
-0.00645366
-0.00398205
-0.00473726
-0.00775812
-0.00961184
-0.00837603
-0.00473726
-0.0010985
0.000480592
-0.000823872
-0.00521785
-0.0118775
-0.0186058
-0.0228624
-0.023343
-0.0212147
-0.0181938
-0.0152416
-0.0124267
-0.0104357
-0.0105044
-0.01277
-0.0155849
-0.0162028
-0.0139372
-0.0100238
-0.00693425
-0.00590441
-0.00693425
-0.00940587
-0.0130446
-0.0177132
-0.0219013
-0.023549
-0.0214893
-0.0167521
-0.0116715
-0.00878796
-0.00961184
-0.0143491
-0.0217639
-0.0289042
-0.0324056
-0.0300027
-0.0217639
-0.0108476
-0.00254027
-0.000961184
-0.00672828
-0.0166147
-0.0256087
-0.0300713
-0.0282176
-0.0212834
-0.012976
-0.00775812
-0.00803275
-0.0124954
-0.016958
-0.0175759
-0.0131133
-0.00590441
6.8656e-05
0.0017164
-0.00102984
-0.00583576
-0.0106417
-0.0150357
-0.0196356
-0.023549
-0.0247161
-0.021558
-0.0146924
-0.00755216
-0.00398205
-0.0057671
-0.0110536
-0.0157222
-0.016958
-0.0146924
-0.0109163
-0.0074835
-0.00583576
-0.00597307
-0.00714022
-0.00817006
-0.00906259
-0.0111223
-0.015173
-0.019567
-0.0210087
-0.0170267
-0.00899393
-0.0010985
0.00254027
0.00137312
-0.00219699
-0.0051492
-0.0068656
-0.00803275
-0.00892528
-0.00878796
-0.00665963
-0.00329549
-0.000137312
0.00157909
0.00274624
0.00528651
0.00974915
0.0137312
0.0135252
0.00768947
-0.00116715
-0.00851334
-0.0113282
-0.00961184
-0.00556113
-0.00281489
-0.00398205
-0.00871931
-0.0137312
-0.0155162
-0.0142118
-0.0132506
-0.0152416
-0.0197043
-0.0234117
-0.0236863
-0.0194296
-0.0111909
-0.00068656
0.00878796
0.0132506
0.0101611
-0.000137312
-0.0140058
-0.0254714
-0.0293848
-0.0245788
-0.0144178
-0.00418801
0.00192237
0.00247161
-0.00130446
-0.00727753
-0.0136625
-0.0199789
-0.02554
-0.0284236
-0.0268445
-0.021146
-0.0144178
-0.00988646
-0.00885662
-0.0102297
-0.0124954
-0.014761
-0.0164774
-0.0167521
