LECROYHDO9204-MSöv,30454,Waveform
Segments,1,SegmentSize,2002
Ampl
-0.0116029
-0.008582
-0.00631635
-0.00480592
-0.00411936
-0.00446264
-0.00542382
-0.00556113
-0.00425667
-0.00219699
-0.00068656
-0.000823872
-0.00322683
-0.0074835
-0.0120835
-0.0150357
-0.0148983
-0.0122894
-0.00947452
-0.00837603
-0.00926856
-0.0106417
-0.0112596
-0.0110536
-0.0108476
-0.0111223
-0.0116029
-0.0118088
-0.0119461
-0.0124267
-0.01277
-0.0122894
-0.010779
-0.00871931
-0.00624769
-0.00363877
-0.00130446
0.00068656
0.00302086
0.00597307
0.00775812
0.00542382
-0.00212834
-0.0121521
-0.0204595
-0.0242356
-0.0236177
-0.0212834
-0.0203908
-0.0214893
-0.0220386
-0.018949
-0.0123581
-0.00528651
-0.000961184
-0.00034328
-0.0023343
-0.00480592
-0.00611038
-0.00583576
-0.00439398
-0.00240296
-0.00034328
0.00123581
0.0017164
0.000823872
-0.00102984
-0.00322683
-0.00562979
-0.008582
-0.0122894
-0.0166834
-0.0210087
-0.0240296
-0.0239609
-0.0198416
-0.0124954
-0.00535517
-0.00212834
-0.00411936
-0.00940587
-0.0145551
-0.0175759
-0.0190177
-0.0203222
-0.0222445
-0.0238236
-0.0238236
-0.0221072
-0.019567
-0.0170267
-0.0148297
-0.0131819
-0.0128387
-0.0146237
-0.0183998
-0.0225878
-0.0247848
-0.0227251
-0.0164088
-0.00871931
-0.00439398
-0.00631635
-0.0133879
-0.0216953
-0.0269818
-0.0273937
-0.0238923
-0.0198416
-0.0181938
-0.019567
-0.0218326
-0.0223818
-0.0190864
-0.0116715
-0.00219699
0.00308952
-0.00672828
-0.0472353
-0.134703
-0.277919
-0.468371
-0.676742
-0.862319
-0.992628
-1.05984
-1.08106
-1.08373
-1.08943
-1.10618
-1.13159
-1.15871
-1.17999
-1.18898
-1.18342
-1.16763
-1.15198
-1.14628
-1.1528
-1.16544
-1.17457
-1.17457
-1.16564
-1.15225
-1.13914
-1.1298
-1.12568
-1.1252
-1.12376
-1.11628
-1.10104
-1.0814
-1.06417
-1.05462
-1.05373
-1.05785
-1.06238
-1.0643
-1.06424
-1.06451
-1.06726
-1.07302
-1.08051
-1.08765
-1.09328
-1.09767
-1.10289
-1.11003
-1.11834
-1.12596
-1.13214
-1.13763
-1.14278
-1.1458
-1.14477
-1.1399
-1.13358
-1.12836
-1.1252
-1.1241
-1.1252
-1.12788
-1.1296
-1.12678
-1.11882
-1.10886
-1.10159
-1.09946
-1.10159
-1.1057
-1.10989
-1.11257
-1.11271
-1.11058
-1.10749
-1.10522
-1.10543
-1.10852
-1.1136
-1.11875
-1.12191
-1.12163
-1.11744
-1.11065
-1.10413
-1.10104
-1.1031
-1.109
-1.11538
-1.11957
-1.12163
-1.12376
-1.12802
-1.13475
-1.14182
-1.14504
-1.13955
-1.12266
-1.09506
-1.05909
-1.01748
-0.972924
-0.927817
-0.882435
-0.833895
-0.778421
-0.716082
-0.652163
-0.593256
-0.543
-0.499678
-0.458347
-0.413584
-0.362641
-0.306755
-0.251487
-0.20384
-0.168276
-0.144795
-0.129897
-0.119599
-0.111085
-0.102366
-0.0925482
-0.0824558
-0.074629
-0.0710589
-0.0713336
-0.0729813
-0.0729126
-0.0698918
-0.0647426
-0.0602799
-0.0584949
-0.0584949
-0.0576024
-0.0539636
-0.0479905
-0.0412622
-0.0350145
-0.0305519
-0.0296594
-0.0332295
-0.0400264
-0.0470293
-0.051286
-0.0515606
-0.0486084
-0.0443518
-0.040507
-0.0377608
-0.036113
-0.0354951
-0.0363877
-0.0390652
-0.0418801
-0.0416055
-0.0365936
-0.0289042
-0.0230684
-0.0222445
-0.0251281
-0.0278057
-0.0282176
-0.0274624
-0.0276684
-0.0292474
-0.0311012
-0.0315817
-0.0300027
-0.0266385
-0.0224505
-0.0187431
-0.0163401
-0.0156536
-0.01737
-0.0219013
-0.027737
-0.0320623
-0.0325429
-0.029728
-0.0254027
-0.0208714
-0.0166147
-0.0136625
-0.0138685
-0.0183998
-0.02554
-0.0313758
-0.0319937
-0.0262266
-0.0168894
-0.00892528
-0.0057671
-0.0068656
-0.00885662
-0.00940587
-0.00892528
-0.00947452
-0.0116715
-0.0140058
-0.014967
-0.0144864
-0.0138685
-0.0142804
-0.0164088
-0.0197729
-0.0229997
-0.0245102
-0.0238923
-0.0212834
-0.0172326
-0.0122894
-0.00720888
-0.00267758
-6.8656e-05
-0.00116715
-0.00700291
-0.0164088
-0.0263639
-0.0337787
-0.0363877
-0.0337101
-0.0268445
-0.019155
-0.0145551
-0.014967
-0.0185371
-0.021558
-0.0203908
-0.0138685
-0.00391339
0.00508054
0.00913124
0.0081014
0.00466861
0.00164774
-0.000823872
-0.00384473
-0.00741484
-0.0098178
-0.0100924
-0.00899393
-0.008582
-0.00968049
-0.0116715
-0.0133193
-0.0140745
-0.0140058
-0.0135252
-0.0129073
-0.01277
-0.0132506
-0.0135939
-0.0127014
-0.0100924
-0.00590441
-0.00157909
0.00144178
0.00199102
-0.000205968
-0.00411936
-0.00796409
-0.00968049
-0.00823872
-0.00370742
0.00192237
0.00583576
0.00556113
0.000961184
-0.00549248
-0.0104357
-0.0115342
-0.00885662
-0.00466861
-0.00205968
-0.00288355
-0.00659097
-0.0106417
-0.01277
-0.01277
-0.0120148
-0.0111223
-0.00947452
-0.00645366
-0.00315817
-0.00178506
-0.00281489
-0.00487457
-0.00604173
-0.00590441
-0.00569845
-0.00617904
-0.00659097
-0.00535517
-0.00192237
0.00192237
0.00308952
0.000274624
-0.00432533
-0.00734619
-0.00693425
-0.00411936
-0.00144178
-0.000961184
-0.00336414
-0.00755216
-0.0117402
-0.0142118
-0.0138685
-0.010985
-0.00665963
-0.00315817
-0.00260893
-0.00569845
-0.0108476
-0.0151043
-0.0158595
-0.01277
-0.00768947
-0.00315817
-0.0010985
-0.00130446
-0.00192237
-0.00164774
-0.000549248
0.000274624
0
-0.00185371
-0.00562979
-0.010985
-0.0168894
-0.0210774
-0.0212834
-0.0167521
-0.00885662
-0.000411936
0.0057671
0.00830737
0.00817006
0.00672828
0.00453129
0.00151043
-0.00205968
-0.00466861
-0.00494323
-0.00308952
-0.00102984
-0.000892528
-0.00281489
-0.00583576
-0.008582
-0.0105044
-0.010985
-0.00926856
-0.00521785
-0.000549248
0.00308952
0.00590441
0.00954318
0.0144178
0.0177819
0.0153789
0.00542382
-0.0091999
-0.0225878
-0.0296594
-0.0284922
-0.021558
-0.0133193
-0.00707156
-0.00260893
0.00157909
0.00556113
0.00679694
0.00295221
-0.00535517
-0.0137312
-0.0170953
-0.0137998
-0.00741484
-0.00322683
-0.00336414
-0.00528651
-0.00562979
-0.00329549
0.000617904
0.00446264
0.00782678
0.0108476
0.0130446
0.0132506
0.00968049
0.0023343
-0.00659097
-0.0132506
-0.0143491
-0.00995512
-0.00308952
0.0023343
0.0040507
0.00199102
-0.00267758
-0.00851334
-0.0136625
-0.0162715
-0.0158595
-0.0133193
-0.0100238
-0.00734619
-0.00652232
-0.00837603
-0.0129073
-0.0181252
-0.0209401
-0.018949
-0.0130446
-0.00631635
-0.00212834
-0.00192237
-0.00459995
-0.00755216
-0.00844468
-0.00631635
-0.00260893
0.000205968
0.000755216
0
6.8656e-05
0.00308952
0.00892528
0.0144864
0.0155162
0.0102984
0.00116715
-0.00741484
-0.012564
-0.0151043
-0.0175073
-0.0206654
-0.0229311
-0.0221759
-0.0183998
-0.0134566
-0.00871931
-0.00370742
0.00219699
0.00830737
0.0121521
0.0113969
0.00590441
-0.00199102
-0.00926856
-0.0138685
-0.0155162
-0.0151043
-0.0144864
-0.0155162
-0.0186744
-0.0225192
-0.0246475
-0.0229311
-0.017164
-0.00968049
-0.00398205
-0.00178506
-0.00144178
0
0.0034328
0.00700291
0.00844468
0.00782678
0.00720888
0.008582
0.0117402
0.0140745
0.0122894
0.00535517
-0.00418801
-0.0122894
-0.0160655
-0.014761
-0.0091999
-0.00137312
0.00535517
0.00837603
0.00755216
0.00487457
0.00212834
-6.8656e-05
-0.00185371
-0.00336414
-0.00473726
-0.00597307
-0.00700291
-0.00775812
-0.00871931
-0.0104357
-0.012564
-0.0135939
-0.0116029
-0.00665963
-0.000549248
0.00411936
0.0057671
0.00466861
0.00295221
0.0023343
0.00308952
0.00418801
0.0040507
0.00178506
-0.00254027
-0.00720888
-0.00968049
-0.008582
-0.00453129
-6.8656e-05
0.00254027
0.00219699
-0.00068656
-0.00480592
-0.00906259
-0.012564
-0.0151043
-0.0162028
-0.0158595
-0.0153789
-0.0168207
-0.0208714
-0.0251967
-0.0258833
-0.0210087
-0.0124267
-0.00411936
0.000411936
0.000205968
-0.00260893
-0.00425667
-0.0023343
0.00144178
0.00281489
-0.00178506
-0.0116029
-0.0216266
-0.0261579
-0.0225192
-0.0131133
-0.00363877
0.0010985
0.000411936
-0.00260893
-0.00398205
-0.00212834
0.00192237
0.00466861
0.00329549
-0.00247161
-0.00954318
-0.0141431
-0.0144178
-0.0116029
-0.00844468
-0.00714022
-0.00878796
-0.0124954
-0.0160655
-0.0168207
-0.0140058
-0.00865065
-0.00274624
0.00199102
0.00439398
0.00418801
0.00240296
0.00034328
-0.00164774
-0.00425667
-0.00762081
-0.0109163
-0.0133193
-0.0144178
-0.0140058
-0.0113282
-0.00624769
-0.000617904
0.00295221
0.00295221
0.000205968
-0.00274624
-0.00398205
-0.00302086
-0.000205968
0.0034328
0.00617904
0.00583576
0.00137312
-0.00562979
-0.0118088
-0.014761
-0.014967
-0.0144864
-0.0146237
-0.0151043
-0.0153103
-0.0156536
-0.0161342
-0.0159282
-0.0136625
-0.00933721
-0.00494323
-0.00288355
-0.00439398
-0.00871931
-0.0140058
-0.0181252
-0.0192923
-0.0168894
-0.0115342
-0.0051492
-0.000205968
0.00240296
0.00288355
0.00199102
-0.000205968
-0.00363877
-0.00700291
-0.00830737
-0.00617904
-0.0017164
0.00178506
0.00192237
-0.000823872
-0.00425667
-0.00638501
-0.00652232
-0.00466861
-0.000961184
0.00329549
0.00611038
0.00569845
0.00247161
-0.00178506
-0.00569845
-0.00974915
-0.0143491
-0.0181938
-0.0179879
-0.0121521
-0.00308952
0.00446264
0.00700291
0.00439398
-0.00068656
-0.00501189
-0.00672828
-0.00611038
-0.00549248
-0.00700291
-0.010985
-0.0153789
-0.0175073
-0.0164088
-0.0131133
-0.00968049
-0.00679694
-0.00322683
0.00274624
0.0102984
0.0163401
0.0175073
0.0124954
0.00302086
-0.00707156
-0.0135252
-0.0142804
-0.0102984
-0.00473726
-0.000480592
0.0010985
6.8656e-05
-0.00281489
-0.00631635
-0.00892528
-0.00974915
-0.00871931
-0.00707156
-0.00707156
-0.0102297
-0.015173
-0.0183311
-0.0173013
-0.0130446
-0.00954318
-0.00974915
-0.0133879
-0.0168894
-0.0162028
-0.0102984
-0.00192237
0.00418801
0.00501189
0.00151043
-0.00329549
-0.00707156
-0.00913124
-0.0098178
-0.00940587
-0.00871931
-0.0091999
-0.0119461
-0.0161342
-0.0197729
-0.0204595
-0.0173013
-0.0113969
-0.00535517
-0.00192237
-0.00254027
-0.00714022
-0.0138685
-0.0192237
-0.0200475
-0.0155162
-0.008582
-0.00350145
-0.00336414
-0.00796409
-0.0143491
-0.019155
-0.0201162
-0.0167521
-0.010573
-0.00439398
-0.00157909
-0.00370742
-0.00885662
-0.012564
-0.0110536
-0.00535517
0
0.00144178
-0.000961184
-0.00549248
-0.0114655
-0.0187431
-0.0250594
-0.0269818
-0.0225192
-0.0140745
-0.00631635
-0.00288355
-0.00453129
-0.0091999
-0.0137998
-0.0158595
-0.014761
-0.0113282
-0.00693425
-0.00254027
0.00130446
0.00377608
0.00425667
0.00219699
-0.00157909
-0.00508054
-0.0057671
-0.0023343
0.00363877
0.00878796
0.0100238
0.00700291
0.00164774
-0.0034328
-0.00617904
-0.00652232
-0.00617904
-0.00672828
-0.00844468
-0.0103671
-0.0117402
-0.012564
-0.0127014
-0.0113969
-0.00830737
-0.00391339
6.8656e-05
0.00199102
0.00137312
-6.8656e-05
-0.000480592
0.000617904
0.00226565
0.00315817
0.00302086
0.00192237
-0.000411936
-0.00425667
-0.00871931
-0.0120835
-0.0127014
-0.0105044
-0.00679694
-0.00357011
-0.00219699
-0.00274624
-0.00377608
-0.00384473
-0.00281489
-0.00130446
-0.000411936
-0.000823872
-0.00315817
-0.00720888
-0.0111909
-0.012564
-0.0103671
-0.00597307
-0.00254027
-0.00267758
-0.00693425
-0.0130446
-0.0173013
-0.0161342
-0.00933721
0.000274624
0.00865065
0.0131133
0.0124267
0.00714022
-0.00157909
-0.0117402
-0.0207341
-0.0254027
-0.0242356
-0.0185371
-0.0123581
-0.0100238
-0.0124954
-0.0164774
-0.0172326
-0.0126327
-0.00446264
0.00357011
0.0081014
0.00755216
0.00267758
-0.00391339
-0.00913124
-0.0107103
-0.008582
-0.00508054
-0.00329549
-0.00466861
-0.00796409
-0.0106417
-0.0114655
-0.010779
-0.00906259
-0.00624769
-0.00288355
0
0.00178506
0.00302086
0.00446264
0.00583576
0.00638501
0.00521785
0.00144178
-0.00473726
-0.0112596
-0.014761
-0.0130446
-0.00720888
-0.000823872
0.00295221
0.00329549
0.00178506
0.000823872
0.0017164
0.00315817
0.00281489
-0.000961184
-0.00700291
-0.0124267
-0.015173
-0.0151043
-0.0136625
-0.0121521
-0.0106417
-0.00892528
-0.00700291
-0.00562979
-0.00528651
-0.00604173
-0.00720888
-0.0074835
-0.00521785
0.000274624
0.00796409
0.0144864
0.0159282
0.0105044
0.000274624
-0.0105044
-0.0176446
-0.0192923
-0.0168894
-0.0133879
-0.0111909
-0.0108476
-0.0118775
-0.0140058
-0.0173013
-0.0210087
-0.0227251
-0.0205968
-0.0145551
-0.00679694
-0.00034328
0.00315817
0.00377608
0.00336414
0.00315817
0.00315817
0.00226565
-0.000411936
-0.00480592
-0.0100924
-0.0143491
-0.0154476
-0.012564
-0.00755216
-0.00302086
-0.00034328
0.000823872
0.000823872
-0.000411936
-0.00274624
-0.00556113
-0.00789544
-0.00871931
-0.00796409
-0.00549248
-0.000961184
0.00535517
0.0117402
0.0144178
0.010573
0.00144178
-0.00782678
-0.0118088
-0.00913124
-0.00336414
0.00102984
0.00144178
-0.00192237
-0.00700291
-0.0118088
-0.0146237
-0.0148297
-0.01277
-0.00954318
-0.00604173
-0.00247161
0.00116715
0.00322683
0.0010985
-0.00604173
-0.0158595
-0.0232057
-0.0243042
-0.0196356
-0.0129073
-0.00775812
-0.00556113
-0.00617904
-0.008582
-0.0116029
-0.0135252
-0.0131819
-0.010573
-0.00727753
-0.00549248
-0.00597307
-0.00707156
-0.00611038
-0.00247161
0.00151043
0.00199102
-0.00199102
-0.00796409
-0.0120835
-0.0122894
-0.00926856
-0.00508054
-0.00144178
0.0010985
0.00192237
0.000205968
-0.00501189
-0.012976
-0.0206654
-0.0249908
-0.0251967
-0.0230684
-0.0210087
-0.0197043
-0.018949
-0.0181252
-0.0168207
-0.0148983
-0.0127014
-0.0105044
-0.008582
-0.00679694
-0.0051492
-0.00398205
-0.00391339
-0.00597307
-0.0100238
-0.0140058
-0.0150357
-0.0120148
-0.0068656
-0.00267758
-0.00123581
-0.00267758
-0.00638501
-0.0111223
-0.0146924
-0.0153789
-0.0133879
-0.0109163
-0.00926856
-0.00755216
-0.00425667
0.000205968
0.00308952
0.00151043
-0.00446264
-0.0116715
-0.0158595
-0.0148983
-0.0102984
-0.00535517
-0.00288355
-0.00363877
-0.00665963
-0.00968049
-0.010985
-0.0106417
-0.00988646
-0.00926856
-0.00803275
-0.00542382
-0.00151043
0.00240296
0.00508054
0.00556113
0.00357011
-0.000480592
-0.00459995
-0.00624769
-0.00439398
-0.000892528
0.00116715
-0.000274624
-0.00425667
-0.0081014
-0.0100238
-0.0107103
-0.0116715
-0.0126327
-0.0112596
-0.00679694
-0.00137312
0.00151043
0.000961184
-0.00151043
-0.00377608
-0.0051492
-0.00597307
-0.00583576
-0.00459995
-0.00363877
-0.00501189
-0.00947452
-0.014761
-0.0170267
-0.0140058
-0.00727753
-0.000892528
0.0023343
0.00308952
0.00350145
0.00350145
0.000411936
-0.0074835
-0.0178506
-0.0256087
-0.0273251
-0.023343
-0.0173013
-0.0127014
-0.010779
-0.0104357
-0.00961184
-0.00700291
-0.00226565
0.00363877
0.00837603
0.00933721
0.00542382
-0.00164774
-0.00796409
-0.00954318
-0.00508054
0.00357011
0.0123581
0.0168894
0.0145551
0.00590441
-0.00542382
-0.0144864
-0.0176446
-0.0145551
-0.00837603
-0.00336414
-0.00164774
-0.00274624
-0.00556113
-0.00933721
-0.0135252
-0.0157909
-0.0135939
-0.00645366
0.00199102
0.00693425
0.00611038
0.00116715
-0.00453129
-0.00851334
-0.00995512
-0.0091999
-0.00638501
-0.00240296
0.00068656
0.000892528
-0.00219699
-0.00624769
-0.008582
-0.00878796
-0.00844468
-0.00906259
-0.0103671
-0.0110536
-0.0101611
-0.00762081
-0.00432533
-0.0023343
-0.00315817
-0.00672828
-0.0111909
-0.0141431
-0.0140058
-0.0111223
-0.00727753
-0.00418801
-0.00281489
-0.00329549
-0.00597307
-0.0103671
-0.0148983
-0.0173013
-0.0164774
-0.0128387
-0.00803275
-0.00370742
-0.00164774
-0.00308952
-0.00796409
-0.0142118
-0.0187431
-0.019361
-0.0162715
-0.0117402
-0.00803275
-0.00611038
-0.00569845
-0.0057671
-0.00604173
-0.00665963
-0.00775812
-0.008582
-0.00851334
-0.0074835
-0.00583576
-0.00329549
0.000274624
0.0040507
0.00597307
0.00432533
-0.00116715
-0.00844468
-0.014761
-0.0177819
-0.0168894
-0.0133879
-0.00926856
-0.00562979
-0.00267758
-0.00116715
-0.00192237
-0.0051492
-0.00988646
-0.014761
-0.0190177
-0.0221072
-0.0236863
-0.0238236
-0.0230684
-0.021558
-0.0185371
-0.0135939
-0.00768947
-0.00336414
-0.00240296
-0.00494323
-0.00968049
-0.0146237
-0.0182625
-0.0199102
-0.0194983
-0.0174386
-0.0140745
-0.0105044
-0.00871931
-0.0104357
-0.0146924
-0.0179192
-0.0167521
-0.0116029
-0.00604173
-0.00391339
-0.00659097
-0.0122208
-0.0175073
-0.0196356
-0.0177819
-0.0133193
-0.00885662
-0.00693425
-0.00851334
-0.0127014
-0.0170267
-0.018949
-0.0170267
-0.0116715
-0.0051492
-0.00034328
0.00123581
0.000755216
0.000823872
0.00295221
0.00617904
0.00789544
0.00604173
6.8656e-05
-0.00837603
-0.0166834
-0.0216266
-0.0216953
-0.0181252
-0.0144864
-0.0137312
-0.0160655
-0.0187431
-0.0187431
-0.0155849
-0.0110536
-0.00782678
-0.00720888
-0.00851334
-0.010573
-0.012976
-0.0159282
-0.0190177
-0.0212834
-0.0219699
-0.0205968
-0.0174386
-0.0131819
-0.00926856
-0.00693425
-0.00645366
-0.00693425
-0.00700291
-0.00583576
-0.00391339
-0.00267758
-0.0034328
-0.00631635
-0.00995512
-0.0122894
-0.0122208
-0.0102984
-0.00851334
-0.00762081
-0.00707156
-0.00638501
-0.00672828
-0.00906259
-0.0124267
-0.0136625
-0.0108476
-0.00542382
-0.00123581
-0.00130446
-0.00549248
-0.0111909
-0.0148983
-0.0145551
-0.0106417
-0.00556113
-0.00212834
-0.0017164
-0.00370742
-0.00645366
-0.008582
-0.0100238
-0.0118775
-0.0152416
-0.0196356
-0.0230684
-0.0229311
-0.0186058
-0.0115342
-0.00459995
-0.000411936
-0.00034328
-0.00363877
-0.00782678
-0.0104357
-0.0108476
-0.0101611
-0.0091999
-0.00762081
-0.00480592
-0.0010985
0.00240296
0.00439398
0.0034328
-0.00102984
-0.00755216
-0.0132506
-0.0155849
-0.0137998
-0.00947452
-0.00521785
-0.00295221
-0.0034328
-0.0057671
-0.00789544
-0.00789544
-0.00521785
-0.000892528
0.00295221
0.00487457
0.00494323
0.00446264
0.00384473
0.00254027
-0.000755216
-0.00597307
-0.0119461
-0.016958
-0.0197043
-0.0197043
-0.01737
-0.0141431
-0.0118775
-0.0114655
-0.0122894
-0.0131133
-0.0133879
-0.012976
-0.0117402
-0.00968049
-0.00775812
-0.0074835
-0.00933721
-0.0121521
-0.0137998
-0.0122894
-0.00768947
-0.00226565
0.000961184
-6.8656e-05
-0.00446264
-0.00906259
-0.0104357
-0.00782678
-0.00370742
-0.00199102
-0.00480592
-0.0102984
-0.0143491
-0.0135252
-0.00803275
-0.00116715
0.00281489
0.00151043
-0.00446264
-0.0118775
-0.016958
-0.0177819
-0.0148983
-0.00988646
-0.00439398
-0.000274624
0.000274624
-0.00350145
-0.0098178
-0.0146237
-0.0146924
-0.00940587
-0.00178506
0.00391339
0.00453129
0.000480592
-0.00487457
-0.00775812
-0.00665963
-0.00308952
-0.00034328
-0.000961184
-0.00480592
-0.00865065
-0.00871931
-0.00418801
0.00212834
0.00665963
0.0081014
0.00727753
0.00569845
0.00446264
0.0040507
0.00418801
0.00377608
0.00164774
-0.00185371
-0.00494323
-0.00597307
-0.0051492
-0.0040507
-0.0040507
-0.00459995
-0.00446264
-0.00350145
-0.00274624
-0.00288355
-0.00370742
-0.00439398
-0.00521785
-0.00665963
-0.00851334
-0.00974915
-0.0100238
-0.00974915
-0.00926856
-0.00837603
-0.00700291
-0.00542382
-0.00453129
-0.00556113
-0.008582
-0.0122894
-0.0142118
-0.012976
-0.00926856
-0.00521785
-0.00302086
-0.00370742
-0.00665963
-0.0098178
-0.0113282
-0.0110536
-0.00974915
-0.00775812
-0.00453129
-0.000274624
0.00288355
0.00212834
-0.00267758
-0.00892528
-0.01277
-0.0126327
-0.0101611
-0.00865065
-0.0109163
-0.0168894
-0.023343
-0.025746
-0.0218326
-0.0133879
-0.00453129
0.000755216
0.000755216
-0.00322683
-0.00789544
-0.0102984
-0.00961184
-0.00775812
-0.00700291
-0.00817006
-0.0100238
-0.010573
-0.00878796
-0.00542382
-0.00205968
-0.000274624
-6.8656e-05
-0.000892528
-0.00205968
-0.00363877
-0.00521785
-0.00542382
-0.00322683
0.00116715
0.00590441
0.00940587
0.0112596
0.0113969
0.00947452
0.00528651
-0.000480592
-0.00638501
-0.0111223
-0.0141431
-0.0150357
-0.0133879
-0.00974915
-0.00583576
-0.00350145
-0.00322683
-0.00377608
-0.00432533
-0.00569845
-0.00961184
-0.0159282
-0.0220386
-0.0249221
-0.0234117
-0.018949
-0.0134566
-0.00871931
-0.00556113
-0.00453129
-0.00528651
-0.00693425
-0.00844468
-0.00954318
-0.0111909
-0.0144178
-0.0188117
-0.0217639
-0.0204595
-0.0141431
-0.00562979
0.000755216
0.00164774
-0.00281489
-0.0091999
-0.0133193
-0.0129073
-0.008582
-0.00322683
-0.000137312
-0.0010985
-0.00617904
-0.0137998
-0.0212147
-0.02554
-0.0247848
-0.018949
-0.0104357
-0.00254027
0.00164774
0.00130446
-0.00185371
-0.00473726
-0.00480592
-0.00212834
0.000892528
0.00137312
-0.00219699
-0.00844468
-0.0140058
-0.0158595
-0.0129073
-0.00604173
0.00192237
0.00762081
0.00823872
0.00411936
-0.00116715
-0.00357011
-0.00178506
0.0023343
0.00549248
0.00542382
0.00199102
-0.00308952
-0.00714022
-0.00837603
-0.00755216
-0.00727753
-0.00961184
-0.0142118
-0.0180565
-0.0177819
-0.0122208
-0.00370742
0.00350145
0.00549248
0.00123581
-0.00693425
-0.0151043
-0.0201849
-0.0208714
-0.0181252
-0.0140058
-0.0106417
-0.00913124
-0.00885662
-0.00837603
-0.00679694
-0.00487457
-0.00459995
-0.00741484
-0.0115342
-0.0137998
-0.0120835
-0.00775812
-0.00357011
-0.00151043
-0.00164774
-0.00295221
-0.00432533
-0.00494323
-0.00473726
-0.00432533
-0.0040507
-0.00398205
-0.00384473
-0.00384473
-0.00411936
-0.00439398
-0.00453129
-0.00446264
-0.00446264
-0.00418801
-0.00315817
-0.00164774
-0.000480592
-0.000892528
-0.00308952
-0.00624769
-0.00913124
-0.0112596
-0.0129073
-0.0140745
-0.0135939
-0.0107103
-0.00583576
-0.0010985
0.00102984
-0.000137312
-0.00288355
-0.00418801
-0.00192237
0.00315817
0.00830737
0.00995512
0.00645366
-0.000137312
-0.00528651
-0.0051492
-0.000617904
0.00363877
0.00336414
-0.00137312
-0.00679694
-0.0091999
-0.00844468
-0.00720888
-0.00817006
-0.0114655
-0.0152416
-0.0170953
-0.0157909
-0.0113282
-0.00521785
0.00034328
0.00350145
0.00377608
0.00164774
-0.00185371
-0.00597307
-0.00947452
-0.0108476
-0.00954318
-0.00693425
-0.00542382
-0.00569845
-0.00631635
-0.00528651
-0.00267758
-0.000961184
-0.00295221
-0.00892528
-0.0159282
-0.0199789
-0.0194983
-0.0161342
-0.01277
-0.0103671
-0.00796409
-0.00473726
-0.0010985
0.00144178
0.00157909
0.000137312
-0.000823872
0.00068656
0.00391339
0.00638501
0.00659097
0.0051492
0.00322683
0.00116715
-0.000823872
-0.0023343
-0.00267758
-0.00123581
0.00157909
0.00439398
0.00569845
0.00480592
0.00247161
0.000137312
-0.00123581
-0.00185371
-0.00274624
-0.00501189
-0.00885662
-0.0131133
-0.0157222
-0.014967
-0.0111223
-0.00617904
-0.00240296
-0.000823872
-0.00144178
-0.00357011
-0.00617904
-0.00830737
-0.00947452
-0.00995512
-0.00968049
-0.00817006
-0.00494323
-0.00068656
0.00302086
0.0040507
0.00164774
-0.00308952
-0.0074835
-0.00954318
-0.00954318
-0.00906259
-0.00961184
-0.0112596
-0.0134566
-0.0150357
-0.014761
-0.0122894
-0.00865065
-0.00562979
-0.00398205
-0.00350145
-0.00377608
-0.00473726
-0.00631635
-0.00775812
-0.00803275
-0.00693425
-0.00459995
-0.00178506
0.000274624
0.000480592
-0.00212834
-0.00741484
-0.0136625
-0.0180565
-0.0180565
-0.0133879
-0.00631635
-0.000617904
0.00102984
-0.00137312
-0.00549248
-0.00837603
-0.00830737
-0.00604173
-0.00384473
-0.00350145
-0.00494323
-0.00652232
-0.00665963
-0.00542382
-0.00494323
-0.00707156
-0.0117402
-0.0162715
-0.0173013
-0.0134566
-0.00665963
-0.000549248
0.00157909
-0.000755216
-0.00597307
-0.0115342
-0.0152416
-0.0162028
-0.0151043
-0.0135939
-0.0127014
-0.0118775
-0.0104357
-0.00803275
-0.00542382
-0.00350145
-0.00329549
-0.00562979
-0.0102984
-0.0152416
-0.0186744
-0.0200475
-0.0198416
-0.0176446
-0.0130446
-0.00714022
-0.00302086
-0.00363877
-0.00885662
-0.015173
-0.0186058
-0.0174386
-0.012564
-0.00583576
0.00157909
0.00865065
0.0140745
0.0162028
0.0141431
0.00789544
-0.00164774
-0.0122208
-0.0203222
-0.0229997
-0.0199102
-0.0134566
-0.0068656
-0.00192237
0.00130446
0.00295221
0.00254027
6.8656e-05
-0.0034328
-0.00556113
