LECROYHDO9204-MSöv,30454,Waveform
Segments,1,SegmentSize,2002
Ampl
0.00267758
0.00459995
0.00357011
0.00137312
0.000480592
0.00178506
0.00350145
0.00329549
0.000480592
-0.00315817
-0.00542382
-0.00611038
-0.00707156
-0.00947452
-0.0124267
-0.0137312
-0.0120835
-0.00865065
-0.00556113
-0.00377608
-0.0023343
-0.00034328
0.00137312
0.000755216
-0.00302086
-0.00823872
-0.0122894
-0.0141431
-0.014761
-0.0157222
-0.0175759
-0.0197729
-0.0206654
-0.0183998
-0.0122208
-0.00363877
0.00384473
0.00741484
0.00659097
0.00281489
-0.00226565
-0.00775812
-0.0129073
-0.0168207
-0.0184685
-0.0178506
-0.0168894
-0.0176446
-0.0201849
-0.0223818
-0.0216266
-0.0172326
-0.0107103
-0.00439398
-0.00034328
0.000137312
-0.0023343
-0.00569845
-0.00741484
-0.00659097
-0.00487457
-0.00439398
-0.00631635
-0.0098178
-0.0131133
-0.0144178
-0.012976
-0.00954318
-0.00604173
-0.0040507
-0.00425667
-0.00652232
-0.00988646
-0.0133879
-0.0165461
-0.0190864
-0.0207341
-0.0206654
-0.0182625
-0.0139372
-0.00885662
-0.00425667
-0.00116715
-0.000274624
-0.00144178
-0.00459995
-0.00968049
-0.0166147
-0.0245788
-0.0306892
-0.0317191
-0.0263639
-0.0167521
-0.0068656
-0.000480592
0.0010985
-0.00151043
-0.00597307
-0.0102297
-0.0137312
-0.0170267
-0.0203908
-0.023549
-0.0264325
-0.0289042
-0.0308265
-0.0312385
-0.0296594
-0.0265012
-0.0240982
-0.0254714
-0.0306206
-0.0353578
-0.0331608
-0.0207341
-0.00164774
0.0135939
0.0098178
-0.0304146
-0.121933
-0.27071
-0.466174
-0.678939
-0.869734
-1.00691
-1.08078
-1.10461
-1.10323
-1.09925
-1.10577
-1.12493
-1.15129
-1.17573
-1.18981
-1.18981
-1.17903
-1.16605
-1.15898
-1.15994
-1.1642
-1.1653
-1.16015
-1.1504
-1.13996
-1.13221
-1.12884
-1.1296
-1.13193
-1.13152
-1.12438
-1.10996
-1.09225
-1.07735
-1.06939
-1.06726
-1.0665
-1.06424
-1.0619
-1.06348
-1.07083
-1.08147
-1.09053
-1.09472
-1.09486
-1.09513
-1.09973
-1.10873
-1.11793
-1.12307
-1.1239
-1.12342
-1.12452
-1.12699
-1.12843
-1.12761
-1.12582
-1.1261
-1.12884
-1.13152
-1.1309
-1.12534
-1.116
-1.10522
-1.09616
-1.09252
-1.0965
-1.10646
-1.11662
-1.12163
-1.11992
-1.11415
-1.10818
-1.10392
-1.10159
-1.10049
-1.09994
-1.09904
-1.0974
-1.09589
-1.09712
-1.10316
-1.11291
-1.12108
-1.12239
-1.1169
-1.10982
-1.10694
-1.10969
-1.11518
-1.11971
-1.12218
-1.12404
-1.12726
-1.13166
-1.13488
-1.13433
-1.12836
-1.11593
-1.09527
-1.06506
-1.02545
-0.978416
-0.926512
-0.871656
-0.815084
-0.75858
-0.704548
-0.654772
-0.608567
-0.562979
-0.515057
-0.464458
-0.412897
-0.362298
-0.313758
-0.268239
-0.227389
-0.19361
-0.168688
-0.152416
-0.14253
-0.134978
-0.12619
-0.114655
-0.101679
-0.0898707
-0.0816319
-0.0775812
-0.0762768
-0.075041
-0.0716082
-0.0651545
-0.0564352
-0.047098
-0.0400951
-0.0384473
-0.042704
-0.0492263
-0.0525218
-0.0501875
-0.0448323
-0.0405757
-0.0396145
-0.0414682
-0.0445577
-0.0474413
-0.0488144
-0.0479905
-0.0448323
-0.0397518
-0.033916
-0.0289728
-0.0261579
-0.0254027
-0.0252654
-0.0244415
-0.0229997
-0.0224505
-0.0236863
-0.0265699
-0.029934
-0.032337
-0.032131
-0.0288355
-0.0239609
-0.0201162
-0.0192923
-0.0214893
-0.0249221
-0.0280803
-0.0303459
-0.0316504
-0.031925
-0.0308952
-0.0289042
-0.0265012
-0.0243042
-0.0220386
-0.0190864
-0.0155162
-0.0127014
-0.0126327
-0.0159968
-0.021146
-0.0253341
-0.0269131
-0.0266385
-0.0265012
-0.0273937
-0.0285609
-0.0284236
-0.0260206
-0.021352
-0.0156536
-0.0104357
-0.00707156
-0.00645366
-0.00823872
-0.0113969
-0.0148983
-0.0177819
-0.0184685
-0.0157222
-0.0100238
-0.00418801
-0.00130446
-0.00281489
-0.00789544
-0.0145551
-0.0201162
-0.0225192
-0.0214207
-0.0183311
-0.014761
-0.0109163
-0.00700291
-0.00459995
-0.00611038
-0.012976
-0.023755
-0.034534
-0.040713
-0.0398891
-0.0335728
-0.025746
-0.0196356
-0.0160655
-0.0137998
-0.0115342
-0.0091999
-0.00803275
-0.00906259
-0.0121521
-0.0153103
-0.0166834
-0.0156536
-0.0129073
-0.0091999
-0.00446264
0.000823872
0.00466861
0.00473726
0.00068656
-0.00590441
-0.0122894
-0.0170953
-0.0201849
-0.0223818
-0.023755
-0.0234117
-0.0203222
-0.014967
-0.00885662
-0.00432533
-0.00267758
-0.00391339
-0.00652232
-0.00837603
-0.00830737
-0.00659097
-0.00432533
-0.00260893
-0.00226565
-0.0040507
-0.00837603
-0.0141431
-0.019155
-0.0217639
-0.0214893
-0.0190864
-0.0155162
-0.0113282
-0.00631635
-0.00068656
0.00357011
0.00398205
-0.000205968
-0.00611038
-0.00899393
-0.00624769
0.000617904
0.00672828
0.00782678
0.00274624
-0.00624769
-0.0148983
-0.0192923
-0.0179879
-0.0118775
-0.00295221
0.00597307
0.0120148
0.0131133
0.00954318
0.00357011
-0.00192237
-0.00535517
-0.00665963
-0.00693425
-0.00741484
-0.00865065
-0.00995512
-0.00988646
-0.00789544
-0.00473726
-0.00157909
0.000411936
0.000617904
-0.00068656
-0.00254027
-0.00411936
-0.00556113
-0.00734619
-0.00913124
-0.0100238
-0.00968049
-0.00871931
-0.00796409
-0.00762081
-0.0081014
-0.0103671
-0.0148297
-0.0200475
-0.0229997
-0.021146
-0.015173
-0.00865065
-0.00528651
-0.00528651
-0.0057671
-0.00370742
0.0010985
0.00604173
0.00865065
0.00878796
0.00768947
0.00597307
0.00308952
-0.00164774
-0.00762081
-0.012564
-0.0143491
-0.0123581
-0.00817006
-0.00432533
-0.00295221
-0.00439398
-0.00700291
-0.00755216
-0.00350145
0.00446264
0.0120148
0.0142118
0.00968049
0.00144178
-0.00556113
-0.00775812
-0.00446264
0.00164774
0.00583576
0.0040507
-0.00391339
-0.0140058
-0.0207341
-0.0209401
-0.0156536
-0.00954318
-0.00672828
-0.00796409
-0.0104357
-0.0110536
-0.00906259
-0.00672828
-0.00714022
-0.0118088
-0.0188117
-0.023549
-0.0221072
-0.014761
-0.00624769
-0.0017164
-0.00240296
-0.0051492
-0.00617904
-0.00446264
-0.00164774
0.00034328
0.00130446
0.00205968
0.00329549
0.0040507
0.00247161
-0.00212834
-0.00782678
-0.0116029
-0.0121521
-0.0109163
-0.00974915
-0.00988646
-0.0111909
-0.0135252
-0.0162028
-0.0182625
-0.0187431
-0.0175073
-0.0146924
-0.0106417
-0.0051492
0.00178506
0.00878796
0.0130446
0.0121521
0.00597307
-0.00226565
-0.00837603
-0.00974915
-0.00652232
-0.00123581
0.00315817
0.00411936
0.00144178
-0.00336414
-0.00830737
-0.0124267
-0.0154476
-0.016958
-0.0160655
-0.012564
-0.00727753
-0.00219699
0.000480592
-0.000617904
-0.00466861
-0.00913124
-0.0111909
-0.0101611
-0.00700291
-0.00350145
-0.000892528
0
-0.00116715
-0.00425667
-0.00871931
-0.0136625
-0.0179879
-0.0198416
-0.0183998
-0.0145551
-0.0111223
-0.00995512
-0.0102984
-0.0100238
-0.00823872
-0.0057671
-0.00480592
-0.00645366
-0.0100238
-0.012976
-0.01277
-0.00823872
-0.000823872
0.00597307
0.00823872
0.00357011
-0.00665963
-0.0174386
-0.0227938
-0.0197729
-0.0111223
-0.00302086
-0.000549248
-0.00501189
-0.0131819
-0.0198416
-0.0210087
-0.0166147
-0.0101611
-0.0057671
-0.00494323
-0.00611038
-0.00700291
-0.00665963
-0.00549248
-0.00487457
-0.00556113
-0.00768947
-0.0102984
-0.0116029
-0.00968049
-0.00418801
0.00254027
0.00652232
0.00535517
-0.000137312
-0.00652232
-0.0108476
-0.0116715
-0.00906259
-0.00363877
0.00281489
0.00714022
0.00679694
0.0017164
-0.00521785
-0.0098178
-0.00988646
-0.00652232
-0.00315817
-0.00267758
-0.00569845
-0.010779
-0.0150357
-0.0159282
-0.012564
-0.00693425
-0.00254027
-0.00192237
-0.00494323
-0.0098178
-0.0144178
-0.0168207
-0.0154476
-0.00988646
-0.00116715
0.00789544
0.0137312
0.0138685
0.00844468
0.000274624
-0.00700291
-0.0111223
-0.0121521
-0.0116715
-0.0110536
-0.0106417
-0.0101611
-0.0098178
-0.010573
-0.0124954
-0.0138685
-0.0122894
-0.00762081
-0.00295221
-0.0023343
-0.00720888
-0.0145551
-0.0197043
-0.0199102
-0.0159282
-0.0109163
-0.00823872
-0.00940587
-0.0132506
-0.0165461
-0.0159968
-0.010779
-0.00212834
0.00707156
0.0137312
0.0152416
0.010779
0.00199102
-0.00762081
-0.0138685
-0.0142804
-0.00947452
-0.00274624
0.00240296
0.00466861
0.00459995
0.0034328
0.00137312
-0.00123581
-0.00302086
-0.00226565
0.0010985
0.00549248
0.00913124
0.0111909
0.0116029
0.010573
0.008582
0.00583576
0.00219699
-0.0023343
-0.00645366
-0.00817006
-0.00693425
-0.00439398
-0.00288355
-0.00329549
-0.00508054
-0.00720888
-0.00892528
-0.00995512
-0.0104357
-0.00995512
-0.00775812
-0.00384473
0.000137312
0.00137312
-0.00178506
-0.00844468
-0.0151043
-0.0181252
-0.0159968
-0.0102297
-0.00418801
-0.00116715
-0.00219699
-0.0057671
-0.00865065
-0.00817006
-0.00384473
0.00178506
0.00508054
0.00459995
0.00199102
-0.000274624
-0.0017164
-0.00315817
-0.00466861
-0.00521785
-0.00384473
-0.00185371
-0.00116715
-0.00288355
-0.00583576
-0.00782678
-0.00707156
-0.00315817
0.00267758
0.0081014
0.0100238
0.00611038
-0.00302086
-0.0135252
-0.0197729
-0.0188117
-0.0121521
-0.00480592
-0.00034328
0.000549248
-0.00068656
-0.00247161
-0.00336414
-0.00260893
-0.000480592
0.00123581
0.000617904
-0.00260893
-0.0068656
-0.0100238
-0.0109163
-0.0098178
-0.00789544
-0.00652232
-0.00638501
-0.00727753
-0.00762081
-0.00590441
-0.0023343
0.000480592
-0.000617904
-0.00652232
-0.0146237
-0.0206654
-0.0214893
-0.0165461
-0.008582
-0.00205968
-0.00151043
-0.00789544
-0.0173013
-0.0236177
-0.0227251
-0.0154476
-0.00597307
0.00130446
0.00432533
0.00384473
0.00151043
-0.00102984
-0.00308952
-0.00418801
-0.00425667
-0.00370742
-0.00439398
-0.0081014
-0.014967
-0.0222445
-0.0256773
-0.0227938
-0.0145551
-0.00535517
0.000274624
0.000411936
-0.00322683
-0.00693425
-0.00762081
-0.00501189
-0.00151043
-0.000480592
-0.00308952
-0.00755216
-0.0108476
-0.0118775
-0.0111909
-0.00933721
-0.00611038
-0.00137312
0.00329549
0.00631635
0.0074835
0.00796409
0.00865065
0.00933721
0.0100238
0.010985
0.0122208
0.0121521
0.00892528
0.00267758
-0.00418801
-0.00913124
-0.0118088
-0.0140058
-0.0170953
-0.0206654
-0.0223132
-0.0203908
-0.0154476
-0.00954318
-0.00473726
-0.00123581
0.000892528
0.00130446
-0.000961184
-0.00549248
-0.0102297
-0.0120148
-0.00885662
-0.00157909
0.00624769
0.0109163
0.0107103
0.00665963
0.00164774
-0.00185371
-0.00308952
-0.00315817
-0.00336414
-0.00398205
-0.00377608
-0.00137312
0.00254027
0.00501189
0.00329549
-0.00281489
-0.0104357
-0.0157222
-0.0162715
-0.0126327
-0.0068656
-0.00137312
0.00247161
0.00411936
0.00350145
0.00144178
-0.000137312
0
0.000961184
0.000755216
-0.00137312
-0.00411936
-0.00556113
-0.0051492
-0.00398205
-0.00370742
-0.00521785
-0.0081014
-0.0107103
-0.0114655
-0.00988646
-0.00659097
-0.00329549
-0.00185371
-0.00295221
-0.00542382
-0.00679694
-0.00562979
-0.00185371
0.00322683
0.00782678
0.0102297
0.00906259
0.00411936
-0.00329549
-0.0107103
-0.0159968
-0.0181938
-0.0175073
-0.0148983
-0.0119461
-0.0100924
-0.00940587
-0.0081014
-0.00494323
-0.00151043
-0.00137312
-0.00645366
-0.0144864
-0.0204595
-0.0205281
-0.0153103
-0.00892528
-0.00549248
-0.00562979
-0.00727753
-0.00789544
-0.00638501
-0.00295221
0.000617904
0.00240296
0.00157909
-0.000205968
-0.00068656
0.000549248
0.00157909
0.000411936
-0.00247161
-0.00521785
-0.00617904
-0.00549248
-0.00418801
-0.00370742
-0.00562979
-0.010779
-0.0180565
-0.0239609
-0.0244415
-0.0182625
-0.00899393
-0.00288355
-0.00384473
-0.0107103
-0.0183311
-0.0216953
-0.0186744
-0.0103671
-0.000274624
0.00700291
0.00768947
0.00116715
-0.00926856
-0.0178506
-0.019567
-0.0134566
-0.00308952
0.00597307
0.0100238
0.00954318
0.00714022
0.00501189
0.00308952
0.000755216
-0.00178506
-0.00329549
-0.00302086
-0.000823872
0.0023343
0.00501189
0.00549248
0.00350145
-6.8656e-05
-0.00336414
-0.00542382
-0.00597307
-0.00528651
-0.00391339
-0.0023343
-0.00130446
-0.00144178
-0.00281489
-0.00535517
-0.00803275
-0.00940587
-0.00878796
-0.00624769
-0.00267758
0.000137312
0.000411936
-0.00281489
-0.00878796
-0.0155162
-0.0206654
-0.0223818
-0.0199102
-0.0144178
-0.00865065
-0.00562979
-0.00597307
-0.00823872
-0.0101611
-0.0112596
-0.01277
-0.0160655
-0.0206654
-0.0241669
-0.0245102
-0.0212147
-0.0155849
-0.00926856
-0.00357011
0.000411936
0.00260893
0.00391339
0.0057671
0.008582
0.0103671
0.00796409
0.000137312
-0.010779
-0.0199789
-0.0236177
-0.0205281
-0.012564
-0.00336414
0.00288355
0.00384473
0.000823872
-0.00226565
-0.00199102
0.00178506
0.00556113
0.00508054
-0.00157909
-0.0118088
-0.0199102
-0.0210774
-0.0146237
-0.00480592
0.00267758
0.00446264
0.0010985
-0.00487457
-0.0111223
-0.0166147
-0.0203908
-0.0214207
-0.0196356
-0.0166834
-0.0146924
-0.0142118
-0.0146237
-0.0144178
-0.012564
-0.00871931
-0.00377608
0.000892528
0.00377608
0.00398205
0.00137312
-0.00384473
-0.010573
-0.0165461
-0.0186058
-0.0148297
-0.00638501
0.00267758
0.00768947
0.00679694
0.00205968
-0.00267758
-0.00501189
-0.00597307
-0.00768947
-0.0110536
-0.0145551
-0.0167521
-0.0170267
-0.0153103
-0.0114655
-0.00693425
-0.00439398
-0.00617904
-0.0119461
-0.0183311
-0.021146
-0.0188117
-0.0135252
-0.00947452
-0.00954318
-0.0131133
-0.0173013
-0.0192923
-0.0179192
-0.0140745
-0.00995512
-0.00707156
-0.00535517
-0.00350145
-6.8656e-05
0.00432533
0.00755216
0.00762081
0.00350145
-0.00391339
-0.0122208
-0.0183998
-0.0204595
-0.0183998
-0.0135939
-0.00741484
-0.0010985
0.00384473
0.00549248
0.0034328
-0.000549248
-0.00418801
-0.00693425
-0.0100238
-0.014761
-0.0197043
-0.021558
-0.0186058
-0.0128387
-0.00871931
-0.00851334
-0.0106417
-0.0119461
-0.010573
-0.00700291
-0.00260893
0.00199102
0.00590441
0.00789544
0.00693425
0.00302086
-0.00267758
-0.00817006
-0.0115342
-0.0119461
-0.0100238
-0.00803275
-0.00775812
-0.0091999
-0.0100238
-0.00762081
-0.00212834
0.00336414
0.00508054
0.00205968
-0.0034328
-0.00837603
-0.0110536
-0.0112596
-0.00974915
-0.00830737
-0.00844468
-0.0106417
-0.0138685
-0.0161342
-0.0150357
-0.00968049
-0.00157909
0.00569845
0.00913124
0.00782678
0.00377608
6.8656e-05
-0.00123581
-0.00116715
-0.00226565
-0.00583576
-0.0106417
-0.0146237
-0.0168894
-0.0179192
-0.0179192
-0.0166147
-0.0140745
-0.0110536
-0.00865065
-0.00830737
-0.0108476
-0.0157909
-0.0206654
-0.0220386
-0.0178506
-0.00940587
-0.00130446
0.00144178
-0.00329549
-0.012976
-0.0219013
-0.0245788
-0.0192237
-0.00906259
0.00034328
0.00466861
0.00322683
-0.00137312
-0.00521785
-0.0057671
-0.00350145
-0.000961184
-0.000961184
-0.0040507
-0.00830737
-0.0110536
-0.0114655
-0.0106417
-0.00947452
-0.00803275
-0.00604173
-0.0040507
-0.00254027
-0.00137312
-0.000617904
-0.000755216
-0.0023343
-0.00466861
-0.00638501
-0.00645366
-0.00487457
-0.0023343
0.000755216
0.0040507
0.00720888
0.00933721
0.00892528
0.00501189
-0.00137312
-0.00700291
-0.00878796
-0.00611038
-0.00144178
0.00199102
0.00322683
0.00350145
0.00439398
0.00665963
0.00947452
0.010573
0.0074835
-0.000137312
-0.00995512
-0.0177132
-0.0205968
-0.019361
-0.0175759
-0.0177819
-0.0192237
-0.0188804
-0.0153789
-0.0100238
-0.00556113
-0.00288355
-0.00157909
-0.00102984
-0.00130446
-0.00212834
-0.00254027
-0.0010985
0.00267758
0.00775812
0.0116029
0.0119461
0.00823872
0.00199102
-0.00411936
-0.00803275
-0.00906259
-0.00768947
-0.00480592
-0.00157909
0.0010985
0.00247161
0.00288355
0.00336414
0.00494323
0.00741484
0.00933721
0.00940587
0.00720888
0.00357011
-0.00102984
-0.00604173
-0.0104357
-0.0124267
-0.0101611
-0.00329549
0.0057671
0.0133879
0.0164774
0.0144864
0.00837603
-0.000549248
-0.0107103
-0.0199789
-0.0254714
-0.02554
-0.021146
-0.0145551
-0.00734619
-0.000480592
0.00425667
0.0051492
0.00212834
-0.00247161
-0.00590441
-0.00672828
-0.00508054
-0.00247161
-0.000823872
-0.00185371
-0.0057671
-0.0112596
-0.0162028
-0.0183311
-0.0166147
-0.0118775
-0.00672828
-0.0040507
-0.00494323
-0.00830737
-0.0117402
-0.0127014
-0.0102297
-0.00508054
0.000205968
0.00274624
0.00068656
-0.00549248
-0.0133193
-0.0194296
-0.0214893
-0.0186058
-0.0121521
-0.00459995
0.00130446
0.00418801
0.00473726
0.00473726
0.00453129
0.00295221
-0.00123581
-0.00720888
-0.012976
-0.017164
-0.0194983
-0.0194296
-0.0162715
-0.0101611
-0.00308952
0.00240296
0.00494323
0.00487457
0.00329549
0.00137312
0.000205968
0.000892528
0.00302086
0.00521785
0.00590441
0.00494323
0.00288355
0.000755216
-0.00034328
-0.000137312
-0.000137312
-0.00308952
-0.00954318
-0.0159968
-0.0173013
-0.0109163
0.000411936
0.0105044
0.0141431
0.0103671
0.0023343
-0.00562979
-0.010779
-0.012976
-0.0133879
-0.0124267
-0.0102297
-0.00679694
-0.00267758
0.00102984
0.00185371
-0.00240296
-0.0118775
-0.0236177
-0.0327489
-0.0356324
-0.0313071
-0.021558
-0.0102984
-0.00144178
0.00212834
-0.000205968
-0.00638501
-0.0127014
-0.0159968
-0.015173
-0.0114655
-0.00714022
-0.00370742
-0.00151043
-0.000137312
0.0010985
0.00281489
0.00480592
0.00597307
0.00549248
0.00322683
-0.00034328
-0.00487457
-0.00974915
-0.0133879
-0.0138685
-0.0104357
-0.00432533
0.00178506
0.00508054
0.00391339
-0.00137312
-0.00817006
-0.0130446
-0.0142804
-0.0124267
-0.00961184
-0.00755216
-0.00679694
-0.00672828
-0.00672828
-0.0068656
-0.00707156
-0.00700291
-0.00604173
-0.00446264
-0.00336414
-0.00322683
-0.00370742
-0.00357011
-0.00199102
0.000755216
0.00363877
0.00528651
0.00432533
0.000961184
-0.00295221
-0.00569845
-0.00707156
-0.0081014
-0.00954318
-0.0112596
-0.0130446
-0.0144864
-0.014967
-0.0138685
-0.010573
-0.00542382
0.000549248
0.00501189
0.00466861
-0.00192237
-0.0120148
-0.0197729
-0.0203908
-0.0140745
-0.0051492
0.000823872
0.000961184
-0.00295221
-0.00624769
-0.00473726
0.00123581
0.00796409
0.0114655
0.0100924
0.00501189
-0.000961184
-0.00459995
-0.00473726
-0.00295221
-0.00199102
-0.00350145
-0.00679694
-0.0102297
-0.0128387
-0.014761
-0.0166834
-0.0190177
-0.0208714
-0.0207341
-0.0181938
-0.0142118
-0.0108476
-0.00933721
-0.00995512
-0.0116029
-0.0128387
-0.012976
-0.0128387
-0.0135939
-0.0158595
-0.0184685
-0.0199102
-0.0194296
-0.0179192
-0.0170953
-0.0173013
-0.0174386
-0.0159282
-0.0118775
-0.00562979
0.000617904
0.00425667
0.00411936
0.0017164
-0.00068656
-0.00178506
-0.0017164
-0.00123581
-0.000755216
-0.000480592
-0.000892528
-0.00247161
-0.00466861
-0.00611038
-0.00590441
-0.00439398
-0.00322683
-0.00329549
-0.00398205
-0.00377608
-0.0017164
0.00185371
0.00535517
0.00700291
0.00611038
0.00357011
0.000823872
-0.00116715
-0.00281489
-0.00501189
-0.00803275
-0.0103671
-0.00974915
-0.00542382
0.000961184
0.00494323
0.00247161
-0.00727753
-0.0199789
-0.0291101
-0.0306206
-0.0254027
-0.0172326
-0.0102297
-0.00583576
-0.00350145
-0.00185371
-0.000480592
-6.8656e-05
-0.0017164
-0.00528651
-0.00878796
-0.0105044
-0.0101611
-0.00940587
-0.00940587
-0.0100924
-0.0105044
-0.0100924
-0.00913124
-0.0081014
-0.00700291
-0.00549248
-0.00384473
-0.0034328
-0.0051492
-0.00865065
-0.0123581
-0.0148983
-0.0155162
-0.0141431
-0.0112596
-0.00844468
-0.00768947
-0.00995512
-0.0137998
-0.0167521
-0.0173013
-0.0160655
-0.0142118
-0.0111223
-0.00494323
0.00466861
0.0142118
0.0186058
0.015173
0.00562979
-0.00549248
-0.0146237
-0.0208714
-0.0251281
-0.0280116
-0.0291788
-0.027737
-0.0228624
-0.0154476
-0.00782678
-0.00247161
-0.000205968
-0.000480592
-0.00185371
-0.00315817
-0.00357011
-0.00322683
-0.00302086
-0.00398205
-0.00604173
-0.00871931
-0.0111223
-0.0124267
-0.0116715
-0.00823872
-0.00322683
0.00144178
0.00418801
0.00446264
0.00247161
-0.000617904
-0.00260893
-0.00192237
0.000755216
0.00260893
0.00151043
-0.00226565
-0.00659097
-0.00933721
-0.00995512
-0.00892528
-0.00693425
-0.00487457
-0.00363877
-0.0034328
-0.00350145
-0.00281489
-0.00116715
-0.000137312
-0.00164774
-0.00679694
-0.0141431
-0.0202535
-0.0221072
-0.0192923
-0.0134566
-0.00741484
-0.0034328
-0.00281489
-0.00521785
-0.00830737
-0.00885662
-0.00549248
6.8656e-05
0.00350145
0.00157909
-0.00583576
-0.0150357
-0.0216266
-0.0230684
-0.0197729
-0.0140745
-0.00871931
-0.00508054
-0.00308952
-0.00219699
-0.00226565
-0.00350145
-0.00583576
-0.00823872
-0.00940587
-0.00878796
-0.00693425
-0.00480592
-0.00281489
-0.000755216
0.0017164
0.0040507
0.00432533
0.000480592
-0.00775812
-0.0177819
-0.0251281
-0.0267758
-0.0227938
-0.0164774
-0.0118775
-0.0119461
-0.0167521
-0.0232744
-0.0274624
-0.0265699
-0.0208028
-0.0127014
-0.00480592
0.00130446
0.00508054
0.00583576
0.0034328
-0.00123581
-0.00604173
-0.0081014
-0.00631635
-0.00260893
-0.000755216
-0.00308952
-0.00878796
-0.0145551
-0.0172326
-0.0159282
-0.0120148
-0.0081014
-0.00535517
-0.00336414
-0.00137312
0.000274624
-0.000274624
-0.00370742
-0.00851334
-0.0120148
-0.012564
-0.010985
-0.00899393
-0.00796409
-0.00714022
-0.00508054
-0.000961184
0.0040507
0.0068656
0.00528651
-0.000823872
-0.00892528
-0.0155849
-0.0181938
-0.0163401
-0.0117402
-0.00645366
-0.00199102
0.000823872
0.000411936
-0.00494323
-0.0140745
-0.0220386
-0.0229311
-0.0150357
-0.00288355
0.00638501
0.0081014
0.00302086
-0.00439398
-0.0098178
-0.0112596
-0.00892528
-0.00432533
-0.000137312
0.000892528
-0.00199102
-0.00631635
-0.00906259
-0.00899393
-0.00796409
-0.00837603
-0.0107103
-0.0136625
-0.0153789
-0.0157222
-0.0158595
-0.0160655
-0.0154476
-0.012976
-0.00968049
-0.00830737
-0.0102984
-0.014761
-0.0186058
-0.019361
-0.0160655
-0.0100924
-0.00432533
-0.00205968
-0.00432533
-0.00892528
-0.0119461
-0.0107103
-0.00617904
-0.000892528
0.00274624
0.00363877
0.00240296
0.000823872
0.000961184
0.00295221
0.00466861
0.00336414
-0.00226565
-0.0111909
-0.0206654
-0.0267758
-0.0263639
-0.019361
-0.00961184
-0.00260893
-0.00205968
-0.00652232
-0.010779
-0.0101611
-0.00487457
0.000274624
0.000480592
-0.00473726
-0.0116715
-0.0161342
-0.0170953
-0.0157909
-0.0139372
-0.0118775
-0.0091999
-0.00569845
-0.00151043
0.00205968
0.00398205
0.00357011
0.00116715
-0.00288355
-0.00803275
-0.0127014
-0.0144864
-0.0128387
-0.00940587
-0.00659097
-0.00549248
-0.00569845
-0.00597307
-0.00521785
-0.00357011
-0.00226565
-0.00274624
-0.00501189
-0.00720888
-0.00755216
-0.00549248
-0.00192237
0.00151043
0.00288355
0.000892528
-0.00418801
-0.0104357
-0.0158595
-0.0190177
-0.019361
-0.0163401
-0.00988646
-0.00130446
0.00638501
0.00940587
0.0057671
-0.00308952
-0.0131819
-0.0201849
-0.0214893
-0.0170953
-0.00940587
-0.00267758
-0.000205968
-0.00212834
-0.00542382
-0.00659097
-0.00453129
-0.000961184
0.00192237
0.00267758
0.00137312
-0.00123581
-0.00370742
-0.00521785
-0.00590441
-0.0068656
-0.0081014
-0.00817006
-0.00549248
-0.00068656
0.00322683
0.00254027
-0.00329549
-0.0112596
-0.0164088
-0.0155849
-0.00961184
-0.00219699
0.0034328
0.00652232
0.00817006
0.00940587
0.0104357
0.0103671
0.00823872
0.00391339
-0.00151043
-0.00693425
-0.0111223
-0.0128387
-0.0113969
-0.00714022
-0.00205968
0.00164774
0.00267758
0.00102984
-0.00226565
-0.00528651
-0.0057671
-0.00281489
0.00254027
0.00762081
0.0100924
0.00913124
0.0051492
-0.000274624
-0.0051492
-0.00741484
-0.00631635
-0.00295221
0.000205968
0.00034328
-0.00384473
-0.0111909
-0.0180565
-0.0207341
-0.0185371
-0.0138685
-0.0105044
-0.0111223
-0.0155162
-0.0210087
-0.0243729
-0.0240982
-0.0216266
-0.0192923
-0.0179879
-0.0170953
-0.0155162
-0.0131133
-0.0105044
-0.008582
-0.00796409
-0.00789544
-0.00727753
-0.0057671
-0.00418801
-0.00357011
-0.00370742
-0.00329549
-0.00123581
0.00254027
0.00659097
0.00892528
0.00803275
0.00411936
-0.000823872
-0.0040507
-0.00411936
-0.00157909
0.00157909
0.00302086
0.00164774
-0.00192237
-0.0057671
