LECROYHDO9204-MSöv,30454,Waveform
Segments,1,SegmentSize,2002
Ampl
-0.00906259
-0.00995512
-0.0114655
-0.0108476
-0.00741484
-0.00295221
0.000274624
0.000755216
-0.00130446
-0.00459995
-0.00720888
-0.00727753
-0.00411936
0.00130446
0.00631635
0.00768947
0.00357011
-0.00562979
-0.0166147
-0.0247161
-0.0260206
-0.0198416
-0.00947452
0.000205968
0.00542382
0.00542382
0.00226565
-0.00157909
-0.00542382
-0.0098178
-0.0146924
-0.0179192
-0.016958
-0.0116029
-0.00473726
-0.00068656
-0.00199102
-0.0081014
-0.0159282
-0.021352
-0.0221759
-0.0186744
-0.0131133
-0.00830737
-0.00597307
-0.00590441
-0.00665963
-0.00700291
-0.00665963
-0.00624769
-0.00638501
-0.00755216
-0.0103671
-0.0151043
-0.0210774
-0.0261579
-0.0281489
-0.0258146
-0.0201849
-0.0139372
-0.00926856
-0.0068656
-0.00617904
-0.00659097
-0.00734619
-0.00823872
-0.00954318
-0.0124954
-0.0176446
-0.0236863
-0.0281489
-0.0292474
-0.0272564
-0.0244415
-0.0224505
-0.0212147
-0.0188117
-0.0135939
-0.00645366
-0.000549248
0.00116715
-0.00151043
-0.00597307
-0.00947452
-0.0106417
-0.00995512
-0.00803275
-0.00569845
-0.00391339
-0.00336414
-0.0040507
-0.00535517
-0.00727753
-0.0102984
-0.0140745
-0.0179192
-0.0212834
-0.0238923
-0.0251967
-0.0246475
-0.0222445
-0.0187431
-0.0155849
-0.0140745
-0.0146237
-0.0166834
-0.018949
-0.0205281
-0.0209401
-0.0203222
-0.0194983
-0.0192237
-0.019567
-0.0185371
-0.0140058
-0.00617904
-0.000617904
-0.0100924
-0.0538949
-0.152142
-0.313277
-0.52206
-0.739768
-0.921432
-1.03828
-1.08991
-1.09891
-1.09472
-1.0987
-1.11703
-1.14347
-1.16646
-1.178
-1.17745
-1.1701
-1.16241
-1.15864
-1.1596
-1.16358
-1.16811
-1.17086
-1.16997
-1.16454
-1.15514
-1.14415
-1.13475
-1.12836
-1.12342
-1.11648
-1.10536
-1.09074
-1.07502
-1.06094
-1.0503
-1.04405
-1.0422
-1.04439
-1.05002
-1.05854
-1.0698
-1.08353
-1.09774
-1.10955
-1.11655
-1.11861
-1.11772
-1.11635
-1.11628
-1.11847
-1.12321
-1.13008
-1.13777
-1.14408
-1.14601
-1.14182
-1.13269
-1.12294
-1.11758
-1.11902
-1.12541
-1.13193
-1.13468
-1.13262
-1.12726
-1.1215
-1.11751
-1.11662
-1.11834
-1.12108
-1.12266
-1.12136
-1.11662
-1.10976
-1.1031
-1.09898
-1.09829
-1.10014
-1.10227
-1.1031
-1.10255
-1.10165
-1.10104
-1.10069
-1.10076
-1.10159
-1.10337
-1.10536
-1.10639
-1.10653
-1.10804
-1.11367
-1.12486
-1.13996
-1.15418
-1.162
-1.15926
-1.14491
-1.12088
-1.09005
-1.05462
-1.01549
-0.972649
-0.925688
-0.873853
-0.817349
-0.758237
-0.700016
-0.645229
-0.593874
-0.544167
-0.494804
-0.445921
-0.398067
-0.351175
-0.304695
-0.259314
-0.217502
-0.18235
-0.155094
-0.134978
-0.119942
-0.108614
-0.100718
-0.0955691
-0.0915871
-0.0870558
-0.0814946
-0.0758648
-0.0709216
-0.0669396
-0.0636441
-0.0608292
-0.0571904
-0.0516293
-0.0450383
-0.0405757
-0.0405757
-0.0440771
-0.0479905
-0.0497069
-0.048883
-0.047098
-0.0463428
-0.0479219
-0.0516979
-0.0556113
-0.0572591
-0.055474
-0.0507368
-0.044901
-0.0399578
-0.0378981
-0.0389966
-0.0418801
-0.0435279
-0.0413309
-0.0353578
-0.0282176
-0.0230684
-0.0214893
-0.0227251
-0.0246475
-0.0256087
-0.0258146
-0.0265699
-0.0283549
-0.0302086
-0.0306206
-0.0295221
-0.0282863
-0.0283549
-0.0290415
-0.0280803
-0.0239609
-0.0179879
-0.0137312
-0.0137312
-0.0183311
-0.0254714
-0.0330922
-0.0396145
-0.0440771
-0.0458622
-0.0444891
-0.0403697
-0.0348772
-0.0296594
-0.025746
-0.0227251
-0.0196356
-0.0170953
-0.0168207
-0.0194983
-0.0231371
-0.0247848
-0.023755
-0.0221759
-0.0224505
-0.0241669
-0.0249221
-0.0227938
-0.0185371
-0.014761
-0.0133879
-0.0144178
-0.0166834
-0.0190177
-0.0214207
-0.0238236
-0.0251281
-0.0236177
-0.0185371
-0.0113282
-0.00473726
-0.00130446
-0.00240296
-0.00741484
-0.0141431
-0.0203222
-0.0253341
-0.0292474
-0.0309638
-0.0289042
-0.0234803
-0.0179192
-0.0155162
-0.0167521
-0.0192237
-0.0203908
-0.0197729
-0.0183998
-0.01737
-0.0163401
-0.0138685
-0.00899393
-0.00240296
0.00329549
0.00487457
0.000205968
-0.00947452
-0.0192923
-0.023343
-0.0190864
-0.00933721
-0.00116715
-0.000274624
-0.00714022
-0.0173013
-0.0247161
-0.0258833
-0.0212147
-0.0139372
-0.00775812
-0.00473726
-0.00466861
-0.00597307
-0.00665963
-0.00604173
-0.00535517
-0.00693425
-0.0119461
-0.0183311
-0.0222445
-0.021352
-0.0164774
-0.0103671
-0.00624769
-0.00528651
-0.0057671
-0.00501189
-0.00240296
-0.00034328
-0.00192237
-0.00720888
-0.0131133
-0.0163401
-0.0157222
-0.0124954
-0.00851334
-0.00542382
-0.00384473
-0.00398205
-0.00617904
-0.0102297
-0.0142804
-0.0160655
-0.0146924
-0.0112596
-0.0074835
-0.00418801
-0.0023343
-0.00315817
-0.00672828
-0.0113282
-0.0146924
-0.0160655
-0.0162028
-0.0164774
-0.017164
-0.0173013
-0.0155162
-0.0120148
-0.008582
-0.00679694
-0.00617904
-0.00466861
-0.00116715
0.00308952
0.00556113
0.00508054
0.0023343
-0.000961184
-0.00377608
-0.00659097
-0.0111223
-0.0185371
-0.027737
-0.0347399
-0.0352205
-0.0281489
-0.0165461
-0.00611038
-0.00116715
-0.00219699
-0.00535517
-0.00597307
-0.00226565
0.00308952
0.00590441
0.00384473
-0.00205968
-0.00878796
-0.0133193
-0.0142118
-0.0115342
-0.00672828
-0.00226565
-0.000205968
-0.0010985
-0.00357011
-0.00624769
-0.00837603
-0.010779
-0.0142804
-0.0179192
-0.0192923
-0.0168207
-0.0118775
-0.0074835
-0.00556113
-0.00638501
-0.0091999
-0.0133193
-0.0181938
-0.0227251
-0.0254027
-0.0249221
-0.0212834
-0.0166147
-0.0132506
-0.0118088
-0.010573
-0.00796409
-0.00446264
-0.00274624
-0.00466861
-0.00871931
-0.0109163
-0.00844468
-0.00247161
0.00302086
0.00459995
0.00151043
-0.00418801
-0.00926856
-0.0112596
-0.00974915
-0.00631635
-0.0034328
-0.00260893
-0.0034328
-0.00459995
-0.00542382
-0.0057671
-0.00535517
-0.00363877
-0.000549248
0.00254027
0.00439398
0.00466861
0.00411936
0.00254027
-0.00068656
-0.00569845
-0.0108476
-0.0137312
-0.0126327
-0.00789544
-0.00164774
0.00302086
0.00432533
0.0023343
-0.00130446
-0.00521785
-0.008582
-0.0105044
-0.0107103
-0.00968049
-0.00865065
-0.00830737
-0.00817006
-0.00782678
-0.0074835
-0.00755216
-0.00768947
-0.00679694
-0.0040507
0.000274624
0.00480592
0.00782678
0.00734619
0.00247161
-0.00556113
-0.0134566
-0.016958
-0.0139372
-0.0057671
0.00315817
0.00782678
0.00617904
0.00034328
-0.0051492
-0.0068656
-0.00466861
-0.00116715
0.000137312
-0.00240296
-0.00727753
-0.0111223
-0.0122208
-0.0117402
-0.0120835
-0.0140745
-0.0170267
-0.019567
-0.0210087
-0.0212147
-0.0201849
-0.0179192
-0.0140745
-0.00906259
-0.00446264
-0.00212834
-0.00288355
-0.00549248
-0.00693425
-0.00480592
0.000274624
0.00466861
0.00418801
-0.00267758
-0.0135939
-0.023755
-0.0289042
-0.027943
-0.0227251
-0.0162028
-0.0107103
-0.00645366
-0.00274624
0.0010985
0.00439398
0.00556113
0.00377608
-0.000411936
-0.00508054
-0.00817006
-0.008582
-0.00727753
-0.00672828
-0.00913124
-0.0139372
-0.0180565
-0.0187431
-0.0154476
-0.0102984
-0.00679694
-0.00714022
-0.0109163
-0.0150357
-0.0159282
-0.0120835
-0.00521785
0.00034328
0.00068656
-0.00542382
-0.015173
-0.0229997
-0.0248535
-0.0205281
-0.0130446
-0.00556113
0
0.00260893
0.00185371
-0.00199102
-0.00714022
-0.0111909
-0.012564
-0.010779
-0.00659097
-0.00151043
0.00274624
0.00494323
0.00453129
0.00144178
-0.00363877
-0.0091999
-0.0136625
-0.0166147
-0.0183998
-0.0192923
-0.0181938
-0.0141431
-0.00803275
-0.00315817
-0.00247161
-0.00569845
-0.00885662
-0.00741484
-0.000549248
0.00803275
0.0128387
0.0111223
0.00446264
-0.00308952
-0.00782678
-0.00789544
-0.00391339
0.00116715
0.00384473
0.00254027
-0.00164774
-0.00611038
-0.00892528
-0.0105044
-0.012564
-0.0161342
-0.0201162
-0.0225192
-0.0223818
-0.0203908
-0.01737
-0.0139372
-0.0109163
-0.00926856
-0.00961184
-0.0116029
-0.0142804
-0.0166147
-0.0174386
-0.0157222
-0.0110536
-0.00398205
0.00370742
0.0098178
0.0120148
0.00913124
0.00144178
-0.00878796
-0.0177132
-0.0219699
-0.0201162
-0.0133879
-0.00521785
0.0010985
0.00377608
0.00322683
0.000892528
-0.00192237
-0.00487457
-0.00817006
-0.0118775
-0.0157909
-0.0188117
-0.0194296
-0.0161342
-0.00885662
0.000137312
0.0068656
0.00796409
0.00274624
-0.00604173
-0.0140058
-0.016958
-0.0135939
-0.00617904
0.000823872
0.00302086
-0.00178506
-0.0121521
-0.0227251
-0.027943
-0.0254714
-0.0179192
-0.00968049
-0.00391339
-0.00137312
-0.000961184
-0.00123581
-0.00130446
-0.00123581
-0.00102984
-0.000137312
0.0017164
0.00370742
0.00494323
0.00494323
0.00384473
0.00199102
-6.8656e-05
-0.0010985
-0.000892528
-0.00068656
-0.0023343
-0.00611038
-0.00995512
-0.0108476
-0.00762081
-0.00240296
0.000755216
-0.00068656
-0.00638501
-0.0133879
-0.0182625
-0.019155
-0.0168894
-0.0137998
-0.0113282
-0.0091999
-0.00665963
-0.00411936
-0.00336414
-0.00583576
-0.0106417
-0.0148983
-0.0158595
-0.01277
-0.00720888
-0.00164774
0.00185371
0.00192237
-0.00164774
-0.00755216
-0.0134566
-0.0164774
-0.014967
-0.00940587
-0.00295221
0.00034328
-0.00178506
-0.00775812
-0.0133193
-0.014761
-0.0117402
-0.0068656
-0.00329549
-0.00260893
-0.00446264
-0.00727753
-0.00947452
-0.0100924
-0.00899393
-0.00645366
-0.0034328
-0.00137312
-0.00116715
-0.00274624
-0.00439398
-0.00466861
-0.00377608
-0.00350145
-0.00508054
-0.00775812
-0.00968049
-0.0102297
-0.0106417
-0.0124954
-0.0157222
-0.0188117
-0.0202535
-0.0192923
-0.0162028
-0.0119461
-0.00789544
-0.00508054
-0.00453129
-0.00617904
-0.00906259
-0.0113969
-0.0122894
-0.0115342
-0.0100238
-0.00906259
-0.00913124
-0.00961184
-0.00947452
-0.00803275
-0.00549248
-0.00274624
-0.00123581
-0.00226565
-0.00562979
-0.00899393
-0.00968049
-0.00672828
-0.00192237
0.00116715
-0.00034328
-0.00665963
-0.0144864
-0.0188804
-0.0164774
-0.00817006
0.00157909
0.00851334
0.0103671
0.00741484
0.00164774
-0.00418801
-0.00727753
-0.00645366
-0.00295221
0.000617904
0.00144178
-0.00199102
-0.00865065
-0.0151043
-0.01737
-0.0143491
-0.00892528
-0.00549248
-0.00617904
-0.00988646
-0.0134566
-0.0145551
-0.0132506
-0.0110536
-0.00878796
-0.00583576
-0.00116715
0.00418801
0.00755216
0.00652232
0.000892528
-0.00659097
-0.0117402
-0.0116029
-0.00645366
0
0.00350145
0.00219699
-0.00226565
-0.00611038
-0.00679694
-0.00425667
-0.0010985
0.000480592
-0.00034328
-0.00295221
-0.00611038
-0.00851334
-0.00913124
-0.00734619
-0.00384473
-0.000205968
0.00137312
-0.000755216
-0.00631635
-0.0131819
-0.0181252
-0.0185371
-0.0144178
-0.00837603
-0.00363877
-0.00212834
-0.00384473
-0.00720888
-0.0100238
-0.010985
-0.0105044
-0.0098178
-0.0091999
-0.00782678
-0.00459995
0.000137312
0.00425667
0.00494323
-0.000137312
-0.0105044
-0.0226565
-0.0313758
-0.0330235
-0.0276684
-0.0188804
-0.0113969
-0.00837603
-0.00933721
-0.0111909
-0.010573
-0.00679694
-0.00212834
0.000480592
-0.000274624
-0.00322683
-0.00624769
-0.00817006
-0.00865065
-0.00796409
-0.00611038
-0.00363877
-0.00192237
-0.00274624
-0.00604173
-0.00961184
-0.0102984
-0.0068656
-0.000961184
0.00322683
0.00240296
-0.0040507
-0.01277
-0.019155
-0.0201849
-0.016958
-0.0133193
-0.0120835
-0.0129073
-0.0133193
-0.0114655
-0.00817006
-0.00672828
-0.0098178
-0.0168207
-0.0234117
-0.0247161
-0.019361
-0.0100924
-0.00130446
0.00391339
0.00549248
0.00535517
0.00521785
0.0051492
0.00425667
0.00192237
-0.00164774
-0.00535517
-0.00796409
-0.00899393
-0.00885662
-0.00762081
-0.00494323
-0.00068656
0.00370742
0.00569845
0.0034328
-0.00164774
-0.00528651
-0.00302086
0.00528651
0.0142804
0.0172326
0.0107103
-0.00322683
-0.0188117
-0.0300027
-0.0327489
-0.0267758
-0.0157222
-0.00501189
0.00130446
0.00199102
-0.00185371
-0.00837603
-0.0150357
-0.0187431
-0.0172326
-0.0113969
-0.00528651
-0.00350145
-0.00672828
-0.0120148
-0.015173
-0.0144178
-0.0109163
-0.0068656
-0.00363877
-0.00144178
6.8656e-05
0.000892528
0.000961184
0.000617904
0.000411936
0.000480592
0.000892528
0.00102984
0
-0.00308952
-0.00823872
-0.0141431
-0.0183311
-0.0183311
-0.0135939
-0.00597307
0.00130446
0.00624769
0.00865065
0.00961184
0.0100238
0.00995512
0.00892528
0.00604173
0.00068656
-0.00659097
-0.0137998
-0.0179192
-0.0174386
-0.012564
-0.00501189
0.00281489
0.00871931
0.0113969
0.0109163
0.00823872
0.00377608
-0.00219699
-0.00947452
-0.0164088
-0.0210087
-0.0217639
-0.0182625
-0.0117402
-0.00446264
0.0010985
0.00322683
0.00192237
-0.00164774
-0.00549248
-0.0074835
-0.00562979
-6.8656e-05
0.00645366
0.00954318
0.00693425
0.000137312
-0.00617904
-0.00851334
-0.00672828
-0.00357011
-0.00144178
-0.000961184
-0.00205968
-0.00446264
-0.00707156
-0.00823872
-0.00665963
-0.00267758
0.00178506
0.00446264
0.00350145
-0.00137312
-0.00830737
-0.0135252
-0.0140745
-0.0102297
-0.00521785
-0.00212834
-0.00192237
-0.00336414
-0.00487457
-0.00542382
-0.00494323
-0.00391339
-0.00357011
-0.00480592
-0.0081014
-0.0127014
-0.0167521
-0.0175073
-0.0136625
-0.00707156
-0.00178506
-0.000755216
-0.00357011
-0.00693425
-0.00775812
-0.00562979
-0.00322683
-0.00411936
-0.00947452
-0.0168207
-0.021352
-0.0194983
-0.0113969
-0.00137312
0.00439398
0.00288355
-0.00418801
-0.0119461
-0.0162028
-0.0155849
-0.0116029
-0.00693425
-0.00398205
-0.00398205
-0.00672828
-0.010573
-0.0130446
-0.0124954
-0.00865065
-0.00260893
0.00357011
0.00755216
0.00789544
0.00418801
-0.00295221
-0.0120148
-0.0204595
-0.0251281
-0.023755
-0.0164774
-0.00583576
0.0040507
0.008582
0.00528651
-0.00453129
-0.0164774
-0.02554
-0.0282863
-0.023549
-0.0131133
-0.00164774
0.00556113
0.00583576
0.00068656
-0.00562979
-0.00926856
-0.00871931
-0.0051492
-0.00137312
6.8656e-05
-0.00178506
-0.0057671
-0.00995512
-0.0127014
-0.0133193
-0.0120148
-0.00878796
-0.00439398
-0.000549248
0.000892528
-0.00123581
-0.0057671
-0.00933721
-0.008582
-0.00322683
0.00350145
0.00741484
0.00611038
6.8656e-05
-0.00878796
-0.0179879
-0.0250594
-0.027943
-0.0263639
-0.021352
-0.0146924
-0.00803275
-0.00288355
-6.8656e-05
0.000137312
-0.00178506
-0.00508054
-0.00830737
-0.0101611
-0.00988646
-0.00803275
-0.00583576
-0.00480592
-0.00556113
-0.00782678
-0.0102984
-0.0111223
-0.00947452
-0.00631635
-0.00336414
-0.00137312
-0.000137312
-6.8656e-05
-0.00199102
-0.00528651
-0.00741484
-0.00659097
-0.00398205
-0.00336414
-0.00782678
-0.0165461
-0.0247161
-0.0269131
-0.0212834
-0.0112596
-0.00281489
0.000480592
-0.000480592
-0.00164774
0.000549248
0.00659097
0.0135252
0.0174386
0.0161342
0.0103671
0.00281489
-0.00384473
-0.00727753
-0.00672828
-0.00377608
-0.00116715
-0.000823872
-0.00247161
-0.00466861
-0.00693425
-0.00954318
-0.0127014
-0.015173
-0.015173
-0.012564
-0.00988646
-0.0107103
-0.0155849
-0.0208714
-0.0221072
-0.0184685
-0.0133879
-0.0107103
-0.0106417
-0.0100924
-0.00659097
-0.00130446
0.00226565
0.00178506
-0.00164774
-0.00508054
-0.00617904
-0.0051492
-0.0040507
-0.00439398
-0.00611038
-0.00837603
-0.0111223
-0.0143491
-0.017164
-0.0178506
-0.0157909
-0.0126327
-0.0100924
-0.00837603
-0.00624769
-0.00288355
0.00151043
0.00549248
0.00741484
0.00590441
0.00068656
-0.00672828
-0.0138685
-0.0181938
-0.0177819
-0.0124267
-0.00398205
0.0040507
0.00830737
0.00707156
0.00192237
-0.00398205
-0.00768947
-0.00817006
-0.00652232
-0.00494323
-0.0051492
-0.00700291
-0.00899393
-0.00940587
-0.00817006
-0.00714022
-0.00906259
-0.0148983
-0.0226565
-0.0284236
-0.0292474
-0.0251281
-0.0180565
-0.0103671
-0.00398205
-0.000274624
0.000274624
-0.00164774
-0.00508054
-0.00947452
-0.0146924
-0.0203222
-0.0241669
-0.0229311
-0.0155849
-0.00556113
0.00123581
0.0017164
-0.00205968
-0.00604173
-0.00803275
-0.00851334
-0.00844468
-0.00782678
-0.00693425
-0.00672828
-0.00817006
-0.0107103
-0.012976
-0.0136625
-0.0120148
-0.00851334
-0.0040507
0.000480592
0.00480592
0.0081014
0.00899393
0.00659097
0.00151043
-0.00398205
-0.00796409
-0.00995512
-0.0113282
-0.012976
-0.0140058
-0.012976
-0.0102297
-0.00865065
-0.0111223
-0.016958
-0.0223132
-0.0229997
-0.0182625
-0.0102984
-0.00247161
0.00315817
0.00611038
0.00672828
0.00590441
0.00432533
0.00267758
0.00178506
0.0023343
0.00377608
0.00501189
0.00466861
0.00254027
-0.00068656
-0.00425667
-0.00741484
-0.00947452
-0.0098178
-0.00796409
-0.00453129
-0.000755216
0.0017164
0.0017164
-0.000823872
-0.00501189
-0.00940587
-0.0124954
-0.012976
-0.0103671
-0.00583576
-0.00185371
-0.000411936
-0.00178506
-0.00411936
-0.00562979
-0.00583576
-0.00549248
-0.00521785
-0.00521785
-0.00521785
-0.00466861
-0.00363877
-0.00274624
-0.00281489
-0.00363877
-0.00418801
-0.00350145
-0.0023343
-0.00281489
-0.00665963
-0.0135939
-0.0208714
-0.0245788
-0.0217639
-0.0132506
-0.00329549
0.00308952
0.00357011
-0.000205968
-0.00398205
-0.00466861
-0.00260893
-0.000617904
-0.00123581
-0.00432533
-0.00782678
-0.00995512
-0.0103671
-0.0104357
-0.0118088
-0.0148983
-0.0185371
-0.0201162
-0.0183311
-0.0145551
-0.0118775
-0.0120835
-0.0144178
-0.0164774
-0.0164088
-0.0138685
-0.00995512
-0.00679694
-0.00604173
-0.00775812
-0.0106417
-0.01277
-0.01277
-0.0101611
-0.00562979
-0.000892528
0.00226565
0.00315817
0.00226565
0.000411936
-0.00164774
-0.00384473
-0.00556113
-0.0057671
-0.0034328
0.000961184
0.00535517
0.00734619
0.0051492
-0.000755216
-0.00823872
-0.0137312
-0.0141431
-0.00906259
-0.0017164
0.00336414
0.00350145
-0.000549248
-0.00562979
-0.00940587
-0.0113282
-0.0120148
-0.0118775
-0.0104357
-0.00734619
-0.00274624
0.00192237
0.00453129
0.00370742
-0.000617904
-0.00693425
-0.0132506
-0.0178506
-0.0194983
-0.0177819
-0.0132506
-0.00727753
-0.00123581
0.00322683
0.00466861
0.00254027
-0.00178506
-0.0068656
-0.0118775
-0.0163401
-0.019567
-0.0208714
-0.0209401
-0.021352
-0.0225878
-0.0229311
-0.0205968
-0.0151043
-0.00817006
-0.00308952
-0.00302086
-0.0081014
-0.0146924
-0.0172326
-0.0133193
-0.00501189
0.00288355
0.00624769
0.00370742
-0.00377608
-0.0137312
-0.0227938
-0.0283549
-0.0300713
-0.0289728
-0.025952
-0.0207341
-0.0124954
-0.00219699
0.00714022
0.0118088
0.0107103
0.00645366
0.00295221
0.00205968
0.00260893
0.00267758
0.00123581
-0.00185371
-0.00583576
-0.00926856
-0.0103671
-0.00885662
-0.00638501
-0.0051492
-0.00645366
-0.00933721
-0.0115342
-0.0116029
-0.0101611
-0.00878796
-0.00830737
-0.00762081
-0.00562979
-0.00247161
0.000549248
0.0023343
0.00315817
0.00377608
0.00391339
0.00212834
-0.00254027
-0.00871931
-0.0133193
-0.0140058
-0.0104357
-0.00480592
0.000137312
0.00260893
0.00199102
-0.00068656
-0.00384473
-0.00631635
-0.0081014
-0.0100238
-0.0124954
-0.0146237
-0.0155162
-0.0146924
-0.0124267
-0.00885662
-0.00439398
-0.000274624
0.00247161
0.00315817
0.00144178
-0.00267758
-0.00865065
-0.014761
-0.0188804
-0.0207341
-0.0214893
-0.0224505
-0.0232057
-0.0219699
-0.0173013
-0.00988646
-0.00288355
-6.8656e-05
-0.0034328
-0.0119461
-0.0216266
-0.0278057
-0.0273251
-0.0201162
-0.00947452
-0.000205968
0.00432533
0.00398205
0.000892528
-0.00322683
-0.00775812
-0.0116715
-0.012976
-0.00954318
-0.00254027
0.00425667
0.00652232
0.00329549
-0.00267758
-0.00693425
-0.00693425
-0.00350145
0.000480592
0.00199102
-0.000755216
-0.0074835
-0.0156536
-0.0218326
-0.023343
-0.0201162
-0.0142804
-0.00871931
-0.00542382
-0.00439398
-0.00418801
-0.00260893
0.00157909
0.0074835
0.0121521
0.0123581
0.00707156
-0.00151043
-0.00947452
-0.0144178
-0.0162715
-0.0162715
-0.0155849
-0.0148983
-0.014967
-0.0157909
-0.0160655
-0.0144864
-0.0114655
-0.00871931
-0.00734619
-0.00659097
-0.0051492
-0.00260893
0.000755216
0.00391339
0.00528651
0.00329549
-0.00212834
-0.00878796
-0.0133193
-0.0137312
-0.0113282
-0.00933721
-0.0102297
-0.0138685
-0.0186058
-0.0227938
-0.0256773
-0.0271878
-0.0264325
-0.0228624
-0.0166147
-0.00940587
-0.0034328
-0.00034328
-0.000755216
-0.00432533
-0.00954318
-0.0135939
-0.0140058
-0.010779
-0.00617904
-0.00308952
-0.00267758
-0.00418801
-0.0057671
-0.00597307
-0.00473726
-0.00295221
-0.00205968
-0.00260893
-0.00398205
-0.00549248
-0.00734619
-0.0104357
-0.0151043
-0.0194983
-0.0199789
-0.0144178
-0.00425667
0.00562979
0.0103671
0.00789544
6.8656e-05
-0.00796409
-0.0111909
-0.00913124
-0.0057671
-0.0057671
-0.0102297
-0.0163401
-0.0205281
-0.021146
-0.0181938
-0.0126327
-0.00693425
-0.00418801
-0.00638501
-0.0120148
-0.0170953
-0.0176446
-0.012976
-0.00611038
-0.00178506
-0.00322683
-0.0100238
-0.0181252
-0.0227938
-0.021146
-0.0140058
-0.00494323
0.0023343
0.00549248
0.00501189
0.00247161
-0.000823872
-0.00446264
-0.00782678
-0.0098178
-0.00926856
-0.00611038
-0.00116715
0.00432533
0.00926856
0.0122208
0.0118775
0.00789544
0.00102984
-0.00755216
-0.0161342
-0.0217639
-0.0223818
-0.0188804
-0.014761
-0.0131819
-0.0140745
-0.014761
-0.0129073
-0.00844468
-0.00336414
6.8656e-05
0.0010985
0.00034328
-0.0010985
-0.00357011
-0.00796409
-0.0145551
-0.021146
-0.0249221
-0.0243729
-0.0202535
-0.0141431
-0.00775812
-0.00240296
0.000205968
-0.00116715
-0.00624769
-0.0120835
-0.0152416
-0.014761
-0.0127014
-0.0122208
-0.0143491
-0.0175759
-0.0190177
-0.0166834
-0.0110536
-0.00459995
-0.000617904
-0.000892528
-0.00508054
-0.0108476
-0.014967
-0.014761
-0.00947452
-0.00178506
0.00363877
0.00350145
-0.00164774
-0.00830737
-0.0132506
-0.0146237
-0.0121521
-0.00665963
-0.00034328
0.00357011
0.00315817
-0.00102984
-0.00672828
-0.0113969
-0.0135252
-0.012564
-0.00961184
-0.0068656
-0.00624769
-0.00762081
-0.00892528
-0.0081014
-0.00466861
-0.000411936
0.00157909
0.000137312
-0.00322683
-0.00556113
-0.00494323
-0.00226565
0.00034328
0.000892528
-0.000755216
-0.00281489
-0.00315817
-0.0010985
0.00199102
0.00391339
0.00357011
0.00185371
0.000137312
-0.000755216
-0.00157909
-0.00370742
-0.00727753
-0.0111223
-0.0131133
-0.0120148
-0.00823872
-0.0040507
-0.00164774
-0.00192237
-0.00411936
-0.0068656
-0.00913124
-0.0104357
-0.0102984
-0.00899393
-0.00775812
-0.00871931
-0.0126327
-0.0175073
-0.019361
-0.0159282
-0.0081014
0.000480592
0.00665963
0.00892528
0.00741484
0.00377608
0.000137312
-0.00164774
-0.00192237
-0.00267758
-0.00583576
-0.0106417
-0.0142118
-0.0137998
-0.0101611
-0.00659097
-0.00590441
-0.00734619
-0.0074835
-0.00398205
0.00226565
0.0074835
0.00789544
0.00274624
-0.00583576
-0.0137998
-0.0181252
-0.0180565
-0.015173
-0.0114655
-0.00796409
-0.0051492
-0.00336414
-0.00212834
-0.000205968
0.00308952
0.00624769
0.00693425
0.00432533
-0.000411936
-0.00542382
-0.00954318
-0.0119461
-0.0126327
-0.0119461
-0.0111909
-0.0116715
-0.0140058
-0.0170953
-0.0194296
-0.0194983
-0.0170953
-0.0134566
-0.0103671
-0.00851334
-0.00727753
-0.0057671
-0.00411936
-0.00254027
-0.000755216
0.00151043
0.00254027
-0.00068656
-0.0101611
-0.0232744
-0.0332981
-0.0337787
-0.0244415
-0.0120148
-0.00535517
-0.0081014
-0.0164088
-0.0229997
-0.0228624
-0.0160655
-0.00624769
0.00192237
0.00542382
0.00370742
-0.00137312
-0.00707156
-0.0111909
-0.0124954
-0.0103671
-0.00528651
0.00123581
0.00652232
0.00844468
0.00652232
0.00315817
0.00102984
0.00130446
0.00281489
0.00370742
0.00267758
-0.000892528
-0.0068656
-0.0137998
-0.0190864
-0.0197729
-0.0146237
-0.00501189
0.00583576
0.0138685
0.0159968
0.0109163
0.000137312
-0.012564
-0.0224505
-0.0264325
-0.0243042
-0.0179192
-0.00974915
-0.00192237
0.00439398
0.00823872
0.00885662
0.00590441
-6.8656e-05
-0.00796409
-0.0158595
-0.0216266
-0.0229997
