LECROYHDO9204-MSöv,30454,Waveform
Segments,1,SegmentSize,2002
Ampl
-0.00315817
-0.00308952
-0.00260893
-0.00288355
-0.00473726
-0.00741484
-0.00899393
-0.00762081
-0.00308952
0.0023343
0.00542382
0.00411936
-0.000411936
-0.00473726
-0.00617904
-0.00487457
-0.00336414
-0.00432533
-0.00837603
-0.0135252
-0.0162715
-0.0146924
-0.0107103
-0.00796409
-0.00782678
-0.00851334
-0.00693425
-0.00247161
0.00254027
0.00453129
0.00205968
-0.00302086
-0.00714022
-0.00782678
-0.0057671
-0.00453129
-0.00775812
-0.0158595
-0.0249221
-0.0293848
-0.0263639
-0.0176446
-0.00830737
-0.00302086
-0.00350145
-0.00837603
-0.0140058
-0.01737
-0.0170953
-0.0145551
-0.0126327
-0.0127014
-0.0133193
-0.0117402
-0.00720888
-0.00205968
0.000823872
-6.8656e-05
-0.00446264
-0.010779
-0.0162028
-0.0180565
-0.0152416
-0.0091999
-0.00336414
-0.00034328
-0.000480592
-0.00219699
-0.00411936
-0.00617904
-0.0091999
-0.0129073
-0.015173
-0.0140058
-0.00913124
-0.00226565
0.00377608
0.00611038
0.0034328
-0.00288355
-0.00954318
-0.0132506
-0.0135939
-0.0119461
-0.0101611
-0.00947452
-0.010573
-0.0133879
-0.0164774
-0.0182625
-0.0177819
-0.0159968
-0.0142804
-0.0132506
-0.012564
-0.0120835
-0.0123581
-0.0142118
-0.01737
-0.0201849
-0.0207341
-0.0185371
-0.0158595
-0.0152416
-0.0179192
-0.0232744
-0.0293161
-0.0338474
-0.0350145
-0.0328176
-0.0286982
-0.0240296
-0.0188804
-0.0117402
-0.00164774
0.00968049
0.0157222
0.00391339
-0.0440085
-0.145551
-0.306274
-0.510663
-0.723291
-0.903924
-1.02606
-1.08703
-1.10426
-1.10213
-1.10014
-1.10721
-1.12321
-1.14326
-1.16035
-1.16832
-1.16482
-1.15335
-1.14209
-1.1388
-1.14552
-1.15795
-1.16866
-1.17223
-1.16763
-1.15775
-1.1469
-1.13859
-1.13296
-1.12767
-1.12012
-1.10955
-1.09747
-1.08579
-1.0757
-1.06712
-1.05984
-1.05469
-1.05311
-1.05655
-1.06458
-1.07495
-1.08449
-1.09094
-1.09369
-1.09348
-1.09211
-1.09211
-1.09582
-1.10351
-1.11278
-1.12005
-1.12287
-1.12204
-1.12019
-1.11978
-1.12129
-1.12342
-1.12417
-1.1228
-1.11992
-1.1171
-1.11587
-1.11696
-1.11998
-1.1228
-1.12225
-1.11724
-1.11051
-1.10646
-1.10735
-1.11154
-1.11525
-1.11614
-1.11415
-1.11072
-1.10783
-1.10646
-1.10673
-1.10742
-1.1068
-1.10426
-1.10062
-1.09767
-1.09719
-1.09966
-1.10371
-1.10667
-1.10646
-1.10323
-1.09966
-1.0998
-1.10701
-1.12198
-1.14113
-1.15809
-1.16681
-1.16475
-1.15225
-1.13021
-1.09856
-1.05737
-1.00842
-0.955348
-0.901178
-0.847627
-0.795242
-0.744368
-0.694936
-0.646259
-0.597101
-0.546845
-0.49549
-0.443998
-0.393124
-0.343348
-0.295152
-0.24977
-0.210087
-0.179055
-0.158183
-0.145551
-0.137381
-0.130172
-0.122139
-0.112802
-0.102503
-0.092205
-0.083623
-0.0773066
-0.072432
-0.0674888
-0.0617217
-0.0554054
-0.0499815
-0.0472353
-0.0482651
-0.0525905
-0.057877
-0.0615157
-0.0617904
-0.0591814
-0.0555427
-0.053483
-0.0540322
-0.0562979
-0.0583576
-0.0586322
-0.0568471
-0.0539636
-0.0513547
-0.0496383
-0.0480592
-0.0459995
-0.0434592
-0.0413309
-0.0403011
-0.0401637
-0.0402324
-0.0403011
-0.0404384
-0.0396831
-0.0359757
-0.0282176
-0.0184685
-0.0105044
-0.00707156
-0.00823872
-0.0119461
-0.0159282
-0.0192237
-0.0223132
-0.0261579
-0.0306206
-0.034328
-0.0359757
-0.036113
-0.0362504
-0.0372115
-0.0382414
-0.0376235
-0.0337101
-0.0265012
-0.0177819
-0.0107103
-0.00837603
-0.0119461
-0.0194983
-0.0264325
-0.0288355
-0.0262266
-0.0221072
-0.0212834
-0.0256773
-0.0326116
-0.0372115
-0.036525
-0.0315131
-0.0251967
-0.0201849
-0.0177132
-0.0178506
-0.0199789
-0.0227938
-0.0249221
-0.0256773
-0.0249221
-0.0231371
-0.0205281
-0.0173013
-0.0135939
-0.00988646
-0.00741484
-0.0068656
-0.00734619
-0.00700291
-0.00453129
-0.00144178
-0.000755216
-0.00494323
-0.0140058
-0.0252654
-0.034328
-0.0376235
-0.0340534
-0.0254027
-0.014761
-0.00556113
-0.000961184
-0.0017164
-0.00590441
-0.0102297
-0.0131133
-0.014967
-0.016958
-0.0196356
-0.0225192
-0.0243729
-0.0236863
-0.0203222
-0.0160655
-0.0132506
-0.0122208
-0.0116715
-0.0103671
-0.00768947
-0.00439398
-0.00144178
-0.000274624
-0.00164774
-0.00535517
-0.00940587
-0.0115342
-0.010779
-0.00830737
-0.00727753
-0.0100238
-0.0159282
-0.0214207
-0.0227251
-0.0187431
-0.0116715
-0.00453129
0.000480592
0.00308952
0.00398205
0.00384473
0.00212834
-0.00205968
-0.008582
-0.0151043
-0.018949
-0.0190864
-0.0166147
-0.0133193
-0.0104357
-0.008582
-0.00775812
-0.00837603
-0.0102984
-0.0127014
-0.0140058
-0.0131819
-0.0107103
-0.0081014
-0.00679694
-0.00707156
-0.00796409
-0.00775812
-0.00528651
-0.0010985
0.00288355
0.00398205
0.000755216
-0.00556113
-0.0117402
-0.0145551
-0.0128387
-0.00796409
-0.00260893
0.000961184
0.00192237
0.000480592
-0.00212834
-0.00384473
-0.00254027
0.00199102
0.00645366
0.00659097
0.00144178
-0.00590441
-0.0110536
-0.012564
-0.0120148
-0.0113282
-0.0117402
-0.0133193
-0.0154476
-0.0168894
-0.0163401
-0.0135252
-0.0091999
-0.00432533
-0.000411936
0.00130446
0.000480592
-0.00185371
-0.00384473
-0.00418801
-0.00267758
0
0.00247161
0.00357011
0.00274624
0.000961184
-0.000617904
-0.00137312
-0.00157909
-0.0023343
-0.00425667
-0.0068656
-0.00933721
-0.0111909
-0.012564
-0.0134566
-0.0131819
-0.0114655
-0.00947452
-0.00906259
-0.010779
-0.012564
-0.0118775
-0.0074835
-0.000892528
0.00528651
0.00885662
0.00899393
0.00624769
0.00164774
-0.00357011
-0.00830737
-0.0111909
-0.0116029
-0.0106417
-0.0102297
-0.0113969
-0.0132506
-0.0143491
-0.0140058
-0.012976
-0.0122208
-0.0123581
-0.0128387
-0.0117402
-0.00755216
-0.00102984
0.00466861
0.00638501
0.00329549
-0.00212834
-0.00617904
-0.00645366
-0.00370742
-0.000755216
0
-0.00185371
-0.00494323
-0.00803275
-0.0102984
-0.0111909
-0.010573
-0.00906259
-0.00789544
-0.00762081
-0.0081014
-0.00954318
-0.0124954
-0.0163401
-0.0184685
-0.0166834
-0.0113969
-0.00535517
-0.00137312
-0.000480592
-0.00164774
-0.00281489
-0.0023343
-0.000411936
0.00123581
0.00102984
-0.000961184
-0.00350145
-0.00542382
-0.00645366
-0.00679694
-0.00679694
-0.00617904
-0.00439398
-0.00137312
0.00116715
0.00068656
-0.00350145
-0.00885662
-0.0112596
-0.00913124
-0.00494323
-0.00240296
-0.00363877
-0.00782678
-0.0126327
-0.0155849
-0.0150357
-0.0107103
-0.00453129
6.8656e-05
-0.000274624
-0.00672828
-0.0166147
-0.0245788
-0.0260206
-0.0205968
-0.0120148
-0.00508054
-0.00212834
-0.00274624
-0.00459995
-0.00583576
-0.00604173
-0.00569845
-0.00487457
-0.00274624
0.00068656
0.00357011
0.0034328
-0.00034328
-0.0057671
-0.0102297
-0.0124954
-0.0133193
-0.0140745
-0.0152416
-0.0162028
-0.0155162
-0.0117402
-0.00459995
0.00398205
0.0104357
0.0119461
0.00789544
0.000892528
-0.00562979
-0.00892528
-0.00892528
-0.00707156
-0.00549248
-0.00611038
-0.00926856
-0.0137998
-0.0178506
-0.0203222
-0.0219013
-0.0229311
-0.0226565
-0.0190177
-0.0111909
-0.000892528
0.00768947
0.0101611
0.00459995
-0.00672828
-0.0183998
-0.0252654
-0.0249908
-0.0186744
-0.0098178
-0.00240296
0.000823872
-0.00068656
-0.00562979
-0.0120835
-0.0180565
-0.0218326
-0.0223818
-0.0206654
-0.0188804
-0.0183311
-0.0178506
-0.0155162
-0.0107103
-0.00446264
0.00178506
0.00624769
0.00789544
0.00652232
0.00329549
0.000205968
-0.00123581
-0.000961184
6.8656e-05
6.8656e-05
-0.00240296
-0.00727753
-0.0130446
-0.0172326
-0.0183998
-0.0164088
-0.012564
-0.00865065
-0.00652232
-0.00707156
-0.00947452
-0.0120835
-0.0132506
-0.0122208
-0.00899393
-0.00459995
-0.000823872
0.00123581
0.00185371
0.00185371
0.00116715
-0.000823872
-0.00418801
-0.00803275
-0.0118775
-0.0158595
-0.0199102
-0.0231371
-0.0239609
-0.0221759
-0.0184685
-0.0144864
-0.0115342
-0.0102297
-0.0101611
-0.0101611
-0.00913124
-0.00645366
-0.00288355
-0.000137312
0.000274624
-0.00205968
-0.00624769
-0.010573
-0.0134566
-0.0146237
-0.0148983
-0.0153103
-0.0156536
-0.0146237
-0.0111909
-0.00624769
-0.00219699
-0.00068656
-0.00151043
-0.00329549
-0.00535517
-0.00741484
-0.00844468
-0.00727753
-0.00384473
-0.000274624
0.00130446
0.000137312
-0.00281489
-0.00604173
-0.00775812
-0.00727753
-0.00501189
-0.00247161
-0.00137312
-0.00240296
-0.00446264
-0.00562979
-0.00494323
-0.00350145
-0.00274624
-0.0023343
-0.00137312
-6.8656e-05
6.8656e-05
-0.00157909
-0.00308952
-0.00151043
0.00377608
0.0104357
0.0144864
0.0132506
0.00720888
-0.000549248
-0.00617904
-0.00768947
-0.00583576
-0.00336414
-0.00267758
-0.00425667
-0.00734619
-0.0107103
-0.0128387
-0.0122894
-0.00768947
0.000549248
0.00961184
0.0148297
0.0124954
0.00329549
-0.00741484
-0.0136625
-0.0131133
-0.00823872
-0.00288355
0.000480592
0.00151043
0.000549248
-0.00185371
-0.00487457
-0.00727753
-0.00741484
-0.00459995
0.000411936
0.00549248
0.00803275
0.00693425
0.00336414
-0.00034328
-0.00247161
-0.00240296
-0.00123581
6.8656e-05
0.00068656
0.000480592
-0.000137312
-0.000755216
-0.00116715
-0.00102984
-0.000274624
0.00137312
0.00391339
0.00617904
0.00562979
0.000274624
-0.00926856
-0.0192923
-0.0253341
-0.0249221
-0.0187431
-0.00947452
-0.000961184
0.00357011
0.00267758
-0.00205968
-0.00665963
-0.0081014
-0.00611038
-0.00288355
-0.00102984
-0.00199102
-0.00562979
-0.0101611
-0.0134566
-0.0138685
-0.0113969
-0.00775812
-0.00556113
-0.00652232
-0.0100924
-0.0141431
-0.0167521
-0.0176446
-0.0170953
-0.0155162
-0.0127014
-0.00933721
-0.0068656
-0.00672828
-0.00968049
-0.0145551
-0.0187431
-0.0201849
-0.0186058
-0.0153789
-0.0118775
-0.00892528
-0.00727753
-0.00741484
-0.00830737
-0.00837603
-0.00672828
-0.00357011
-0.000137312
0.00247161
0.0034328
0.00212834
-0.00102984
-0.00494323
-0.00865065
-0.0118088
-0.0140745
-0.0144864
-0.0124267
-0.00878796
-0.00528651
-0.00322683
-0.00329549
-0.00542382
-0.0081014
-0.00906259
-0.00714022
-0.00391339
-0.00199102
-0.00254027
-0.00459995
-0.00672828
-0.00823872
-0.00878796
-0.00837603
-0.00803275
-0.0098178
-0.0154476
-0.0239609
-0.0314444
-0.0326802
-0.0254714
-0.0124267
0.000480592
0.00762081
0.00679694
-0.000961184
-0.0116715
-0.0203222
-0.0230684
-0.0194296
-0.0120148
-0.00439398
0.000617904
0.0017164
-0.00116715
-0.00693425
-0.0133193
-0.01737
-0.016958
-0.0118775
-0.00329549
0.00652232
0.015173
0.0200475
0.0196356
0.0138685
0.00480592
-0.00446264
-0.0114655
-0.0159968
-0.019361
-0.0223132
-0.0245102
-0.0252654
-0.0248535
-0.0236863
-0.0214893
-0.0177132
-0.0129073
-0.00913124
-0.00837603
-0.0104357
-0.0128387
-0.0129073
-0.00940587
-0.00398205
0.000137312
6.8656e-05
-0.00466861
-0.0120148
-0.0183311
-0.0205968
-0.0181252
-0.0131133
-0.00954318
-0.0101611
-0.0146924
-0.0202535
-0.0236863
-0.0232057
-0.0190864
-0.0132506
-0.00796409
-0.0051492
-0.00501189
-0.00665963
-0.00892528
-0.010573
-0.010779
-0.00954318
-0.00803275
-0.00803275
-0.0101611
-0.0128387
-0.0140745
-0.01277
-0.0098178
-0.00659097
-0.00411936
-0.00274624
-0.00295221
-0.00480592
-0.0074835
-0.00906259
-0.00741484
-0.00212834
0.00521785
0.0113282
0.0132506
0.0091999
-0.000617904
-0.0130446
-0.0232057
-0.0268445
-0.0234803
-0.0164088
-0.010573
-0.00906259
-0.0116029
-0.015173
-0.0164774
-0.0142118
-0.0098178
-0.00631635
-0.00700291
-0.012976
-0.0219699
-0.0290415
-0.029728
-0.023343
-0.0131133
-0.00391339
0.00116715
0.00212834
0.000411936
-0.00240296
-0.00508054
-0.00665963
-0.00624769
-0.00363877
0.00068656
0.0051492
0.0074835
0.00659097
0.00322683
-0.00157909
-0.00762081
-0.0146237
-0.0207341
-0.0227938
-0.0194296
-0.012976
-0.00762081
-0.00617904
-0.00817006
-0.0110536
-0.0123581
-0.0110536
-0.00817006
-0.0051492
-0.00274624
-0.00102984
0.000137312
0.000411936
-0.000823872
-0.00391339
-0.00865065
-0.0140745
-0.0185371
-0.0203222
-0.0187431
-0.0140058
-0.00741484
-0.00130446
0.00137312
-0.00137312
-0.00865065
-0.0175759
-0.0250594
-0.0284236
-0.0260206
-0.0182625
-0.00775812
0.00192237
0.008582
0.0120148
0.0126327
0.0110536
0.00755216
0.00281489
-0.00219699
-0.00679694
-0.0111909
-0.0157222
-0.0194983
-0.0203908
-0.0170267
-0.0115342
-0.00844468
-0.0106417
-0.0157909
-0.0183998
-0.0146924
-0.00624769
0.00199102
0.00569845
0.0034328
-0.00260893
-0.00878796
-0.012976
-0.0157909
-0.0186744
-0.021352
-0.021146
-0.0161342
-0.00817006
-0.00281489
-0.00528651
-0.0164088
-0.0309638
-0.0397518
-0.0367996
-0.0239609
-0.0098178
-0.00219699
-0.00226565
-0.00528651
-0.00583576
-0.0023343
0.00267758
0.00528651
0.00302086
-0.00329549
-0.0102297
-0.0135252
-0.0113969
-0.00569845
-0.000549248
0.000411936
-0.00315817
-0.00865065
-0.012976
-0.015173
-0.0156536
-0.0141431
-0.00968049
-0.00260893
0.00391339
0.00604173
0.00302086
-0.00254027
-0.00789544
-0.0122894
-0.016958
-0.0225878
-0.0278743
-0.0306892
-0.0291101
-0.0228624
-0.0131819
-0.00281489
0.00459995
0.00604173
0.00102984
-0.00803275
-0.0170953
-0.0225878
-0.0226565
-0.0179879
-0.0113282
-0.00659097
-0.00665963
-0.0113969
-0.017164
-0.0196356
-0.0166834
-0.0104357
-0.00508054
-0.00370742
-0.0057671
-0.00837603
-0.0091999
-0.00796409
-0.00604173
-0.00480592
-0.00521785
-0.00741484
-0.0108476
-0.0141431
-0.0153103
-0.0133879
-0.00926856
-0.00494323
-0.00192237
-0.000823872
-0.0017164
-0.00473726
-0.00899393
-0.0123581
-0.0124954
-0.00906259
-0.00453129
-0.00288355
-0.00624769
-0.0131133
-0.0196356
-0.0226565
-0.0209401
-0.0152416
-0.00789544
-0.00178506
0.00068656
-0.000617904
-0.00391339
-0.00659097
-0.00727753
-0.00583576
-0.00363877
-0.0023343
-0.00295221
-0.00535517
-0.00885662
-0.0129073
-0.0170953
-0.0204595
-0.0219699
-0.021352
-0.0186744
-0.0146924
-0.0102984
-0.00700291
-0.0057671
-0.00638501
-0.00734619
-0.00775812
-0.0081014
-0.00933721
-0.0108476
-0.0108476
-0.00803275
-0.00336414
0.000205968
0
-0.00391339
-0.00885662
-0.0115342
-0.0109163
-0.00823872
-0.00597307
-0.00549248
-0.00652232
-0.00830737
-0.0106417
-0.0135939
-0.0166147
-0.0173013
-0.0128387
-0.00391339
0.00508054
0.00837603
0.00398205
-0.00508054
-0.0131133
-0.0162028
-0.0139372
-0.00940587
-0.00672828
-0.00803275
-0.0116715
-0.0137998
-0.0122208
-0.00865065
-0.00679694
-0.00906259
-0.0142804
-0.0190177
-0.0205281
-0.0177819
-0.0116715
-0.00439398
0.00212834
0.00672828
0.00878796
0.00817006
0.00542382
0.00130446
-0.00267758
-0.00487457
-0.00411936
-0.00144178
0.000755216
0.000480592
-0.00178506
-0.00398205
-0.00432533
-0.00302086
-0.00151043
-0.000823872
-0.0010985
-0.00192237
-0.00329549
-0.00549248
-0.00830737
-0.0102297
-0.00933721
-0.00562979
-0.00164774
-0.000274624
-0.0023343
-0.00638501
-0.010573
-0.0142804
-0.0170267
-0.0175759
-0.0151043
-0.0102984
-0.00542382
-0.00260893
-0.0023343
-0.00377608
-0.00569845
-0.00762081
-0.00926856
-0.00988646
-0.00823872
-0.00391339
0.00137312
0.00487457
0.00487457
0.00185371
-0.0017164
-0.00363877
-0.00384473
-0.00411936
-0.0057671
-0.00830737
-0.0102984
-0.0114655
-0.01277
-0.0140058
-0.0133193
-0.0091999
-0.00260893
0.00411936
0.0091999
0.0119461
0.0120835
0.00906259
0.00260893
-0.00631635
-0.0150357
-0.0194296
-0.0166147
-0.00700291
0.00501189
0.0136625
0.0148297
0.008582
-0.00164774
-0.0105044
-0.0135252
-0.0100238
-0.00398205
-0.000617904
-0.0023343
-0.00652232
-0.00926856
-0.00899393
-0.00665963
-0.00411936
-0.00205968
-0.000549248
-0.000205968
-0.00192237
-0.00624769
-0.0118088
-0.0156536
-0.0155849
-0.0124954
-0.00954318
-0.0091999
-0.010985
-0.012564
-0.0122894
-0.0102984
-0.0074835
-0.00411936
6.8656e-05
0.00494323
0.00954318
0.0126327
0.0139372
0.0137998
0.0120148
0.00796409
0.00178506
-0.00446264
-0.00775812
-0.00611038
-0.000137312
0.00714022
0.0126327
0.0144178
0.01277
0.00968049
0.00707156
0.00528651
0.00322683
0.000617904
-0.0017164
-0.00274624
-0.0023343
-0.00144178
-0.000961184
-0.00102984
-0.000961184
0.000480592
0.00425667
0.00988646
0.0142804
0.0133193
0.00562979
-0.00556113
-0.0144178
-0.016958
-0.0136625
-0.00796409
-0.00295221
0.000274624
0.00199102
0.00205968
0.000480592
-0.00212834
-0.00487457
-0.00727753
-0.0091999
-0.0103671
-0.0107103
-0.0105044
-0.0098178
-0.00830737
-0.00624769
-0.00494323
-0.00542382
-0.00720888
-0.00865065
-0.00892528
-0.00892528
-0.0098178
-0.0114655
-0.0118775
-0.0091999
-0.0034328
0.00377608
0.0100238
0.0133193
0.0128387
0.00940587
0.00453129
6.8656e-05
-0.00274624
-0.00391339
-0.00432533
-0.00542382
-0.00823872
-0.012976
-0.0186058
-0.0227251
-0.0223818
-0.0163401
-0.00714022
0.000961184
0.00521785
0.00528651
0.00240296
-0.00267758
-0.00974915
-0.0179192
-0.0251281
-0.0282176
-0.0256087
-0.0190177
-0.0122894
-0.00803275
-0.00652232
-0.00665963
-0.00775812
-0.00974915
-0.0114655
-0.0113282
-0.00803275
-0.00219699
0.00377608
0.00624769
0.0023343
-0.0074835
-0.0181938
-0.023549
-0.0208028
-0.0122894
-0.00267758
0.00453129
0.00755216
0.00590441
0.000411936
-0.00700291
-0.0138685
-0.0179192
-0.0179192
-0.0141431
-0.00892528
-0.00583576
-0.00741484
-0.0129073
-0.0186744
-0.0203222
-0.0165461
-0.0100924
-0.00501189
-0.00370742
-0.00583576
-0.0100924
-0.0146237
-0.01737
-0.0162028
-0.0106417
-0.00308952
0.00302086
0.0051492
0.00254027
-0.00370742
-0.010985
-0.0161342
-0.01737
-0.0157222
-0.0138685
-0.0131133
-0.0128387
-0.0115342
-0.00899393
-0.00652232
-0.00569845
-0.00720888
-0.00947452
-0.00995512
-0.00665963
-0.000480592
0.00466861
0.00459995
-0.00212834
-0.0128387
-0.0222445
-0.0260206
-0.0234803
-0.0178506
-0.0124954
-0.00878796
-0.00604173
-0.00357011
-0.00137312
-0.00034328
-0.0017164
-0.00665963
-0.0144178
-0.0220386
-0.025952
-0.0251967
-0.0214207
-0.0177819
-0.0159282
-0.0153103
-0.0138685
-0.0102984
-0.00556113
-0.00199102
-0.000961184
-0.00192237
-0.00336414
-0.00432533
-0.00446264
-0.00363877
-0.00164774
0.000480592
0.00144178
0.000549248
-0.0010985
-0.00205968
-0.00164774
-0.000411936
0.000137312
-0.00102984
-0.00432533
-0.0091999
-0.0146237
-0.0186058
-0.019361
-0.0166834
-0.0127014
-0.0106417
-0.0124954
-0.0175759
-0.0228624
-0.0245102
-0.0208028
-0.0132506
-0.00597307
-0.00267758
-0.00432533
-0.00940587
-0.0158595
-0.0219013
-0.0258146
-0.0262266
-0.0228624
-0.0170953
-0.0112596
-0.00693425
-0.00480592
-0.00391339
-0.00274624
-0.000274624
0.00254027
0.00302086
-0.000274624
-0.0057671
-0.00995512
-0.0100924
-0.00638501
-0.00151043
0.00137312
0.000823872
-0.00192237
-0.00432533
-0.00549248
-0.00624769
-0.0074835
-0.00782678
-0.00446264
0.00315817
0.0119461
0.0176446
0.0177132
0.01277
0.00521785
-0.00288355
-0.0100924
-0.0160655
-0.0202535
-0.0214893
-0.0186744
-0.0123581
-0.0051492
0.000205968
0.00219699
0.000617904
-0.00288355
-0.00569845
-0.00583576
-0.00384473
-0.00157909
-0.000617904
-0.00164774
-0.00473726
-0.00968049
-0.0151043
-0.0190864
-0.0203222
-0.019155
-0.0166834
-0.0138685
-0.0111909
-0.00892528
-0.00707156
-0.00535517
-0.00363877
-0.00185371
0.000205968
0.00199102
0.00260893
0.00199102
0.000823872
-0.00034328
-0.0023343
-0.00604173
-0.0105044
-0.0136625
-0.0140058
-0.0116715
-0.00817006
-0.00473726
-0.00226565
-0.00116715
-0.00137312
-0.00240296
-0.00363877
-0.00418801
-0.00260893
0.00123581
0.00487457
0.00425667
-0.00254027
-0.0124267
-0.0197043
-0.021146
-0.0179192
-0.0137312
-0.010779
-0.00885662
-0.00679694
-0.00425667
-0.00212834
-0.00116715
-0.00123581
-0.00144178
-0.000755216
0.00151043
0.00425667
0.00521785
0.00240296
-0.00377608
-0.00988646
-0.0124267
-0.0103671
-0.00569845
-0.00137312
0.000755216
0.000549248
-0.000549248
-0.000755216
0.000205968
0.00102984
0.000205968
-0.00267758
-0.0068656
-0.0111223
-0.0135252
-0.0127014
-0.00851334
-0.00329549
-0.000137312
-0.00068656
-0.00453129
-0.00988646
-0.0143491
-0.0154476
-0.0124954
-0.00652232
-0.000411936
0.00302086
0.00260893
-0.000617904
-0.00377608
-0.00446264
-0.00329549
-0.00322683
-0.00611038
-0.0102984
-0.0120835
-0.00933721
-0.00329549
0.00247161
0.00508054
0.00432533
0.00212834
0.000617904
0.000274624
0.000549248
0.000961184
0.00116715
0.000617904
-0.00102984
-0.0034328
-0.00521785
-0.00556113
-0.00501189
-0.00508054
-0.00693425
-0.0106417
-0.0151043
-0.0186744
-0.0197729
-0.0177132
-0.0133193
-0.00851334
-0.00542382
-0.00556113
-0.0091999
-0.0154476
-0.0222445
-0.0268445
-0.0273937
-0.0236863
-0.0175073
-0.0113282
-0.00707156
-0.00501189
-0.00466861
-0.00473726
-0.00398205
-0.0017164
0.00123581
0.00247161
-6.8656e-05
-0.00604173
-0.0124954
-0.0164774
-0.0173013
-0.0165461
-0.0162028
-0.0175073
-0.0199789
-0.0223132
-0.0231371
-0.0222445
-0.0197729
-0.0153103
-0.00796409
0.00116715
0.008582
0.0107103
0.00693425
-0.000274624
-0.00775812
-0.012976
-0.014967
-0.0134566
-0.0091999
-0.00384473
0.000480592
0.00192237
-0.000480592
-0.00590441
-0.0121521
-0.0168894
-0.0198416
-0.0218326
-0.0230684
-0.0225192
-0.019567
-0.0156536
-0.0127014
-0.0115342
-0.0113969
-0.010985
-0.00913124
-0.00542382
-0.00157909
-0.000755216
-0.00418801
-0.00954318
-0.0123581
-0.010779
-0.00741484
-0.00672828
-0.010573
-0.0163401
-0.0197729
-0.018949
-0.0158595
-0.0136625
-0.0135939
-0.0148297
-0.0160655
-0.0164774
-0.0153789
-0.0114655
-0.00425667
0.00446264
0.0104357
0.0098178
0.00205968
-0.0091999
-0.019155
-0.0247848
-0.025952
-0.0241669
-0.0206654
-0.0165461
-0.0126327
-0.00947452
-0.00762081
-0.00775812
-0.0102984
-0.0138685
-0.0159968
-0.0152416
-0.01277
-0.0106417
-0.00968049
-0.00926856
-0.00885662
-0.008582
-0.00878796
-0.00954318
-0.00995512
-0.00851334
-0.00473726
-0.000137312
0.00254027
0.00192237
-0.000892528
-0.00315817
-0.00322683
-0.00192237
-0.000961184
-0.00157909
-0.00357011
-0.0051492
-0.00494323
-0.00398205
-0.00549248
-0.0117402
-0.0210774
-0.0289728
-0.0311012
-0.0262952
-0.0162028
-0.00411936
0.00604173
0.0111909
0.0110536
0.00734619
0.00226565
-0.00260893
-0.0057671
-0.00638501
-0.00501189
-0.00370742
-0.0040507
-0.00611038
-0.00871931
-0.010985
-0.0124267
-0.0131133
-0.012976
-0.0117402
-0.00913124
-0.00590441
-0.00322683
-0.00212834
-0.00205968
-0.0023343
-0.00281489
-0.00418801
-0.00762081
-0.0133879
-0.0198416
-0.0243729
-0.0247161
-0.0205968
-0.0140058
-0.00755216
-0.00295221
-0.00034328
0.000892528
0.00157909
0.00192237
0.00178506
0.000549248
-0.00240296
-0.00700291
-0.0120835
-0.0157909
-0.0163401
-0.0128387
-0.00583576
0.00205968
0.0074835
0.00837603
0.00556113
0.00157909
-0.00116715
-0.00192237
-0.00192237
-0.00315817
-0.00611038
-0.00913124
-0.0100238
-0.00823872
-0.00569845
-0.00494323
-0.00693425
-0.0105044
-0.0130446
-0.0123581
-0.0081014
-0.00240296
0.00137312
0.000755216
-0.00391339
-0.00988646
-0.0134566
-0.0124267
-0.00755216
-0.00151043
0.00274624
0.00391339
0.00199102
-0.0017164
-0.00583576
-0.00906259
-0.0103671
-0.0098178
-0.00782678
-0.00549248
-0.00432533
-0.00569845
-0.00899393
-0.0116715
-0.0109163
-0.00604173
0.000617904
0.00508054
0.00411936
-0.00322683
-0.0139372
-0.0225878
-0.0242356
-0.0181938
-0.0081014
0.0010985
0.00665963
0.00851334
0.00768947
0.00521785
0.00157909
-0.00295221
-0.00762081
-0.0115342
-0.0137998
-0.014761
-0.0148983
-0.0145551
-0.0140745
-0.0139372
-0.0146237
-0.0162028
-0.0177819
-0.0181252
-0.0165461
-0.0137312
-0.010985
-0.00899393
-0.0074835
-0.00631635
-0.00569845
-0.00590441
-0.00638501
-0.00665963
-0.0068656
-0.00741484
-0.00823872
-0.00885662
-0.00988646
-0.012564
-0.016958
-0.0210774
-0.0217639
-0.0179879
-0.0116029
-0.00535517
-0.000823872
