LECROYHDO9204-MSöv,30454,Waveform
Segments,1,SegmentSize,2002
Ampl
-0.00652232
-0.00508054
-0.00466861
-0.00604173
-0.00892528
-0.0116029
-0.0126327
-0.0120148
-0.0100924
-0.00720888
-0.00384473
-0.00123581
-0.00130446
-0.00508054
-0.0111223
-0.0162715
-0.0179879
-0.0163401
-0.0137312
-0.0124954
-0.0132506
-0.0148297
-0.0152416
-0.0129073
-0.00803275
-0.00336414
-0.00247161
-0.00714022
-0.015173
-0.0221072
-0.0244415
-0.0208028
-0.0124267
-0.00185371
0.00672828
0.00913124
0.00418801
-0.00528651
-0.0146924
-0.0212147
-0.0246475
-0.0260206
-0.0254027
-0.0219013
-0.0154476
-0.00789544
-0.00178506
0.00123581
0.00144178
0.000411936
-0.000755216
-0.00205968
-0.00473726
-0.00961184
-0.0159282
-0.0206654
-0.0210774
-0.016958
-0.0105044
-0.00432533
0.000411936
0.00377608
0.00562979
0.00535517
0.00350145
0.00178506
0.00130446
0.00034328
-0.00398205
-0.0126327
-0.023549
-0.032337
-0.0355638
-0.0321996
-0.0243729
-0.0157222
-0.00968049
-0.00823872
-0.0111909
-0.0156536
-0.0181938
-0.0178506
-0.0167521
-0.0174386
-0.0194296
-0.0197043
-0.0166834
-0.0118088
-0.00782678
-0.00583576
-0.00611038
-0.008582
-0.0135252
-0.0198416
-0.0254027
-0.0280116
-0.0271878
-0.0246475
-0.0230684
-0.0238236
-0.0261579
-0.0278743
-0.0274624
-0.0249908
-0.0219699
-0.0201162
-0.0203908
-0.0223818
-0.0243729
-0.0249908
-0.0242356
-0.0232057
-0.0222445
-0.0209401
-0.0179192
-0.012564
-0.00782678
-0.0133193
-0.0471667
-0.130721
-0.276546
-0.47558
-0.69473
-0.890331
-1.02805
-1.0974
-1.11257
-1.10117
-1.08984
-1.09369
-1.11374
-1.14099
-1.16413
-1.17546
-1.17429
-1.16571
-1.15685
-1.15342
-1.15713
-1.1655
-1.17333
-1.17512
-1.16901
-1.15761
-1.14532
-1.13584
-1.12987
-1.12568
-1.1204
-1.11099
-1.09671
-1.07962
-1.06437
-1.05538
-1.05414
-1.05847
-1.06465
-1.0698
-1.07309
-1.07625
-1.08113
-1.08792
-1.09513
-1.10083
-1.10474
-1.10756
-1.11017
-1.11312
-1.11738
-1.12355
-1.13118
-1.13818
-1.14195
-1.14099
-1.13591
-1.12967
-1.12534
-1.12404
-1.12438
-1.12424
-1.12246
-1.12005
-1.11875
-1.11882
-1.11868
-1.11641
-1.11195
-1.10721
-1.10385
-1.1022
-1.10165
-1.10165
-1.10241
-1.10406
-1.10687
-1.11106
-1.11696
-1.12397
-1.13001
-1.13179
-1.1274
-1.11806
-1.10804
-1.10179
-1.10076
-1.1033
-1.10687
-1.11024
-1.11429
-1.1204
-1.12829
-1.13632
-1.14244
-1.14525
-1.14408
-1.13832
-1.12761
-1.11175
-1.09046
-1.06321
-1.02915
-0.987685
-0.939008
-0.884701
-0.827167
-0.768947
-0.711619
-0.655665
-0.600946
-0.546707
-0.492744
-0.43878
-0.385503
-0.334561
-0.288836
-0.250457
-0.219836
-0.194708
-0.172189
-0.150357
-0.129691
-0.112184
-0.0997571
-0.0920677
-0.0869185
-0.0821125
-0.0776499
-0.0749723
-0.0749723
-0.0764141
-0.0765514
-0.0731186
-0.0663903
-0.0587009
-0.0520412
-0.0468234
-0.042498
-0.0398891
-0.0405757
-0.045107
-0.0507368
-0.0538263
-0.0527964
-0.0492263
-0.0463428
-0.0464801
-0.0497069
-0.053689
-0.0551994
-0.0529338
-0.0480592
-0.0433906
-0.0411936
-0.0412622
-0.0416742
-0.0394772
-0.0332981
-0.0253341
-0.0201849
-0.0208714
-0.0256773
-0.0300713
-0.0303459
-0.0260893
-0.0188804
-0.0111909
-0.00562979
-0.00453129
-0.00878796
-0.01737
-0.0276684
-0.0365936
-0.0413995
-0.0407816
-0.0360444
-0.0303459
-0.0267072
-0.0258833
-0.0265012
-0.0266385
-0.0261579
-0.0260206
-0.0269131
-0.0278743
-0.0275997
-0.0254714
-0.0223818
-0.0198416
-0.019361
-0.021146
-0.0243042
-0.0273251
-0.0286982
-0.0281489
-0.027531
-0.0291788
-0.0335728
-0.0381727
-0.0392026
-0.0350145
-0.0269131
-0.0187431
-0.0140745
-0.0136625
-0.0158595
-0.0185371
-0.0210774
-0.023343
-0.0245102
-0.0232744
-0.019567
-0.0148297
-0.0102297
-0.00672828
-0.0051492
-0.0068656
-0.0119461
-0.0190864
-0.0261579
-0.0311698
-0.0327489
-0.0308952
-0.0271878
-0.0240296
-0.0228624
-0.023343
-0.0236177
-0.0223818
-0.0198416
-0.0170267
-0.0146237
-0.012564
-0.010779
-0.00913124
-0.0081014
-0.00775812
-0.00762081
-0.00624769
-0.00226565
0.00384473
0.00871931
0.00851334
0.0023343
-0.00638501
-0.0124954
-0.0134566
-0.0101611
-0.00569845
-0.00295221
-0.00315817
-0.00597307
-0.00961184
-0.0120148
-0.0122208
-0.0113969
-0.0111909
-0.01277
-0.0152416
-0.0166147
-0.0153103
-0.0118775
-0.00913124
-0.00974915
-0.0136625
-0.0176446
-0.0182625
-0.0145551
-0.00892528
-0.00439398
-0.00302086
-0.0040507
-0.00549248
-0.0057671
-0.00521785
-0.00617904
-0.0102297
-0.0163401
-0.0214893
-0.023343
-0.021558
-0.0170953
-0.0114655
-0.00659097
-0.00466861
-0.00652232
-0.0109163
-0.014967
-0.0157909
-0.0120148
-0.00446264
0.00370742
0.00817006
0.00665963
0.000617904
-0.00597307
-0.0091999
-0.00755216
-0.00212834
0.00425667
0.00817006
0.00782678
0.00398205
-0.000892528
-0.00459995
-0.00624769
-0.00645366
-0.00604173
-0.0051492
-0.00391339
-0.00288355
-0.00308952
-0.00466861
-0.00631635
-0.00583576
-0.00254027
0.00185371
0.00425667
0.00254027
-0.00281489
-0.00906259
-0.0134566
-0.0146237
-0.0132506
-0.0112596
-0.0104357
-0.0118088
-0.0154476
-0.0198416
-0.0217639
-0.0181938
-0.0091999
0.0017164
0.00988646
0.0120835
0.00830737
0.00151043
-0.00432533
-0.00645366
-0.00487457
-0.00151043
0.00116715
0.00199102
0.00151043
0.000823872
0.000892528
0.0010985
0.000480592
-0.0010985
-0.00322683
-0.00521785
-0.00707156
-0.008582
-0.00906259
-0.00789544
-0.00535517
-0.00315817
-0.00281489
-0.00384473
-0.00473726
-0.00446264
-0.00377608
-0.00398205
-0.00611038
-0.00974915
-0.0124954
-0.0111909
-0.00418801
0.00652232
0.0156536
0.0185371
0.0134566
0.00308952
-0.00720888
-0.0130446
-0.0133193
-0.0102984
-0.00665963
-0.00370742
-0.00164774
-0.000205968
0.000755216
0.00164774
0.00254027
0.00295221
0.00192237
-0.00123581
-0.00665963
-0.0130446
-0.0176446
-0.0173013
-0.0112596
-0.0023343
0.00480592
0.00665963
0.00322683
-0.00295221
-0.00817006
-0.00899393
-0.00494323
0.00116715
0.00501189
0.00377608
-0.0017164
-0.00851334
-0.0133193
-0.0145551
-0.01277
-0.00988646
-0.00803275
-0.00871931
-0.0127014
-0.0188804
-0.0245102
-0.0266385
-0.0240296
-0.0180565
-0.0110536
-0.00446264
0.00144178
0.00604173
0.00823872
0.0068656
0.00192237
-0.00508054
-0.0112596
-0.0133193
-0.0098178
-0.00219699
0.00556113
0.0091999
0.00707156
0.000755216
-0.00590441
-0.00913124
-0.00755216
-0.00240296
0.00350145
0.00700291
0.00604173
0.000823872
-0.00604173
-0.0112596
-0.01277
-0.0104357
-0.00569845
-0.000823872
0.00137312
-0.000755216
-0.0057671
-0.00899393
-0.00645366
0.00157909
0.0107103
0.0157222
0.0144864
0.00817006
-0.000205968
-0.00727753
-0.0105044
-0.00892528
-0.00384473
0.00185371
0.00494323
0.00391339
-6.8656e-05
-0.00446264
-0.00762081
-0.0098178
-0.0120148
-0.0142804
-0.0162715
-0.0183311
-0.0214207
-0.0250594
-0.0270505
-0.0243042
-0.0157909
-0.00377608
0.00693425
0.0121521
0.0104357
0.00370742
-0.00446264
-0.0110536
-0.0151043
-0.0170953
-0.0176446
-0.0166147
-0.0138685
-0.00974915
-0.0051492
-0.00130446
0.000274624
-0.00178506
-0.00762081
-0.0151043
-0.0201162
-0.0190864
-0.0118775
-0.00192237
0.00556113
0.00672828
0.000617904
-0.00974915
-0.0186744
-0.021146
-0.0164088
-0.00830737
-0.00185371
0.000617904
6.8656e-05
-0.00164774
-0.00384473
-0.00652232
-0.00906259
-0.0104357
-0.0106417
-0.0108476
-0.0116715
-0.0116715
-0.00865065
-0.00247161
0.00398205
0.00720888
0.00535517
-0.000480592
-0.00762081
-0.012976
-0.0146924
-0.0127014
-0.0081014
-0.00288355
0.0010985
0.00295221
0.00267758
0.000617904
-0.00288355
-0.00782678
-0.0134566
-0.0181252
-0.0201849
-0.0188804
-0.0152416
-0.0114655
-0.00865065
-0.00665963
-0.00535517
-0.00583576
-0.008582
-0.0118088
-0.0118775
-0.00741484
-0.00102984
0.00288355
0.00192237
-0.00329549
-0.0108476
-0.0183998
-0.023549
-0.0238236
-0.0181252
-0.00851334
0.000617904
0.00569845
0.00556113
0.00157909
-0.00453129
-0.0110536
-0.0155162
-0.0153789
-0.0106417
-0.00473726
-0.00254027
-0.00624769
-0.0140745
-0.0214893
-0.0241669
-0.0210087
-0.0137312
-0.00562979
0.000549248
0.00295221
0.000961184
-0.00494323
-0.0131133
-0.0210774
-0.0263639
-0.0273937
-0.023755
-0.0168894
-0.00933721
-0.00411936
-0.00308952
-0.00631635
-0.0117402
-0.0158595
-0.0161342
-0.0124267
-0.00720888
-0.00357011
-0.00370742
-0.00762081
-0.0131133
-0.0166147
-0.0151043
-0.0081014
0.00151043
0.00906259
0.0111909
0.00775812
0.00178506
-0.00240296
-0.00240296
0.000961184
0.00425667
0.00459995
0.00185371
-0.00151043
-0.00315817
-0.00240296
-0.000755216
-0.000274624
-0.00254027
-0.0074835
-0.0129073
-0.0156536
-0.0135252
-0.00693425
0.00123581
0.00693425
0.00796409
0.00473726
-0.000137312
-0.00384473
-0.00480592
-0.00308952
-0.000274624
0.00116715
-0.00034328
-0.00357011
-0.00528651
-0.00357011
-6.8656e-05
0.00178506
-0.00034328
-0.00583576
-0.0122208
-0.0173013
-0.0201162
-0.0210774
-0.0207341
-0.018949
-0.0157222
-0.0120148
-0.0098178
-0.0100238
-0.0116715
-0.0124267
-0.0111909
-0.00878796
-0.00741484
-0.00823872
-0.0102984
-0.0116715
-0.0112596
-0.00954318
-0.00775812
-0.00652232
-0.00583576
-0.00542382
-0.0051492
-0.00508054
-0.00528651
-0.00645366
-0.00933721
-0.0140745
-0.018949
-0.0206654
-0.016958
-0.00892528
6.8656e-05
0.00611038
0.00700291
0.00302086
-0.00322683
-0.008582
-0.0118088
-0.0137998
-0.0158595
-0.0170953
-0.0148297
-0.00734619
0.00315817
0.0113969
0.0129073
0.00768947
-0.000137312
-0.00665963
-0.0111909
-0.0155849
-0.0207341
-0.0249221
-0.0249908
-0.0194983
-0.0101611
-0.00137312
0.00254027
0.000411936
-0.00521785
-0.00988646
-0.0109163
-0.00837603
-0.00432533
-0.000755216
0.00116715
0.00137312
-0.000205968
-0.00288355
-0.0051492
-0.00473726
-0.00068656
0.00562979
0.0111909
0.0129073
0.00947452
0.00164774
-0.0074835
-0.0140745
-0.015173
-0.010573
-0.00308952
0.00260893
0.00260893
-0.00357011
-0.0122208
-0.0175073
-0.0161342
-0.00974915
-0.00350145
-0.00178506
-0.00569845
-0.0131819
-0.0207341
-0.0252654
-0.0251281
-0.021352
-0.0158595
-0.0100924
-0.00418801
0.00130446
0.00459995
0.00363877
-0.00157909
-0.00823872
-0.0133193
-0.0159282
-0.01737
-0.0192237
-0.0212147
-0.0208714
-0.0165461
-0.00968049
-0.00432533
-0.00336414
-0.00597307
-0.00837603
-0.00823872
-0.00734619
-0.00961184
-0.0161342
-0.023755
-0.0273937
-0.0240982
-0.0154476
-0.00590441
0.000480592
0.0023343
0.000892528
-0.00144178
-0.00240296
-0.00164774
-0.000137312
0.00034328
-0.00116715
-0.00418801
-0.00714022
-0.00851334
-0.00741484
-0.0034328
0.00274624
0.0091999
0.0135939
0.0146924
0.0129073
0.00968049
0.0057671
0.00116715
-0.00466861
-0.0114655
-0.0180565
-0.0227251
-0.0240296
-0.0216953
-0.0163401
-0.00974915
-0.00446264
-0.00315817
-0.00652232
-0.0118775
-0.0148297
-0.0129073
-0.00768947
-0.00302086
-0.00151043
-0.0034328
-0.00714022
-0.0106417
-0.0123581
-0.0122894
-0.0116715
-0.0120835
-0.0143491
-0.0175073
-0.0192237
-0.0177819
-0.0141431
-0.0113969
-0.0121521
-0.0155849
-0.0188804
-0.0198416
-0.0185371
-0.0161342
-0.0133879
-0.0104357
-0.00768947
-0.00665963
-0.00906259
-0.0153789
-0.023755
-0.0306892
-0.0332295
-0.0302086
-0.0227251
-0.0140058
-0.0081014
-0.00803275
-0.0129073
-0.0179192
-0.0181938
-0.0133879
-0.00768947
-0.00617904
-0.0102297
-0.0167521
-0.0208714
-0.019567
-0.0140058
-0.00796409
-0.00473726
-0.0051492
-0.0081014
-0.0120148
-0.0156536
-0.0180565
-0.0185371
-0.016958
-0.0142804
-0.0119461
-0.010779
-0.010779
-0.010985
-0.0102297
-0.00796409
-0.0051492
-0.00439398
-0.00796409
-0.0150357
-0.0217639
-0.0239609
-0.0205968
-0.0144178
-0.00954318
-0.00899393
-0.0130446
-0.0196356
-0.0247161
-0.0240982
-0.0160655
-0.0040507
0.00569845
0.00817006
0.00384473
-0.00274624
-0.00707156
-0.00755216
-0.00556113
-0.00336414
-0.00315817
-0.00562979
-0.00954318
-0.0122894
-0.0127014
-0.0113282
-0.00947452
-0.00803275
-0.00727753
-0.0074835
-0.00892528
-0.010573
-0.010779
-0.00892528
-0.0068656
-0.00734619
-0.0111909
-0.0156536
-0.0168207
-0.0133879
-0.00803275
-0.00480592
-0.0051492
-0.00727753
-0.00871931
-0.00837603
-0.00665963
-0.00432533
-0.00205968
-0.000823872
-0.00205968
-0.00665963
-0.0134566
-0.0188804
-0.0194296
-0.0144178
-0.00672828
-0.000480592
0.00164774
-0.000755216
-0.00659097
-0.0136625
-0.0192923
-0.0214893
-0.0194296
-0.0137998
-0.00624769
0.00123581
0.00638501
0.00700291
0.00212834
-0.00672828
-0.0159282
-0.0219013
-0.0232744
-0.021146
-0.0174386
-0.0131133
-0.00823872
-0.00357011
-0.00130446
-0.00281489
-0.00631635
-0.00803275
-0.00638501
-0.00329549
-0.00254027
-0.00556113
-0.0102297
-0.0127014
-0.0107103
-0.0051492
0.00034328
0.0023343
0.000411936
-0.00308952
-0.00562979
-0.00679694
-0.00789544
-0.0100924
-0.0136625
-0.0176446
-0.0208028
-0.0218326
-0.0203222
-0.0168894
-0.0127014
-0.00913124
-0.00700291
-0.00645366
-0.00672828
-0.00652232
-0.00508054
-0.00322683
-0.00254027
-0.0034328
-0.00466861
-0.00521785
-0.00611038
-0.00926856
-0.014967
-0.021352
-0.0256087
-0.025952
-0.0223818
-0.0160655
-0.00885662
-0.00308952
-0.00123581
-0.00411936
-0.0100924
-0.0155849
-0.0175073
-0.0154476
-0.0115342
-0.00933721
-0.0111223
-0.0159968
-0.0203908
-0.0212834
-0.0183998
-0.0143491
-0.0122208
-0.0128387
-0.0144864
-0.0144864
-0.0120835
-0.00913124
-0.00837603
-0.0102984
-0.0122894
-0.0109163
-0.00556113
0.00144178
0.00631635
0.00645366
0.00137312
-0.00762081
-0.0166834
-0.021352
-0.019361
-0.0128387
-0.00659097
-0.00473726
-0.008582
-0.0156536
-0.0214207
-0.0219013
-0.0170267
-0.0104357
-0.00631635
-0.00569845
-0.00672828
-0.0074835
-0.00789544
-0.00940587
-0.012976
-0.0172326
-0.0192237
-0.016958
-0.0120835
-0.00789544
-0.0068656
-0.00878796
-0.0113969
-0.0122894
-0.0110536
-0.00892528
-0.00755216
-0.00707156
-0.00631635
-0.00494323
-0.00439398
-0.00700291
-0.0133193
-0.0212147
-0.0267758
-0.0265699
-0.0208714
-0.0131819
-0.00823872
-0.00775812
-0.00974915
-0.0106417
-0.00871931
-0.00542382
-0.00308952
-0.00212834
-0.000961184
0.00157909
0.00494323
0.00700291
0.00624769
0.00322683
-0.000137312
-0.0023343
-0.00322683
-0.00336414
-0.00377608
-0.00583576
-0.0106417
-0.01737
-0.0223132
-0.0221759
-0.017164
-0.0106417
-0.00617904
-0.00473726
-0.00521785
-0.00652232
-0.00823872
-0.0098178
-0.00988646
-0.00693425
-0.00144178
0.00363877
0.00542382
0.00391339
0.00151043
0.00034328
0.00068656
0.00116715
0.000137312
-0.00302086
-0.00741484
-0.0107103
-0.010985
-0.00817006
-0.00466861
-0.00315817
-0.00501189
-0.00961184
-0.014761
-0.0181252
-0.0186058
-0.0163401
-0.012976
-0.00947452
-0.00556113
-0.00116715
0.00219699
0.00212834
-0.00164774
-0.00652232
-0.00899393
-0.00837603
-0.0068656
-0.00762081
-0.0112596
-0.0153789
-0.0166834
-0.0139372
-0.00885662
-0.00432533
-0.00240296
-0.00411936
-0.00878796
-0.0134566
-0.0144178
-0.00995512
-0.0023343
0.00357011
0.00521785
0.00411936
0.00384473
0.0057671
0.00707156
0.00363877
-0.0057671
-0.0178506
-0.0274624
-0.0311012
-0.0287669
-0.0226565
-0.0161342
-0.0121521
-0.0124954
-0.0164774
-0.0212834
-0.0234117
-0.0207341
-0.0134566
-0.0040507
0.00384473
0.00714022
0.00508054
-6.8656e-05
-0.00556113
-0.00995512
-0.0142804
-0.0196356
-0.0250594
-0.027737
-0.0250594
-0.017164
-0.00762081
-0.00151043
-0.00178506
-0.00755216
-0.014967
-0.0200475
-0.021558
-0.0209401
-0.0203908
-0.0203222
-0.0190864
-0.0155162
-0.0105044
-0.00624769
-0.0040507
-0.00336414
-0.00370742
-0.00508054
-0.0074835
-0.0103671
-0.0128387
-0.0137998
-0.0128387
-0.0098178
-0.00535517
-0.00068656
0.00336414
0.00645366
0.00837603
0.00755216
0.00267758
-0.00528651
-0.0129073
-0.0164088
-0.0146237
-0.00926856
-0.00357011
0.000137312
0.00157909
0.00260893
0.00521785
0.00995512
0.014967
0.0170953
0.0144178
0.0074835
-0.000617904
-0.00679694
-0.0100924
-0.0112596
-0.0110536
-0.00940587
-0.00659097
-0.00418801
-0.00453129
-0.00871931
-0.0155162
-0.0216266
-0.0240982
-0.0217639
-0.0155849
-0.00789544
-0.00199102
-0.000892528
-0.00604173
-0.0157222
-0.0260206
-0.0324743
-0.0328176
-0.0280803
-0.0216953
-0.016958
-0.0151043
-0.0157222
-0.0177819
-0.0209401
-0.0247161
-0.0276684
-0.0280116
-0.0250594
-0.0201849
-0.0153789
-0.0113282
-0.00782678
-0.00473726
-0.00274624
-0.00212834
-0.00192237
-0.000411936
0.00260893
0.00569845
0.00707156
0.00631635
0.0040507
0.00102984
-0.00240296
-0.00611038
-0.0100238
-0.0133879
-0.0155162
-0.0158595
-0.0146924
-0.0131819
-0.0124954
-0.0131133
-0.0144178
-0.0152416
-0.0144864
-0.0121521
-0.00961184
-0.00803275
-0.00700291
-0.00569845
-0.0040507
-0.00302086
-0.00322683
-0.00384473
-0.00336414
-0.00144178
0.000823872
0.0010985
-0.00254027
-0.0103671
-0.0199102
-0.0265699
-0.0271191
-0.0218326
-0.0144864
-0.00933721
-0.00844468
-0.010779
-0.0134566
-0.0145551
-0.0143491
-0.0141431
-0.0150357
-0.0168894
-0.0186058
-0.0190864
-0.0179879
-0.0150357
-0.0103671
-0.00487457
-0.000823872
-0.00130446
-0.00727753
-0.0158595
-0.0223132
-0.0242356
-0.0231371
-0.0216266
-0.0203222
-0.0178506
-0.0126327
-0.00549248
0.00102984
0.00446264
0.00398205
0.000549248
-0.00425667
-0.00906259
-0.012976
-0.0154476
-0.0159968
-0.0145551
-0.0118775
-0.00913124
-0.00707156
-0.00597307
-0.00631635
-0.00851334
-0.0123581
-0.0163401
-0.0183998
-0.0175759
-0.0142118
-0.0102297
-0.00714022
-0.00535517
-0.00411936
-0.00260893
-0.000961184
-0.000137312
-0.00151043
-0.00494323
-0.00865065
-0.010779
-0.0110536
-0.0111223
-0.0118775
-0.0123581
-0.0107103
-0.00645366
-0.0017164
0.000411936
-0.00157909
-0.00720888
-0.0146237
-0.0210087
-0.0238236
-0.0219013
-0.0160655
-0.00913124
-0.00398205
-0.00226565
-0.0034328
-0.00569845
-0.00707156
-0.00652232
-0.00411936
-0.000961184
0.00157909
0.00247161
0.00102984
-0.00288355
-0.00837603
-0.0130446
-0.014761
-0.0132506
-0.0102297
-0.00803275
-0.00789544
-0.00933721
-0.010573
-0.0101611
-0.00823872
-0.00652232
-0.00672828
-0.0091999
-0.0123581
-0.0136625
-0.0117402
-0.00803275
-0.00556113
-0.00617904
-0.00906259
-0.0116715
-0.0121521
-0.0107103
-0.00878796
-0.00755216
-0.00672828
-0.00528651
-0.00247161
6.8656e-05
-0.00102984
-0.00734619
-0.0164774
-0.0232744
-0.0247161
-0.021352
-0.0157222
-0.0100238
-0.00508054
-0.00157909
-0.000274624
-0.00151043
-0.00480592
-0.00830737
-0.00906259
-0.00542382
0.00068656
0.00480592
0.00302086
-0.00418801
-0.0120835
-0.014967
-0.010779
-0.00219699
0.00562979
0.00885662
0.0068656
0.00192237
-0.00398205
-0.00968049
-0.0148297
-0.0187431
-0.0205281
-0.0194983
-0.0157909
-0.0105044
-0.00556113
-0.00274624
-0.00254027
-0.00315817
-0.00240296
0.000892528
0.0051492
0.00768947
0.00679694
0.0034328
-0.000274624
-0.00212834
-0.00178506
-0.000274624
0.000823872
-6.8656e-05
-0.00418801
-0.0112596
-0.0187431
-0.0226565
-0.0201162
-0.0114655
-0.000549248
0.00720888
0.00789544
0.0017164
-0.00672828
-0.0124267
-0.0132506
-0.0103671
-0.00645366
-0.00411936
-0.00528651
-0.00995512
-0.0158595
-0.0198416
-0.0205281
-0.0188804
-0.0170267
-0.0164774
-0.016958
-0.0166147
-0.0139372
-0.00940587
-0.00487457
-0.00199102
-0.00130446
-0.00315817
-0.00720888
-0.0119461
-0.0146924
-0.0133879
-0.00878796
-0.00384473
-0.000892528
-0.00034328
-0.00144178
-0.00357011
-0.00583576
-0.0068656
-0.00583576
-0.00357011
-0.00212834
-0.00322683
-0.00665963
-0.010573
-0.012564
-0.0115342
-0.00878796
-0.00693425
-0.00789544
-0.0111223
-0.0146924
-0.0166147
-0.0162028
-0.0135939
-0.0100238
-0.00741484
-0.0074835
-0.0104357
-0.0142804
-0.0161342
-0.0146237
-0.010779
-0.00741484
-0.00659097
-0.00830737
-0.0104357
-0.0106417
-0.00844468
-0.00501189
-0.00247161
-0.00260893
-0.00562979
-0.0098178
-0.0126327
-0.0120148
-0.00789544
-0.0023343
0.00123581
6.8656e-05
-0.00542382
-0.0118088
-0.0155162
-0.015173
-0.012564
-0.0107103
-0.0113969
-0.0141431
-0.016958
-0.0186058
-0.0194983
-0.0202535
-0.0194983
-0.0145551
-0.00528651
0.00446264
0.00968049
0.00885662
0.00459995
0.000411936
-0.0023343
-0.00432533
-0.00604173
-0.00720888
-0.0074835
-0.00720888
-0.00693425
-0.00768947
-0.00974915
-0.0118775
-0.0118088
-0.00851334
-0.00357011
6.8656e-05
0.000617904
-0.00185371
-0.00631635
-0.0124954
-0.0199789
-0.0274624
-0.0315817
-0.0298653
-0.0230684
-0.0151043
-0.00974915
-0.00796409
-0.00844468
-0.0101611
-0.0128387
-0.0162715
-0.0192923
-0.0204595
-0.019567
-0.017164
-0.0142118
-0.0116715
-0.0101611
-0.00988646
-0.0109163
-0.0128387
-0.0145551
-0.0144864
-0.0118088
-0.0068656
-0.00116715
0.00329549
0.00453129
0.000961184
-0.00679694
-0.0154476
-0.0204595
-0.0190864
-0.0117402
-0.00178506
0.00645366
0.00995512
0.00844468
0.00384473
-0.00157909
-0.00659097
-0.0107103
-0.0132506
-0.0138685
-0.0129073
-0.0115342
-0.0102297
-0.00892528
-0.00720888
-0.00542382
-0.00439398
-0.0051492
-0.00768947
-0.0106417
-0.0122208
-0.0109163
-0.00652232
-0.000205968
0.00535517
0.00755216
0.0051492
0.000411936
-0.00295221
-0.00295221
-0.000755216
0.00068656
-0.000549248
-0.00473726
-0.0112596
-0.0188804
-0.0253341
-0.0274624
-0.0225192
-0.0102297
0.00604173
0.0201849
0.0254714
0.019361
0.00528651
-0.00899393
-0.0167521
-0.0168207
-0.0126327
-0.00830737
-0.00535517
-0.00350145
-0.00247161
-0.00281489
-0.00487457
-0.00775812
-0.00961184
-0.00926856
-0.00727753
-0.00549248
-0.00528651
-0.00679694
-0.00906259
-0.0113282
-0.0131133
-0.0144178
-0.0148983
-0.0140058
-0.0121521
-0.0103671
-0.00892528
-0.00734619
-0.00480592
-0.00178506
0.000205968
-0.000480592
-0.00336414
-0.00659097
-0.00913124
-0.0118775
-0.0158595
-0.0201849
-0.0222445
-0.0196356
-0.01277
-0.00480592
0.00068656
0.00178506
-0.000480592
-0.00391339
-0.00672828
-0.00906259
-0.0121521
-0.0170267
-0.0229311
-0.0273251
-0.0272564
-0.0220386
-0.0137998
-0.00611038
-0.000892528
0.00212834
0.00432533
0.00528651
0.00370742
-0.00144178
-0.00940587
-0.0177132
-0.0229997
-0.0227938
-0.0175759
-0.010573
-0.00521785
-0.00226565
-0.000617904
0.000274624
-0.000137312
-0.00254027
-0.00665963
-0.0111909
-0.0141431
-0.0146924
-0.0133879
-0.0113282
-0.00878796
-0.00508054
-0.000755216
0.0017164
0.00034328
-0.00473726
-0.0106417
-0.0132506
-0.010573
-0.00418801
0.00137312
0.00137312
-0.00549248
-0.0160655
-0.0244415
-0.0256773
-0.0192237
-0.0098178
-0.00411936
-0.00583576
-0.0131819
-0.0207341
-0.0240296
-0.021352
-0.0141431
-0.00556113
0.00034328
0.00130446
-0.00226565
-0.00782678
-0.0139372
-0.0201849
-0.025952
-0.0290415
-0.0269818
-0.0197729
-0.010779
-0.00542382
-0.00741484
-0.0155162
-0.0243729
-0.0284236
-0.0258833
-0.0184685
-0.00865065
0.000617904
0.00611038
0.00487457
-0.0034328
-0.0154476
-0.0252654
-0.0284236
-0.0240296
-0.0157909
-0.00926856
-0.00803275
-0.0111223
-0.0142804
-0.0141431
-0.00995512
-0.00398205
0.000411936
0.00137312
-0.000755216
-0.0040507
-0.00652232
-0.0074835
-0.00755216
-0.00796409
-0.00961184
-0.0119461
-0.0129073
-0.0110536
-0.00720888
-0.00446264
-0.00611038
-0.012564
-0.0205968
-0.0254027
-0.0240982
-0.0175073
-0.00899393
-0.00192237
0.00192237
0.00157909
-0.00315817
-0.0114655
-0.0205281
-0.0267072
-0.0281489
-0.025746
-0.021352
-0.0166147
-0.0123581
-0.00899393
-0.00714022
-0.00714022
-0.00933721
-0.0134566
-0.0179879
-0.0203908
-0.0188804
-0.0135252
-0.00597307
0.00137312
0.00604173
0.00631635
0.00247161
-0.00357011
-0.00961184
