LECROYHDO9204-MSöv,30454,Waveform
Segments,1,SegmentSize,2002
Ampl
-0.000549248
-0.00226565
-0.00755216
-0.0128387
-0.0144864
-0.0114655
-0.0057671
-0.00102984
-0.000137312
-0.00322683
-0.00768947
-0.0106417
-0.0111909
-0.0110536
-0.0115342
-0.012564
-0.0131133
-0.0122894
-0.0106417
-0.00906259
-0.00878796
-0.0101611
-0.012564
-0.0142118
-0.0132506
-0.00865065
-0.00123581
0.00631635
0.0112596
0.0124267
0.00995512
0.00494323
-0.00192237
-0.00933721
-0.0155162
-0.019155
-0.0199789
-0.0185371
-0.0153103
-0.0107103
-0.00645366
-0.00535517
-0.00885662
-0.015173
-0.0201849
-0.0200475
-0.0143491
-0.0068656
-0.00205968
-0.0017164
-0.0040507
-0.00672828
-0.0091999
-0.0117402
-0.0134566
-0.0124267
-0.00823872
-0.00322683
-0.00130446
-0.00453129
-0.0116715
-0.0188804
-0.0228624
-0.0221072
-0.0175073
-0.0111223
-0.00590441
-0.00439398
-0.00762081
-0.0134566
-0.0173013
-0.0157222
-0.00947452
-0.00247161
0.00178506
0.00302086
0.00247161
0.00102984
-0.000755216
-0.0023343
-0.00260893
-0.00116715
0.00164774
0.00466861
0.00583576
0.00308952
-0.00446264
-0.0152416
-0.0251967
-0.0298653
-0.0273937
-0.0200475
-0.012564
-0.00926856
-0.0111223
-0.0153789
-0.0177132
-0.0162715
-0.0123581
-0.00947452
-0.0103671
-0.0153789
-0.0221759
-0.0276684
-0.0296594
-0.027737
-0.0231371
-0.01737
-0.0123581
-0.00954318
-0.0100924
-0.0143491
-0.0205968
-0.0251967
-0.0240296
-0.0159282
-0.00583576
-0.00480592
-0.0290415
-0.0968049
-0.221759
-0.402324
-0.614196
-0.816388
-0.970521
-1.06012
-1.09458
-1.09781
-1.09335
-1.09616
-1.11127
-1.13557
-1.16097
-1.17869
-1.1837
-1.17738
-1.16626
-1.15802
-1.15685
-1.16111
-1.16564
-1.16564
-1.15953
-1.14958
-1.13962
-1.13207
-1.12706
-1.1228
-1.11765
-1.11078
-1.10172
-1.09012
-1.07653
-1.06293
-1.05236
-1.0468
-1.04639
-1.05044
-1.05833
-1.06925
-1.08174
-1.09369
-1.10351
-1.1114
-1.11868
-1.12555
-1.13042
-1.13083
-1.12651
-1.12101
-1.11916
-1.12328
-1.1309
-1.13653
-1.13598
-1.12973
-1.1217
-1.11635
-1.11607
-1.12053
-1.12692
-1.13159
-1.13172
-1.12699
-1.11971
-1.11401
-1.11339
-1.11827
-1.1252
-1.12987
-1.12994
-1.12555
-1.11834
-1.1101
-1.10316
-1.09973
-1.10159
-1.10783
-1.11456
-1.11703
-1.11346
-1.10639
-1.10035
-1.09843
-1.10145
-1.10831
-1.11655
-1.12294
-1.12527
-1.12417
-1.1228
-1.125
-1.13296
-1.14539
-1.15768
-1.16399
-1.15994
-1.14436
-1.11827
-1.08387
-1.04343
-0.99915
-0.951915
-0.900492
-0.842477
-0.777941
-0.711688
-0.651065
-0.60074
-0.558448
-0.517529
-0.472834
-0.424019
-0.373626
-0.324125
-0.276752
-0.233499
-0.197455
-0.170473
-0.151524
-0.137655
-0.125915
-0.114518
-0.103876
-0.0952258
-0.0894587
-0.0863006
-0.0847215
-0.0836916
-0.0817693
-0.0775812
-0.0703037
-0.0602799
-0.049089
-0.0389279
-0.0322683
-0.0306892
-0.0337101
-0.038722
-0.04291
-0.0442831
-0.0428413
-0.0397518
-0.0369369
-0.0359757
-0.0373488
-0.0403697
-0.0432533
-0.044695
-0.0444891
-0.0433219
-0.0422234
-0.0416742
-0.0415369
-0.0416055
-0.0416055
-0.0412622
-0.0394772
-0.0348086
-0.0271191
-0.0188804
-0.0133879
-0.0122894
-0.0145551
-0.0178506
-0.0208028
-0.023343
-0.0262266
-0.0295907
-0.0325429
-0.0337787
-0.0326116
-0.0295221
-0.0253341
-0.0210774
-0.0183311
-0.018949
-0.0227251
-0.0269131
-0.0285609
-0.0278057
-0.0267758
-0.0267758
-0.0263639
-0.023549
-0.0185371
-0.0140745
-0.0124267
-0.0137998
-0.0164088
-0.0183998
-0.0192923
-0.0198416
-0.0203222
-0.0203908
-0.0201162
-0.0203908
-0.0219013
-0.0239609
-0.0247848
-0.0234803
-0.021146
-0.0196356
-0.0199102
-0.0208714
-0.0208714
-0.0194983
-0.0177819
-0.01737
-0.0190177
-0.0214893
-0.0226565
-0.0209401
-0.0160655
-0.00885662
-0.000892528
0.00508054
0.00597307
-6.8656e-05
-0.0113969
-0.0232057
-0.0297967
-0.0289728
-0.0232744
-0.0179879
-0.0159968
-0.0165461
-0.0170953
-0.0170953
-0.0177132
-0.0194983
-0.0216953
-0.0227251
-0.0223132
-0.021146
-0.0203222
-0.019567
-0.0179192
-0.0146237
-0.0103671
-0.00707156
-0.00645366
-0.00926856
-0.0142118
-0.0184685
-0.019567
-0.0168207
-0.012564
-0.00968049
-0.00899393
-0.00906259
-0.0074835
-0.00398205
-0.00034328
0.000892528
-0.000892528
-0.00466861
-0.00906259
-0.0140058
-0.0201162
-0.0266385
-0.0311698
-0.0313758
-0.0276684
-0.0230684
-0.0205281
-0.0200475
-0.019567
-0.0165461
-0.0104357
-0.00315817
0.00192237
0.00226565
-0.00192237
-0.0081014
-0.0130446
-0.0150357
-0.0142118
-0.0120148
-0.00968049
-0.00803275
-0.00693425
-0.00569845
-0.00370742
-0.00123581
0.0010985
0.00260893
0.00295221
0.00157909
-0.00212834
-0.008582
-0.0166834
-0.0236863
-0.0258833
-0.0210774
-0.0109163
-6.8656e-05
0.00672828
0.00830737
0.0068656
0.00542382
0.00528651
0.00549248
0.00473726
0.00288355
0.00130446
0.0010985
0.00192237
0.00240296
0.00178506
0.000961184
0.00151043
0.00411936
0.00762081
0.00995512
0.00940587
0.00611038
0.00185371
-0.00151043
-0.00336414
-0.00432533
-0.00480592
-0.00418801
-0.00164774
0.00240296
0.00583576
0.00693425
0.00535517
0.00219699
-0.000892528
-0.0023343
-0.00185371
-0.000480592
0.00034328
0.000617904
0.00151043
0.00391339
0.00659097
0.00741484
0.00535517
0.00164774
-0.00130446
-0.00178506
-0.000137312
0.00192237
0.00281489
0.00267758
0.00247161
0.00288355
0.00363877
0.00453129
0.0051492
0.00494323
0.00315817
-0.00034328
-0.00432533
-0.00727753
-0.00844468
-0.00851334
-0.00851334
-0.00892528
-0.00947452
-0.00940587
-0.00844468
-0.00645366
-0.0034328
0.000411936
0.00459995
0.008582
0.0113969
0.0113282
0.00672828
-0.00212834
-0.0118775
-0.0170953
-0.0142804
-0.00466861
0.00672828
0.0142804
0.0151043
0.00968049
0.00102984
-0.00700291
-0.0114655
-0.0120835
-0.0107103
-0.00961184
-0.0101611
-0.0120835
-0.0143491
-0.0156536
-0.0154476
-0.0144178
-0.0132506
-0.0118088
-0.00995512
-0.00837603
-0.00865065
-0.0107103
-0.0124954
-0.0108476
-0.00466861
0.00398205
0.0114655
0.015173
0.0146237
0.0104357
0.00363877
-0.00439398
-0.0113969
-0.014967
-0.0139372
-0.00933721
-0.00357011
0.000823872
0.00199102
-0.000617904
-0.00562979
-0.0109163
-0.0145551
-0.0164774
-0.0170267
-0.0159282
-0.0128387
-0.00865065
-0.00508054
-0.00226565
0.000892528
0.00487457
0.00823872
0.00885662
0.00617904
0.00123581
-0.00446264
-0.010573
-0.0164774
-0.0208714
-0.0220386
-0.0194296
-0.0144178
-0.00913124
-0.00432533
0.000617904
0.00617904
0.0104357
0.00961184
0.00144178
-0.0113282
-0.0219699
-0.0244415
-0.0181252
-0.00803275
-0.00102984
-0.000755216
-0.00590441
-0.0122894
-0.0165461
-0.0175073
-0.0153103
-0.0112596
-0.0068656
-0.00363877
-0.00192237
-0.00130446
-0.00151043
-0.0023343
-0.00363877
-0.00508054
-0.00624769
-0.00727753
-0.00885662
-0.0110536
-0.0126327
-0.0116029
-0.00734619
-0.00219699
0.000137312
-0.00185371
-0.00562979
-0.00679694
-0.00350145
0.00130446
0.00274624
-0.00144178
-0.00878796
-0.0139372
-0.0133879
-0.008582
-0.0040507
-0.00260893
-0.00363877
-0.00446264
-0.00411936
-0.0040507
-0.00611038
-0.0102984
-0.0148297
-0.0181938
-0.0201849
-0.021352
-0.0221072
-0.0221072
-0.0203908
-0.0158595
-0.00892528
-0.00219699
0.00137312
0.000411936
-0.0034328
-0.00714022
-0.00871931
-0.008582
-0.00823872
-0.00817006
-0.00768947
-0.00624769
-0.00508054
-0.0057671
-0.00871931
-0.012564
-0.0155849
-0.0164774
-0.0142804
-0.00851334
-0.000892528
0.0057671
0.00899393
0.00837603
0.00535517
0.00151043
-0.0017164
-0.00418801
-0.00611038
-0.00796409
-0.00906259
-0.00851334
-0.00665963
-0.0057671
-0.00837603
-0.0146237
-0.0210774
-0.0230684
-0.0181938
-0.00844468
0.000892528
0.00480592
0.00137312
-0.00714022
-0.0154476
-0.0181938
-0.0132506
-0.00315817
0.00665963
0.0113969
0.00933721
0.00240296
-0.00487457
-0.00865065
-0.00796409
-0.00494323
-0.00274624
-0.00308952
-0.00569845
-0.00974915
-0.0141431
-0.0179879
-0.0194983
-0.01737
-0.0113969
-0.00329549
0.00411936
0.00782678
0.00624769
0.00068656
-0.0051492
-0.00768947
-0.00659097
-0.00370742
-0.000961184
0.00144178
0.00357011
0.00494323
0.00473726
0.00281489
0.000549248
-0.000274624
0.000961184
0.00322683
0.0040507
0.00199102
-0.00192237
-0.00473726
-0.00453129
-0.00219699
-0.000411936
-0.0017164
-0.00631635
-0.0120148
-0.0150357
-0.0132506
-0.00823872
-0.00466861
-0.00562979
-0.00974915
-0.0120148
-0.00851334
-0.00034328
0.00741484
0.00947452
0.00466861
-0.00363877
-0.0107103
-0.0134566
-0.0117402
-0.00734619
-0.00254027
0.000823872
0.00151043
-0.00068656
-0.00487457
-0.00885662
-0.0103671
-0.00796409
-0.00178506
0.00611038
0.0121521
0.0134566
0.0098178
0.00370742
-0.00157909
-0.00480592
-0.00679694
-0.00844468
-0.00899393
-0.00631635
-0.000205968
0.00645366
0.00933721
0.00617904
-0.00157909
-0.0100238
-0.0146924
-0.0137312
-0.00954318
-0.00679694
-0.00837603
-0.0128387
-0.0163401
-0.0154476
-0.00954318
-0.000480592
0.00837603
0.0138685
0.0140745
0.00947452
0.00260893
-0.00363877
-0.00665963
-0.0057671
-0.0023343
0.000617904
0.0010985
-6.8656e-05
-0.00068656
-0.000205968
-0.000274624
-0.00281489
-0.0074835
-0.0117402
-0.0131819
-0.0109163
-0.00679694
-0.00432533
-0.00583576
-0.00995512
-0.012564
-0.010779
-0.00590441
-0.00308952
-0.00665963
-0.0162715
-0.0265699
-0.0311012
-0.0273251
-0.0178506
-0.00775812
-0.0010985
0.0010985
6.8656e-05
-0.00219699
-0.00377608
-0.00432533
-0.00549248
-0.00906259
-0.0153789
-0.0222445
-0.0266385
-0.0266385
-0.0224505
-0.0155849
-0.00707156
0.0023343
0.0102297
0.0126327
0.00638501
-0.0068656
-0.0204595
-0.0267758
-0.0226565
-0.0111223
0.00137312
0.00961184
0.0116715
0.00851334
0.00219699
-0.00473726
-0.0100238
-0.0120148
-0.0100924
-0.00604173
-0.00350145
-0.00542382
-0.0114655
-0.0178506
-0.0203908
-0.016958
-0.00871931
0.000892528
0.00775812
0.00995512
0.00775812
0.00295221
-0.00274624
-0.00755216
-0.0100924
-0.0100238
-0.00817006
-0.00535517
-0.00254027
-0.000480592
0
-0.00164774
-0.00508054
-0.00906259
-0.0120148
-0.0123581
-0.00940587
-0.00480592
-0.00164774
-0.00192237
-0.00453129
-0.00659097
-0.00638501
-0.00466861
-0.00281489
-0.00151043
-0.00034328
0.00123581
0.00322683
0.00432533
0.00295221
-0.000961184
-0.00521785
-0.00734619
-0.00707156
-0.00590441
-0.00466861
-0.00302086
-0.000823872
0.000892528
0.000617904
-0.00205968
-0.00604173
-0.00947452
-0.0113282
-0.0111909
-0.00940587
-0.00624769
-0.00212834
0.00164774
0.00308952
0.00130446
-0.00274624
-0.00672828
-0.0091999
-0.0100924
-0.0098178
-0.00851334
-0.00659097
-0.00542382
-0.00611038
-0.00796409
-0.00851334
-0.00597307
-0.00116715
0.00308952
0.00432533
0.00274624
0.000411936
-0.0017164
-0.00453129
-0.008582
-0.0122894
-0.0130446
-0.0103671
-0.00604173
-0.00212834
0.00116715
0.00425667
0.00624769
0.00508054
0.000205968
-0.00638501
-0.0113969
-0.01277
-0.010779
-0.00734619
-0.00411936
-0.00123581
0.00157909
0.00425667
0.00645366
0.00796409
0.00906259
0.00995512
0.0104357
0.00995512
0.00789544
0.00432533
0
-0.00425667
-0.00755216
-0.00926856
-0.00899393
-0.00707156
-0.00528651
-0.00597307
-0.0101611
-0.0163401
-0.0214893
-0.0231371
-0.0210774
-0.0165461
-0.0114655
-0.00645366
-0.00151043
0.00295221
0.00562979
0.00521785
0.0023343
-0.000823872
-0.00178506
-0.00034328
0.00157909
0.00144178
-0.00130446
-0.00521785
-0.0074835
-0.00611038
-0.00130446
0.00446264
0.0081014
0.00762081
0.00329549
-0.00295221
-0.00885662
-0.0127014
-0.0135252
-0.0116029
-0.00803275
-0.00466861
-0.00370742
-0.00521785
-0.00672828
-0.00480592
0.00068656
0.00604173
0.00714022
0.00329549
-0.00315817
-0.00961184
-0.0145551
-0.0167521
-0.015173
-0.010573
-0.00535517
-0.00178506
-0.000274624
0.000480592
0.00123581
0.000617904
-0.00247161
-0.00652232
-0.00782678
-0.00446264
0.00123581
0.00391339
-6.8656e-05
-0.0100238
-0.0212147
-0.0280116
-0.0266385
-0.0172326
-0.00453129
0.00384473
0.0023343
-0.0081014
-0.0203908
-0.0267072
-0.0236177
-0.0140058
-0.00377608
0.00192237
0.00185371
-0.00185371
-0.00604173
-0.00823872
-0.00755216
-0.00473726
-0.0017164
-0.000617904
-0.00226565
-0.0057671
-0.0091999
-0.0108476
-0.0102984
-0.00830737
-0.00665963
-0.00638501
-0.00679694
-0.00652232
-0.00556113
-0.00562979
-0.00782678
-0.010573
-0.0113282
-0.00865065
-0.00377608
0.000411936
0.0010985
-0.00212834
-0.00693425
-0.00961184
-0.00837603
-0.00473726
-0.00199102
-0.00192237
-0.00418801
-0.00665963
-0.0074835
-0.00604173
-0.00302086
0.000205968
0.00199102
0.000755216
-0.00439398
-0.0122894
-0.0197729
-0.0232057
-0.0212834
-0.0158595
-0.0109163
-0.00954318
-0.0122208
-0.0164088
-0.0180565
-0.0142118
-0.00542382
0.00453129
0.0107103
0.0100924
0.00350145
-0.00528651
-0.0117402
-0.0135252
-0.0120148
-0.0104357
-0.0108476
-0.0126327
-0.0138685
-0.0131133
-0.0103671
-0.00638501
-0.0023343
0.000411936
0.00151043
0.0017164
0.00178506
0.00144178
-6.8656e-05
-0.00308952
-0.00693425
-0.0103671
-0.0120835
-0.0108476
-0.00659097
-0.00034328
0.00597307
0.0103671
0.0116715
0.0102297
0.00693425
0.00260893
-0.00247161
-0.00714022
-0.0101611
-0.0107103
-0.00947452
-0.00734619
-0.00466861
-0.00151043
0.00164774
0.00363877
0.00370742
0.00219699
-6.8656e-05
-0.00267758
-0.00590441
-0.0091999
-0.0108476
-0.00947452
-0.00611038
-0.00350145
-0.00391339
-0.00638501
-0.00830737
-0.00823872
-0.00782678
-0.0098178
-0.0143491
-0.0179879
-0.016958
-0.0113282
-0.00459995
-0.000549248
0
-0.0017164
-0.00446264
-0.0081014
-0.0124267
-0.0163401
-0.0183998
-0.0179192
-0.0154476
-0.0114655
-0.00645366
-0.00102984
0.00398205
0.0074835
0.00899393
0.00892528
0.00796409
0.00624769
0.0034328
-0.000823872
-0.00638501
-0.0119461
-0.0159968
-0.016958
-0.0137998
-0.00659097
0.00281489
0.0107103
0.0137998
0.0112596
0.00521785
-0.00130446
-0.0068656
-0.0116715
-0.0155849
-0.0167521
-0.0135252
-0.0068656
-0.000617904
0.0017164
-0.00034328
-0.00377608
-0.0051492
-0.00302086
0.00130446
0.0051492
0.00624769
0.00459995
0.00212834
0.000617904
0.000137312
-0.000411936
-0.00212834
-0.00459995
-0.00631635
-0.00638501
-0.00562979
-0.00549248
-0.0068656
-0.00926856
-0.0120835
-0.0146924
-0.0159968
-0.0146924
-0.0108476
-0.00645366
-0.00391339
-0.00370742
-0.00494323
-0.00645366
-0.00817006
-0.0100238
-0.0108476
-0.00906259
-0.00432533
0.00123581
0.00391339
0.00102984
-0.00672828
-0.0155849
-0.0214893
-0.0229997
-0.0210087
-0.0179192
-0.0155849
-0.0148297
-0.0152416
-0.0150357
-0.0123581
-0.00720888
-0.00192237
0.00068656
-6.8656e-05
-0.00240296
-0.00363877
-0.00260893
-0.000274624
0.0017164
0.0017164
-0.000755216
-0.00556113
-0.0117402
-0.0177819
-0.0212834
-0.0201849
-0.0142118
-0.00604173
0.000274624
0.00164774
-0.00157909
-0.00611038
-0.00892528
-0.00933721
-0.00844468
-0.00741484
-0.00672828
-0.00665963
-0.0068656
-0.00693425
-0.00631635
-0.00535517
-0.00494323
-0.00556113
-0.00604173
-0.00466861
-0.00123581
0.0023343
0.00357011
0.00123581
-0.00384473
-0.00968049
-0.0146924
-0.0182625
-0.0199102
-0.0186058
-0.0139372
-0.00817006
-0.00549248
-0.00844468
-0.0148983
-0.0199102
-0.0192237
-0.0124267
-0.00315817
0.00308952
0.00219699
-0.0057671
-0.0163401
-0.0232744
-0.0226565
-0.015173
-0.00494323
0.00302086
0.00590441
0.00370742
-0.00185371
-0.00837603
-0.0134566
-0.0148983
-0.0122208
-0.00762081
-0.00528651
-0.00782678
-0.0133879
-0.0165461
-0.0131819
-0.00453129
0.00370742
0.00624769
0.0017164
-0.00652232
-0.0133879
-0.0152416
-0.0123581
-0.00782678
-0.0051492
-0.00597307
-0.00885662
-0.0105044
-0.00837603
-0.00288355
0.00226565
0.00363877
0.000823872
-0.00329549
-0.00542382
-0.00446264
-0.00164774
0.000823872
0.00192237
0.00178506
0.0010985
6.8656e-05
-0.00192237
-0.00597307
-0.0116029
-0.0166147
-0.019361
-0.0200475
-0.0202535
-0.0201162
-0.0184685
-0.0144178
-0.00892528
-0.00411936
-0.00102984
0.00102984
0.00302086
0.00459995
0.00418801
0.000823872
-0.00439398
-0.00865065
-0.00954318
-0.0068656
-0.00254027
0.0010985
0.00260893
0.00226565
0.000755216
-0.00130446
-0.00411936
-0.0074835
-0.0101611
-0.0104357
-0.00817006
-0.00501189
-0.00295221
-0.00274624
-0.00384473
-0.00521785
-0.00604173
-0.00556113
-0.00315817
0.00102984
0.00562979
0.00768947
0.00439398
-0.0040507
-0.0137312
-0.019155
-0.0170267
-0.00878796
0.00130446
0.00844468
0.0102297
0.00714022
0.00212834
-0.00192237
-0.00315817
-0.00137312
0.00240296
0.00617904
0.00768947
0.00556113
-0.000411936
-0.00899393
-0.0179192
-0.0240296
-0.0250594
-0.0209401
-0.0142804
-0.00899393
-0.00720888
-0.0081014
-0.00926856
-0.00961184
-0.00926856
-0.00844468
-0.00679694
-0.00432533
-0.00226565
-0.00260893
-0.00645366
-0.0131819
-0.0204595
-0.0250594
-0.0247161
-0.019155
-0.0106417
-0.00295221
0.000755216
-0.000480592
-0.00521785
-0.010985
-0.0155162
-0.0175073
-0.0168894
-0.0148983
-0.0135252
-0.0136625
-0.0142804
-0.0128387
-0.00823872
-0.00205968
0.00247161
0.00295221
-0.000961184
-0.00741484
-0.0132506
-0.0148983
-0.0111223
-0.00473726
-0.000480592
-0.00123581
-0.00562979
-0.0107103
-0.0151043
-0.018949
-0.0220386
-0.0224505
-0.0183311
-0.00995512
-0.000274624
0.00638501
0.00741484
0.00302086
-0.00398205
-0.0098178
-0.0118088
-0.00968049
-0.00494323
-0.00034328
0.00205968
0.00151043
-0.00123581
-0.00432533
-0.00604173
-0.00590441
-0.00487457
-0.00480592
-0.00652232
-0.00974915
-0.0129073
-0.0144864
-0.0140745
-0.0121521
-0.00968049
-0.00789544
-0.00844468
-0.01277
-0.0205968
-0.0286295
-0.0325429
-0.0300027
-0.0226565
-0.0140058
-0.00631635
6.8656e-05
0.00501189
0.00700291
0.00446264
-0.00260893
-0.0116029
-0.0185371
-0.0203222
-0.0162715
-0.00885662
-0.00178506
0.00151043
-0.000549248
-0.00672828
-0.0136625
-0.01737
-0.0150357
-0.00775812
-0.000205968
0.00219699
-0.00247161
-0.0105044
-0.0152416
-0.0129073
-0.00569845
0.000480592
0.00185371
-0.00123581
-0.00556113
-0.00871931
-0.00954318
-0.00755216
-0.00350145
0.000617904
0.00205968
-0.000274624
-0.00453129
-0.00741484
-0.0068656
-0.00350145
0.000205968
0.00205968
0.00116715
-0.0017164
-0.00480592
-0.00611038
-0.00453129
-0.000823872
0.0023343
0.00212834
-0.00219699
-0.00913124
-0.0159282
-0.0202535
-0.0217639
-0.021558
-0.0208714
-0.019361
-0.0157222
-0.00961184
-0.00260893
0.00267758
0.00466861
0.00329549
-6.8656e-05
-0.00370742
-0.00645366
-0.00851334
-0.0108476
-0.0136625
-0.0161342
-0.0162028
-0.0129073
-0.00768947
-0.00357011
-0.00274624
-0.00487457
-0.0074835
-0.00851334
-0.00817006
-0.00803275
-0.00926856
-0.0116715
-0.0142804
-0.0161342
-0.0157909
-0.0121521
-0.00562979
0.000755216
0.00302086
-0.000411936
-0.00803275
-0.0159968
-0.021352
-0.0225192
-0.019361
-0.0136625
-0.00837603
-0.00659097
-0.00830737
-0.0105044
-0.00988646
-0.00604173
-0.00192237
-0.000823872
-0.00308952
-0.00659097
-0.00885662
-0.008582
-0.00569845
-0.00068656
0.00521785
0.0100924
0.0118088
0.00899393
0.00226565
-0.00590441
-0.0120148
-0.0136625
-0.0113282
-0.00789544
-0.00665963
-0.00871931
-0.012564
-0.0154476
-0.0158595
-0.0137998
-0.0106417
-0.00782678
-0.00638501
-0.0068656
-0.00865065
-0.0104357
-0.0111223
-0.0105044
-0.00940587
-0.00878796
-0.00961184
-0.0115342
-0.0133879
-0.0134566
-0.0113282
-0.00789544
-0.00494323
-0.00377608
-0.00473726
-0.00659097
-0.00789544
-0.0081014
-0.00817006
-0.00947452
-0.0123581
-0.015173
-0.0151043
-0.0107103
-0.00384473
0.000549248
-0.00212834
-0.0118775
-0.023343
-0.0295907
-0.027531
-0.019361
-0.0098178
-0.00288355
-0.000205968
-0.000892528
-0.00254027
-0.00322683
-0.00281489
-0.00240296
-0.00308952
-0.00528651
-0.008582
-0.0118088
-0.0131819
-0.0111223
-0.00556113
0.00116715
0.00638501
0.00865065
0.00755216
0.00329549
-0.00308952
-0.00974915
-0.0142804
-0.0154476
-0.0134566
-0.0091999
-0.00446264
-0.00102984
-0.000205968
-0.00192237
-0.00473726
-0.00714022
-0.00851334
-0.00899393
-0.00830737
-0.00583576
-0.00144178
0.00350145
0.00672828
0.00679694
0.00411936
0.000755216
-0.00205968
-0.0040507
-0.00542382
-0.00665963
-0.00803275
-0.00954318
-0.0098178
-0.00755216
-0.00308952
0.00157909
0.00487457
0.00645366
0.00659097
0.00494323
0.00199102
-0.0010985
-0.00322683
-0.00446264
-0.00542382
-0.00659097
-0.00830737
-0.0116029
-0.016958
-0.0231371
-0.0264325
-0.0236177
-0.0155162
-0.00631635
-0.000549248
0.00102984
0.000755216
0.00102984
0.00205968
0.00212834
6.8656e-05
-0.00357011
-0.00631635
-0.00569845
-0.000823872
0.00611038
0.010985
0.0109163
0.00631635
0.00034328
-0.00418801
-0.00645366
-0.00700291
-0.00638501
-0.00473726
-0.00226565
0.000411936
0.00212834
0.00219699
0.000411936
-0.0034328
-0.00926856
-0.0155849
-0.0194983
-0.0182625
-0.0118088
-0.00315817
0.0034328
0.00508054
0.00144178
-0.00583576
-0.0142804
-0.0214207
-0.0256087
-0.0260893
-0.0230684
-0.0179879
-0.012976
-0.00892528
-0.00549248
-0.00178506
0.00178506
0.00322683
0.000892528
-0.00480592
-0.0108476
-0.0137998
-0.0116715
-0.00487457
0.00384473
0.0107103
0.0127014
0.00947452
0.00391339
-0.00034328
-0.00102984
0.000755216
0.00192237
0.00068656
-0.0017164
-0.00240296
-0.00034328
0.00274624
0.00439398
0.00357011
0.00123581
-0.000755216
-0.00164774
-0.00199102
-0.00267758
-0.00391339
-0.00487457
-0.00521785
-0.00604173
-0.00865065
-0.0130446
-0.0170953
-0.0175759
-0.0128387
-0.00418801
0.00418801
0.00844468
0.00755216
0.00329549
-0.00205968
-0.00775812
-0.0137998
-0.0199789
-0.0247848
-0.0266385
-0.0249908
-0.0206654
-0.0156536
-0.0116029
-0.00926856
-0.00803275
-0.00734619
-0.00789544
-0.0108476
-0.0159968
-0.021146
-0.0231371
-0.0203222
-0.0132506
-0.0051492
-0.000274624
-0.00102984
-0.00590441
-0.0100238
-0.0100924
-0.00707156
-0.00459995
-0.00473726
-0.00665963
-0.00796409
-0.00762081
-0.00631635
-0.00542382
-0.00549248
-0.00611038
-0.00659097
-0.00652232
-0.00549248
-0.00370742
-0.00144178
0.000617904
0.00199102
0.0023343
0.00151043
-0.000892528
-0.00549248
-0.0116029
-0.0166834
-0.0180565
-0.0146924
-0.00851334
-0.00295221
-0.000892528
-0.00308952
-0.00796409
-0.0126327
-0.0142804
-0.0114655
-0.00501189
0.00254027
0.00796409
0.008582
0.00357011
-0.00508054
-0.0134566
-0.0175759
-0.0162028
-0.0116715
-0.00789544
-0.00714022
-0.00871931
-0.0109163
-0.0124267
-0.0133879
-0.0140745
-0.0139372
-0.0123581
-0.00947452
-0.00652232
-0.00549248
-0.00782678
-0.0128387
-0.0176446
-0.0190864
-0.0164088
-0.0120148
-0.00933721
-0.0104357
-0.0141431
-0.0179879
-0.0199789
-0.0196356
-0.0178506
-0.0162028
-0.0156536
-0.0162028
-0.0166147
-0.015173
-0.0113969
-0.00611038
-0.0010985
0.00199102
0.00240296
0.000205968
-0.00377608
-0.00830737
-0.0118088
-0.0131133
-0.0121521
-0.0102297
-0.00837603
-0.00679694
-0.0057671
-0.00617904
-0.00796409
-0.00913124
-0.00789544
-0.00446264
-0.000961184
0.000617904
-0.000480592
-0.00453129
-0.0116715
-0.0207341
-0.0284236
-0.0305519
-0.0252654
-0.0146924
-0.00357011
0.00384473
0.00617904
0.00459995
0.00123581
-0.00240296
-0.00590441
-0.0091999
-0.0123581
-0.0143491
-0.0136625
-0.00926856
-0.00288355
0.00212834
0.00308952
-6.8656e-05
-0.00528651
-0.0110536
-0.0170267
-0.0230684
-0.0287669
-0.0333668
-0.0355638
-0.0341907
-0.0282176
-0.0179192
-0.00583576
0.0034328
0.00590441
0.000823872
-0.008582
-0.0172326
-0.0219699
-0.0227251
-0.0214207
-0.0196356
-0.0179879
-0.0166147
-0.0153103
-0.0136625
-0.0111909
-0.00803275
-0.00432533
-0.000274624
0.00357011
0.00617904
0.00631635
