LECROYHDO9204-MSöv,30454,Waveform
Segments,1,SegmentSize,2002
Ampl
-0.00755216
-0.00913124
-0.0150357
-0.0204595
-0.0216266
-0.0182625
-0.0127014
-0.00707156
-0.00212834
0.00226565
0.00611038
0.00892528
0.00940587
0.00665963
0.00157909
-0.00281489
-0.00336414
0.000137312
0.00487457
0.0074835
0.00645366
0.0017164
-0.00535517
-0.0121521
-0.0153789
-0.0135252
-0.00830737
-0.00384473
-0.00308952
-0.00624769
-0.0111909
-0.0156536
-0.0181252
-0.0179879
-0.0151043
-0.0103671
-0.00528651
-0.00137312
0.000755216
0.00178506
0.00260893
0.00350145
0.00432533
0.00466861
0.00418801
0.00281489
0.000480592
-0.00205968
-0.00384473
-0.00432533
-0.00398205
-0.00336414
-0.00254027
-0.00164774
-0.000617904
0.00068656
0.00281489
0.0051492
0.00617904
0.00370742
-0.00274624
-0.0108476
-0.016958
-0.0192237
-0.018949
-0.0190177
-0.0205281
-0.0220386
-0.0221759
-0.0210774
-0.0201162
-0.0196356
-0.019155
-0.0175073
-0.0144864
-0.010779
-0.00762081
-0.00604173
-0.0068656
-0.00954318
-0.0124267
-0.0133193
-0.0113282
-0.00693425
-0.00157909
0.00281489
0.00411936
0.00130446
-0.00466861
-0.0106417
-0.0135252
-0.01277
-0.0106417
-0.0103671
-0.0133193
-0.0174386
-0.019361
-0.0175073
-0.0131819
-0.00968049
-0.00961184
-0.0145551
-0.0234117
-0.0320623
-0.0353578
-0.0310325
-0.0221759
-0.0150357
-0.0139372
-0.0188117
-0.0264325
-0.0328862
-0.034534
-0.0290415
-0.0160655
0.000274624
0.0098178
-0.00398205
-0.0607605
-0.175553
-0.348223
-0.557418
-0.765102
-0.93276
-1.03815
-1.08373
-1.09012
-1.08291
-1.08106
-1.09287
-1.11648
-1.1436
-1.16427
-1.17271
-1.17079
-1.16509
-1.16111
-1.15981
-1.15891
-1.15672
-1.15349
-1.1504
-1.14807
-1.14628
-1.14395
-1.13976
-1.13317
-1.12452
-1.1147
-1.10358
-1.09039
-1.0755
-1.06149
-1.05188
-1.04934
-1.05373
-1.06321
-1.07447
-1.0847
-1.09177
-1.09554
-1.0974
-1.09973
-1.10385
-1.10948
-1.11511
-1.11916
-1.1215
-1.12287
-1.12438
-1.1263
-1.12815
-1.12912
-1.12829
-1.12548
-1.12129
-1.11724
-1.11484
-1.11518
-1.11793
-1.12129
-1.12349
-1.12404
-1.12397
-1.1241
-1.12424
-1.12342
-1.12143
-1.11868
-1.116
-1.11436
-1.11463
-1.11669
-1.11861
-1.11786
-1.11387
-1.10893
-1.10612
-1.10742
-1.11223
-1.1182
-1.12191
-1.12088
-1.11552
-1.10941
-1.10653
-1.1079
-1.11195
-1.11724
-1.12355
-1.13131
-1.13962
-1.14642
-1.14951
-1.14779
-1.14051
-1.12726
-1.10763
-1.08106
-1.04673
-1.00471
-0.955966
-0.902208
-0.844812
-0.78515
-0.725694
-0.669808
-0.619826
-0.575474
-0.533526
-0.489929
-0.442556
-0.392026
-0.341426
-0.29371
-0.250938
-0.213589
-0.181526
-0.155162
-0.135115
-0.121727
-0.114038
-0.10882
-0.102503
-0.0937841
-0.0851334
-0.0801215
-0.0790917
-0.079229
-0.076826
-0.070853
-0.0635068
-0.0583576
-0.0570531
-0.057671
-0.0564352
-0.0508054
-0.042498
-0.0352892
-0.032131
-0.0325429
-0.0342593
-0.0356324
-0.0376235
-0.0416055
-0.0474413
-0.0521099
-0.0522472
-0.0474413
-0.0408503
-0.0363877
-0.0354951
-0.0367309
-0.0379668
-0.0373488
-0.0344653
-0.03014
-0.0258833
-0.0231371
-0.0223818
-0.0227251
-0.0227938
-0.0221759
-0.0219699
-0.0229311
-0.0242356
-0.0239609
-0.0223818
-0.0219699
-0.0249908
-0.0308265
-0.0359757
-0.0372802
-0.0340534
-0.0281489
-0.0216953
-0.0162715
-0.012976
-0.0119461
-0.0126327
-0.014967
-0.0194296
-0.025746
-0.0315131
-0.0335041
-0.029934
-0.0220386
-0.0130446
-0.00638501
-0.00473726
-0.00892528
-0.0174386
-0.0266385
-0.0317191
-0.0300027
-0.023343
-0.0168207
-0.0145551
-0.0165461
-0.0192237
-0.019361
-0.0170267
-0.0146237
-0.0140058
-0.0144864
-0.0144864
-0.0131819
-0.0114655
-0.0111909
-0.0132506
-0.0170267
-0.0204595
-0.021352
-0.0184685
-0.01277
-0.00707156
-0.00494323
-0.00851334
-0.0163401
-0.0236177
-0.025952
-0.0229311
-0.0177132
-0.0142804
-0.0144864
-0.0175073
-0.0212147
-0.0234117
-0.0238923
-0.0238236
-0.0243042
-0.0249221
-0.0240982
-0.0204595
-0.0140058
-0.00652232
-0.000549248
0.00185371
0.000617904
-0.00254027
-0.00583576
-0.00865065
-0.0114655
-0.0142804
-0.0164774
-0.0174386
-0.0168207
-0.0144864
-0.010779
-0.00665963
-0.00350145
-0.00247161
-0.00473726
-0.0106417
-0.018949
-0.0261579
-0.0291101
-0.0266385
-0.0199789
-0.0113282
-0.00357011
0.000617904
-0.000274624
-0.00521785
-0.0102297
-0.0117402
-0.00961184
-0.00659097
-0.0051492
-0.00501189
-0.00501189
-0.00459995
-0.00411936
-0.00391339
-0.0040507
-0.00432533
-0.00459995
-0.00418801
-0.00288355
-0.000961184
0.000274624
-0.000549248
-0.00391339
-0.00865065
-0.0128387
-0.0139372
-0.0100924
-0.00102984
0.0105044
0.0197729
0.0227251
0.0188117
0.0113969
0.00480592
0.00130446
0.000205968
-0.000549248
-0.00185371
-0.00267758
-0.000961184
0.00302086
0.00631635
0.00562979
0.000823872
-0.00466861
-0.00727753
-0.00583576
-0.00199102
0.00205968
0.00501189
0.00672828
0.00679694
0.00494323
0.000549248
-0.00624769
-0.0135939
-0.0181252
-0.0170953
-0.010573
-0.00151043
0.00665963
0.0118088
0.0131133
0.0108476
0.00631635
0.00164774
-0.000823872
-0.000137312
0.00267758
0.00535517
0.00617904
0.00487457
0.00205968
-0.00137312
-0.00473726
-0.00720888
-0.00803275
-0.0068656
-0.00411936
-0.000892528
0.0010985
0.00034328
-0.00363877
-0.00913124
-0.0133879
-0.0145551
-0.0122208
-0.0068656
0.000480592
0.00755216
0.010779
0.00741484
-0.00260893
-0.0164088
-0.0292474
-0.0363877
-0.0348772
-0.0249221
-0.0102297
0.00329549
0.010779
0.0100238
0.00315817
-0.00521785
-0.010573
-0.0111909
-0.00844468
-0.00528651
-0.00370742
-0.00411936
-0.00583576
-0.00775812
-0.00865065
-0.00830737
-0.00762081
-0.00782678
-0.0098178
-0.0132506
-0.0170953
-0.0200475
-0.0212834
-0.0207341
-0.019155
-0.0178506
-0.0170953
-0.0162715
-0.0140745
-0.00995512
-0.00501189
-0.00123581
-0.000205968
-0.00178506
-0.00501189
-0.008582
-0.0113969
-0.0129073
-0.0131133
-0.0119461
-0.00926856
-0.00549248
-0.00205968
-0.000274624
0.000205968
0.000755216
0.00144178
0.000755216
-0.00240296
-0.00652232
-0.00830737
-0.0057671
6.8656e-05
0.00617904
0.0100924
0.0111223
0.0098178
0.00672828
0.0023343
-0.00247161
-0.00624769
-0.0074835
-0.00562979
-0.00144178
0.00322683
0.00624769
0.00542382
-0.000137312
-0.00803275
-0.0134566
-0.0132506
-0.00837603
-0.00295221
-0.000617904
-0.00192237
-0.00521785
-0.00837603
-0.0103671
-0.0117402
-0.0138685
-0.0172326
-0.0204595
-0.0208714
-0.0173013
-0.0116029
-0.00727753
-0.00638501
-0.00775812
-0.00865065
-0.00727753
-0.00439398
-0.00192237
-0.00137312
-0.00247161
-0.00473726
-0.00796409
-0.0118775
-0.0146924
-0.0140058
-0.00933721
-0.00295221
0.00199102
0.00322683
0.0010985
-0.0023343
-0.00480592
-0.00569845
-0.00700291
-0.0106417
-0.0161342
-0.0202535
-0.0196356
-0.0133879
-0.00418801
0.00336414
0.00528651
0.000823872
-0.00700291
-0.0136625
-0.0155849
-0.0119461
-0.00480592
0.00164774
0.00370742
6.8656e-05
-0.00727753
-0.0146237
-0.0186058
-0.0182625
-0.0142804
-0.00865065
-0.00357011
-0.000961184
-0.00116715
-0.00350145
-0.00714022
-0.0114655
-0.0155849
-0.0185371
-0.0199102
-0.0194296
-0.0168207
-0.0114655
-0.00432533
0.00267758
0.00734619
0.00892528
0.00762081
0.00453129
0.00116715
-0.0010985
-0.00164774
-0.000823872
0.00034328
0.000961184
0.00034328
-0.00212834
-0.00665963
-0.0121521
-0.0157909
-0.0151043
-0.010573
-0.00611038
-0.00535517
-0.00865065
-0.012976
-0.0146237
-0.0124267
-0.00823872
-0.00535517
-0.00624769
-0.0105044
-0.0152416
-0.0168894
-0.0140745
-0.00851334
-0.00322683
-0.000617904
-0.00151043
-0.00569845
-0.0119461
-0.0174386
-0.0188117
-0.014761
-0.00762081
-0.00178506
-0.000480592
-0.0040507
-0.00954318
-0.0130446
-0.0121521
-0.00734619
-0.00130446
0.00288355
0.00370742
0.00137312
-0.00260893
-0.00597307
-0.00652232
-0.0034328
0.00164774
0.00590441
0.00679694
0.00384473
-0.00123581
-0.00617904
-0.00906259
-0.0100238
-0.0098178
-0.00906259
-0.0074835
-0.00535517
-0.00439398
-0.00645366
-0.0120148
-0.0190864
-0.0240982
-0.0239609
-0.0181938
-0.00913124
-0.00034328
0.00583576
0.00844468
0.0074835
0.00384473
-0.000480592
-0.00302086
-0.00219699
0.00212834
0.00768947
0.010985
0.00913124
0.00240296
-0.00611038
-0.0121521
-0.0133879
-0.0102297
-0.00556113
-0.00247161
-0.0023343
-0.00357011
-0.00357011
-0.00144178
0.000823872
0.000617904
-0.00308952
-0.00871931
-0.0139372
-0.0177132
-0.0200475
-0.0214207
-0.021558
-0.0201849
-0.0175759
-0.0142804
-0.0110536
-0.00892528
-0.00851334
-0.00913124
-0.00899393
-0.00583576
0.000480592
0.00741484
0.0108476
0.00817006
0.000480592
-0.00789544
-0.0126327
-0.0127014
-0.0103671
-0.00899393
-0.00961184
-0.0107103
-0.00947452
-0.00453129
0.00226565
0.00741484
0.00851334
0.00535517
-0.000137312
-0.00569845
-0.0100924
-0.0133879
-0.0156536
-0.0167521
-0.0162715
-0.0146924
-0.0136625
-0.0142804
-0.0162715
-0.0176446
-0.0162715
-0.0113282
-0.00459995
0.000755216
0.00212834
-0.000755216
-0.00556113
-0.00968049
-0.0111223
-0.00974915
-0.00652232
-0.00281489
6.8656e-05
0.00144178
0.00144178
0.000137312
-0.00178506
-0.0034328
-0.00398205
-0.00384473
-0.00446264
-0.00604173
-0.00720888
-0.00604173
-0.0023343
0.00164774
0.00315817
0.000961184
-0.00418801
-0.0109163
-0.01737
-0.0212834
-0.0205281
-0.0145551
-0.00535517
0.00308952
0.00672828
0.00391339
-0.00350145
-0.0121521
-0.0188117
-0.0214207
-0.0197729
-0.0158595
-0.0127014
-0.0124267
-0.0142118
-0.0157222
-0.0152416
-0.0123581
-0.00817006
-0.00439398
-0.00288355
-0.00439398
-0.00727753
-0.00885662
-0.00727753
-0.0034328
6.8656e-05
0.00123581
0.000480592
-0.000961184
-0.00267758
-0.00521785
-0.00878796
-0.01277
-0.0164088
-0.0194296
-0.0207341
-0.0190177
-0.0138685
-0.00762081
-0.00370742
-0.00398205
-0.00679694
-0.00933721
-0.0102297
-0.0105044
-0.0112596
-0.0117402
-0.0107103
-0.00755216
-0.00322683
0
0.000411936
-0.00192237
-0.00466861
-0.00549248
-0.00425667
-0.00260893
-0.00240296
-0.00432533
-0.00789544
-0.0119461
-0.0146924
-0.0146237
-0.0117402
-0.00762081
-0.00446264
-0.00411936
-0.0068656
-0.0111909
-0.0146237
-0.0157222
-0.0143491
-0.0116029
-0.00817006
-0.00336414
0.00384473
0.01277
0.0197729
0.0202535
0.0118775
-0.0023343
-0.0155162
-0.0218326
-0.0203222
-0.0150357
-0.0106417
-0.00933721
-0.0098178
-0.00954318
-0.00672828
-0.00157909
0.00391339
0.0068656
0.00611038
0.00322683
0.00102984
0.0010985
0.00260893
0.00322683
0.00164774
-0.00116715
-0.00274624
-0.0017164
0.000892528
0.00274624
0.00274624
0.00178506
0.00178506
0.0034328
0.00556113
0.00590441
0.00336414
-0.00123581
-0.00562979
-0.00871931
-0.0112596
-0.0145551
-0.0192237
-0.0243042
-0.0280116
-0.0291788
-0.0276684
-0.0239609
-0.0192923
-0.0155849
-0.0140745
-0.0140058
-0.0135252
-0.0113969
-0.00837603
-0.00604173
-0.00473726
-0.00322683
-0.00034328
0.00322683
0.00480592
0.00212834
-0.00377608
-0.00899393
-0.00954318
-0.00494323
0.00123581
0.00439398
0.00281489
-0.000961184
-0.00240296
0.00068656
0.00604173
0.00913124
0.00672828
0
-0.00707156
-0.0102984
-0.00878796
-0.00535517
-0.00398205
-0.00624769
-0.00954318
-0.0102984
-0.00775812
-0.00459995
-0.00329549
-0.00370742
-0.00391339
-0.00267758
-0.00116715
-0.0017164
-0.00480592
-0.00817006
-0.00899393
-0.00659097
-0.00295221
-0.000274624
0.00102984
0.0017164
0.00212834
0.00164774
-0.000549248
-0.00459995
-0.00906259
-0.0120148
-0.0115342
-0.00768947
-0.00212834
0.00288355
0.00583576
0.00562979
0.00178506
-0.00487457
-0.0121521
-0.0170267
-0.0178506
-0.014967
-0.0101611
-0.00562979
-0.00302086
-0.00350145
-0.00720888
-0.0134566
-0.0203222
-0.0247161
-0.0243729
-0.019155
-0.0113282
-0.00459995
-0.00192237
-0.00398205
-0.00913124
-0.014967
-0.018949
-0.0197729
-0.0174386
-0.012976
-0.00817006
-0.00480592
-0.00425667
-0.00700291
-0.0118088
-0.0162028
-0.0177819
-0.0157909
-0.0112596
-0.00617904
-0.00212834
0.000480592
0.0023343
0.00473726
0.0081014
0.0110536
0.0113969
0.0074835
-6.8656e-05
-0.00899393
-0.0161342
-0.018949
-0.0164088
-0.00947452
-0.000755216
0.00645366
0.00926856
0.0068656
0.0010985
-0.00542382
-0.0107103
-0.0139372
-0.0148297
-0.0134566
-0.0102984
-0.0068656
-0.00480592
-0.00508054
-0.00734619
-0.0098178
-0.0102297
-0.00823872
-0.00597307
-0.00700291
-0.01277
-0.021146
-0.0270505
-0.0264325
-0.0194983
-0.0102984
-0.00391339
-0.00240296
-0.00418801
-0.00597307
-0.00569845
-0.0040507
-0.00288355
-0.00260893
-0.00151043
0.0023343
0.008582
0.0136625
0.0137312
0.00803275
-0.000549248
-0.00762081
-0.0103671
-0.00878796
-0.00542382
-0.00377608
-0.00617904
-0.0124267
-0.0202535
-0.0260893
-0.0270505
-0.0222445
-0.0131133
-0.00288355
0.00535517
0.00961184
0.00961184
0.00672828
0.00288355
6.8656e-05
-0.0010985
-0.00164774
-0.00315817
-0.00631635
-0.00968049
-0.0108476
-0.00906259
-0.00597307
-0.00384473
-0.00391339
-0.00583576
-0.00865065
-0.0109163
-0.0118088
-0.0107103
-0.00796409
-0.00487457
-0.00302086
-0.00295221
-0.00329549
-0.0023343
0.000205968
0.00192237
-0.000137312
-0.00672828
-0.014967
-0.0209401
-0.0218326
-0.0170953
-0.00885662
-0.00144178
0.000755216
-0.00329549
-0.00947452
-0.0116715
-0.00714022
0.0010985
0.00727753
0.00768947
0.00274624
-0.00473726
-0.0118775
-0.0170267
-0.018949
-0.0167521
-0.010779
-0.00336414
0.00260893
0.00528651
0.00453129
0.00123581
-0.00322683
-0.00714022
-0.0091999
-0.00885662
-0.00659097
-0.00370742
-0.00185371
-0.00205968
-0.00350145
-0.00418801
-0.00212834
0.00212834
0.00624769
0.0074835
0.00473726
-0.00123581
-0.00871931
-0.0155849
-0.0197729
-0.0202535
-0.0168207
-0.010779
-0.00494323
-0.00254027
-0.00480592
-0.00988646
-0.0135252
-0.0127014
-0.00755216
-0.0017164
0.000892528
-0.00116715
-0.00583576
-0.00954318
-0.00974915
-0.00645366
-0.0017164
0.00185371
0.00288355
0.00137312
-0.00164774
-0.00480592
-0.00700291
-0.00830737
-0.00940587
-0.010779
-0.0120835
-0.0129073
-0.0122208
-0.00974915
-0.00590441
-0.00247161
-0.000823872
-0.000961184
-0.00137312
-0.00102984
-0.000617904
-0.00178506
-0.00542382
-0.0100238
-0.0130446
-0.0128387
-0.00995512
-0.00611038
-0.00322683
-0.00212834
-0.00240296
-0.00226565
-0.00068656
0.0010985
0.000274624
-0.00425667
-0.00995512
-0.0123581
-0.0091999
-0.00247161
0.00357011
0.00638501
0.00638501
0.00535517
0.00391339
0.00157909
-0.00151043
-0.0040507
-0.00521785
-0.00597307
-0.00871931
-0.0144864
-0.021558
-0.0258833
-0.0242356
-0.0164774
-0.00542382
0.00535517
0.0131133
0.0162028
0.0142118
0.00830737
0.00034328
-0.00782678
-0.0142118
-0.0167521
-0.0142804
-0.0081014
-0.0023343
-0.00157909
-0.00796409
-0.0185371
-0.0269131
-0.0270505
-0.0178506
-0.00384473
0.00803275
0.0130446
0.0113969
0.00652232
0.00226565
6.8656e-05
-0.00102984
-0.00350145
-0.0091999
-0.0177819
-0.0269131
-0.0332295
-0.0341907
-0.0294534
-0.0212147
-0.012976
-0.00693425
-0.00357011
-0.00226565
-0.00288355
-0.00528651
-0.00878796
-0.0118088
-0.0131819
-0.0121521
-0.00913124
-0.00528651
-0.00260893
-0.00205968
-0.00302086
-0.00453129
-0.00624769
-0.00844468
-0.0104357
-0.0104357
-0.00775812
-0.00501189
-0.00597307
-0.0112596
-0.0176446
-0.0208028
-0.0196356
-0.0159282
-0.0118775
-0.00851334
-0.00624769
-0.00528651
-0.00590441
-0.00755216
-0.00899393
-0.00892528
-0.00672828
-0.00260893
0.0023343
0.00631635
0.00727753
0.00432533
-0.00123581
-0.00734619
-0.0130446
-0.0180565
-0.0218326
-0.0229311
-0.0205968
-0.0155849
-0.0100924
-0.00611038
-0.00501189
-0.00720888
-0.0124267
-0.0188117
-0.0240296
-0.0258146
-0.023343
-0.01737
-0.00974915
-0.00267758
0.00199102
0.0034328
0.00205968
-0.000755216
-0.00391339
-0.0068656
-0.00947452
-0.0111909
-0.010779
-0.00714022
-0.00102984
0.00466861
0.00638501
0.00260893
-0.00466861
-0.0112596
-0.0140058
-0.0129073
-0.0101611
-0.00734619
-0.00425667
-0.0010985
0.000274624
-0.00164774
-0.00590441
-0.00961184
-0.0110536
-0.0104357
-0.00913124
-0.00844468
-0.00926856
-0.0116029
-0.0139372
-0.0139372
-0.010779
-0.00611038
-0.00363877
-0.00583576
-0.0128387
-0.0210774
-0.02554
-0.0228624
-0.0144178
-0.00583576
-0.00274624
-0.00707156
-0.0157909
-0.0238923
-0.0268445
-0.0238236
-0.0170267
-0.0104357
-0.00631635
-0.00487457
-0.00501189
-0.00611038
-0.00796409
-0.0101611
-0.0116029
-0.0116029
-0.0101611
-0.00885662
-0.00933721
-0.0130446
-0.0190864
-0.0243042
-0.0248535
-0.0194983
-0.0110536
-0.00439398
-0.00288355
-0.00583576
-0.00968049
-0.0108476
-0.00851334
-0.00466861
-0.00164774
0
0.000549248
-0.000137312
-0.00219699
-0.00535517
-0.00844468
-0.0103671
-0.0113282
-0.0122208
-0.0132506
-0.0133193
-0.010985
-0.00645366
-0.00212834
-0.00034328
-0.00157909
-0.00411936
-0.00590441
-0.00556113
-0.00281489
0.00240296
0.00885662
0.0143491
0.016958
0.0162715
0.0128387
0.00762081
0.00144178
-0.00439398
-0.00823872
-0.00961184
-0.00892528
-0.00768947
-0.00755216
-0.00906259
-0.0111223
-0.0116029
-0.00954318
-0.00631635
-0.00459995
-0.00556113
-0.00775812
-0.008582
-0.00714022
-0.00556113
-0.00672828
-0.0113969
-0.0168894
-0.019361
-0.0170953
-0.0123581
-0.00885662
-0.00865065
-0.0114655
-0.0155162
-0.0184685
-0.0183998
-0.0140058
-0.00556113
0.00446264
0.0118088
0.012976
0.00755216
-0.000755216
-0.00727753
-0.00933721
-0.00796409
-0.00638501
-0.0068656
-0.00947452
-0.0122894
-0.0133879
-0.0124267
-0.0107103
-0.00961184
-0.00988646
-0.0111909
-0.0128387
-0.0141431
-0.0143491
-0.0130446
-0.0108476
-0.00913124
-0.00878796
-0.0100238
-0.0123581
-0.0155162
-0.0186058
-0.0199789
-0.0186058
-0.015173
-0.0111223
-0.00768947
-0.00494323
-0.00205968
0.0017164
0.00611038
0.00947452
0.00988646
0.00652232
-0.000205968
-0.00823872
-0.0153789
-0.0199102
-0.0214207
-0.0208028
-0.019567
-0.0190864
-0.0196356
-0.0200475
-0.0186744
-0.015173
-0.0111909
-0.00933721
-0.0107103
-0.0141431
-0.01737
-0.0181252
-0.0157222
-0.0112596
-0.00720888
-0.00562979
-0.00693425
-0.00926856
-0.0107103
-0.0108476
-0.0105044
-0.0103671
-0.00892528
-0.00418801
0.00336414
0.0100238
0.0118775
0.00817006
0.00178506
-0.00384473
-0.00714022
-0.00837603
-0.0081014
-0.00672828
-0.00480592
-0.00363877
-0.00432533
-0.00665963
-0.00926856
-0.0105044
-0.00940587
-0.00604173
-0.00144178
0.0023343
0.00350145
0.00205968
-0.000274624
-0.00185371
-0.00205968
-0.00185371
-0.00254027
-0.00501189
-0.00899393
-0.012976
-0.014967
-0.0144178
-0.0124954
-0.0109163
-0.0105044
-0.0109163
-0.0113282
-0.0108476
-0.00940587
-0.00789544
-0.00755216
-0.008582
-0.0100238
-0.0107103
-0.0102297
-0.00871931
-0.00707156
-0.00638501
-0.00707156
-0.00844468
-0.0091999
-0.008582
-0.00693425
-0.00487457
-0.00281489
-0.000823872
0.0010985
0.00288355
0.00439398
0.00418801
0.000755216
-0.00590441
-0.0132506
-0.0176446
-0.0162028
-0.00865065
0.0017164
0.00968049
0.0106417
0.00398205
-0.00590441
-0.0137312
-0.0166147
-0.0157909
-0.0140745
-0.0131819
-0.0124954
-0.0102984
-0.0057671
-0.000274624
0.00439398
0.00700291
0.00755216
0.00597307
0.0023343
-0.00295221
-0.00885662
-0.0139372
-0.0174386
-0.0190177
-0.0188117
-0.0172326
-0.0150357
-0.0131133
-0.012564
-0.0140745
-0.0168894
-0.0194983
-0.0204595
-0.019567
-0.0173013
-0.0140058
-0.0102984
-0.00727753
-0.00562979
-0.00466861
-0.00308952
-0.000411936
0.00226565
0.0034328
0.00267758
0.00102984
-0.000274624
-0.0010985
-0.00212834
-0.00384473
-0.00611038
-0.0091999
-0.0136625
-0.018949
-0.0224505
-0.0216266
-0.0161342
-0.00885662
-0.00391339
-0.00315817
-0.00535517
-0.00775812
-0.00803275
-0.00556113
-0.00219699
-0.000961184
-0.00411936
-0.0102984
-0.0152416
-0.014967
-0.00947452
-0.00226565
0.00219699
0.00199102
-0.00144178
-0.00466861
-0.00535517
-0.0034328
-0.000755216
0.00068656
-0.000480592
-0.00357011
-0.00679694
-0.00837603
-0.00844468
-0.008582
-0.00995512
-0.0113282
-0.0108476
-0.00803275
-0.00459995
-0.00288355
-0.00357011
-0.00597307
-0.00851334
-0.00995512
-0.00933721
-0.00727753
-0.00508054
-0.00350145
-0.00219699
6.8656e-05
0.00377608
0.008582
0.0121521
0.0112596
0.00411936
-0.00762081
-0.019567
-0.027943
-0.0306892
-0.0275997
-0.0200475
-0.0109163
-0.00370742
-0.00068656
-0.00205968
-0.00583576
-0.00933721
-0.010779
-0.0109163
-0.0118775
-0.0142804
-0.0163401
-0.0156536
-0.0126327
-0.0102297
-0.010779
-0.0134566
-0.014967
-0.012564
-0.00652232
-0.000137312
0.00315817
0.00178506
-0.00350145
-0.0102297
-0.0155849
-0.0174386
-0.0153103
-0.0113282
-0.00885662
-0.0098178
-0.0131133
-0.0159968
-0.0162028
-0.0135939
-0.00913124
-0.00459995
-0.0017164
-0.00102984
-0.0017164
-0.00247161
-0.00308952
-0.00418801
-0.00652232
-0.00933721
-0.010985
-0.0103671
-0.00823872
-0.00693425
-0.00878796
-0.0134566
-0.0180565
-0.0192237
-0.0166834
-0.0129073
-0.0102984
-0.00933721
-0.00933721
-0.00961184
-0.0102984
-0.0116715
-0.0133193
-0.0140745
-0.0129073
-0.00995512
-0.00652232
-0.00418801
-0.0040507
-0.00583576
-0.00844468
-0.010779
-0.0122894
-0.012976
-0.0128387
-0.0116715
-0.00878796
-0.0040507
0.00164774
0.00659097
0.00899393
0.00817006
0.00439398
-0.000617904
-0.00453129
-0.00562979
-0.00459995
-0.00384473
-0.00473726
-0.00679694
-0.00837603
-0.00844468
-0.00720888
-0.00542382
-0.00446264
-0.00569845
-0.0091999
-0.012976
-0.0136625
-0.00940587
-0.00164774
0.0057671
0.00906259
0.00727753
0.00219699
-0.0034328
-0.00844468
-0.0128387
-0.0158595
-0.0154476
-0.010779
-0.00391339
0.00116715
0.00137312
-0.00315817
-0.00940587
-0.0135252
-0.0124954
-0.00569845
0.00384473
0.0103671
0.00933721
0.000617904
-0.0106417
-0.0179192
-0.0179879
-0.0124954
-0.00583576
-0.00144178
-0.000411936
-0.00178506
-0.00391339
-0.00521785
-0.00521785
-0.00439398
-0.0034328
-0.00288355
-0.00322683
-0.00508054
-0.00817006
-0.0111223
-0.0126327
-0.0123581
-0.00995512
-0.00480592
0.00219699
0.00823872
0.0102984
0.00762081
0.00295221
-0.000480592
-0.00130446
0.000205968
0.00288355
0.00590441
0.00844468
0.00974915
0.00913124
0.00727753
0.00501189
0.00295221
0.000823872
-0.00157909
-0.0034328
-0.00336414
-0.00144178
0.000755216
0.00123581
-0.00068656
-0.00370742
-0.00549248
-0.00439398
-0.00144178
0.000137312
-0.00254027
-0.00892528
-0.0148983
-0.0159968
-0.0110536
-0.00288355
0.00411936
0.00645366
0.00308952
-0.00418801
-0.0118775
-0.0159968
-0.0148983
-0.00961184
-0.00336414
-0.000137312
-0.00226565
-0.00851334
-0.0146237
-0.0161342
-0.0121521
-0.00583576
-0.0010985
0
-0.0023343
-0.00720888
-0.0135252
-0.019155
-0.021558
-0.0192237
-0.0134566
-0.00796409
-0.00549248
-0.00562979
-0.00528651
-0.0023343
0.00240296
0.00659097
0.00830737
0.00714022
0.00302086
-0.00308952
-0.00961184
-0.0142804
-0.0156536
-0.0137312
-0.0101611
-0.00755216
-0.00775812
-0.010573
-0.0138685
-0.0157222
-0.0156536
-0.0141431
-0.0116715
-0.00830737
-0.00508054
-0.00329549
-0.00288355
-0.00226565
0
0.00357011
0.00590441
0.00501189
0.000892528
-0.00329549
-0.00377608
0.00068656
0.00755216
0.0122894
0.0116715
0.00521785
-0.00521785
-0.0156536
-0.021558
-0.0205281
-0.0140745
-0.00652232
-0.0017164
-0.000961184
-0.00260893
-0.00453129
-0.00528651
-0.00446264
-0.00247161
0.000549248
0.00425667
0.00762081
0.00892528
0.00714022
0.00363877
0.000892528
-0.00034328
-0.00192237
-0.00583576
-0.0117402
-0.0170953
-0.0192923
-0.017164
-0.0117402
-0.0057671
-0.00205968
-0.0023343
-0.00583576
-0.0101611
