LECROYHDO9204-MSöv,30454,Waveform
Segments,1,SegmentSize,2002
Ampl
-0.00645366
-0.00473726
-0.00453129
-0.00521785
-0.0057671
-0.00569845
-0.00508054
-0.0040507
-0.00350145
-0.00501189
-0.00968049
-0.0159968
-0.0199789
-0.0184685
-0.0118775
-0.00370742
0.00185371
0.00185371
-0.00466861
-0.0157222
-0.0262952
-0.0306206
-0.0260893
-0.0152416
-0.00432533
0.000961184
-0.000892528
-0.0068656
-0.0116715
-0.0114655
-0.00549248
0.00308952
0.00913124
0.00817006
6.8656e-05
-0.0106417
-0.0176446
-0.0181938
-0.0143491
-0.0106417
-0.010573
-0.0144864
-0.0202535
-0.0241669
-0.0228624
-0.0153103
-0.00425667
0.00535517
0.00940587
0.00707156
0.0010985
-0.00377608
-0.00453129
-0.0017164
0.00205968
0.00473726
0.00569845
0.00569845
0.00528651
0.00473726
0.0034328
0.000823872
-0.0034328
-0.00851334
-0.0123581
-0.0129073
-0.00995512
-0.00542382
-0.0023343
-0.00247161
-0.00528651
-0.00851334
-0.0101611
-0.010573
-0.0111909
-0.0123581
-0.0118088
-0.00762081
-0.000961184
0.00473726
0.00693425
0.00569845
0.00254027
-0.00102984
-0.00425667
-0.00679694
-0.00878796
-0.0103671
-0.0118088
-0.0134566
-0.014967
-0.0151043
-0.012976
-0.00954318
-0.00741484
-0.00823872
-0.0116029
-0.0158595
-0.019567
-0.0220386
-0.0231371
-0.0232057
-0.0234803
-0.0245788
-0.0258833
-0.0260206
-0.0239609
-0.0203908
-0.0175073
-0.0178506
-0.0222445
-0.0283549
-0.0312385
-0.0265012
-0.0135252
0.00308952
0.014761
0.00988646
-0.0258833
-0.107996
-0.245926
-0.433356
-0.64365
-0.838015
-0.983565
-1.06801
-1.10186
-1.10715
-1.10433
-1.10461
-1.11058
-1.12129
-1.1353
-1.15061
-1.16372
-1.17175
-1.17443
-1.17415
-1.17388
-1.1745
-1.17422
-1.17058
-1.16296
-1.15342
-1.14477
-1.13811
-1.13221
-1.12527
-1.11607
-1.10454
-1.09108
-1.0768
-1.06314
-1.05174
-1.04419
-1.04213
-1.04611
-1.05504
-1.06602
-1.07632
-1.08408
-1.08909
-1.09239
-1.09568
-1.10117
-1.11024
-1.12163
-1.13193
-1.13742
-1.13667
-1.13172
-1.12678
-1.12555
-1.12898
-1.13495
-1.13996
-1.14113
-1.13749
-1.13097
-1.12479
-1.12067
-1.11731
-1.11257
-1.10632
-1.1009
-1.0987
-1.10049
-1.10536
-1.11161
-1.11683
-1.11868
-1.11662
-1.1123
-1.10797
-1.10474
-1.10234
-1.10069
-1.10035
-1.10131
-1.10289
-1.10385
-1.10344
-1.10213
-1.10124
-1.10152
-1.10255
-1.1033
-1.10433
-1.10694
-1.1123
-1.12026
-1.13015
-1.14106
-1.15081
-1.15541
-1.15067
-1.13488
-1.11024
-1.08092
-1.05009
-1.01769
-0.980888
-0.93585
-0.880787
-0.817555
-0.751714
-0.69061
-0.639118
-0.596964
-0.558516
-0.516773
-0.468646
-0.416467
-0.365181
-0.318907
-0.278331
-0.241738
-0.207616
-0.175965
-0.147885
-0.124405
-0.105662
-0.0913124
-0.0806708
-0.0733932
-0.0698231
-0.0707843
-0.0758648
-0.0823872
-0.0860946
-0.0830051
-0.0725007
-0.0580143
-0.0458622
-0.0410563
-0.0435965
-0.0484025
-0.0497756
-0.0460682
-0.0400264
-0.0355638
-0.0348086
-0.0372802
-0.040713
-0.0431846
-0.0440085
-0.0433219
-0.0422234
-0.042498
-0.0450383
-0.0482651
-0.0486084
-0.0432533
-0.0333668
-0.0238236
-0.0196356
-0.0217639
-0.0269818
-0.0314444
-0.0332295
-0.0328176
-0.0304833
-0.0265012
-0.0214207
-0.0168894
-0.0146924
-0.0158595
-0.0198416
-0.0248535
-0.0283549
-0.0282176
-0.0247161
-0.0204595
-0.0183311
-0.0192237
-0.0212834
-0.0221072
-0.0208028
-0.0188804
-0.0186744
-0.0210087
-0.0249221
-0.0282863
-0.0293848
-0.027531
-0.0227251
-0.0166147
-0.0116715
-0.00995512
-0.0112596
-0.0141431
-0.017164
-0.0197043
-0.021558
-0.0221759
-0.0207341
-0.0172326
-0.0129073
-0.010779
-0.0131819
-0.0194983
-0.02554
-0.0260893
-0.0192923
-0.00871931
-0.00102984
-0.00116715
-0.0091999
-0.0205968
-0.0298653
-0.0337787
-0.032131
-0.0265012
-0.0194296
-0.0128387
-0.0081014
-0.00590441
-0.00727753
-0.0127014
-0.0203908
-0.025952
-0.025952
-0.0208714
-0.014761
-0.0122208
-0.0150357
-0.0216266
-0.0283549
-0.0317877
-0.0304833
-0.0254027
-0.0192923
-0.0143491
-0.0110536
-0.00926856
-0.00878796
-0.0091999
-0.00961184
-0.00961184
-0.00968049
-0.0107103
-0.012976
-0.0166834
-0.0212147
-0.0247848
-0.0247848
-0.0197729
-0.0110536
-0.00226565
0.0023343
0.000205968
-0.00755216
-0.0164088
-0.0216953
-0.0218326
-0.0188117
-0.0159282
-0.014967
-0.0155849
-0.0162715
-0.0158595
-0.0150357
-0.0153103
-0.0168894
-0.0181938
-0.0170953
-0.012976
-0.00707156
-0.00157909
0.00199102
0.00308952
0.00240296
0.000892528
-0.000892528
-0.00274624
-0.00384473
-0.00308952
-0.000274624
0.00308952
0.00501189
0.00432533
0.00144178
-0.00260893
-0.00714022
-0.0120148
-0.0168207
-0.0206654
-0.0221072
-0.0208714
-0.0179879
-0.0154476
-0.0143491
-0.0138685
-0.0123581
-0.0091999
-0.00549248
-0.0023343
-0.000411936
0.000617904
0.0017164
0.00329549
0.0051492
0.00631635
0.00638501
0.00590441
0.00521785
0.00336414
0
-0.00329549
-0.00384473
-0.00068656
0.00363877
0.0051492
0.00157909
-0.00631635
-0.0148297
-0.0197043
-0.0185371
-0.0122208
-0.00418801
0.00219699
0.0057671
0.00679694
0.00556113
0.00199102
-0.00281489
-0.00659097
-0.00700291
-0.00363877
0.00116715
0.00384473
0.00274624
-0.0010985
-0.00528651
-0.00817006
-0.00913124
-0.008582
-0.0074835
-0.00727753
-0.00940587
-0.0137312
-0.0180565
-0.0190177
-0.015173
-0.00823872
-0.00185371
0.00116715
0.00034328
-0.00267758
-0.00521785
-0.00535517
-0.00322683
-6.8656e-05
0.00281489
0.00480592
0.00590441
0.0057671
0.00370742
-0.000274624
-0.00459995
-0.00727753
-0.00755216
-0.00652232
-0.0051492
-0.0034328
-0.00116715
0.000137312
-0.00130446
-0.00446264
-0.00604173
-0.00363877
0.00185371
0.00679694
0.00837603
0.00535517
-0.00137312
-0.00995512
-0.0175073
-0.0210774
-0.019155
-0.0127014
-0.00521785
-0.000617904
-0.00102984
-0.00562979
-0.0114655
-0.0154476
-0.0153103
-0.0111223
-0.00549248
-0.00212834
-0.00391339
-0.0103671
-0.0180565
-0.0223132
-0.0202535
-0.0133193
-0.00624769
-0.00322683
-0.00446264
-0.00672828
-0.00707156
-0.00494323
-0.00240296
-0.000823872
-0.000411936
-0.000961184
-0.00295221
-0.0068656
-0.0118088
-0.0152416
-0.0146924
-0.0102297
-0.00501189
-0.00363877
-0.00782678
-0.0151043
-0.0203908
-0.0203222
-0.0156536
-0.00995512
-0.00617904
-0.00494323
-0.00487457
-0.00425667
-0.00205968
0.00137312
0.00418801
0.00446264
0.00185371
-0.00192237
-0.00418801
-0.00350145
-0.00068656
0.0017164
0.00226565
0.00205968
0.00329549
0.00659097
0.00968049
0.0101611
0.00782678
0.00432533
0.00164774
0.00102984
0.00240296
0.00446264
0.00453129
0.00123581
-0.00446264
-0.00940587
-0.0113282
-0.0102984
-0.00865065
-0.00844468
-0.00974915
-0.0110536
-0.0116029
-0.0122208
-0.0137312
-0.0155162
-0.0153103
-0.0114655
-0.00453129
0.00247161
0.00604173
0.00432533
-0.00137312
-0.00796409
-0.012564
-0.0141431
-0.0133193
-0.0113969
-0.00968049
-0.00940587
-0.0108476
-0.0130446
-0.0137998
-0.0113969
-0.00624769
-0.000549248
0.00260893
0.00144178
-0.00336414
-0.00940587
-0.0140745
-0.0165461
-0.0173013
-0.0167521
-0.0146237
-0.0105044
-0.00501189
-6.8656e-05
0.00226565
0.00123581
-0.00185371
-0.00466861
-0.00590441
-0.00611038
-0.00624769
-0.00604173
-0.00446264
-0.0017164
0.0010985
0.00302086
0.0040507
0.00501189
0.00638501
0.0081014
0.00913124
0.00755216
0.00205968
-0.00631635
-0.0141431
-0.0179879
-0.0166147
-0.0113969
-0.0051492
-0.000755216
0.00034328
-0.00137312
-0.00425667
-0.00672828
-0.00851334
-0.0105044
-0.0137312
-0.0174386
-0.0194296
-0.0179192
-0.0137312
-0.0100238
-0.00947452
-0.0118775
-0.0153103
-0.0185371
-0.021146
-0.0227938
-0.0231371
-0.0232057
-0.0245788
-0.0270505
-0.0278743
-0.0240982
-0.0152416
-0.00453129
0.00322683
0.00466861
-0.000205968
-0.00755216
-0.0128387
-0.0133879
-0.00995512
-0.00549248
-0.00281489
-0.00315817
-0.00645366
-0.0115342
-0.0157222
-0.0161342
-0.0111909
-0.00308952
0.00384473
0.00569845
0.00199102
-0.00466861
-0.0101611
-0.0110536
-0.00624769
0.00240296
0.0103671
0.0133193
0.00968049
0.00116715
-0.00796409
-0.0136625
-0.0144864
-0.0120148
-0.00940587
-0.00878796
-0.00954318
-0.00988646
-0.008582
-0.00604173
-0.0040507
-0.00336414
-0.00329549
-0.00260893
-0.000411936
0.00260893
0.00459995
0.0040507
0.00157909
-0.00034328
0.000549248
0.00432533
0.00803275
0.00844468
0.00377608
-0.00494323
-0.0144864
-0.021558
-0.0243042
-0.0229997
-0.0186058
-0.0116029
-0.00260893
0.00583576
0.0106417
0.0102984
0.00672828
0.00336414
0.00260893
0.00350145
0.0034328
0.000617904
-0.00411936
-0.0081014
-0.00899393
-0.00604173
-0.0010985
0.00288355
0.00336414
-0.000205968
-0.00617904
-0.0118775
-0.0156536
-0.0175759
-0.0185371
-0.0188804
-0.0176446
-0.0141431
-0.00844468
-0.00205968
0.00254027
0.00295221
-0.000892528
-0.00665963
-0.0116715
-0.015173
-0.01737
-0.0176446
-0.0146924
-0.00871931
-0.00219699
0.00212834
0.00308952
0.00199102
0.000411936
-0.0010985
-0.00363877
-0.00782678
-0.012564
-0.0150357
-0.0131819
-0.00741484
-0.000961184
0.00267758
0.0017164
-0.00329549
-0.0100238
-0.0159968
-0.0186744
-0.0166147
-0.0103671
-0.00288355
0.00267758
0.00459995
0.0040507
0.00329549
0.00363877
0.00501189
0.00645366
0.00714022
0.00665963
0.00549248
0.00432533
0.00370742
0.00281489
0.000755216
-0.0023343
-0.00501189
-0.00583576
-0.0051492
-0.00487457
-0.00638501
-0.00871931
-0.00940587
-0.00714022
-0.00322683
-0.000617904
-0.00068656
-0.00281489
-0.00549248
-0.00830737
-0.0112596
-0.0135252
-0.0136625
-0.0111223
-0.00727753
-0.00466861
-0.00453129
-0.00604173
-0.00762081
-0.00803275
-0.00714022
-0.00508054
-0.00151043
0.00336414
0.00775812
0.00933721
0.00672828
0.00151043
-0.00288355
-0.00411936
-0.00240296
0
0.000411936
-0.00288355
-0.00906259
-0.0150357
-0.0168894
-0.012976
-0.00549248
0.00144178
0.00466861
0.00357011
-0.000274624
-0.00425667
-0.00624769
-0.00556113
-0.00295221
-6.8656e-05
0.0023343
0.00418801
0.0057671
0.00700291
0.00741484
0.00665963
0.00425667
0.00034328
-0.00384473
-0.00659097
-0.00638501
-0.0034328
0.000549248
0.00308952
0.00336414
0.00240296
0.00185371
0.0017164
0.000823872
-0.00151043
-0.00432533
-0.00638501
-0.00741484
-0.00775812
-0.00700291
-0.00398205
0.00116715
0.00645366
0.00892528
0.00700291
0.00164774
-0.00425667
-0.00823872
-0.00995512
-0.0107103
-0.0111909
-0.0112596
-0.0109163
-0.0116029
-0.0140745
-0.0168894
-0.0179879
-0.0164088
-0.0131819
-0.0100238
-0.00817006
-0.00762081
-0.00775812
-0.00734619
-0.00631635
-0.00597307
-0.00830737
-0.0135252
-0.0194983
-0.0230684
-0.0223132
-0.01737
-0.0102984
-0.00398205
-0.00068656
-0.00068656
-0.00288355
-0.00569845
-0.00844468
-0.0109163
-0.0133879
-0.0162028
-0.0187431
-0.0192237
-0.0159968
-0.0100924
-0.00418801
-0.000480592
0.00151043
0.00295221
0.00398205
0.00315817
-0.000205968
-0.0051492
-0.00968049
-0.0130446
-0.0155162
-0.016958
-0.0158595
-0.0110536
-0.00350145
0.00370742
0.00803275
0.00913124
0.00844468
0.0074835
0.00617904
0.00377608
0.000480592
-0.00212834
-0.00247161
-0.000823872
0.000480592
-0.000892528
-0.0051492
-0.0103671
-0.0142118
-0.0155162
-0.0148297
-0.0130446
-0.010985
-0.00892528
-0.00583576
-0.00034328
0.00727753
0.0139372
0.014761
0.00789544
-0.00322683
-0.0124954
-0.0158595
-0.0138685
-0.0100924
-0.00830737
-0.00947452
-0.0118775
-0.0126327
-0.0107103
-0.00720888
-0.00425667
-0.00370742
-0.00569845
-0.00865065
-0.00933721
-0.00521785
0.00288355
0.0104357
0.0129073
0.00892528
0.00102984
-0.0068656
-0.0122208
-0.0143491
-0.0137998
-0.0114655
-0.00830737
-0.00569845
-0.00418801
-0.00384473
-0.00384473
-0.00384473
-0.00432533
-0.00597307
-0.008582
-0.010779
-0.0111909
-0.0100924
-0.00892528
-0.00851334
-0.00817006
-0.00693425
-0.00542382
-0.00556113
-0.00796409
-0.010779
-0.0111909
-0.00789544
-0.00260893
0.0017164
0.0034328
0.00260893
0.000823872
-0.000617904
-0.00102984
-0.000755216
-0.000205968
0.00034328
0.000961184
0.0017164
0.00199102
0.00123581
-0.00034328
-0.0017164
-0.00205968
-0.00199102
-0.00254027
-0.00480592
-0.00885662
-0.0134566
-0.0165461
-0.0168207
-0.0151043
-0.0142804
-0.0162715
-0.0199102
-0.0217639
-0.019155
-0.0122208
-0.00439398
0.00068656
0.00116715
-0.00185371
-0.00638501
-0.0107103
-0.0135939
-0.0138685
-0.0111223
-0.00679694
-0.00439398
-0.00679694
-0.0136625
-0.021146
-0.0253341
-0.0249908
-0.0219013
-0.0186744
-0.0153789
-0.0106417
-0.00425667
0.00144178
0.00363877
0.00219699
0.000274624
0.000617904
0.00302086
0.00494323
0.00363877
-0.00178506
-0.00954318
-0.0161342
-0.0186058
-0.0165461
-0.012564
-0.00968049
-0.00913124
-0.00988646
-0.0102297
-0.00906259
-0.00631635
-0.00295221
-0.000823872
-0.00144178
-0.00466861
-0.00837603
-0.00961184
-0.00734619
-0.00336414
-0.000961184
-0.00240296
-0.0074835
-0.0134566
-0.01737
-0.0177132
-0.0145551
-0.0091999
-0.00336414
0.0010985
0.00247161
0.000549248
-0.00336414
-0.0068656
-0.00830737
-0.00755216
-0.00528651
-0.00281489
-0.00144178
-0.00205968
-0.00411936
-0.0057671
-0.00480592
-0.000823872
0.00432533
0.00789544
0.00789544
0.00446264
-0.000823872
-0.00631635
-0.0113282
-0.0156536
-0.0186744
-0.018949
-0.0157909
-0.0100924
-0.00453129
-0.00226565
-0.00398205
-0.0074835
-0.00933721
-0.00782678
-0.00411936
-0.000617904
0.0010985
0.000617904
-0.00157909
-0.00473726
-0.00851334
-0.0117402
-0.0134566
-0.0131133
-0.0109163
-0.00734619
-0.00247161
0.00308952
0.00775812
0.00940587
0.00672828
0.000549248
-0.00617904
-0.0100238
-0.00940587
-0.00535517
-0.000755216
0.00137312
-0.00068656
-0.00638501
-0.0133879
-0.0183998
-0.0186744
-0.0142118
-0.00762081
-0.00240296
-0.000480592
-0.000617904
-0.000411936
0.000961184
0.00185371
0.000892528
-0.00137312
-0.00302086
-0.00281489
-0.0010985
0.000274624
0.000137312
-0.00185371
-0.00453129
-0.00604173
-0.00542382
-0.00288355
0
0.00185371
0.00212834
0.00116715
-0.00068656
-0.00377608
-0.00782678
-0.0116029
-0.0129073
-0.0113969
-0.00851334
-0.00638501
-0.00521785
-0.00384473
-0.00102984
0.00308952
0.00679694
0.00755216
0.00357011
-0.00446264
-0.0138685
-0.0216953
-0.025746
-0.0250594
-0.019567
-0.0111223
-0.00370742
-0.000961184
-0.00288355
-0.00617904
-0.00707156
-0.00439398
0.000411936
0.00521785
0.00865065
0.0102297
0.00961184
0.00638501
0.000617904
-0.00562979
-0.00954318
-0.00968049
-0.00741484
-0.00508054
-0.00398205
-0.00370742
-0.00315817
-0.00137312
0.00116715
0.00295221
0.00260893
0.000137312
-0.00281489
-0.00459995
-0.00453129
-0.00322683
-0.0023343
-0.0034328
-0.00672828
-0.0101611
-0.0106417
-0.00659097
0.000892528
0.00803275
0.0105044
0.00631635
-0.00247161
-0.0113969
-0.0166834
-0.017164
-0.0142118
-0.0106417
-0.00878796
-0.00926856
-0.0109163
-0.0120148
-0.0112596
-0.00844468
-0.00432533
-0.00034328
0.00102984
-0.00178506
-0.00782678
-0.0138685
-0.0175073
-0.0184685
-0.0183311
-0.0176446
-0.015173
-0.0101611
-0.00425667
-0.00034328
0
-0.00178506
-0.00329549
-0.00350145
-0.00308952
-0.00302086
-0.00302086
-0.00219699
-0.00151043
-0.00247161
-0.00521785
-0.00762081
-0.00727753
-0.0040507
0
0.00247161
0.00178506
-0.00267758
-0.0100238
-0.0176446
-0.0220386
-0.021352
-0.017164
-0.0127014
-0.0106417
-0.0114655
-0.0145551
-0.0179879
-0.019567
-0.0181938
-0.0144864
-0.0106417
-0.008582
-0.00926856
-0.0115342
-0.0137312
-0.0152416
-0.0165461
-0.0181938
-0.0190864
-0.0177819
-0.0141431
-0.00892528
-0.00322683
0.00212834
0.00597307
0.00672828
0.00357011
-0.0023343
-0.00865065
-0.0133879
-0.0159282
-0.0165461
-0.0150357
-0.0109163
-0.00480592
0.000961184
0.00411936
0.00384473
0.00102984
-0.00267758
-0.00556113
-0.00645366
-0.00501189
-0.00226565
-0.000137312
0.000137312
-0.000961184
-0.00247161
-0.00377608
-0.00473726
-0.00439398
-0.00164774
0.00219699
0.00391339
0.000961184
-0.00542382
-0.0110536
-0.0121521
-0.008582
-0.00391339
-0.00240296
-0.00480592
-0.00775812
-0.00775812
-0.00439398
-0.000892528
-0.000617904
-0.00439398
-0.0105044
-0.0164088
-0.0201849
-0.0212147
-0.0194296
-0.0151043
-0.00865065
-0.00199102
0.00219699
0.0017164
-0.0023343
-0.00617904
-0.00604173
-0.0010985
0.00542382
0.00851334
0.00508054
-0.00398205
-0.0142118
-0.0210774
-0.0222445
-0.0178506
-0.00974915
-0.00116715
0.00411936
0.00418801
-0.00034328
-0.00707156
-0.0132506
-0.0166147
-0.0156536
-0.0110536
-0.00556113
-0.00192237
-0.00123581
-0.00254027
-0.0040507
-0.00425667
-0.00240296
0.000480592
0.0023343
0.00137312
-0.00205968
-0.00631635
-0.00933721
-0.00988646
-0.00755216
-0.00322683
0.00116715
0.00377608
0.00377608
0.00199102
6.8656e-05
-0.000823872
-0.000755216
-0.000755216
-0.00240296
-0.00583576
-0.0098178
-0.0124954
-0.0133193
-0.0122894
-0.00933721
-0.00432533
0.0017164
0.00645366
0.00768947
0.00556113
0.00192237
-0.000961184
-0.00267758
-0.00425667
-0.00672828
-0.00968049
-0.0116029
-0.0120835
-0.0123581
-0.0142804
-0.0181252
-0.0219699
-0.0232744
-0.0210774
-0.0166834
-0.012976
-0.0124954
-0.0148983
-0.0175759
-0.0177132
-0.0146237
-0.0100238
-0.00590441
-0.00302086
-0.00102984
0.00034328
0.000411936
-0.0017164
-0.0057671
-0.00961184
-0.0108476
-0.00892528
-0.00562979
-0.00267758
-0.000480592
0.00151043
0.00350145
0.00501189
0.00562979
0.00494323
0.00260893
-0.000892528
-0.00466861
-0.00727753
-0.00782678
-0.00665963
-0.00521785
-0.0057671
-0.00926856
-0.0142118
-0.01737
-0.0161342
-0.0112596
-0.0057671
-0.00315817
-0.00466861
-0.00913124
-0.0137998
-0.0160655
-0.0153103
-0.012564
-0.00954318
-0.00789544
-0.00913124
-0.0133193
-0.0186058
-0.0216266
-0.0196356
-0.0128387
-0.00411936
0.00254027
0.00425667
0.000892528
-0.00528651
-0.0104357
-0.0113969
-0.00782678
-0.00226565
0.00157909
0.0010985
-0.00329549
-0.00871931
-0.0117402
-0.0102297
-0.00446264
0.0034328
0.0107103
0.0151043
0.0154476
0.0114655
0.00425667
-0.00432533
-0.0124267
-0.0187431
-0.0223132
-0.0234117
-0.0228624
-0.0216266
-0.0194983
-0.0157222
-0.0103671
-0.0051492
-0.00205968
-0.00123581
-0.00116715
-0.000411936
0.0010985
0.00226565
0.00164774
-0.00144178
-0.00659097
-0.0120835
-0.014967
-0.0122208
-0.00329549
0.00823872
0.0165461
0.0175759
0.0114655
0.0023343
-0.00556113
-0.0100924
-0.0112596
-0.00968049
-0.00597307
-0.000755216
0.00425667
0.0068656
0.00611038
0.00295221
-0.000274624
-0.00164774
-0.00102984
0.00034328
0.000411936
-0.00199102
-0.00672828
-0.0122208
-0.0160655
-0.0164088
-0.0128387
-0.00693425
-0.00164774
0.000961184
0.00116715
0.000892528
0.00164774
0.00322683
0.00384473
0.00274624
0.000823872
-0.00123581
-0.00418801
-0.00871931
-0.0130446
-0.0140745
-0.0100924
-0.00322683
0.00185371
0.00130446
-0.00569845
-0.0159282
-0.0250594
-0.03014
-0.0306206
-0.0268445
-0.0199789
-0.0120835
-0.00549248
-0.00102984
0.00185371
0.0040507
0.00631635
0.00926856
0.0130446
0.0170953
0.0196356
0.0192237
0.014761
0.00631635
-0.00501189
-0.0164774
-0.0246475
-0.0273937
-0.0251281
-0.0192237
-0.0112596
-0.00274624
0.00432533
0.00817006
0.00803275
0.00459995
-0.000892528
-0.00665963
-0.0112596
-0.0142804
-0.0159968
-0.0166834
-0.0162028
-0.014967
-0.0135252
-0.0122208
-0.0105044
-0.008582
-0.00762081
-0.00871931
-0.0113969
-0.0138685
-0.0141431
-0.010985
-0.00418801
0.00453129
0.0118088
0.0148983
0.0131133
0.0081014
0.00219699
-0.00315817
-0.0074835
-0.00988646
-0.00885662
-0.00398205
0.00212834
0.00487457
0.00192237
-0.0040507
-0.00741484
-0.00528651
0.00034328
0.00528651
0.00762081
0.00768947
0.00562979
0.000549248
-0.00775812
-0.0164088
-0.0212147
-0.0199102
-0.0145551
-0.0091999
-0.00714022
-0.00844468
-0.0111223
-0.0133193
-0.0139372
-0.0126327
-0.00968049
-0.00562979
-0.00151043
0.00137312
0.00164774
-0.00116715
-0.00604173
-0.0104357
-0.0116715
-0.00865065
-0.00281489
0.00357011
0.008582
0.0114655
0.0124954
0.0118088
0.00933721
0.00556113
0.00199102
0.000137312
0
-0.000480592
-0.0034328
-0.00892528
-0.0142804
-0.0162028
-0.0130446
-0.00611038
0.000755216
0.00322683
-0.000480592
-0.00796409
-0.0140058
-0.0146237
-0.0102297
-0.00466861
-0.0017164
-0.0023343
-0.0051492
-0.0074835
-0.00741484
-0.00501189
-0.00274624
-0.00391339
-0.00988646
-0.0190864
-0.0276684
-0.0314444
-0.027531
-0.017164
-0.00562979
0.00068656
-0.000549248
-0.00624769
-0.0109163
-0.0116029
-0.00926856
-0.0068656
-0.00631635
-0.00762081
-0.00933721
-0.0102984
-0.00961184
-0.00714022
-0.00363877
-0.000892528
-0.0010985
-0.00521785
-0.0118088
-0.0179192
-0.0205281
-0.0181938
-0.0119461
-0.00487457
-0.000480592
-0.000549248
-0.00411936
-0.00851334
-0.0116029
-0.0124954
-0.0112596
-0.00844468
-0.00535517
-0.00391339
-0.0051492
-0.00830737
-0.0111223
-0.0119461
-0.0106417
-0.00837603
-0.00631635
-0.00508054
-0.00446264
-0.00377608
-0.00288355
-0.00281489
-0.00473726
-0.00878796
-0.0132506
-0.0150357
-0.0118775
-0.00446264
0.0034328
0.00755216
0.00617904
0.00068656
-0.00631635
-0.0128387
-0.0167521
-0.0163401
-0.0113282
-0.00398205
0.00205968
0.00370742
0.000480592
-0.00542382
-0.0105044
-0.0120835
-0.0104357
-0.00762081
-0.00611038
-0.00645366
-0.00762081
-0.00755216
-0.00487457
-0.00034328
0.0034328
0.00432533
0.00260893
-6.8656e-05
-0.00219699
-0.00363877
-0.0051492
-0.00672828
-0.0074835
-0.00617904
-0.00212834
0.00329549
0.00768947
0.00885662
0.00562979
-0.00144178
-0.0100924
-0.0166834
-0.0184685
-0.0150357
-0.00899393
-0.00398205
-0.0023343
-0.00425667
-0.00796409
-0.010573
-0.0100238
-0.00611038
-0.000755216
0.00295221
0.00254027
-0.00192237
-0.00707156
-0.00837603
-0.00315817
0.00665963
0.0157222
0.0188117
0.0146924
0.00672828
0
-0.00267758
-0.00226565
-0.00185371
-0.00350145
-0.00631635
-0.00727753
-0.00480592
-0.00116715
-0.000823872
-0.00617904
-0.0148297
-0.021352
-0.021558
-0.0157222
-0.00789544
-0.00254027
-0.0017164
-0.00432533
-0.00789544
-0.0103671
-0.010779
-0.00878796
-0.00542382
-0.00281489
-0.00295221
-0.00549248
-0.00830737
-0.00933721
-0.00817006
-0.0057671
-0.00357011
-0.00240296
-0.00212834
-0.0017164
-0.00102984
-0.00068656
-0.00185371
-0.00535517
-0.0111909
-0.0178506
-0.0230684
-0.0244415
-0.0208714
-0.0131819
-0.00459995
0.00130446
0.00308952
0.00205968
0.000755216
0.000892528
0.00192237
0.00123581
-0.0034328
-0.0113282
-0.0183311
-0.0201162
-0.0158595
-0.00837603
-0.00219699
-0.000480592
-0.00350145
-0.00865065
-0.0129073
-0.0145551
-0.0138685
-0.012564
-0.0124267
-0.0137998
-0.0155849
-0.015173
-0.0110536
-0.00370742
0.00377608
0.00768947
0.00597307
6.8656e-05
-0.00611038
-0.00933721
-0.00940587
-0.00892528
-0.0102297
-0.0131133
-0.0153789
-0.0148297
-0.0114655
-0.00741484
-0.00521785
-0.00590441
-0.00789544
-0.00871931
-0.00727753
-0.00473726
-0.00281489
-0.00219699
-0.00254027
-0.00336414
-0.00453129
-0.00583576
-0.00700291
-0.00734619
-0.00611038
-0.00288355
0.00137312
0.00411936
0.00274624
-0.00329549
-0.0110536
-0.0166834
-0.0178506
-0.0154476
-0.0122208
-0.0102984
-0.00974915
-0.00940587
-0.00817006
-0.0068656
-0.00659097
-0.00741484
-0.008582
-0.00988646
-0.0118775
-0.0140745
-0.0143491
-0.010779
-0.00384473
0.00391339
0.00913124
0.0098178
0.00590441
-0.00116715
-0.00892528
-0.0142804
-0.0145551
-0.00947452
-0.00199102
0.0040507
0.00638501
0.00590441
0.00466861
0.00363877
0.00260893
0.000823872
-0.00164774
-0.00398205
-0.00535517
-0.00631635
-0.00885662
-0.0139372
-0.0201849
-0.0239609
-0.0218326
-0.0136625
-0.00302086
0.00411936
0.00377608
