LECROYHDO9204-MSöv,30454,Waveform
Segments,1,SegmentSize,2002
Ampl
0.00700291
0.00789544
0.00446264
-0.00157909
-0.00741484
-0.010779
-0.0111909
-0.00988646
-0.00865065
-0.00871931
-0.00995512
-0.0108476
-0.00974915
-0.00624769
-0.00212834
6.8656e-05
-0.00068656
-0.00384473
-0.00817006
-0.0124954
-0.0151043
-0.0137998
-0.00775812
0.000480592
0.00652232
0.0074835
0.00418801
-6.8656e-05
-0.00302086
-0.00562979
-0.0102984
-0.01737
-0.0242356
-0.0271191
-0.0242356
-0.0170267
-0.00885662
-0.00274624
0.000205968
0.000274624
-0.00151043
-0.00425667
-0.00672828
-0.00782678
-0.00714022
-0.00549248
-0.00398205
-0.00295221
-0.00205968
-0.00102984
-0.000137312
-0.000205968
-0.00151043
-0.00384473
-0.00638501
-0.00782678
-0.00768947
-0.00631635
-0.00391339
-0.000137312
0.00446264
0.00789544
0.00803275
0.0051492
0.00151043
-0.000892528
-0.00157909
-0.00151043
-0.00130446
-0.000892528
0
0.0010985
0.00157909
0.000617904
-0.00240296
-0.00672828
-0.0109163
-0.0131819
-0.0130446
-0.0117402
-0.010985
-0.0114655
-0.0122894
-0.0123581
-0.0119461
-0.012976
-0.0166834
-0.0217639
-0.0254027
-0.0263639
-0.025952
-0.0256773
-0.0253341
-0.0232744
-0.0183311
-0.0115342
-0.00569845
-0.0040507
-0.00727753
-0.0131819
-0.0181252
-0.0204595
-0.0209401
-0.0214207
-0.0221759
-0.0226565
-0.0223132
-0.0219699
-0.0225878
-0.0239609
-0.0243042
-0.0224505
-0.0190177
-0.0153103
-0.0110536
-0.00569845
-0.0023343
-0.0115342
-0.0511487
-0.140401
-0.289042
-0.486702
-0.701595
-0.892253
-1.02599
-1.09328
-1.10838
-1.0985
-1.08861
-1.09218
-1.10962
-1.13275
-1.1526
-1.16447
-1.1688
-1.16859
-1.1664
-1.16365
-1.16118
-1.15912
-1.15678
-1.15239
-1.14477
-1.13509
-1.12644
-1.12136
-1.1195
-1.11765
-1.11202
-1.1009
-1.08573
-1.07
-1.05723
-1.04913
-1.04618
-1.0479
-1.0527
-1.05833
-1.06307
-1.06726
-1.07241
-1.07927
-1.08717
-1.09506
-1.10248
-1.10969
-1.11669
-1.12301
-1.12774
-1.13042
-1.13097
-1.12953
-1.12644
-1.12211
-1.11765
-1.11484
-1.11559
-1.12047
-1.12754
-1.13372
-1.13701
-1.13763
-1.13639
-1.13296
-1.12589
-1.11559
-1.10605
-1.10207
-1.10467
-1.11058
-1.11538
-1.11696
-1.11532
-1.11147
-1.10742
-1.10577
-1.10818
-1.11291
-1.11614
-1.1149
-1.10982
-1.1044
-1.10248
-1.10557
-1.11209
-1.11854
-1.12204
-1.12232
-1.12136
-1.12184
-1.12575
-1.13289
-1.14113
-1.14772
-1.1504
-1.14752
-1.13687
-1.11676
-1.08772
-1.05208
-1.01199
-0.967225
-0.917244
-0.862731
-0.805884
-0.749449
-0.696034
-0.647426
-0.60328
-0.560095
-0.513478
-0.461574
-0.406924
-0.353784
-0.305382
-0.262609
-0.225672
-0.19464
-0.168756
-0.146443
-0.127151
-0.111841
-0.101268
-0.094196
-0.0884289
-0.0826618
-0.0771693
-0.0725007
-0.068656
-0.0652232
-0.0621337
-0.0594561
-0.0569158
-0.0541696
-0.0510114
-0.0479905
-0.0464114
-0.0475099
-0.051286
-0.0559546
-0.0589755
-0.0585635
-0.0550621
-0.0496383
-0.0435279
-0.0385847
-0.0371429
-0.0411249
-0.0497069
-0.0595247
-0.0659097
-0.0654291
-0.0577397
-0.0451756
-0.0321996
-0.0234803
-0.0214207
-0.0243042
-0.027737
-0.0284236
-0.0266385
-0.0247848
-0.0243729
-0.0246475
-0.0240296
-0.0225878
-0.0218326
-0.0232744
-0.0265699
-0.0300713
-0.032337
-0.0324743
-0.03014
-0.0258833
-0.0210774
-0.0166834
-0.0131133
-0.0105044
-0.00988646
-0.0117402
-0.0148297
-0.0166834
-0.0158595
-0.0133879
-0.0121521
-0.0151043
-0.0223132
-0.0302086
-0.0337787
-0.0308265
-0.0240982
-0.0183998
-0.0162715
-0.0168207
-0.0175073
-0.0168207
-0.014967
-0.0123581
-0.00851334
-0.00336414
0.00178506
0.00425667
0.00226565
-0.00315817
-0.00892528
-0.0124954
-0.0130446
-0.0115342
-0.0098178
-0.0100238
-0.0135939
-0.0196356
-0.0251967
-0.0267072
-0.0229997
-0.0163401
-0.010985
-0.00974915
-0.0122208
-0.0156536
-0.0176446
-0.0178506
-0.01737
-0.0168207
-0.0155162
-0.0129073
-0.00968049
-0.00789544
-0.00892528
-0.0122208
-0.0153789
-0.0157909
-0.0128387
-0.00899393
-0.00727753
-0.00885662
-0.0120148
-0.0141431
-0.0139372
-0.0116715
-0.00871931
-0.00679694
-0.00741484
-0.0102297
-0.0133193
-0.0150357
-0.0150357
-0.0140058
-0.0121521
-0.0098178
-0.00775812
-0.00727753
-0.008582
-0.010985
-0.01277
-0.0123581
-0.0091999
-0.00439398
-0.00034328
0.000617904
-0.00226565
-0.0081014
-0.0143491
-0.0181252
-0.0170953
-0.0112596
-0.00350145
0.00240296
0.00391339
0.00137312
-0.00274624
-0.00556113
-0.00569845
-0.00439398
-0.00398205
-0.00659097
-0.012564
-0.0199102
-0.02554
-0.0268445
-0.0229311
-0.0143491
-0.00295221
0.00803275
0.0159282
0.0194983
0.019155
0.0160655
0.010779
0.00411936
-0.00247161
-0.00734619
-0.010573
-0.0133879
-0.0168207
-0.0194983
-0.0192237
-0.0152416
-0.0091999
-0.00384473
-0.000755216
0.000137312
0.000480592
0.00137312
0.00226565
0.0017164
-0.00137312
-0.00665963
-0.0122208
-0.0160655
-0.0162028
-0.0123581
-0.00604173
0
0.00329549
0.00274624
-0.00123581
-0.0068656
-0.0111909
-0.0118088
-0.00803275
-0.00164774
0.00494323
0.00954318
0.0108476
0.00803275
0.0010985
-0.00782678
-0.0153789
-0.018949
-0.0183311
-0.0146237
-0.00851334
-0.000274624
0.00796409
0.0122208
0.00926856
6.8656e-05
-0.00995512
-0.0144178
-0.0111909
-0.00357011
0.00288355
0.00459995
0.00192237
-0.00260893
-0.00659097
-0.0091999
-0.0107103
-0.0119461
-0.0132506
-0.0140745
-0.0134566
-0.0112596
-0.00782678
-0.00357011
0.000823872
0.00384473
0.00308952
-0.00205968
-0.00878796
-0.0121521
-0.00947452
-0.00212834
0.00562979
0.0102297
0.0105044
0.00707156
0.00123581
-0.00556113
-0.0114655
-0.0148297
-0.0144864
-0.010573
-0.00418801
0.0023343
0.00624769
0.00528651
-0.000205968
-0.00720888
-0.0114655
-0.0113969
-0.00865065
-0.00528651
-0.00164774
0.00322683
0.00892528
0.01277
0.0121521
0.00679694
-0.000755216
-0.00679694
-0.00899393
-0.00727753
-0.00418801
-0.0023343
-0.00260893
-0.00377608
-0.00398205
-0.00267758
-0.00130446
-0.00144178
-0.00370742
-0.00700291
-0.00899393
-0.00823872
-0.00494323
-0.000823872
0.00199102
0.00247161
0.000755216
-0.00226565
-0.00542382
-0.00714022
-0.00631635
-0.00308952
0.000411936
0.00157909
-0.000205968
-0.00315817
-0.00480592
-0.00411936
-0.00240296
-0.0017164
-0.00260893
-0.00411936
-0.00494323
-0.00508054
-0.00535517
-0.00638501
-0.00796409
-0.00926856
-0.0100238
-0.0102297
-0.00995512
-0.00865065
-0.00624769
-0.00363877
-0.00240296
-0.00398205
-0.00878796
-0.0155162
-0.0210087
-0.0218326
-0.0168207
-0.00892528
-0.00322683
-0.00336414
-0.00878796
-0.014967
-0.0165461
-0.0113969
-0.00226565
0.0051492
0.00652232
0.00219699
-0.00418801
-0.008582
-0.00926856
-0.00693425
-0.0034328
-0.00102984
-0.000961184
-0.00308952
-0.00590441
-0.00782678
-0.00803275
-0.00638501
-0.00308952
0.00102984
0.00453129
0.0057671
0.00480592
0.00281489
0.000823872
-0.00164774
-0.00542382
-0.00988646
-0.0131133
-0.0137998
-0.0120835
-0.00913124
-0.00597307
-0.00329549
-0.00164774
-0.00151043
-0.00254027
-0.00322683
-0.00226565
-0.000137312
0.00144178
0.00123581
0
-0.000617904
0.000411936
0.00199102
0.00226565
0.00068656
-0.00219699
-0.00569845
-0.00954318
-0.012976
-0.0142804
-0.0122208
-0.00768947
-0.00357011
-0.0023343
-0.00425667
-0.0074835
-0.00961184
-0.00940587
-0.00707156
-0.00418801
-0.0023343
-0.00205968
-0.00260893
-0.00288355
-0.00274624
-0.00308952
-0.00480592
-0.00727753
-0.00892528
-0.00817006
-0.00508054
-0.00130446
0.000823872
-0.000205968
-0.00391339
-0.00837603
-0.0116029
-0.0122894
-0.00995512
-0.00501189
0.00116715
0.00659097
0.00954318
0.00954318
0.00727753
0.00398205
0.000961184
-0.00157909
-0.00370742
-0.0057671
-0.00768947
-0.00913124
-0.00961184
-0.00899393
-0.00789544
-0.0074835
-0.00817006
-0.00865065
-0.00631635
-0.000549248
0.00638501
0.010985
0.0116715
0.00906259
0.00418801
-0.00226565
-0.0091999
-0.0139372
-0.0140745
-0.00933721
-0.00192237
0.00487457
0.008582
0.00844468
0.00521785
0.000205968
-0.00466861
-0.00796409
-0.00974915
-0.0112596
-0.0135252
-0.0157909
-0.0153789
-0.0108476
-0.00357011
0.00240296
0.00459995
0.00384473
0.00281489
0.00247161
0.00164774
-0.00116715
-0.00556113
-0.0100924
-0.0133879
-0.0150357
-0.0151043
-0.0135939
-0.010573
-0.0068656
-0.00377608
-0.00212834
-0.00123581
6.8656e-05
0.0010985
0.000480592
-0.00192237
-0.00384473
-0.00288355
0.000961184
0.00556113
0.00775812
0.00528651
-0.0017164
-0.0106417
-0.0175073
-0.019361
-0.0159968
-0.0101611
-0.00569845
-0.00453129
-0.00562979
-0.00638501
-0.00494323
-0.00123581
0.00315817
0.00597307
0.00597307
0.00350145
-6.8656e-05
-0.00302086
-0.00370742
-0.00130446
0.00329549
0.00768947
0.00974915
0.00906259
0.00679694
0.00418801
0.00164774
-0.000823872
-0.00288355
-0.00439398
-0.00549248
-0.00638501
-0.00604173
-0.00315817
0.00199102
0.00665963
0.00693425
0.00130446
-0.00844468
-0.0181252
-0.023549
-0.0227938
-0.0168207
-0.00851334
-0.00123581
0.00302086
0.00391339
0.00247161
0
-0.00308952
-0.00624769
-0.00899393
-0.0107103
-0.0123581
-0.0154476
-0.0203222
-0.0247848
-0.0254714
-0.0207341
-0.012564
-0.00528651
-0.00185371
-0.00164774
-0.00226565
-0.00219699
-0.00226565
-0.00425667
-0.00871931
-0.0140745
-0.0170953
-0.0158595
-0.0111223
-0.00617904
-0.00391339
-0.00521785
-0.00933721
-0.0146924
-0.0192923
-0.0208714
-0.0183311
-0.012564
-0.00645366
-0.00254027
-0.00178506
-0.00274624
-0.00329549
-0.00288355
-0.00260893
-0.00363877
-0.00549248
-0.00604173
-0.00418801
-0.000892528
0.00178506
0.00254027
0.0017164
0.000549248
-0.000274624
-0.00102984
-0.00247161
-0.00494323
-0.00782678
-0.0100238
-0.010573
-0.00933721
-0.00659097
-0.00322683
-0.000411936
0.000823872
0
-0.00226565
-0.00501189
-0.00768947
-0.010779
-0.0141431
-0.0166834
-0.0163401
-0.0118088
-0.00398205
0.0040507
0.00892528
0.00954318
0.00741484
0.00453129
0.00151043
-0.00192237
-0.00528651
-0.00700291
-0.00631635
-0.00411936
-0.00226565
-0.00144178
-0.00102984
-0.000617904
-0.00144178
-0.00583576
-0.0148297
-0.0256087
-0.0327489
-0.0317191
-0.0224505
-0.00926856
0.00130446
0.00432533
-0.000823872
-0.00988646
-0.0164088
-0.0166834
-0.0113282
-0.0040507
0.00157909
0.00370742
0.0023343
-0.00199102
-0.0081014
-0.0137998
-0.0159282
-0.0127014
-0.00494323
0.00370742
0.00899393
0.00913124
0.0057671
0.00199102
0.000274624
0.000617904
0.00137312
0.000480592
-0.00240296
-0.00542382
-0.00624769
-0.00494323
-0.00322683
-0.00240296
-0.00130446
0.00178506
0.00707156
0.0123581
0.0143491
0.010985
0.00274624
-0.00665963
-0.0124954
-0.0116029
-0.0051492
0.00247161
0.00645366
0.00556113
0.00199102
-0.00102984
-0.00157909
0.000205968
0.00240296
0.00205968
-0.00302086
-0.0120835
-0.0212834
-0.025952
-0.0244415
-0.0188117
-0.012564
-0.00775812
-0.00494323
-0.00363877
-0.00336414
-0.00315817
-0.00178506
0.00123581
0.00432533
0.0051492
0.00226565
-0.00336414
-0.00906259
-0.0123581
-0.0121521
-0.00913124
-0.00501189
-0.00151043
-0.000137312
-0.00178506
-0.0057671
-0.00995512
-0.0122208
-0.0120148
-0.0100924
-0.00720888
-0.00418801
-0.00212834
-0.00205968
-0.00384473
-0.00590441
-0.00693425
-0.0074835
-0.00933721
-0.01277
-0.0152416
-0.0135252
-0.00645366
0.00302086
0.00906259
0.00755216
-0.000823872
-0.0111909
-0.0178506
-0.0170953
-0.008582
0.0051492
0.0187431
0.0261579
0.0236863
0.0131819
0.000823872
-0.00700291
-0.00796409
-0.00439398
-0.00102984
-0.00144178
-0.00617904
-0.0123581
-0.0160655
-0.0146924
-0.00899393
-0.00288355
-0.000205968
-0.00212834
-0.00624769
-0.00892528
-0.00844468
-0.00679694
-0.00700291
-0.0101611
-0.0143491
-0.0165461
-0.0153789
-0.0120835
-0.00933721
-0.008582
-0.00933721
-0.00968049
-0.00844468
-0.00597307
-0.00315817
-0.000823872
0.00034328
-0.000549248
-0.00453129
-0.010985
-0.0170267
-0.0190864
-0.0161342
-0.010985
-0.00789544
-0.00878796
-0.0119461
-0.0139372
-0.012564
-0.0081014
-0.00260893
0.0010985
0.000823872
-0.00377608
-0.0111223
-0.0181938
-0.0227938
-0.0240296
-0.0218326
-0.0164774
-0.00913124
-0.00185371
0.00357011
0.00645366
0.0074835
0.00782678
0.00851334
0.0091999
0.00865065
0.0057671
0.00102984
-0.00370742
-0.00665963
-0.00707156
-0.00508054
-0.00205968
-0.000823872
-0.0040507
-0.0112596
-0.0186744
-0.0221759
-0.0199102
-0.0133879
-0.00624769
-0.0023343
-0.0034328
-0.00817006
-0.0133193
-0.0162028
-0.0164088
-0.014967
-0.0124267
-0.008582
-0.00384473
0.000549248
0.00274624
0.00157909
-0.00302086
-0.00940587
-0.0144864
-0.0153103
-0.0116715
-0.00720888
-0.00638501
-0.0107103
-0.0174386
-0.0219699
-0.0212834
-0.0155849
-0.00823872
-0.00336414
-0.00308952
-0.00597307
-0.0081014
-0.00638501
-0.000892528
0.00549248
0.00926856
0.00865065
0.00439398
-0.00144178
-0.00679694
-0.0102297
-0.0111909
-0.00995512
-0.00755216
-0.00453129
-0.0010985
0.00212834
0.00377608
0.0023343
-0.00185371
-0.00672828
-0.00906259
-0.00741484
-0.00295221
0.000823872
0.000755216
-0.00329549
-0.00851334
-0.0114655
-0.0102297
-0.00611038
-0.00240296
-0.00205968
-0.00508054
-0.008582
-0.0100238
-0.00933721
-0.00817006
-0.00714022
-0.0051492
-0.00144178
0.00288355
0.00590441
0.00734619
0.00885662
0.0121521
0.0168894
0.0201162
0.0183311
0.0104357
-0.000480592
-0.00974915
-0.0140058
-0.0138685
-0.0119461
-0.0100238
-0.00727753
-0.0023343
0.00466861
0.0109163
0.0137312
0.0122894
0.00830737
0.00357011
-0.000892528
-0.00473726
-0.00707156
-0.00672828
-0.00377608
-0.000480592
0.000137312
-0.00288355
-0.00741484
-0.00974915
-0.00830737
-0.00549248
-0.00562979
-0.0108476
-0.0187431
-0.0240982
-0.0242356
-0.0210087
-0.0184685
-0.0184685
-0.0198416
-0.0198416
-0.0166147
-0.0104357
-0.00322683
0.00302086
0.00665963
0.0068656
0.00322683
-0.00274624
-0.00803275
-0.0101611
-0.00926856
-0.0074835
-0.00665963
-0.00665963
-0.00569845
-0.0023343
0.00240296
0.00611038
0.00659097
0.00418801
0.000755216
-0.00157909
-0.00205968
-0.00144178
-0.000823872
-0.000961184
-0.00260893
-0.00679694
-0.0135939
-0.0210087
-0.0252654
-0.0236177
-0.0163401
-0.00659097
0.00123581
0.00357011
-0.000411936
-0.00775812
-0.0134566
-0.0138685
-0.00926856
-0.00370742
-0.00130446
-0.00377608
-0.00954318
-0.0159282
-0.0210774
-0.0241669
-0.0244415
-0.0208028
-0.0135939
-0.00446264
0.00466861
0.012564
0.0183998
0.0208028
0.0188804
0.012976
0.00459995
-0.00466861
-0.0138685
-0.0217639
-0.0263639
-0.0256087
-0.0188117
-0.00817006
0.00247161
0.00968049
0.0118775
0.0091999
0.00260893
-0.00597307
-0.0142118
-0.0196356
-0.0206654
-0.017164
-0.010779
-0.00446264
-0.00102984
-0.0017164
-0.00569845
-0.0106417
-0.0139372
-0.0143491
-0.0118775
-0.00762081
-0.00288355
0.00151043
0.00528651
0.00803275
0.00892528
0.00693425
0.00164774
-0.00604173
-0.0135252
-0.0172326
-0.0150357
-0.00796409
-0.000755216
0.00185371
-0.00144178
-0.00803275
-0.0138685
-0.0163401
-0.0155162
-0.012976
-0.0100924
-0.00734619
-0.00480592
-0.00288355
-0.0023343
-0.00350145
-0.00542382
-0.00652232
-0.00638501
-0.00535517
-0.00384473
-0.00157909
0.00178506
0.00549248
0.00775812
0.00638501
0.00068656
-0.00741484
-0.0141431
-0.0160655
-0.0126327
-0.00597307
0.000205968
0.0034328
0.0034328
0.00164774
-0.000274624
-0.00157909
-0.00260893
-0.00370742
-0.00459995
-0.00508054
-0.0057671
-0.00734619
-0.00906259
-0.00933721
-0.00727753
-0.0040507
-0.00205968
-0.00226565
-0.0034328
-0.00315817
-0.000137312
0.00425667
0.0074835
0.00734619
0.00363877
-0.00302086
-0.0112596
-0.0192237
-0.0245788
-0.0260206
-0.0245788
-0.0225192
-0.021146
-0.0196356
-0.0166147
-0.0120148
-0.00734619
-0.00411936
-0.00302086
-0.00391339
-0.00693425
-0.0116029
-0.0166834
-0.0209401
-0.023343
-0.0229311
-0.0186744
-0.010779
-0.00185371
0.00459995
0.00665963
0.00494323
0.00212834
0
-0.00144178
-0.00377608
-0.00789544
-0.0131133
-0.0167521
-0.0165461
-0.0122894
-0.00672828
-0.00453129
-0.00851334
-0.016958
-0.0239609
-0.0239609
-0.0158595
-0.00370742
0.00672828
0.0118088
0.0115342
0.00844468
0.00535517
0.00308952
0.000617904
-0.00357011
-0.00913124
-0.0142118
-0.0163401
-0.0145551
-0.0101611
-0.00624769
-0.00508054
-0.00652232
-0.00844468
-0.00961184
-0.0104357
-0.0116715
-0.01277
-0.0127014
-0.0109163
-0.00851334
-0.0068656
-0.00652232
-0.00693425
-0.00720888
-0.00693425
-0.00617904
-0.00494323
-0.00315817
-0.00116715
0.00034328
0.00034328
-0.00178506
-0.00508054
-0.00741484
-0.0074835
-0.00624769
-0.00583576
-0.00679694
-0.00755216
-0.00631635
-0.00322683
-0.000617904
-0.000549248
-0.00336414
-0.00741484
-0.0105044
-0.0113282
-0.00988646
-0.00734619
-0.00542382
-0.00562979
-0.00782678
-0.00995512
-0.0102297
-0.00885662
-0.00803275
-0.00995512
-0.0150357
-0.0212834
-0.0254027
-0.0249908
-0.0199102
-0.0121521
-0.00453129
0.00102984
0.00370742
0.00322683
-0.000411936
-0.0057671
-0.0100924
-0.0109163
-0.00885662
-0.00755216
-0.0100924
-0.0155849
-0.0197043
-0.0188804
-0.0144178
-0.010573
-0.010779
-0.0137312
-0.0155849
-0.0137312
-0.0091999
-0.00473726
-0.00260893
-0.00260893
-0.00329549
-0.00329549
-0.00260893
-0.00199102
-0.00157909
-0.00130446
-0.00068656
0.000961184
0.00384473
0.00700291
0.00851334
0.00693425
0.00247161
-0.00336414
-0.00878796
-0.012564
-0.0134566
-0.010779
-0.00487457
0.00185371
0.00583576
0.00425667
-0.00357011
-0.0155162
-0.0266385
-0.0311698
-0.0263639
-0.0151043
-0.00453129
-0.000755216
-0.00425667
-0.0103671
-0.0139372
-0.0133193
-0.00988646
-0.00562979
-0.00123581
0.00281489
0.00556113
0.00542382
0.00137312
-0.00611038
-0.0146237
-0.0208028
-0.0225878
-0.0205281
-0.0175073
-0.0159968
-0.0162028
-0.0157222
-0.0124954
-0.00741484
-0.00370742
-0.00411936
-0.00830737
-0.0138685
-0.0188117
-0.0221759
-0.023343
-0.0204595
-0.0123581
-0.000755216
0.00933721
0.0129073
0.00933721
0.00240296
-0.00377608
-0.00803275
-0.0115342
-0.0148983
-0.0168207
-0.0150357
-0.00947452
-0.00267758
0.00185371
0.00199102
-0.0017164
-0.00659097
-0.0100238
-0.010985
-0.0100238
-0.00817006
-0.00659097
-0.00556113
-0.00501189
-0.00411936
-0.00260893
-0.00130446
-0.00205968
-0.00611038
-0.0130446
-0.0203908
-0.0251967
-0.0249908
-0.0199102
-0.0121521
-0.00459995
0.000755216
0.00377608
0.00556113
0.00659097
0.00624769
0.00357011
-0.00137312
-0.00727753
-0.0129073
-0.0173013
-0.0199102
-0.0201849
-0.0174386
-0.0117402
-0.00411936
0.00322683
0.00796409
0.00830737
0.00425667
-0.00192237
-0.00707156
-0.00926856
-0.00823872
-0.00535517
-0.00205968
0.000205968
0.000480592
-0.00157909
-0.00542382
-0.00961184
-0.012564
-0.0126327
-0.00926856
-0.00398205
0.000137312
0.000205968
-0.00377608
-0.00865065
-0.010779
-0.00865065
-0.00384473
-0.000205968
-0.00130446
-0.00796409
-0.01737
-0.0247848
-0.0260206
-0.0199789
-0.00913124
0.00123581
0.0057671
0.00274624
-0.00494323
-0.0118088
-0.0135252
-0.00926856
-0.0017164
0.00453129
0.00583576
0.00102984
-0.00817006
-0.0186058
-0.0267758
-0.0302086
-0.0276684
-0.0197729
-0.0091999
0.00068656
0.00755216
0.0109163
0.0118088
0.010985
0.00878796
0.00528651
0.000411936
-0.00549248
-0.0111909
-0.0148983
-0.014967
-0.0112596
-0.00556113
0.00034328
0.00494323
0.00755216
0.00789544
0.0057671
0.00151043
-0.00411936
-0.0100238
-0.0142118
-0.0142804
-0.00899393
-0.000137312
0.00700291
0.00762081
0.000823872
-0.00926856
-0.0167521
-0.0181938
-0.0144864
-0.00926856
-0.00562979
-0.00473726
-0.00583576
-0.00782678
-0.0106417
-0.014761
-0.019567
-0.0232057
-0.023343
-0.0192923
-0.0124267
-0.00535517
-0.000549248
0.000480592
-0.0017164
-0.00528651
-0.00803275
-0.00865065
-0.00741484
-0.00631635
-0.00714022
-0.0102297
-0.0140745
-0.0166147
-0.0162715
-0.0129073
-0.00727753
-0.00130446
0.00212834
0.00116715
-0.00336414
-0.00768947
-0.00865065
-0.00707156
-0.00665963
-0.00913124
-0.0120835
-0.0115342
-0.00714022
-0.00247161
-0.00102984
-0.00254027
-0.00446264
-0.00528651
-0.00597307
-0.00796409
-0.0107103
-0.0124267
-0.0121521
-0.0108476
-0.0102297
-0.010779
-0.0113969
-0.0106417
-0.00837603
-0.00569845
-0.00384473
-0.00322683
-0.0034328
-0.00398205
-0.00535517
-0.00734619
-0.00844468
-0.00665963
-0.0017164
0.00377608
0.00638501
0.00453129
-0.000549248
-0.00597307
-0.00878796
-0.00762081
-0.00350145
0.00034328
0.000205968
-0.00480592
-0.0123581
-0.0183311
-0.0204595
-0.0190864
-0.0161342
-0.0127014
-0.00837603
-0.00295221
0.00260893
0.00583576
0.00446264
-0.00137312
-0.00899393
-0.0151043
-0.0167521
-0.0128387
-0.00446264
0.00487457
0.010985
0.0112596
0.00645366
0.000137312
-0.00377608
-0.00363877
-0.00102984
0.000755216
-0.000411936
-0.00453129
-0.00968049
-0.0144178
-0.0176446
-0.0188804
-0.0175073
-0.0133193
-0.00727753
-0.00151043
0.00130446
-0.000480592
-0.00597307
-0.0114655
-0.0132506
-0.010573
-0.00624769
-0.00411936
-0.00617904
-0.0117402
-0.018949
-0.0254714
-0.0290415
-0.0282863
-0.0242356
-0.0192237
-0.0150357
-0.0116029
-0.00734619
-0.00151043
0.00446264
0.00789544
0.00707156
0.00329549
-0.000892528
-0.00336414
-0.00398205
-0.00425667
-0.00562979
-0.00789544
-0.00940587
-0.00899393
-0.00789544
-0.00823872
-0.0108476
-0.0142804
-0.0164774
-0.0158595
-0.0122208
-0.00693425
-0.00247161
-0.000549248
-0.00102984
-0.00157909
-0.000274624
0.00267758
0.00590441
0.00851334
0.0102297
0.0101611
0.00665963
-0.0010985
-0.010985
-0.0188117
-0.0214207
-0.0184685
-0.0127014
-0.00734619
-0.00425667
-0.00288355
-0.00130446
0.00151043
0.00453129
0.00521785
0.00192237
-0.00521785
-0.0134566
-0.0192923
-0.0199102
-0.0148983
-0.00604173
0.00377608
0.0118775
0.0161342
0.0148983
0.00844468
-6.8656e-05
-0.00665963
-0.00865065
-0.00659097
-0.00267758
0.000892528
0.00315817
0.00411936
0.00425667
0.00391339
0.00302086
0.00116715
-0.00240296
-0.00782678
-0.0140058
-0.0186058
-0.0197729
-0.0167521
-0.0105044
-0.00274624
0.00411936
0.00775812
0.00665963
0.0010985
-0.00624769
-0.0113969
-0.0115342
-0.00714022
-0.00151043
0.000892528
-0.00240296
-0.0102984
-0.0182625
-0.0210774
-0.0165461
-0.0068656
0.00308952
0.00926856
0.0107103
0.00906259
0.00597307
0.00247161
-0.00144178
-0.00569845
-0.00974915
-0.0127014
-0.0137312
-0.0124954
-0.00940587
-0.00487457
0.00034328
0.00473726
0.0057671
0.00212834
-0.00453129
-0.00988646
-0.010985
-0.00837603
-0.00528651
-0.00439398
-0.00604173
-0.00823872
-0.00899393
-0.0074835
-0.00473726
-0.00274624
-0.00302086
-0.00494323
-0.00693425
-0.00755216
-0.00617904
-0.00329549
-0.00034328
0.0010985
-6.8656e-05
-0.00350145
-0.00734619
-0.00933721
-0.008582
-0.00597307
-0.00391339
-0.00418801
-0.00665963
-0.00940587
-0.00988646
-0.00768947
-0.00466861
-0.00336414
-0.0051492
-0.00933721
-0.0135939
-0.0159968
-0.0158595
-0.0138685
-0.0109163
-0.00768947
-0.00446264
-0.0017164
-0.000549248
-0.00212834
-0.00693425
-0.0136625
-0.0190177
-0.0197729
-0.0155162
-0.00906259
-0.00446264
-0.00418801
-0.00755216
-0.0121521
-0.0156536
-0.0168894
-0.0158595
-0.0131133
-0.00926856
-0.00466861
0.000274624
0.00480592
0.00789544
0.00871931
0.00714022
0.00357011
-0.0010985
-0.00535517
-0.00768947
-0.00755216
-0.00617904
-0.00624769
-0.00926856
-0.0142118
-0.0183998
-0.019567
-0.0175759
-0.0139372
-0.0103671
-0.00830737
-0.00865065
-0.010573
-0.0122894
-0.0120148
-0.00961184
-0.00638501
-0.00329549
-0.000411936
0.00281489
0.00631635
0.00906259
0.00906259
0.00501189
-0.00205968
-0.00892528
-0.0120148
-0.010573
-0.00734619
-0.00569845
-0.00707156
-0.0106417
