LECROYHDO9204-MSöv,30454,Waveform
Segments,1,SegmentSize,2002
Ampl
0.00130446
-0.00151043
-0.00459995
-0.00645366
-0.00652232
-0.00487457
-0.00267758
-0.00116715
-0.00102984
-0.0010985
0.00034328
0.00391339
0.00803275
0.0104357
0.00933721
0.00398205
-0.0051492
-0.0160655
-0.0251281
-0.0286295
-0.0250594
-0.0163401
-0.00645366
0.000755216
0.00350145
0.00185371
-0.00302086
-0.00892528
-0.0131133
-0.0133879
-0.00968049
-0.00425667
-0.000274624
0.000137312
-0.00329549
-0.00926856
-0.015173
-0.0188804
-0.0202535
-0.021146
-0.0232057
-0.0256773
-0.0262952
-0.0236177
-0.0181252
-0.0115342
-0.00549248
-0.00130446
0.000137312
-0.00281489
-0.010573
-0.0199102
-0.0247848
-0.021146
-0.0118088
-0.00384473
-0.00240296
-0.00645366
-0.010985
-0.0122894
-0.0108476
-0.00947452
-0.0103671
-0.0136625
-0.0177132
-0.0208028
-0.0223132
-0.0224505
-0.0218326
-0.0205281
-0.0179879
-0.0140058
-0.00947452
-0.00672828
-0.00720888
-0.0105044
-0.0146924
-0.0179879
-0.0197729
-0.0202535
-0.0190864
-0.0162028
-0.0124954
-0.0101611
-0.0109163
-0.0141431
-0.0173013
-0.0178506
-0.0153789
-0.0113969
-0.00851334
-0.00878796
-0.0117402
-0.014967
-0.0166147
-0.0163401
-0.014761
-0.0126327
-0.0108476
-0.00974915
-0.008582
-0.00652232
-0.00542382
-0.00906259
-0.0198416
-0.0354265
-0.049501
-0.0565039
-0.0556113
-0.0503248
-0.0443518
-0.03831
-0.0300713
-0.0186058
-0.00597307
0.00370742
0.00508054
-0.0109163
-0.0591814
-0.156948
-0.311835
-0.51032
-0.718828
-0.898157
-1.02188
-1.08573
-1.10447
-1.1009
-1.09596
-1.10213
-1.12184
-1.14868
-1.17292
-1.18665
-1.18775
-1.18006
-1.16983
-1.16145
-1.15603
-1.15294
-1.1515
-1.15081
-1.14937
-1.14525
-1.1379
-1.12905
-1.12204
-1.11827
-1.11504
-1.10687
-1.0906
-1.06856
-1.04755
-1.03416
-1.03121
-1.03808
-1.05195
-1.06932
-1.08607
-1.09911
-1.1068
-1.10927
-1.10756
-1.10392
-1.10165
-1.10399
-1.11127
-1.12081
-1.12809
-1.13015
-1.12747
-1.12321
-1.12163
-1.12486
-1.13152
-1.13701
-1.13722
-1.13159
-1.12328
-1.11696
-1.11538
-1.11861
-1.12431
-1.12939
-1.13159
-1.13028
-1.12575
-1.11895
-1.11161
-1.10605
-1.10406
-1.10618
-1.11133
-1.11717
-1.12074
-1.11985
-1.11497
-1.10948
-1.10694
-1.10811
-1.11044
-1.11092
-1.10907
-1.10701
-1.1066
-1.10804
-1.11003
-1.11154
-1.11243
-1.11374
-1.1169
-1.12246
-1.12953
-1.13605
-1.14038
-1.14044
-1.13324
-1.116
-1.08724
-1.0479
-1.00114
-0.950199
-0.896647
-0.840967
-0.784257
-0.729264
-0.678733
-0.632596
-0.58797
-0.541352
-0.491783
-0.441115
-0.391614
-0.34431
-0.298859
-0.255812
-0.217433
-0.18647
-0.163813
-0.147473
-0.13333
-0.118088
-0.102229
-0.0888408
-0.0803961
-0.0764141
-0.0744231
-0.0725007
-0.0707156
-0.0696858
-0.0694112
-0.06845
-0.0651545
-0.059662
-0.0542382
-0.0512174
-0.0511487
-0.0525905
-0.0537576
-0.0541009
-0.0545128
-0.0565725
-0.0602113
-0.0632321
-0.0625456
-0.0570531
-0.0491577
-0.042498
-0.0393399
-0.0393399
-0.0410563
-0.0431159
-0.0442144
-0.0428413
-0.0381041
-0.0306206
-0.0225192
-0.0164774
-0.0142118
-0.0157222
-0.0188804
-0.0208714
-0.0202535
-0.0175759
-0.0150357
-0.0144178
-0.0152416
-0.0158595
-0.0157222
-0.0166147
-0.0206654
-0.027943
-0.0356324
-0.0404384
-0.0404384
-0.036319
-0.0296594
-0.0225878
-0.0168894
-0.0145551
-0.0166147
-0.0220386
-0.0281489
-0.0319937
-0.0317877
-0.027531
-0.0208714
-0.0145551
-0.0116029
-0.0140058
-0.0210087
-0.0291788
-0.034122
-0.0337787
-0.0300027
-0.0268445
-0.0263639
-0.0270505
-0.025746
-0.0218326
-0.0176446
-0.0157909
-0.0158595
-0.015173
-0.0122208
-0.00906259
-0.00961184
-0.0152416
-0.0229997
-0.0283549
-0.0286295
-0.0242356
-0.017164
-0.00988646
-0.00453129
-0.00281489
-0.00549248
-0.0116029
-0.0186058
-0.023549
-0.0245102
-0.0223132
-0.019567
-0.0192923
-0.0220386
-0.0258146
-0.0281489
-0.0285609
-0.0286982
-0.0300713
-0.0324056
-0.0334355
-0.0312385
-0.0254714
-0.0177132
-0.0110536
-0.00775812
-0.00823872
-0.0104357
-0.0117402
-0.010779
-0.00782678
-0.00425667
-0.0017164
-0.00157909
-0.00446264
-0.0100238
-0.0162028
-0.0198416
-0.0183311
-0.0121521
-0.00459995
6.8656e-05
6.8656e-05
-0.00302086
-0.00583576
-0.00583576
-0.00315817
0.000411936
0.00254027
0.00192237
-0.00151043
-0.00672828
-0.0115342
-0.0140058
-0.0135252
-0.0111223
-0.00817006
-0.00542382
-0.00288355
-0.000480592
0.00178506
0.0040507
0.0057671
0.0057671
0.00308952
-0.00199102
-0.0081014
-0.0136625
-0.0180565
-0.021146
-0.0228624
-0.0229311
-0.0212147
-0.0176446
-0.012564
-0.00734619
-0.00363877
-0.00254027
-0.0040507
-0.00693425
-0.00878796
-0.00775812
-0.0040507
-0.000137312
0.00178506
0.000549248
-0.00377608
-0.0108476
-0.019155
-0.0265012
-0.03014
-0.0285609
-0.0225192
-0.0145551
-0.00741484
-0.0023343
0.00123581
0.00418801
0.00597307
0.00542382
0.00192237
-0.00370742
-0.00947452
-0.0130446
-0.012976
-0.00926856
-0.00425667
-0.00137312
-0.00336414
-0.00940587
-0.0155849
-0.0177819
-0.0153103
-0.010985
-0.00837603
-0.00878796
-0.010573
-0.0110536
-0.00844468
-0.00295221
0.00370742
0.00899393
0.0102297
0.0051492
-0.00569845
-0.0178506
-0.0247161
-0.0222445
-0.0124954
-0.00199102
0.00315817
0.00157909
-0.00308952
-0.00617904
-0.00542382
-0.00164774
0.00288355
0.00590441
0.00556113
0.00068656
-0.00803275
-0.0166834
-0.0202535
-0.0157222
-0.00528651
0.00473726
0.0074835
0.000549248
-0.0123581
-0.0241669
-0.0290415
-0.0258833
-0.0175073
-0.00803275
-0.00130446
0.00102984
-0.000274624
-0.00295221
-0.00480592
-0.00528651
-0.00480592
-0.00391339
-0.00267758
-0.00102984
0.000480592
0.00185371
0.00281489
0.00281489
0.0010985
-0.00247161
-0.00672828
-0.0102984
-0.0124954
-0.012564
-0.00954318
-0.00302086
0.0051492
0.0118775
0.0146924
0.0131133
0.00830737
0.00192237
-0.00439398
-0.00954318
-0.012976
-0.0151043
-0.0166147
-0.0177132
-0.0173013
-0.0143491
-0.00988646
-0.00645366
-0.00569845
-0.00652232
-0.00652232
-0.00425667
-0.00068656
0.00226565
0.0034328
0.00295221
0.00164774
-0.00034328
-0.00384473
-0.0091999
-0.0151043
-0.0182625
-0.0163401
-0.0102297
-0.00350145
0.000892528
0.00192237
-6.8656e-05
-0.00473726
-0.0116715
-0.0199102
-0.0269818
-0.0295907
-0.0258146
-0.017164
-0.00768947
-0.000892528
0.00260893
0.00425667
0.00583576
0.00755216
0.008582
0.00762081
0.00363877
-0.00315817
-0.0108476
-0.0162028
-0.0167521
-0.0124267
-0.0057671
0
0.00281489
0.00267758
0.00102984
-0.000823872
-0.00199102
-0.00192237
-0.000480592
0.00144178
0.00281489
0.00295221
0.00274624
0.00308952
0.00384473
0.00315817
-0.000549248
-0.00741484
-0.0152416
-0.0206654
-0.0201849
-0.0134566
-0.00363877
0.00425667
0.00714022
0.00521785
0.00137312
-0.00192237
-0.0034328
-0.00329549
-0.00247161
-0.0017164
-0.00157909
-0.00226565
-0.00363877
-0.0051492
-0.0057671
-0.00480592
-0.00254027
0.000274624
0.00302086
0.00494323
0.00611038
0.00700291
0.00844468
0.00968049
0.00796409
0.000755216
-0.0118088
-0.0254027
-0.0346026
-0.0355638
-0.0283549
-0.0166147
-0.00535517
0.00199102
0.00494323
0.00508054
0.00446264
0.00466861
0.00707156
0.0114655
0.0150357
0.0136625
0.0051492
-0.00789544
-0.0190864
-0.0227938
-0.0181938
-0.00926856
-0.00185371
0.000617904
-0.00151043
-0.00624769
-0.0112596
-0.0146924
-0.015173
-0.0122894
-0.00741484
-0.00315817
-0.00157909
-0.00384473
-0.00988646
-0.0178506
-0.0247161
-0.027943
-0.0271878
-0.0241669
-0.0205968
-0.0170267
-0.0135939
-0.0106417
-0.00844468
-0.00714022
-0.00624769
-0.00508054
-0.00308952
-0.000617904
0.00164774
0.00308952
0.00377608
0.00322683
0.000823872
-0.00274624
-0.00549248
-0.00528651
-0.00260893
-0.000137312
-0.000823872
-0.00521785
-0.0113282
-0.0159968
-0.0173013
-0.0150357
-0.010779
-0.00679694
-0.00521785
-0.00672828
-0.0101611
-0.0129073
-0.0133193
-0.0116715
-0.0104357
-0.0116715
-0.015173
-0.0175759
-0.0145551
-0.00446264
0.00947452
0.0199789
0.0205281
0.0109163
-0.00199102
-0.00926856
-0.00720888
-0.000205968
0.00384473
0.000411936
-0.00892528
-0.0184685
-0.023343
-0.0222445
-0.017164
-0.0111223
-0.0057671
-0.00178506
-0.000137312
-0.00178506
-0.00631635
-0.0122208
-0.0179879
-0.0223818
-0.0240296
-0.0216266
-0.0154476
-0.00817006
-0.00350145
-0.00350145
-0.00727753
-0.0120835
-0.0146924
-0.0138685
-0.0104357
-0.00659097
-0.00391339
-0.00240296
-0.000892528
0.00116715
0.00260893
0.00178506
-0.00178506
-0.00652232
-0.0100924
-0.0111223
-0.0098178
-0.00741484
-0.0057671
-0.00659097
-0.0108476
-0.0172326
-0.0223818
-0.0227251
-0.0173013
-0.00803275
0.00116715
0.0068656
0.00775812
0.00501189
0.0010985
-0.00192237
-0.00308952
-0.00219699
0.000137312
0.0023343
0.00260893
0.000205968
-0.00384473
-0.00734619
-0.00878796
-0.00851334
-0.00762081
-0.0074835
-0.00871931
-0.0112596
-0.0141431
-0.0157909
-0.0148983
-0.010985
-0.00432533
0.00398205
0.0113969
0.014967
0.0129073
0.00617904
-0.00240296
-0.00954318
-0.0130446
-0.0127014
-0.010573
-0.00899393
-0.00892528
-0.00933721
-0.00885662
-0.00645366
-0.00185371
0.00363877
0.0074835
0.00768947
0.00432533
-0.000205968
-0.00363877
-0.00528651
-0.0057671
-0.00624769
-0.00727753
-0.00885662
-0.0100924
-0.00995512
-0.00837603
-0.00624769
-0.00480592
-0.00521785
-0.00803275
-0.0122208
-0.0158595
-0.017164
-0.0162715
-0.014967
-0.0146924
-0.0144178
-0.0119461
-0.00597307
0.00199102
0.00899393
0.0122894
0.0111223
0.00665963
0.000961184
-0.00391339
-0.00665963
-0.00679694
-0.00487457
-0.00260893
-0.00205968
-0.00411936
-0.00823872
-0.0129073
-0.0164774
-0.0180565
-0.0175759
-0.0166147
-0.0170267
-0.0192923
-0.0219699
-0.0227251
-0.0203222
-0.0152416
-0.00913124
-0.00370742
-0.000549248
-0.000961184
-0.00528651
-0.0123581
-0.0190864
-0.0220386
-0.0197043
-0.0142804
-0.00968049
-0.00865065
-0.0107103
-0.0133193
-0.0140058
-0.0116715
-0.00679694
-0.00192237
6.8656e-05
-0.00185371
-0.00652232
-0.0118775
-0.0155849
-0.0155849
-0.010573
-0.00226565
0.00480592
0.00590441
-0.000617904
-0.0118775
-0.0225192
-0.0273937
-0.0242356
-0.014967
-0.00446264
0.00267758
0.0040507
0.000617904
-0.00501189
-0.0098178
-0.0115342
-0.00933721
-0.00350145
0.00473726
0.0130446
0.0177819
0.014761
0.00322683
-0.01277
-0.0262952
-0.032131
-0.029728
-0.0227938
-0.0160655
-0.0119461
-0.0102297
-0.00906259
-0.00768947
-0.00707156
-0.00817006
-0.0107103
-0.0127014
-0.0120835
-0.00865065
-0.00418801
-0.00116715
-0.000823872
-0.00205968
-0.00363877
-0.00556113
-0.00865065
-0.012976
-0.0166834
-0.0172326
-0.0131819
-0.00583576
0.00137312
0.00487457
0.00308952
-0.00219699
-0.00727753
-0.00961184
-0.00961184
-0.00940587
-0.010779
-0.0129073
-0.012976
-0.00885662
-0.00178506
0.0040507
0.00473726
-0.000411936
-0.00837603
-0.0146924
-0.0153789
-0.00940587
-0.000274624
0.00617904
0.00569845
-0.00151043
-0.0117402
-0.0201849
-0.0231371
-0.019155
-0.0100238
0.000480592
0.00762081
0.00844468
0.00315817
-0.00501189
-0.0119461
-0.0145551
-0.012976
-0.00968049
-0.00817006
-0.00933721
-0.0113969
-0.0118775
-0.0101611
-0.00782678
-0.00679694
-0.00755216
-0.00892528
-0.0091999
-0.00734619
-0.00377608
-6.8656e-05
0.00157909
-0.000205968
-0.00494323
-0.0102297
-0.0139372
-0.015173
-0.0140745
-0.0113282
-0.00837603
-0.00707156
-0.00871931
-0.0121521
-0.0144864
-0.0135939
-0.010573
-0.00782678
-0.00707156
-0.00762081
-0.00775812
-0.00597307
-0.00157909
0.00459995
0.010573
0.0140058
0.0135939
0.0100238
0.00562979
0.00295221
0.00254027
0.00240296
0
-0.0051492
-0.00995512
-0.0105044
-0.00556113
0.00240296
0.00974915
0.0137312
0.0130446
0.00755216
-0.00144178
-0.0110536
-0.0175759
-0.0186058
-0.0140058
-0.00604173
0.00102984
0.00350145
0.000617904
-0.00528651
-0.0100924
-0.0112596
-0.008582
-0.00439398
-0.00178506
-0.00274624
-0.00707156
-0.0124267
-0.0162715
-0.0175759
-0.0172326
-0.0166834
-0.0168207
-0.01737
-0.0177819
-0.0176446
-0.0170267
-0.0166147
-0.0164088
-0.0159282
-0.0144864
-0.0123581
-0.010573
-0.0103671
-0.0120835
-0.0146237
-0.0157909
-0.0133193
-0.00693425
0.000755216
0.00645366
0.00803275
0.00542382
6.8656e-05
-0.00569845
-0.00961184
-0.0113282
-0.0120835
-0.0134566
-0.0151043
-0.0154476
-0.0131133
-0.00899393
-0.00556113
-0.00487457
-0.00707156
-0.010985
-0.0155849
-0.0204595
-0.0247848
-0.0270505
-0.0263639
-0.0236177
-0.0202535
-0.0163401
-0.0106417
-0.00315817
0.00336414
0.00542382
0.00192237
-0.00473726
-0.0100238
-0.010779
-0.00727753
-0.00329549
-0.00322683
-0.00837603
-0.0163401
-0.0231371
-0.0251281
-0.0210774
-0.0123581
-0.0023343
0.00501189
0.0068656
0.00357011
-0.00151043
-0.0040507
-0.00219699
0.00219699
0.00562979
0.0057671
0.00260893
-0.00295221
-0.00947452
-0.0155849
-0.0199102
-0.0214893
-0.0201162
-0.0162028
-0.0111909
-0.0068656
-0.00418801
-0.00295221
-0.00219699
-0.00137312
-0.0010985
-0.00192237
-0.00363877
-0.00459995
-0.00308952
0.000823872
0.00466861
0.00453129
-0.00164774
-0.0124267
-0.0232744
-0.029728
-0.0300027
-0.0254714
-0.0190864
-0.0137998
-0.0109163
-0.0101611
-0.0109163
-0.0132506
-0.0177819
-0.023755
-0.0282176
-0.0274624
-0.0198416
-0.00796409
0.00226565
0.00508054
-0.000892528
-0.0115342
-0.0206654
-0.0238236
-0.021146
-0.0155162
-0.0100924
-0.00652232
-0.00487457
-0.00508054
-0.00638501
-0.0081014
-0.00913124
-0.00926856
-0.00878796
-0.00823872
-0.00803275
-0.00817006
-0.00837603
-0.00817006
-0.00720888
-0.00611038
-0.00583576
-0.00720888
-0.00968049
-0.0120148
-0.0132506
-0.0134566
-0.0133193
-0.0131133
-0.0132506
-0.0142804
-0.0162028
-0.0173013
-0.0151043
-0.00871931
-0.000411936
0.00590441
0.00762081
0.00446264
-0.00247161
-0.0113282
-0.0199102
-0.0258146
-0.0266385
-0.0216953
-0.012976
-0.00425667
0.000549248
6.8656e-05
-0.00411936
-0.00926856
-0.0132506
-0.0151043
-0.0146924
-0.0120835
-0.00775812
-0.00288355
0.000961184
0.00267758
0.0023343
0.000480592
-0.0023343
-0.00535517
-0.00775812
-0.008582
-0.00796409
-0.00707156
-0.00720888
-0.00851334
-0.0104357
-0.0127014
-0.0148983
-0.0157909
-0.0136625
-0.00817006
-0.00137312
0.00350145
0.0040507
0.000205968
-0.00604173
-0.0117402
-0.0146237
-0.0139372
-0.0102984
-0.00521785
-0.00137312
-0.000755216
-0.00315817
-0.00659097
-0.00871931
-0.00871931
-0.00727753
-0.0051492
-0.00288355
-0.000823872
0.000617904
0.00123581
0.000961184
-6.8656e-05
-0.00164774
-0.00357011
-0.00556113
-0.00775812
-0.0104357
-0.0131819
-0.0144178
-0.0127014
-0.00885662
-0.00521785
-0.0040507
-0.00652232
-0.0122208
-0.0194983
-0.0251281
-0.02554
-0.0190864
-0.00775812
0.00425667
0.0123581
0.0140745
0.00988646
0.0034328
-0.00178506
-0.00439398
-0.00535517
-0.00569845
-0.00590441
-0.00645366
-0.00762081
-0.00913124
-0.0101611
-0.0104357
-0.0108476
-0.0120148
-0.0131133
-0.0127014
-0.00995512
-0.00590441
-0.00288355
-0.00295221
-0.00645366
-0.0115342
-0.0158595
-0.0181252
-0.0179879
-0.0155849
-0.0118088
-0.00830737
-0.00659097
-0.00624769
-0.00542382
-0.00329549
-0.000617904
0.000892528
0.000480592
-0.00151043
-0.00384473
-0.00556113
-0.0068656
-0.008582
-0.0112596
-0.0142804
-0.0164088
-0.0165461
-0.0148983
-0.0122894
-0.00988646
-0.00817006
-0.00665963
-0.00418801
-0.000137312
0.00446264
0.00762081
0.0074835
0.0040507
-0.00102984
-0.00542382
-0.0074835
-0.00714022
-0.00569845
-0.00391339
-0.00130446
0.0023343
0.00569845
0.00727753
0.0068656
0.0051492
0.00212834
-0.00288355
-0.00913124
-0.0146924
-0.0177132
-0.0177819
-0.0159282
-0.0137998
-0.01277
-0.0128387
-0.01277
-0.0118088
-0.0103671
-0.00968049
-0.0100924
-0.0111909
-0.0122894
-0.012976
-0.01277
-0.0116029
-0.00961184
-0.00789544
-0.00762081
-0.00940587
-0.0122894
-0.0145551
-0.0146237
-0.012564
-0.00933721
-0.00549248
-0.000892528
0.00418801
0.00762081
0.00755216
0.00384473
-0.00137312
-0.00542382
-0.00693425
-0.00617904
-0.00459995
-0.00418801
-0.00611038
-0.00974915
-0.0134566
-0.0158595
-0.0157909
-0.01277
-0.00727753
-0.00130446
0.00322683
0.00528651
0.00501189
0.00260893
-0.00144178
-0.00638501
-0.0108476
-0.0133879
-0.0139372
-0.0138685
-0.0145551
-0.0163401
-0.0176446
-0.0168894
-0.0140745
-0.0107103
-0.00817006
-0.00590441
-0.00260893
0.00185371
0.00590441
0.0068656
0.00322683
-0.00411936
-0.0118775
-0.0166147
-0.0161342
-0.0113282
-0.00480592
0.000480592
0.00302086
0.00288355
0.00151043
-6.8656e-05
-0.00164774
-0.00384473
-0.00679694
-0.00913124
-0.00933721
-0.00727753
-0.00542382
-0.00652232
-0.0113969
-0.0177819
-0.0223818
-0.0227938
-0.0192237
-0.0133879
-0.00659097
0.000137312
0.00562979
0.00817006
0.00679694
0.00192237
-0.00418801
-0.00878796
-0.0102297
-0.00892528
-0.00693425
-0.00631635
-0.0074835
-0.0098178
-0.0133879
-0.0183998
-0.023343
-0.0247848
-0.0201849
-0.0105044
0.000549248
0.00940587
0.0141431
0.0140745
0.00878796
-0.000892528
-0.0124954
-0.0218326
-0.0253341
-0.0219013
-0.0135939
-0.00466861
0.000961184
0.00157909
-0.00212834
-0.00741484
-0.0113282
-0.0120835
-0.0104357
-0.00851334
-0.00755216
-0.00741484
-0.00741484
-0.00762081
-0.00851334
-0.0101611
-0.0120148
-0.0131133
-0.0136625
-0.0137998
-0.0134566
-0.0122208
-0.00961184
-0.00624769
-0.00336414
-0.00205968
-0.00240296
-0.00267758
-0.00164774
6.8656e-05
0.000823872
-0.00068656
-0.00377608
-0.00672828
-0.00837603
-0.00817006
-0.00659097
-0.00549248
-0.00665963
-0.0107103
-0.0164774
-0.0221072
-0.0260893
-0.027943
-0.0274624
-0.0250594
-0.0214207
-0.0179192
-0.0160655
-0.0161342
-0.0172326
-0.0175073
-0.015173
-0.00954318
-0.00151043
0.00631635
0.0101611
0.00727753
-0.0017164
-0.0122894
-0.0194296
-0.0210774
-0.0190177
-0.0159968
-0.0132506
-0.0110536
-0.00954318
-0.00885662
-0.00913124
-0.0105044
-0.012564
-0.0139372
-0.0130446
-0.0101611
-0.00693425
-0.0051492
-0.00494323
-0.00494323
-0.00432533
-0.00357011
-0.0040507
-0.00652232
-0.0105044
-0.0142118
-0.0160655
-0.0155162
-0.0133193
-0.0106417
-0.00817006
-0.00638501
-0.00535517
-0.00466861
-0.00411936
-0.00363877
-0.00254027
0
0.0034328
0.00494323
0.00151043
-0.00679694
-0.0162028
-0.0221759
-0.0222445
-0.0177132
-0.0126327
-0.0111223
-0.0141431
-0.019361
-0.0232744
-0.0238236
-0.021352
-0.0183311
-0.017164
-0.0188804
-0.0218326
-0.023755
-0.023755
-0.0226565
-0.0220386
-0.0223132
-0.0224505
-0.0208714
-0.0166147
-0.0104357
-0.00432533
0.000205968
0.00336414
0.00631635
0.00933721
0.010573
0.00837603
0.00322683
-0.00185371
-0.00411936
-0.0034328
-0.00199102
-0.00260893
-0.00604173
-0.010573
-0.0135939
-0.0141431
-0.0131133
-0.0122208
-0.0124267
-0.0140058
-0.0168207
-0.0203222
-0.0228624
-0.0223818
-0.0172326
-0.00782678
0.00302086
0.0110536
0.0127014
0.00768947
-0.0010985
-0.0106417
-0.019155
-0.0247848
-0.0251967
-0.0186744
-0.00727753
0.00398205
0.00947452
0.00707156
-0.0010985
-0.0101611
-0.0158595
-0.0165461
-0.0132506
-0.00803275
-0.00336414
-0.00151043
-0.00398205
-0.00961184
-0.0140745
-0.0129073
-0.0057671
0.00274624
0.00720888
0.0051492
-0.00199102
-0.010779
-0.0179879
-0.021146
-0.0192923
-0.0140058
-0.008582
-0.00604173
-0.00672828
-0.00796409
-0.00700291
-0.00302086
0.00247161
0.00727753
0.00961184
0.00892528
0.00528651
-0.000617904
-0.00720888
-0.0124954
-0.0146924
-0.0131133
-0.00899393
-0.00446264
-0.00116715
0.000961184
0.00281489
0.00439398
0.00391339
0
-0.00645366
-0.0122208
-0.0146924
-0.0137312
-0.0107103
-0.00714022
-0.00377608
-0.0017164
-0.00219699
-0.00535517
-0.00968049
-0.012564
-0.0122894
-0.00954318
-0.00693425
-0.0068656
-0.00933721
-0.0123581
-0.0139372
-0.0140745
-0.0144178
-0.0167521
-0.021352
-0.0264325
-0.0293161
-0.0282176
-0.023755
-0.0178506
-0.0122208
-0.00741484
-0.00329549
0
0.00192237
0.0010985
-0.00274624
-0.00755216
-0.0100924
-0.00851334
-0.00363877
0.00205968
0.00638501
0.00803275
0.00597307
0.00034328
-0.00659097
-0.0112596
-0.010779
-0.00569845
0.000137312
0.00267758
0.000480592
-0.00391339
-0.00693425
-0.00665963
-0.00432533
-0.00308952
-0.00487457
-0.00878796
-0.0127014
-0.0148983
-0.0146237
-0.0120835
-0.00803275
-0.00398205
-0.00157909
-0.000961184
-0.000823872
0.000137312
0.00157909
0.00116715
-0.00398205
-0.0141431
-0.0254027
-0.0316504
-0.0285609
-0.017164
-0.00315817
0.00652232
0.0081014
0.00308952
-0.00411936
-0.00926856
-0.010779
-0.00899393
-0.00597307
-0.00425667
-0.00569845
-0.0101611
-0.0154476
-0.0186058
-0.0180565
-0.0145551
-0.0108476
-0.00954318
-0.0107103
-0.0120835
-0.0108476
-0.00638501
-0.000617904
0.00329549
0.00322683
-0.00144178
-0.00885662
-0.0154476
-0.0170953
-0.0122894
-0.00329549
0.00487457
0.00768947
0.00411936
-0.00302086
-0.00968049
-0.0135939
-0.0148297
-0.0146237
-0.0135939
-0.0118088
-0.00968049
-0.00865065
-0.0098178
-0.0130446
-0.0168207
-0.0194296
-0.019567
-0.0170267
-0.012976
-0.00947452
-0.00851334
-0.0103671
-0.0131819
-0.0144864
-0.0122208
-0.00597307
0.0023343
0.0091999
0.0112596
0.00782678
0.000961184
-0.00583576
-0.00988646
-0.0104357
-0.00878796
-0.00679694
-0.00521785
-0.00377608
-0.00199102
0.000411936
0.00322683
0.00611038
0.00789544
0.00693425
0.00260893
-0.00350145
-0.00871931
-0.0118088
-0.0138685
-0.0166834
-0.0198416
-0.0205968
-0.017164
-0.010779
-0.00535517
-0.00418801
-0.0081014
-0.014967
-0.0208028
-0.0225878
-0.0199102
-0.0155162
-0.0128387
-0.0137998
-0.0173013
-0.0205281
-0.0204595
-0.0166147
-0.0108476
-0.00590441
-0.00302086
-0.00137312
-0.000480592
-0.00123581
-0.00466861
-0.00988646
-0.0136625
-0.0134566
-0.00954318
-0.00480592
-0.00192237
-0.000823872
0.00034328
0.00240296
0.0040507
0.00315817
-0.00034328
-0.0040507
-0.00535517
-0.00391339
-0.00164774
-0.000961184
-0.00247161
-0.00466861
-0.00590441
-0.00583576
-0.00494323
-0.00370742
-0.00240296
-0.00199102
-0.00363877
-0.00762081
-0.0124267
-0.0150357
-0.012976
-0.00679694
0.000549248
0.00453129
0.00254027
-0.00425667
-0.0116715
-0.0155162
-0.0152416
-0.0131819
-0.0123581
-0.0136625
-0.0161342
-0.0179192
-0.0176446
-0.0151043
-0.0115342
-0.008582
-0.00714022
-0.00617904
-0.00466861
-0.00336414
-0.00480592
-0.0102297
-0.0165461
-0.0181938
-0.0120148
-0.00116715
0.00741484
0.00796409
0.000205968
-0.010985
-0.0194983
-0.0219013
-0.018949
-0.0135252
-0.0081014
-0.00329549
0.000892528
0.00432533
0.00611038
0.00535517
0.00157909
-0.00487457
-0.0124267
-0.0181938
-0.019361
-0.0159282
-0.0107103
-0.00741484
-0.00782678
-0.0107103
-0.0135939
-0.0145551
-0.0136625
-0.012976
-0.0146237
-0.0182625
-0.0201162
-0.0163401
-0.0068656
0.00425667
0.0121521
0.0142804
0.0112596
0.00473726
-0.00391339
-0.0135252
-0.0214893
-0.0243729
-0.0205968
-0.0119461
-0.00226565
0.00508054
0.008582
0.0081014
0.00459995
-0.000480592
-0.00569845
-0.00974915
-0.0120835
-0.0123581
-0.0113969
-0.0103671
-0.0100238
-0.0100924
-0.00926856
-0.00707156
-0.00418801
-0.00130446
0.0010985
0.00281489
0.0034328
0.00274624
0.0010985
-0.0010985
-0.00357011
-0.00556113
-0.00624769
-0.00494323
-0.00254027
-0.000617904
-0.000892528
-0.00329549
-0.00638501
-0.00899393
-0.0104357
-0.0104357
-0.00871931
-0.00617904
-0.00459995
-0.00569845
-0.00933721
-0.0137312
-0.0160655
-0.0144178
-0.00899393
-0.00219699
0.00315817
0.00535517
0.00453129
0.00137312
-0.00391339
