LECROYHDO9204-MSöv,30454,Waveform
Segments,1,SegmentSize,2002
Ampl
-0.0131133
-0.0174386
-0.0207341
-0.0207341
-0.0164088
-0.00974915
-0.00432533
-0.00267758
-0.00439398
-0.00727753
-0.00926856
-0.00961184
-0.00899393
-0.00878796
-0.00995512
-0.0120835
-0.0137998
-0.0143491
-0.0139372
-0.0134566
-0.012976
-0.0124954
-0.0118088
-0.0108476
-0.00954318
-0.00871931
-0.00899393
-0.0098178
-0.00995512
-0.00892528
-0.00817006
-0.00968049
-0.0135939
-0.0178506
-0.0198416
-0.0183311
-0.0146237
-0.010985
-0.00899393
-0.008582
-0.00865065
-0.008582
-0.0091999
-0.0122208
-0.0183998
-0.0256773
-0.029934
-0.0274624
-0.0180565
-0.00569845
0.0040507
0.00775812
0.00528651
-0.00102984
-0.0081014
-0.0135939
-0.017164
-0.0200475
-0.0227938
-0.0242356
-0.0222445
-0.0167521
-0.0105044
-0.00659097
-0.00569845
-0.00604173
-0.00535517
-0.00281489
0.00034328
0.0017164
-0.000411936
-0.00597307
-0.0129073
-0.0184685
-0.0210774
-0.0209401
-0.019361
-0.0179192
-0.0174386
-0.0176446
-0.0178506
-0.0172326
-0.0153103
-0.0119461
-0.00741484
-0.00288355
0.00034328
0.00144178
0.000411936
-0.00157909
-0.00274624
-0.00226565
-0.00130446
-0.00260893
-0.00782678
-0.0157222
-0.0221759
-0.023549
-0.019155
-0.0127014
-0.00954318
-0.0129073
-0.0208714
-0.027737
-0.0289042
-0.0247848
-0.0192923
-0.0159968
-0.0152416
-0.0159968
-0.0180565
-0.0216953
-0.025952
-0.0271191
-0.0212147
-0.00899393
0
-0.0119461
-0.0652918
-0.175073
-0.342044
-0.547257
-0.755765
-0.929465
-1.04385
-1.09699
-1.10646
-1.09781
-1.09218
-1.10062
-1.12321
-1.15164
-1.17498
-1.18576
-1.18397
-1.17621
-1.1699
-1.16914
-1.17271
-1.17642
-1.1756
-1.16825
-1.1561
-1.14381
-1.13598
-1.13413
-1.13598
-1.13667
-1.13111
-1.11648
-1.09479
-1.07179
-1.05442
-1.04666
-1.04845
-1.05648
-1.06671
-1.07611
-1.0836
-1.09005
-1.09712
-1.10481
-1.1114
-1.11497
-1.11545
-1.11525
-1.11669
-1.12005
-1.12349
-1.12548
-1.12637
-1.12747
-1.12912
-1.13015
-1.12912
-1.12596
-1.12225
-1.12019
-1.12074
-1.12307
-1.12486
-1.12472
-1.12335
-1.12301
-1.12513
-1.1287
-1.13083
-1.12946
-1.12431
-1.11655
-1.10824
-1.10193
-1.09898
-1.0987
-1.09939
-1.10007
-1.10207
-1.10687
-1.11456
-1.12259
-1.12733
-1.12678
-1.12136
-1.11291
-1.10358
-1.09534
-1.09087
-1.09335
-1.10426
-1.12115
-1.13893
-1.15205
-1.15788
-1.15706
-1.15177
-1.14326
-1.13076
-1.11223
-1.08531
-1.04893
-1.00382
-0.952876
-0.899668
-0.846322
-0.792702
-0.738189
-0.683333
-0.629919
-0.579319
-0.531535
-0.485192
-0.438643
-0.390721
-0.341495
-0.292955
-0.248878
-0.213177
-0.18695
-0.167932
-0.152554
-0.138891
-0.127357
-0.117951
-0.109094
-0.0993452
-0.0897334
-0.0828678
-0.0798469
-0.0795036
-0.0797096
-0.079023
-0.0762081
-0.070853
-0.0636441
-0.0565725
-0.051492
-0.0494323
-0.0493636
-0.0487457
-0.0453129
-0.0391339
-0.0328176
-0.029934
-0.0328176
-0.0410563
-0.0514233
-0.0591814
-0.0604859
-0.0547188
-0.0449697
-0.0353578
-0.0282863
-0.023755
-0.0209401
-0.0200475
-0.0217639
-0.0256773
-0.0297967
-0.0318564
-0.0305519
-0.0263639
-0.0210087
-0.0160655
-0.0120148
-0.0098178
-0.010779
-0.0155162
-0.0228624
-0.03014
-0.0347399
-0.0354265
-0.0328176
-0.0287669
-0.0253341
-0.0231371
-0.021558
-0.0203222
-0.0197043
-0.0201162
-0.0218326
-0.0248535
-0.0286982
-0.0319937
-0.032131
-0.0283549
-0.0231371
-0.0208028
-0.0230684
-0.0270505
-0.0274624
-0.0208714
-0.00844468
0.00487457
0.012976
0.0116715
0.0017164
-0.0118088
-0.0225192
-0.0264325
-0.0238923
-0.0186058
-0.0144864
-0.0133879
-0.0143491
-0.0156536
-0.0157909
-0.0141431
-0.0118775
-0.0106417
-0.0114655
-0.0129073
-0.0122208
-0.00775812
-0.00102984
0.00453129
0.00624769
0.00336414
-0.00336414
-0.0118088
-0.0197043
-0.0248535
-0.0267072
-0.025746
-0.0229997
-0.0192923
-0.0154476
-0.0133193
-0.0148983
-0.0208714
-0.0288355
-0.0342593
-0.0328862
-0.0246475
-0.0144178
-0.00871931
-0.0103671
-0.0168894
-0.0228624
-0.023755
-0.0190177
-0.0120835
-0.00734619
-0.00693425
-0.00961184
-0.012976
-0.0159282
-0.0188117
-0.0212147
-0.0220386
-0.0205968
-0.0177819
-0.0150357
-0.0138685
-0.014967
-0.0175759
-0.0190864
-0.0161342
-0.00700291
0.00597307
0.017164
0.0204595
0.012976
-0.00288355
-0.0208714
-0.034122
-0.0386533
-0.0341907
-0.0236177
-0.0116715
-0.00260893
0.00157909
0.00123581
-0.00226565
-0.00768947
-0.0134566
-0.0170953
-0.0167521
-0.0124954
-0.00659097
-0.00123581
0.00240296
0.00398205
0.00308952
0.000274624
-0.00226565
-0.00205968
0.00157909
0.00652232
0.00906259
0.00714022
0.00178506
-0.00357011
-0.00583576
-0.0051492
-0.00432533
-0.00631635
-0.0122208
-0.0204595
-0.0276684
-0.0302773
-0.0265699
-0.0174386
-0.00617904
0.00336414
0.00796409
0.00569845
-0.0023343
-0.0116029
-0.0165461
-0.0141431
-0.00652232
0.00068656
0.00308952
0.000480592
-0.00391339
-0.00679694
-0.00720888
-0.00617904
-0.00480592
-0.00384473
-0.00384473
-0.00508054
-0.00659097
-0.00693425
-0.00521785
-0.00260893
-0.000823872
-6.8656e-05
0.000755216
0.0017164
0.0017164
-6.8656e-05
-0.00226565
-0.00226565
0.00137312
0.00727753
0.0122208
0.0131819
0.00899393
0.00178506
-0.00466861
-0.00727753
-0.00590441
-0.00315817
-0.00240296
-0.00473726
-0.00837603
-0.010779
-0.0109163
-0.0105044
-0.0115342
-0.0140745
-0.0160655
-0.0154476
-0.0128387
-0.0108476
-0.0115342
-0.014967
-0.0188804
-0.0206654
-0.019567
-0.0168894
-0.0138685
-0.0109163
-0.00844468
-0.0074835
-0.00913124
-0.0124267
-0.015173
-0.0156536
-0.0134566
-0.00995512
-0.00659097
-0.00418801
-0.00219699
0.000205968
0.00247161
0.00281489
0.000137312
-0.00439398
-0.00775812
-0.00707156
-0.00226565
0.00398205
0.0081014
0.0081014
0.00453129
-0.000411936
-0.00501189
-0.00906259
-0.01277
-0.0152416
-0.0153103
-0.0130446
-0.0102297
-0.0074835
-0.00418801
0.000274624
0.00473726
0.00679694
0.00494323
-0.000617904
-0.00803275
-0.0142118
-0.0164774
-0.0138685
-0.00755216
-0.00034328
0.0051492
0.00741484
0.00652232
0.00391339
0.00116715
-0.00137312
-0.00480592
-0.010573
-0.0183311
-0.0249221
-0.0262266
-0.0206654
-0.0109163
-0.0017164
0.00363877
0.00508054
0.00432533
0.00295221
0.0017164
0.000617904
-0.000617904
-0.00205968
-0.00315817
-0.00322683
-0.00240296
-0.00164774
-0.00157909
-0.00205968
-0.00281489
-0.00425667
-0.00659097
-0.00906259
-0.0107103
-0.0113969
-0.0123581
-0.0142804
-0.0163401
-0.0174386
-0.0168207
-0.0144178
-0.0100238
-0.00418801
0.0010985
0.00329549
0.00157909
-0.00247161
-0.00631635
-0.00851334
-0.00899393
-0.008582
-0.00796409
-0.00734619
-0.00700291
-0.00672828
-0.00562979
-0.00308952
-0.000274624
-0.000274624
-0.00528651
-0.0135939
-0.0197729
-0.0188117
-0.0104357
0.00068656
0.00851334
0.00926856
0.00363877
-0.00439398
-0.0105044
-0.0124954
-0.0108476
-0.00782678
-0.00597307
-0.00659097
-0.00830737
-0.00878796
-0.00672828
-0.00336414
-0.00137312
-0.00260893
-0.00672828
-0.0119461
-0.0157222
-0.0162028
-0.012564
-0.00569845
0.00212834
0.00803275
0.00988646
0.00782678
0.0040507
0.000961184
-0.00068656
-0.00144178
-0.00185371
-0.00144178
6.8656e-05
0.00192237
0.00281489
0.00199102
-0.000617904
-0.00466861
-0.00878796
-0.010779
-0.00940587
-0.00645366
-0.00459995
-0.0051492
-0.00638501
-0.00631635
-0.00466861
-0.00315817
-0.00281489
-0.00260893
-0.000274624
0.00535517
0.0121521
0.0165461
0.0162715
0.0121521
0.00659097
0.000823872
-0.00556113
-0.0124954
-0.0179192
-0.019155
-0.0153103
-0.00803275
-0.000480592
0.00439398
0.0051492
0.00260893
-0.00137312
-0.00528651
-0.00878796
-0.0114655
-0.012564
-0.0114655
-0.00803275
-0.00281489
0.00247161
0.0057671
0.00521785
0.000755216
-0.00521785
-0.00947452
-0.0098178
-0.00720888
-0.00446264
-0.00398205
-0.00590441
-0.00865065
-0.0102297
-0.00988646
-0.00851334
-0.00782678
-0.00913124
-0.0117402
-0.0131819
-0.010779
-0.00418801
0.00363877
0.008582
0.00796409
0.00267758
-0.00384473
-0.00768947
-0.00720888
-0.00357011
6.8656e-05
0.000755216
-0.00247161
-0.00817006
-0.0131819
-0.0152416
-0.0144178
-0.0124954
-0.0111223
-0.010985
-0.0110536
-0.0101611
-0.00762081
-0.00432533
-0.0010985
0.00185371
0.00521785
0.00865065
0.0098178
0.00562979
-0.00357011
-0.0132506
-0.0181938
-0.0168207
-0.0121521
-0.00796409
-0.00617904
-0.00700291
-0.00974915
-0.0132506
-0.0157909
-0.0157222
-0.0122208
-0.00590441
0.00185371
0.00844468
0.0109163
0.00727753
-0.00178506
-0.0122894
-0.0188117
-0.0188117
-0.014761
-0.0120835
-0.0137998
-0.0182625
-0.0210774
-0.0198416
-0.0154476
-0.0109163
-0.00796409
-0.00631635
-0.00494323
-0.00357011
-0.00281489
-0.00302086
-0.00322683
-0.00205968
0.00102984
0.00459995
0.00590441
0.00357011
-0.00144178
-0.00597307
-0.00796409
-0.00741484
-0.00604173
-0.00535517
-0.00556113
-0.00590441
-0.00508054
-0.00267758
0.000411936
0.00267758
0.00384473
0.00432533
0.00446264
0.00384473
0.0017164
-0.00240296
-0.0081014
-0.0135939
-0.0168207
-0.016958
-0.0148983
-0.0122208
-0.00995512
-0.00865065
-0.00837603
-0.0091999
-0.0109163
-0.0131133
-0.015173
-0.0158595
-0.0137312
-0.008582
-0.0023343
0.00178506
0.00157909
-0.00267758
-0.0081014
-0.0110536
-0.00940587
-0.0040507
0.0017164
0.00501189
0.00473726
0.00157909
-0.00357011
-0.0100238
-0.0165461
-0.0203908
-0.0190177
-0.0122894
-0.00288355
0.00556113
0.0102297
0.0102984
0.0068656
0.00157909
-0.00398205
-0.00885662
-0.0122894
-0.0132506
-0.0111223
-0.00652232
-0.00151043
0.00157909
0.00185371
0.000137312
-0.00212834
-0.00459995
-0.00707156
-0.00851334
-0.00775812
-0.00535517
-0.00350145
-0.00363877
-0.0051492
-0.00672828
-0.00817006
-0.00940587
-0.00974915
-0.0081014
-0.00425667
0.000823872
0.00590441
0.0098178
0.0111909
0.00892528
0.00329549
-0.00357011
-0.00933721
-0.01277
-0.0140058
-0.0133193
-0.0105044
-0.00473726
0.00357011
0.0120835
0.0177819
0.0190177
0.0165461
0.0118088
0.00590441
-0.000137312
-0.00480592
-0.00727753
-0.00796409
-0.00789544
-0.00720888
-0.00556113
-0.00350145
-0.00212834
-0.00212834
-0.00329549
-0.00501189
-0.00645366
-0.00672828
-0.00446264
0.00068656
0.00665963
0.00954318
0.0068656
-0.000823872
-0.0098178
-0.0159282
-0.0166147
-0.0118088
-0.00329549
0.00549248
0.0111223
0.0113282
0.00611038
-0.0023343
-0.010779
-0.0167521
-0.0197729
-0.0203222
-0.0186058
-0.0143491
-0.00768947
-0.000411936
0.00446264
0.00459995
0.000137312
-0.00659097
-0.0128387
-0.0162028
-0.0155849
-0.0113969
-0.00590441
-0.00205968
-0.00185371
-0.00459995
-0.00796409
-0.00940587
-0.00803275
-0.00439398
0.000137312
0.00384473
0.00569845
0.00528651
0.00267758
-0.00151043
-0.00583576
-0.00789544
-0.00604173
-0.000961184
0.0040507
0.00521785
0.00116715
-0.00583576
-0.0114655
-0.0119461
-0.00700291
-0.000274624
0.00363877
0.00274624
-0.00164774
-0.00611038
-0.00775812
-0.00638501
-0.00418801
-0.00384473
-0.00707156
-0.0134566
-0.0207341
-0.0260206
-0.0267072
-0.0212147
-0.0104357
0.00185371
0.0107103
0.0133193
0.0105044
0.00535517
0.000411936
-0.00329549
-0.00652232
-0.0103671
-0.0146237
-0.0172326
-0.0157909
-0.00954318
-0.000617904
0.00789544
0.0135939
0.0155162
0.0133193
0.00714022
-0.00164774
-0.0105044
-0.016958
-0.0197043
-0.019155
-0.0168207
-0.0140058
-0.0119461
-0.0112596
-0.0120148
-0.0134566
-0.0141431
-0.0131133
-0.0105044
-0.00755216
-0.00501189
-0.00398205
-0.00562979
-0.00995512
-0.0145551
-0.0162715
-0.0140058
-0.00995512
-0.00700291
-0.00549248
-0.00357011
-0.00034328
0.00336414
0.00569845
0.00535517
0.00288355
0.00034328
-0.000755216
-0.000205968
0.000892528
0.00178506
0.00199102
0.00130446
0.000137312
-0.000549248
-0.000137312
-0.000137312
-0.00254027
-0.00714022
-0.010985
-0.0109163
-0.00645366
-0.000205968
0.00466861
0.00611038
0.00418801
0.00068656
-0.00281489
-0.00562979
-0.0081014
-0.0104357
-0.012564
-0.0144864
-0.0162028
-0.017164
-0.0165461
-0.0135939
-0.00823872
-0.00137312
0.00459995
0.00734619
0.00611038
0.00247161
-0.000961184
-0.00315817
-0.00508054
-0.00817006
-0.0120835
-0.0143491
-0.0127014
-0.00775812
-0.00247161
-0.000205968
-0.00205968
-0.00617904
-0.00968049
-0.0100238
-0.00631635
0.000274624
0.00631635
0.00837603
0.00583576
0.00157909
-0.00137312
-0.00240296
-0.00315817
-0.00459995
-0.00597307
-0.00638501
-0.00611038
-0.00583576
-0.00611038
-0.00734619
-0.0102984
-0.0158595
-0.0232744
-0.0298653
-0.0324056
-0.0295907
-0.0228624
-0.0155162
-0.0102984
-0.00796409
-0.0068656
-0.00473726
0.000137312
0.0074835
0.014761
0.0190177
0.0186058
0.0140058
0.00707156
-0.000205968
-0.00638501
-0.010573
-0.0124954
-0.0129073
-0.012564
-0.0117402
-0.0098178
-0.00700291
-0.00432533
-0.00308952
-0.00363877
-0.00562979
-0.00823872
-0.0105044
-0.0116029
-0.0111909
-0.0098178
-0.00844468
-0.00844468
-0.0105044
-0.0140745
-0.0173013
-0.0183998
-0.0168207
-0.0130446
-0.00796409
-0.0034328
-0.00240296
-0.00707156
-0.0160655
-0.0236177
-0.0238236
-0.014967
-0.00157909
0.00892528
0.0111909
0.00501189
-0.00562979
-0.0152416
-0.0197729
-0.0177132
-0.00933721
0.00267758
0.0133879
0.0181252
0.014761
0.00521785
-0.00556113
-0.0120148
-0.0114655
-0.00569845
-0.000137312
0.000617904
-0.00391339
-0.0106417
-0.0162028
-0.0192237
-0.0201162
-0.0201162
-0.0196356
-0.0175073
-0.0121521
-0.00459995
0.00151043
0.0023343
-0.00212834
-0.00782678
-0.010779
-0.0106417
-0.00995512
-0.0102297
-0.0110536
-0.0110536
-0.00947452
-0.00665963
-0.00350145
-0.0010985
-0.000549248
-0.00260893
-0.00624769
-0.00865065
-0.00700291
-0.00137312
0.0040507
0.00432533
-0.00164774
-0.0100924
-0.0160655
-0.0177819
-0.017164
-0.0170953
-0.0186744
-0.0207341
-0.0218326
-0.0212147
-0.0185371
-0.0140745
-0.0098178
-0.00913124
-0.0135939
-0.0205968
-0.0247848
-0.0232744
-0.0177819
-0.01277
-0.0113969
-0.0135939
-0.0177132
-0.0223132
-0.0265699
-0.0291788
-0.0287669
-0.0245788
-0.0172326
-0.00885662
-0.00151043
0.00336414
0.00569845
0.00590441
0.00363877
-0.00178506
-0.00995512
-0.0181252
-0.0227251
-0.0216266
-0.0155162
-0.00789544
-0.00322683
-0.0040507
-0.00926856
-0.015173
-0.0182625
-0.0168894
-0.0114655
-0.00398205
0.0023343
0.00487457
0.00308952
-0.00137312
-0.00562979
-0.00796409
-0.00865065
-0.0098178
-0.0130446
-0.0183311
-0.0236177
-0.0260893
-0.0247161
-0.0207341
-0.0158595
-0.010779
-0.00528651
-0.000137312
0.0023343
0.0010985
-0.00212834
-0.00418801
-0.00322683
-0.000892528
-0.000274624
-0.00302086
-0.00679694
-0.00782678
-0.00453129
0.000823872
0.00453129
0.00480592
0.00357011
0.00418801
0.00837603
0.0135252
0.014967
0.0101611
0.000961184
-0.00796409
-0.0129073
-0.012976
-0.00961184
-0.00508054
-0.00157909
-0.000480592
-0.00151043
-0.00363877
-0.00611038
-0.00837603
-0.00913124
-0.00734619
-0.00350145
0.000205968
0.0017164
0.000205968
-0.00357011
-0.00768947
-0.00988646
-0.00892528
-0.00645366
-0.00562979
-0.00789544
-0.0113282
-0.0129073
-0.0115342
-0.008582
-0.00569845
-0.00377608
-0.00288355
-0.00357011
-0.00659097
-0.0113969
-0.0160655
-0.0181938
-0.017164
-0.0142118
-0.010985
-0.00803275
-0.00542382
-0.00370742
-0.00439398
-0.00837603
-0.0143491
-0.019361
-0.0206654
-0.0170953
-0.00974915
-0.00192237
0.00308952
0.00363877
0.000823872
-0.00274624
-0.00480592
-0.00453129
-0.00260893
0.000205968
0.00295221
0.00384473
0
-0.00988646
-0.0229997
-0.0335728
-0.0370056
-0.0334355
-0.0267758
-0.0208028
-0.0168894
-0.0136625
-0.00947452
-0.00439398
-0.000274624
0.000755216
-0.00116715
-0.00384473
-0.00501189
-0.0051492
-0.00631635
-0.00940587
-0.0129073
-0.0138685
-0.010985
-0.00583576
-0.00185371
-0.00226565
-0.00665963
-0.0113969
-0.0123581
-0.00851334
-0.00247161
0.00157909
0.000617904
-0.00487457
-0.0109163
-0.0131819
-0.0103671
-0.00542382
-0.00281489
-0.00425667
-0.00830737
-0.012564
-0.0152416
-0.0148983
-0.010573
-0.00377608
0.00192237
0.0034328
0.000617904
-0.00363877
-0.00652232
-0.00638501
-0.00322683
0.00137312
0.00453129
0.00350145
-0.00199102
-0.00961184
-0.0150357
-0.0146924
-0.00817006
0.00102984
0.00768947
0.00830737
0.00295221
-0.00501189
-0.0110536
-0.0130446
-0.012564
-0.0135939
-0.0183311
-0.0248535
-0.0289728
-0.0274624
-0.0210087
-0.0133193
-0.00817006
-0.00679694
-0.00789544
-0.00940587
-0.0105044
-0.0116715
-0.0132506
-0.0145551
-0.0148983
-0.0146924
-0.0155162
-0.0183311
-0.0217639
-0.0228624
-0.019361
-0.0113969
-0.00185371
0.00521785
0.00714022
0.00411936
-0.00164774
-0.00762081
-0.0120148
-0.0137312
-0.0123581
-0.00851334
-0.00432533
-0.00295221
-0.00624769
-0.0129073
-0.019155
-0.0210087
-0.0177132
-0.0117402
-0.00679694
-0.00569845
-0.00830737
-0.0122894
-0.0141431
-0.0120835
-0.00700291
-0.00226565
-0.000823872
-0.00357011
-0.0091999
-0.0157222
-0.0214893
-0.0251281
-0.0260206
-0.0243042
-0.0208028
-0.0168894
-0.0132506
-0.0100924
-0.0074835
-0.00542382
-0.00473726
-0.00624769
-0.00933721
-0.0118775
-0.0113969
-0.00796409
-0.00418801
-0.00281489
-0.00411936
-0.00727753
-0.0112596
-0.0153789
-0.0186058
-0.0197043
-0.0186744
-0.0170267
-0.0162028
-0.0159968
-0.0144864
-0.00995512
-0.00288355
0.00350145
0.00604173
0.0034328
-0.00302086
-0.0110536
-0.0177819
-0.0202535
-0.0168207
-0.00913124
-0.00192237
0.00034328
-0.0034328
-0.0104357
-0.0165461
-0.0192923
-0.0187431
-0.0165461
-0.0143491
-0.01277
-0.0116029
-0.010573
-0.0100238
-0.0100924
-0.0101611
-0.00995512
-0.00995512
-0.010985
-0.012976
-0.0151043
-0.0161342
-0.0148983
-0.0115342
-0.00755216
-0.00473726
-0.00432533
-0.00569845
-0.00768947
-0.0098178
-0.0123581
-0.0157222
-0.0192237
-0.0212834
-0.0207341
-0.0175759
-0.0133879
-0.0100924
-0.00817006
-0.00741484
-0.00707156
-0.00700291
-0.00714022
-0.0068656
-0.00480592
0
0.00631635
0.0107103
0.0101611
0.00494323
-0.00137312
-0.00494323
-0.00542382
-0.00521785
-0.00700291
-0.0113969
-0.0172326
-0.0232057
-0.0280116
-0.0300713
-0.0282176
-0.0229311
-0.0161342
-0.0100924
-0.00659097
-0.00604173
-0.00720888
-0.00844468
-0.00871931
-0.00803275
-0.00604173
-0.00274624
0.00102984
0.00363877
0.00336414
-6.8656e-05
-0.0057671
-0.0119461
-0.0167521
-0.019155
-0.0190864
-0.017164
-0.0137998
-0.00926856
-0.00425667
-0.000549248
6.8656e-05
-0.00295221
-0.0081014
-0.0124267
-0.0131819
-0.0102984
-0.00583576
-0.00260893
-0.00157909
-0.0023343
-0.00384473
-0.00508054
-0.00535517
-0.00480592
-0.0040507
-0.00370742
-0.00370742
-0.00398205
-0.00508054
-0.00720888
-0.00940587
-0.0102297
-0.00968049
-0.0091999
-0.0102984
-0.0131819
-0.0174386
-0.0225878
-0.0269131
-0.0273937
-0.0219699
-0.01277
-0.00535517
-0.00487457
-0.0122208
-0.0240296
-0.0352205
-0.0413995
-0.0404384
-0.0325429
-0.0205281
-0.00823872
0.000274624
0.00281489
0
-0.00590441
-0.0118775
-0.0156536
-0.0159968
-0.012976
-0.00837603
-0.00363877
0.000892528
0.00542382
0.00913124
0.0104357
0.00823872
0.00357011
-0.00137312
-0.00501189
-0.00679694
-0.00714022
-0.00700291
-0.00714022
-0.00789544
-0.00906259
-0.00961184
-0.00830737
-0.00459995
0.000205968
0.00391339
0.00487457
0.00302086
-0.000823872
-0.00535517
-0.00844468
-0.00817006
-0.00439398
0.000411936
0.00377608
0.00487457
0.00473726
0.00439398
0.00357011
0.000617904
-0.00494323
-0.0114655
-0.0164774
-0.0183998
-0.0177819
-0.0164774
-0.0156536
-0.0148983
-0.0131133
-0.0104357
-0.00830737
-0.00727753
-0.00679694
-0.00604173
-0.00549248
-0.00638501
-0.00954318
-0.0151043
-0.0214893
-0.025952
-0.0251967
-0.0178506
-0.00645366
0.00377608
0.00865065
0.00782678
0.00377608
-0.000892528
-0.0057671
-0.0115342
-0.017164
-0.0201162
-0.0181938
-0.0121521
-0.00501189
0.000137312
0.00151043
-0.000823872
-0.00542382
-0.00988646
-0.0129073
-0.0145551
-0.0154476
-0.015173
-0.0130446
-0.00933721
-0.00597307
-0.00501189
-0.00693425
-0.010573
-0.0133879
-0.012976
-0.00885662
-0.0023343
0.00411936
0.00830737
0.00892528
0.00645366
0.00267758
-0.000549248
-0.00247161
-0.0034328
-0.00411936
-0.00501189
-0.00659097
-0.00940587
-0.0133879
-0.0177819
-0.021352
-0.0232744
-0.0227251
-0.0190864
-0.0129073
-0.00611038
-0.000961184
0.00157909
0.00212834
0.00151043
0.000205968
-0.00185371
-0.00453129
-0.00693425
-0.00796409
-0.00659097
-0.00226565
0.00398205
0.00947452
0.0107103
0.0057671
-0.00363877
-0.0131133
-0.0184685
-0.0188117
-0.016958
-0.0166147
-0.019155
-0.0230684
-0.0260893
-0.0267072
-0.0248535
-0.0214893
-0.0173013
-0.01277
-0.00871931
-0.00631635
-0.00617904
-0.00734619
-0.00741484
-0.00473726
0.000205968
0.00466861
0.00556113
0.00247161
-0.00212834
-0.00494323
-0.00453129
-0.00254027
-0.00144178
-0.00281489
-0.00617904
-0.0102297
-0.0139372
-0.0165461
-0.0174386
-0.0166147
-0.014967
-0.0137998
-0.0135939
-0.0142804
-0.014967
-0.0137312
-0.00851334
0.000137312
0.00817006
0.0108476
0.00679694
-0.000961184
-0.00707156
-0.00830737
-0.00501189
-0.00034328
0.00288355
0.00336414
0.00123581
-0.00315817
-0.0091999
-0.0157909
-0.0210087
-0.0229997
-0.021146
-0.0168207
-0.0126327
-0.0109163
-0.0121521
-0.0142118
-0.0140058
-0.00995512
-0.0034328
0.00185371
0.00322683
0.000411936
-0.00521785
-0.0122894
-0.0197729
-0.0260893
-0.0302086
-0.0317877
-0.0307579
-0.0273251
-0.021352
-0.0136625
-0.00556113
0.00130446
0.00521785
0.00535517
0.00226565
-0.00199102
-0.00494323
-0.0051492
-0.00370742
-0.00260893
-0.00315817
-0.00453129
-0.00508054
-0.0040507
-0.00205968
0
0.0017164
0.00336414
0.00473726
0.00487457
0.00295221
-0.00137312
-0.00768947
-0.0146237
-0.0202535
-0.0223818
-0.0204595
-0.0153789
-0.00899393
-0.00329549
0.000480592
0.00205968
0.00178506
-0.000823872
-0.00631635
-0.0139372
-0.0205968
-0.0226565
-0.0190864
-0.0133879
-0.010573
-0.0128387
-0.017164
-0.0187431
-0.0153789
-0.00995512
-0.00762081
-0.0111223
-0.0183311
-0.0245102
-0.0254027
-0.0202535
-0.0113969
-0.00247161
0.00357011
0.00562979
0.00425667
0.000549248
-0.00501189
-0.0118775
-0.0176446
-0.0187431
-0.0133879
-0.00391339
0.00453129
0.00796409
0.00617904
0.0017164
-0.00322683
-0.00796409
-0.0128387
-0.016958
-0.0179879
-0.0148297
-0.00947452
-0.00617904
-0.0074835
-0.0119461
-0.0156536
-0.0157909
-0.012976
-0.0104357
-0.0106417
-0.012976
-0.0146237
-0.0137312
-0.0111909
-0.00933721
-0.00968049
-0.0120835
-0.0159282
-0.0212147
-0.0271191
-0.0317877
-0.0324743
-0.0278743
-0.0186744
-0.0081014
0.000755216
0.00624769
0.00913124
0.0107103
0.0113282
0.00961184
0.00425667
-0.00411936
-0.0122208
-0.0163401
-0.0155849
-0.0127014
-0.0118088
-0.0144864
-0.0183311
-0.0198416
-0.0177132
-0.0129073
-0.00796409
-0.00473726
-0.00425667
-0.00590441
-0.00789544
-0.00865065
-0.00762081
-0.00466861
-0.000137312
0.0051492
0.00851334
0.00672828
-0.00123581
-0.012976
-0.0238236
-0.0298653
-0.0295221
-0.0234803
-0.0141431
-0.00521785
-6.8656e-05
-0.000137312
-0.00446264
-0.0103671
-0.0148983
-0.0162715
-0.0148297
-0.0120148
-0.00947452
-0.00775812
-0.00714022
-0.00768947
-0.008582
-0.00878796
-0.00796409
-0.00700291
-0.00734619
-0.00954318
-0.0124954
-0.0138685
-0.0121521
-0.00865065
-0.00617904
-0.00624769
-0.0074835
-0.00720888
-0.00453129
-0.00068656
0.00185371
0.00164774
-0.00151043
-0.00617904
-0.00988646
-0.0107103
-0.00885662
-0.00645366
-0.00590441
-0.00755216
-0.00968049
-0.0106417
-0.010779
-0.0119461
-0.0155849
