LECROYHDO9204-MSöv,30454,Waveform
Segments,1,SegmentSize,2002
Ampl
-0.00988646
-0.0113282
-0.0104357
-0.00865065
-0.00803275
-0.00940587
-0.0118088
-0.0135252
-0.0133879
-0.0115342
-0.00817006
-0.00363877
0.000892528
0.0034328
0.00254027
-0.00144178
-0.0068656
-0.0122208
-0.016958
-0.0210774
-0.0240982
-0.0249908
-0.0227938
-0.0181938
-0.0134566
-0.010985
-0.0120148
-0.0155162
-0.0192923
-0.0214893
-0.0219013
-0.0212147
-0.0204595
-0.019567
-0.0174386
-0.0132506
-0.00741484
-0.00116715
0.00411936
0.0068656
0.00542382
-0.00102984
-0.0100238
-0.0168207
-0.0183311
-0.0151043
-0.0108476
-0.00913124
-0.0113969
-0.0162715
-0.0208028
-0.0225878
-0.0218326
-0.0204595
-0.0204595
-0.0217639
-0.0225192
-0.0207341
-0.0159968
-0.0100924
-0.00562979
-0.0040507
-0.00446264
-0.00459995
-0.00274624
0.000205968
0.00192237
0.000205968
-0.00535517
-0.012564
-0.0179192
-0.0194983
-0.0185371
-0.0177819
-0.0183311
-0.0186744
-0.0168207
-0.0130446
-0.0102297
-0.0111909
-0.0157909
-0.0208028
-0.0224505
-0.0197729
-0.0153103
-0.0126327
-0.0134566
-0.0167521
-0.0200475
-0.0208714
-0.0183998
-0.0134566
-0.00817006
-0.00473726
-0.00398205
-0.0057671
-0.00974915
-0.0153103
-0.0209401
-0.0242356
-0.0239609
-0.0208028
-0.0172326
-0.0161342
-0.0197043
-0.0282176
-0.0388593
-0.0466174
-0.0473726
-0.0408503
-0.0307579
-0.0214207
-0.0153103
-0.0113282
-0.00714022
-0.00240296
-0.00199102
-0.0176446
-0.066047
-0.163401
-0.315817
-0.510457
-0.714983
-0.889713
-1.0065
-1.06211
-1.07488
-1.07124
-1.07151
-1.08497
-1.11127
-1.14381
-1.17285
-1.1896
-1.19049
-1.17985
-1.16674
-1.15912
-1.15884
-1.16221
-1.16434
-1.16262
-1.15727
-1.14985
-1.14237
-1.13605
-1.13049
-1.12417
-1.11648
-1.10776
-1.0985
-1.08779
-1.07508
-1.0619
-1.05202
-1.04879
-1.05208
-1.05868
-1.06513
-1.07117
-1.07886
-1.0893
-1.1009
-1.11065
-1.11641
-1.11765
-1.11525
-1.11058
-1.10639
-1.1057
-1.11017
-1.11882
-1.12802
-1.13392
-1.13475
-1.13131
-1.12651
-1.12335
-1.12328
-1.12548
-1.12733
-1.12658
-1.12328
-1.1193
-1.11662
-1.11593
-1.11648
-1.11724
-1.11772
-1.11758
-1.11655
-1.11484
-1.11326
-1.11216
-1.11181
-1.11284
-1.11621
-1.12101
-1.12486
-1.12534
-1.12204
-1.11669
-1.11168
-1.10866
-1.10811
-1.10921
-1.11058
-1.11078
-1.10976
-1.10927
-1.1123
-1.12033
-1.13166
-1.14182
-1.14607
-1.14175
-1.12946
-1.11154
-1.09026
-1.06499
-1.03217
-0.98844
-0.933858
-0.871931
-0.807257
-0.743544
-0.683264
-0.629095
-0.582546
-0.542108
-0.502699
-0.458553
-0.406993
-0.350145
-0.29371
-0.243729
-0.204046
-0.175004
-0.154613
-0.139921
-0.127288
-0.114655
-0.10216
-0.0923423
-0.0873304
-0.0864379
-0.0863006
-0.0837603
-0.0782678
-0.0714022
-0.0650859
-0.0602799
-0.0572591
-0.0559546
-0.0555427
-0.0549934
-0.0533457
-0.0500502
-0.045107
-0.0396145
-0.0361817
-0.0374862
-0.0441458
-0.0538263
-0.062271
-0.0658411
-0.0628889
-0.0555427
-0.0474413
-0.0411936
-0.0367309
-0.0328862
-0.0295907
-0.0273937
-0.0262266
-0.0260893
-0.027737
-0.0321996
-0.0383787
-0.0426354
-0.0413995
-0.034328
-0.0247161
-0.0165461
-0.0122208
-0.0122894
-0.0162028
-0.0222445
-0.0271878
-0.0280803
-0.0242356
-0.0186058
-0.0155162
-0.0170267
-0.0217639
-0.0266385
-0.0302773
-0.0332981
-0.0359757
-0.0374175
-0.036319
-0.0326116
-0.0275997
-0.0227938
-0.0190177
-0.0162028
-0.0140745
-0.0122208
-0.0116029
-0.0135939
-0.0187431
-0.0254714
-0.0309638
-0.0327489
-0.0300027
-0.0238236
-0.0164088
-0.0098178
-0.00487457
-0.00219699
-0.0023343
-0.00549248
-0.0103671
-0.0143491
-0.0155162
-0.0139372
-0.010779
-0.00775812
-0.00645366
-0.0074835
-0.0100924
-0.012564
-0.0131819
-0.010985
-0.0057671
0.00137312
0.00727753
0.00823872
0.00274624
-0.00700291
-0.0170953
-0.0244415
-0.0271878
-0.0250594
-0.0197043
-0.0143491
-0.0126327
-0.0155849
-0.0208714
-0.0240982
-0.0224505
-0.016958
-0.0110536
-0.00789544
-0.00823872
-0.010779
-0.0133193
-0.0134566
-0.0098178
-0.00377608
0.00068656
0
-0.0057671
-0.01277
-0.0168894
-0.0168207
-0.0137312
-0.0100238
-0.00775812
-0.00837603
-0.0118088
-0.0162028
-0.0187431
-0.016958
-0.0106417
-0.0023343
0.00384473
0.00501189
0.00102984
-0.00604173
-0.0141431
-0.0208714
-0.0238923
-0.0214207
-0.0140058
-0.00480592
0.00205968
0.00384473
0.000549248
-0.00535517
-0.00974915
-0.00974915
-0.00562979
-0.000549248
0.0023343
0.0023343
0.000617904
-0.00151043
-0.00384473
-0.00638501
-0.008582
-0.0098178
-0.010573
-0.0115342
-0.0118775
-0.00988646
-0.00473726
0.00192237
0.00693425
0.0081014
0.00569845
0.00185371
-0.00164774
-0.00446264
-0.00714022
-0.00974915
-0.0116029
-0.0110536
-0.00727753
-0.0017164
0.00192237
0.000549248
-0.00494323
-0.0106417
-0.0124267
-0.00926856
-0.00370742
-0.00034328
-0.00274624
-0.0105044
-0.0194983
-0.0250594
-0.0251281
-0.0210087
-0.0153789
-0.0106417
-0.00789544
-0.0068656
-0.00665963
-0.00665963
-0.00693425
-0.00782678
-0.00871931
-0.00830737
-0.0057671
-0.00192237
0.00199102
0.00494323
0.00665963
0.0068656
0.00590441
0.00391339
0.00123581
-0.00178506
-0.00391339
-0.00384473
-0.00123581
0.0023343
0.00432533
0.00336414
0.000480592
-0.00178506
-0.00157909
0.000480592
0.00205968
0.00212834
0.00219699
0.00398205
0.00652232
0.00631635
0.000480592
-0.00988646
-0.0201162
-0.0250594
-0.0225192
-0.0144864
-0.00480592
0.00336414
0.00817006
0.00913124
0.00617904
0.000411936
-0.00583576
-0.00974915
-0.00961184
-0.00665963
-0.00350145
-0.00199102
-0.0023343
-0.0034328
-0.00466861
-0.00617904
-0.00817006
-0.0101611
-0.0111909
-0.0102984
-0.00823872
-0.00638501
-0.00604173
-0.00700291
-0.00823872
-0.00851334
-0.00707156
-0.00439398
-0.00144178
0.000961184
0.00308952
0.00569845
0.00871931
0.010779
0.0105044
0.00741484
0.00226565
-0.0034328
-0.00817006
-0.0108476
-0.0107103
-0.00755216
-0.0023343
0.00199102
0.00205968
-0.00315817
-0.0101611
-0.0137998
-0.0118775
-0.00714022
-0.00432533
-0.00624769
-0.0121521
-0.0186058
-0.0219013
-0.0208714
-0.0172326
-0.0133879
-0.010779
-0.00892528
-0.00727753
-0.00556113
-0.00370742
-0.0017164
0.000480592
0.00254027
0.00308952
0.000411936
-0.0057671
-0.0129073
-0.0173013
-0.0162028
-0.00961184
0.000205968
0.00933721
0.0140058
0.0118088
0.00329549
-0.00844468
-0.0190177
-0.0253341
-0.0262952
-0.0225878
-0.0164774
-0.0106417
-0.00652232
-0.00363877
-0.000549248
0.00302086
0.00535517
0.00480592
0.00137312
-0.00247161
-0.00446264
-0.00459995
-0.00535517
-0.00844468
-0.0122894
-0.0129073
-0.00892528
-0.00281489
0.0010985
0.0010985
-0.00185371
-0.0057671
-0.00954318
-0.0120148
-0.0120148
-0.00913124
-0.00459995
-0.000755216
0.00068656
-0.000411936
-0.00281489
-0.00521785
-0.0074835
-0.0101611
-0.0135939
-0.017164
-0.019567
-0.0194983
-0.0164774
-0.0111223
-0.00494323
0.000274624
0.00363877
0.00569845
0.00734619
0.00885662
0.00961184
0.00844468
0.00446264
-0.00219699
-0.0100238
-0.0163401
-0.0187431
-0.016958
-0.0133193
-0.00995512
-0.00720888
-0.00425667
-0.000205968
0.00466861
0.00851334
0.00837603
0.00267758
-0.00665963
-0.0150357
-0.0187431
-0.0170953
-0.0118088
-0.00562979
-0.000480592
0.00219699
0.00178506
-0.00151043
-0.00652232
-0.0106417
-0.0120835
-0.010573
-0.0074835
-0.00418801
-0.000961184
0.00192237
0.00391339
0.00377608
0.000892528
-0.00473726
-0.0121521
-0.018949
-0.0225878
-0.021352
-0.0154476
-0.00645366
0.00288355
0.00933721
0.0107103
0.00734619
0.00178506
-0.00336414
-0.00679694
-0.00823872
-0.00672828
-0.0017164
0.00535517
0.0102297
0.00933721
0.00254027
-0.00645366
-0.0137998
-0.0181252
-0.0205281
-0.0223818
-0.0234117
-0.0223818
-0.018949
-0.0153103
-0.0139372
-0.0153103
-0.0166834
-0.0146237
-0.00906259
-0.00295221
0.000480592
0.000549248
-0.00157909
-0.00459995
-0.00768947
-0.0100238
-0.0102297
-0.00768947
-0.00329549
0.00137312
0.0051492
0.00789544
0.00933721
0.00871931
0.00528651
-0.000549248
-0.00679694
-0.010985
-0.0122894
-0.0116715
-0.0115342
-0.0137312
-0.0175759
-0.0202535
-0.0194296
-0.015173
-0.00968049
-0.00521785
-0.00329549
-0.00411936
-0.0074835
-0.0124267
-0.016958
-0.0188804
-0.0164774
-0.0100924
-0.0023343
0.0023343
0.00102984
-0.00494323
-0.0113969
-0.0144178
-0.0124267
-0.00645366
0.000549248
0.00494323
0.00418801
-0.000823872
-0.00665963
-0.0102297
-0.0113969
-0.0116715
-0.0117402
-0.0106417
-0.00693425
-0.00130446
0.0034328
0.00391339
-0.00102984
-0.0091999
-0.0161342
-0.0180565
-0.0133879
-0.00377608
0.00659097
0.0134566
0.0148983
0.0118775
0.00707156
0.00281489
-0.000411936
-0.00308952
-0.00604173
-0.00899393
-0.0108476
-0.0103671
-0.00775812
-0.00487457
-0.00329549
-0.00329549
-0.00398205
-0.00459995
-0.00466861
-0.00350145
-0.000617904
0.00322683
0.00617904
0.00652232
0.00439398
0.00144178
-0.000617904
-0.00123581
-0.0017164
-0.00363877
-0.00789544
-0.0129073
-0.0154476
-0.0130446
-0.0057671
0.00357011
0.010985
0.0137312
0.0118088
0.00741484
0.00288355
-0.00123581
-0.00569845
-0.0104357
-0.0138685
-0.0145551
-0.0131133
-0.0113969
-0.0109163
-0.0114655
-0.0116029
-0.00995512
-0.00672828
-0.00370742
-0.00219699
-0.00185371
-0.00157909
-0.000823872
-0.000480592
-0.00219699
-0.00659097
-0.0119461
-0.0148983
-0.0131819
-0.00741484
-0.000961184
0.00260893
0.0010985
-0.00487457
-0.012564
-0.0187431
-0.021558
-0.0207341
-0.0175073
-0.0131819
-0.00885662
-0.00487457
-0.00144178
0.0010985
0.00212834
0.0010985
-0.0023343
-0.00741484
-0.0118088
-0.012564
-0.00851334
-0.00137312
0.00508054
0.00803275
0.00679694
0.00274624
-0.00219699
-0.00611038
-0.00803275
-0.0074835
-0.00501189
-0.00247161
-0.00151043
-0.00260893
-0.00432533
-0.00473726
-0.00322683
-0.000617904
0.00151043
0.00212834
0.000892528
-0.00212834
-0.00604173
-0.00954318
-0.010985
-0.00933721
-0.00459995
0.00205968
0.00844468
0.0122894
0.0119461
0.00803275
0.00274624
-0.00130446
-0.00288355
-0.00302086
-0.00370742
-0.00549248
-0.00700291
-0.00659097
-0.00446264
-0.00240296
-0.00212834
-0.0040507
-0.00782678
-0.0124267
-0.0167521
-0.0192237
-0.0190864
-0.0164088
-0.0124954
-0.00892528
-0.00693425
-0.00590441
-0.00398205
0.00034328
0.00590441
0.00968049
0.00940587
0.00501189
-0.00116715
-0.00672828
-0.0101611
-0.0112596
-0.010779
-0.00974915
-0.00892528
-0.00796409
-0.00645366
-0.00446264
-0.00281489
-0.00267758
-0.00453129
-0.00851334
-0.0141431
-0.0199102
-0.023549
-0.0229997
-0.0178506
-0.0100238
-0.00315817
0.000274624
0.000137312
-0.00178506
-0.00398205
-0.00597307
-0.00768947
-0.00878796
-0.00892528
-0.00755216
-0.00473726
-0.00164774
-0.000549248
-0.0034328
-0.00878796
-0.0126327
-0.0111223
-0.00418801
0.0040507
0.00837603
0.00611038
-0.00068656
-0.00700291
-0.0091999
-0.0081014
-0.00720888
-0.00865065
-0.0110536
-0.0118088
-0.0100924
-0.00762081
-0.00707156
-0.00933721
-0.0129073
-0.0155162
-0.0157222
-0.0138685
-0.0108476
-0.00741484
-0.00425667
-0.00226565
-0.00205968
-0.0034328
-0.00556113
-0.00762081
-0.00885662
-0.00871931
-0.00707156
-0.00494323
-0.00398205
-0.00556113
-0.00892528
-0.0122208
-0.0137998
-0.0130446
-0.0106417
-0.00823872
-0.00665963
-0.00528651
-0.00315817
-0.000617904
0.000549248
-0.00123581
-0.00562979
-0.0109163
-0.0155162
-0.0181938
-0.0177819
-0.0138685
-0.00803275
-0.00329549
-0.00199102
-0.00411936
-0.00679694
-0.0068656
-0.00302086
0.00295221
0.00762081
0.00851334
0.00556113
0.000617904
-0.00439398
-0.00823872
-0.0102984
-0.0102984
-0.00803275
-0.00453129
-0.00130446
-0.000137312
-0.00157909
-0.00432533
-0.00583576
-0.00425667
0.000274624
0.00521785
0.00707156
0.00370742
-0.00350145
-0.0103671
-0.0129073
-0.00995512
-0.0040507
0.0010985
0.00281489
0.000892528
-0.00329549
-0.0074835
-0.0106417
-0.0130446
-0.0156536
-0.0183311
-0.0192237
-0.0168207
-0.0116029
-0.00679694
-0.00604173
-0.0104357
-0.01737
-0.0225192
-0.0227938
-0.0179192
-0.0100924
-0.00254027
0.00157909
0.000274624
-0.0057671
-0.0131819
-0.0178506
-0.0179879
-0.0145551
-0.0102297
-0.00693425
-0.00528651
-0.00494323
-0.00549248
-0.00679694
-0.00865065
-0.0106417
-0.0115342
-0.0106417
-0.0081014
-0.00501189
-0.00240296
-0.00116715
-0.00247161
-0.00700291
-0.0144178
-0.0229997
-0.029934
-0.0325429
-0.0297967
-0.0236177
-0.0179192
-0.0157909
-0.0166834
-0.01737
-0.0151043
-0.0100238
-0.00425667
-0.00034328
0.000137312
-0.00226565
-0.00535517
-0.00631635
-0.00391339
0.000755216
0.00569845
0.00913124
0.00995512
0.00775812
0.00302086
-0.00226565
-0.00549248
-0.00501189
-0.00185371
0.000961184
0.0010985
-0.00151043
-0.00480592
-0.00672828
-0.00741484
-0.00796409
-0.008582
-0.00837603
-0.0068656
-0.00508054
-0.00453129
-0.0057671
-0.00727753
-0.00734619
-0.00528651
-0.00254027
-0.00116715
-0.00178506
-0.00322683
-0.00377608
-0.00336414
-0.00302086
-0.00377608
-0.00556113
-0.00762081
-0.00926856
-0.00940587
-0.00734619
-0.00384473
-0.00116715
-0.00116715
-0.0034328
-0.00562979
-0.00549248
-0.00315817
-0.000549248
0.000137312
-0.000961184
-0.00254027
-0.00370742
-0.00501189
-0.00659097
-0.00707156
-0.00508054
-0.00102984
0.00295221
0.00528651
0.00549248
0.00350145
-0.00102984
-0.00782678
-0.0146924
-0.0183998
-0.0174386
-0.0137312
-0.0108476
-0.010573
-0.0114655
-0.0108476
-0.00775812
-0.00398205
-0.00144178
-0.000617904
-0.000892528
-0.00247161
-0.00556113
-0.00871931
-0.00892528
-0.00508054
0.000617904
0.00473726
0.00508054
0.0017164
-0.00411936
-0.0104357
-0.015173
-0.0164088
-0.0130446
-0.00624769
0.000549248
0.00315817
0.000137312
-0.00583576
-0.00988646
-0.00851334
-0.00247161
0.00459995
0.00865065
0.00837603
0.00556113
0.00308952
0.0023343
0.00192237
-0.000411936
-0.0051492
-0.0098178
-0.0111909
-0.00817006
-0.00295221
0.000755216
0
-0.0051492
-0.0117402
-0.0162715
-0.0168207
-0.0138685
-0.00940587
-0.00542382
-0.00350145
-0.00384473
-0.00562979
-0.00734619
-0.00837603
-0.00906259
-0.00933721
-0.00892528
-0.00768947
-0.00617904
-0.00501189
-0.00466861
-0.00439398
-0.00322683
-0.00151043
-0.000892528
-0.00308952
-0.00796409
-0.0133193
-0.0164088
-0.0163401
-0.0141431
-0.0118088
-0.0103671
-0.00961184
-0.00844468
-0.00590441
-0.00212834
0.00102984
0.00123581
-0.0023343
-0.00796409
-0.012976
-0.0159282
-0.0172326
-0.0176446
-0.0170267
-0.0142118
-0.00899393
-0.00329549
-0.000411936
-0.00205968
-0.0068656
-0.0111223
-0.0120148
-0.0098178
-0.00762081
-0.00817006
-0.0115342
-0.0155162
-0.0174386
-0.0162715
-0.01277
-0.008582
-0.0051492
-0.00329549
-0.00315817
-0.00425667
-0.00638501
-0.00995512
-0.0151043
-0.0205281
-0.0238923
-0.023755
-0.0209401
-0.0184685
-0.0181938
-0.0190864
-0.0180565
-0.0137312
-0.00768947
-0.00315817
-0.0023343
-0.00508054
-0.00899393
-0.0114655
-0.0108476
-0.00768947
-0.00432533
-0.00370742
-0.00707156
-0.0126327
-0.0168207
-0.0175073
-0.0154476
-0.012976
-0.0122208
-0.0135939
-0.0161342
-0.0177132
-0.0166834
-0.0135252
-0.00995512
-0.00727753
-0.00535517
-0.00384473
-0.00302086
-0.00370742
-0.00583576
-0.00837603
-0.00995512
-0.00940587
-0.00631635
-0.00144178
0.00377608
0.00768947
0.00988646
0.0109163
0.010985
0.00974915
0.00659097
0.00164774
-0.00418801
-0.00968049
-0.0134566
-0.014761
-0.0133193
-0.00961184
-0.00521785
-0.00302086
-0.00508054
-0.010573
-0.0157909
-0.017164
-0.0142804
-0.00947452
-0.00562979
-0.00384473
-0.00329549
-0.00322683
-0.00398205
-0.00659097
-0.0104357
-0.0135252
-0.0141431
-0.0126327
-0.0110536
-0.010573
-0.0106417
-0.0101611
-0.00837603
-0.00528651
-0.00130446
0.00267758
0.00466861
0.00226565
-0.00425667
-0.0116029
-0.0160655
-0.0161342
-0.0127014
-0.00672828
0.00137312
0.0111223
0.0206654
0.0270505
0.0278057
0.0225878
0.0134566
0.00350145
-0.00446264
-0.00926856
-0.0112596
-0.0116029
-0.0115342
-0.0116029
-0.0113969
-0.0102984
-0.00851334
-0.00707156
-0.0068656
-0.00782678
-0.00851334
-0.00727753
-0.00281489
0.00398205
0.0101611
0.012564
0.0101611
0.00466861
-0.00102984
-0.0051492
-0.00727753
-0.00851334
-0.0102984
-0.0129073
-0.0150357
-0.014967
-0.01277
-0.0100238
-0.00796409
-0.00638501
-0.00480592
-0.00370742
-0.0040507
-0.00659097
-0.0106417
-0.0142804
-0.0153103
-0.0131133
-0.00954318
-0.00700291
-0.00659097
-0.00741484
-0.00844468
-0.00933721
-0.0102297
-0.0108476
-0.010573
-0.00940587
-0.00803275
-0.0074835
-0.00885662
-0.0122894
-0.0170953
-0.0210774
-0.021558
-0.0170953
-0.00851334
0.000274624
0.00446264
0.00185371
-0.00480592
-0.0101611
-0.0103671
-0.00494323
0.00370742
0.01277
0.0192237
0.0210774
0.0176446
0.010985
0.00459995
0.00123581
0.0017164
0.00439398
0.00700291
0.00734619
0.00425667
-0.00199102
-0.0098178
-0.0163401
-0.0184685
-0.014761
-0.00659097
0.00254027
0.00871931
0.00933721
0.0040507
-0.00480592
-0.0131133
-0.0170953
-0.0153789
-0.0102984
-0.0057671
-0.00439398
-0.00611038
-0.00892528
-0.010985
-0.0118088
-0.0117402
-0.010985
-0.00940587
-0.00768947
-0.00645366
-0.00590441
-0.00604173
-0.00741484
-0.0105044
-0.0146237
-0.0177819
-0.0181938
-0.0157909
-0.0121521
-0.00871931
-0.00631635
-0.00556113
-0.00734619
-0.0121521
-0.0192923
-0.0265699
-0.0307579
-0.0291788
-0.0216953
-0.0116029
-0.00363877
0.000137312
0.0010985
0.00185371
0.00274624
0.00164774
-0.00267758
-0.00844468
-0.0122894
-0.0122208
-0.00988646
-0.00817006
-0.00823872
-0.00899393
-0.00885662
-0.0074835
-0.00583576
-0.00494323
-0.0051492
-0.00562979
-0.00542382
-0.00391339
-0.00157909
0.000480592
0.00130446
0.000892528
6.8656e-05
0.000411936
0.00302086
0.00727753
0.0109163
0.0111909
0.0068656
-0.000892528
-0.00954318
-0.0159968
-0.0178506
-0.0146237
-0.00851334
-0.00274624
0.000411936
0.00068656
-0.00151043
-0.00590441
-0.0116029
-0.0170953
-0.0203222
-0.0201849
-0.0167521
-0.0121521
-0.00892528
-0.008582
-0.0105044
-0.0127014
-0.012976
-0.0101611
-0.00480592
0.00116715
0.00542382
0.00583576
0.00130446
-0.00700291
-0.0162028
-0.0234803
-0.0269818
-0.0267758
-0.0239609
-0.0203908
-0.01737
-0.0153789
-0.0136625
-0.0116029
-0.00995512
-0.0103671
-0.0135939
-0.0183311
-0.0216266
-0.021558
-0.0190864
-0.0167521
-0.0159968
-0.0162028
-0.0161342
-0.0151043
-0.0127014
-0.00968049
-0.00734619
-0.0074835
-0.0104357
-0.0146237
-0.0184685
-0.0221759
-0.0266385
-0.0312385
-0.0337101
-0.0317877
-0.0260893
-0.019361
-0.0142118
-0.010779
-0.00775812
-0.00391339
0
0.00212834
0.00130446
-0.0017164
-0.00494323
-0.00714022
-0.00823872
-0.00885662
-0.0091999
-0.008582
-0.00597307
-0.00130446
0.0040507
0.00755216
0.00693425
0.00254027
-0.00267758
-0.00549248
-0.00549248
-0.00487457
-0.00617904
-0.0091999
-0.0113969
-0.0111909
-0.00974915
-0.00974915
-0.0118088
-0.0146924
-0.0168894
-0.0182625
-0.018949
-0.0180565
-0.0141431
-0.00734619
-0.000137312
0.00432533
0.00432533
0.000205968
-0.00569845
-0.010779
-0.0133879
-0.0135252
-0.012564
-0.012564
-0.0153789
-0.0203222
-0.0242356
-0.0236863
-0.0183311
-0.0113969
-0.00714022
-0.00775812
-0.0121521
-0.0170953
-0.0185371
-0.0142118
-0.0051492
0.00459995
0.0105044
0.0102984
0.00562979
0.000137312
-0.00288355
-0.00199102
0.00205968
0.00679694
0.0091999
0.00741484
0.00212834
-0.00446264
-0.00968049
-0.0107103
-0.00631635
0.00130446
0.00741484
0.0081014
0.00308952
-0.00377608
-0.0074835
-0.0051492
0.00137312
0.00720888
0.00789544
0.00308952
-0.00329549
-0.00707156
-0.00734619
-0.00707156
-0.00947452
-0.0145551
-0.0188117
-0.0186058
-0.0140058
-0.00851334
-0.00549248
-0.00535517
-0.00617904
-0.00693425
-0.00775812
-0.00885662
-0.00947452
-0.00844468
-0.00604173
-0.00411936
-0.00487457
-0.008582
-0.0131819
-0.0153789
-0.0133879
-0.00844468
-0.00418801
-0.00350145
-0.00659097
-0.0111909
-0.0150357
-0.0167521
-0.0159282
-0.012976
-0.00865065
-0.00411936
-0.000961184
-0.000823872
-0.00487457
-0.0120835
-0.0190864
-0.0218326
-0.0183311
-0.0103671
-0.00336414
-0.00267758
-0.00954318
-0.0194983
-0.025952
-0.0254027
-0.0199102
-0.0148983
-0.014761
-0.019567
-0.025746
-0.0288355
-0.0265699
-0.019567
-0.010573
-0.00295221
0.000205968
-0.00226565
-0.00837603
-0.0142804
-0.0162715
-0.0130446
-0.00583576
0.00212834
0.00659097
0.00446264
-0.00308952
-0.0112596
-0.015173
-0.0133879
-0.00844468
-0.00453129
-0.00473726
-0.00947452
-0.0159968
-0.0203222
-0.0203222
-0.0170267
-0.0131133
-0.0104357
-0.00933721
-0.00926856
-0.0098178
-0.010573
-0.0111909
-0.0116715
-0.0122208
-0.012564
-0.0121521
-0.010985
-0.00974915
-0.00899393
-0.00844468
-0.0074835
-0.00604173
-0.0040507
-0.00192237
-0.000137312
0.000411936
-0.00102984
-0.00439398
-0.008582
-0.0119461
-0.0129073
-0.0106417
-0.00604173
-0.00123581
0.00123581
0.000137312
-0.00370742
-0.00789544
-0.0100924
-0.00968049
-0.00830737
-0.00817006
-0.0102297
-0.0134566
-0.0157909
-0.0160655
-0.0144178
-0.0117402
-0.0098178
-0.00968049
-0.0113969
-0.0138685
-0.0161342
-0.0172326
-0.0164088
-0.0134566
-0.00968049
-0.00652232
-0.00439398
-0.00288355
-0.00164774
-0.00123581
-0.0017164
-0.00295221
-0.00508054
-0.00823872
-0.0117402
-0.0136625
-0.0122208
-0.00817006
-0.00453129
-0.0040507
-0.00645366
-0.00947452
-0.0107103
-0.00954318
-0.00652232
-0.00192237
0.00432533
0.0118088
0.0177132
0.0180565
0.0108476
-0.00205968
-0.0153789
-0.0238923
-0.0245788
-0.0179879
-0.00714022
0.00350145
0.0102984
0.0115342
0.00714022
-0.00178506
-0.0122208
-0.0205281
-0.0238236
-0.0217639
-0.0165461
-0.0110536
-0.00768947
-0.00775812
-0.0109163
-0.0154476
-0.0196356
-0.0225192
-0.0239609
-0.0240296
-0.0230684
-0.021558
-0.019567
-0.0167521
-0.0131819
-0.00968049
-0.00741484
-0.0074835
-0.0098178
-0.01277
-0.0139372
-0.0120148
-0.00762081
-0.00281489
0.000617904
0.00205968
0.00151043
-0.000617904
-0.00391339
-0.00823872
-0.0137998
-0.0192237
-0.0219013
-0.0194296
-0.0122894
-0.00432533
0.000411936
6.8656e-05
-0.00384473
-0.00817006
-0.0101611
-0.00899393
-0.00604173
-0.00411936
-0.00466861
-0.00700291
-0.00906259
-0.00995512
-0.0106417
-0.0122894
-0.0146924
-0.0162028
-0.0157909
-0.0140745
-0.0122894
-0.0107103
-0.0091999
-0.00844468
-0.0102297
-0.0155162
-0.0222445
-0.025746
-0.0219699
-0.0120835
-0.00144178
0.00480592
0.00521785
0.00164774
-0.0034328
-0.00851334
-0.0123581
-0.0136625
-0.0123581
-0.0105044
-0.0113969
-0.0156536
-0.0204595
-0.0217639
-0.0179192
-0.0109163
-0.00418801
-0.000617904
-0.00137312
-0.00535517
-0.00968049
-0.0108476
-0.0081014
-0.00418801
-0.00363877
-0.00837603
-0.0159968
-0.0210774
-0.0196356
-0.0120835
-0.00281489
0.00288355
0.00219699
-0.00398205
-0.0119461
-0.0174386
-0.0178506
-0.0140745
-0.0100238
-0.00988646
-0.0143491
-0.0197729
-0.0210087
-0.0153789
-0.0051492
0.00439398
0.00837603
0.00569845
-0.000617904
-0.00631635
-0.00851334
-0.00727753
-0.00453129
-0.00205968
-0.00068656
-0.000274624
-0.000892528
-0.00260893
-0.00466861
-0.0057671
-0.00508054
-0.00350145
-0.00322683
-0.00542382
-0.00926856
-0.0120835
-0.0118775
-0.00871931
-0.00494323
-0.00350145
-0.00590441
-0.010573
-0.0138685
-0.0128387
-0.00768947
-0.00199102
0
-0.0034328
-0.0104357
-0.0167521
-0.0185371
-0.0152416
-0.00947452
-0.00439398
-0.00151043
-0.000274624
0.000274624
0.000755216
0.000892528
-6.8656e-05
-0.00322683
-0.00851334
-0.0137998
-0.0165461
-0.0164774
-0.0156536
-0.0160655
-0.0172326
-0.0175073
-0.0162715
