LECROYHDO9204-MSöv,30454,Waveform
Segments,1,SegmentSize,2002
Ampl
-0.00631635
-0.00315817
-0.00102984
-0.00315817
-0.00940587
-0.0159282
-0.0181252
-0.0143491
-0.00741484
-0.00185371
-0.000137312
-0.0017164
-0.00384473
-0.00494323
-0.00542382
-0.00665963
-0.00913124
-0.0118775
-0.0136625
-0.0137998
-0.0122208
-0.00933721
-0.00590441
-0.00295221
-0.00199102
-0.00377608
-0.00789544
-0.0128387
-0.0168894
-0.0182625
-0.0164774
-0.0126327
-0.00940587
-0.00940587
-0.0129073
-0.0177132
-0.0205968
-0.0203908
-0.0178506
-0.0143491
-0.0110536
-0.00926856
-0.00995512
-0.0131819
-0.017164
-0.0197729
-0.0194296
-0.0155849
-0.00906259
-0.00212834
0.00185371
0.000823872
-0.0040507
-0.00913124
-0.0114655
-0.0105044
-0.00817006
-0.00645366
-0.00624769
-0.00652232
-0.00569845
-0.00288355
0.00164774
0.00611038
0.00796409
0.00556113
-0.000411936
-0.00782678
-0.0140058
-0.0168207
-0.0155849
-0.0112596
-0.00624769
-0.00274624
-0.00164774
-0.00226565
-0.00350145
-0.00528651
-0.00830737
-0.0124954
-0.0163401
-0.0186058
-0.0192237
-0.0190177
-0.0186058
-0.0183311
-0.0188117
-0.0209401
-0.0240982
-0.0261579
-0.0249908
-0.0210087
-0.016958
-0.0157909
-0.0177132
-0.0200475
-0.0197729
-0.0162028
-0.0112596
-0.00768947
-0.00714022
-0.0098178
-0.015173
-0.0219013
-0.0281489
-0.0317191
-0.0316504
-0.0284236
-0.0241669
-0.0216953
-0.0234117
-0.0291788
-0.0356324
-0.0372802
-0.0300027
-0.0142118
0.00295221
0.00714022
-0.0209401
-0.1001
-0.240021
-0.432258
-0.648112
-0.847764
-0.997228
-1.08229
-1.1112
-1.10687
-1.09506
-1.09451
-1.11147
-1.14003
-1.16777
-1.18363
-1.18404
-1.17367
-1.16077
-1.1515
-1.1482
-1.14985
-1.1539
-1.15754
-1.15809
-1.15486
-1.14889
-1.1425
-1.13729
-1.13289
-1.12726
-1.11758
-1.10248
-1.08401
-1.06712
-1.05696
-1.05579
-1.06204
-1.07131
-1.079
-1.08312
-1.08394
-1.08305
-1.08222
-1.08305
-1.08703
-1.09383
-1.10097
-1.10522
-1.10598
-1.10577
-1.10687
-1.10914
-1.11024
-1.10976
-1.10982
-1.11319
-1.12026
-1.12809
-1.13221
-1.13021
-1.12314
-1.11463
-1.10859
-1.10701
-1.10962
-1.11463
-1.11978
-1.12307
-1.12294
-1.11937
-1.11374
-1.10831
-1.10426
-1.10131
-1.09863
-1.0965
-1.0963
-1.09925
-1.10488
-1.11154
-1.11765
-1.1228
-1.12658
-1.12781
-1.12479
-1.11806
-1.1101
-1.10419
-1.102
-1.10371
-1.10824
-1.11477
-1.12232
-1.12987
-1.13578
-1.13777
-1.13433
-1.12465
-1.10838
-1.08531
-1.05517
-1.01837
-0.97567
-0.928023
-0.876393
-0.821469
-0.76469
-0.708049
-0.653536
-0.602044
-0.552887
-0.504553
-0.456219
-0.407885
-0.359551
-0.311218
-0.263914
-0.219905
-0.182144
-0.152622
-0.131339
-0.116578
-0.106279
-0.0991392
-0.0944706
-0.0913811
-0.0884289
-0.0847215
-0.0803275
-0.0760022
-0.0727067
-0.0707843
-0.0694112
-0.0671455
-0.0628889
-0.0570531
-0.0512174
-0.0469607
-0.0448323
-0.0448323
-0.0472353
-0.0515606
-0.05568
-0.0567098
-0.0533457
-0.047304
-0.0413309
-0.0366623
-0.0327489
-0.0293161
-0.0271191
-0.0273937
-0.0300027
-0.0336414
-0.0370056
-0.0392712
-0.0398205
-0.0375548
-0.0318564
-0.0239609
-0.0168207
-0.0131133
-0.0139372
-0.0183311
-0.0234803
-0.0262266
-0.0251281
-0.0210087
-0.0163401
-0.0133193
-0.0133193
-0.0167521
-0.0226565
-0.0286295
-0.0326116
-0.0335728
-0.0319937
-0.0291101
-0.0263639
-0.0245788
-0.0242356
-0.02554
-0.0284922
-0.0325429
-0.036113
-0.0369369
-0.0337787
-0.0275997
-0.0204595
-0.0142804
-0.0103671
-0.00940587
-0.0111223
-0.0144864
-0.0181938
-0.021146
-0.0228624
-0.0228624
-0.0214893
-0.0200475
-0.0203222
-0.0232057
-0.027531
-0.0313071
-0.0328862
-0.0315817
-0.027531
-0.0214207
-0.0142118
-0.00727753
-0.00240296
-0.00123581
-0.00363877
-0.00727753
-0.00865065
-0.00652232
-0.00267758
-0.000823872
-0.00377608
-0.0112596
-0.0208028
-0.0289728
-0.0327489
-0.0312385
-0.025746
-0.019361
-0.015173
-0.0146237
-0.01737
-0.021352
-0.0242356
-0.0248535
-0.0236863
-0.021558
-0.0183311
-0.0136625
-0.00803275
-0.00336414
-0.00212834
-0.00535517
-0.010573
-0.0135252
-0.0114655
-0.00542382
0.000549248
0.00247161
-0.00137312
-0.00878796
-0.0148983
-0.0150357
-0.00844468
0.000480592
0.00556113
0.00336414
-0.00487457
-0.0143491
-0.0201849
-0.0202535
-0.0161342
-0.0112596
-0.00782678
-0.00528651
-0.00199102
0.00185371
0.00391339
0.00178506
-0.00487457
-0.0139372
-0.0216953
-0.0245788
-0.0219013
-0.0168894
-0.0140745
-0.0153103
-0.0188804
-0.0220386
-0.023343
-0.0227251
-0.0197043
-0.0139372
-0.00617904
0.000823872
0.00439398
0.00377608
0.000549248
-0.00302086
-0.00542382
-0.00645366
-0.00727753
-0.00913124
-0.0123581
-0.0155849
-0.0168894
-0.0157222
-0.0131819
-0.0113282
-0.0105044
-0.00892528
-0.00480592
0.00151043
0.00693425
0.008582
0.00562979
0.000137312
-0.00508054
-0.00817006
-0.00878796
-0.00775812
-0.0057671
-0.00322683
-0.000823872
6.8656e-05
-0.00199102
-0.00700291
-0.0132506
-0.0179879
-0.0188117
-0.0155849
-0.0101611
-0.0051492
-0.00267758
-0.00295221
-0.00508054
-0.00817006
-0.0116715
-0.0142804
-0.0140058
-0.0101611
-0.00473726
-0.0017164
-0.00350145
-0.008582
-0.0124954
-0.0117402
-0.0068656
-0.00137312
0.00151043
0.00130446
-0.000549248
-0.00254027
-0.00411936
-0.00542382
-0.0068656
-0.00926856
-0.0127014
-0.0155162
-0.0151043
-0.0098178
-0.00137312
0.00583576
0.00768947
0.00350145
-0.00350145
-0.008582
-0.00954318
-0.00803275
-0.00693425
-0.0074835
-0.00865065
-0.00871931
-0.00734619
-0.00494323
-0.0023343
-0.000205968
0.000480592
-0.000823872
-0.00398205
-0.00762081
-0.00995512
-0.00954318
-0.00624769
-0.0010985
0.00336414
0.00459995
0.00130446
-0.00501189
-0.010573
-0.0122208
-0.00961184
-0.00542382
-0.00254027
-0.00192237
-0.0023343
-0.00219699
-0.000480592
0.00240296
0.00562979
0.00796409
0.00878796
0.00734619
0.00350145
-0.00254027
-0.00906259
-0.0132506
-0.0128387
-0.00755216
0.000205968
0.00700291
0.0100238
0.00892528
0.00521785
0.00116715
-0.00185371
-0.00377608
-0.00549248
-0.00734619
-0.00940587
-0.0111909
-0.0122208
-0.0113282
-0.00789544
-0.00240296
0.00322683
0.00665963
0.00645366
0.00288355
-0.00205968
-0.00562979
-0.00665963
-0.00583576
-0.00453129
-0.00377608
-0.00357011
-0.00391339
-0.00439398
-0.00466861
-0.00453129
-0.00432533
-0.00494323
-0.00645366
-0.00817006
-0.00906259
-0.00865065
-0.00727753
-0.00597307
-0.00542382
-0.00562979
-0.00604173
-0.00590441
-0.00487457
-0.00295221
-0.00116715
-0.000961184
-0.00329549
-0.0068656
-0.00885662
-0.00727753
-0.00295221
0.000961184
0.00178506
-0.000411936
-0.00315817
-0.00370742
-0.00226565
-0.00205968
-0.00569845
-0.0113969
-0.0144864
-0.0119461
-0.00590441
-0.00102984
0.00034328
-0.000205968
0.000411936
0.00336414
0.00775812
0.0115342
0.012976
0.0111909
0.00638501
-0.000137312
-0.00611038
-0.00954318
-0.0100924
-0.00913124
-0.0081014
-0.00741484
-0.00659097
-0.00494323
-0.00315817
-0.0017164
-0.000205968
0.00247161
0.00604173
0.008582
0.0081014
0.00487457
0.0010985
-0.00130446
-0.00240296
-0.00377608
-0.00665963
-0.0107103
-0.0142804
-0.0157909
-0.0144178
-0.00974915
-0.00260893
0.00501189
0.0104357
0.0112596
0.00727753
0.000274624
-0.00652232
-0.0100238
-0.00947452
-0.00659097
-0.00446264
-0.0051492
-0.00768947
-0.00947452
-0.00865065
-0.00611038
-0.00384473
-0.00315817
-0.00425667
-0.00679694
-0.0102297
-0.0133879
-0.014761
-0.0130446
-0.00844468
-0.00302086
0.000549248
0.000617904
-0.00274624
-0.00768947
-0.0120148
-0.0140745
-0.0135939
-0.0113969
-0.00871931
-0.00638501
-0.00432533
-0.00240296
-0.0010985
-0.00144178
-0.00391339
-0.00803275
-0.0119461
-0.0133879
-0.0110536
-0.00535517
0.0017164
0.00775812
0.0109163
0.00995512
0.0051492
-0.00144178
-0.00590441
-0.00556113
-0.0017164
0.00157909
0.000961184
-0.00302086
-0.00741484
-0.00954318
-0.008582
-0.0057671
-0.00308952
-0.00164774
-0.00068656
0.00212834
0.00782678
0.0140745
0.0165461
0.0126327
0.00398205
-0.00439398
-0.00823872
-0.00693425
-0.00377608
-0.00260893
-0.00508054
-0.00940587
-0.0126327
-0.0130446
-0.0113282
-0.00892528
-0.00720888
-0.00611038
-0.00494323
-0.00377608
-0.00363877
-0.00562979
-0.00906259
-0.0120148
-0.0135252
-0.0146924
-0.0164088
-0.01737
-0.0144864
-0.00727753
0.00123581
0.00617904
0.00535517
0.00116715
-0.00164774
-0.000617904
0.00212834
0.00267758
0
-0.00336414
-0.00480592
-0.00384473
-0.0023343
-0.00199102
-0.00322683
-0.00480592
-0.00480592
-0.0023343
0.00137312
0.00350145
0.00212834
-0.00199102
-0.0068656
-0.0104357
-0.0122208
-0.01277
-0.0129073
-0.0133879
-0.0145551
-0.0159968
-0.0167521
-0.0157909
-0.0133879
-0.0113282
-0.0110536
-0.0120148
-0.0120148
-0.00995512
-0.0081014
-0.00926856
-0.0138685
-0.0183311
-0.0188804
-0.0142804
-0.00700291
-0.000823872
0.00185371
0.000755216
-0.00247161
-0.00569845
-0.00796409
-0.00947452
-0.010985
-0.0126327
-0.0142118
-0.014967
-0.0144864
-0.0131133
-0.0120835
-0.0124954
-0.0144864
-0.017164
-0.0190864
-0.0188117
-0.0155849
-0.00988646
-0.00336414
0.00157909
0.00288355
-0.000549248
-0.00720888
-0.0136625
-0.0158595
-0.012976
-0.00782678
-0.00473726
-0.00597307
-0.0098178
-0.0126327
-0.0120835
-0.00892528
-0.00631635
-0.00693425
-0.0113969
-0.0173013
-0.0208714
-0.0194296
-0.0131819
-0.0051492
0.000549248
0.00123581
-0.00254027
-0.00755216
-0.0101611
-0.00940587
-0.00727753
-0.00707156
-0.0109163
-0.0181252
-0.025746
-0.0302773
-0.0297967
-0.0248535
-0.0176446
-0.0102984
-0.00432533
-0.000274624
0.0017164
0.00212834
0.00185371
0.000617904
-0.00295221
-0.00878796
-0.0140745
-0.0146237
-0.00968049
-0.00329549
-0.000549248
-0.00274624
-0.0068656
-0.00913124
-0.00892528
-0.00734619
-0.00480592
-0.000274624
0.00569845
0.0103671
0.0107103
0.00714022
0.0023343
-0.00178506
-0.00624769
-0.01277
-0.0203222
-0.0249908
-0.0225878
-0.0124267
0.00137312
0.0121521
0.0148983
0.0091999
-0.000274624
-0.00755216
-0.00823872
-0.00226565
0.00672828
0.0135939
0.014761
0.0100238
0.00185371
-0.00679694
-0.0138685
-0.0174386
-0.0166147
-0.0124267
-0.008582
-0.00878796
-0.0140745
-0.0214893
-0.0261579
-0.0240296
-0.014967
-0.00288355
0.00665963
0.0100238
0.00700291
0.000549248
-0.0057671
-0.00899393
-0.00817006
-0.00473726
-0.00116715
0.00068656
0.00130446
0.00212834
0.00398205
0.00583576
0.00617904
0.00398205
6.8656e-05
-0.00350145
-0.00473726
-0.00370742
-0.00219699
-0.00219699
-0.00432533
-0.00720888
-0.00865065
-0.00693425
-0.0023343
0.00260893
0.00459995
0.00254027
-0.00157909
-0.00459995
-0.00439398
-0.00123581
0.00308952
0.00645366
0.00734619
0.00549248
0.00219699
-0.00068656
-0.00144178
0.000411936
0.00384473
0.00652232
0.00611038
0.00226565
-0.00302086
-0.00700291
-0.008582
-0.00899393
-0.00954318
-0.0098178
-0.00803275
-0.00350145
0.00144178
0.00260893
-0.00226565
-0.0108476
-0.0177819
-0.0192923
-0.0155162
-0.0101611
-0.00720888
-0.0081014
-0.0113969
-0.0140745
-0.0142804
-0.0124954
-0.00995512
-0.00693425
-0.00308952
0.000892528
0.00315817
0.00205968
-0.00254027
-0.00899393
-0.0144178
-0.0164088
-0.0142804
-0.00961184
-0.00508054
-0.00226565
-0.00116715
-0.00137312
-0.00260893
-0.00432533
-0.00597307
-0.00693425
-0.00665963
-0.0051492
-0.00274624
-0.000480592
0.000411936
-0.000961184
-0.00425667
-0.00851334
-0.0123581
-0.0145551
-0.0144864
-0.0128387
-0.0116715
-0.012976
-0.0162715
-0.0190864
-0.018949
-0.0154476
-0.0104357
-0.00631635
-0.00391339
-0.00281489
-0.00260893
-0.00370742
-0.0068656
-0.0118775
-0.0163401
-0.0175073
-0.0140745
-0.00741484
-0.000480592
0.00453129
0.00755216
0.00933721
0.00954318
0.00714022
0.00212834
-0.00308952
-0.0057671
-0.00501189
-0.00226565
6.8656e-05
0.000205968
-0.00178506
-0.00418801
-0.00494323
-0.00315817
-0.000274624
0.000823872
-0.00164774
-0.00672828
-0.0111223
-0.0118088
-0.00892528
-0.00569845
-0.00542382
-0.00865065
-0.0131133
-0.0164774
-0.0181252
-0.0188117
-0.0188804
-0.01737
-0.0133193
-0.00714022
-0.00102984
0.00247161
0.00219699
-0.000480592
-0.00322683
-0.0051492
-0.00727753
-0.0113282
-0.0175759
-0.0240296
-0.0278743
-0.0269818
-0.0212147
-0.0124954
-0.00432533
0.000274624
0.000274624
-0.00295221
-0.00720888
-0.0102984
-0.010985
-0.0098178
-0.00837603
-0.00775812
-0.00693425
-0.00418801
0.000617904
0.00508054
0.00665963
0.00480592
0.00144178
-0.0010985
-0.00185371
-0.00123581
-0.000274624
0.000205968
6.8656e-05
-0.00068656
-0.00164774
-0.00192237
-0.0010985
0
0
-0.00164774
-0.00391339
-0.00542382
-0.0057671
-0.00542382
-0.00466861
-0.00363877
-0.00281489
-0.00274624
-0.00411936
-0.00755216
-0.0136625
-0.0212147
-0.0269131
-0.0269131
-0.0205968
-0.0117402
-0.00597307
-0.00638501
-0.010985
-0.0152416
-0.0164088
-0.014761
-0.0123581
-0.0104357
-0.00947452
-0.0100924
-0.012976
-0.0175759
-0.0214893
-0.0227251
-0.0205968
-0.0159282
-0.0102984
-0.0051492
-0.00185371
-0.00157909
-0.00425667
-0.00844468
-0.012564
-0.0157222
-0.0183311
-0.0209401
-0.023549
-0.0246475
-0.0231371
-0.0187431
-0.0130446
-0.00796409
-0.00446264
-0.00219699
-0.000549248
0.000137312
-0.00034328
-0.00151043
-0.00212834
-0.00144178
-0.000205968
-6.8656e-05
-0.00247161
-0.00714022
-0.0115342
-0.0120148
-0.00775812
-0.000892528
0.00528651
0.00974915
0.01277
0.0144178
0.0133879
0.008582
0.00130446
-0.0051492
-0.00803275
-0.00782678
-0.00700291
-0.0068656
-0.00624769
-0.00363877
0.000205968
0.00260893
0.00157909
-0.00219699
-0.00569845
-0.00617904
-0.00315817
0.00212834
0.0074835
0.0113282
0.0127014
0.0111223
0.00652232
-0.000137312
-0.00665963
-0.0107103
-0.0111909
-0.00885662
-0.00549248
-0.00302086
-0.00226565
-0.00302086
-0.0040507
-0.00466861
-0.00549248
-0.00775812
-0.0112596
-0.0143491
-0.0148983
-0.0121521
-0.00672828
-0.000137312
0.0057671
0.00954318
0.0107103
0.00926856
0.00556113
-0.000205968
-0.00755216
-0.0145551
-0.0184685
-0.017164
-0.0111909
-0.00453129
-0.00185371
-0.00473726
-0.010573
-0.0152416
-0.0163401
-0.0137998
-0.00913124
-0.00446264
-0.00164774
-0.0010985
-0.00157909
-0.00157909
-0.00130446
-0.00192237
-0.00336414
-0.00384473
-0.00185371
0.00192237
0.00480592
0.0051492
0.00363877
0.00205968
0.000892528
-0.00116715
-0.0051492
-0.00995512
-0.0133193
-0.0137998
-0.0124954
-0.0111223
-0.0104357
-0.0101611
-0.00947452
-0.00768947
-0.00466861
-0.000755216
0.00226565
0.00260893
-0.00034328
-0.00459995
-0.00714022
-0.00638501
-0.00322683
-0.000205968
0.000961184
0.000205968
-0.00151043
-0.00370742
-0.00631635
-0.00947452
-0.0126327
-0.0140058
-0.0117402
-0.00542382
0.00240296
0.00755216
0.00679694
0.00068656
-0.0074835
-0.0140745
-0.0170267
-0.0164088
-0.0135252
-0.0104357
-0.0091999
-0.010779
-0.0138685
-0.0153103
-0.0123581
-0.00556113
0.00137312
0.00487457
0.00411936
0.00151043
0
0.000549248
0.00144178
0.00034328
-0.00370742
-0.00933721
-0.0135939
-0.0140745
-0.0108476
-0.00665963
-0.00473726
-0.00645366
-0.0100238
-0.0124267
-0.0120835
-0.0098178
-0.00830737
-0.00954318
-0.0133879
-0.0175759
-0.0197043
-0.0190177
-0.0164088
-0.0128387
-0.00865065
-0.00453129
-0.00151043
-0.00034328
-0.000617904
-0.00192237
-0.00411936
-0.00672828
-0.00844468
-0.00796409
-0.00569845
-0.0040507
-0.00549248
-0.00968049
-0.0137998
-0.0150357
-0.0127014
-0.00837603
-0.00411936
-0.00157909
-0.00144178
-0.00418801
-0.00913124
-0.0142804
-0.016958
-0.0156536
-0.0117402
-0.00817006
-0.00665963
-0.00659097
-0.00659097
-0.0057671
-0.00439398
-0.0034328
-0.00425667
-0.00741484
-0.0109163
-0.0113282
-0.00631635
0.00281489
0.0120835
0.0179192
0.018949
0.0160655
0.0111909
0.00659097
0.00370742
0.00288355
0.0034328
0.00459995
0.00542382
0.00446264
0.000617904
-0.00604173
-0.0129073
-0.0166147
-0.0155162
-0.0112596
-0.00714022
-0.00549248
-0.00583576
-0.00611038
-0.00535517
-0.00480592
-0.00590441
-0.00885662
-0.0122894
-0.0140745
-0.0126327
-0.00741484
0.00068656
0.00933721
0.0152416
0.0159282
0.010779
0.00178506
-0.00775812
-0.0148297
-0.0179192
-0.01737
-0.014967
-0.0135252
-0.0143491
-0.0168207
-0.0188804
-0.0194296
-0.0186744
-0.016958
-0.0142804
-0.0111223
-0.00865065
-0.00741484
-0.00693425
-0.00631635
-0.00501189
-0.00336414
-0.00164774
-6.8656e-05
0.0010985
0.00123581
0.000205968
-0.00185371
-0.00473726
-0.00796409
-0.0105044
-0.0111223
-0.0098178
-0.00768947
-0.0057671
-0.00439398
-0.00377608
-0.00439398
-0.00659097
-0.00974915
-0.0128387
-0.0146924
-0.014967
-0.0137312
-0.010779
-0.00679694
-0.00370742
-0.0040507
-0.00796409
-0.0121521
-0.0128387
-0.00974915
-0.00638501
-0.00590441
-0.00789544
-0.00906259
-0.00727753
-0.00377608
-0.00212834
-0.00453129
-0.00961184
-0.0133193
-0.0127014
-0.00837603
-0.00377608
-0.00212834
-0.0040507
-0.00762081
-0.0105044
-0.0113282
-0.00954318
-0.00597307
-0.00247161
-0.000755216
-0.000823872
-0.00130446
-0.000617904
0.00102984
0.0017164
0.000137312
-0.00281489
-0.00432533
-0.00295221
0.000892528
0.0057671
0.0102984
0.0127014
0.010985
0.00480592
-0.00295221
-0.00755216
-0.00617904
-0.000137312
0.0068656
0.0110536
0.0108476
0.00727753
0.00329549
0.00102984
-6.8656e-05
-0.00288355
-0.00892528
-0.016958
-0.023755
-0.0265012
-0.0242356
-0.0175759
-0.00865065
0.000480592
0.00789544
0.0126327
0.0133193
0.0091999
0.00102984
-0.00803275
-0.014761
-0.0177132
-0.0175759
-0.0157909
-0.0132506
-0.0100924
-0.00590441
-0.000892528
0.00329549
0.00425667
0.00130446
-0.00363877
-0.00693425
-0.00624769
-0.00178506
0.0040507
0.00823872
0.00892528
0.00569845
-0.000137312
-0.00707156
-0.0135252
-0.0181938
-0.0199789
-0.0186744
-0.0146924
-0.00926856
-0.00370742
0.000411936
0.00247161
0.00274624
0.00199102
0.000755216
-0.00102984
-0.00329549
-0.0057671
-0.00865065
-0.0119461
-0.0144178
-0.0137998
-0.00933721
-0.00357011
-0.000480592
-0.00157909
-0.00453129
-0.00583576
-0.00398205
-0.000549248
0.00185371
0.00144178
-0.00178506
-0.00631635
-0.00940587
-0.0091999
-0.00604173
-0.00295221
-0.00288355
-0.00597307
-0.00968049
-0.010985
-0.00961184
-0.00796409
-0.0081014
-0.00947452
-0.00940587
-0.00679694
-0.00295221
-0.00034328
-0.000205968
-0.0023343
-0.00521785
-0.00734619
-0.00734619
-0.00466861
-0.000823872
0.000892528
-0.00130446
-0.00597307
-0.0091999
-0.00823872
-0.00391339
0.000549248
0.00192237
-0.000892528
-0.00679694
-0.012564
-0.014761
-0.0118775
-0.00590441
-0.00068656
0.000755216
-0.00157909
-0.0051492
-0.00679694
-0.00542382
-0.00205968
0.00116715
0.00254027
0.00151043
-0.00185371
-0.00645366
-0.0103671
-0.0118775
-0.010779
-0.00865065
-0.00714022
-0.00631635
-0.00466861
-0.000892528
0.0040507
0.00755216
0.00700291
0.00157909
-0.00741484
-0.0170953
-0.023755
-0.0247161
-0.0205281
-0.014967
-0.0116715
-0.0111223
-0.0107103
-0.00782678
-0.00226565
0.00384473
0.00817006
0.00940587
0.00823872
0.00631635
0.00487457
0.0034328
0.000961184
-0.00295221
-0.00679694
-0.00906259
-0.00926856
-0.00913124
-0.0109163
-0.0151043
-0.019361
-0.0202535
-0.0159282
-0.00817006
-0.00137312
0.000823872
-0.00164774
-0.00494323
-0.00501189
-0.000892528
0.00466861
0.00762081
0.00549248
-0.000617904
-0.00693425
-0.00947452
-0.00700291
-0.00226565
0.000137312
-0.00240296
-0.008582
-0.0146237
-0.0175073
-0.0158595
-0.00961184
-6.8656e-05
0.00961184
0.0158595
0.0162715
0.0113969
0.00411936
-0.00212834
-0.0051492
-0.00418801
6.8656e-05
0.00521785
0.00796409
0.00569845
-0.00116715
-0.00871931
-0.0123581
-0.0101611
-0.00432533
0.00068656
0.00102984
-0.00322683
-0.00906259
-0.0131819
-0.0140745
-0.0123581
-0.00851334
-0.00295221
0.00274624
0.00611038
0.00569845
0.00315817
0.00212834
0.00453129
0.00947452
0.0138685
0.0153103
0.0126327
0.00638501
-0.00123581
-0.00652232
-0.00590441
0.000549248
0.0081014
0.0108476
0.00590441
-0.00466861
-0.0157222
-0.0227938
-0.0243042
-0.0212834
-0.0157909
-0.00954318
-0.00384473
0.00034328
0.00274624
0.00411936
0.00583576
0.00782678
0.00768947
0.00247161
-0.00789544
-0.0192237
-0.0250594
-0.0221759
-0.0123581
-0.000823872
0.00823872
0.0130446
0.0137998
0.0111909
0.00659097
0.00151043
-0.00315817
-0.00714022
-0.0100924
-0.0109163
-0.00885662
-0.00453129
0.000411936
0.0040507
0.00508054
0.00288355
-0.00137312
-0.00466861
-0.00459995
-0.00199102
-0.000137312
-0.00116715
-0.00439398
-0.00741484
-0.00899393
-0.0098178
-0.0113282
-0.0141431
-0.0170267
-0.0182625
-0.0170953
-0.0144178
-0.0122894
-0.0118088
-0.0128387
-0.0138685
-0.0135939
-0.0113282
-0.00775812
-0.00453129
-0.00288355
-0.00240296
-0.00137312
0.00116715
0.00459995
0.00659097
0.0051492
6.8656e-05
-0.00665963
-0.0117402
-0.0130446
-0.0108476
-0.00727753
-0.00480592
-0.00453129
-0.00624769
-0.00844468
-0.00954318
-0.00837603
-0.00535517
-0.00254027
-0.00185371
-0.00363877
-0.00659097
-0.00968049
-0.01277
-0.0157222
-0.0180565
-0.0190177
-0.0186744
-0.0178506
-0.0179192
-0.0198416
-0.0234117
-0.0273251
-0.0294534
-0.0276684
-0.0214207
-0.0126327
-0.00480592
-6.8656e-05
0.00137312
0.000411936
-0.00212834
-0.00562979
-0.00865065
-0.00995512
-0.00974915
-0.00961184
-0.0109163
-0.0135939
-0.0164774
-0.0182625
-0.0177819
-0.014761
-0.0101611
-0.00542382
-0.00130446
0.00240296
0.00549248
0.00707156
0.00556113
0.000617904
-0.00617904
-0.0116029
-0.0129073
-0.00995512
-0.00494323
-0.000205968
0.00322683
0.00521785
0.00521785
0.00267758
-0.00192237
-0.00679694
-0.0100238
-0.0109163
-0.0109163
-0.0120835
-0.014967
-0.0180565
-0.0188117
-0.0166147
-0.0131133
-0.010779
-0.010985
-0.0138685
-0.0184685
-0.0230684
-0.0254027
-0.0239609
-0.0199102
-0.0159282
-0.0144178
-0.015173
-0.0159282
-0.0138685
-0.00796409
-0.00068656
0.00336414
0.00116715
-0.00652232
-0.0151043
-0.0199102
-0.019361
-0.0155162
-0.0110536
-0.0074835
-0.00446264
-0.00212834
-0.00137312
-0.00260893
-0.00411936
-0.00322683
0.000480592
0.00453129
0.00549248
0.00205968
-0.00411936
-0.00995512
-0.0127014
-0.0113969
-0.00768947
-0.00466861
-0.00480592
-0.00789544
-0.0116715
-0.0136625
-0.01277
-0.0100924
-0.00851334
-0.0105044
-0.0157222
-0.0207341
-0.0212834
-0.0157909
-0.00611038
0.00377608
0.00995512
0.010573
0.00590441
-0.0017164
-0.00961184
-0.0162028
-0.021146
-0.0236863
-0.0228624
-0.0182625
-0.0113282
-0.00466861
-0.000892528
-0.00144178
-0.0057671
-0.0113282
-0.0148983
-0.0144864
-0.010779
-0.00631635
-0.00425667
-0.00624769
-0.0111223
-0.0159282
-0.0177819
-0.0157909
-0.0116715
-0.00830737
-0.00734619
-0.00865065
-0.0105044
-0.0116715
-0.0124954
-0.0136625
-0.0146237
-0.0135252
-0.00933721
-0.0034328
0.00116715
0.00192237
-0.00123581
-0.00597307
-0.00974915
-0.0116029
-0.0122208
-0.0119461
-0.010573
-0.00851334
-0.00762081
-0.00947452
-0.0134566
-0.0166834
-0.0162028
-0.0109163
-0.00185371
0.00871931
0.0175759
0.021558
0.019567
0.0130446
0.00487457
-0.00302086
-0.00947452
-0.0135252
-0.0141431
-0.0111223
-0.0057671
-0.00068656
0.00157909
0.000411936
-0.00322683
-0.00741484
-0.0107103
-0.0130446
-0.0145551
-0.014761
-0.0127014
-0.00768947
-0.00034328
0.00755216
0.012976
0.0130446
0.00652232
-0.00446264
-0.0150357
-0.0208714
-0.0203908
-0.0155849
-0.00954318
-0.0051492
-0.00329549
-0.00322683
-0.00384473
-0.00439398
-0.0040507
-0.00219699
0.000823872
0.0034328
0.00391339
0.0017164
-0.00288355
-0.00899393
-0.0154476
-0.0199789
-0.0210087
-0.0190177
-0.0166147
-0.0159282
-0.0165461
-0.0170267
-0.0170267
-0.0175073
-0.0185371
