LECROYHDO9204-MSöv,30454,Waveform
Segments,1,SegmentSize,2002
Ampl
-0.010573
-0.0124267
-0.0148983
-0.0162715
-0.0156536
-0.0133879
-0.0102984
-0.00672828
-0.00274624
0.000961184
0.00302086
0.00157909
-0.00453129
-0.0142118
-0.0238236
-0.0284922
-0.0253341
-0.0157909
-0.00487457
0.00178506
0.00130446
-0.00473726
-0.0113969
-0.0143491
-0.0126327
-0.00871931
-0.00631635
-0.0074835
-0.0116029
-0.0161342
-0.0181938
-0.0168207
-0.0133879
-0.0105044
-0.0091999
-0.00906259
-0.00940587
-0.0101611
-0.0123581
-0.0168207
-0.023549
-0.0307579
-0.0354951
-0.0354951
-0.0309638
-0.023549
-0.0150357
-0.0074835
-0.00308952
-0.00329549
-0.00734619
-0.0119461
-0.0144864
-0.0140058
-0.0108476
-0.00597307
-0.000823872
0.00226565
0.00164774
-0.00226565
-0.00775812
-0.012976
-0.0166147
-0.0179192
-0.0164088
-0.0119461
-0.00508054
0.00254027
0.00823872
0.00995512
0.00714022
0.00157909
-0.00439398
-0.00844468
-0.0100238
-0.0102297
-0.0114655
-0.0145551
-0.0182625
-0.0202535
-0.0194296
-0.0165461
-0.0131133
-0.0101611
-0.00851334
-0.00837603
-0.00892528
-0.00796409
-0.0040507
0.00199102
0.00707156
0.00789544
0.00308952
-0.00597307
-0.0155162
-0.0220386
-0.0240296
-0.0219699
-0.0172326
-0.0113282
-0.00624769
-0.00384473
-0.00535517
-0.0109163
-0.0187431
-0.0258146
-0.0291788
-0.0280116
-0.0243729
-0.0219013
-0.0230684
-0.0272564
-0.0302086
-0.0271878
-0.0164088
-0.00219699
0.0040507
-0.0139372
-0.0737365
-0.187774
-0.356119
-0.560027
-0.764347
-0.93125
-1.03773
-1.08545
-1.09499
-1.09129
-1.09156
-1.10207
-1.12143
-1.14422
-1.16365
-1.17443
-1.1745
-1.16598
-1.15431
-1.14518
-1.1425
-1.14655
-1.15418
-1.16084
-1.16324
-1.16056
-1.15335
-1.14244
-1.12884
-1.11374
-1.0987
-1.0847
-1.07227
-1.06183
-1.05387
-1.04934
-1.04879
-1.05208
-1.0584
-1.06685
-1.07639
-1.08586
-1.09362
-1.09829
-1.09953
-1.09795
-1.09541
-1.09444
-1.09712
-1.10406
-1.11319
-1.12067
-1.12307
-1.12005
-1.11532
-1.1136
-1.11703
-1.12397
-1.1307
-1.13447
-1.13358
-1.12774
-1.11806
-1.1077
-1.1009
-1.10021
-1.10557
-1.11408
-1.12225
-1.12699
-1.12726
-1.12397
-1.1193
-1.1147
-1.11099
-1.10859
-1.10742
-1.10632
-1.10474
-1.1033
-1.10358
-1.10584
-1.10893
-1.11106
-1.11154
-1.11106
-1.11072
-1.11085
-1.11044
-1.10824
-1.10467
-1.10268
-1.10632
-1.11751
-1.13413
-1.15019
-1.15932
-1.15747
-1.14374
-1.11944
-1.08676
-1.04865
-1.00753
-0.963037
-0.912712
-0.854149
-0.789269
-0.724458
-0.666718
-0.618796
-0.577671
-0.537714
-0.493774
-0.443861
-0.388936
-0.332158
-0.277713
-0.229997
-0.192168
-0.1645
-0.144384
-0.127837
-0.112664
-0.0994138
-0.0895274
-0.083211
-0.079229
-0.0765514
-0.0751096
-0.0751096
-0.0754529
-0.0735992
-0.0672828
-0.0567098
-0.0449697
-0.0368683
-0.0348086
-0.0372802
-0.0398891
-0.0396831
-0.0372115
-0.0357698
-0.0378294
-0.042704
-0.0470293
-0.0485398
-0.0480592
-0.0475786
-0.0476472
-0.0469607
-0.0444891
-0.0400264
-0.0346026
-0.0295221
-0.0266385
-0.0266385
-0.0281489
-0.0284236
-0.0260893
-0.0223818
-0.019361
-0.0180565
-0.0179879
-0.0187431
-0.021146
-0.0263639
-0.0339847
-0.0403697
-0.0411936
-0.0354951
-0.0268445
-0.0206654
-0.0197043
-0.0221072
-0.0239609
-0.0227251
-0.0186744
-0.0142118
-0.0121521
-0.0140058
-0.0194296
-0.0256773
-0.0290415
-0.0272564
-0.0219013
-0.01737
-0.0173013
-0.0212147
-0.0258146
-0.0282863
-0.0283549
-0.0276684
-0.0272564
-0.0262266
-0.0228624
-0.0161342
-0.0074835
-0.000617904
0.000617904
-0.00494323
-0.0144864
-0.0225878
-0.0256087
-0.023549
-0.019361
-0.0166834
-0.0177132
-0.0219013
-0.0262952
-0.0272564
-0.0236177
-0.0175073
-0.0130446
-0.012564
-0.0151043
-0.016958
-0.0153789
-0.0110536
-0.00830737
-0.0109163
-0.0182625
-0.025952
-0.029728
-0.0278057
-0.0214207
-0.0133193
-0.00679694
-0.00432533
-0.00638501
-0.0114655
-0.0167521
-0.0199102
-0.0201849
-0.0186058
-0.0170953
-0.0164774
-0.0155849
-0.01277
-0.00817006
-0.00377608
-0.00157909
-0.00164774
-0.00281489
-0.00425667
-0.0057671
-0.00727753
-0.0081014
-0.00782678
-0.00679694
-0.00631635
-0.00762081
-0.0107103
-0.0139372
-0.0152416
-0.0135939
-0.00988646
-0.00638501
-0.00549248
-0.008582
-0.0141431
-0.0178506
-0.0154476
-0.00672828
0.00336414
0.00878796
0.00727753
0.00185371
-0.00322683
-0.00556113
-0.00528651
-0.00370742
-0.00254027
-0.00315817
-0.00611038
-0.0102984
-0.0135252
-0.0142804
-0.0137312
-0.0146924
-0.0182625
-0.0221072
-0.0225878
-0.0187431
-0.012564
-0.0068656
-0.00322683
-0.00226565
-0.00384473
-0.00645366
-0.00762081
-0.00583576
-0.00178506
0.00192237
0.00254027
-0.00116715
-0.00741484
-0.0128387
-0.0148983
-0.0140745
-0.012564
-0.0117402
-0.0114655
-0.010573
-0.0081014
-0.0040507
0.00068656
0.00363877
0.00178506
-0.00549248
-0.0148297
-0.0210774
-0.0207341
-0.0148983
-0.0081014
-0.00521785
-0.00775812
-0.0128387
-0.0151043
-0.0116029
-0.00370742
0.00391339
0.00734619
0.00604173
0.00240296
-0.000755216
-0.00212834
-0.00178506
-0.000274624
0.00219699
0.00521785
0.00707156
0.00569845
0.00068656
-0.0057671
-0.010779
-0.012976
-0.012564
-0.0104357
-0.00762081
-0.00459995
-0.00130446
0.00219699
0.00459995
0.00446264
0.00137312
-0.00322683
-0.00727753
-0.00947452
-0.00988646
-0.00865065
-0.00631635
-0.00377608
-0.00178506
-0.000755216
-0.00034328
-6.8656e-05
0.000480592
0.00102984
0.00144178
0.00130446
-6.8656e-05
-0.00363877
-0.0091999
-0.0144178
-0.0160655
-0.0130446
-0.00762081
-0.00308952
-0.00116715
-0.00164774
-0.00302086
-0.00370742
-0.00267758
-0.000411936
0.00137312
0.00123581
-6.8656e-05
-0.000755216
-0.000205968
0.000411936
0.000205968
0.00068656
0.00391339
0.00974915
0.0153103
0.0168207
0.0120835
0.00212834
-0.00899393
-0.0160655
-0.0165461
-0.0118088
-0.00549248
-0.0010985
-0.0010985
-0.00562979
-0.0118775
-0.0161342
-0.0164774
-0.0142804
-0.0120835
-0.0105044
-0.00830737
-0.00466861
-0.000480592
0.00205968
0.00130446
-0.00254027
-0.00789544
-0.012976
-0.0160655
-0.0158595
-0.0119461
-0.00528651
0.00178506
0.00617904
0.00597307
0.00144178
-0.00480592
-0.0091999
-0.0098178
-0.00741484
-0.00453129
-0.00288355
-0.00260893
-0.00226565
-0.00116715
-0.000137312
-0.000892528
-0.0051492
-0.0121521
-0.0186058
-0.0203908
-0.0162715
-0.00885662
-0.00295221
-0.00205968
-0.00549248
-0.0101611
-0.0133879
-0.0146237
-0.0155162
-0.0175073
-0.0201162
-0.021558
-0.0216266
-0.0217639
-0.0221072
-0.0200475
-0.0123581
0.000411936
0.0129073
0.0188117
0.0156536
0.00659097
-0.00219699
-0.0057671
-0.00329549
0.00137312
0.00329549
-0.000137312
-0.00700291
-0.01277
-0.0140058
-0.0107103
-0.0057671
-0.00302086
-0.00411936
-0.00796409
-0.0118088
-0.0137998
-0.0136625
-0.0128387
-0.0131819
-0.015173
-0.0174386
-0.0177132
-0.0146924
-0.00892528
-0.00274624
0.00130446
0.00164774
-0.00137312
-0.00583576
-0.00995512
-0.0132506
-0.0163401
-0.0188804
-0.0190864
-0.0155162
-0.00906259
-0.00302086
-0.000892528
-0.00432533
-0.0122208
-0.021352
-0.0273251
-0.0271878
-0.0208028
-0.0113282
-0.00295221
0.000961184
-0.000411936
-0.00556113
-0.0108476
-0.0123581
-0.00844468
-0.00130446
0.00466861
0.00631635
0.00370742
-0.000480592
-0.00377608
-0.00549248
-0.00700291
-0.00968049
-0.0131133
-0.0161342
-0.0173013
-0.0161342
-0.012564
-0.00700291
-0.000617904
0.00501189
0.00878796
0.0103671
0.00961184
0.00700291
0.00336414
0.000137312
-0.00157909
-0.0017164
-0.00151043
-0.00226565
-0.00411936
-0.00590441
-0.00672828
-0.00707156
-0.00775812
-0.00878796
-0.00878796
-0.00720888
-0.0051492
-0.00425667
-0.00508054
-0.00638501
-0.00631635
-0.00432533
-0.00199102
-0.0017164
-0.00439398
-0.00830737
-0.0106417
-0.0102984
-0.00796409
-0.00494323
-0.00247161
-0.00116715
-0.00137312
-0.00274624
-0.00411936
-0.00446264
-0.00391339
-0.0034328
-0.00329549
-0.00260893
-0.00068656
0.0023343
0.00535517
0.00679694
0.00542382
0.00157909
-0.00267758
-0.00508054
-0.00501189
-0.00391339
-0.00329549
-0.00377608
-0.00542382
-0.00755216
-0.008582
-0.00714022
-0.00370742
-0.00102984
-0.00199102
-0.00734619
-0.0146237
-0.019361
-0.0184685
-0.0126327
-0.00631635
-0.00350145
-0.00501189
-0.008582
-0.0113969
-0.0117402
-0.0091999
-0.00459995
-0.000480592
0.000411936
-0.00295221
-0.00844468
-0.0124267
-0.0118775
-0.00700291
-0.00116715
0.00192237
0.000823872
-0.00240296
-0.00453129
-0.00384473
-0.00123581
0.00123581
0.00144178
-0.00151043
-0.00707156
-0.0132506
-0.0175073
-0.0176446
-0.0134566
-0.00762081
-0.00418801
-0.00542382
-0.0091999
-0.0111223
-0.00913124
-0.00556113
-0.00391339
-0.00473726
-0.00556113
-0.00363877
0.00123581
0.00693425
0.0108476
0.0109163
0.00631635
-0.00164774
-0.00988646
-0.0153789
-0.0168894
-0.0152416
-0.0122208
-0.00906259
-0.00624769
-0.00418801
-0.00336414
-0.00384473
-0.00459995
-0.00425667
-0.00274624
-0.00151043
-0.00199102
-0.00473726
-0.00906259
-0.0144178
-0.0201849
-0.0245788
-0.0250594
-0.0204595
-0.0124954
-0.0051492
-0.00205968
-0.00425667
-0.00954318
-0.0144178
-0.0165461
-0.0159968
-0.0141431
-0.0117402
-0.00899393
-0.00645366
-0.00508054
-0.00611038
-0.00947452
-0.0138685
-0.0170267
-0.0174386
-0.0153789
-0.0124954
-0.00995512
-0.00768947
-0.00542382
-0.00336414
-0.00144178
0.0010985
0.0040507
0.00542382
0.00260893
-0.00411936
-0.0110536
-0.0135252
-0.00995512
-0.00295221
0.00281489
0.00384473
6.8656e-05
-0.0051492
-0.00796409
-0.00665963
-0.00205968
0.00350145
0.00755216
0.00851334
0.0057671
-0.000137312
-0.00782678
-0.015173
-0.0201849
-0.0219699
-0.0209401
-0.0179879
-0.0140058
-0.0100924
-0.0074835
-0.00707156
-0.00844468
-0.0098178
-0.00961184
-0.00727753
-0.00425667
-0.0023343
-0.0023343
-0.00288355
-0.00212834
0.000617904
0.00363877
0.00432533
0.00164774
-0.00315817
-0.0074835
-0.00940587
-0.00844468
-0.00528651
-0.00157909
0.0010985
0.00199102
0.00137312
-0.000205968
-0.0023343
-0.00480592
-0.00727753
-0.00933721
-0.0111909
-0.0133879
-0.0157909
-0.0166834
-0.0143491
-0.00892528
-0.00274624
0.00144178
0.00192237
-0.00130446
-0.00652232
-0.0110536
-0.012564
-0.0101611
-0.00521785
-0.00123581
-0.00151043
-0.00652232
-0.0133193
-0.0177132
-0.0177819
-0.0146237
-0.0111909
-0.00961184
-0.010573
-0.0131133
-0.0155849
-0.0165461
-0.0161342
-0.0153789
-0.0146924
-0.0133879
-0.0106417
-0.00638501
-0.00192237
0.000892528
0.00123581
-0.000274624
-0.00185371
-0.00205968
-0.00102984
0.00034328
0.000961184
0
-0.00274624
-0.00679694
-0.0105044
-0.0121521
-0.0116715
-0.0102984
-0.00899393
-0.0074835
-0.00521785
-0.00281489
-0.00178506
-0.00240296
-0.00357011
-0.0034328
-0.0017164
0.000137312
-6.8656e-05
-0.00357011
-0.00988646
-0.0170267
-0.0224505
-0.0240982
-0.0212147
-0.014967
-0.00796409
-0.00336414
-0.00254027
-0.00446264
-0.00727753
-0.00968049
-0.0111223
-0.0116029
-0.0113969
-0.010779
-0.0106417
-0.012564
-0.0175073
-0.0245102
-0.0300713
-0.0304146
-0.0239609
-0.0123581
0
0.00796409
0.00837603
0.0017164
-0.00789544
-0.0150357
-0.017164
-0.0156536
-0.0146237
-0.0166834
-0.0214893
-0.0260206
-0.0274624
-0.0242356
-0.0168207
-0.00741484
0.000480592
0.00425667
0.00295221
-0.0017164
-0.00665963
-0.00906259
-0.00796409
-0.00459995
-0.00157909
-0.0010985
-0.00302086
-0.00508054
-0.00446264
-0.000480592
0.00459995
0.00693425
0.00357011
-0.00508054
-0.0153103
-0.0214893
-0.0192923
-0.00926856
0.00308952
0.010985
0.010985
0.00501189
-0.00226565
-0.00714022
-0.00926856
-0.010779
-0.0137998
-0.0181252
-0.0216953
-0.0226565
-0.0203908
-0.0155162
-0.00933721
-0.00370742
-0.00068656
-0.0010985
-0.00432533
-0.00844468
-0.0116715
-0.0123581
-0.0102984
-0.00679694
-0.00425667
-0.00398205
-0.00487457
-0.00480592
-0.00260893
0.00068656
0.00240296
0.000755216
-0.00281489
-0.00494323
-0.00350145
0.000411936
0.00391339
0.00535517
0.00535517
0.00521785
0.00494323
0.00322683
-0.00123581
-0.0081014
-0.0152416
-0.0192923
-0.0179192
-0.0109163
-0.0017164
0.00508054
0.00624769
0.00192237
-0.00521785
-0.0113282
-0.0135939
-0.0115342
-0.00700291
-0.00260893
6.8656e-05
0.000892528
0.000480592
-0.000137312
-0.000549248
-0.00034328
0.000205968
0.000892528
0.00102984
-0.000205968
-0.00391339
-0.00954318
-0.0150357
-0.0172326
-0.0150357
-0.0100238
-0.00521785
-0.00281489
-0.00274624
-0.0034328
-0.00350145
-0.00384473
-0.0068656
-0.0133879
-0.0204595
-0.0228624
-0.0180565
-0.008582
0.000411936
0.00473726
0.00370742
-0.00130446
-0.0081014
-0.0144864
-0.0183311
-0.0184685
-0.0150357
-0.00974915
-0.00480592
-0.00185371
-0.00144178
-0.00308952
-0.00521785
-0.00665963
-0.00679694
-0.00624769
-0.00604173
-0.00720888
-0.0091999
-0.0108476
-0.0114655
-0.010779
-0.00892528
-0.00645366
-0.00473726
-0.00535517
-0.0091999
-0.0144178
-0.0175073
-0.0153103
-0.00803275
0.00034328
0.00480592
0.00254027
-0.00508054
-0.0143491
-0.021146
-0.0227251
-0.0184685
-0.00988646
-0.000411936
0.00638501
0.0081014
0.00439398
-0.00295221
-0.0110536
-0.0166147
-0.0174386
-0.0131819
-0.00590441
0.00123581
0.00562979
0.00590441
0.0023343
-0.00308952
-0.00755216
-0.00899393
-0.00727753
-0.00398205
-0.000823872
0.00137312
0.00226565
0.0017164
0.000274624
-0.00123581
-0.00281489
-0.00542382
-0.0100238
-0.0166834
-0.0238236
-0.0287669
-0.0292474
-0.0244415
-0.0155162
-0.00569845
0.00116715
0.00322683
0.00178506
0.000205968
0.000480592
0.00137312
-0.000137312
-0.00597307
-0.0151043
-0.0242356
-0.0296594
-0.0289042
-0.0219699
-0.0112596
-0.00068656
0.00617904
0.00755216
0.00425667
-0.000892528
-0.00453129
-0.00487457
-0.00219699
0.0017164
0.00425667
0.00308952
-0.00267758
-0.0108476
-0.0172326
-0.0186058
-0.0150357
-0.00926856
-0.00418801
-0.00178506
-0.00240296
-0.00466861
-0.00624769
-0.00528651
-0.00254027
-0.000480592
-0.000755216
-0.00267758
-0.00391339
-0.00295221
-6.8656e-05
0.00308952
0.00439398
0.00302086
-0.000823872
-0.00583576
-0.0102297
-0.0116715
-0.00844468
-0.00144178
0.00556113
0.00947452
0.00988646
0.00851334
0.00693425
0.00528651
0.00357011
0.0010985
-0.00322683
-0.0098178
-0.0168894
-0.0208028
-0.019361
-0.0140058
-0.00906259
-0.00775812
-0.0100924
-0.0129073
-0.0128387
-0.00885662
-0.00281489
0.00226565
0.00418801
0.00267758
-0.00144178
-0.00645366
-0.0101611
-0.010779
-0.00871931
-0.00638501
-0.00645366
-0.00933721
-0.0122208
-0.0123581
-0.00947452
-0.00638501
-0.00535517
-0.0057671
-0.00494323
-0.00144178
0.00302086
0.00501189
0.00254027
-0.0034328
-0.0100238
-0.0140745
-0.0138685
-0.0101611
-0.00638501
-0.00569845
-0.008582
-0.0128387
-0.0158595
-0.0163401
-0.0145551
-0.0105044
-0.00446264
0.00247161
0.00817006
0.0105044
0.00837603
0.00267758
-0.00398205
-0.00851334
-0.00940587
-0.0068656
-0.00212834
0.00247161
0.00446264
0.00192237
-0.00466861
-0.0127014
-0.0183311
-0.018949
-0.0152416
-0.0103671
-0.00741484
-0.00604173
-0.00363877
0.00212834
0.0098178
0.015173
0.0150357
0.00961184
0.00260893
-0.00157909
-0.000755216
0.00357011
0.00741484
0.00762081
0.00377608
-0.00185371
-0.00727753
-0.0116029
-0.0146924
-0.0158595
-0.0144864
-0.0107103
-0.00590441
-0.00219699
-0.0010985
-0.00281489
-0.00583576
-0.00803275
-0.00837603
-0.00762081
-0.00741484
-0.008582
-0.0107103
-0.0127014
-0.0135939
-0.0130446
-0.0111909
-0.00817006
-0.00384473
0.00102984
0.00384473
0.00157909
-0.00611038
-0.0153103
-0.0204595
-0.0186058
-0.0115342
-0.0040507
-6.8656e-05
-0.000137312
-0.00192237
-0.00226565
-0.000205968
0.00205968
0.00123581
-0.00411936
-0.0114655
-0.0159968
-0.0141431
-0.00714022
6.8656e-05
0.00247161
-0.000755216
-0.0068656
-0.0120835
-0.0140058
-0.0118088
-0.00590441
0.00254027
0.0116029
0.0192923
0.0238923
0.0238923
0.0187431
0.00954318
-0.000892528
-0.0091999
-0.0127014
-0.0109163
-0.0057671
-0.000961184
0.000823872
-0.000480592
-0.00240296
-0.00302086
-0.00267758
-0.00315817
-0.00535517
-0.00926856
-0.0135939
-0.0170953
-0.0186744
-0.0183311
-0.0170953
-0.0162028
-0.0162028
-0.0168207
-0.0175073
-0.0179879
-0.0186744
-0.0199102
-0.0208714
-0.0203908
-0.0177819
-0.0138685
-0.00988646
-0.00638501
-0.00322683
-0.000411936
0.00212834
0.00439398
0.00617904
0.00727753
0.00762081
0.00714022
0.00562979
0.00274624
-0.00137312
-0.00556113
-0.00844468
-0.00933721
-0.00906259
-0.00844468
-0.00768947
-0.00638501
-0.00459995
-0.00329549
-0.00363877
-0.00583576
-0.00913124
-0.0124267
-0.0144178
-0.0135939
-0.0091999
-0.00260893
0.00274624
0.0034328
-0.00185371
-0.010573
-0.0186058
-0.0228624
-0.0223818
-0.0178506
-0.0110536
-0.00363877
0.00288355
0.00762081
0.00954318
0.00679694
-0.00164774
-0.0137998
-0.0249221
-0.0302773
-0.0280116
-0.0201162
-0.0107103
-0.00363877
-0.000617904
-0.000961184
-0.00329549
-0.00714022
-0.0121521
-0.016958
-0.019567
-0.018949
-0.0164774
-0.0153789
-0.0175073
-0.021558
-0.0234117
-0.0201849
-0.0124954
-0.00425667
0.00116715
0.00350145
0.00384473
0.00267758
-0.000617904
-0.00590441
-0.0113969
-0.0153789
-0.0177132
-0.0190177
-0.0197043
-0.019155
-0.016958
-0.0139372
-0.0118088
-0.0116715
-0.012976
-0.0143491
-0.0157222
-0.0183311
-0.0223818
-0.0254027
-0.0244415
-0.018949
-0.0113969
-0.00466861
-0.00102984
-0.00102984
-0.00411936
-0.00803275
-0.0105044
-0.0102297
-0.00714022
-0.00219699
0.00302086
0.00679694
0.00727753
0.00384473
-0.00226565
-0.0081014
-0.0108476
-0.00968049
-0.00631635
-0.00370742
-0.00357011
-0.00501189
-0.00638501
-0.00720888
-0.00775812
-0.00782678
-0.00679694
-0.00425667
-0.00123581
0.000617904
-0.000892528
-0.00604173
-0.0121521
-0.0146924
-0.0108476
-0.0023343
0.00590441
0.0101611
0.0100924
0.00796409
0.00562979
0.00281489
-0.00212834
-0.00968049
-0.0181252
-0.0243729
-0.0261579
-0.0238923
-0.0199102
-0.0165461
-0.0146237
-0.0137312
-0.0127014
-0.0104357
-0.00700291
-0.00363877
-0.00164774
-0.00137312
-0.00219699
-0.0034328
-0.00439398
-0.00466861
-0.00370742
-0.00151043
0.00130446
0.00350145
0.00315817
-0.000480592
-0.00645366
-0.0122894
-0.0159282
-0.0165461
-0.0143491
-0.0104357
-0.00693425
-0.00645366
-0.00913124
-0.0120835
-0.0110536
-0.00480592
0.00336414
0.00837603
0.00768947
0.00219699
-0.00473726
-0.00988646
-0.0118775
-0.0109163
-0.00782678
-0.00377608
-0.00034328
0.000823872
-0.000892528
-0.00446264
-0.00796409
-0.00988646
-0.00926856
-0.00604173
-0.000892528
0.00425667
0.00714022
0.0068656
0.00466861
0.00295221
0.00302086
0.00398205
0.00377608
0.00116715
-0.00302086
-0.00617904
-0.00562979
-0.000617904
0.00707156
0.0141431
0.0170953
0.0133193
0.00329549
-0.00878796
-0.0170267
-0.0181252
-0.0131133
-0.00611038
-0.0010985
6.8656e-05
-0.00157909
-0.00370742
-0.00501189
-0.00604173
-0.00817006
-0.0114655
-0.0143491
-0.0151043
-0.0124267
-0.00652232
0.000961184
0.00700291
0.00913124
0.00693425
0.00199102
-0.00308952
-0.00652232
-0.00775812
-0.00734619
-0.00652232
-0.00590441
-0.00508054
-0.00308952
0
0.00295221
0.00480592
0.00542382
0.00473726
0.00205968
-0.00302086
-0.00954318
-0.0150357
-0.017164
-0.015173
-0.0107103
-0.00638501
-0.00459995
-0.00624769
-0.0100924
-0.0137998
-0.0146237
-0.0116715
-0.00638501
-0.00226565
-0.00219699
-0.00562979
-0.00913124
-0.00926856
-0.00617904
-0.00281489
-0.00199102
-0.00439398
-0.00796409
-0.0102297
-0.00988646
-0.00755216
-0.00494323
-0.00377608
-0.00521785
-0.0100238
-0.0176446
-0.0247848
-0.0263639
-0.0190864
-0.00542382
0.00734619
0.0122894
0.00823872
-6.8656e-05
-0.00624769
-0.00700291
-0.00336414
0.00164774
0.00542382
0.00638501
0.00418801
-0.000137312
-0.00418801
-0.0057671
-0.00432533
-0.00123581
0.00116715
0.0010985
-0.00199102
-0.0068656
-0.010573
-0.0104357
-0.00624769
-0.000137312
0.00556113
0.00933721
0.0101611
0.0068656
-0.000137312
-0.00817006
-0.0136625
-0.014761
-0.0123581
-0.00885662
-0.00611038
-0.00425667
-0.00247161
-0.000137312
0.00219699
0.00315817
0.00164774
-0.00240296
-0.00734619
-0.0100924
-0.00782678
-0.00068656
0.00755216
0.0121521
0.0107103
0.00466861
-0.00226565
-0.0068656
-0.0081014
-0.00768947
-0.00823872
-0.010779
-0.0135252
-0.0135252
-0.00968049
-0.00370742
0.00116715
0.00267758
0.000961184
-0.00151043
-0.00212834
-0.000755216
-0.000137312
-0.00281489
-0.008582
-0.0142118
-0.0165461
-0.0146237
-0.00954318
-0.0040507
-0.00116715
-0.00274624
-0.00782678
-0.0134566
-0.0170953
-0.0181938
-0.0170953
-0.0144864
-0.010779
-0.00679694
-0.00350145
-0.0017164
-0.00116715
-0.000755216
0.000480592
0.0023343
0.0034328
0.00247161
-0.00068656
-0.0051492
-0.00940587
-0.0121521
-0.0127014
-0.0113282
-0.00947452
-0.00906259
-0.0104357
-0.0118775
-0.0116029
-0.00954318
-0.00720888
-0.00631635
-0.00693425
-0.00789544
-0.00734619
-0.00501189
-0.00315817
-0.00494323
-0.0106417
-0.016958
-0.0192923
-0.0157909
-0.00796409
0.000823872
0.00720888
0.00940587
0.00768947
0.00363877
-0.00068656
-0.00377608
-0.0051492
-0.00549248
-0.00583576
-0.00611038
-0.00562979
-0.00480592
-0.00528651
-0.00803275
-0.0113282
-0.01277
-0.0116029
-0.00933721
-0.00734619
-0.00604173
-0.0057671
-0.00727753
-0.010985
-0.0157222
-0.0194983
-0.0203222
-0.0170953
-0.0102984
-0.00240296
0.00315817
0.00466861
0.00350145
0.00254027
0.00295221
0.00363877
0.00295221
-0.000274624
-0.00556113
-0.0112596
-0.0153103
-0.0162028
-0.0137998
-0.00899393
-0.00254027
0.00473726
0.0111223
0.0148297
0.014967
0.0115342
0.00535517
-0.00274624
-0.0111909
-0.0177819
-0.0204595
-0.0188117
-0.0146237
-0.0112596
-0.0115342
-0.0159968
-0.0223818
-0.0265699
-0.0250594
-0.01737
-0.00693425
0.00130446
0.00391339
0.00144178
-0.00267758
-0.00535517
-0.0057671
-0.00549248
-0.00611038
-0.00823872
-0.0117402
-0.0157222
-0.0194296
-0.0216953
-0.021352
-0.0178506
-0.0120148
-0.00583576
-0.000755216
0.00274624
0.00473726
0.00549248
0.00494323
0.00398205
0.00357011
0.00384473
0.00363877
0.00205968
-0.0010985
-0.0057671
-0.0114655
-0.0170953
-0.0208028
-0.0214893
-0.0188117
-0.0130446
-0.00494323
0.00308952
0.00782678
0.00762081
0.00370742
-0.000411936
-0.0017164
0.000480592
0.00425667
0.00665963
0.0057671
0.00151043
-0.00453129
-0.010779
-0.0161342
-0.0202535
-0.0227938
-0.0234803
-0.0219699
-0.0185371
-0.0144178
-0.0115342
-0.0114655
-0.0136625
-0.0153103
-0.0133193
-0.0074835
-0.000617904
0.00322683
0.00199102
-0.00267758
-0.00693425
-0.00775812
-0.00590441
-0.00370742
-0.00281489
-0.00357011
-0.00665963
-0.0129073
-0.0208028
-0.0268445
-0.0282863
-0.0251967
-0.0199789
-0.0151043
-0.0118775
-0.0108476
-0.0111223
-0.0109163
-0.00851334
-0.00453129
-0.00102984
0.000137312
-0.000892528
-0.00267758
-0.00439398
-0.00611038
-0.00830737
-0.010573
-0.0116029
-0.0101611
-0.00645366
-0.00267758
-0.0010985
-0.00212834
-0.00398205
-0.00432533
-0.00199102
0.00205968
0.00583576
0.00741484
0.00645366
0.00425667
0.00274624
0.00281489
0.00350145
0.00274624
-0.000480592
-0.00521785
-0.00865065
-0.00892528
-0.00741484
-0.00645366
-0.00645366
-0.0051492
-0.000480592
0.00624769
0.0116715
0.0133193
0.0117402
0.00851334
0.00411936
-0.00178506
-0.00837603
-0.0130446
-0.0133193
-0.00961184
-0.00562979
-0.00535517
-0.0101611
-0.0179192
-0.0248535
-0.0280116
-0.0266385
-0.0223818
-0.0173013
-0.0121521
-0.00652232
-0.000137312
0.00562979
0.00865065
0.00775812
0.00384473
-0.000755216
-0.00336414
-0.00281489
-0.0010985
-0.00254027
-0.0101611
-0.0221759
-0.0326802
-0.0359071
-0.0303459
