LECROYHDO9204-MSöv,30454,Waveform
Segments,1,SegmentSize,2002
Ampl
-0.0104357
-0.0098178
-0.00803275
-0.00569845
-0.00302086
0.00034328
0.00377608
0.00535517
0.00377608
-0.000274624
-0.00357011
-0.00377608
-0.00137312
0.00102984
0.0010985
-0.00151043
-0.00569845
-0.00947452
-0.0110536
-0.0100924
-0.00830737
-0.00803275
-0.0098178
-0.0118088
-0.0113282
-0.00796409
-0.00411936
-0.00302086
-0.00562979
-0.00974915
-0.0118775
-0.0108476
-0.00906259
-0.00974915
-0.0140745
-0.0200475
-0.0246475
-0.0263639
-0.025746
-0.0245102
-0.0234117
-0.0214893
-0.0168207
-0.00913124
-0.0010985
0.00363877
0.00329549
-0.0017164
-0.00968049
-0.0186058
-0.0256773
-0.0276684
-0.023549
-0.0153789
-0.00755216
-0.00391339
-0.00549248
-0.0100924
-0.0143491
-0.0155162
-0.0136625
-0.010985
-0.00968049
-0.0100924
-0.0110536
-0.0114655
-0.0118088
-0.0138685
-0.0183311
-0.023549
-0.0262952
-0.0244415
-0.0184685
-0.0104357
-0.00267758
0.00302086
0.00480592
0.00219699
-0.00308952
-0.0081014
-0.0101611
-0.00899393
-0.00597307
-0.00274624
-0.000961184
-0.00137312
-0.0034328
-0.00562979
-0.00693425
-0.00789544
-0.0100238
-0.0141431
-0.0194983
-0.0239609
-0.0256087
-0.023549
-0.019155
-0.0151043
-0.0130446
-0.0127014
-0.0124954
-0.0114655
-0.0098178
-0.00865065
-0.00940587
-0.0126327
-0.0174386
-0.0223818
-0.0265699
-0.0300713
-0.0330922
-0.0353578
-0.0360444
-0.0338474
-0.0271191
-0.0157222
-0.00473726
-0.0074835
-0.0448323
-0.137655
-0.294671
-0.501051
-0.720064
-0.907632
-1.03382
-1.09479
-1.10927
-1.10378
-1.0987
-1.10289
-1.1158
-1.13248
-1.14758
-1.15733
-1.16022
-1.15781
-1.15404
-1.15328
-1.15733
-1.1642
-1.16928
-1.16894
-1.16214
-1.15074
-1.13797
-1.12747
-1.12198
-1.12177
-1.12314
-1.12053
-1.10969
-1.09129
-1.07069
-1.05401
-1.04446
-1.04192
-1.04419
-1.04934
-1.05648
-1.06561
-1.07625
-1.08717
-1.0976
-1.10721
-1.11559
-1.12081
-1.12129
-1.11758
-1.11305
-1.11168
-1.11518
-1.12253
-1.13056
-1.13639
-1.139
-1.13921
-1.13852
-1.13818
-1.13893
-1.14058
-1.14237
-1.14271
-1.13962
-1.132
-1.12136
-1.11195
-1.10763
-1.10921
-1.11422
-1.11847
-1.11793
-1.11154
-1.10261
-1.09747
-1.10001
-1.10804
-1.11497
-1.116
-1.11147
-1.10577
-1.10255
-1.10241
-1.1033
-1.10261
-1.09911
-1.09444
-1.09184
-1.09431
-1.10207
-1.11353
-1.12637
-1.13914
-1.15074
-1.1596
-1.16303
-1.15816
-1.14381
-1.12108
-1.09163
-1.05627
-1.01487
-0.968118
-0.91793
-0.865546
-0.810621
-0.753087
-0.695554
-0.641796
-0.593462
-0.548218
-0.502218
-0.453679
-0.403285
-0.352754
-0.302841
-0.254233
-0.209744
-0.1737
-0.149395
-0.136076
-0.129828
-0.126121
-0.122208
-0.116784
-0.109369
-0.0997571
-0.0889781
-0.0793663
-0.0732559
-0.0713336
-0.0721574
-0.0731873
-0.0727067
-0.0700977
-0.0657038
-0.0599367
-0.0540322
-0.049501
-0.0477159
-0.048883
-0.0520412
-0.0552681
-0.0563666
-0.0541009
-0.0496383
-0.045107
-0.0419488
-0.0400264
-0.0381041
-0.0356324
-0.0327489
-0.0300027
-0.0278057
-0.0266385
-0.0265012
-0.0273937
-0.0292474
-0.0317191
-0.0336414
-0.033916
-0.0322683
-0.0291101
-0.0249221
-0.0205968
-0.0175759
-0.0174386
-0.0205281
-0.025746
-0.0320623
-0.0380354
-0.0414682
-0.0398205
-0.0329549
-0.0239609
-0.01737
-0.0160655
-0.0188804
-0.0222445
-0.0232057
-0.021352
-0.0186744
-0.0170953
-0.0174386
-0.0197729
-0.023755
-0.0284236
-0.0317191
-0.0312385
-0.0260893
-0.0179192
-0.0100238
-0.00459995
-0.00240296
-0.00240296
-0.00336414
-0.00501189
-0.00768947
-0.0116029
-0.0168207
-0.0229997
-0.0295221
-0.0344653
-0.0354265
-0.0313758
-0.0238923
-0.0157909
-0.008582
-0.00247161
0.00219699
0.00473726
0.00494323
0.00370742
0.00254027
0.00185371
0.000892528
-0.00123581
-0.00473726
-0.00913124
-0.0133879
-0.0168207
-0.0188804
-0.0190177
-0.0176446
-0.0162715
-0.0168894
-0.0197729
-0.0226565
-0.0227251
-0.0192237
-0.0137998
-0.00947452
-0.0081014
-0.00995512
-0.0141431
-0.0188804
-0.0214207
-0.0197729
-0.0140745
-0.00768947
-0.00480592
-0.0074835
-0.0135939
-0.0186058
-0.019361
-0.0165461
-0.0131133
-0.0118088
-0.0139372
-0.0182625
-0.0216953
-0.0209401
-0.0155849
-0.00933721
-0.00679694
-0.00940587
-0.0145551
-0.0183311
-0.0184685
-0.015173
-0.0103671
-0.00659097
-0.00549248
-0.00714022
-0.00988646
-0.0123581
-0.0140058
-0.0142804
-0.0130446
-0.0108476
-0.00878796
-0.00796409
-0.00844468
-0.0104357
-0.0136625
-0.0166147
-0.0173013
-0.0148297
-0.010779
-0.00762081
-0.00631635
-0.00535517
-0.00288355
0.000480592
0.00164774
-0.00240296
-0.0110536
-0.0196356
-0.0229311
-0.0194983
-0.012564
-0.00727753
-0.0068656
-0.010985
-0.0164774
-0.0196356
-0.0181938
-0.0127014
-0.00562979
0
0.00274624
0.00281489
0.00102984
-0.00178506
-0.00459995
-0.00659097
-0.00755216
-0.00768947
-0.00775812
-0.00871931
-0.0111223
-0.0148297
-0.0188804
-0.0214207
-0.0206654
-0.0159968
-0.00892528
-0.00288355
-0.000961184
-0.00411936
-0.0106417
-0.0168207
-0.0192237
-0.0167521
-0.0115342
-0.00734619
-0.00611038
-0.0068656
-0.00727753
-0.00590441
-0.00267758
0.00157909
0.00583576
0.00844468
0.0081014
0.00508054
0.000823872
-0.00377608
-0.00851334
-0.0128387
-0.0145551
-0.0115342
-0.0040507
0.00459995
0.0109163
0.0129073
0.0104357
0.00377608
-0.00617904
-0.0165461
-0.0227938
-0.0216266
-0.0141431
-0.00521785
6.8656e-05
-6.8656e-05
-0.00425667
-0.00926856
-0.0120148
-0.0108476
-0.00624769
-0.00068656
0.00315817
0.00370742
0.00116715
-0.00274624
-0.00528651
-0.00370742
0.00274624
0.0116715
0.0188117
0.0200475
0.0140058
0.00288355
-0.00823872
-0.0141431
-0.0122208
-0.00439398
0.00357011
0.00597307
0.00102984
-0.00885662
-0.0188117
-0.0239609
-0.0221759
-0.0143491
-0.00418801
0.00391339
0.00679694
0.00384473
-0.00212834
-0.00679694
-0.00665963
-0.00247161
0.00137312
0.000205968
-0.00707156
-0.01737
-0.0258146
-0.0290415
-0.0267758
-0.0208714
-0.0138685
-0.00789544
-0.00418801
-0.00322683
-0.00418801
-0.00583576
-0.00665963
-0.0057671
-0.00247161
0.00295221
0.00899393
0.0136625
0.014967
0.012564
0.00734619
0.00116715
-0.0034328
-0.00473726
-0.00336414
-0.00226565
-0.0040507
-0.00823872
-0.010985
-0.0091999
-0.00363877
0.00212834
0.00480592
0.0040507
0.00254027
0.00281489
0.00521785
0.00741484
0.00679694
0.00308952
-0.00185371
-0.0057671
-0.00755216
-0.00714022
-0.0051492
-0.0023343
0.00068656
0.0040507
0.00768947
0.0105044
0.0111909
0.00933721
0.00590441
0.00157909
-0.00391339
-0.0111223
-0.0188804
-0.0240982
-0.023549
-0.0159282
-0.00363877
0.00851334
0.0159968
0.01737
0.0142118
0.00892528
0.00336414
-0.00164774
-0.00556113
-0.00844468
-0.0108476
-0.0131133
-0.0146924
-0.015173
-0.0148297
-0.0140745
-0.0132506
-0.012564
-0.0124267
-0.0133879
-0.0153789
-0.0174386
-0.0179879
-0.0159282
-0.0118775
-0.0081014
-0.00679694
-0.00817006
-0.0113282
-0.015173
-0.0192237
-0.0221072
-0.0209401
-0.0131819
-0.000205968
0.0121521
0.0170953
0.0116029
-0.000892528
-0.012976
-0.0186058
-0.0160655
-0.00823872
0.000205968
0.00487457
0.00350145
-0.00274624
-0.0102984
-0.0155162
-0.0167521
-0.0146237
-0.0109163
-0.00762081
-0.00624769
-0.00679694
-0.0074835
-0.00604173
-0.0017164
0.00329549
0.00542382
0.00274624
-0.00350145
-0.00954318
-0.0122894
-0.0118088
-0.0115342
-0.0146924
-0.0210774
-0.0270505
-0.0289042
-0.0250594
-0.0168894
-0.0074835
-0.000617904
0.00130446
-0.00116715
-0.00494323
-0.0068656
-0.00645366
-0.00549248
-0.00562979
-0.00679694
-0.00755216
-0.00652232
-0.00384473
-0.00130446
-0.0010985
-0.00432533
-0.0108476
-0.018949
-0.0253341
-0.0271191
-0.0241669
-0.0190177
-0.0141431
-0.0100924
-0.00604173
-0.00157909
0.00192237
0.00274624
0
-0.00542382
-0.010779
-0.0135939
-0.01277
-0.00878796
-0.00295221
0.00357011
0.00933721
0.0127014
0.0122894
0.00817006
0.00157909
-0.00562979
-0.0116029
-0.0151043
-0.0161342
-0.0160655
-0.0162715
-0.0165461
-0.0152416
-0.0120148
-0.00892528
-0.0081014
-0.00899393
-0.00885662
-0.00521785
0.00178506
0.00933721
0.0132506
0.010779
0.00267758
-0.00734619
-0.0152416
-0.0194983
-0.0212147
-0.0221072
-0.023343
-0.023755
-0.0212834
-0.0150357
-0.00720888
-0.00116715
0.00116715
0.000205968
-0.00205968
-0.00391339
-0.00432533
-0.00377608
-0.00377608
-0.00604173
-0.0108476
-0.0167521
-0.0216266
-0.0240296
-0.0229997
-0.01737
-0.0068656
0.00652232
0.0177132
0.0205968
0.01277
-0.00240296
-0.017164
-0.0240296
-0.0212147
-0.0126327
-0.00439398
6.8656e-05
0.000892528
0.000205968
-0.000617904
-0.00178506
-0.00418801
-0.00734619
-0.00954318
-0.00954318
-0.00817006
-0.00720888
-0.00672828
-0.00528651
-0.00164774
0.00281489
0.00556113
0.00521785
0.00254027
-0.000205968
-0.00123581
-0.000480592
0.00068656
0.00123581
0.00164774
0.00363877
0.00768947
0.0116029
0.0122894
0.00796409
-0.00034328
-0.00954318
-0.0164088
-0.0190864
-0.01737
-0.01277
-0.00775812
-0.00501189
-0.00562979
-0.00837603
-0.010985
-0.0115342
-0.0100924
-0.00796409
-0.00652232
-0.00659097
-0.0081014
-0.0102984
-0.0116029
-0.0106417
-0.0068656
-0.00116715
0.00501189
0.0102297
0.0131819
0.012976
0.00988646
0.00556113
0.00219699
0.0010985
0.00205968
0.00377608
0.00446264
0.00226565
-0.00295221
-0.00913124
-0.0133193
-0.0137312
-0.0111909
-0.00830737
-0.00741484
-0.00947452
-0.0135252
-0.01737
-0.0188804
-0.017164
-0.012564
-0.00693425
-0.00302086
-0.00288355
-0.0057671
-0.00817006
-0.00707156
-0.00212834
0.00398205
0.00817006
0.00906259
0.00672828
0.00205968
-0.00295221
-0.00617904
-0.00617904
-0.00363877
-0.00123581
-0.00157909
-0.00494323
-0.00926856
-0.0116715
-0.0116029
-0.0102984
-0.00926856
-0.00871931
-0.008582
-0.0081014
-0.00597307
-0.00144178
0.00459995
0.00926856
0.0100238
0.00659097
0.000480592
-0.00652232
-0.0128387
-0.0175073
-0.0201162
-0.0200475
-0.0170267
-0.0116029
-0.0057671
-0.00212834
-0.00178506
-0.00357011
-0.00439398
-0.00219699
0.00226565
0.00556113
0.00508054
0.00116715
-0.00288355
-0.00425667
-0.00350145
-0.00357011
-0.00583576
-0.00878796
-0.00947452
-0.00714022
-0.00329549
-0.00068656
-0.000617904
-0.00254027
-0.00508054
-0.00768947
-0.0104357
-0.0129073
-0.0141431
-0.0132506
-0.0107103
-0.00727753
-0.00370742
-0.000823872
0.000411936
-0.000205968
-0.00192237
-0.00446264
-0.00878796
-0.0154476
-0.0225878
-0.0261579
-0.0229311
-0.0130446
0.000549248
0.0126327
0.0179192
0.0137312
0.00185371
-0.0123581
-0.0232744
-0.0280803
-0.0263639
-0.0198416
-0.0116029
-0.00604173
-0.00583576
-0.00961184
-0.0129073
-0.0123581
-0.00892528
-0.00638501
-0.00700291
-0.0100238
-0.0133193
-0.0157222
-0.0175073
-0.0184685
-0.0175759
-0.0142804
-0.00974915
-0.00631635
-0.00597307
-0.00947452
-0.0153103
-0.0205968
-0.0223818
-0.0199789
-0.0150357
-0.0104357
-0.00796409
-0.00762081
-0.00803275
-0.00775812
-0.00597307
-0.00302086
0
0.0017164
0.00130446
-0.0010985
-0.00432533
-0.00638501
-0.00597307
-0.0034328
-0.000480592
0.0010985
0.000617904
-0.00130446
-0.00398205
-0.00714022
-0.0103671
-0.0122894
-0.0112596
-0.00707156
-0.00178506
0.0017164
0.00185371
-0.000755216
-0.00398205
-0.00665963
-0.00940587
-0.0130446
-0.0161342
-0.0155162
-0.00988646
-0.00157909
0.00494323
0.00679694
0.00446264
0.000755216
-0.00157909
-0.0017164
-0.000480592
0.000961184
0.00144178
0.000274624
-0.00288355
-0.00734619
-0.0114655
-0.0134566
-0.0122208
-0.00837603
-0.00425667
-0.00274624
-0.00542382
-0.0111223
-0.0165461
-0.0186058
-0.0163401
-0.010985
-0.00453129
0.00116715
0.00480592
0.00604173
0.00583576
0.00473726
0.00130446
-0.00590441
-0.0148297
-0.0204595
-0.018949
-0.0112596
-0.00192237
0.00494323
0.00789544
0.00775812
0.00624769
0.00473726
0.0034328
0.00123581
-0.00302086
-0.0100238
-0.0188804
-0.0271878
-0.0315131
-0.0287669
-0.0186058
-0.00411936
0.0091999
0.0162028
0.0146924
0.0074835
6.8656e-05
-0.00384473
-0.00453129
-0.00453129
-0.00494323
-0.00446264
-0.00219699
6.8656e-05
-0.000480592
-0.00487457
-0.0114655
-0.0166834
-0.0176446
-0.0137998
-0.00707156
-0.00034328
0.00432533
0.00652232
0.00693425
0.00617904
0.00446264
0.00219699
0.00034328
0
0.00130446
0.00295221
0.00295221
0.000617904
-0.00267758
-0.00473726
-0.00487457
-0.00439398
-0.00508054
-0.00768947
-0.010985
-0.0127014
-0.0111909
-0.00679694
-0.00151043
0.0023343
0.00363877
0.00267758
0.000274624
-0.00281489
-0.0057671
-0.00775812
-0.0081014
-0.00604173
-0.00102984
0.00624769
0.012564
0.0140058
0.00913124
-0.00034328
-0.0111909
-0.0202535
-0.0260206
-0.0282176
-0.0275997
-0.0248535
-0.0203222
-0.0144178
-0.00851334
-0.00398205
-0.000755216
0.00205968
0.00501189
0.00727753
0.00803275
0.00665963
0.0034328
-0.00123581
-0.00597307
-0.00947452
-0.010985
-0.0111909
-0.0107103
-0.00974915
-0.00817006
-0.00631635
-0.00446264
-0.00322683
-0.00295221
-0.0034328
-0.00398205
-0.00391339
-0.00315817
-0.00219699
-0.0017164
-0.00185371
-0.0023343
-0.00247161
-0.00185371
-0.00068656
0.000411936
0.00164774
0.00295221
0.00391339
0.00329549
0.00068656
-0.00267758
-0.00542382
-0.00714022
-0.00830737
-0.0091999
-0.00947452
-0.00913124
-0.00961184
-0.0118088
-0.0154476
-0.0190864
-0.0214207
-0.0214893
-0.0187431
-0.0133193
-0.00638501
0.000411936
0.00562979
0.00762081
0.0051492
-0.00164774
-0.0107103
-0.0183311
-0.0212834
-0.0186744
-0.0120835
-0.00542382
-0.0023343
-0.00398205
-0.0081014
-0.010779
-0.00968049
-0.00459995
0.00247161
0.00830737
0.0100238
0.00714022
0.0023343
-0.000755216
-0.000137312
0.00302086
0.00542382
0.0040507
-0.00151043
-0.00830737
-0.0122208
-0.010985
-0.00569845
0.00068656
0.00549248
0.00775812
0.00734619
0.0040507
-0.0023343
-0.0111909
-0.0196356
-0.0238236
-0.021352
-0.0128387
-0.00185371
0.0068656
0.00988646
0.00672828
0.000411936
-0.00494323
-0.00700291
-0.00645366
-0.00562979
-0.00617904
-0.00762081
-0.0081014
-0.00562979
-0.000205968
0.0057671
0.0091999
0.00892528
0.00652232
0.00439398
0.00391339
0.00480592
0.0057671
0.00549248
0.00398205
0.00219699
0.00164774
0.00247161
0.00377608
0.00425667
0.00350145
0.00157909
-0.000755216
-0.00254027
-0.00322683
-0.00295221
-0.00295221
-0.00432533
-0.00755216
-0.0121521
-0.0167521
-0.0190177
-0.0172326
-0.012564
-0.00844468
-0.00782678
-0.0100238
-0.012564
-0.0137998
-0.0140745
-0.0141431
-0.0141431
-0.0135939
-0.0124267
-0.010779
-0.00913124
-0.00768947
-0.00638501
-0.00508054
-0.0040507
-0.00459995
-0.00714022
-0.0102984
-0.0110536
-0.00782678
-0.00240296
0.00144178
0.00130446
-0.00205968
-0.00597307
-0.0081014
-0.0081014
-0.00734619
-0.00789544
-0.0101611
-0.0135252
-0.0175073
-0.0221072
-0.0267072
-0.0293161
-0.0283549
-0.0236863
-0.0168894
-0.0102984
-0.00590441
-0.00480592
-0.00597307
-0.00768947
-0.008582
-0.00871931
-0.00837603
-0.00768947
-0.0068656
-0.00652232
-0.00734619
-0.00947452
-0.0118088
-0.0129073
-0.0118088
-0.00933721
-0.00700291
-0.00583576
-0.00521785
-0.00363877
-0.00102984
0.00116715
0.00102984
-0.00123581
-0.00377608
-0.00508054
-0.00535517
-0.00645366
-0.00913124
-0.0121521
-0.0129073
-0.0098178
-0.00350145
0.00398205
0.0102297
0.0132506
0.0122208
0.00789544
0.00240296
-0.00240296
-0.00617904
-0.00968049
-0.012564
-0.0133879
-0.010985
-0.00617904
-0.000617904
0.00398205
0.00665963
0.00645366
0.00247161
-0.00494323
-0.0131819
-0.0181252
-0.016958
-0.0102984
-0.00260893
0.00178506
0.00116715
-0.00302086
-0.00878796
-0.0137312
-0.0152416
-0.0115342
-0.00398205
0.00260893
0.00329549
-0.00329549
-0.0140745
-0.0238923
-0.0292474
-0.0293161
-0.0251967
-0.0182625
-0.0102984
-0.0034328
0.000137312
0.000137312
-0.00178506
-0.00377608
-0.00535517
-0.00693425
-0.008582
-0.00933721
-0.00844468
-0.00638501
-0.00398205
-0.00254027
-0.00315817
-0.00638501
-0.0112596
-0.0159282
-0.0188804
-0.019361
-0.0170267
-0.0119461
-0.00542382
0.000274624
0.00247161
0
-0.00611038
-0.0124267
-0.014967
-0.0119461
-0.00556113
-0.000274624
0.00068656
-0.00212834
-0.00528651
-0.0057671
-0.00336414
-0.000480592
0.00034328
-0.00192237
-0.00638501
-0.0116715
-0.0166834
-0.0205968
-0.0223818
-0.0216266
-0.018949
-0.0154476
-0.0118088
-0.00796409
-0.00391339
-0.000961184
-0.000274624
-0.00199102
-0.00453129
-0.00569845
-0.00391339
0.000823872
0.00638501
0.00968049
0.00899393
0.00508054
6.8656e-05
-0.00384473
-0.00631635
-0.00775812
-0.00823872
-0.00659097
-0.00199102
0.00377608
0.00720888
0.00569845
0.000137312
-0.0057671
-0.00871931
-0.00775812
-0.00508054
-0.00453129
-0.00913124
-0.0181938
-0.0274624
-0.031925
-0.0289728
-0.0201849
-0.00933721
-0.000549248
0.00418801
0.00501189
0.0034328
0.000755216
-0.00212834
-0.00494323
-0.00727753
-0.00871931
-0.00933721
-0.00933721
-0.0091999
-0.00899393
-0.00865065
-0.00775812
-0.00624769
-0.00466861
-0.00446264
-0.00611038
-0.00817006
-0.00796409
-0.00432533
0.00102984
0.00411936
0.00254027
-0.00247161
-0.00720888
-0.00871931
-0.0068656
-0.00439398
-0.00398205
-0.00645366
-0.0100924
-0.0122208
-0.0109163
-0.00604173
-0.000205968
0.00315817
0.00192237
-0.00240296
-0.00590441
-0.0051492
-0.000549248
0.00446264
0.00645366
0.00494323
0.00205968
0.000274624
0.000480592
0.00116715
0.000274624
-0.00302086
-0.00714022
-0.00940587
-0.00734619
-0.000755216
0.00741484
0.0126327
0.0122894
0.00775812
0.00192237
-0.00336414
-0.0081014
-0.0116715
-0.0120835
-0.00789544
-0.000411936
0.00665963
0.00940587
0.00604173
-0.00144178
-0.00892528
-0.0124954
-0.0114655
-0.00823872
-0.00604173
-0.00693425
-0.0107103
-0.015173
-0.0173013
-0.015173
-0.00961184
-0.00350145
0.000755216
0.00219699
0.00157909
0.000205968
-0.000411936
6.8656e-05
0.00034328
-0.00102984
-0.0040507
-0.00700291
-0.00830737
-0.00789544
-0.0074835
-0.00871931
-0.0122894
-0.0168207
-0.0194296
-0.0175073
-0.0112596
-0.00398205
0.000274624
-0.00034328
-0.00418801
-0.0074835
-0.00720888
-0.00274624
0.00315817
0.00679694
0.00611038
0.00205968
-0.0023343
-0.00459995
-0.00398205
-0.00137312
0.00144178
0.00281489
0.00226565
0.000549248
-0.000823872
-0.000549248
0.00144178
0.00370742
0.00439398
0.00226565
-0.00254027
-0.00803275
-0.0111223
-0.00906259
-0.00185371
0.00693425
0.0129073
0.0143491
0.0127014
0.0100238
0.00693425
0.00308952
-0.00151043
-0.00556113
-0.00720888
-0.00590441
-0.00281489
-0.000274624
6.8656e-05
-0.00185371
-0.0040507
-0.00446264
-0.00267758
0
0.00123581
-0.00034328
-0.00528651
-0.0124267
-0.0192237
-0.0229311
-0.0221759
-0.0172326
-0.0102984
-0.00418801
-0.00164774
-0.00329549
-0.00679694
-0.00878796
-0.00796409
-0.00590441
-0.00556113
-0.00803275
-0.0122894
-0.0155849
-0.0160655
-0.0131819
-0.00803275
-0.00247161
0.00130446
0.00151043
-0.00205968
-0.00720888
-0.010573
-0.0101611
-0.00700291
-0.00370742
-0.00212834
-0.00322683
-0.00665963
-0.0107103
-0.0120835
-0.00871931
-0.00205968
0.00377608
0.00590441
0.00459995
0.00178506
-0.000549248
-0.00130446
-0.000549248
0.000823872
0.00205968
0.00254027
0.00219699
0.000823872
-0.00116715
-0.00267758
-0.00254027
-0.0010985
-6.8656e-05
-0.00102984
-0.0034328
-0.0051492
-0.00363877
0.00151043
0.0068656
0.00803275
0.00322683
-0.00480592
-0.0113282
-0.0144178
-0.0156536
-0.01737
-0.0194983
-0.0207341
-0.0203222
-0.0188804
-0.0177132
-0.017164
-0.0166147
-0.0144864
-0.00995512
-0.00487457
-0.00226565
-0.0034328
-0.00583576
-0.00590441
-0.00212834
0.0034328
0.0074835
0.00762081
0.00336414
-0.00446264
-0.0137998
-0.0219699
-0.0256773
-0.0232057
-0.0161342
-0.00865065
-0.00480592
-0.0057671
-0.00954318
-0.0129073
-0.0135939
-0.0107103
-0.00569845
-0.000823872
0.00192237
0.0023343
0.00137312
-0.000892528
-0.0051492
-0.0109163
-0.0156536
-0.0162028
-0.0118088
-0.00466861
0.00123581
0.00274624
-0.000823872
-0.00762081
-0.0140058
-0.0166147
-0.0144178
-0.00885662
-0.0034328
-0.00157909
-0.00432533
-0.0098178
-0.0143491
-0.015173
-0.0121521
-0.00775812
-0.00508054
-0.00535517
-0.00714022
-0.00796409
-0.00665963
-0.00459995
-0.0040507
-0.00624769
-0.0105044
-0.0142804
-0.0145551
-0.00947452
-0.000892528
0.0068656
0.00961184
0.00727753
0.00315817
0.000205968
-0.00151043
-0.00315817
-0.00480592
-0.00556113
-0.00521785
-0.00521785
-0.0074835
-0.012564
-0.0185371
-0.0214893
-0.0181938
-0.00899393
0.00192237
0.00830737
0.00617904
-0.0034328
-0.0148983
-0.0212834
-0.0188804
-0.00926856
0.00178506
0.00837603
0.00768947
0.00102984
-0.00803275
-0.0152416
-0.0173013
-0.0135939
-0.00611038
0.000823872
0.00315817
-0.00102984
-0.0098178
-0.0185371
-0.0223132
-0.0194983
-0.0120148
-0.00363877
0.00205968
0.00315817
0.000137312
-0.00446264
-0.00755216
-0.00796409
-0.00624769
-0.00370742
-0.00137312
0.000205968
0.000755216
-0.00034328
-0.00322683
-0.00700291
-0.0091999
-0.00775812
-0.00336414
0.000480592
0.000617904
-0.00302086
-0.00727753
-0.00851334
-0.00549248
0.000137312
0.00459995
0.00446264
-0.000274624
-0.00611038
-0.00823872
-0.00494323
0.00116715
0.00549248
0.00528651
0.00123581
-0.00363877
-0.00659097
-0.00693425
-0.00624769
-0.00652232
-0.00823872
-0.00988646
-0.00947452
-0.00679694
-0.00350145
-0.0023343
-0.00501189
-0.0102984
-0.0144864
-0.0141431
-0.00871931
-0.00157909
0.00274624
0.000823872
-0.00755216
-0.0185371
-0.0262266
-0.0262952
-0.0197043
-0.0109163
-0.00425667
-0.000961184
-0.00068656
-0.00315817
-0.00762081
-0.0116029
-0.0122208
-0.00830737
-0.00144178
0.00549248
0.00995512
0.010779
0.0081014
0.00274624
-0.00322683
-0.00768947
-0.00954318
-0.0098178
-0.0107103
-0.0133193
-0.0162028
-0.0166834
-0.0130446
-0.00665963
-0.000961184
0.00116715
-0.00068656
-0.00425667
-0.00714022
-0.00817006
-0.0074835
-0.00611038
-0.00432533
-0.00226565
-0.00034328
0.000137312
-0.00178506
-0.0057671
-0.010573
-0.0144178
-0.0165461
-0.0176446
-0.0188117
-0.0199102
-0.0194296
-0.0161342
-0.0112596
-0.00741484
-0.00638501
-0.00727753
-0.00830737
-0.00851334
-0.00885662
-0.010779
-0.014761
-0.0190864
-0.0206654
-0.017164
-0.00926856
-0.000755216
0.00487457
0.00590441
0.00267758
-0.00315817
-0.00906259
-0.0119461
-0.0101611
-0.00494323
0.000480592
0.00274624
0.000411936
-0.00556113
-0.0122208
-0.0165461
-0.0173013
-0.0158595
-0.0144178
-0.0138685
-0.0131819
-0.0111909
-0.0081014
-0.00569845
-0.00535517
-0.00679694
-0.00851334
-0.00865065
-0.00590441
-0.000205968
0.00672828
0.0117402
0.0124954
0.00885662
0.00329549
-0.00123581
-0.00315817
-0.00357011
-0.00459995
-0.00700291
-0.00933721
-0.00899393
-0.00501189
0.000823872
0.00562979
0.00720888
0.00501189
-0.000480592
-0.00755216
-0.0137998
-0.0166147
-0.014967
-0.0103671
-0.00535517
-0.0017164
0.000549248
0.00185371
0.00205968
0.000205968
-0.0040507
-0.00906259
-0.0122208
-0.0116715
-0.00803275
-0.00363877
-0.00068656
-6.8656e-05
-0.000961184
-0.00178506
-0.00151043
-0.000480592
0.000274624
0.00068656
0.00192237
0.00446264
0.00720888
0.00755216
0.00398205
-0.00288355
-0.0100238
-0.0139372
-0.0128387
-0.00844468
-0.00473726
-0.00508054
-0.00974915
-0.0160655
-0.0207341
-0.0218326
-0.0196356
-0.0156536
-0.0118775
-0.00933721
-0.00837603
-0.00865065
-0.0100238
-0.0116715
-0.0116029
-0.0081014
-0.000961184
0.00775812
0.0150357
0.0180565
0.0152416
0.00762081
-0.00123581
-0.00665963
-0.00659097
-0.00267758
0.000823872
0.000755216
-0.00267758
-0.00734619
-0.010573
-0.010779
-0.00837603
-0.00542382
-0.00480592
