LECROYHDO9204-MSöv,30454,Waveform
Segments,1,SegmentSize,2002
Ampl
0.0173013
0.0177132
0.0117402
0.00350145
-0.00302086
-0.00556113
-0.0040507
0.000480592
0.00597307
0.00995512
0.00988646
0.00521785
-0.00205968
-0.00878796
-0.0129073
-0.0141431
-0.0133193
-0.0121521
-0.0119461
-0.012564
-0.0122208
-0.00954318
-0.00590441
-0.00411936
-0.00562979
-0.00892528
-0.0111223
-0.0103671
-0.00768947
-0.00604173
-0.00789544
-0.012564
-0.01737
-0.0199102
-0.019567
-0.0170953
-0.0126327
-0.00638501
-6.8656e-05
0.00302086
0.000205968
-0.0081014
-0.0181938
-0.025746
-0.0280803
-0.0256773
-0.0210087
-0.0168894
-0.0138685
-0.0110536
-0.00741484
-0.00315817
0.000549248
0.00288355
0.00308952
0.00137312
-0.00116715
-0.00308952
-0.00350145
-0.00254027
-0.0010985
-0.00068656
-0.00199102
-0.00459995
-0.00775812
-0.0113282
-0.0155849
-0.0192923
-0.0198416
-0.0162028
-0.0106417
-0.00720888
-0.00782678
-0.010985
-0.0142118
-0.0161342
-0.0164088
-0.0155162
-0.0142804
-0.0131819
-0.0118775
-0.0103671
-0.00940587
-0.0102297
-0.0124267
-0.0144178
-0.014967
-0.0145551
-0.014967
-0.0173013
-0.0212147
-0.0247848
-0.0262952
-0.0252654
-0.0231371
-0.0222445
-0.0244415
-0.0291101
-0.0334355
-0.0339847
-0.0295221
-0.0218326
-0.0143491
-0.0098178
-0.00878796
-0.0106417
-0.0146237
-0.019567
-0.0239609
-0.0268445
-0.0284236
-0.0295907
-0.0300713
-0.0278057
-0.0208714
-0.00968049
0.000549248
-0.0017164
-0.0343966
-0.116921
-0.259657
-0.453404
-0.666718
-0.857788
-0.994138
-1.06719
-1.09177
-1.09321
-1.09314
-1.10255
-1.12218
-1.14669
-1.16784
-1.17848
-1.17628
-1.16571
-1.15521
-1.15136
-1.15514
-1.16248
-1.16763
-1.16681
-1.16022
-1.15095
-1.14216
-1.13543
-1.1309
-1.12843
-1.12664
-1.12239
-1.11257
-1.09664
-1.07776
-1.06087
-1.05002
-1.04707
-1.05153
-1.0617
-1.07412
-1.08511
-1.09225
-1.09602
-1.09836
-1.1009
-1.10364
-1.10577
-1.10763
-1.11072
-1.11635
-1.12383
-1.13104
-1.13557
-1.13626
-1.13385
-1.1307
-1.12925
-1.13035
-1.13241
-1.1333
-1.13241
-1.13021
-1.12719
-1.12376
-1.1204
-1.11786
-1.11696
-1.11731
-1.11786
-1.11772
-1.11724
-1.11703
-1.1171
-1.11662
-1.11545
-1.11429
-1.11346
-1.11202
-1.10886
-1.10433
-1.10028
-1.09843
-1.0987
-1.09953
-1.09959
-1.09877
-1.09843
-1.10062
-1.10673
-1.1158
-1.12465
-1.13063
-1.13344
-1.13481
-1.1366
-1.1388
-1.13928
-1.13461
-1.12204
-1.10014
-1.06966
-1.03224
-0.988989
-0.939763
-0.884014
-0.822636
-0.758854
-0.697751
-0.644199
-0.599573
-0.560645
-0.520756
-0.474687
-0.421754
-0.366142
-0.313414
-0.267209
-0.228487
-0.19718
-0.17315
-0.155094
-0.140333
-0.126464
-0.113351
-0.103121
-0.098178
-0.0979034
-0.09859
-0.0957064
-0.087811
-0.0771693
-0.0679008
-0.0624769
-0.0610352
-0.0615844
-0.0611725
-0.057877
-0.0519039
-0.0462741
-0.0442831
-0.0466861
-0.0510114
-0.0543069
-0.0552681
-0.0542382
-0.0516979
-0.0481965
-0.0446264
-0.0421548
-0.0407816
-0.0398205
-0.0388593
-0.0380354
-0.0374862
-0.0372115
-0.0372115
-0.0372115
-0.036525
-0.0341907
-0.0296594
-0.0234117
-0.0174386
-0.0140058
-0.0144178
-0.0179192
-0.0222445
-0.0243042
-0.0222445
-0.0165461
-0.00961184
-0.00521785
-0.00590441
-0.0115342
-0.0186744
-0.0234803
-0.0236863
-0.0199789
-0.0150357
-0.0114655
-0.0103671
-0.0113282
-0.0131819
-0.0153789
-0.0177819
-0.0199102
-0.0206654
-0.0198416
-0.018949
-0.0187431
-0.0175073
-0.0131133
-0.0068656
-0.00274624
-0.00418801
-0.0102984
-0.0170267
-0.0203222
-0.0188804
-0.0139372
-0.00803275
-0.00315817
0.000137312
0.00219699
0.00247161
-0.000137312
-0.00645366
-0.0153103
-0.0234803
-0.027531
-0.025952
-0.0201162
-0.0130446
-0.00803275
-0.00638501
-0.0074835
-0.00865065
-0.00768947
-0.00494323
-0.00384473
-0.0074835
-0.0152416
-0.0223818
-0.0246475
-0.0222445
-0.019155
-0.019155
-0.0224505
-0.0262266
-0.0269131
-0.0229311
-0.0159282
-0.0101611
-0.00885662
-0.0117402
-0.0158595
-0.0184685
-0.0183998
-0.0158595
-0.0116715
-0.00734619
-0.00446264
-0.00432533
-0.0068656
-0.010779
-0.0141431
-0.0146924
-0.0114655
-0.00597307
-0.00102984
0.00123581
0.000205968
-0.00315817
-0.00679694
-0.00844468
-0.00707156
-0.00411936
-0.00212834
-0.0023343
-0.00432533
-0.00679694
-0.00913124
-0.0114655
-0.0135939
-0.0141431
-0.0116715
-0.00638501
-0.00123581
0.000274624
-0.00254027
-0.00665963
-0.00885662
-0.00865065
-0.00851334
-0.010779
-0.0153103
-0.0199102
-0.0219699
-0.0203222
-0.0157222
-0.0105044
-0.00659097
-0.00446264
-0.00274624
-0.000411936
0.00164774
0.00178506
-0.000617904
-0.00398205
-0.00597307
-0.0051492
-0.0023343
-6.8656e-05
-0.00034328
-0.00363877
-0.00871931
-0.0130446
-0.0141431
-0.010985
-0.00501189
0.000961184
0.00487457
0.00624769
0.00501189
0.00130446
-0.00398205
-0.00851334
-0.0102984
-0.00974915
-0.00851334
-0.00823872
-0.00961184
-0.0127014
-0.0165461
-0.0188117
-0.0165461
-0.00906259
0.000823872
0.0081014
0.00947452
0.00556113
0.000549248
-0.00157909
0.000137312
0.00322683
0.00508054
0.00556113
0.00604173
0.00707156
0.00734619
0.00562979
0.00281489
0.00164774
0.00377608
0.00830737
0.0128387
0.014967
0.0139372
0.010573
0.00624769
0.00226565
-0.00068656
-0.00226565
-0.00254027
-0.00192237
-0.0017164
-0.00336414
-0.0074835
-0.0124267
-0.0153789
-0.0139372
-0.008582
-0.00199102
0.0034328
0.0068656
0.00906259
0.010573
0.0111223
0.0109163
0.0101611
0.00830737
0.00439398
-0.00219699
-0.0109163
-0.019361
-0.0242356
-0.0234117
-0.0177132
-0.0104357
-0.00459995
-0.000755216
0.00137312
0.00185371
0.000480592
-0.0023343
-0.00528651
-0.00741484
-0.00830737
-0.00817006
-0.00830737
-0.0102984
-0.0146924
-0.019361
-0.0210774
-0.0186058
-0.0133193
-0.00782678
-0.00418801
-0.00357011
-0.00617904
-0.0102984
-0.0131819
-0.01277
-0.00954318
-0.00569845
-0.00357011
-0.0040507
-0.00665963
-0.00933721
-0.0104357
-0.00954318
-0.00796409
-0.0068656
-0.00631635
-0.00549248
-0.00370742
-0.00116715
0.00068656
0.000755216
-0.00116715
-0.00411936
-0.00645366
-0.00741484
-0.0068656
-0.00549248
-0.00418801
-0.00363877
-0.00384473
-0.00391339
-0.00308952
-0.00137312
-0.00034328
-0.0017164
-0.00631635
-0.01277
-0.0184685
-0.0207341
-0.0183998
-0.0124267
-0.00508054
0.000823872
0.00377608
0.00384473
0.00254027
0.000961184
-0.00068656
-0.00336414
-0.00768947
-0.0128387
-0.0166834
-0.0168894
-0.012976
-0.00734619
-0.00411936
-0.0057671
-0.010779
-0.0150357
-0.0158595
-0.0135252
-0.00974915
-0.00562979
-0.00151043
0.00164774
0.0023343
0.000617904
-0.00185371
-0.00281489
-0.00199102
-0.000892528
-0.00137312
-0.00398205
-0.00714022
-0.00865065
-0.00796409
-0.00652232
-0.00659097
-0.00865065
-0.0116029
-0.0136625
-0.0138685
-0.0124267
-0.0102297
-0.00823872
-0.00672828
-0.00569845
-0.00501189
-0.00459995
-0.00411936
-0.00377608
-0.00473726
-0.00789544
-0.0124954
-0.0159282
-0.0154476
-0.0107103
-0.00425667
0.000617904
0.00185371
-0.000892528
-0.00624769
-0.0121521
-0.0164774
-0.0185371
-0.0188804
-0.0182625
-0.0166834
-0.0146237
-0.0130446
-0.0126327
-0.0128387
-0.0121521
-0.00974915
-0.00583576
-0.0017164
0.000961184
0.00116715
-0.000823872
-0.00350145
-0.00432533
-0.00192237
0.00267758
0.00597307
0.0051492
-0.000137312
-0.00762081
-0.0144178
-0.0185371
-0.019361
-0.0168207
-0.0120148
-0.00700291
-0.0040507
-0.00425667
-0.00679694
-0.00995512
-0.0120148
-0.0113969
-0.00755216
-0.00164774
0.00411936
0.00741484
0.00734619
0.00459995
0.000617904
-0.00315817
-0.00562979
-0.00631635
-0.00569845
-0.00501189
-0.00542382
-0.00679694
-0.00762081
-0.00638501
-0.00295221
0.00068656
0.0017164
-0.00068656
-0.00501189
-0.00782678
-0.00672828
-0.00219699
0.00219699
0.00281489
-0.000480592
-0.00418801
-0.0051492
-0.00377608
-0.00350145
-0.0068656
-0.0123581
-0.0158595
-0.0142804
-0.00830737
-0.00212834
6.8656e-05
-0.00281489
-0.00789544
-0.0112596
-0.0111223
-0.00796409
-0.00350145
0.000617904
0.00322683
0.0034328
0.000961184
-0.00357011
-0.00865065
-0.0126327
-0.0146924
-0.0151043
-0.0144864
-0.0128387
-0.0098178
-0.00624769
-0.00398205
-0.00398205
-0.00569845
-0.00741484
-0.00823872
-0.00803275
-0.0068656
-0.00528651
-0.00446264
-0.00549248
-0.00837603
-0.0116715
-0.0139372
-0.0144178
-0.0136625
-0.0123581
-0.0106417
-0.00782678
-0.00418801
-0.00116715
-0.00102984
-0.00473726
-0.010985
-0.0168207
-0.019567
-0.0183311
-0.0148983
-0.0121521
-0.0118088
-0.0132506
-0.0142118
-0.0133879
-0.0119461
-0.0114655
-0.0120148
-0.0119461
-0.010573
-0.00885662
-0.00782678
-0.0074835
-0.00714022
-0.00617904
-0.00459995
-0.00254027
-0.000549248
0.000755216
0.00130446
0.000961184
0.000274624
-0.000411936
-0.000617904
-0.000411936
0.000205968
0.00123581
0.00267758
0.00357011
0.00226565
-0.00199102
-0.00741484
-0.0111909
-0.0116029
-0.00988646
-0.00837603
-0.00796409
-0.0074835
-0.00583576
-0.00350145
-0.00254027
-0.00391339
-0.0068656
-0.00933721
-0.00947452
-0.00665963
-0.00199102
0.00212834
0.00370742
0.00226565
-0.000617904
-0.00322683
-0.00501189
-0.00652232
-0.00775812
-0.00782678
-0.00631635
-0.00473726
-0.00542382
-0.00878796
-0.0120148
-0.0119461
-0.00789544
-0.00267758
-0.000617904
-0.00398205
-0.0116715
-0.0197729
-0.0243042
-0.0234803
-0.0179192
-0.0100924
-0.00281489
0.00185371
0.0034328
0.00274624
0.00130446
0.000274624
0
-6.8656e-05
-0.00102984
-0.00377608
-0.00741484
-0.00995512
-0.0100238
-0.008582
-0.00830737
-0.0107103
-0.0150357
-0.0190177
-0.0208714
-0.0207341
-0.019361
-0.01737
-0.0146924
-0.0111909
-0.00693425
-0.00281489
-0.000549248
-0.00185371
-0.00672828
-0.0124954
-0.0153103
-0.0139372
-0.0102297
-0.00823872
-0.00995512
-0.0143491
-0.0185371
-0.0200475
-0.0183311
-0.014967
-0.0116715
-0.00913124
-0.00645366
-0.00274624
0.00130446
0.00322683
0.000892528
-0.0051492
-0.0111223
-0.012976
-0.0100924
-0.00521785
-0.00178506
-0.0010985
-0.00240296
-0.00473726
-0.00741484
-0.00995512
-0.0106417
-0.00755216
-0.000823872
0.00714022
0.0128387
0.0137998
0.00974915
0.00260893
-0.00439398
-0.00871931
-0.00954318
-0.00796409
-0.00549248
-0.00384473
-0.00453129
-0.00782678
-0.0121521
-0.0146924
-0.0135939
-0.00961184
-0.00569845
-0.00466861
-0.0074835
-0.0126327
-0.0176446
-0.0203908
-0.0200475
-0.0170953
-0.012564
-0.0081014
-0.00487457
-0.00370742
-0.00453129
-0.00652232
-0.00837603
-0.00899393
-0.00782678
-0.00542382
-0.00329549
-0.0034328
-0.00672828
-0.0117402
-0.014967
-0.0135252
-0.00714022
0.00185371
0.00940587
0.0118088
0.00817006
0.000617904
-0.00762081
-0.0142804
-0.0186058
-0.0203222
-0.019155
-0.0152416
-0.00947452
-0.00350145
0.000892528
0.00302086
0.00315817
0.00192237
-0.000961184
-0.00569845
-0.0111909
-0.015173
-0.0162715
-0.014967
-0.0126327
-0.0106417
-0.00940587
-0.00837603
-0.00659097
-0.00336414
0.000755216
0.00432533
0.00617904
0.00652232
0.00672828
0.00768947
0.00906259
0.00954318
0.00734619
0.0017164
-0.00549248
-0.0104357
-0.0100238
-0.00487457
0.00192237
0.00727753
0.00885662
0.00535517
-0.00254027
-0.0117402
-0.0181252
-0.0200475
-0.018949
-0.01737
-0.0167521
-0.0166147
-0.0154476
-0.0122208
-0.00755216
-0.00370742
-0.00288355
-0.00556113
-0.00968049
-0.0123581
-0.0124954
-0.0111223
-0.00988646
-0.0091999
-0.00796409
-0.00549248
-0.00274624
-0.00144178
-0.0023343
-0.00425667
-0.00542382
-0.00459995
-0.00205968
0.00123581
0.00363877
0.00398205
0.00164774
-0.00336414
-0.00988646
-0.015173
-0.0165461
-0.0140058
-0.0110536
-0.0115342
-0.0161342
-0.0217639
-0.0242356
-0.0219699
-0.0166147
-0.0113969
-0.00899393
-0.0100924
-0.0131819
-0.015173
-0.0131819
-0.00665963
0.00144178
0.00679694
0.00617904
-0.000480592
-0.0101611
-0.0180565
-0.0210087
-0.0188117
-0.0133193
-0.00707156
-0.00205968
0
-0.00178506
-0.0068656
-0.0127014
-0.0155849
-0.0133193
-0.00707156
-0.000480592
0.00267758
0.000961184
-0.00384473
-0.00837603
-0.00933721
-0.00583576
6.8656e-05
0.00370742
0.000823872
-0.00865065
-0.0200475
-0.0267758
-0.0260893
-0.0208714
-0.0164088
-0.0153789
-0.0156536
-0.0137998
-0.00878796
-0.00350145
-0.00178506
-0.00398205
-0.00638501
-0.00528651
-0.000823872
0.00329549
0.00350145
-0.000549248
-0.00645366
-0.0116715
-0.0146924
-0.014761
-0.0123581
-0.00885662
-0.00659097
-0.00693425
-0.00926856
-0.0111909
-0.0104357
-0.00665963
-0.00185371
0.00164774
0.00260893
0.00130446
-0.000755216
-0.0017164
-0.000274624
0.00322683
0.00624769
0.0057671
0.000823872
-0.00624769
-0.0120835
-0.0156536
-0.0183311
-0.0216266
-0.0243729
-0.0241669
-0.0198416
-0.0130446
-0.00714022
-0.00384473
-0.00281489
-0.00267758
-0.00281489
-0.00308952
-0.00336414
-0.00363877
-0.00459995
-0.00659097
-0.00899393
-0.0103671
-0.0102984
-0.00954318
-0.00885662
-0.00851334
-0.008582
-0.00968049
-0.0122208
-0.0153103
-0.0173013
-0.0166834
-0.0144178
-0.0129073
-0.0144864
-0.0185371
-0.0223818
-0.0234803
-0.0209401
-0.0164088
-0.0121521
-0.0102297
-0.0105044
-0.0108476
-0.00892528
-0.00473726
-0.000892528
6.8656e-05
-0.00192237
-0.00466861
-0.00604173
-0.00569845
-0.00446264
-0.00370742
-0.00418801
-0.00590441
-0.00775812
-0.00768947
-0.00391339
0.00329549
0.010573
0.0131819
0.00837603
-0.00144178
-0.0102984
-0.0129073
-0.00871931
-0.00240296
0.00068656
-0.00178506
-0.00762081
-0.01277
-0.014761
-0.0139372
-0.0120835
-0.0101611
-0.00782678
-0.00466861
-0.00102984
0.0017164
0.00267758
0.00205968
0.000617904
-0.0010985
-0.00302086
-0.00473726
-0.00521785
-0.00357011
0.000137312
0.00363877
0.00453129
0.00192237
-0.00281489
-0.00707156
-0.00926856
-0.00906259
-0.00762081
-0.00645366
-0.00631635
-0.00672828
-0.00672828
-0.00597307
-0.00549248
-0.00617904
-0.0068656
-0.00590441
-0.00357011
-0.00274624
-0.00590441
-0.0116029
-0.0157909
-0.0155162
-0.010985
-0.00494323
-0.00068656
-0.000480592
-0.00494323
-0.0126327
-0.0204595
-0.02554
-0.0266385
-0.0247161
-0.0214893
-0.0178506
-0.0139372
-0.00988646
-0.00645366
-0.00446264
-0.00453129
-0.0074835
-0.0133193
-0.0204595
-0.0262266
-0.0281489
-0.025746
-0.0208714
-0.0159968
-0.0124267
-0.0106417
-0.010573
-0.0116715
-0.0129073
-0.0136625
-0.0137312
-0.0132506
-0.0117402
-0.00851334
-0.00384473
0.00034328
0.00137312
-0.00240296
-0.00988646
-0.0175073
-0.021146
-0.019567
-0.0144178
-0.00871931
-0.0051492
-0.00418801
-0.00398205
-0.00178506
0.00384473
0.0107103
0.0145551
0.0120835
0.00439398
-0.00357011
-0.00679694
-0.00329549
0.00432533
0.0111909
0.0131819
0.00933721
0.00212834
-0.00487457
-0.00892528
-0.00885662
-0.0051492
0.000549248
0.00556113
0.00707156
0.0034328
-0.00391339
-0.0114655
-0.0155849
-0.0152416
-0.0116715
-0.00672828
-0.00164774
0.00295221
0.00590441
0.00631635
0.00411936
-0.000411936
-0.00693425
-0.0144178
-0.0201849
-0.0214893
-0.0182625
-0.0133879
-0.0101611
-0.0091999
-0.00892528
-0.00796409
-0.00645366
-0.00597307
-0.00775812
-0.0112596
-0.0137312
-0.01277
-0.00871931
-0.00508054
-0.00528651
-0.0100238
-0.0163401
-0.0199789
-0.0180565
-0.0105044
-0.00068656
0.00693425
0.00933721
0.00693425
0.00240296
-0.0010985
-0.00247161
-0.00260893
-0.00295221
-0.00377608
-0.00398205
-0.00260893
-0.000274624
0.00123581
0.000755216
-0.0017164
-0.00562979
-0.00995512
-0.0141431
-0.0177132
-0.0207341
-0.0223818
-0.021146
-0.0164088
-0.00961184
-0.00370742
-0.00116715
-0.00260893
-0.00679694
-0.0114655
-0.014761
-0.0158595
-0.0144178
-0.0110536
-0.00720888
-0.00535517
-0.00700291
-0.0116029
-0.0168894
-0.0217639
-0.0262952
-0.0304146
-0.0327489
-0.0315131
-0.0265699
-0.019361
-0.0114655
-0.00370742
0.00308952
0.00693425
0.00611038
0.000961184
-0.00604173
-0.0116715
-0.0137998
-0.0126327
-0.0100924
-0.00823872
-0.00755216
-0.00679694
-0.00508054
-0.00329549
-0.00391339
-0.00844468
-0.0152416
-0.019567
-0.0180565
-0.0118088
-0.00569845
-0.00398205
-0.0068656
-0.0116715
-0.0157909
-0.0182625
-0.0187431
-0.0164774
-0.0113969
-0.00549248
-0.00205968
-0.00357011
-0.00865065
-0.0132506
-0.0135252
-0.00885662
-0.00157909
0.0051492
0.00899393
0.00961184
0.00803275
0.00569845
0.00357011
0.00205968
0.00157909
0.0023343
0.00384473
0.00487457
0.00425667
0.00199102
-0.000823872
-0.00295221
-0.00350145
-0.0023343
-6.8656e-05
0.0017164
0.00123581
-0.00212834
-0.00734619
-0.012564
-0.0157222
-0.0154476
-0.0122894
-0.00865065
-0.00734619
-0.00913124
-0.012564
-0.0159282
-0.0181938
-0.0188117
-0.0164088
-0.0103671
-0.00240296
0.00425667
0.00741484
0.00707156
0.00453129
0.00123581
-0.0023343
-0.00624769
-0.0101611
-0.0133193
-0.0142804
-0.012976
-0.0113969
-0.0122894
-0.0165461
-0.0214207
-0.0228624
-0.0185371
-0.00988646
-0.00219699
-0.000274624
-0.00508054
-0.0133193
-0.0208028
-0.0246475
-0.0243042
-0.0205281
-0.0156536
-0.0120835
-0.0109163
-0.0110536
-0.0103671
-0.00830737
-0.00590441
-0.00480592
-0.0057671
-0.00878796
-0.0131133
-0.017164
-0.0192237
-0.0181252
-0.0139372
-0.00830737
-0.00377608
-0.00267758
-0.00583576
-0.0109163
-0.0140058
-0.0118088
-0.00446264
0.0040507
0.00823872
0.00480592
-0.00473726
-0.0151043
-0.021558
-0.0234117
-0.0226565
-0.0209401
-0.0182625
-0.0141431
-0.00906259
-0.00466861
-0.00274624
-0.00432533
-0.00906259
-0.0154476
-0.0214893
-0.0256087
-0.0273251
-0.0265699
-0.0229997
-0.0165461
-0.00892528
-0.00288355
-0.000892528
-0.00281489
-0.00638501
-0.00892528
-0.00913124
-0.00775812
-0.0068656
-0.00817006
-0.0111223
-0.0132506
-0.0120148
-0.0074835
-0.0023343
0.000205968
-0.00137312
-0.00590441
-0.0108476
-0.0137312
-0.0138685
-0.0120148
-0.0102984
-0.00988646
-0.010573
-0.0111223
-0.0100924
-0.00734619
-0.00357011
-6.8656e-05
0.00151043
0.000549248
-0.00205968
-0.00459995
-0.00611038
-0.00720888
-0.00892528
-0.0105044
-0.0104357
-0.00913124
-0.00906259
-0.0120148
-0.0167521
-0.0199102
-0.0190177
-0.0142804
-0.00817006
-0.00377608
-0.00336414
-0.0074835
-0.0146924
-0.0221759
-0.0265012
-0.0256087
-0.0198416
-0.0122894
-0.00624769
-0.00336414
-0.00329549
-0.00528651
-0.00892528
-0.0139372
-0.0188117
-0.0210087
-0.0183311
-0.0112596
-0.00295221
0.00288355
0.00453129
0.00308952
0.000892528
-0.00034328
-0.000274624
0.000137312
-0.000480592
-0.00308952
-0.00741484
-0.0114655
-0.0127014
-0.0102984
-0.00645366
-0.00466861
-0.00679694
-0.0113969
-0.0145551
-0.0134566
-0.008582
-0.00302086
0.000480592
0.00116715
-0.000549248
-0.00446264
-0.00995512
-0.0148297
-0.0161342
-0.0129073
-0.00714022
-0.00315817
-0.00425667
-0.0098178
-0.0159282
-0.0179192
-0.0138685
-0.00583576
0.00157909
0.00446264
0.00260893
-0.00123581
-0.00350145
-0.00205968
0.00260893
0.00768947
0.00995512
0.0074835
0.00102984
-0.00638501
-0.0112596
-0.0123581
-0.0112596
-0.0103671
-0.010573
-0.010573
-0.0091999
-0.00665963
-0.00425667
-0.00274624
-0.00164774
-0.000617904
-0.000205968
-0.0010985
-0.00357011
-0.00659097
-0.00871931
-0.00933721
-0.00926856
-0.0102297
-0.0134566
-0.0184685
-0.0227938
-0.0239609
-0.021352
-0.0164088
-0.0120835
-0.0104357
-0.0120148
-0.015173
-0.0172326
-0.0159968
-0.0115342
-0.00617904
-0.00288355
-0.00274624
-0.00398205
-0.00357011
-0.00034328
0.00411936
0.0068656
0.00556113
0.000755216
-0.00466861
-0.0074835
-0.0068656
-0.00425667
-0.00254027
-0.00357011
-0.00768947
-0.0135252
-0.0185371
-0.0201162
-0.0166834
-0.00885662
0.00068656
0.0091999
0.0154476
0.018949
0.0188117
0.0142804
0.00645366
-0.0017164
-0.00720888
-0.00885662
-0.00734619
-0.00439398
-0.00178506
-0.000892528
-0.00199102
-0.00425667
-0.0057671
-0.00508054
-0.00254027
6.8656e-05
0.000549248
-0.00199102
-0.00679694
-0.0124267
-0.0177132
-0.0212834
-0.021146
-0.0161342
-0.00775812
0.000274624
0.00439398
0.00336414
-0.00192237
-0.00947452
-0.0168207
-0.0217639
-0.0229311
-0.0200475
-0.0143491
-0.0074835
-0.000755216
0.00528651
0.00995512
0.0120835
0.0102984
0.00466861
-0.00212834
-0.00645366
-0.00652232
-0.0040507
-0.00205968
-0.00205968
-0.00336414
-0.00418801
-0.00391339
-0.0034328
-0.00425667
-0.00672828
-0.00954318
-0.0107103
-0.00954318
-0.00672828
-0.00384473
-0.00205968
-0.00205968
-0.00384473
-0.00652232
-0.00913124
-0.010985
-0.0117402
-0.0111909
-0.00940587
-0.00707156
-0.00508054
-0.00453129
-0.00562979
-0.00775812
-0.00926856
-0.008582
-0.00611038
-0.00439398
-0.00652232
-0.012976
-0.0208028
-0.0253341
-0.0236863
-0.0164774
-0.00727753
-0.00034328
0.00192237
-0.000411936
-0.00494323
-0.00878796
-0.0100238
-0.00837603
-0.00535517
-0.00281489
-0.00116715
0.000549248
0.00322683
0.00569845
0.00562979
0.00212834
-0.00363877
-0.00913124
-0.0121521
-0.0120835
-0.0108476
-0.0105044
-0.0117402
-0.0127014
-0.0111223
-0.00659097
-0.0010985
0.00192237
0.000411936
-0.00521785
-0.0118775
-0.0156536
-0.0146237
-0.0100924
-0.00466861
-0.00068656
0.000892528
0.000274624
-0.00116715
-0.0017164
-0.000549248
0.00123581
0.00151043
-0.000961184
-0.00542382
-0.00961184
-0.0118088
-0.0116715
-0.00954318
-0.00617904
-0.00226565
0.000961184
0.00178506
-0.000961184
-0.0068656
-0.0138685
-0.0187431
-0.0188804
-0.0136625
-0.00535517
0.000961184
0.000205968
-0.00851334
-0.0202535
-0.0274624
-0.0256773
-0.0162715
-0.00425667
0.00535517
0.0098178
0.00823872
0.00164774
-0.00665963
-0.0120835
-0.0115342
-0.00590441
0.00123581
0.00569845
0.00487457
-0.0010985
-0.00968049
-0.0168894
-0.0190864
-0.0153789
-0.00837603
-0.00226565
0.000205968
-0.000411936
-0.00192237
-0.00254027
-0.00288355
-0.00487457
-0.00899393
-0.0130446
-0.0144178
-0.0132506
-0.0122208
-0.0133879
-0.015173
-0.0135939
-0.00693425
0.0023343
0.00974915
0.0120835
0.00871931
0.00144178
-0.00624769
-0.0106417
-0.00933721
-0.00322683
0.0034328
0.00611038
0.00274624
-0.00432533
-0.0106417
-0.0124267
-0.0100924
-0.0074835
-0.00830737
-0.0124267
-0.0164774
-0.0166147
-0.0118088
-0.00418801
0.00260893
0.00535517
0.00308952
-0.0023343
-0.00734619
-0.00968049
-0.00954318
-0.00913124
-0.0100924
-0.0122208
-0.0133193
-0.0116715
-0.00782678
-0.0040507
-0.00219699
-0.00205968
-0.00212834
-0.00151043
-0.000823872
-0.0017164
-0.00487457
-0.0091999
-0.0131819
-0.0158595
-0.0174386
-0.0183998
-0.0179879
-0.0148297
-0.00823872
-6.8656e-05
0.00562979
0.00542382
-0.000480592
-0.00789544
-0.0122208
-0.0116715
-0.0081014
-0.00473726
-0.00377608
-0.00542382
-0.00789544
-0.00871931
-0.00611038
-0.000480592
0.00528651
0.00789544
0.00583576
-0.000480592
-0.00940587
-0.0188804
-0.0262266
-0.0283549
-0.023549
-0.0136625
-0.00350145
0.00205968
0.00178506
-0.00123581
-0.00288355
-0.00157909
0.00102984
0.00192237
-0.00034328
-0.00432533
-0.00741484
-0.00714022
-0.00281489
0.00384473
0.00968049
0.0113282
0.00720888
-0.00157909
-0.0116029
-0.0187431
-0.0205968
-0.0181252
-0.0146237
-0.01277
-0.012976
-0.0131133
-0.0114655
-0.00871931
-0.00768947
-0.00968049
-0.0126327
-0.0127014
-0.00789544
0.000137312
0.00720888
0.0100924
0.00823872
0.00377608
-0.00068656
-0.00350145
-0.00453129
-0.00480592
-0.00562979
-0.00727753
-0.00878796
-0.00865065
-0.00652232
-0.00329549
-0.000549248
0.0017164
0.00494323
0.00926856
0.0116715
0.00796409
-0.00281489
-0.0173013
-0.0293848
-0.0342593
-0.0309638
-0.0226565
-0.0146237
-0.0103671
-0.0091999
-0.00775812
-0.00315817
0.0040507
0.010779
0.0138685
0.0120148
0.00617904
-0.00137312
-0.00768947
-0.0101611
-0.00796409
-0.00336414
0
0.000205968
-0.00212834
-0.00528651
-0.00817006
-0.0104357
-0.0118088
-0.0120835
