LECROYHDO9204-MSöv,30454,Waveform
Segments,1,SegmentSize,2002
Ampl
0.00480592
-0.000549248
-0.00741484
-0.0131133
-0.0157909
-0.015173
-0.0129073
-0.0120835
-0.0144178
-0.0185371
-0.0206654
-0.0183998
-0.0127014
-0.00720888
-0.00528651
-0.00762081
-0.0123581
-0.0161342
-0.0162715
-0.0126327
-0.0074835
-0.0040507
-0.00446264
-0.00823872
-0.0129073
-0.0154476
-0.0145551
-0.0113282
-0.0081014
-0.00665963
-0.00700291
-0.0081014
-0.00885662
-0.00885662
-0.00844468
-0.00830737
-0.00961184
-0.0129073
-0.0178506
-0.0232744
-0.0275997
-0.0289728
-0.0266385
-0.0216953
-0.0166834
-0.0137312
-0.0131133
-0.0131819
-0.01277
-0.0120148
-0.0122894
-0.0142804
-0.0175759
-0.0205968
-0.0219013
-0.0205281
-0.0159282
-0.00837603
0
0.00528651
0.00439398
-0.00274624
-0.0122208
-0.018949
-0.0198416
-0.0152416
-0.00775812
-0.000205968
0.00487457
0.00590441
0.0023343
-0.00473726
-0.0126327
-0.0181252
-0.0190864
-0.0156536
-0.010573
-0.00796409
-0.0101611
-0.0162715
-0.0227938
-0.0260206
-0.0243729
-0.0188117
-0.0120835
-0.00734619
-0.00700291
-0.0115342
-0.019155
-0.025952
-0.0289728
-0.0280116
-0.0251967
-0.0231371
-0.0224505
-0.0222445
-0.0212147
-0.0194296
-0.0179879
-0.0176446
-0.0181938
-0.0187431
-0.0184685
-0.0174386
-0.0164088
-0.0162028
-0.0172326
-0.0192923
-0.0221072
-0.0251281
-0.0275997
-0.0295221
-0.0308952
-0.0306206
-0.0260206
-0.0157909
-0.00370742
-0.00123581
-0.0263639
-0.0983153
-0.229036
-0.413034
-0.624083
-0.823322
-0.975807
-1.06575
-1.10035
-1.10172
-1.09451
-1.09499
-1.10811
-1.12967
-1.15164
-1.16653
-1.17065
-1.16578
-1.15843
-1.15589
-1.16138
-1.17182
-1.18026
-1.18081
-1.17216
-1.15747
-1.1425
-1.13186
-1.1263
-1.12266
-1.11683
-1.10639
-1.09204
-1.07632
-1.06259
-1.05373
-1.05133
-1.05442
-1.0597
-1.06479
-1.0689
-1.07302
-1.07776
-1.08387
-1.09163
-1.10097
-1.11072
-1.11916
-1.12513
-1.12877
-1.13131
-1.13399
-1.13653
-1.13729
-1.13468
-1.12953
-1.12465
-1.12287
-1.12438
-1.1274
-1.1296
-1.1296
-1.12747
-1.1241
-1.12067
-1.11793
-1.1158
-1.11353
-1.11078
-1.10831
-1.10728
-1.10879
-1.11257
-1.11669
-1.11944
-1.12026
-1.12026
-1.1204
-1.12122
-1.12259
-1.12438
-1.12623
-1.12767
-1.12829
-1.1274
-1.12438
-1.11992
-1.11614
-1.11511
-1.11635
-1.11779
-1.11847
-1.11957
-1.1228
-1.12795
-1.13358
-1.13825
-1.14086
-1.13907
-1.12905
-1.10783
-1.07481
-1.03245
-0.984458
-0.934339
-0.884152
-0.833483
-0.780893
-0.726586
-0.672966
-0.622847
-0.575886
-0.528102
-0.475649
-0.418595
-0.36113
-0.308265
-0.262746
-0.224574
-0.192511
-0.16601
-0.14507
-0.129828
-0.120217
-0.114793
-0.11136
-0.107721
-0.102366
-0.0944706
-0.0844468
-0.0735305
-0.0633695
-0.055474
-0.0508741
-0.0501189
-0.0522472
-0.0542382
-0.0529338
-0.0479219
-0.0416055
-0.0375548
-0.0372802
-0.0398205
-0.0431159
-0.0455189
-0.047304
-0.0495696
-0.0530711
-0.0570531
-0.0602799
-0.0607605
-0.0570531
-0.0493636
-0.040919
-0.0359757
-0.036319
-0.0387906
-0.038722
-0.0340534
-0.0271878
-0.0226565
-0.0231371
-0.027737
-0.0328176
-0.0344653
-0.0308952
-0.023343
-0.0148983
-0.00913124
-0.00817006
-0.0123581
-0.019361
-0.025952
-0.0295907
-0.0298653
-0.0282176
-0.0268445
-0.0271878
-0.0291788
-0.0314444
-0.0328176
-0.0333668
-0.0337101
-0.0333668
-0.0308265
-0.0248535
-0.016958
-0.0111223
-0.0114655
-0.018949
-0.0304833
-0.0405757
-0.044695
-0.0417428
-0.0347399
-0.0280116
-0.0248535
-0.0260206
-0.029728
-0.0331608
-0.0338474
-0.0316504
-0.0281489
-0.0249221
-0.0222445
-0.0199789
-0.0187431
-0.0201162
-0.0246475
-0.03014
-0.0325429
-0.0284236
-0.0175759
-0.00363877
0.00837603
0.0148983
0.0153789
0.0121521
0.00817006
0.00473726
0.000892528
-0.00494323
-0.0131133
-0.0219013
-0.0283549
-0.0296594
-0.0252654
-0.0180565
-0.0132506
-0.0146237
-0.0214207
-0.0289042
-0.0324056
-0.0307579
-0.0262952
-0.021558
-0.0176446
-0.0139372
-0.0100924
-0.00665963
-0.00494323
-0.00562979
-0.00830737
-0.0111909
-0.0131133
-0.0139372
-0.0148983
-0.0168207
-0.019155
-0.0200475
-0.0181252
-0.0139372
-0.00926856
-0.00562979
-0.00240296
0.00192237
0.00727753
0.0111223
0.00961184
0.00130446
-0.0111223
-0.0222445
-0.027943
-0.027531
-0.0229997
-0.0166147
-0.00968049
-0.0034328
0.000892528
0.00164774
-0.00130446
-0.00604173
-0.00954318
-0.0104357
-0.0102297
-0.0113969
-0.0144864
-0.0176446
-0.0188117
-0.0175073
-0.0144178
-0.0108476
-0.00775812
-0.00562979
-0.00480592
-0.00617904
-0.010779
-0.0175073
-0.0229311
-0.0240982
-0.021558
-0.0188117
-0.0178506
-0.01737
-0.0152416
-0.0122894
-0.0122208
-0.0175073
-0.025952
-0.0311698
-0.0278743
-0.0162028
-0.00199102
0.00803275
0.010985
0.00865065
0.00446264
0.000549248
-0.00274624
-0.00604173
-0.0098178
-0.0130446
-0.0142804
-0.0128387
-0.0102297
-0.00899393
-0.0109163
-0.0148983
-0.0181252
-0.0181252
-0.0148297
-0.0105044
-0.00782678
-0.00762081
-0.00899393
-0.0113282
-0.015173
-0.0202535
-0.0236177
-0.0212147
-0.0110536
0.00357011
0.0164088
0.0219013
0.0190177
0.0111909
0.00288355
-0.00260893
-0.00473726
-0.00466861
-0.00439398
-0.0051492
-0.00700291
-0.00899393
-0.0102984
-0.0107103
-0.0106417
-0.0102984
-0.00933721
-0.00762081
-0.00549248
-0.00322683
-0.00102984
-6.8656e-05
-0.0017164
-0.00604173
-0.0104357
-0.0118775
-0.00933721
-0.00446264
0.000274624
0.00384473
0.00604173
0.00672828
0.00556113
0.00240296
-0.00247161
-0.0081014
-0.0131133
-0.0165461
-0.0183998
-0.0194983
-0.0203908
-0.0201162
-0.0173013
-0.0115342
-0.00453129
0.000961184
0.00267758
0
-0.00535517
-0.00961184
-0.00947452
-0.00446264
0.00219699
0.00590441
0.00411936
-0.00144178
-0.00727753
-0.0107103
-0.0111909
-0.00940587
-0.00631635
-0.00288355
-0.000411936
-0.00034328
-0.00308952
-0.00803275
-0.0138685
-0.0188804
-0.0210087
-0.0188804
-0.0128387
-0.00521785
0.00130446
0.00487457
0.00521785
0.00260893
-0.00240296
-0.00878796
-0.0145551
-0.01737
-0.0161342
-0.0118775
-0.00727753
-0.0040507
-0.00164774
0.0017164
0.00659097
0.0109163
0.0111223
0.00494323
-0.00631635
-0.0181938
-0.0253341
-0.0250594
-0.019155
-0.0124267
-0.00837603
-0.0068656
-0.00473726
0.00034328
0.00734619
0.0122894
0.0114655
0.00459995
-0.00521785
-0.0137998
-0.0182625
-0.0175759
-0.0124267
-0.00535517
0.000480592
0.00322683
0.00418801
0.00556113
0.0074835
0.00741484
0.00288355
-0.00652232
-0.0183998
-0.0282176
-0.0314444
-0.0264325
-0.0161342
-0.00714022
-0.00494323
-0.00947452
-0.0153789
-0.0173013
-0.0146924
-0.0109163
-0.00947452
-0.0100924
-0.0100238
-0.00679694
-0.00116715
0.00336414
0.00302086
-0.00315817
-0.01277
-0.0209401
-0.0231371
-0.01737
-0.00652232
0.0034328
0.00693425
0.00288355
-0.0057671
-0.0139372
-0.017164
-0.0142804
-0.00782678
-0.00247161
-0.00116715
-0.00260893
-0.00363877
-0.00267758
-0.000480592
0.00123581
0.00164774
0.000411936
-0.00240296
-0.00597307
-0.00892528
-0.00995512
-0.00885662
-0.00665963
-0.00494323
-0.00508054
-0.00734619
-0.0106417
-0.0136625
-0.0153789
-0.0146237
-0.0102984
-0.00247161
0.00617904
0.0115342
0.0103671
0.00315817
-0.00679694
-0.0151043
-0.0186744
-0.0170953
-0.0124954
-0.00741484
-0.00370742
-0.00199102
-0.0017164
-0.00212834
-0.00219699
-0.00137312
0.000617904
0.00336414
0.00562979
0.00556113
0.00247161
-0.00240296
-0.00638501
-0.00762081
-0.00665963
-0.00508054
-0.00466861
-0.00624769
-0.00954318
-0.0133879
-0.0156536
-0.014967
-0.0111223
-0.00542382
6.8656e-05
0.00295221
0.00178506
-0.0023343
-0.00679694
-0.00974915
-0.0113969
-0.0131819
-0.0162028
-0.0200475
-0.0230684
-0.0238236
-0.0222445
-0.0194983
-0.0164088
-0.012976
-0.00933721
-0.00707156
-0.00762081
-0.00995512
-0.010985
-0.00865065
-0.00466861
-0.00322683
-0.00659097
-0.0129073
-0.0182625
-0.0203222
-0.0196356
-0.0182625
-0.01737
-0.0167521
-0.0155849
-0.0135252
-0.0111909
-0.00988646
-0.0108476
-0.0137998
-0.0164088
-0.0157222
-0.0111909
-0.00535517
-0.00151043
-0.00137312
-0.00411936
-0.00796409
-0.0109163
-0.0120148
-0.0116715
-0.0113969
-0.012564
-0.0146237
-0.014967
-0.0113969
-0.00446264
0.00212834
0.00459995
0.00130446
-0.00583576
-0.0123581
-0.0142804
-0.0110536
-0.00569845
-0.00254027
-0.0040507
-0.00988646
-0.01737
-0.0229997
-0.023343
-0.0175759
-0.00892528
-0.00363877
-0.00631635
-0.0162028
-0.027737
-0.0348772
-0.0350145
-0.029728
-0.0218326
-0.0141431
-0.00871931
-0.00672828
-0.0074835
-0.00851334
-0.00707156
-0.00267758
0.00212834
0.00391339
0.0010985
-0.00494323
-0.0116029
-0.0163401
-0.0183311
-0.0184685
-0.0179879
-0.0175073
-0.0164774
-0.014761
-0.0132506
-0.0133193
-0.0153789
-0.0181252
-0.0190864
-0.0168894
-0.012564
-0.00933721
-0.00899393
-0.010573
-0.0119461
-0.0119461
-0.0106417
-0.00803275
-0.0040507
0.000274624
0.00295221
0.00274624
0
-0.00377608
-0.00762081
-0.010985
-0.0129073
-0.0124267
-0.00974915
-0.00707156
-0.00693425
-0.00940587
-0.0118088
-0.0113969
-0.00817006
-0.00501189
-0.00549248
-0.0103671
-0.0167521
-0.0200475
-0.0179879
-0.0127014
-0.00913124
-0.0103671
-0.0154476
-0.0207341
-0.0227938
-0.0208028
-0.0165461
-0.0129073
-0.0116715
-0.0120148
-0.0111909
-0.00734619
-0.00116715
0.0040507
0.00556113
0.00254027
-0.00329549
-0.00913124
-0.0124954
-0.0119461
-0.00844468
-0.00446264
-0.00192237
-0.00151043
-0.00254027
-0.00508054
-0.00954318
-0.0153789
-0.0199102
-0.0202535
-0.0157222
-0.00830737
-0.00164774
0.00123581
-0.000549248
-0.00521785
-0.00906259
-0.00871931
-0.00384473
0.00254027
0.00652232
0.00665963
0.00446264
0.00199102
-0.00068656
-0.00542382
-0.0127014
-0.0207341
-0.0272564
-0.0315131
-0.0337787
-0.0336414
-0.0306206
-0.0254027
-0.0202535
-0.0165461
-0.0140745
-0.0112596
-0.00796409
-0.00549248
-0.00562979
-0.00837603
-0.0114655
-0.01277
-0.0119461
-0.0107103
-0.010779
-0.0120835
-0.0126327
-0.0103671
-0.0057671
-0.00157909
-0.00144178
-0.00665963
-0.0148297
-0.0209401
-0.021352
-0.0161342
-0.00837603
-0.00157909
0.0023343
0.00350145
0.00302086
0.00185371
-6.8656e-05
-0.00329549
-0.00817006
-0.0136625
-0.0174386
-0.0170953
-0.0118775
-0.00384473
0.00267758
0.00357011
-0.00116715
-0.00714022
-0.00954318
-0.00659097
-0.000411936
0.00501189
0.00624769
0.00157909
-0.0074835
-0.0158595
-0.0176446
-0.0104357
0.00178506
0.0113969
0.0123581
0.00370742
-0.0102984
-0.0238236
-0.032131
-0.033916
-0.0298653
-0.0221072
-0.0132506
-0.00604173
-0.00212834
-0.00116715
-0.00185371
-0.00295221
-0.00363877
-0.00391339
-0.00418801
-0.00556113
-0.00823872
-0.0102984
-0.00892528
-0.00418801
0.000480592
0.00102984
-0.00357011
-0.0111223
-0.0186058
-0.0241669
-0.0274624
-0.0282176
-0.0265699
-0.0229311
-0.0184685
-0.0144864
-0.0116029
-0.00961184
-0.00782678
-0.00569845
-0.0034328
-0.00123581
-6.8656e-05
-0.00144178
-0.00590441
-0.0116029
-0.014761
-0.0128387
-0.00741484
-0.00302086
-0.00288355
-0.00652232
-0.010779
-0.0130446
-0.0139372
-0.0155849
-0.0186744
-0.0212834
-0.0201849
-0.0139372
-0.00439398
0.00453129
0.00871931
0.00556113
-0.00377608
-0.0152416
-0.0240296
-0.027943
-0.0274624
-0.0239609
-0.0186058
-0.012564
-0.00693425
-0.00281489
-0.00137312
-0.00357011
-0.00906259
-0.0154476
-0.0188804
-0.0173013
-0.012564
-0.00899393
-0.00947452
-0.0128387
-0.0151043
-0.0131819
-0.00693425
0.000755216
0.00624769
0.00755216
0.00556113
0.00274624
0.000549248
-0.00123581
-0.00363877
-0.00659097
-0.00913124
-0.0105044
-0.0110536
-0.0113969
-0.0118775
-0.0118088
-0.0113282
-0.0111223
-0.0118775
-0.0131819
-0.0139372
-0.0133879
-0.0113969
-0.00823872
-0.00480592
-0.00240296
-0.00185371
-0.00254027
-0.00357011
-0.00432533
-0.00446264
-0.00418801
-0.00377608
-0.00357011
-0.00391339
-0.00487457
-0.00638501
-0.00823872
-0.00947452
-0.00940587
-0.00878796
-0.00913124
-0.0100238
-0.00947452
-0.00617904
-0.00219699
-0.00130446
-0.00494323
-0.0100238
-0.0118775
-0.00782678
0.000274624
0.00762081
0.00968049
0.00425667
-0.00741484
-0.0209401
-0.0308265
-0.0333668
-0.0285609
-0.0205968
-0.0148983
-0.0142804
-0.0173013
-0.0194983
-0.0175073
-0.0118775
-0.00569845
-0.00219699
-0.00219699
-0.00384473
-0.00508054
-0.0057671
-0.00714022
-0.00988646
-0.0124267
-0.01277
-0.0101611
-0.00562979
-0.000892528
0.00199102
0.00123581
-0.00322683
-0.00947452
-0.0150357
-0.0180565
-0.0177819
-0.0142804
-0.00899393
-0.00466861
-0.00391339
-0.00720888
-0.0123581
-0.0152416
-0.0127014
-0.00446264
0.00542382
0.0111223
0.00906259
0.000205968
-0.0112596
-0.0205968
-0.0251967
-0.0248535
-0.0209401
-0.0152416
-0.00926856
-0.00446264
-0.00219699
-0.00357011
-0.00844468
-0.014967
-0.0199102
-0.0201162
-0.014967
-0.00672828
0.000205968
0.00267758
-6.8656e-05
-0.0057671
-0.0113969
-0.014761
-0.0154476
-0.0142118
-0.0122894
-0.0101611
-0.00789544
-0.00562979
-0.00384473
-0.00322683
-0.00363877
-0.00391339
-0.00274624
-0.000137312
0.00226565
0.00178506
-0.00308952
-0.0112596
-0.0192923
-0.0232057
-0.0210774
-0.0139372
-0.00590441
-0.0017164
-0.0034328
-0.00899393
-0.0135939
-0.0132506
-0.00782678
-0.00068656
0.00363877
0.0023343
-0.00459995
-0.0145551
-0.0234117
-0.0276684
-0.0258146
-0.0190177
-0.0106417
-0.00418801
-0.00212834
-0.00453129
-0.00947452
-0.0140058
-0.0153789
-0.0130446
-0.00865065
-0.00466861
-0.00254027
-0.0017164
-0.00102984
0.000411936
0.00288355
0.00542382
0.00659097
0.00556113
0.00281489
-0.000205968
-0.00192237
-0.00185371
-0.000617904
0.00068656
0.0010985
-0.00034328
-0.00418801
-0.0100238
-0.0157222
-0.0183311
-0.0162715
-0.0111223
-0.00665963
-0.00611038
-0.00974915
-0.0144178
-0.0162715
-0.0134566
-0.00775812
-0.00267758
-0.000549248
-0.000892528
-0.00137312
-0.000617904
0.000755216
0.00102984
-0.000755216
-0.00370742
-0.00624769
-0.0074835
-0.0074835
-0.00707156
-0.00659097
-0.00638501
-0.00638501
-0.00665963
-0.00741484
-0.00954318
-0.0137312
-0.0197729
-0.025746
-0.0291788
-0.0285609
-0.0239609
-0.017164
-0.010573
-0.0057671
-0.00308952
-0.00212834
-0.00295221
-0.00624769
-0.0118088
-0.0168894
-0.0173013
-0.0107103
0.000205968
0.00933721
0.0108476
0.00391339
-0.00762081
-0.0178506
-0.0224505
-0.0206654
-0.0151043
-0.00947452
-0.00597307
-0.00453129
-0.00425667
-0.00418801
-0.00370742
-0.00199102
0.000961184
0.0034328
0.00350145
0.000617904
-0.0034328
-0.00617904
-0.00672828
-0.00672828
-0.00865065
-0.012976
-0.0174386
-0.0196356
-0.019155
-0.0175759
-0.0164088
-0.0167521
-0.0183998
-0.0199102
-0.0183998
-0.0122894
-0.00357011
0.00274624
0.00281489
-0.00267758
-0.00913124
-0.0120835
-0.0102984
-0.00604173
-0.00260893
-0.00144178
-0.00144178
-0.000961184
0.000137312
0.000274624
-0.00185371
-0.00597307
-0.010573
-0.0141431
-0.0161342
-0.0176446
-0.0200475
-0.0227938
-0.0230684
-0.0185371
-0.0102297
-0.00199102
0.00322683
0.00466861
0.00288355
-0.00151043
-0.00782678
-0.0143491
-0.0182625
-0.0177819
-0.0136625
-0.0091999
-0.00768947
-0.00954318
-0.0115342
-0.0102984
-0.0057671
-0.000549248
0.00226565
0.0017164
-0.00102984
-0.00398205
-0.00556113
-0.00562979
-0.00549248
-0.00645366
-0.00823872
-0.00940587
-0.00906259
-0.00796409
-0.00782678
-0.00913124
-0.0107103
-0.0111223
-0.0100924
-0.00830737
-0.00631635
-0.00377608
-0.00068656
0.00219699
0.00411936
0.00535517
0.00604173
0.00604173
0.00466861
0.00151043
-0.00322683
-0.00844468
-0.0124954
-0.0139372
-0.012564
-0.00988646
-0.00796409
-0.00796409
-0.00926856
-0.0106417
-0.0111223
-0.0102984
-0.00782678
-0.00459995
-0.00219699
-0.0023343
-0.00562979
-0.0111909
-0.0168894
-0.0198416
-0.0179192
-0.0114655
-0.00350145
0.00260893
0.00528651
0.00542382
0.00459995
0.0040507
0.00377608
0.00288355
0.000549248
-0.00260893
-0.00508054
-0.00549248
-0.00398205
-0.00212834
-0.00164774
-0.00288355
-0.00446264
-0.00528651
-0.00549248
-0.00631635
-0.00851334
-0.010985
-0.0118775
-0.0107103
-0.00940587
-0.00995512
-0.0118775
-0.0128387
-0.0116715
-0.00961184
-0.00851334
-0.00926856
-0.010985
-0.0123581
-0.01277
-0.0127014
-0.0127014
-0.0122894
-0.0110536
-0.0100238
-0.0105044
-0.0120148
-0.012564
-0.0101611
-0.00590441
-0.00295221
-0.0034328
-0.00617904
-0.0081014
-0.00762081
-0.00624769
-0.00672828
-0.00954318
-0.0124954
-0.0131133
-0.0113282
-0.00865065
-0.00645366
-0.00480592
-0.0034328
-0.00247161
-0.00205968
-0.00274624
-0.00425667
-0.00597307
-0.00679694
-0.00679694
-0.0074835
-0.0108476
-0.0172326
-0.0243729
-0.0289728
-0.0289042
-0.0248535
-0.019155
-0.0142804
-0.0113969
-0.0100238
-0.00823872
-0.00377608
0.00329549
0.00974915
0.0108476
0.00432533
-0.00741484
-0.019155
-0.0267758
-0.0289042
-0.0261579
-0.0199102
-0.0119461
-0.00473726
-0.000480592
0.000549248
0.00034328
0.000961184
0.00254027
0.0034328
0.00254027
0.00034328
-0.00185371
-0.00357011
-0.00549248
-0.00844468
-0.012564
-0.0163401
-0.0177132
-0.0148983
-0.00878796
-0.00254027
0.000549248
-0.000411936
-0.00377608
-0.00693425
-0.0081014
-0.0068656
-0.00391339
-0.00068656
0.00144178
0.00151043
-0.000823872
-0.00453129
-0.00837603
-0.0107103
-0.010985
-0.00954318
-0.00755216
-0.00631635
-0.00700291
-0.0100924
-0.0158595
-0.0234803
-0.0303459
-0.0321996
-0.0265699
-0.0162028
-0.00734619
-0.00535517
-0.00974915
-0.0154476
-0.0179879
-0.0160655
-0.0115342
-0.00631635
-0.00178506
0.00144178
0.00274624
0.00157909
-0.00205968
-0.0074835
-0.012564
-0.0150357
-0.0141431
-0.0118775
-0.010985
-0.0118775
-0.0124954
-0.0102297
-0.00528651
-0.00034328
0.0017164
0.000480592
-0.00226565
-0.00459995
-0.0068656
-0.0107103
-0.0164088
-0.0216953
-0.0236177
-0.0210774
-0.0162028
-0.0120835
-0.00995512
-0.00803275
-0.00411936
0.0017164
0.00638501
0.00707156
0.00329549
-0.00267758
-0.00762081
-0.00961184
-0.00892528
-0.00679694
-0.00439398
-0.00205968
-0.00034328
6.8656e-05
-0.00199102
-0.00659097
-0.012564
-0.0176446
-0.0199789
-0.018949
-0.0159968
-0.01277
-0.00933721
-0.00418801
0.00418801
0.0144178
0.0220386
0.0227251
0.0153789
0.00350145
-0.00775812
-0.0148983
-0.0175759
-0.0170953
-0.0148297
-0.0116715
-0.00844468
-0.00645366
-0.00611038
-0.00679694
-0.00714022
-0.00638501
-0.00473726
-0.00315817
-0.00226565
-0.00199102
-0.00185371
-0.00123581
-0.000205968
0.000892528
0.00164774
0.00151043
6.8656e-05
-0.00336414
-0.00865065
-0.0144178
-0.0181938
-0.0178506
-0.0131133
-0.00617904
-0.000617904
0.00123581
-0.00068656
-0.00398205
-0.00611038
-0.00659097
-0.00714022
-0.00954318
-0.0134566
-0.0157909
-0.0139372
-0.00796409
-0.000617904
0.00494323
0.00631635
0.00357011
-0.00164774
-0.00652232
-0.00926856
-0.00995512
-0.00995512
-0.0105044
-0.0113282
-0.0117402
-0.010985
-0.00913124
-0.00782678
-0.00913124
-0.0138685
-0.0205968
-0.0262266
-0.0278743
-0.0247848
-0.018949
-0.0137312
-0.0116715
-0.0122894
-0.0128387
-0.0108476
-0.00659097
-0.00281489
-0.0017164
-0.00357011
-0.00617904
-0.00762081
-0.0074835
-0.00631635
-0.00487457
-0.00398205
-0.00459995
-0.0068656
-0.00961184
-0.0111223
-0.0102984
-0.00707156
-0.00199102
0.00370742
0.00755216
0.00762081
0.00391339
-0.0017164
-0.00768947
-0.0140058
-0.0204595
-0.0251967
-0.0261579
-0.0230684
-0.0181938
-0.0138685
-0.0109163
-0.00878796
-0.00755216
-0.00823872
-0.0116715
-0.0164088
-0.0190177
-0.0170267
-0.0111909
-0.00542382
-0.00336414
-0.0051492
-0.00851334
-0.010985
-0.0113969
-0.00995512
-0.0081014
-0.00789544
-0.0106417
-0.014967
-0.0179879
-0.0178506
-0.0148983
-0.0110536
-0.00782678
-0.0057671
-0.00439398
-0.00274624
-0.000549248
0.000823872
-6.8656e-05
-0.00329549
-0.00707156
-0.0098178
-0.0116029
-0.01277
-0.0131819
-0.0126327
-0.0121521
-0.01277
-0.0145551
-0.0165461
-0.0181938
-0.0190177
-0.0185371
-0.0165461
-0.0141431
-0.0131819
-0.0148297
-0.0179879
-0.0197043
-0.01737
-0.0110536
-0.00377608
0.00151043
0.00315817
0.000617904
-0.00645366
-0.0173013
-0.0286982
-0.0359757
-0.0357698
-0.0284236
-0.0177819
-0.0091999
-0.00665963
-0.0100924
-0.0152416
-0.017164
-0.0142804
-0.00926856
-0.00597307
-0.00617904
-0.00844468
-0.00961184
-0.0081014
-0.00549248
-0.00501189
-0.00817006
-0.0131819
-0.0168207
-0.0172326
-0.014967
-0.0118775
-0.00926856
-0.00734619
-0.00562979
-0.00391339
-0.00274624
-0.00384473
-0.00823872
-0.014761
-0.0197043
-0.0185371
-0.00961184
0.00377608
0.0144178
0.0157222
0.00659097
-0.00782678
-0.0201162
-0.0256773
-0.0247848
-0.0209401
-0.0173013
-0.015173
-0.0137312
-0.0120148
-0.00933721
-0.00624769
-0.00411936
-0.00411936
-0.00583576
-0.00762081
-0.00837603
-0.00871931
-0.0100238
-0.0124267
-0.0143491
-0.0136625
-0.00913124
-0.00164774
0.00549248
0.00796409
0.00370742
-0.00542382
-0.0146924
-0.0199789
-0.0205968
-0.0187431
-0.0164088
-0.0137312
-0.00940587
-0.00295221
0.00439398
0.0100924
0.0122894
0.0105044
0.00624769
0.00178506
-0.00178506
-0.00487457
-0.00789544
-0.0104357
-0.0114655
-0.0109163
-0.00974915
-0.00837603
-0.00659097
-0.00480592
-0.00453129
-0.00590441
-0.00720888
-0.00604173
-0.00205968
0.0023343
0.00480592
0.00494323
0.0040507
0.00322683
0.00199102
-0.0010985
-0.00659097
-0.0128387
-0.0170267
-0.0174386
-0.0144178
-0.0100238
-0.00652232
-0.00617904
-0.00926856
-0.0136625
-0.0159968
-0.0146924
-0.0111909
-0.00803275
-0.00645366
-0.00542382
-0.00370742
-0.00130446
0.00068656
0.00123581
0.000480592
-0.00123581
-0.00418801
-0.00968049
-0.0174386
-0.0245102
-0.0267758
-0.0223818
-0.0132506
-0.00411936
0.000411936
-0.00185371
-0.00933721
-0.01737
-0.0207341
-0.0168894
-0.00734619
0.00391339
0.0128387
0.0164774
0.0138685
0.00624769
-0.00398205
-0.0136625
-0.0205281
-0.0228624
-0.0201162
-0.0131819
-0.00501189
0.000755216
0.00164774
-0.00199102
-0.00830737
-0.0146237
-0.0186744
-0.0198416
-0.0190864
-0.0179192
-0.0161342
-0.0122894
-0.00562979
0.00240296
0.00926856
0.0132506
0.0146237
0.0140745
0.010779
0.00288355
-0.00933721
-0.0216266
-0.0275997
-0.0245102
-0.015173
-0.0057671
-0.000892528
-0.00116715
-0.00363877
-0.0051492
-0.00487457
-0.00439398
-0.00597307
-0.0104357
-0.0166147
-0.0223132
-0.0249908
-0.0229997
-0.0162028
-0.00693425
0.00137312
0.00604173
0.00617904
0.00226565
-0.00432533
-0.010779
-0.0134566
-0.0100924
-0.00178506
0.00679694
0.0104357
0.00734619
0.000274624
-0.00562979
-0.00734619
-0.00597307
-0.00439398
-0.0040507
-0.0040507
-0.00288355
-0.00068656
0.0010985
0.000274624
-0.00418801
-0.0114655
-0.0184685
-0.0220386
-0.0208028
-0.0164774
-0.0126327
-0.0120835
-0.0150357
-0.0192923
-0.0212834
-0.0190864
-0.0131819
-0.00624769
-0.000823872
0.00192237
0.00164774
-0.00151043
-0.00700291
-0.0134566
-0.0185371
-0.0200475
-0.01737
-0.0120835
-0.00755216
-0.00672828
-0.0100238
-0.0148983
-0.0178506
-0.0168894
-0.0124267
-0.00645366
-0.00102984
0.00260893
0.00432533
0.00377608
0.000549248
-0.00562979
-0.0133193
-0.0197043
-0.0219699
-0.0197729
-0.0153789
-0.0120148
-0.0111909
-0.0113969
-0.0102984
-0.00720888
-0.00370742
-0.0017164
-0.00164774
-0.00274624
-0.00453129
-0.00659097
-0.00803275
-0.00803275
-0.0074835
-0.0081014
-0.010779
-0.0140058
-0.0158595
-0.0160655
-0.0159282
-0.0164774
-0.0170953
-0.0160655
-0.0121521
-0.00652232
-0.00329549
-0.00611038
-0.0142118
-0.0223818
-0.0246475
-0.019361
-0.0104357
-0.00418801
-0.00459995
-0.0101611
