LECROYHDO9204-MSöv,30454,Waveform
Segments,1,SegmentSize,2002
Ampl
-0.00501189
0.00102984
0.00549248
0.00597307
0.00315817
0
-0.000961184
-6.8656e-05
0.000755216
0.00034328
-0.000480592
-0.00034328
0.00130446
0.00446264
0.00817006
0.0109163
0.010985
0.00762081
0.00185371
-0.00459995
-0.0098178
-0.0120835
-0.0106417
-0.00652232
-0.00212834
-0.000411936
-0.00302086
-0.00871931
-0.0129073
-0.0111909
-0.00377608
0.0040507
0.00631635
0.00185371
-0.00604173
-0.0126327
-0.015173
-0.0134566
-0.00961184
-0.00590441
-0.00363877
-0.00295221
-0.00391339
-0.00714022
-0.0124954
-0.0185371
-0.0227938
-0.023343
-0.0197729
-0.0135939
-0.00741484
-0.0034328
-0.00192237
-0.00123581
0.000137312
0.00137312
0.000137312
-0.00542382
-0.0138685
-0.0216266
-0.0256087
-0.025746
-0.0240982
-0.0218326
-0.0186058
-0.0135939
-0.00796409
-0.00363877
-0.00205968
-0.00254027
-0.00391339
-0.0057671
-0.00851334
-0.0118088
-0.0148297
-0.0166147
-0.0166834
-0.0153103
-0.0134566
-0.0123581
-0.012976
-0.0156536
-0.0198416
-0.0243042
-0.0276684
-0.0288355
-0.0280116
-0.0262266
-0.0243042
-0.0221759
-0.019155
-0.0156536
-0.0132506
-0.0131819
-0.014761
-0.0159968
-0.0146924
-0.0109163
-0.00768947
-0.00865065
-0.014967
-0.0232057
-0.0285609
-0.0289728
-0.0262952
-0.0236863
-0.0226565
-0.0227251
-0.0234117
-0.0252654
-0.0283549
-0.0311698
-0.0307579
-0.0243729
-0.0111909
0.00583576
0.019361
0.01737
-0.0158595
-0.0967363
-0.235215
-0.425049
-0.639256
-0.837671
-0.985831
-1.07021
-1.10117
-1.10131
-1.09273
-1.0895
-1.09747
-1.11635
-1.14086
-1.16269
-1.17484
-1.17594
-1.17093
-1.16708
-1.16887
-1.17594
-1.18397
-1.18768
-1.18329
-1.17093
-1.15424
-1.13838
-1.12726
-1.12108
-1.11669
-1.10927
-1.09596
-1.07769
-1.05957
-1.04687
-1.04199
-1.04316
-1.04687
-1.05105
-1.05613
-1.06314
-1.07172
-1.08003
-1.08607
-1.08923
-1.09081
-1.09245
-1.09534
-1.10049
-1.10873
-1.11944
-1.12973
-1.13509
-1.13324
-1.1263
-1.1195
-1.11724
-1.12053
-1.12719
-1.13392
-1.13838
-1.1399
-1.13873
-1.13543
-1.12953
-1.12088
-1.1112
-1.10406
-1.10255
-1.10715
-1.11484
-1.12136
-1.1239
-1.12294
-1.12108
-1.11998
-1.11895
-1.11573
-1.10914
-1.10145
-1.0965
-1.09685
-1.10152
-1.1068
-1.10921
-1.10818
-1.10632
-1.10653
-1.10969
-1.11394
-1.11621
-1.11477
-1.11147
-1.1112
-1.11793
-1.1307
-1.14326
-1.14786
-1.13941
-1.11662
-1.08181
-1.03876
-0.991667
-0.942235
-0.889163
-0.830463
-0.76675
-0.702625
-0.643787
-0.59305
-0.548767
-0.506338
-0.462055
-0.414476
-0.364426
-0.314032
-0.266728
-0.226153
-0.194846
-0.172121
-0.154957
-0.140264
-0.126876
-0.115548
-0.107515
-0.103259
-0.101474
-0.0999631
-0.096393
-0.0897334
-0.0811514
-0.0739425
-0.0709216
-0.0722947
-0.0742858
-0.0727753
-0.0663217
-0.0571904
-0.0490204
-0.044901
-0.0462055
-0.0519726
-0.0587695
-0.062271
-0.059868
-0.0523158
-0.0427727
-0.0354265
-0.0328862
-0.0350145
-0.0394085
-0.042704
-0.0428413
-0.0397518
-0.0357011
-0.0332295
-0.0332981
-0.0346713
-0.0349459
-0.0328176
-0.0288355
-0.0243042
-0.0207341
-0.0197043
-0.0228624
-0.0298653
-0.0379668
-0.0427727
-0.0418801
-0.0364563
-0.0302086
-0.0263639
-0.0251281
-0.0244415
-0.0214207
-0.0152416
-0.00775812
-0.00151043
0.0017164
0.0017164
-0.00185371
-0.00947452
-0.0202535
-0.0315817
-0.0394085
-0.0408503
-0.0353578
-0.02554
-0.0158595
-0.0100924
-0.00995512
-0.0140058
-0.0187431
-0.0205968
-0.0177819
-0.0117402
-0.00604173
-0.00384473
-0.00569845
-0.0098178
-0.0137998
-0.0159282
-0.0157222
-0.0135252
-0.0107103
-0.00906259
-0.00995512
-0.0135939
-0.0188117
-0.0234803
-0.0256087
-0.0244415
-0.0208714
-0.0166147
-0.0120835
-0.00617904
0.00164774
0.00926856
0.0124954
0.00803275
-0.00350145
-0.0177132
-0.0294534
-0.0354951
-0.0352892
-0.0306892
-0.0243729
-0.0188804
-0.0156536
-0.0148297
-0.0150357
-0.0148297
-0.0142804
-0.0151043
-0.0183998
-0.0227251
-0.02554
-0.02554
-0.0245788
-0.0253341
-0.0280803
-0.0298653
-0.0269818
-0.018949
-0.00906259
-0.0017164
0.00116715
0.000480592
-0.00151043
-0.00288355
-0.00281489
-0.0023343
-0.00281489
-0.00487457
-0.0074835
-0.00968049
-0.010985
-0.0116029
-0.0114655
-0.0102984
-0.00851334
-0.00727753
-0.00741484
-0.00865065
-0.00961184
-0.00926856
-0.00782678
-0.00720888
-0.00940587
-0.0138685
-0.0172326
-0.0154476
-0.00789544
0.00144178
0.00707156
0.00611038
0.000480592
-0.00556113
-0.00913124
-0.0102984
-0.0115342
-0.0142804
-0.0180565
-0.0207341
-0.0212147
-0.0200475
-0.0186058
-0.0177819
-0.0177132
-0.0174386
-0.0155849
-0.0116715
-0.00720888
-0.00494323
-0.00693425
-0.0122894
-0.0175759
-0.018949
-0.0148297
-0.00672828
0.00123581
0.0051492
0.0034328
-0.00199102
-0.00755216
-0.0102297
-0.00892528
-0.00535517
-0.00254027
-0.00267758
-0.00508054
-0.00714022
-0.00638501
-0.0023343
0.00377608
0.00947452
0.0120835
0.0100924
0.00377608
-0.00480592
-0.0126327
-0.0173013
-0.0180565
-0.0162028
-0.0136625
-0.0119461
-0.010985
-0.00940587
-0.00528651
0.0023343
0.0115342
0.0181938
0.0186744
0.012976
0.00432533
-0.00329549
-0.00830737
-0.0116029
-0.0138685
-0.0143491
-0.0117402
-0.00604173
0.000137312
0.00336414
0.0017164
-0.00315817
-0.00789544
-0.0102984
-0.010573
-0.0104357
-0.0113969
-0.0137998
-0.0162028
-0.0166147
-0.0139372
-0.00913124
-0.00398205
0
0.00260893
0.00377608
0.00288355
-0.000549248
-0.00521785
-0.0081014
-0.00665963
-0.0010985
0.00583576
0.010573
0.0105044
0.00542382
-0.00185371
-0.00665963
-0.00549248
0.000411936
0.00604173
0.00665963
0.00185371
-0.00453129
-0.008582
-0.0091999
-0.00803275
-0.00665963
-0.00508054
-0.00322683
-0.00219699
-0.0034328
-0.00693425
-0.010779
-0.0128387
-0.0128387
-0.0117402
-0.0109163
-0.010779
-0.010779
-0.0103671
-0.00968049
-0.0098178
-0.0115342
-0.0142804
-0.0166147
-0.0172326
-0.0153103
-0.0102297
-0.00226565
0.00617904
0.0112596
0.0100924
0.00288355
-0.00720888
-0.0159282
-0.0202535
-0.0194296
-0.015173
-0.0105044
-0.00796409
-0.0081014
-0.00926856
-0.00892528
-0.00604173
-0.00247161
-0.00178506
-0.00631635
-0.0146924
-0.0227938
-0.0266385
-0.0251281
-0.019361
-0.0112596
-0.00254027
0.00501189
0.00968049
0.0100924
0.0057671
-0.00178506
-0.00947452
-0.0143491
-0.0152416
-0.012976
-0.00899393
-0.00398205
0.00123581
0.00583576
0.0091999
0.0111223
0.0113282
0.00954318
0.00604173
0.00212834
-0.00068656
-0.00199102
-0.00274624
-0.00473726
-0.0091999
-0.0161342
-0.0239609
-0.0293161
-0.0288355
-0.021146
-0.0091999
0.00130446
0.00528651
0.00254027
-0.00205968
-0.00308952
0.000274624
0.00363877
0.00260893
-0.00308952
-0.0102297
-0.0156536
-0.0184685
-0.019567
-0.0196356
-0.0183311
-0.0151043
-0.0098178
-0.00398205
-0.000205968
-0.000480592
-0.00473726
-0.0098178
-0.0116029
-0.0081014
-0.00151043
0.00370742
0.00487457
0.00274624
0.000480592
0.000961184
0.00480592
0.0101611
0.0131819
0.0106417
0.00199102
-0.00913124
-0.0168207
-0.0173013
-0.0116029
-0.00453129
-0.000549248
-0.000961184
-0.00487457
-0.0106417
-0.0164088
-0.0198416
-0.0190177
-0.0142118
-0.00817006
-0.00411936
-0.00363877
-0.00569845
-0.00817006
-0.00940587
-0.00926856
-0.00837603
-0.00762081
-0.00734619
-0.00768947
-0.00817006
-0.00837603
-0.00782678
-0.00624769
-0.00370742
-0.000137312
0.00425667
0.00851334
0.0118775
0.0136625
0.0133193
0.0103671
0.00501189
-0.00144178
-0.0068656
-0.00968049
-0.00954318
-0.00727753
-0.00446264
-0.00274624
-0.00274624
-0.00384473
-0.00432533
-0.00288355
0.000137312
0.00281489
0.00240296
-0.00226565
-0.00933721
-0.0143491
-0.0133879
-0.00631635
0.00288355
0.00913124
0.00954318
0.00549248
0.000137312
-0.00363877
-0.00453129
-0.00185371
0.00384473
0.0106417
0.0153103
0.0162715
0.0140058
0.0100924
0.00535517
0.000480592
-0.00377608
-0.00583576
-0.00418801
0.00144178
0.00906259
0.0140745
0.0122208
0.0034328
-0.00734619
-0.0137312
-0.0129073
-0.00645366
0.00130446
0.00700291
0.00933721
0.00830737
0.00446264
-0.00157909
-0.00851334
-0.0142118
-0.0164774
-0.014761
-0.0111909
-0.00878796
-0.008582
-0.00865065
-0.00659097
-0.00274624
0.00034328
0.000892528
6.8656e-05
0.000274624
0.0023343
0.00418801
0.00267758
-0.00254027
-0.00878796
-0.0123581
-0.0118775
-0.00871931
-0.00501189
-0.00247161
-0.00116715
-0.00034328
0.000549248
0.000892528
-0.00068656
-0.00453129
-0.00885662
-0.0107103
-0.00865065
-0.00377608
0.00102984
0.00350145
0.00336414
0.00157909
-0.0010985
-0.00487457
-0.00995512
-0.0148297
-0.0172326
-0.0160655
-0.0128387
-0.0108476
-0.012564
-0.0175073
-0.0221759
-0.0225192
-0.017164
-0.00865065
-0.00185371
-6.8656e-05
-0.00254027
-0.00631635
-0.00892528
-0.00947452
-0.00789544
-0.00494323
-0.00137312
0.00192237
0.00446264
0.00597307
0.00624769
0.00549248
0.0040507
0.00192237
-0.00130446
-0.00597307
-0.0115342
-0.0159968
-0.0172326
-0.0140745
-0.00782678
-0.00123581
0.00315817
0.00480592
0.00425667
0.00254027
0.000137312
-0.00226565
-0.00391339
-0.00418801
-0.00267758
0.000480592
0.00384473
0.00466861
0.000755216
-0.0074835
-0.0166147
-0.0225192
-0.0232057
-0.0192237
-0.012564
-0.00617904
-0.00357011
-0.00624769
-0.0121521
-0.0160655
-0.0145551
-0.00878796
-0.00288355
0.000549248
0.00260893
0.00501189
0.00700291
0.00590441
0.00116715
-0.00466861
-0.00762081
-0.00597307
-0.000617904
0.00611038
0.0121521
0.0160655
0.0168207
0.0138685
0.00741484
-0.00137312
-0.00995512
-0.0152416
-0.0143491
-0.00700291
0.00315817
0.0102297
0.00954318
0.0010985
-0.0106417
-0.0190177
-0.0203908
-0.0159968
-0.0102297
-0.00583576
-0.00240296
0.00116715
0.00494323
0.00714022
0.00556113
-0.000137312
-0.00762081
-0.0131819
-0.0141431
-0.0110536
-0.00700291
-0.00501189
-0.00569845
-0.00734619
-0.00775812
-0.0068656
-0.00617904
-0.00714022
-0.00940587
-0.010985
-0.0100924
-0.00714022
-0.00459995
-0.00459995
-0.00665963
-0.00878796
-0.00974915
-0.00995512
-0.010573
-0.0116715
-0.0124267
-0.0116029
-0.00865065
-0.00439398
-0.00144178
-0.0023343
-0.00775812
-0.0148297
-0.0187431
-0.0166147
-0.0100238
-0.00350145
-0.00068656
-0.00157909
-0.00350145
-0.00384473
-0.00212834
0.000755216
0.00274624
0.00219699
-0.00157909
-0.00659097
-0.00926856
-0.00755216
-0.00363877
-0.00219699
-0.00521785
-0.0102297
-0.012976
-0.0117402
-0.0081014
-0.0051492
-0.00466861
-0.00562979
-0.00562979
-0.00370742
-0.00151043
-0.00164774
-0.00473726
-0.00899393
-0.0126327
-0.0157909
-0.0198416
-0.0249221
-0.0287669
-0.0280803
-0.0216953
-0.0123581
-0.00487457
-0.00199102
-0.00315817
-0.00597307
-0.00885662
-0.0118775
-0.0157222
-0.0201162
-0.0234117
-0.0241669
-0.0223132
-0.018949
-0.0150357
-0.0102297
-0.00357011
0.00432533
0.010573
0.0126327
0.0106417
0.00720888
0.00377608
0
-0.00487457
-0.00961184
-0.0121521
-0.0116029
-0.00933721
-0.00796409
-0.008582
-0.010985
-0.0145551
-0.0192923
-0.0247848
-0.0289728
-0.0291788
-0.0247848
-0.0174386
-0.00988646
-0.00350145
0.000823872
0.00212834
-0.000549248
-0.00604173
-0.0115342
-0.0144178
-0.0134566
-0.00968049
-0.00583576
-0.00439398
-0.00597307
-0.00871931
-0.0104357
-0.0102984
-0.00899393
-0.0081014
-0.00892528
-0.0118088
-0.0155162
-0.0186058
-0.0201162
-0.0192923
-0.0156536
-0.00940587
-0.00219699
0.00398205
0.00768947
0.00865065
0.00714022
0.0034328
-0.00123581
-0.00473726
-0.00466861
-0.000549248
0.00569845
0.010985
0.0128387
0.0112596
0.00755216
0.00391339
0.00164774
0.00068656
6.8656e-05
-0.0010985
-0.00254027
-0.00377608
-0.00418801
-0.00267758
0.00130446
0.0068656
0.0117402
0.0130446
0.00947452
0.00178506
-0.0068656
-0.0120148
-0.0109163
-0.00411936
0.00439398
0.0100238
0.0098178
0.00391339
-0.00446264
-0.0110536
-0.0128387
-0.0105044
-0.00624769
-0.00192237
0.00199102
0.00528651
0.00672828
0.00494323
-0.000617904
-0.0081014
-0.0139372
-0.0146924
-0.00961184
-0.00164774
0.00459995
0.0057671
0.00130446
-0.00672828
-0.0150357
-0.0210774
-0.0236863
-0.0224505
-0.0178506
-0.0116715
-0.00679694
-0.00562979
-0.00817006
-0.0119461
-0.0140058
-0.0137312
-0.0124267
-0.0114655
-0.010985
-0.0105044
-0.00933721
-0.00720888
-0.00418801
-0.00157909
-0.00116715
-0.00329549
-0.00631635
-0.00823872
-0.0081014
-0.00604173
-0.00329549
-0.000823872
0.000617904
0.00130446
0.00164774
0.00240296
0.0034328
0.0040507
0.00377608
0.00315817
0.0034328
0.00521785
0.00755216
0.0081014
0.00480592
-0.00192237
-0.00865065
-0.0116715
-0.00995512
-0.00604173
-0.00377608
-0.00521785
-0.00968049
-0.0144178
-0.0166834
-0.0153103
-0.0108476
-0.00480592
0.000892528
0.00425667
0.00425667
0.00157909
-0.0017164
-0.00363877
-0.00315817
-0.000823872
0.00130446
0.0010985
-0.00226565
-0.00700291
-0.0100238
-0.00913124
-0.00453129
0.00151043
0.00652232
0.00906259
0.00851334
0.0040507
-0.00384473
-0.0127014
-0.0183311
-0.0179192
-0.0126327
-0.00638501
-0.00260893
-0.00205968
-0.0040507
-0.00775812
-0.0120148
-0.014761
-0.0137312
-0.008582
-0.00199102
0.00267758
0.00322683
0.000480592
-0.00260893
-0.00315817
-0.000823872
0.00212834
0.00226565
-0.00205968
-0.00926856
-0.0154476
-0.017164
-0.0136625
-0.00727753
-0.000892528
0.00370742
0.00590441
0.00542382
0.00199102
-0.00384473
-0.0102297
-0.0148297
-0.0165461
-0.0164774
-0.0175759
-0.0217639
-0.0273251
-0.0295907
-0.0248535
-0.0140745
-0.00199102
0.00604173
0.00796409
0.00542382
0.00144178
-0.00178506
-0.00391339
-0.00501189
-0.00480592
-0.00295221
0.000411936
0.00391339
0.00556113
0.00473726
0.00281489
0.00226565
0.00391339
0.00597307
0.0057671
0.00254027
-0.00240296
-0.00714022
-0.0111223
-0.0142804
-0.0160655
-0.0158595
-0.0140058
-0.0127014
-0.0132506
-0.0146924
-0.0140745
-0.00933721
-0.00178506
0.00377608
0.00260893
-0.00617904
-0.0192237
-0.0303459
-0.0344653
-0.0300027
-0.0192923
-0.0074835
6.8656e-05
0.000480592
-0.00473726
-0.010573
-0.0123581
-0.00885662
-0.00336414
-0.00034328
-0.00212834
-0.00720888
-0.012564
-0.0159282
-0.0166834
-0.014967
-0.0114655
-0.00741484
-0.00425667
-0.00281489
-0.00295221
-0.00411936
-0.00556113
-0.00624769
-0.00501189
-0.00219699
-6.8656e-05
-0.00192237
-0.00878796
-0.0176446
-0.023549
-0.0232057
-0.01737
-0.00954318
-0.00315817
0.00034328
0.00137312
0.0010985
0.000480592
0.00034328
0.00123581
0.00336414
0.00583576
0.0068656
0.00508054
0.000480592
-0.00549248
-0.010779
-0.0139372
-0.0146924
-0.0139372
-0.0129073
-0.0122894
-0.0117402
-0.0102297
-0.00714022
-0.00308952
0.000617904
0.00254027
0.00185371
-0.00157909
-0.00624769
-0.00947452
-0.00899393
-0.00501189
0
0.00322683
0.00322683
0.000205968
-0.00439398
-0.00892528
-0.0119461
-0.0130446
-0.0128387
-0.0119461
-0.00974915
-0.00549248
0.000137312
0.00425667
0.00363877
-0.00267758
-0.0118775
-0.019361
-0.0218326
-0.0185371
-0.0115342
-0.00459995
-0.00130446
-0.00302086
-0.00823872
-0.0130446
-0.0139372
-0.00988646
-0.00370742
6.8656e-05
-0.00164774
-0.00796409
-0.0140058
-0.0148297
-0.00961184
-0.00274624
0.000205968
-0.00274624
-0.00789544
-0.00961184
-0.00569845
0.00116715
0.00665963
0.00851334
0.00734619
0.00508054
0.00295221
0.00185371
0.00226565
0.00363877
0.00466861
0.00350145
-0.000205968
-0.00473726
-0.00762081
-0.00720888
-0.00411936
-0.000411936
0.00199102
0.0023343
0.000823872
-0.00192237
-0.00528651
-0.00823872
-0.00961184
-0.0091999
-0.00762081
-0.0051492
-0.0017164
0.00288355
0.0074835
0.00947452
0.00645366
-0.00137312
-0.0107103
-0.0170953
-0.0181938
-0.0148297
-0.0104357
-0.00775812
-0.0074835
-0.00817006
-0.00796409
-0.00597307
-0.00260893
0.000549248
0.00151043
-0.000961184
-0.00611038
-0.0114655
-0.0139372
-0.0117402
-0.00562979
0.00137312
0.0051492
0.00336414
-0.00336414
-0.0120835
-0.0199102
-0.0245788
-0.0242356
-0.0176446
-0.00604173
0.00597307
0.0129073
0.0117402
0.00418801
-0.00508054
-0.0113282
-0.0126327
-0.0100238
-0.00672828
-0.0057671
-0.00755216
-0.00954318
-0.00899393
-0.00535517
-0.000892528
0.00137312
-0.000274624
-0.00494323
-0.00940587
-0.010779
-0.008582
-0.00528651
-0.00377608
-0.00549248
-0.0098178
-0.0148297
-0.0186744
-0.0205281
-0.0205968
-0.0194296
-0.0176446
-0.0151043
-0.0118088
-0.00796409
-0.00432533
-0.00178506
-0.00116715
-0.00274624
-0.00611038
-0.0103671
-0.0139372
-0.0157222
-0.0155162
-0.0143491
-0.0132506
-0.0119461
-0.00954318
-0.00638501
-0.00418801
-0.00466861
-0.00755216
-0.0111223
-0.0135252
-0.0143491
-0.0144178
-0.0143491
-0.0142804
-0.0137312
-0.0124267
-0.0107103
-0.00947452
-0.00988646
-0.0124267
-0.0162028
-0.0190864
-0.0194296
-0.0165461
-0.0115342
-0.00645366
-0.00322683
-0.00267758
-0.00453129
-0.00782678
-0.0111909
-0.0131133
-0.0122208
-0.008582
-0.00411936
-0.00151043
-0.00240296
-0.00624769
-0.0107103
-0.012976
-0.0112596
-0.00631635
-0.000755216
0.0023343
0.00123581
-0.0034328
-0.00933721
-0.0137312
-0.0145551
-0.0112596
-0.00487457
0.00212834
0.00714022
0.0081014
0.00528651
0.00102984
-0.00226565
-0.00411936
-0.0057671
-0.00830737
-0.0118775
-0.0155162
-0.0176446
-0.0170953
-0.0143491
-0.0104357
-0.00556113
0.000961184
0.00844468
0.0143491
0.0162028
0.0133879
0.00755216
0.000549248
-0.00617904
-0.0109163
-0.0118088
-0.00803275
-0.00102984
0.00624769
0.0109163
0.0113969
0.00789544
0.00212834
-0.00302086
-0.00480592
-0.00308952
-0.000411936
0
-0.00267758
-0.00659097
-0.00892528
-0.00878796
-0.00714022
-0.00501189
-0.00226565
0.00102984
0.00308952
0.0017164
-0.0034328
-0.0100238
-0.0144178
-0.0145551
-0.0107103
-0.00556113
-0.00226565
-0.00240296
-0.00521785
-0.00844468
-0.0098178
-0.00830737
-0.00473726
-0.00178506
-0.00219699
-0.00624769
-0.0110536
-0.0131133
-0.0112596
-0.00714022
-0.00322683
-0.00130446
-0.00185371
-0.00425667
-0.00700291
-0.008582
-0.00768947
-0.00453129
-0.000823872
0.00130446
0.000480592
-0.00247161
-0.00542382
-0.00665963
-0.00583576
-0.00322683
0.00102984
0.00590441
0.00933721
0.0091999
0.00556113
0.000961184
-0.00219699
-0.00295221
-0.00219699
-0.00123581
-0.000892528
-0.000411936
0.00164774
0.00631635
0.012564
0.0166834
0.0145551
0.00487457
-0.00865065
-0.0194983
-0.0225878
-0.0179879
-0.0102984
-0.00480592
-0.00425667
-0.00741484
-0.0113969
-0.0135939
-0.0132506
-0.010985
-0.008582
-0.00714022
-0.00611038
-0.00377608
0.000274624
0.00370742
0.00329549
-0.00240296
-0.010985
-0.0180565
-0.0198416
-0.0159968
-0.00940587
-0.00357011
-0.000411936
0.000137312
-0.00185371
-0.0068656
-0.0145551
-0.0221759
-0.0256773
-0.023343
-0.0177819
-0.0131819
-0.0117402
-0.0119461
-0.010779
-0.0068656
-0.00137312
0.00363877
0.00693425
0.00789544
0.00617904
0.00185371
-0.00350145
-0.00762081
-0.00878796
-0.00617904
-0.000617904
0.00501189
0.0068656
0.00295221
-0.00459995
-0.0111223
-0.0130446
-0.0104357
-0.00562979
-0.00137312
0.00068656
0.000480592
-0.00151043
-0.00370742
-0.00432533
-0.00260893
6.8656e-05
0.000892528
-0.0017164
-0.0068656
-0.0116715
-0.0139372
-0.0135252
-0.0122894
-0.0122208
-0.0138685
-0.0154476
-0.0141431
-0.00871931
-0.0010985
0.00418801
0.00329549
-0.00350145
-0.0122208
-0.0181938
-0.0194296
-0.016958
-0.0135252
-0.0118088
-0.0127014
-0.0148297
-0.0159968
-0.0146237
-0.010779
-0.00569845
-0.00102984
0.00192237
0.00240296
0.00034328
-0.00357011
-0.0081014
-0.0118775
-0.0137998
-0.0133879
-0.010985
-0.00734619
-0.0034328
-0.000137312
0.00212834
0.00302086
0.00274624
0.00164774
0.00102984
0.0023343
0.00590441
0.0108476
0.0150357
0.0161342
0.0133193
0.00789544
0.0023343
-0.00219699
-0.00631635
-0.010779
-0.0148983
-0.0170953
-0.0168207
-0.0156536
-0.0153103
-0.0158595
-0.0152416
-0.0111909
-0.00363877
0.00521785
0.0116029
0.0129073
0.00878796
0.0017164
-0.00432533
-0.00707156
-0.00652232
-0.00466861
-0.00377608
-0.00528651
-0.00995512
-0.0170267
-0.0238923
-0.027531
-0.0256773
-0.0181938
-0.00762081
0.00192237
0.00631635
0.00425667
-0.00199102
-0.00789544
-0.00995512
-0.00782678
-0.00411936
-0.00157909
-0.0010985
-0.00178506
-0.00336414
-0.00631635
-0.0105044
-0.0141431
-0.0148983
-0.0121521
-0.00755216
-0.00350145
-0.00123581
-0.000549248
-0.000617904
-0.000137312
0.00205968
0.00521785
0.00652232
0.00295221
-0.00535517
-0.0142118
-0.0178506
-0.0134566
-0.00384473
0.00446264
0.00542382
-0.00185371
-0.0127014
-0.0212147
-0.0243042
-0.0229311
-0.0196356
-0.0159968
-0.012564
-0.00988646
-0.00892528
-0.0106417
-0.0139372
-0.0160655
-0.0144864
-0.00968049
-0.00501189
-0.00329549
-0.00411936
-0.00473726
-0.0034328
-0.0017164
-0.00260893
-0.00782678
-0.0158595
-0.0225192
-0.0238236
-0.0183998
-0.00892528
0
0.00453129
0.00398205
0.000274624
-0.0034328
-0.00453129
-0.00281489
-0.00116715
-0.00350145
-0.010573
-0.019361
-0.0249221
-0.0246475
-0.0192923
-0.0121521
-0.00672828
-0.00432533
-0.00363877
-0.00240296
6.8656e-05
0.00254027
0.00274624
-0.000755216
-0.00720888
-0.0138685
-0.0177132
-0.0181252
-0.0164774
-0.0143491
-0.0118088
-0.00844468
-0.00473726
-0.00192237
-0.00144178
-0.00363877
-0.00803275
-0.0135939
-0.0187431
-0.0216266
-0.0210774
-0.0166147
-0.00974915
-0.00336414
-0.00068656
-0.00281489
-0.00844468
-0.0144864
-0.0183311
-0.0176446
-0.0108476
0.000892528
0.0124267
0.017164
0.012564
0.00192237
-0.00817006
-0.0129073
-0.0116029
-0.00652232
-0.00123581
0.00068656
-0.00254027
-0.00988646
-0.0179192
-0.0223818
-0.0208714
-0.0138685
-0.00411936
0.00542382
0.0120835
0.0139372
0.00988646
0.00130446
-0.00789544
-0.0140745
-0.0164774
-0.0167521
-0.0164774
-0.0153103
-0.0124267
-0.00878796
-0.00700291
-0.00933721
-0.0153103
-0.0210774
-0.0221072
-0.0167521
-0.0081014
-0.00151043
-0.000755216
-0.00549248
-0.0119461
-0.0161342
-0.0166834
-0.014967
-0.0131819
-0.0123581
-0.0118088
-0.0104357
-0.0074835
-0.00308952
0.0023343
0.00768947
0.0118775
0.0135939
0.0112596
0.00439398
-0.00569845
-0.0153789
-0.0199102
-0.016958
-0.00851334
-0.000617904
0.000961184
-0.00494323
-0.0141431
-0.0205968
-0.0201849
-0.0134566
-0.00446264
0.00151043
0.00068656
-0.00665963
-0.0160655
-0.0209401
-0.0170267
-0.00569845
0.00665963
0.0133193
0.0108476
0.0010985
-0.0103671
-0.0175073
-0.0178506
-0.0134566
-0.008582
-0.00583576
-0.00508054
-0.00508054
-0.0057671
-0.00803275
-0.0118775
-0.0155849
-0.016958
-0.015173
-0.0118088
-0.00940587
-0.00899393
-0.00954318
-0.00865065
-0.00549248
-0.00123581
0.00178506
0.00185371
-0.00130446
-0.00597307
-0.00961184
-0.0100924
-0.00803275
-0.00672828
-0.00933721
-0.0155162
-0.0209401
-0.0209401
-0.0148983
-0.00624769
-6.8656e-05
0.000411936
-0.00439398
-0.0117402
-0.0184685
-0.0224505
-0.0232744
-0.0210087
-0.0159968
-0.00974915
-0.00494323
-0.00363877
-0.00521785
-0.0068656
-0.00672828
-0.00569845
-0.00645366
-0.0103671
-0.0159968
-0.0207341
-0.023549
-0.0249221
-0.0251281
-0.0225878
-0.0158595
-0.00611038
0.00199102
0.00432533
0.000617904
-0.00535517
-0.00940587
-0.0102984
-0.00954318
-0.008582
-0.00741484
-0.0057671
-0.00432533
-0.00418801
-0.00528651
-0.00659097
-0.00796409
-0.0103671
-0.0140745
-0.016958
-0.0166147
-0.0126327
-0.00755216
-0.00377608
-0.00164774
-0.000549248
-0.000205968
-0.000961184
-0.00308952
-0.00556113
-0.00693425
-0.00631635
-0.00391339
-0.000755216
0.00212834
0.00357011
0.00260893
-0.00116715
-0.00665963
-0.0116029
