LECROYHDO9204-MSöv,30454,Waveform
Segments,1,SegmentSize,2002
Ampl
0.0117402
0.00830737
0.00116715
-0.00672828
-0.0117402
-0.0123581
-0.0100238
-0.00755216
-0.00665963
-0.00679694
-0.00604173
-0.00302086
0.00151043
0.00508054
0.00466861
-0.000961184
-0.00961184
-0.0168207
-0.0188804
-0.0153789
-0.00926856
-0.00480592
-0.00425667
-0.00707156
-0.0104357
-0.0120148
-0.0117402
-0.010985
-0.0106417
-0.0104357
-0.0098178
-0.008582
-0.00714022
-0.00597307
-0.00562979
-0.00590441
-0.00617904
-0.00590441
-0.00562979
-0.00617904
-0.0074835
-0.00803275
-0.00597307
-0.000823872
0.00562979
0.00906259
0.0057671
-0.00459995
-0.0174386
-0.0256773
-0.0251967
-0.0170953
-0.00645366
0.00199102
0.00583576
0.0057671
0.00350145
-6.8656e-05
-0.00494323
-0.0102984
-0.0140745
-0.0145551
-0.012564
-0.0103671
-0.0098178
-0.0103671
-0.0106417
-0.00899393
-0.00473726
0.00130446
0.00672828
0.00844468
0.00535517
-0.00144178
-0.0098178
-0.0175073
-0.0224505
-0.0236863
-0.0220386
-0.0204595
-0.0210087
-0.0238923
-0.0265699
-0.0263639
-0.0225192
-0.0166834
-0.0116029
-0.00837603
-0.00617904
-0.00370742
-0.00123581
-0.000823872
-0.00466861
-0.012564
-0.0214893
-0.0268445
-0.0250594
-0.0161342
-0.00439398
0.00391339
0.00439398
-0.00247161
-0.0120835
-0.0197043
-0.023549
-0.0251967
-0.0268445
-0.0290415
-0.0302773
-0.0291788
-0.0269131
-0.0267072
-0.0302086
-0.0339847
-0.0317877
-0.0207341
-0.00755216
-0.00837603
-0.0442831
-0.133467
-0.282794
-0.480111
-0.692807
-0.879277
-1.00787
-1.07151
-1.0871
-1.0825
-1.08133
-1.09396
-1.1182
-1.14436
-1.16283
-1.16914
-1.16578
-1.1596
-1.15706
-1.15994
-1.16516
-1.16784
-1.16585
-1.16042
-1.15411
-1.148
-1.14216
-1.1366
-1.1309
-1.12445
-1.11635
-1.10564
-1.09252
-1.07865
-1.06691
-1.06005
-1.05943
-1.06424
-1.07138
-1.0768
-1.0779
-1.07563
-1.07378
-1.07577
-1.08229
-1.09129
-1.10007
-1.10708
-1.1125
-1.11738
-1.12301
-1.12994
-1.1377
-1.14477
-1.14923
-1.14999
-1.14731
-1.1425
-1.13667
-1.13008
-1.12294
-1.11621
-1.11188
-1.1112
-1.11394
-1.11847
-1.12225
-1.12342
-1.12136
-1.11731
-1.11305
-1.10859
-1.10296
-1.09685
-1.09314
-1.09493
-1.10213
-1.11154
-1.11841
-1.11971
-1.11545
-1.10893
-1.10419
-1.1033
-1.10529
-1.10776
-1.10907
-1.10873
-1.10687
-1.10344
-1.09939
-1.09657
-1.09801
-1.10598
-1.1204
-1.13742
-1.15054
-1.15363
-1.14367
-1.12163
-1.09108
-1.05552
-1.01673
-0.973404
-0.923766
-0.86788
-0.808767
-0.74986
-0.692876
-0.637814
-0.584537
-0.533937
-0.486496
-0.441115
-0.395939
-0.350077
-0.304558
-0.261991
-0.224711
-0.194296
-0.170541
-0.15173
-0.13539
-0.120217
-0.106485
-0.0955691
-0.0880856
-0.0829364
-0.0788857
-0.0753156
-0.0720888
-0.0691366
-0.0663903
-0.0633695
-0.0604173
-0.0589068
-0.0600053
-0.0630948
-0.0657038
-0.0647426
-0.0592501
-0.0503248
-0.0403011
-0.0313758
-0.0254027
-0.023549
-0.0256773
-0.0303459
-0.0354951
-0.0391339
-0.0404384
-0.0400951
-0.0398891
-0.0411936
-0.0433219
-0.0441458
-0.0422234
-0.0383787
-0.0346026
-0.0326802
-0.0327489
-0.0332295
-0.032131
-0.0288355
-0.0244415
-0.0208714
-0.0190177
-0.018949
-0.0205281
-0.0232744
-0.0262266
-0.0284922
-0.03014
-0.0320623
-0.034534
-0.0361817
-0.0356324
-0.0328862
-0.029934
-0.0291101
-0.0304833
-0.0311698
-0.0282863
-0.0221759
-0.017164
-0.0173013
-0.0221072
-0.0271878
-0.0289728
-0.0273937
-0.0248535
-0.0236177
-0.0240982
-0.0251967
-0.0250594
-0.0224505
-0.0181938
-0.0144178
-0.0131819
-0.0151043
-0.0198416
-0.025952
-0.0313758
-0.0335728
-0.0307579
-0.0234117
-0.0143491
-0.00700291
-0.00288355
-0.00205968
-0.00425667
-0.00974915
-0.0181252
-0.0266385
-0.0303459
-0.0263639
-0.0164088
-0.00611038
-0.000617904
-0.00192237
-0.00906259
-0.019361
-0.0296594
-0.0365936
-0.0374862
-0.0315131
-0.0209401
-0.0102297
-0.00418801
-0.00487457
-0.0104357
-0.0160655
-0.0181252
-0.0159282
-0.0120835
-0.010573
-0.0137312
-0.0202535
-0.0260893
-0.0274624
-0.023755
-0.0172326
-0.00995512
-0.00295221
0.00240296
0.00370742
-0.000823872
-0.0100924
-0.0199102
-0.0248535
-0.0209401
-0.00940587
0.00350145
0.00933721
0.00370742
-0.010779
-0.0265699
-0.036525
-0.0372115
-0.0297967
-0.0183311
-0.00741484
-0.000274624
0.00178506
-0.00068656
-0.00583576
-0.0110536
-0.0135252
-0.0121521
-0.00720888
-0.000480592
0.0051492
0.00700291
0.00418801
-0.00151043
-0.00659097
-0.00913124
-0.0098178
-0.0102297
-0.010573
-0.0102297
-0.00899393
-0.0081014
-0.008582
-0.0103671
-0.0126327
-0.0150357
-0.0177819
-0.0199789
-0.0199102
-0.016958
-0.0131819
-0.0118088
-0.0141431
-0.0188804
-0.0236177
-0.0268445
-0.0282176
-0.0270505
-0.0225878
-0.0151043
-0.00652232
0.00034328
0.00384473
0.00391339
0.00192237
-0.000549248
-0.00226565
-0.00254027
-0.00157909
-0.000411936
-0.000892528
-0.00466861
-0.0115342
-0.0186058
-0.0224505
-0.0209401
-0.0151043
-0.00837603
-0.00398205
-0.00308952
-0.00370742
-0.00295221
-0.00034328
0.00199102
0.00123581
-0.00240296
-0.00604173
-0.00741484
-0.00624769
-0.00350145
-0.000274624
0.00226565
0.00308952
0.0023343
0.00151043
0.00205968
0.00288355
0.00144178
-0.00350145
-0.0100924
-0.0143491
-0.0139372
-0.010573
-0.00871931
-0.0104357
-0.0135252
-0.0140745
-0.0116029
-0.00885662
-0.00851334
-0.00995512
-0.0104357
-0.00817006
-0.00439398
-0.00219699
-0.00384473
-0.00871931
-0.0145551
-0.0187431
-0.0194983
-0.0166147
-0.0115342
-0.00720888
-0.00652232
-0.0101611
-0.0156536
-0.0190177
-0.0178506
-0.0124954
-0.00508054
0.00219699
0.0074835
0.00947452
0.00768947
0.00315817
-0.00274624
-0.00851334
-0.0121521
-0.0116029
-0.0068656
-0.00116715
0.000617904
-0.00418801
-0.0143491
-0.0246475
-0.029728
-0.0273937
-0.0204595
-0.0135939
-0.00885662
-0.00562979
-0.00315817
-0.00212834
-0.00350145
-0.00693425
-0.0110536
-0.0135252
-0.0119461
-0.00556113
0.00308952
0.00892528
0.00775812
-0.000480592
-0.0116029
-0.0203908
-0.0240982
-0.0234117
-0.0205968
-0.01737
-0.0137998
-0.0091999
-0.00357011
0.0017164
0.00446264
0.00363877
0.000411936
-0.00219699
-0.00226565
-0.000755216
-0.000549248
-0.0034328
-0.0081014
-0.0113282
-0.0112596
-0.00844468
-0.00487457
-0.0023343
-0.00185371
-0.00336414
-0.00597307
-0.00885662
-0.0118088
-0.0150357
-0.0178506
-0.0188117
-0.0173013
-0.014967
-0.0146237
-0.0181252
-0.0242356
-0.0284236
-0.0260206
-0.0160655
-0.00260893
0.00755216
0.00968049
0.00473726
-0.00192237
-0.00528651
-0.00425667
-0.00130446
-6.8656e-05
-0.0023343
-0.00714022
-0.0121521
-0.014967
-0.0140058
-0.00906259
-0.00178506
0.00432533
0.00652232
0.00501189
0.00274624
0.00240296
0.00446264
0.00714022
0.00803275
0.00542382
-0.000961184
-0.008582
-0.0135252
-0.0128387
-0.00679694
0.00144178
0.00775812
0.00968049
0.00707156
0.00212834
-0.00267758
-0.00569845
-0.00583576
-0.00240296
0.00377608
0.0100238
0.0124954
0.00892528
-0.000205968
-0.0117402
-0.0210087
-0.0238923
-0.0192237
-0.00974915
-0.00034328
0.00473726
0.00432533
0.000137312
-0.00439398
-0.00604173
-0.00384473
0.000823872
0.00521785
0.00775812
0.008582
0.00796409
0.00583576
0.00192237
-0.00370742
-0.0100924
-0.0151043
-0.0166147
-0.0135939
-0.00734619
-0.00102984
0.00212834
0.000961184
-0.00391339
-0.0102297
-0.0153789
-0.0177132
-0.01737
-0.0161342
-0.0153789
-0.0144178
-0.0116715
-0.00679694
-0.00212834
-0.00068656
-0.00336414
-0.00755216
-0.00947452
-0.0074835
-0.00336414
-0.000617904
-0.00123581
-0.00535517
-0.0118088
-0.0182625
-0.0216953
-0.0202535
-0.0148983
-0.00865065
-0.00391339
-0.00130446
-0.000411936
-0.00068656
-0.00164774
-0.00315817
-0.0057671
-0.00988646
-0.0145551
-0.0178506
-0.0181938
-0.0157222
-0.0120148
-0.00954318
-0.00988646
-0.0124954
-0.0148983
-0.015173
-0.0138685
-0.0126327
-0.0120835
-0.0113282
-0.00961184
-0.00727753
-0.00508054
-0.00322683
-0.00151043
0
0.000617904
-0.00123581
-0.00631635
-0.0130446
-0.0168207
-0.0137312
-0.00473726
0.0040507
0.00583576
-0.000892528
-0.0112596
-0.0179192
-0.0170267
-0.010573
-0.00370742
-0.000411936
-0.00068656
-0.00199102
-0.00199102
0
0.00302086
0.00487457
0.00357011
-0.0010985
-0.00693425
-0.0113969
-0.0131133
-0.01277
-0.0116715
-0.0108476
-0.0102984
-0.00885662
-0.00508054
0.000892528
0.00638501
0.0081014
0.00535517
6.8656e-05
-0.00508054
-0.00823872
-0.00926856
-0.00851334
-0.00617904
-0.00322683
-0.00157909
-0.00329549
-0.00865065
-0.0144864
-0.0164774
-0.0120148
-0.00274624
0.00624769
0.00988646
0.00611038
-0.00322683
-0.0131819
-0.018949
-0.0183998
-0.0131133
-0.00624769
-0.00137312
-0.000411936
-0.00377608
-0.00974915
-0.0154476
-0.0181252
-0.0167521
-0.0122894
-0.00659097
-0.0017164
0.000755216
-0.000205968
-0.00425667
-0.00933721
-0.012976
-0.0134566
-0.0112596
-0.00865065
-0.00817006
-0.00961184
-0.0106417
-0.00892528
-0.0051492
-0.00157909
0.00068656
0.00199102
0.00274624
0.00219699
-0.000137312
-0.00302086
-0.00425667
-0.00226565
0.00247161
0.00700291
0.00755216
0.00205968
-0.00707156
-0.0144864
-0.0162028
-0.0122894
-0.00665963
-0.00391339
-0.00645366
-0.0128387
-0.0192237
-0.0219699
-0.0201162
-0.0155849
-0.0113969
-0.00933721
-0.00865065
-0.0074835
-0.00425667
0.000617904
0.00466861
0.00556113
0.0034328
0.000823872
0.000480592
0.00274624
0.00528651
0.00556113
0.00267758
-0.00199102
-0.00638501
-0.00940587
-0.0112596
-0.0122894
-0.0122894
-0.0107103
-0.00789544
-0.00494323
-0.00288355
-0.00240296
-0.00446264
-0.00878796
-0.0134566
-0.0157909
-0.0146924
-0.0116029
-0.00865065
-0.0068656
-0.00617904
-0.00597307
-0.00556113
-0.00473726
-0.0040507
-0.00459995
-0.00679694
-0.0100924
-0.0128387
-0.0132506
-0.0101611
-0.00384473
0.00315817
0.00755216
0.00789544
0.00549248
0.00199102
-0.00199102
-0.0068656
-0.0116715
-0.0142118
-0.0128387
-0.00762081
-0.000617904
0.00535517
0.00803275
0.0068656
0.00295221
-0.00151043
-0.00439398
-0.00466861
-0.00398205
-0.00508054
-0.00926856
-0.0143491
-0.0170953
-0.0159968
-0.0124267
-0.00830737
-0.00480592
-0.00240296
-0.0017164
-0.00350145
-0.00720888
-0.0107103
-0.0118088
-0.00995512
-0.00652232
-0.00329549
-0.00102984
6.8656e-05
-0.000137312
-0.00157909
-0.00357011
-0.00494323
-0.0051492
-0.00459995
-0.00439398
-0.00508054
-0.00631635
-0.00700291
-0.0057671
-0.00226565
0.00240296
0.00590441
0.00665963
0.00446264
0.00068656
-0.00336414
-0.0068656
-0.0098178
-0.0119461
-0.0124267
-0.0102984
-0.00611038
-0.00178506
0.000137312
-0.000961184
-0.00425667
-0.00844468
-0.0124267
-0.014967
-0.0144864
-0.0106417
-0.00542382
-0.0017164
-0.00102984
-0.00226565
-0.00295221
-0.00219699
-0.00116715
-0.00219699
-0.00631635
-0.0117402
-0.015173
-0.0144864
-0.0103671
-0.00535517
-0.00178506
-0.0010985
-0.00370742
-0.00940587
-0.0162715
-0.021352
-0.0226565
-0.0205968
-0.0170953
-0.0140745
-0.012564
-0.0122894
-0.0117402
-0.0098178
-0.00720888
-0.00597307
-0.00762081
-0.0111909
-0.0142804
-0.0144178
-0.0111909
-0.00638501
-0.00260893
-0.00123581
-0.00123581
-0.000961184
6.8656e-05
0.000823872
0.000205968
-0.00130446
-0.00247161
-0.00226565
-0.00102984
-0.000549248
-0.00247161
-0.00679694
-0.0120148
-0.0158595
-0.0164088
-0.0137312
-0.00988646
-0.00734619
-0.00679694
-0.00672828
-0.00549248
-0.00329549
-0.00192237
-0.00260893
-0.00446264
-0.00508054
-0.00315817
-0.000205968
0.00130446
0.000617904
-0.000617904
-0.000137312
0.00192237
0.00370742
0.00357011
0.00116715
-0.00240296
-0.00590441
-0.00865065
-0.0102297
-0.010779
-0.010573
-0.00961184
-0.00727753
-0.00267758
0.00384473
0.00961184
0.0113969
0.00796409
0.00157909
-0.00391339
-0.00604173
-0.00480592
-0.00199102
0.000480592
0.00137312
-6.8656e-05
-0.00432533
-0.0104357
-0.0155162
-0.0157909
-0.0098178
-0.000274624
0.00741484
0.00913124
0.00459995
-0.00240296
-0.0074835
-0.00823872
-0.00583576
-0.00329549
-0.00226565
-0.00199102
-0.000480592
0.00254027
0.0051492
0.00494323
0.0010985
-0.00466861
-0.00954318
-0.0111909
-0.00933721
-0.00604173
-0.00425667
-0.00597307
-0.0103671
-0.0146237
-0.0165461
-0.0157909
-0.0135252
-0.010985
-0.00844468
-0.00535517
-0.00151043
0.00274624
0.00611038
0.00734619
0.0057671
0.00164774
-0.00391339
-0.0091999
-0.012976
-0.0158595
-0.0199789
-0.0265012
-0.0337787
-0.03831
-0.0369369
-0.0294534
-0.0187431
-0.00933721
-0.00425667
-0.00377608
-0.00583576
-0.00755216
-0.00707156
-0.00439398
-0.00130446
0
-0.00102984
-0.00315817
-0.00494323
-0.0057671
-0.00583576
-0.0051492
-0.00350145
-0.00123581
0.000755216
0.00102984
-0.00157909
-0.00693425
-0.0133879
-0.0188117
-0.021558
-0.0214207
-0.0190864
-0.0153103
-0.0106417
-0.00569845
-0.0010985
0.00254027
0.00466861
0.00494323
0.00350145
0.000823872
-0.00240296
-0.00521785
-0.00714022
-0.00782678
-0.00803275
-0.00803275
-0.00782678
-0.00693425
-0.00542382
-0.00398205
-0.00274624
-0.0010985
0.000892528
0.00212834
0.00123581
-0.00185371
-0.00645366
-0.0116715
-0.0164088
-0.0192923
-0.019361
-0.0179192
-0.0173013
-0.0182625
-0.019361
-0.0184685
-0.0148297
-0.00947452
-0.00473726
-0.00199102
-0.00137312
-0.00219699
-0.00466861
-0.00926856
-0.0154476
-0.0203222
-0.0201162
-0.0142118
-0.00659097
-0.00219699
-0.00281489
-0.00549248
-0.0057671
-0.00199102
0.00391339
0.00844468
0.00988646
0.008582
0.00508054
-0.000549248
-0.00714022
-0.0118775
-0.0122208
-0.00899393
-0.00562979
-0.00521785
-0.00727753
-0.00865065
-0.00700291
-0.00281489
0.000755216
0.00068656
-0.00357011
-0.0103671
-0.0168207
-0.0205281
-0.0197043
-0.0139372
-0.00521785
0.00219699
0.00411936
-0.000411936
-0.00782678
-0.012976
-0.01277
-0.00871931
-0.00446264
-0.00260893
-0.00267758
-0.00322683
-0.00432533
-0.00762081
-0.0134566
-0.0192923
-0.0212834
-0.0180565
-0.0122208
-0.00803275
-0.00803275
-0.0111223
-0.0133879
-0.0114655
-0.00480592
0.00370742
0.00954318
0.00961184
0.00425667
-0.00398205
-0.0120835
-0.0186058
-0.0228624
-0.0238923
-0.0206654
-0.0135939
-0.00501189
0.00185371
0.00480592
0.00363877
-0.000549248
-0.00645366
-0.0126327
-0.0183998
-0.0236863
-0.0286295
-0.0320623
-0.0318564
-0.0265012
-0.016958
-0.00611038
0.00274624
0.00714022
0.00652232
0.00254027
-0.000892528
-0.00068656
0.00329549
0.00789544
0.00913124
0.0051492
-0.00281489
-0.0110536
-0.0159968
-0.0166834
-0.0157909
-0.0166834
-0.0198416
-0.0224505
-0.0217639
-0.0178506
-0.0128387
-0.00823872
-0.00446264
-0.00151043
0.000274624
0.000411936
-0.00116715
-0.00350145
-0.00549248
-0.00645366
-0.00631635
-0.00542382
-0.00459995
-0.00501189
-0.00720888
-0.00974915
-0.0103671
-0.00782678
-0.00308952
0.00192237
0.00528651
0.00611038
0.00425667
0.00068656
-0.00308952
-0.00562979
-0.00645366
-0.00597307
-0.00473726
-0.00295221
-0.000755216
0.00164774
0.00302086
0.00185371
-0.00288355
-0.00954318
-0.014761
-0.0162715
-0.0144178
-0.010779
-0.00624769
-0.00116715
0.00315817
0.00459995
0.00240296
-0.0017164
-0.00459995
-0.00473726
-0.0023343
0.00102984
0.00302086
0.0017164
-0.00336414
-0.0100238
-0.0153789
-0.0178506
-0.01737
-0.0145551
-0.00995512
-0.00425667
0.00130446
0.00494323
0.00446264
-0.000823872
-0.00913124
-0.0166834
-0.0210087
-0.0221759
-0.0219699
-0.0217639
-0.0223818
-0.0241669
-0.0269818
-0.0291101
-0.027737
-0.0200475
-0.00638501
0.00926856
0.0206654
0.0232744
0.0172326
0.00665963
-0.00254027
-0.00665963
-0.00590441
-0.00377608
-0.00370742
-0.00597307
-0.00782678
-0.00707156
-0.0040507
-0.00068656
0.00219699
0.00453129
0.00569845
0.00446264
0.000411936
-0.00453129
-0.00734619
-0.00665963
-0.00425667
-0.00370742
-0.00700291
-0.0121521
-0.0151043
-0.0134566
-0.00878796
-0.00459995
-0.00357011
-0.00535517
-0.00803275
-0.00968049
-0.0098178
-0.00871931
-0.0068656
-0.00459995
-0.00212834
0
0.000755216
-0.000480592
-0.00336414
-0.00707156
-0.0107103
-0.012976
-0.0122208
-0.008582
-0.00453129
-0.00302086
-0.00466861
-0.00768947
-0.0100238
-0.0115342
-0.01277
-0.0136625
-0.0131819
-0.010573
-0.00631635
-0.00192237
0.000892528
0.00130446
-0.00068656
-0.00418801
-0.00762081
-0.00926856
-0.00837603
-0.00569845
-0.00288355
-0.000892528
-0.000137312
-0.000961184
-0.00473726
-0.0120835
-0.0214893
-0.0293161
-0.0315817
-0.0266385
-0.0162715
-0.00480592
0.0034328
0.00604173
0.00322683
-0.00295221
-0.00926856
-0.0123581
-0.0114655
-0.00851334
-0.00679694
-0.00762081
-0.00968049
-0.0104357
-0.00865065
-0.00528651
-0.00267758
-0.00267758
-0.00549248
-0.0100238
-0.0141431
-0.0163401
-0.0165461
-0.0157222
-0.0144864
-0.01277
-0.0110536
-0.010573
-0.012564
-0.0166834
-0.0203222
-0.0199789
-0.0134566
-0.00254027
0.00714022
0.0098178
0.00350145
-0.00830737
-0.0187431
-0.0222445
-0.0183311
-0.0118775
-0.00844468
-0.0102297
-0.0150357
-0.018949
-0.0194296
-0.016958
-0.0138685
-0.0119461
-0.0107103
-0.00851334
-0.00494323
-0.00151043
-6.8656e-05
-0.0010985
-0.00288355
-0.00350145
-0.00281489
-0.0023343
-0.00384473
-0.00755216
-0.0124267
-0.0167521
-0.0187431
-0.0175073
-0.0134566
-0.00837603
-0.00377608
0
0.00315817
0.00542382
0.00611038
0.00480592
0.00205968
-0.00164774
-0.00617904
-0.0122894
-0.0204595
-0.0290415
-0.0348772
-0.0348772
-0.0286295
-0.0176446
-0.00473726
0.00762081
0.0166834
0.0199789
0.0163401
0.0068656
-0.00508054
-0.0155849
-0.0223818
-0.0252654
-0.0249221
-0.021558
-0.0160655
-0.0104357
-0.00659097
-0.00501189
-0.00459995
-0.00398205
-0.00274624
-0.00123581
6.8656e-05
0.00102984
0.00212834
0.00384473
0.00631635
0.008582
0.00892528
0.00611038
0.000823872
-0.00459995
-0.00796409
-0.00865065
-0.00768947
-0.00556113
-0.00226565
0.00247161
0.00762081
0.0104357
0.00817006
0.00102984
-0.00734619
-0.0124954
-0.01277
-0.0100924
-0.00803275
-0.00823872
-0.00961184
-0.00954318
-0.00679694
-0.00288355
-0.000961184
-0.00267758
-0.00727753
-0.0129073
-0.0183311
-0.0229311
-0.0254027
-0.0245102
-0.0199789
-0.0133193
-0.00665963
-0.0017164
0.000480592
-0.000137312
-0.00226565
-0.00398205
-0.00391339
-0.00281489
-0.00281489
-0.00569845
-0.0103671
-0.0137312
-0.0132506
-0.00940587
-0.00494323
-0.00254027
-0.00205968
-0.00144178
0.000755216
0.0040507
0.00617904
0.00494323
0.000205968
-0.00569845
-0.00913124
-0.00803275
-0.00329549
0.00219699
0.00597307
0.00714022
0.00611038
0.00391339
0.00192237
0.000755216
-0.000274624
-0.00267758
-0.00652232
-0.00988646
-0.0111909
-0.0108476
-0.0103671
-0.0100924
-0.00892528
-0.00638501
-0.00439398
-0.00535517
-0.00988646
-0.0157222
-0.0199102
-0.0206654
-0.0184685
-0.0148297
-0.0118775
-0.0116029
-0.0144864
-0.0186744
-0.0206654
-0.0186058
-0.0136625
-0.00830737
-0.00370742
0.000137312
0.0034328
0.00569845
0.00665963
0.00638501
0.0051492
0.00295221
-0.000274624
-0.00391339
-0.00693425
-0.00913124
-0.0111223
-0.0136625
-0.0163401
-0.0179192
-0.0175073
-0.0162028
-0.0158595
-0.0168894
-0.0175073
-0.0152416
-0.0102297
-0.00466861
-0.0010985
-0.000480592
-0.00205968
-0.00425667
-0.00508054
-0.00322683
0.00157909
0.0074835
0.0113969
0.0106417
0.00501189
-0.00212834
-0.00631635
-0.00466861
0.00130446
0.00679694
0.00707156
0.0010985
-0.00768947
-0.0143491
-0.0158595
-0.0132506
-0.00947452
-0.00631635
-0.00329549
-0.000480592
-6.8656e-05
-0.00432533
-0.0122894
-0.0201849
-0.0245788
-0.0254027
-0.0241669
-0.0219013
-0.018949
-0.0157222
-0.0124267
-0.00885662
-0.00508054
-0.00192237
-0.0010985
-0.00357011
-0.00796409
-0.0113969
-0.0112596
-0.00727753
-0.00178506
0.00240296
0.00350145
0.00164774
-0.00240296
-0.0074835
-0.0118775
-0.0140745
-0.0134566
-0.010573
-0.00631635
-0.00212834
0.00034328
0.000411936
-0.00123581
-0.00357011
-0.00604173
-0.00885662
-0.0113969
-0.0120835
-0.00878796
-0.000892528
0.00961184
0.0181252
0.0202535
0.0144178
0.00260893
-0.0109163
-0.0222445
-0.0290415
-0.0308952
-0.0286295
-0.0240982
-0.018949
-0.0141431
-0.00995512
-0.00624769
-0.00288355
0.000617904
0.00391339
0.00528651
0.00254027
-0.00480592
-0.0142804
-0.0217639
-0.0244415
-0.0221072
-0.0170267
-0.0121521
-0.00954318
-0.00947452
-0.0115342
-0.0146237
-0.0174386
-0.0188804
-0.0181252
-0.0151043
-0.010573
-0.00645366
-0.00439398
-0.00501189
-0.0068656
-0.00755216
-0.00617904
-0.00432533
-0.00480592
-0.00823872
-0.0122894
-0.0133879
-0.00988646
-0.0034328
0.00199102
0.00350145
0.00164774
-6.8656e-05
0.000823872
0.00370742
0.00562979
0.00494323
0.00205968
-0.00116715
-0.00274624
-0.00240296
-0.00164774
-0.00240296
-0.00494323
-0.00775812
-0.00961184
-0.0102297
-0.0102984
-0.0105044
-0.0117402
-0.0137312
-0.0148297
-0.0128387
-0.00789544
-0.00247161
0
-0.00151043
-0.00542382
-0.00837603
-0.0081014
-0.00494323
-0.00157909
-0.00116715
-0.00487457
-0.0108476
-0.0155162
-0.0162028
-0.012564
-0.00617904
0.000480592
0.0051492
0.00638501
0.00466861
0.00212834
0.00123581
0.00274624
0.0057671
0.00830737
0.00885662
0.00775812
0.00652232
0.00604173
0.0057671
0.0051492
0.00425667
0.0034328
0.00226565
0
-0.00329549
-0.00597307
-0.00652232
-0.0051492
-0.00363877
-0.00315817
-0.0034328
-0.00302086
-0.00151043
-0.000205968
-0.00116715
-0.00542382
-0.0119461
-0.0184685
-0.0230684
-0.0245788
-0.0225192
-0.0179879
-0.0132506
-0.010573
-0.0102984
-0.0103671
-0.00906259
-0.00638501
-0.00384473
-0.00219699
-0.00123581
-0.000480592
-0.000274624
-0.00137312
-0.0034328
-0.00535517
-0.00617904
-0.00604173
-0.00583576
-0.00597307
-0.00624769
-0.00604173
-0.0051492
-0.0040507
-0.00432533
-0.00714022
-0.0119461
-0.0163401
-0.0173013
-0.0142804
-0.00933721
-0.00542382
-0.00370742
-0.00384473
-0.00562979
-0.00871931
-0.0115342
-0.0120835
-0.0103671
-0.00913124
-0.0111223
-0.0158595
-0.0197043
-0.018949
-0.0129073
-0.00473726
0.000480592
-0.000892528
-0.00878796
-0.019567
-0.0281489
-0.0309638
-0.0278057
-0.021146
-0.0134566
-0.00617904
0.000274624
0.00494323
0.00659097
0.00480592
0.000892528
-0.00288355
-0.0051492
-0.0057671
-0.00549248
-0.00535517
-0.00604173
-0.008582
-0.0133879
-0.0196356
-0.0251281
-0.0274624
-0.02554
-0.0202535
-0.0133193
-0.0068656
-0.00322683
-0.00494323
-0.0120835
-0.0206654
-0.0247848
-0.0208028
-0.0104357
0.00102984
0.008582
0.0101611
0.00679694
0.00157909
-0.00199102
-0.00240296
-0.0010985
-0.000274624
-0.000961184
-0.00240296
-0.00377608
-0.00535517
-0.00755216
-0.00954318
-0.0101611
-0.0091999
-0.00796409
-0.00830737
-0.0107103
-0.0135939
-0.0143491
-0.0110536
-0.00487457
0.000755216
0.00226565
-0.000617904
-0.00439398
-0.00425667
0.00157909
0.0100238
0.014967
0.0121521
0.00164774
-0.0122894
-0.0238923
-0.0289042
-0.0265012
-0.018949
-0.0100924
-0.00274624
0.00226565
0.0051492
0.00604173
0.00535517
0.00425667
0.00418801
0.00521785
0.00542382
0.00226565
-0.00473726
-0.01277
-0.0170953
-0.0146924
-0.00638501
0.00329549
0.0091999
0.00899393
0.00391339
-0.00247161
-0.00617904
-0.00473726
0.00137312
0.00865065
0.0131133
0.012976
0.00885662
0.00281489
-0.00288355
-0.00645366
-0.00741484
-0.00638501
-0.00439398
-0.00185371
0.000961184
0.00315817
0.00384473
0.00336414
0.00295221
0.0034328
0.00432533
0.00446264
0.00377608
0.00315817
0.00336414
0.00377608
0.00288355
0
-0.00370742
-0.00672828
-0.00803275
-0.00837603
-0.00878796
-0.0104357
-0.0133193
-0.0163401
-0.017164
-0.0143491
-0.00885662
-0.00418801
-0.00322683
-0.00624769
-0.0105044
-0.0128387
-0.0115342
-0.00762081
-0.00370742
