LECROYHDO9204-MSöv,30454,Waveform
Segments,1,SegmentSize,2002
Ampl
-0.0142118
-0.0143491
-0.0116715
-0.00707156
-0.00281489
-0.000480592
-6.8656e-05
-0.00102984
-0.00308952
-0.00597307
-0.00926856
-0.0121521
-0.014967
-0.0183311
-0.0218326
-0.023549
-0.0208028
-0.0130446
-0.00240296
0.00693425
0.0113969
0.0100238
0.00459995
-0.00185371
-0.00700291
-0.00933721
-0.00885662
-0.0068656
-0.00549248
-0.00604173
-0.00782678
-0.00906259
-0.00830737
-0.00583576
-0.00329549
-0.0023343
-0.00329549
-0.00473726
-0.00487457
-0.0034328
-0.00281489
-0.00562979
-0.0119461
-0.0183311
-0.0206654
-0.01737
-0.0102984
-0.00308952
0.00164774
0.00377608
0.00439398
0.00439398
0.00398205
0.00267758
-0.000137312
-0.00521785
-0.0118775
-0.0176446
-0.0190864
-0.0146237
-0.00569845
0.00329549
0.00762081
0.00549248
-0.000892528
-0.00707156
-0.0098178
-0.008582
-0.00494323
-0.00130446
0
-0.00260893
-0.00878796
-0.0157909
-0.0203908
-0.0202535
-0.0153103
-0.00727753
0.000549248
0.00487457
0.00418801
0.000274624
-0.00425667
-0.00775812
-0.0101611
-0.0113969
-0.0115342
-0.0115342
-0.0129073
-0.0160655
-0.019567
-0.0207341
-0.0176446
-0.0113282
-0.00562979
-0.00473726
-0.00947452
-0.0168207
-0.0224505
-0.0240296
-0.0220386
-0.0185371
-0.0154476
-0.0138685
-0.0138685
-0.0148297
-0.0160655
-0.0183311
-0.0227251
-0.0292474
-0.0354265
-0.0379668
-0.0341907
-0.0232057
-0.00624769
0.0122894
0.023549
0.0143491
-0.031925
-0.129966
-0.284785
-0.482926
-0.692876
-0.875844
-1.00348
-1.07
-1.09122
-1.09239
-1.0939
-1.10461
-1.12287
-1.14264
-1.15864
-1.16804
-1.17052
-1.16749
-1.16207
-1.15747
-1.15534
-1.15479
-1.15397
-1.1517
-1.14861
-1.14607
-1.14449
-1.14285
-1.13873
-1.12946
-1.11415
-1.09465
-1.07502
-1.0595
-1.05099
-1.04948
-1.05243
-1.056
-1.05819
-1.05943
-1.06122
-1.06472
-1.07083
-1.07968
-1.09033
-1.10104
-1.11051
-1.11813
-1.12349
-1.12582
-1.12445
-1.12047
-1.11662
-1.11676
-1.12218
-1.13042
-1.13646
-1.13701
-1.13248
-1.12596
-1.12067
-1.11744
-1.11552
-1.11353
-1.11092
-1.10818
-1.10605
-1.10516
-1.10557
-1.10749
-1.11099
-1.11532
-1.11861
-1.11827
-1.11312
-1.1044
-1.09472
-1.08737
-1.08476
-1.08799
-1.09554
-1.10344
-1.10783
-1.10715
-1.10303
-1.09918
-1.09856
-1.1011
-1.10433
-1.10577
-1.10598
-1.10804
-1.1149
-1.12719
-1.14216
-1.15521
-1.16125
-1.15665
-1.14065
-1.11614
-1.08744
-1.0573
-1.02462
-0.985831
-0.937635
-0.879483
-0.814191
-0.747389
-0.685187
-0.631017
-0.5844
-0.541627
-0.498717
-0.453335
-0.40507
-0.35502
-0.305176
-0.257666
-0.215168
-0.180359
-0.155025
-0.138685
-0.128936
-0.123306
-0.119873
-0.11699
-0.112733
-0.105524
-0.0960497
-0.08582
-0.0755902
-0.0650859
-0.0544442
-0.0454503
-0.0408503
-0.0416055
-0.0464801
-0.0524532
-0.0562292
-0.0562292
-0.0531397
-0.0494323
-0.0467547
-0.044695
-0.0425667
-0.0408503
-0.0404384
-0.040507
-0.0387906
-0.0341907
-0.0289042
-0.025952
-0.0264325
-0.0287669
-0.0311698
-0.0328176
-0.0334355
-0.0326116
-0.0297967
-0.0245788
-0.0184685
-0.0138685
-0.0130446
-0.0162715
-0.0210087
-0.0236863
-0.0219699
-0.0160655
-0.00796409
-0.00116715
0.000961184
-0.00295221
-0.0108476
-0.0183998
-0.0221072
-0.0208028
-0.0163401
-0.0118088
-0.0100238
-0.0124267
-0.0183311
-0.0245788
-0.0270505
-0.0229311
-0.0139372
-0.00501189
-0.000480592
-0.000411936
-0.00226565
-0.00418801
-0.00597307
-0.00762081
-0.008582
-0.00885662
-0.00885662
-0.00906259
-0.00947452
-0.0103671
-0.0118775
-0.012976
-0.0119461
-0.00878796
-0.00624769
-0.00707156
-0.0113969
-0.0159968
-0.017164
-0.0140745
-0.00940587
-0.0068656
-0.00830737
-0.0120835
-0.014967
-0.0140058
-0.00899393
-0.00247161
0.00219699
0.00267758
-0.000961184
-0.00741484
-0.0146237
-0.0205281
-0.023549
-0.0232744
-0.0206654
-0.016958
-0.0130446
-0.00940587
-0.00707156
-0.00727753
-0.0107103
-0.0157909
-0.0198416
-0.021352
-0.0208714
-0.0202535
-0.0206654
-0.021558
-0.0216266
-0.0203908
-0.0185371
-0.0170267
-0.0155849
-0.0133879
-0.0101611
-0.00707156
-0.00597307
-0.00734619
-0.0100924
-0.0123581
-0.0123581
-0.00968049
-0.00556113
-0.00247161
-0.00212834
-0.00439398
-0.00782678
-0.0111909
-0.0135939
-0.0144864
-0.0128387
-0.00844468
-0.0023343
0.00370742
0.00775812
0.00734619
0.00137312
-0.00762081
-0.0143491
-0.0145551
-0.00830737
0.000480592
0.00741484
0.00988646
0.00755216
0.00116715
-0.0068656
-0.012976
-0.0133193
-0.00693425
0.00226565
0.00823872
0.00720888
0.000549248
-0.0074835
-0.0130446
-0.0145551
-0.0122894
-0.00768947
-0.00308952
-0.000892528
-0.00260893
-0.00707156
-0.0111909
-0.0116715
-0.0074835
-0.000892528
0.00459995
0.00672828
0.00597307
0.00411936
0.00205968
-0.000480592
-0.00357011
-0.00624769
-0.00741484
-0.00617904
-0.00308952
0.000411936
0.00199102
0.000617904
-0.0023343
-0.00439398
-0.00398205
-0.000961184
0.00363877
0.00823872
0.0110536
0.010985
0.008582
0.00569845
0.00425667
0.00439398
0.00453129
0.00274624
-0.00144178
-0.00556113
-0.00617904
-0.00219699
0.0034328
0.00631635
0.00453129
-0.000411936
-0.00535517
-0.00768947
-0.00659097
-0.00247161
0.00281489
0.00720888
0.00933721
0.00947452
0.00878796
0.00844468
0.00837603
0.00755216
0.00487457
0.000549248
-0.00377608
-0.00693425
-0.0091999
-0.0111909
-0.0128387
-0.0132506
-0.0118775
-0.00913124
-0.00604173
-0.00357011
-0.00185371
-0.000137312
0.00254027
0.00611038
0.00899393
0.00885662
0.00418801
-0.00398205
-0.0122208
-0.017164
-0.0178506
-0.0159968
-0.0142118
-0.0133879
-0.0126327
-0.0102984
-0.00535517
0.00151043
0.00865065
0.0144178
0.0174386
0.01737
0.0148297
0.0113282
0.00851334
0.00727753
0.00734619
0.00727753
0.00542382
0.00102984
-0.00494323
-0.0100924
-0.0124267
-0.0116029
-0.00913124
-0.00707156
-0.00645366
-0.00652232
-0.0057671
-0.00315817
0.000755216
0.00398205
0.00439398
0.00192237
-0.000823872
-0.000480592
0.00357011
0.00817006
0.00913124
0.0051492
-0.00130446
-0.00645366
-0.00851334
-0.00796409
-0.00597307
-0.00329549
-0.000480592
0.00226565
0.00439398
0.0040507
-0.000549248
-0.00913124
-0.0179192
-0.0219699
-0.019567
-0.0135252
-0.00803275
-0.00535517
-0.00508054
-0.00542382
-0.00487457
-0.00302086
-0.000617904
0.000823872
6.8656e-05
-0.00308952
-0.00775812
-0.0124954
-0.0155849
-0.0155849
-0.0120835
-0.00611038
-0.000137312
0.00329549
0.00302086
-0.000274624
-0.00446264
-0.00762081
-0.00878796
-0.00830737
-0.00665963
-0.00425667
-0.00247161
-0.00254027
-0.00466861
-0.00720888
-0.00789544
-0.00590441
-0.00240296
0.000617904
0.00178506
0.00157909
0.00137312
0.00226565
0.00432533
0.00645366
0.00720888
0.00556113
0.00199102
-0.00199102
-0.0051492
-0.00741484
-0.0098178
-0.0124954
-0.0138685
-0.0129073
-0.0105044
-0.00913124
-0.0100924
-0.0123581
-0.0137312
-0.0130446
-0.0106417
-0.00789544
-0.00638501
-0.0074835
-0.010985
-0.0148297
-0.0160655
-0.0131133
-0.00693425
-0.000549248
0.00357011
0.00501189
0.00494323
0.00432533
0.00274624
-0.000137312
-0.0034328
-0.00590441
-0.00665963
-0.00549248
-0.00212834
0.00329549
0.00947452
0.0144864
0.0165461
0.0145551
0.00878796
0.00068656
-0.00782678
-0.0151043
-0.0201162
-0.0221072
-0.0205968
-0.0157909
-0.00906259
-0.00178506
0.00494323
0.0102297
0.012976
0.0120835
0.00796409
0.00254027
-0.00151043
-0.00260893
-0.000205968
0.00473726
0.0100924
0.0128387
0.0111909
0.00583576
-0.000617904
-0.00597307
-0.00933721
-0.0108476
-0.010573
-0.00837603
-0.00411936
0.00157909
0.00707156
0.0106417
0.0112596
0.00892528
0.00501189
0.00185371
0.00123581
0.00295221
0.00494323
0.00459995
0.000961184
-0.00487457
-0.0107103
-0.0144178
-0.0145551
-0.010573
-0.00302086
0.0057671
0.0122894
0.0140745
0.0113282
0.00700291
0.00425667
0.00473726
0.00775812
0.0112596
0.01277
0.010779
0.00569845
-0.000137312
-0.00357011
-0.00315817
-0.000823872
0.000205968
-0.00144178
-0.00384473
-0.00459995
-0.00308952
-0.000274624
0.00274624
0.00597307
0.00878796
0.0102984
0.0102297
0.00926856
0.00844468
0.00803275
0.00679694
0.00363877
-0.00123581
-0.00624769
-0.0091999
-0.00892528
-0.00562979
-0.00068656
0.00377608
0.00604173
0.00508054
0.00144178
-0.00308952
-0.00631635
-0.00665963
-0.00357011
0.00116715
0.00459995
0.00377608
-0.00137312
-0.00871931
-0.0150357
-0.0177132
-0.0155849
-0.00892528
-0.00068656
0.00459995
0.00370742
-0.0023343
-0.00878796
-0.0113282
-0.00892528
-0.00432533
-0.00068656
0.00068656
0.00068656
0.00130446
0.00308952
0.00487457
0.00480592
0.00240296
-0.00102984
-0.00315817
-0.00205968
0.00205968
0.0074835
0.0120148
0.0144864
0.0142118
0.0109163
0.00446264
-0.00363877
-0.0111223
-0.0155162
-0.0159968
-0.0128387
-0.0074835
-0.00205968
0.00178506
0.00308952
0.00164774
-0.00199102
-0.00679694
-0.0111909
-0.0139372
-0.0148297
-0.0142804
-0.01277
-0.010779
-0.00974915
-0.010985
-0.0140058
-0.0159282
-0.0137312
-0.00727753
-0.000137312
0.00247161
-0.00157909
-0.00974915
-0.0166147
-0.0178506
-0.0130446
-0.00521785
0.00144178
0.00363877
0.000480592
-0.00631635
-0.0131819
-0.0164088
-0.0138685
-0.00665963
0.0017164
0.00720888
0.0074835
0.00329549
-0.00205968
-0.0051492
-0.00508054
-0.00391339
-0.00418801
-0.00665963
-0.00954318
-0.010779
-0.00961184
-0.00775812
-0.00762081
-0.0102297
-0.0132506
-0.0128387
-0.00714022
0.00178506
0.00995512
0.0140745
0.01277
0.00679694
-0.00137312
-0.00892528
-0.0135252
-0.014761
-0.012976
-0.00913124
-0.00480592
-0.00226565
-0.00322683
-0.00741484
-0.0124954
-0.0155162
-0.0148983
-0.0117402
-0.00899393
-0.00878796
-0.0103671
-0.0107103
-0.00803275
-0.00418801
-0.00260893
-0.00473726
-0.00851334
-0.0101611
-0.00789544
-0.00322683
0.000411936
0.00068656
-0.00205968
-0.00528651
-0.00700291
-0.00734619
-0.00693425
-0.00549248
-0.00254027
0.000480592
0.0010985
-0.00151043
-0.00542382
-0.00782678
-0.00755216
-0.00535517
-0.00199102
0.00157909
0.00453129
0.00604173
0.00569845
0.00350145
-0.00034328
-0.00556113
-0.0119461
-0.0186058
-0.0232744
-0.0238236
-0.0199102
-0.0138685
-0.00878796
-0.00569845
-0.00391339
-0.00274624
-0.00336414
-0.00707156
-0.012976
-0.016958
-0.0146237
-0.00542382
0.00590441
0.0131819
0.0135939
0.00906259
0.00336414
-0.00130446
-0.00494323
-0.00878796
-0.0140058
-0.0203222
-0.0256087
-0.0268445
-0.0221759
-0.0134566
-0.00473726
-0.000205968
-0.000823872
-0.0040507
-0.0057671
-0.00350145
0.00130446
0.00466861
0.00370742
-0.00130446
-0.0074835
-0.0114655
-0.0115342
-0.00865065
-0.00611038
-0.00659097
-0.0098178
-0.0129073
-0.012564
-0.00830737
-0.00247161
0.00199102
0.00377608
0.00370742
0.00370742
0.00425667
0.00446264
0.00295221
-0.000137312
-0.00363877
-0.00652232
-0.00885662
-0.0107103
-0.0113969
-0.0100924
-0.00720888
-0.00487457
-0.00521785
-0.00803275
-0.0109163
-0.0115342
-0.00947452
-0.00631635
-0.00453129
-0.00501189
-0.00714022
-0.00961184
-0.010779
-0.00947452
-0.00549248
-0.000411936
0.00350145
0.00459995
0.00329549
0.00116715
-0.00068656
-0.00205968
-0.00357011
-0.00528651
-0.00597307
-0.00425667
0
0.00480592
0.00762081
0.0068656
0.00281489
-0.00295221
-0.00844468
-0.0115342
-0.0115342
-0.00926856
-0.00693425
-0.00617904
-0.00741484
-0.00968049
-0.0109163
-0.00899393
-0.0034328
0.0040507
0.0100924
0.0130446
0.0131133
0.0118088
0.0100924
0.00817006
0.00549248
0.00116715
-0.00466861
-0.0100238
-0.0121521
-0.00988646
-0.00439398
0.00164774
0.00583576
0.00617904
0.00151043
-0.0074835
-0.0177132
-0.0249908
-0.0265012
-0.0219013
-0.0131819
-0.00398205
0.00281489
0.00590441
0.00583576
0.0040507
0.0017164
-0.000480592
-0.00267758
-0.00480592
-0.00638501
-0.00714022
-0.0074835
-0.00768947
-0.0081014
-0.00871931
-0.00974915
-0.0112596
-0.0127014
-0.0129073
-0.0113282
-0.0081014
-0.00370742
0.000961184
0.00480592
0.0057671
0.00247161
-0.00398205
-0.0100238
-0.0118775
-0.00865065
-0.00288355
0.00157909
0.0023343
-0.000411936
-0.00418801
-0.00617904
-0.00528651
-0.00247161
-0.000480592
-0.00199102
-0.00789544
-0.0155162
-0.0205281
-0.0203222
-0.0165461
-0.012976
-0.0111909
-0.00995512
-0.00768947
-0.00459995
-0.00212834
-0.00116715
-0.00178506
-0.00439398
-0.00974915
-0.0172326
-0.0240982
-0.0267072
-0.0234117
-0.0154476
-0.00652232
0.000137312
0.00288355
0.00192237
-0.000961184
-0.00315817
-0.00205968
0.00267758
0.008582
0.0115342
0.00899393
0.00199102
-0.00528651
-0.00865065
-0.00659097
-0.00130446
0.00322683
0.00501189
0.00480592
0.00466861
0.00549248
0.00611038
0.00521785
0.00260893
-0.00068656
-0.00322683
-0.00459995
-0.0057671
-0.00734619
-0.00837603
-0.00720888
-0.00302086
0.00267758
0.00720888
0.00844468
0.00638501
0.00267758
-0.00102984
-0.00377608
-0.00556113
-0.00679694
-0.00762081
-0.00775812
-0.00659097
-0.00336414
0.00212834
0.00871931
0.0137312
0.0142118
0.00947452
0.00219699
-0.00357011
-0.00501189
-0.0023343
0.0017164
0.00350145
0.000892528
-0.00590441
-0.0143491
-0.021558
-0.0250594
-0.023755
-0.01737
-0.00741484
0.00288355
0.00933721
0.00968049
0.00528651
6.8656e-05
-0.00260893
-0.00219699
-0.00130446
-0.00329549
-0.0091999
-0.0162028
-0.0190864
-0.014761
-0.00528651
0.00425667
0.00961184
0.00954318
0.00542382
-0.000137312
-0.00432533
-0.00569845
-0.00480592
-0.00363877
-0.00391339
-0.00562979
-0.00707156
-0.00700291
-0.00590441
-0.00604173
-0.00926856
-0.014761
-0.019155
-0.018949
-0.0128387
-0.00247161
0.0081014
0.0148983
0.0156536
0.0106417
0.00205968
-0.00700291
-0.0134566
-0.0160655
-0.0158595
-0.0145551
-0.0135939
-0.0133193
-0.0137312
-0.0142804
-0.0135252
-0.0104357
-0.00542382
-0.000892528
0.000274624
-0.00288355
-0.00837603
-0.0130446
-0.0153103
-0.0148983
-0.0126327
-0.00954318
-0.00741484
-0.00823872
-0.0123581
-0.0178506
-0.0210087
-0.0186744
-0.010779
-0.000549248
0.00755216
0.0106417
0.00865065
0.00411936
-0.000549248
-0.0040507
-0.00659097
-0.00913124
-0.0121521
-0.0153789
-0.0174386
-0.0166147
-0.0122894
-0.00597307
-0.000961184
6.8656e-05
-0.00315817
-0.00830737
-0.0120148
-0.0122208
-0.00954318
-0.00631635
-0.0051492
-0.00693425
-0.00988646
-0.0113969
-0.0100924
-0.0074835
-0.00604173
-0.00652232
-0.00782678
-0.00899393
-0.0098178
-0.0102297
-0.00940587
-0.00665963
-0.00219699
0.00315817
0.00837603
0.0120148
0.0119461
0.00720888
-0.000274624
-0.00631635
-0.00707156
-0.00185371
0.00638501
0.0126327
0.0128387
0.00611038
-0.00501189
-0.0161342
-0.0232744
-0.0251281
-0.023343
-0.0208714
-0.0190864
-0.0166834
-0.0116715
-0.00384473
0.0040507
0.00851334
0.00837603
0.00487457
0.000205968
-0.00453129
-0.00926856
-0.0133193
-0.0146237
-0.0116029
-0.00508054
0.00137312
0.00357011
-6.8656e-05
-0.00755216
-0.0144864
-0.0173013
-0.015173
-0.010779
-0.00727753
-0.00604173
-0.0057671
-0.00480592
-0.00336414
-0.00336414
-0.00617904
-0.0106417
-0.0135252
-0.0118775
-0.00631635
-0.00068656
0.00116715
-0.000823872
-0.00315817
-0.00315817
-0.00144178
-0.000411936
-0.0017164
-0.00466861
-0.00720888
-0.00755216
-0.00549248
-0.00247161
-0.000274624
0.000617904
0.000274624
-0.0010985
-0.00363877
-0.00652232
-0.00796409
-0.00665963
-0.00336414
-0.000617904
-0.000823872
-0.00384473
-0.00782678
-0.010573
-0.0112596
-0.010573
-0.0091999
-0.0074835
-0.00466861
-0.000617904
0.00357011
0.00569845
0.00453129
0.000755216
-0.00411936
-0.00871931
-0.0120148
-0.0134566
-0.012564
-0.0098178
-0.00631635
-0.00363877
-0.00357011
-0.00597307
-0.00885662
-0.00899393
-0.00494323
0.00164774
0.00672828
0.00734619
0.00315817
-0.00288355
-0.00714022
-0.00741484
-0.00466861
-0.00123581
0.00068656
0.000823872
-0.00034328
-0.00315817
-0.00803275
-0.0138685
-0.0176446
-0.0167521
-0.0111223
-0.00357011
0.00240296
0.00473726
0.00350145
-0.00034328
-0.00590441
-0.0120835
-0.0170267
-0.018949
-0.0180565
-0.0170953
-0.0186744
-0.0225878
-0.0258146
-0.0249908
-0.0194296
-0.0119461
-0.00659097
-0.00535517
-0.00720888
-0.00906259
-0.00892528
-0.00631635
-0.00199102
0.00281489
0.0057671
0.00377608
-0.00480592
-0.0176446
-0.0285609
-0.0309638
-0.0226565
-0.00720888
0.00803275
0.0163401
0.0156536
0.00913124
0.00205968
-0.00212834
-0.00302086
-0.00199102
-0.000617904
-6.8656e-05
-0.00034328
-0.00130446
-0.00295221
-0.00501189
-0.00638501
-0.00597307
-0.00411936
-0.00254027
-0.00254027
-0.00446264
-0.00720888
-0.00933721
-0.0098178
-0.008582
-0.00659097
-0.00494323
-0.00391339
-0.00350145
-0.00336414
-0.00295221
-0.00151043
0.000549248
0.00151043
0.000274624
-0.00288355
-0.00617904
-0.00762081
-0.00617904
-0.00240296
0.00137312
0.00212834
-0.000961184
-0.00535517
-0.00693425
-0.00384473
0.00157909
0.00466861
0.00254027
-0.00357011
-0.00892528
-0.00961184
-0.00590441
-0.00205968
-0.00178506
-0.00549248
-0.0107103
-0.0152416
-0.017164
-0.0155849
-0.010573
-0.00398205
0.0017164
0.00494323
0.00556113
0.00418801
0.00164774
-0.00102984
-0.00315817
-0.00439398
-0.00459995
-0.00418801
-0.00398205
-0.00549248
-0.00954318
-0.014967
-0.018949
-0.0194296
-0.0163401
-0.0116715
-0.00775812
-0.00631635
-0.00796409
-0.0121521
-0.01737
-0.0221759
-0.0250594
-0.0243042
-0.0188804
-0.00947452
0.000892528
0.00817006
0.00968049
0.0057671
-0.000755216
-0.00645366
-0.00906259
-0.00871931
-0.00652232
-0.00363877
-0.000823872
0.000892528
0.000892528
-0.00034328
-0.000823872
0.00116715
0.00562979
0.00995512
0.0104357
0.00487457
-0.00521785
-0.014967
-0.0199789
-0.0199102
-0.0182625
-0.0183998
-0.0196356
-0.0183311
-0.0131819
-0.00700291
-0.00432533
-0.00714022
-0.0133193
-0.0181938
-0.0188804
-0.0158595
-0.0117402
-0.00837603
-0.00624769
-0.00480592
-0.00384473
-0.00322683
-0.00226565
-0.000755216
0.00116715
0.00302086
0.00391339
0.00267758
-0.000892528
-0.00583576
-0.00988646
-0.0114655
-0.0100924
-0.0068656
-0.00411936
-0.00459995
-0.0091999
-0.0153103
-0.0181252
-0.014761
-0.00720888
0.00034328
0.00494323
0.00631635
0.00521785
0.00219699
-0.00240296
-0.00714022
-0.0103671
-0.0110536
-0.00968049
-0.0074835
-0.00597307
-0.00562979
-0.00604173
-0.00638501
-0.00556113
-0.00302086
0.00068656
0.00411936
0.00549248
0.00453129
0.00240296
0.00034328
-0.00157909
-0.00508054
-0.010985
-0.0177132
-0.0212834
-0.0186058
-0.0100238
0.00034328
0.0074835
0.00837603
0.00350145
-0.00357011
-0.00892528
-0.0113969
-0.0122208
-0.0132506
-0.0139372
-0.012564
-0.00878796
-0.00466861
-0.00295221
-0.00480592
-0.00851334
-0.0114655
-0.0116029
-0.00947452
-0.00727753
-0.00665963
-0.00734619
-0.00672828
-0.00308952
0.00219699
0.00556113
0.0051492
0.00267758
0.00116715
0.00192237
0.00363877
0.00384473
0.000823872
-0.00453129
-0.00899393
-0.00940587
-0.00611038
-0.0023343
-0.00102984
-0.00281489
-0.00604173
-0.00913124
-0.0110536
-0.0112596
-0.00947452
-0.00624769
-0.00281489
-0.00068656
-0.000892528
-0.00322683
-0.00645366
-0.00906259
-0.0106417
-0.0112596
-0.0118775
-0.0131133
-0.0150357
-0.0162715
-0.014967
-0.0100924
-0.00274624
0.00446264
0.00899393
0.00913124
0.0051492
-0.000823872
-0.00631635
-0.0100924
-0.0126327
-0.0146924
-0.0156536
-0.0140058
-0.00961184
-0.00487457
-0.00302086
-0.0051492
-0.00974915
-0.0138685
-0.0158595
-0.0155162
-0.0131819
-0.00913124
-0.00480592
-0.00267758
-0.00473726
-0.0104357
-0.0170953
-0.021352
-0.0212147
-0.0168207
-0.00961184
-0.00226565
0.00260893
0.00370742
0.00226565
0.000549248
0.000205968
0.00102984
0.00192237
0.00144178
-0.00157909
-0.00727753
-0.0146924
-0.0217639
-0.0256773
-0.0242356
-0.0172326
-0.00768947
-0.000205968
0.00226565
6.8656e-05
-0.00336414
-0.00466861
-0.00302086
-6.8656e-05
0.00164774
0.000549248
-0.00295221
-0.00714022
-0.00974915
-0.00995512
-0.00837603
-0.00638501
-0.00459995
-0.00295221
-0.00130446
0.000137312
0.0010985
0.00205968
0.00357011
0.00521785
0.00562979
0.0034328
-0.0010985
-0.00590441
-0.00913124
-0.0098178
-0.0081014
-0.00487457
-0.000755216
0.00322683
0.00624769
0.00741484
0.00604173
0.00219699
-0.00281489
-0.00659097
-0.00720888
-0.00466861
-0.00144178
-0.000480592
-0.0034328
-0.00968049
-0.0162028
-0.0192923
-0.0172326
-0.0107103
-0.00260893
0.00432533
0.00768947
0.00645366
0.00123581
-0.00535517
-0.010779
-0.0133193
-0.0128387
-0.00974915
-0.00521785
-0.00068656
0.00281489
0.00494323
0.00528651
0.00363877
0.000205968
-0.00391339
-0.00727753
-0.00885662
-0.00851334
-0.00659097
-0.00357011
-0.000137312
0.00281489
0.00453129
0.00473726
0.00350145
0.00151043
-6.8656e-05
-0.000480592
-0.000480592
-0.00164774
-0.00446264
-0.00789544
-0.0108476
-0.0132506
-0.014761
-0.0148297
-0.0137312
-0.0131133
-0.0142804
-0.0164774
-0.0170267
-0.0140058
-0.0081014
-0.00308952
-0.00274624
-0.00803275
-0.0158595
-0.021558
-0.0216953
-0.0162028
-0.00782678
-0.000411936
0.00336414
0.00260893
-0.00123581
-0.00611038
-0.0100924
-0.0124954
-0.0133879
-0.0136625
-0.0137312
-0.0131133
-0.0113282
-0.00871931
-0.00624769
-0.00411936
-0.0023343
-0.00102984
-0.000892528
-0.00212834
-0.00459995
-0.00755216
-0.0107103
-0.0131819
-0.0137998
-0.0115342
-0.0074835
-0.00466861
-0.00542382
-0.00940587
-0.0135939
-0.0150357
-0.0133879
-0.0105044
-0.00906259
-0.00995512
-0.0124267
-0.014761
-0.0157222
-0.014967
-0.012564
-0.00940587
-0.00679694
-0.00604173
-0.00700291
-0.00844468
-0.00954318
-0.0101611
-0.00995512
-0.00782678
-0.00281489
0.00398205
0.00988646
0.0116715
0.00803275
0.00034328
-0.0081014
-0.0138685
-0.015173
-0.0120148
-0.00645366
-0.00192237
-0.00123581
-0.00501189
-0.0107103
-0.0140745
-0.012564
-0.00768947
-0.00336414
-0.00205968
-0.00295221
-0.00370742
-0.00336414
-0.00315817
-0.00439398
-0.0068656
-0.00899393
-0.0091999
-0.0074835
-0.00521785
-0.00384473
-0.00425667
-0.00631635
-0.00954318
-0.0131133
-0.0154476
-0.0148983
-0.0102297
-0.00274624
0.00398205
0.00562979
0.000411936
-0.00913124
-0.0175759
-0.0201162
-0.015173
-0.00535517
0.00432533
0.00961184
0.00926856
0.00569845
0.00247161
0.00130446
0.000823872
-0.000961184
-0.00453129
-0.00803275
-0.0098178
-0.0100238
-0.00988646
-0.0101611
-0.0100924
-0.00892528
-0.00665963
-0.00391339
-0.0017164
-0.0010985
-0.00267758
-0.00611038
-0.00933721
-0.00988646
-0.00700291
-0.00240296
0.000961184
0.000961184
-0.00247161
-0.00734619
-0.0114655
-0.0135939
-0.0137312
-0.0128387
-0.0117402
-0.0111909
-0.0117402
-0.0135252
-0.0153103
-0.0156536
-0.0139372
-0.0111909
-0.00885662
-0.00672828
-0.00384473
-0.000480592
0.00144178
-0.000274624
-0.0057671
-0.0120148
-0.0146924
-0.0110536
-0.00192237
0.00775812
0.0122208
0.008582
-0.000892528
-0.0105044
-0.015173
-0.0140058
-0.00954318
-0.00556113
-0.00363877
-0.00357011
-0.00473726
-0.00789544
-0.0133879
-0.0190177
-0.0205968
-0.0155849
-0.00569845
0.00363877
0.00803275
0.00665963
0.00192237
-0.00315817
-0.00645366
-0.00720888
-0.00583576
-0.00357011
-0.00116715
0.00102984
0.00267758
0.00322683
0.00240296
0.000892528
-0.000137312
0.000137312
0.00137312
0.00308952
0.00466861
0.00556113
0.00418801
-0.000755216
-0.00865065
-0.0162715
-0.0192237
-0.0159968
-0.00892528
-0.00247161
0.000205968
-0.000892528
-0.00370742
-0.00521785
-0.00329549
0.00219699
0.00871931
0.0129073
0.0130446
0.0091999
0.00267758
-0.00466861
-0.0108476
-0.0145551
-0.0157909
-0.0154476
-0.0146237
-0.0142118
-0.0148297
-0.0157222
-0.0143491
-0.00878796
0.000137312
0.00837603
0.0120148
0.0100238
0.00521785
0.00185371
0.00281489
0.00700291
0.0109163
0.0113282
