LECROYHDO9204-MSöv,30454,Waveform
Segments,1,SegmentSize,2002
Ampl
-0.00157909
-0.00329549
-0.00240296
-0.000823872
-0.000961184
-0.00384473
-0.008582
-0.0122208
-0.0117402
-0.00679694
-0.000480592
0.00302086
0.00144178
-0.00398205
-0.00933721
-0.0110536
-0.00878796
-0.00521785
-0.00288355
-0.00260893
-0.00315817
-0.00288355
-0.000755216
0.00322683
0.00707156
0.00775812
0.00315817
-0.00590441
-0.0155849
-0.0214207
-0.0208028
-0.0146924
-0.00624769
0.000549248
0.00357011
0.00322683
0.00185371
0.00130446
0.00164774
0.0017164
0.000823872
-0.00102984
-0.00329549
-0.00590441
-0.00885662
-0.0120148
-0.0144864
-0.0146924
-0.0116715
-0.00652232
-0.00178506
0.000823872
0.00137312
0.000617904
-0.00102984
-0.00322683
-0.00535517
-0.00597307
-0.0040507
6.8656e-05
0.00473726
0.00768947
0.00693425
0.00151043
-0.00741484
-0.0173013
-0.0247848
-0.0269818
-0.0229997
-0.0148297
-0.00624769
-0.000823872
0.00034328
-0.00123581
-0.00295221
-0.00363877
-0.00418801
-0.00638501
-0.0116029
-0.0183998
-0.023549
-0.0234117
-0.0173013
-0.00782678
-6.8656e-05
0.00199102
-0.00185371
-0.00817006
-0.0133193
-0.0159282
-0.0168207
-0.016958
-0.0162028
-0.0144864
-0.0128387
-0.0121521
-0.0122894
-0.0122894
-0.0115342
-0.0106417
-0.0116029
-0.0160655
-0.0234803
-0.0307579
-0.0343966
-0.0330922
-0.0281489
-0.0226565
-0.0196356
-0.021146
-0.0265699
-0.0330922
-0.0366623
-0.034534
-0.0265012
-0.0153103
-0.00693425
-0.0127014
-0.0497069
-0.135802
-0.279636
-0.471186
-0.680793
-0.869528
-1.00636
-1.08092
-1.10495
-1.10213
-1.09534
-1.09836
-1.11429
-1.13832
-1.16159
-1.17566
-1.1769
-1.16846
-1.15747
-1.14985
-1.14649
-1.14511
-1.14305
-1.13962
-1.13509
-1.12994
-1.12507
-1.1215
-1.11923
-1.11683
-1.11243
-1.10529
-1.09554
-1.08401
-1.07165
-1.06019
-1.05195
-1.04893
-1.05133
-1.0573
-1.06437
-1.07103
-1.0768
-1.08222
-1.08765
-1.09307
-1.09815
-1.1031
-1.10879
-1.11593
-1.12342
-1.12905
-1.1309
-1.12891
-1.12465
-1.12108
-1.12026
-1.12211
-1.12458
-1.12589
-1.12582
-1.1252
-1.125
-1.12548
-1.12637
-1.1261
-1.12266
-1.11593
-1.10845
-1.10392
-1.10413
-1.1077
-1.11154
-1.11312
-1.11133
-1.10653
-1.10001
-1.09431
-1.0917
-1.0919
-1.09314
-1.09362
-1.09376
-1.09493
-1.09795
-1.10172
-1.10474
-1.10605
-1.10625
-1.10646
-1.10763
-1.11065
-1.11641
-1.12541
-1.13653
-1.14697
-1.15342
-1.1528
-1.14264
-1.12156
-1.09012
-1.05092
-1.00732
-0.96139
-0.912918
-0.860534
-0.804099
-0.746359
-0.691915
-0.643993
-0.601083
-0.558379
-0.51183
-0.461437
-0.410906
-0.363327
-0.319044
-0.275791
-0.232675
-0.192649
-0.160724
-0.139578
-0.127425
-0.120217
-0.114861
-0.109644
-0.103121
-0.0950885
-0.0864379
-0.0790917
-0.0735992
-0.0697545
-0.0667336
-0.0643993
-0.0629575
-0.0617904
-0.0597993
-0.0562979
-0.0519039
-0.0484711
-0.0479219
-0.0499815
-0.0525218
-0.0527964
-0.0496383
-0.0437339
-0.0374862
-0.0336414
-0.0334355
-0.0357698
-0.0376235
-0.0364563
-0.032131
-0.0270505
-0.0246475
-0.0267072
-0.0315817
-0.0354265
-0.0357011
-0.0332981
-0.0308952
-0.0293848
-0.0274624
-0.0234117
-0.0179192
-0.0136625
-0.012976
-0.0154476
-0.0186058
-0.0201162
-0.0194296
-0.0177819
-0.0167521
-0.0170953
-0.0186058
-0.0205281
-0.0225878
-0.0250594
-0.0282176
-0.0317877
-0.0351519
-0.0376921
-0.0387906
-0.0377608
-0.034534
-0.03014
-0.0260893
-0.023755
-0.0234117
-0.0240982
-0.0244415
-0.0232057
-0.0206654
-0.0180565
-0.0168894
-0.0180565
-0.0205281
-0.0219013
-0.0197729
-0.0142118
-0.00768947
-0.00295221
-0.00144178
-0.00240296
-0.00425667
-0.0057671
-0.00741484
-0.00974915
-0.0126327
-0.0146924
-0.014967
-0.0134566
-0.0112596
-0.0100238
-0.0109163
-0.0140058
-0.0168207
-0.0158595
-0.0102297
-0.00281489
0.00151043
-0.00068656
-0.00940587
-0.0216953
-0.0332295
-0.040507
-0.0416055
-0.0363877
-0.0262952
-0.0140058
-0.00363877
0.00116715
-0.000411936
-0.00535517
-0.0091999
-0.00968049
-0.00768947
-0.00508054
-0.00281489
-0.00144178
-0.00178506
-0.00480592
-0.00988646
-0.0152416
-0.018949
-0.0197043
-0.0177819
-0.0144178
-0.0113282
-0.00926856
-0.00844468
-0.00878796
-0.0100924
-0.0114655
-0.0120835
-0.0111223
-0.00817006
-0.0040507
-0.00102984
-0.00116715
-0.00466861
-0.00961184
-0.0127014
-0.0124267
-0.0100238
-0.00796409
-0.00789544
-0.0098178
-0.0124267
-0.0144178
-0.014967
-0.0140745
-0.0122894
-0.0100924
-0.00789544
-0.00611038
-0.00535517
-0.00597307
-0.00741484
-0.00871931
-0.008582
-0.00672828
-0.00350145
-6.8656e-05
0.00219699
0.00267758
0.00116715
-0.00199102
-0.00645366
-0.0111223
-0.0142804
-0.0137998
-0.00885662
-0.000823872
0.00720888
0.0119461
0.0122894
0.00961184
0.00631635
0.00363877
0.000961184
-0.00247161
-0.00638501
-0.00913124
-0.00823872
-0.00308952
0.0040507
0.00878796
0.00775812
0.000549248
-0.00940587
-0.0166834
-0.0166147
-0.00926856
0.000755216
0.00755216
0.00830737
0.00411936
-0.00192237
-0.00714022
-0.0102984
-0.0114655
-0.0113969
-0.0111909
-0.0116029
-0.0117402
-0.00974915
-0.00535517
-0.000823872
0.00130446
0.000549248
-0.00102984
-0.00164774
-0.00102984
-0.000549248
-0.00164774
-0.00384473
-0.00549248
-0.00480592
-0.00151043
0.00295221
0.00645366
0.00679694
0.00315817
-0.00308952
-0.00871931
-0.0106417
-0.00741484
-0.000755216
0.00583576
0.00899393
0.00693425
0.000823872
-0.00611038
-0.0100238
-0.00906259
-0.00439398
0.00116715
0.00473726
0.00487457
0.00226565
-0.00068656
-0.0010985
0.00219699
0.0081014
0.0134566
0.0151043
0.0112596
0.00247161
-0.00817006
-0.0159968
-0.0170267
-0.0106417
-0.000205968
0.00871931
0.0117402
0.00830737
0.0010985
-0.0057671
-0.00947452
-0.00974915
-0.00844468
-0.00727753
-0.00665963
-0.00590441
-0.00432533
-0.00267758
-0.00260893
-0.00487457
-0.0081014
-0.0102297
-0.010779
-0.010985
-0.0118088
-0.0122894
-0.010573
-0.00645366
-0.00199102
0.00034328
-0.000617904
-0.00370742
-0.00652232
-0.00638501
-0.0023343
0.00411936
0.00974915
0.0116029
0.00906259
0.00350145
-0.0034328
-0.0107103
-0.0177132
-0.0228624
-0.0243042
-0.0219699
-0.0179192
-0.0144864
-0.0127014
-0.0122208
-0.012564
-0.0133193
-0.0140745
-0.0144864
-0.0140745
-0.0124267
-0.0103671
-0.00947452
-0.0105044
-0.012564
-0.0135252
-0.0120148
-0.00789544
-0.00199102
0.00459995
0.0103671
0.01277
0.00961184
0.00068656
-0.010985
-0.0208714
-0.025952
-0.0253341
-0.0206654
-0.0146237
-0.0100924
-0.00885662
-0.0106417
-0.0138685
-0.0159282
-0.0145551
-0.00926856
-0.0023343
0.00315817
0.00508054
0.00336414
-0.00034328
-0.00357011
-0.00459995
-0.00411936
-0.00439398
-0.00707156
-0.0113282
-0.0140058
-0.0120835
-0.00542382
0.00288355
0.00823872
0.008582
0.00508054
0.00144178
0.000549248
0.00260893
0.00521785
0.00590441
0.00377608
-0.000137312
-0.00439398
-0.00714022
-0.00693425
-0.0034328
0.00185371
0.00604173
0.00679694
0.00357011
-0.00254027
-0.00892528
-0.0129073
-0.0127014
-0.00865065
-0.00267758
0.00315817
0.00755216
0.00947452
0.00837603
0.00508054
0.00144178
-0.000205968
0.000549248
0.00185371
0.000961184
-0.00226565
-0.00542382
-0.00583576
-0.00377608
-0.0010985
0.00068656
0.00137312
0.000892528
-0.000137312
-0.000617904
0.000137312
0.00178506
0.00308952
0.00350145
0.00357011
0.00418801
0.00535517
0.00645366
0.00679694
0.00583576
0.00384473
0.00130446
-0.00137312
-0.00439398
-0.00789544
-0.0111909
-0.0134566
-0.0146924
-0.0155162
-0.0166834
-0.0183998
-0.0204595
-0.0222445
-0.0226565
-0.0201849
-0.0144864
-0.00768947
-0.0034328
-0.00432533
-0.0101611
-0.0175073
-0.0216953
-0.0197043
-0.0120148
-0.00157909
0.00734619
0.0116715
0.0101611
0.00418801
-0.00308952
-0.00823872
-0.0100238
-0.00940587
-0.00844468
-0.00830737
-0.00878796
-0.00851334
-0.00617904
-0.0017164
0.00295221
0.00487457
0.00247161
-0.00370742
-0.0110536
-0.0168894
-0.0201849
-0.021352
-0.021352
-0.0203908
-0.0179192
-0.0139372
-0.00940587
-0.00542382
-0.00308952
-0.00295221
-0.00562979
-0.0102297
-0.0140745
-0.0143491
-0.0101611
-0.0034328
0.00199102
0.00281489
-0.00185371
-0.00961184
-0.0161342
-0.0184685
-0.0164774
-0.0118775
-0.00693425
-0.00363877
-0.0034328
-0.00672828
-0.0113282
-0.0135252
-0.0102984
-0.00260893
0.00521785
0.0081014
0.0040507
-0.00494323
-0.0145551
-0.0201849
-0.0196356
-0.0136625
-0.00562979
0.000205968
0.000755216
-0.00398205
-0.010779
-0.0152416
-0.015173
-0.0118088
-0.00851334
-0.00693425
-0.00638501
-0.00535517
-0.00322683
-0.000480592
0.00144178
0.000823872
-0.00350145
-0.0111909
-0.0201849
-0.0273251
-0.0291788
-0.0247161
-0.0164088
-0.00878796
-0.00473726
-0.00432533
-0.00556113
-0.00693425
-0.00823872
-0.00954318
-0.0100238
-0.00892528
-0.00679694
-0.00569845
-0.00679694
-0.00926856
-0.0114655
-0.0129073
-0.0144178
-0.0164088
-0.0181938
-0.0183311
-0.0160655
-0.0119461
-0.00775812
-0.00494323
-0.0034328
-0.00192237
0.00137312
0.00707156
0.0135252
0.0168894
0.0135252
0.00377608
-0.00734619
-0.0136625
-0.0124954
-0.00624769
0.000137312
0.00274624
0.000892528
-0.00363877
-0.00817006
-0.0108476
-0.0113282
-0.0103671
-0.00940587
-0.00906259
-0.00899393
-0.008582
-0.00844468
-0.00954318
-0.0120148
-0.0143491
-0.0142118
-0.0101611
-0.0023343
0.0068656
0.0135939
0.0140058
0.00672828
-0.00521785
-0.0159282
-0.0199789
-0.0159968
-0.00727753
-0.000274624
0.000411936
-0.00411936
-0.00837603
-0.00844468
-0.00562979
-0.00425667
-0.00679694
-0.0114655
-0.0142804
-0.0130446
-0.00865065
-0.0040507
-0.00185371
-0.00302086
-0.00597307
-0.00837603
-0.00837603
-0.00638501
-0.00425667
-0.00363877
-0.00453129
-0.00611038
-0.00707156
-0.00652232
-0.00459995
-0.00164774
0.00151043
0.00459995
0.00665963
0.00624769
0.00185371
-0.00631635
-0.0157222
-0.0225192
-0.0239609
-0.0203222
-0.0140058
-0.00817006
-0.00521785
-0.00556113
-0.00755216
-0.00906259
-0.00954318
-0.00995512
-0.0110536
-0.0120835
-0.0121521
-0.0111223
-0.00968049
-0.00817006
-0.00638501
-0.00473726
-0.00377608
-0.00391339
-0.00508054
-0.00665963
-0.00755216
-0.00707156
-0.00583576
-0.00535517
-0.00679694
-0.0100238
-0.0138685
-0.0168894
-0.0177132
-0.014967
-0.008582
-0.00102984
0.00322683
0.00130446
-0.0057671
-0.0133879
-0.0176446
-0.0177819
-0.0157909
-0.0133879
-0.0108476
-0.00782678
-0.00466861
-0.00219699
-0.00102984
-0.00102984
-0.0017164
-0.00281489
-0.0040507
-0.00453129
-0.00329549
-0.000274624
0.00350145
0.0057671
0.0040507
-0.00212834
-0.0103671
-0.0160655
-0.0161342
-0.0112596
-0.00459995
0.0010985
0.0051492
0.00755216
0.00830737
0.00741484
0.00583576
0.00487457
0.00501189
0.00562979
0.00556113
0.00425667
0.00240296
0.00116715
0.0010985
0.00102984
-0.000823872
-0.00556113
-0.0124954
-0.0182625
-0.019567
-0.0155849
-0.0091999
-0.00501189
-0.00542382
-0.00865065
-0.0102297
-0.00720888
-0.00068656
0.00480592
0.00487457
-0.00116715
-0.00995512
-0.0165461
-0.0181252
-0.0152416
-0.0109163
-0.00734619
-0.00508054
-0.00322683
-0.00123581
0.0010985
0.00377608
0.00659097
0.00899393
0.00995512
0.00885662
0.00638501
0.00411936
0.00315817
0.00329549
0.00315817
0.00151043
-0.00178506
-0.00590441
-0.00995512
-0.0135252
-0.0165461
-0.0186744
-0.018949
-0.0166147
-0.0120148
-0.00659097
-0.0017164
0.00178506
0.00329549
0.00219699
-0.0010985
-0.00528651
-0.00947452
-0.0133879
-0.0162715
-0.0165461
-0.0130446
-0.0074835
-0.00384473
-0.00501189
-0.00988646
-0.0146924
-0.0165461
-0.0155162
-0.0142118
-0.0150357
-0.0180565
-0.0214893
-0.0228624
-0.021352
-0.0180565
-0.0145551
-0.0115342
-0.00844468
-0.00528651
-0.00288355
-0.00137312
-0.000205968
0.0010985
0.00178506
0.000892528
-0.00185371
-0.00556113
-0.00926856
-0.0122894
-0.0144178
-0.0156536
-0.0156536
-0.0132506
-0.00775812
-0.000549248
0.00508054
0.0057671
0.000823872
-0.00700291
-0.0134566
-0.0155849
-0.0137312
-0.010573
-0.0081014
-0.00665963
-0.00556113
-0.00494323
-0.00494323
-0.00466861
-0.00247161
0.00164774
0.00521785
0.00535517
0.0017164
-0.00336414
-0.00775812
-0.00988646
-0.00899393
-0.00473726
0.00199102
0.00878796
0.012976
0.0132506
0.0103671
0.00604173
0.00116715
-0.00384473
-0.00803275
-0.00974915
-0.00789544
-0.00357011
0.000823872
0.00336414
0.00302086
-0.000480592
-0.00659097
-0.0131133
-0.0166834
-0.0150357
-0.00954318
-0.00398205
-0.0017164
-0.00260893
-0.0034328
-0.00151043
0.00281489
0.00624769
0.00549248
-0.000205968
-0.00851334
-0.0162028
-0.0206654
-0.0209401
-0.0179879
-0.0138685
-0.0108476
-0.00974915
-0.00995512
-0.00988646
-0.00796409
-0.00370742
0.00199102
0.00734619
0.0106417
0.0108476
0.00782678
0.00212834
-0.00487457
-0.0103671
-0.0113282
-0.00665963
0.00144178
0.00871931
0.0113282
0.0081014
0.00137312
-0.00494323
-0.00817006
-0.0081014
-0.00645366
-0.00453129
-0.00267758
-0.000274624
0.00302086
0.00645366
0.008582
0.00844468
0.00700291
0.00569845
0.00459995
0.00199102
-0.00357011
-0.010779
-0.0160655
-0.0162715
-0.0113969
-0.00459995
-0.000274624
-0.000961184
-0.00624769
-0.0135939
-0.0202535
-0.0245788
-0.0258146
-0.0231371
-0.0160655
-0.00617904
0.00308952
0.00775812
0.00597307
-0.00123581
-0.0100924
-0.0159968
-0.0167521
-0.0142804
-0.0129073
-0.015173
-0.0190864
-0.0202535
-0.0160655
-0.00782678
0.000411936
0.00501189
0.00480592
0.00116715
-0.00391339
-0.00913124
-0.0144178
-0.0194983
-0.0238923
-0.0266385
-0.027531
-0.0263639
-0.0227938
-0.0162715
-0.00803275
-0.000823872
0.00219699
0
-0.00508054
-0.00947452
-0.0103671
-0.00734619
-0.00151043
0.00556113
0.0113969
0.01277
0.00782678
-0.00102984
-0.0081014
-0.00871931
-0.00288355
0.00549248
0.0120148
0.0142804
0.0129073
0.0100924
0.00755216
0.00549248
0.00295221
-0.000274624
-0.00315817
-0.00439398
-0.00288355
0.00116715
0.00556113
0.00714022
0.00446264
-0.00068656
-0.00466861
-0.00549248
-0.00370742
-0.00130446
6.8656e-05
6.8656e-05
-0.00068656
-0.000549248
0.00199102
0.00755216
0.0141431
0.0181252
0.0157222
0.00624769
-0.00659097
-0.0170267
-0.021146
-0.018949
-0.0135252
-0.00803275
-0.00453129
-0.00411936
-0.00611038
-0.00789544
-0.00590441
0.000480592
0.00768947
0.00995512
0.00411936
-0.00734619
-0.0183998
-0.0238236
-0.0221072
-0.0155162
-0.0074835
-0.00123581
0.00116715
-0.00130446
-0.00707156
-0.0129073
-0.0155849
-0.0143491
-0.0110536
-0.00823872
-0.00768947
-0.00892528
-0.0101611
-0.00974915
-0.00762081
-0.00556113
-0.00535517
-0.00672828
-0.00762081
-0.00638501
-0.00384473
-0.00254027
-0.00398205
-0.00714022
-0.00961184
-0.0103671
-0.0107103
-0.0122894
-0.0152416
-0.0178506
-0.0185371
-0.0175759
-0.0158595
-0.0138685
-0.0113969
-0.00906259
-0.00837603
-0.0103671
-0.0135939
-0.0157222
-0.0148983
-0.0114655
-0.00741484
-0.00453129
-0.00329549
-0.00247161
-0.00034328
0.00315817
0.00631635
0.00714022
0.00494323
0.00068656
-0.00453129
-0.00933721
-0.0124267
-0.0127014
-0.00974915
-0.00508054
-0.00157909
-0.00226565
-0.00762081
-0.0144864
-0.0181938
-0.0157909
-0.00775812
0.00260893
0.0118775
0.0175759
0.0187431
0.0159968
0.0111223
0.00604173
0.00212834
-0.00034328
-0.00192237
-0.00370742
-0.00624769
-0.00892528
-0.0103671
-0.00913124
-0.00501189
0.000823872
0.00638501
0.00913124
0.00789544
0.0034328
-0.00151043
-0.00411936
-0.00336414
-0.000755216
0.00130446
0.000205968
-0.00521785
-0.0137998
-0.0217639
-0.0252654
-0.0229997
-0.0165461
-0.00906259
-0.00267758
0.00219699
0.00611038
0.00851334
0.00714022
0.000617904
-0.00906259
-0.0164774
-0.017164
-0.010779
-0.00205968
0.00322683
0.00137312
-0.00700291
-0.0177132
-0.0254027
-0.0264325
-0.0208714
-0.0122208
-0.00542382
-0.00329549
-0.0051492
-0.00796409
-0.00926856
-0.00837603
-0.00590441
-0.00267758
0.000205968
0.00205968
0.00226565
0.000961184
-0.00130446
-0.00370742
-0.00459995
-0.00254027
0.00267758
0.00844468
0.0112596
0.00926856
0.00322683
-0.00411936
-0.0101611
-0.012976
-0.0120148
-0.00844468
-0.00466861
-0.00226565
-0.00164774
-0.00240296
-0.00411936
-0.00617904
-0.00851334
-0.0110536
-0.0133193
-0.0146924
-0.0145551
-0.0130446
-0.0107103
-0.00830737
-0.00700291
-0.00796409
-0.0113969
-0.0159968
-0.0194983
-0.0201162
-0.0176446
-0.0129073
-0.00734619
-0.00185371
0.00288355
0.00590441
0.00645366
0.0051492
0.0034328
0.00226565
0.000549248
-0.00377608
-0.0115342
-0.0199102
-0.0245102
-0.0232057
-0.0175073
-0.010985
-0.00611038
-0.00370742
-0.00302086
-0.00274624
-0.0010985
0.00267758
0.00727753
0.00974915
0.00782678
0.00212834
-0.00370742
-0.00590441
-0.00308952
0.00205968
0.00556113
0.00459995
6.8656e-05
-0.00466861
-0.00672828
-0.00604173
-0.00453129
-0.00398205
-0.00391339
-0.00288355
-0.000549248
0.00185371
0.00254027
0.00123581
-0.000755216
-0.00178506
-0.00116715
-6.8656e-05
6.8656e-05
-0.00144178
-0.00391339
-0.00569845
-0.00542382
-0.00329549
-0.000480592
0.00212834
0.0040507
0.00501189
0.00459995
0.00267758
-0.00034328
-0.0040507
-0.00762081
-0.00947452
-0.00865065
-0.00597307
-0.00357011
-0.00288355
-0.00391339
-0.00528651
-0.00597307
-0.00617904
-0.00707156
-0.00961184
-0.0128387
-0.0142118
-0.0111909
-0.00398205
0.00432533
0.00926856
0.00755216
-0.00102984
-0.0134566
-0.0240296
-0.0281489
-0.0247161
-0.0170953
-0.00974915
-0.00535517
-0.00377608
-0.00302086
-0.00123581
0.00178506
0.00418801
0.00398205
0.000617904
-0.00370742
-0.00556113
-0.00178506
0.00714022
0.017164
0.0225878
0.0199102
0.010779
-0.000137312
-0.00775812
-0.00961184
-0.00617904
-0.000205968
0.00473726
0.00597307
0.00302086
-0.00260893
-0.00775812
-0.00940587
-0.00659097
-0.00185371
0.00034328
-0.00274624
-0.00961184
-0.0157909
-0.017164
-0.012564
-0.00370742
0.00597307
0.0124267
0.0128387
0.00727753
-0.000755216
-0.00665963
-0.00768947
-0.00487457
-0.00151043
-0.000617904
-0.00240296
-0.00453129
-0.00432533
-0.00102984
0.00350145
0.00624769
0.00501189
-0.000205968
-0.0068656
-0.0109163
-0.00940587
-0.00288355
0.00473726
0.00844468
0.0051492
-0.00418801
-0.0146924
-0.0205281
-0.0194296
-0.0135939
-0.00789544
-0.00521785
-0.00521785
-0.00624769
-0.00720888
-0.00830737
-0.0098178
-0.0113969
-0.0122894
-0.0124267
-0.0120148
-0.0119461
-0.0124954
-0.0128387
-0.0113969
-0.00707156
-0.000892528
0.00487457
0.00755216
0.00583576
0.000823872
-0.00494323
-0.00865065
-0.00906259
-0.00659097
-0.00226565
0.00219699
0.00494323
0.00425667
0.000274624
-0.00473726
-0.00762081
-0.00624769
-0.000617904
0.00693425
0.0130446
0.0153789
0.0134566
0.00871931
0.00336414
-0.00068656
-0.00260893
-0.00336414
-0.00398205
-0.00487457
-0.00528651
-0.00398205
-0.000892528
0.00240296
0.00322683
-0.000755216
-0.00933721
-0.019155
-0.0258833
-0.0267758
-0.0227938
-0.0172326
-0.0136625
-0.0131819
-0.0138685
-0.0126327
-0.00830737
-0.0023343
0.00281489
0.00569845
0.00645366
0.0057671
0.00377608
0.000823872
-0.00212834
-0.0034328
-0.00116715
0.00480592
0.0118775
0.0154476
0.0122208
0.00240296
-0.0102984
-0.0206654
-0.0249221
-0.0219013
-0.0133879
-0.00411936
0.000892528
-0.00068656
-0.00590441
-0.00933721
-0.00789544
-0.00254027
0.00350145
0.00727753
0.00714022
0.0034328
-0.00212834
-0.00714022
-0.0101611
-0.010779
-0.00885662
-0.00473726
-6.8656e-05
0.00336414
0.00459995
0.00384473
0.00151043
-0.00205968
-0.00569845
-0.00768947
-0.00700291
-0.00453129
-0.00240296
-0.00192237
-0.00226565
-0.00254027
-0.00226565
-0.00178506
-0.00130446
-0.000823872
-0.000411936
-0.000617904
-0.00192237
-0.00370742
-0.00480592
-0.00432533
-0.00254027
-0.00116715
-0.0017164
-0.00418801
-0.00645366
-0.00617904
-0.00281489
0.00185371
0.00453129
0.00288355
-0.00350145
-0.0122894
-0.0194296
-0.021146
-0.0164088
-0.00775812
0.000274624
0.00466861
0.00487457
0.00274624
0.000205968
-0.00185371
-0.00363877
-0.00562979
-0.00734619
-0.00782678
-0.00652232
-0.00411936
-0.00240296
-0.00308952
-0.00624769
-0.00995512
-0.0115342
-0.00961184
-0.0057671
-0.00377608
-0.0068656
-0.0151043
-0.0242356
-0.0292474
-0.0280116
-0.0217639
-0.0138685
-0.00720888
-0.00377608
-0.00411936
-0.0074835
-0.0111909
-0.0122208
-0.00899393
-0.00295221
0.00240296
0.00411936
0.00144178
-0.0040507
-0.00961184
-0.0128387
-0.0124267
-0.00892528
-0.00439398
-0.000961184
0.000411936
6.8656e-05
-0.000755216
-0.0010985
-0.000411936
0.00144178
0.00459995
0.00823872
0.0100238
0.00734619
0.000137312
-0.00789544
-0.0116029
-0.00844468
-0.000892528
0.00590441
0.00817006
0.00556113
0.000617904
-0.0040507
-0.0068656
-0.00741484
-0.00624769
-0.00446264
-0.00254027
0.000137312
0.00370742
0.00652232
0.0057671
0.00034328
-0.00796409
-0.0154476
-0.0187431
-0.017164
-0.0121521
-0.00604173
-0.000137312
0.00466861
0.00720888
0.00604173
0.000411936
-0.00871931
-0.0184685
-0.0251281
-0.0252654
-0.0179192
-0.00569845
0.00624769
0.0131133
0.0135939
0.0100238
0.00597307
0.00370742
0.00357011
0.00473726
0.00597307
0.0057671
0.00267758
-0.00336414
-0.0109163
-0.0174386
-0.0200475
-0.0179879
-0.0132506
-0.00878796
-0.00583576
-0.00315817
0.00034328
0.00398205
0.00569845
0.00418801
0.000411936
-0.00295221
-0.0034328
-0.00130446
0.000892528
6.8656e-05
-0.00398205
-0.00926856
-0.0131819
-0.0135939
-0.00968049
-0.00219699
0.00604173
0.0111223
0.00995512
0.00219699
-0.00926856
-0.019567
-0.0244415
-0.0223132
-0.0151043
-0.00645366
0.000137312
0.00267758
0.00123581
-0.00247161
-0.00645366
-0.00926856
-0.0104357
-0.00933721
-0.0051492
0.00178506
0.00865065
0.0118088
0.00974915
0.00453129
0.000137312
-0.000480592
0.00205968
0.00494323
0.00556113
0.00357011
0.000480592
-0.0017164
-0.00219699
-0.00116715
0.000549248
0.0017164
0.00192237
0.00199102
0.00288355
0.00432533
0.00418801
0.00116715
-0.00322683
-0.00542382
-0.00336414
0.00123581
0.00459995
0.00425667
0.000617904
-0.00363877
-0.00583576
-0.00590441
-0.00638501
-0.0100924
-0.0173013
-0.0247848
-0.0282176
-0.0251967
-0.0166147
-0.00597307
0.00240296
0.00597307
0.00480592
0.000892528
-0.00391339
-0.00899393
-0.0138685
-0.0177819
-0.0192923
-0.0172326
-0.0118775
-0.00521785
0.000480592
0.0040507
0.00562979
0.00549248
0.00363877
-0.000205968
-0.00501189
-0.0091999
-0.0115342
-0.0122208
-0.0121521
-0.0123581
-0.0133193
-0.0144864
-0.0145551
-0.0123581
-0.0081014
-0.00260893
0.00281489
0.0068656
0.00871931
0.00844468
0.00659097
0.00363877
-0.000549248
-0.00583576
-0.0111223
-0.0150357
-0.0166834
-0.0158595
-0.0122894
-0.00645366
-0.000205968
0.00398205
0.00487457
0.00295221
-6.8656e-05
-0.00247161
-0.00288355
-0.00144178
0.000411936
0.000755216
-0.00130446
-0.00487457
-0.00844468
-0.0110536
-0.0118775
-0.0103671
-0.00645366
-0.0010985
0.00418801
0.00768947
0.0081014
0.00528651
6.8656e-05
-0.00583576
-0.0106417
-0.0127014
-0.0111909
-0.00631635
0.00034328
0.00645366
0.0101611
0.010573
0.00789544
0.00315817
-0.00164774
-0.00466861
-0.00501189
-0.00295221
0.000137312
0.00247161
0.00212834
-0.00137312
-0.00624769
-0.00940587
-0.00899393
-0.00562979
-0.00185371
-0.000480592
-0.00308952
-0.00885662
-0.0146237
-0.0164088
-0.012564
-0.00528651
0.000892528
0.00240296
-0.000961184
-0.00638501
-0.0103671
-0.0110536
-0.0091999
-0.00672828
-0.00466861
-0.00295221
-0.00130446
-0.000480592
-0.00199102
-0.00590441
-0.0104357
-0.0123581
-0.00954318
-0.00322683
0.00302086
0.00624769
0.00583576
0.00274624
-0.00212834
-0.00796409
-0.0131819
-0.0154476
-0.0130446
-0.00707156
-0.000892528
0.00164774
-0.000961184
-0.00672828
-0.0114655
-0.0121521
-0.0081014
