LECROYHDO9204-MSöv,30454,Waveform
Segments,1,SegmentSize,2002
Ampl
-0.00377608
-0.00727753
-0.0133193
-0.0199102
-0.0249908
-0.0275997
-0.0274624
-0.0251967
-0.0219699
-0.0184685
-0.0145551
-0.0102984
-0.00624769
-0.00315817
-0.000823872
0.00151043
0.00501189
0.0098178
0.0142118
0.0156536
0.0128387
0.00652232
-0.00123581
-0.00817006
-0.0119461
-0.0109163
-0.00583576
0.000137312
0.0034328
0.00247161
-0.00185371
-0.0074835
-0.0122894
-0.0145551
-0.0131819
-0.00823872
-0.00199102
0.00219699
0.0017164
-0.00363877
-0.0116029
-0.0183311
-0.0212147
-0.0200475
-0.0164774
-0.0119461
-0.00707156
-0.00267758
-6.8656e-05
-0.00068656
-0.00473726
-0.0114655
-0.0190177
-0.0245788
-0.02554
-0.0212834
-0.0142118
-0.00796409
-0.0051492
-0.00590441
-0.00830737
-0.0103671
-0.0110536
-0.0103671
-0.00823872
-0.00480592
-0.00123581
0.000480592
-0.000549248
-0.00295221
-0.00501189
-0.00583576
-0.00562979
-0.00432533
-0.00205968
-0.000274624
-0.00137312
-0.00611038
-0.0124267
-0.0170953
-0.0178506
-0.015173
-0.0118088
-0.0105044
-0.0124954
-0.0173013
-0.0232744
-0.0286295
-0.0312385
-0.0293848
-0.0229311
-0.0148983
-0.00961184
-0.0102984
-0.0161342
-0.0231371
-0.0269131
-0.0260893
-0.0221072
-0.0180565
-0.0158595
-0.0163401
-0.019155
-0.023549
-0.0282176
-0.0312385
-0.0313071
-0.0286295
-0.0245788
-0.0207341
-0.0179192
-0.0160655
-0.0138685
-0.00906259
-0.000480592
0.00871931
0.00954318
-0.0124954
-0.0753156
-0.194296
-0.371635
-0.58694
-0.799499
-0.966333
-1.06396
-1.0987
-1.09719
-1.08813
-1.08847
-1.10159
-1.1228
-1.14511
-1.16255
-1.17093
-1.1699
-1.16372
-1.15884
-1.15912
-1.16344
-1.16722
-1.16653
-1.16042
-1.15095
-1.14099
-1.13275
-1.12692
-1.12266
-1.11882
-1.11429
-1.10797
-1.09911
-1.08737
-1.07419
-1.06252
-1.05517
-1.0525
-1.05298
-1.05531
-1.05957
-1.06671
-1.07714
-1.09005
-1.10364
-1.11566
-1.12397
-1.12747
-1.12644
-1.1228
-1.1193
-1.11827
-1.12026
-1.1241
-1.12802
-1.13056
-1.13104
-1.1298
-1.12767
-1.12589
-1.12596
-1.12857
-1.13282
-1.13626
-1.13605
-1.13138
-1.12445
-1.11902
-1.1169
-1.11696
-1.11635
-1.11339
-1.10927
-1.10646
-1.10612
-1.10728
-1.1079
-1.10721
-1.10632
-1.10598
-1.10584
-1.10474
-1.1033
-1.10303
-1.10426
-1.10577
-1.10639
-1.10625
-1.10625
-1.10735
-1.11044
-1.11683
-1.12706
-1.13921
-1.14958
-1.15424
-1.15102
-1.13976
-1.12136
-1.09582
-1.06273
-1.02256
-0.979171
-0.937566
-0.899325
-0.859573
-0.810552
-0.749449
-0.681685
-0.616737
-0.5614
-0.515812
-0.475374
-0.434592
-0.390996
-0.345134
-0.299134
-0.255126
-0.215099
-0.180977
-0.154682
-0.136831
-0.125846
-0.118706
-0.111909
-0.103808
-0.0950199
-0.0870558
-0.0815633
-0.079435
-0.0803275
-0.0827991
-0.0847215
-0.0844468
-0.0812887
-0.0753156
-0.0672142
-0.0586322
-0.0516979
-0.0475099
-0.0457249
-0.0452443
-0.0455189
-0.0459995
-0.0460682
-0.044695
-0.0412622
-0.0363877
-0.032131
-0.0315817
-0.0359071
-0.0431159
-0.0485398
-0.0486771
-0.0436652
-0.0370742
-0.0331608
-0.0335041
-0.0361817
-0.0370742
-0.0333668
-0.0258146
-0.0177132
-0.012564
-0.0115342
-0.0134566
-0.0166147
-0.0199789
-0.0234117
-0.0268445
-0.0300713
-0.0322683
-0.0325429
-0.0306206
-0.0274624
-0.0247848
-0.0244415
-0.0269131
-0.0302773
-0.0312385
-0.0282176
-0.0231371
-0.0200475
-0.0210087
-0.0245102
-0.0265012
-0.0241669
-0.0181252
-0.0116715
-0.00830737
-0.00954318
-0.0144864
-0.0212147
-0.0276684
-0.0316504
-0.0312385
-0.0268445
-0.0217639
-0.0198416
-0.0225192
-0.0282176
-0.0340534
-0.0373488
-0.0368683
-0.0329549
-0.0275997
-0.0227938
-0.0199789
-0.0194983
-0.0214207
-0.0251967
-0.0286982
-0.0287669
-0.0238236
-0.0155162
-0.00830737
-0.00617904
-0.0100238
-0.016958
-0.0229311
-0.0261579
-0.0280116
-0.0308952
-0.0349459
-0.0375548
-0.0356324
-0.0282863
-0.0186058
-0.0116029
-0.010573
-0.0144864
-0.0192237
-0.0210774
-0.0188117
-0.0137998
-0.00837603
-0.00418801
-0.00185371
-0.00116715
-0.00212834
-0.00453129
-0.00782678
-0.0109163
-0.0122894
-0.0111223
-0.00837603
-0.00590441
-0.00528651
-0.00665963
-0.00906259
-0.0118775
-0.0146237
-0.0170267
-0.0186058
-0.0192237
-0.0188804
-0.0176446
-0.0156536
-0.0133879
-0.0113969
-0.00954318
-0.00775812
-0.00624769
-0.00569845
-0.00638501
-0.00789544
-0.00913124
-0.00906259
-0.00727753
-0.00480592
-0.00322683
-0.00336414
-0.00459995
-0.00535517
-0.00411936
-0.000823872
0.00288355
0.00501189
0.00439398
0.0010985
-0.00425667
-0.0109163
-0.0165461
-0.0185371
-0.0153789
-0.00865065
-0.00185371
0.00240296
0.00418801
0.00453129
0.00363877
0.00157909
-0.00034328
-0.000480592
0.0010985
0.00205968
0.000892528
-0.00164774
-0.00336414
-0.00315817
-0.00274624
-0.00508054
-0.0114655
-0.0194983
-0.0246475
-0.023755
-0.0170953
-0.0081014
-0.000961184
0.00178506
0.000617904
-0.00219699
-0.00453129
-0.00611038
-0.00762081
-0.00906259
-0.00947452
-0.0074835
-0.00308952
0.00219699
0.00611038
0.00714022
0.00569845
0.00336414
0.00151043
0.000549248
-6.8656e-05
-0.00130446
-0.00391339
-0.00762081
-0.0105044
-0.0102297
-0.00617904
-0.000755216
0.00295221
0.00357011
0.0023343
0.000961184
0
-0.000755216
-0.0010985
-0.000892528
-0.000274624
-0.000205968
-0.0017164
-0.0051492
-0.00940587
-0.0124267
-0.012976
-0.0110536
-0.00768947
-0.00398205
-0.000755216
0.0010985
0.00144178
0.00130446
0.00178506
0.00274624
0.00254027
-0.00034328
-0.00542382
-0.0100238
-0.0113969
-0.00940587
-0.00693425
-0.0068656
-0.00974915
-0.01277
-0.0132506
-0.0113282
-0.00940587
-0.00940587
-0.010985
-0.0126327
-0.0135252
-0.0142118
-0.0153789
-0.016958
-0.0180565
-0.0179879
-0.016958
-0.0159968
-0.0154476
-0.0140745
-0.0103671
-0.00453129
0.00151043
0.00562979
0.00700291
0.00556113
0.00192237
-0.00274624
-0.00659097
-0.00851334
-0.00885662
-0.00837603
-0.00775812
-0.00714022
-0.00659097
-0.00631635
-0.00652232
-0.00741484
-0.00892528
-0.00968049
-0.00830737
-0.00446264
-6.8656e-05
0.00199102
0.00034328
-0.00384473
-0.00782678
-0.00933721
-0.00851334
-0.00693425
-0.00638501
-0.00768947
-0.0105044
-0.0133193
-0.0148983
-0.014967
-0.0144864
-0.0146237
-0.015173
-0.0146237
-0.0114655
-0.00604173
-0.000480592
0.00308952
0.00377608
0.00254027
0.000892528
-0.000205968
-0.00102984
-0.00205968
-0.00350145
-0.00521785
-0.00734619
-0.0102984
-0.0142118
-0.0182625
-0.0207341
-0.0203222
-0.0165461
-0.0103671
-0.00411936
-0.000549248
-0.000961184
-0.00487457
-0.0102297
-0.0150357
-0.0174386
-0.0170953
-0.0148983
-0.0129073
-0.0126327
-0.0135939
-0.0146237
-0.0153103
-0.0163401
-0.0181938
-0.0197043
-0.0192923
-0.0159282
-0.00988646
-0.00302086
0.00157909
0.00137312
-0.00363877
-0.0102984
-0.014967
-0.0162715
-0.0153103
-0.0140058
-0.0133879
-0.0135939
-0.0140745
-0.0145551
-0.014761
-0.0141431
-0.012564
-0.0108476
-0.0100924
-0.0101611
-0.00974915
-0.00796409
-0.00508054
-0.00205968
0.000411936
0.00157909
0.000411936
-0.00302086
-0.00693425
-0.00913124
-0.00933721
-0.00865065
-0.0081014
-0.00741484
-0.00624769
-0.00501189
-0.00459995
-0.00521785
-0.00617904
-0.00611038
-0.00363877
0.00157909
0.00727753
0.00995512
0.00803275
0.00377608
0.000755216
0.000549248
0.00178506
0.00240296
0.00130446
-0.000961184
-0.00315817
-0.00377608
-0.00226565
0.000617904
0.00357011
0.00569845
0.00672828
0.00631635
0.00446264
0.00137312
-0.00219699
-0.00501189
-0.00617904
-0.00631635
-0.00707156
-0.00933721
-0.0122894
-0.0138685
-0.01277
-0.00871931
-0.00315817
0.00178506
0.00370742
0.00205968
-0.00130446
-0.00370742
-0.00336414
-0.00102984
0.00137312
0.0017164
-0.0010985
-0.00679694
-0.0135939
-0.0190864
-0.0212834
-0.019361
-0.0144864
-0.00878796
-0.0040507
-0.00157909
-0.0017164
-0.00391339
-0.00665963
-0.0081014
-0.00707156
-0.00391339
-0.000480592
0.0010985
-0.000205968
-0.00377608
-0.00803275
-0.0113282
-0.0124954
-0.0116029
-0.0102984
-0.0105044
-0.0122894
-0.0131819
-0.010573
-0.00480592
-0.000205968
-0.00144178
-0.00906259
-0.0178506
-0.0212834
-0.016958
-0.00844468
-0.00157909
0.000205968
-0.00274624
-0.00775812
-0.0118088
-0.0130446
-0.0111909
-0.00741484
-0.00425667
-0.00432533
-0.00768947
-0.0118088
-0.0138685
-0.012976
-0.0105044
-0.00755216
-0.00398205
0.000137312
0.00350145
0.0040507
0.00034328
-0.00679694
-0.0142804
-0.0186744
-0.0180565
-0.0131133
-0.0068656
-0.00274624
-0.00226565
-0.00398205
-0.00459995
-0.00192237
0.00329549
0.00741484
0.00693425
0.00151043
-0.00494323
-0.00789544
-0.00652232
-0.00466861
-0.00672828
-0.0128387
-0.0194983
-0.0231371
-0.0227938
-0.0203908
-0.0183311
-0.0175073
-0.0168894
-0.0141431
-0.00796409
0.000137312
0.00693425
0.00974915
0.00823872
0.00384473
-0.00151043
-0.00597307
-0.00789544
-0.0068656
-0.00501189
-0.00549248
-0.00988646
-0.0164088
-0.0210774
-0.0214207
-0.0179192
-0.0139372
-0.0120835
-0.0124954
-0.0135252
-0.0137312
-0.0134566
-0.0138685
-0.0148983
-0.0151043
-0.012976
-0.0081014
-0.00185371
0.00350145
0.00583576
0.00501189
0.00226565
-0.0010985
-0.00453129
-0.00789544
-0.0107103
-0.0119461
-0.0111909
-0.00947452
-0.00871931
-0.00961184
-0.0110536
-0.0112596
-0.00988646
-0.00803275
-0.00714022
-0.00741484
-0.00830737
-0.00878796
-0.00782678
-0.00501189
-0.0010985
0.00164774
0.00102984
-0.00336414
-0.00933721
-0.0139372
-0.0153789
-0.0143491
-0.0124954
-0.0111223
-0.010573
-0.0102297
-0.0101611
-0.0102984
-0.0100924
-0.0091999
-0.00817006
-0.00844468
-0.0103671
-0.0129073
-0.0146237
-0.0150357
-0.0144864
-0.0130446
-0.0106417
-0.00768947
-0.0051492
-0.00329549
-0.00192237
-0.000480592
0.0010985
0.00260893
0.00336414
0.00178506
-0.00308952
-0.0100924
-0.0159968
-0.0181252
-0.0164774
-0.0132506
-0.0107103
-0.00947452
-0.00878796
-0.00755216
-0.00556113
-0.00398205
-0.00446264
-0.00755216
-0.0114655
-0.0135252
-0.0121521
-0.00768947
-0.0017164
0.00377608
0.00734619
0.00768947
0.00418801
-0.00226565
-0.00906259
-0.01277
-0.0114655
-0.00604173
0.000480592
0.00556113
0.00782678
0.00707156
0.00398205
-0.00068656
-0.0057671
-0.0100924
-0.0130446
-0.0141431
-0.0133193
-0.0101611
-0.00459995
0.00240296
0.00830737
0.0102297
0.00672828
-0.00123581
-0.0110536
-0.0197729
-0.0252654
-0.0258833
-0.0216266
-0.0144178
-0.00782678
-0.00432533
-0.00391339
-0.00439398
-0.00411936
-0.00281489
-0.00144178
-0.000755216
-0.000823872
-0.00137312
-0.00240296
-0.00384473
-0.00542382
-0.00707156
-0.00892528
-0.0105044
-0.0107103
-0.00885662
-0.00556113
-0.00226565
0.000137312
0.0017164
0.00226565
0.00137312
-0.000823872
-0.0034328
-0.00556113
-0.00796409
-0.0116029
-0.0155162
-0.0166834
-0.0131819
-0.00679694
-0.00164774
-0.000411936
-0.00254027
-0.00494323
-0.00487457
-0.00205968
0.0010985
0.00116715
-0.00329549
-0.0107103
-0.0170953
-0.0186058
-0.0144178
-0.00707156
-0.00157909
-0.00137312
-0.00638501
-0.0133879
-0.0190177
-0.0212147
-0.0202535
-0.0175759
-0.015173
-0.0138685
-0.0130446
-0.0112596
-0.00871931
-0.00714022
-0.00865065
-0.0130446
-0.0175073
-0.0183998
-0.0142118
-0.00734619
-0.00157909
0.000411936
-0.00102984
-0.00418801
-0.00762081
-0.0106417
-0.0133193
-0.0151043
-0.0146924
-0.0111223
-0.00501189
0.000892528
0.00322683
0.000411936
-0.0057671
-0.0116715
-0.014761
-0.0143491
-0.0111909
-0.0057671
0.000617904
0.00597307
0.00837603
0.00714022
0.00260893
-0.00370742
-0.0100924
-0.0151043
-0.0179879
-0.0183998
-0.016958
-0.0146924
-0.012564
-0.0106417
-0.00817006
-0.00466861
-0.00068656
0.00288355
0.0051492
0.00562979
0.00411936
0.00157909
-0.000205968
0.000137312
0.00192237
0.00322683
0.00267758
0.000205968
-0.00254027
-0.00336414
-0.00130446
0.00308952
0.00727753
0.00885662
0.00700291
0.00254027
-0.00260893
-0.0068656
-0.00968049
-0.0111223
-0.0117402
-0.0119461
-0.0109163
-0.00734619
-0.00130446
0.00535517
0.00988646
0.0108476
0.00837603
0.0034328
-0.00267758
-0.00830737
-0.0114655
-0.0103671
-0.0057671
-0.00123581
-0.000823872
-0.00528651
-0.0115342
-0.0153103
-0.014967
-0.0111909
-0.00583576
-0.000823872
0.00178506
0.000549248
-0.0040507
-0.00961184
-0.0127014
-0.0115342
-0.00707156
-0.00308952
-0.00315817
-0.00762081
-0.0131133
-0.0154476
-0.0132506
-0.00892528
-0.00569845
-0.00521785
-0.00672828
-0.00837603
-0.00913124
-0.00885662
-0.00823872
-0.00803275
-0.00899393
-0.0111909
-0.0134566
-0.0139372
-0.0111909
-0.00611038
-0.00123581
0.000411936
-0.00308952
-0.0111909
-0.0208028
-0.0272564
-0.0272564
-0.0210087
-0.0118088
-0.00432533
-0.0017164
-0.00398205
-0.00851334
-0.0116029
-0.0111223
-0.00762081
-0.00384473
-0.00178506
-0.00164774
-0.00192237
-0.00157909
-0.00068656
-0.000205968
-0.000961184
-0.00260893
-0.00377608
-0.00226565
0.00247161
0.00823872
0.0111909
0.008582
0.000617904
-0.0098178
-0.0183311
-0.0219699
-0.0203908
-0.0153103
-0.00961184
-0.00611038
-0.00645366
-0.0098178
-0.0135939
-0.0151043
-0.0137998
-0.0107103
-0.00700291
-0.00329549
-0.000480592
-0.000480592
-0.00425667
-0.010779
-0.0167521
-0.0190864
-0.0172326
-0.0133879
-0.0103671
-0.00940587
-0.0102984
-0.0122208
-0.0142804
-0.0153789
-0.0144864
-0.0120148
-0.0102984
-0.0118775
-0.0159282
-0.0186058
-0.0164088
-0.00940587
-0.00205968
0.000892528
-0.00240296
-0.00899393
-0.0137998
-0.0136625
-0.00913124
-0.0040507
-0.00199102
-0.00377608
-0.00775812
-0.0111223
-0.0117402
-0.00933721
-0.00569845
-0.00281489
-0.00144178
-0.00116715
-0.00144178
-0.00240296
-0.00459995
-0.00830737
-0.01277
-0.0159968
-0.0158595
-0.0131133
-0.0110536
-0.0124267
-0.0159282
-0.0174386
-0.0145551
-0.00926856
-0.00556113
-0.00508054
-0.00604173
-0.00528651
-0.00178506
0.00295221
0.00611038
0.00549248
0.00157909
-0.00308952
-0.00562979
-0.00501189
-0.0023343
0.00034328
0.0017164
0.00151043
-0.000205968
-0.00350145
-0.00878796
-0.0148983
-0.0198416
-0.021558
-0.0199102
-0.0165461
-0.0135939
-0.0121521
-0.0121521
-0.0129073
-0.0142118
-0.016958
-0.0217639
-0.0269818
-0.0291101
-0.0252654
-0.0164774
-0.00727753
-0.00247161
-0.00363877
-0.00878796
-0.0144178
-0.0177819
-0.0181252
-0.0166834
-0.0153103
-0.0152416
-0.0166147
-0.0186744
-0.0202535
-0.0198416
-0.0163401
-0.0105044
-0.00439398
0.000411936
0.0040507
0.00775812
0.0120835
0.0161342
0.0177132
0.014761
0.00665963
-0.00487457
-0.0155849
-0.0208028
-0.018949
-0.0124267
-0.00583576
-0.00260893
-0.00363877
-0.00762081
-0.0120835
-0.0148297
-0.0151043
-0.0140745
-0.0137312
-0.0148983
-0.0163401
-0.0156536
-0.0115342
-0.00453129
0.00295221
0.00817006
0.00933721
0.0057671
-0.00116715
-0.00851334
-0.0127014
-0.0122208
-0.00851334
-0.00446264
-0.00144178
0.000755216
0.00219699
0.00185371
-0.000617904
-0.00391339
-0.00624769
-0.00741484
-0.00885662
-0.0112596
-0.0137312
-0.0139372
-0.0110536
-0.00652232
-0.00357011
-0.00391339
-0.00679694
-0.00968049
-0.0111909
-0.0112596
-0.010779
-0.0107103
-0.0115342
-0.0122208
-0.010985
-0.00679694
-0.000480592
0.00569845
0.0100924
0.0118775
0.010779
0.00679694
0.000411936
-0.00762081
-0.0158595
-0.0222445
-0.0252654
-0.0249908
-0.0224505
-0.0180565
-0.0116029
-0.00377608
0.00247161
0.00377608
-0.000274624
-0.00659097
-0.0108476
-0.0111223
-0.00851334
-0.00535517
-0.00336414
-0.00226565
-0.000892528
0.000549248
0.00034328
-0.00322683
-0.00933721
-0.0146924
-0.0160655
-0.0128387
-0.00700291
-0.00192237
-6.8656e-05
-0.00205968
-0.00665963
-0.0119461
-0.0159282
-0.0168894
-0.0142804
-0.008582
-0.00137312
0.0051492
0.00926856
0.0101611
0.00803275
0.00377608
-0.00151043
-0.00652232
-0.00974915
-0.0101611
-0.00768947
-0.00357011
6.8656e-05
0.0010985
-0.0017164
-0.00768947
-0.0146237
-0.0187431
-0.0168207
-0.00817006
0.00322683
0.0109163
0.0104357
0.00267758
-0.00762081
-0.0153103
-0.0175073
-0.0139372
-0.00652232
0.00137312
0.00590441
0.00494323
-0.000274624
-0.0057671
-0.00782678
-0.00562979
-0.000755216
0.00432533
0.0074835
0.00741484
0.0040507
-0.00116715
-0.00631635
-0.0105044
-0.0143491
-0.0182625
-0.0216266
-0.0229311
-0.021352
-0.0180565
-0.0155162
-0.0151043
-0.0159968
-0.0159282
-0.0135939
-0.0101611
-0.008582
-0.0109163
-0.0159282
-0.0197729
-0.0190177
-0.01277
-0.00302086
0.00679694
0.0130446
0.0137998
0.00954318
0.00329549
-0.00164774
-0.00350145
-0.00288355
-0.00123581
0.000137312
0.0010985
0.0023343
0.00398205
0.00590441
0.0074835
0.00775812
0.0057671
0.00164774
-0.00308952
-0.00631635
-0.00652232
-0.00363877
0.00102984
0.00473726
0.00501189
0.000755216
-0.00714022
-0.0152416
-0.0196356
-0.0186744
-0.0137998
-0.00823872
-0.00391339
-0.00130446
-0.000274624
-0.00102984
-0.00384473
-0.008582
-0.0143491
-0.0192237
-0.0208714
-0.0182625
-0.0130446
-0.00865065
-0.00775812
-0.010573
-0.0146924
-0.016958
-0.0164774
-0.0146237
-0.0130446
-0.0118088
-0.0100924
-0.00755216
-0.00487457
-0.00308952
-0.00254027
-0.00322683
-0.00473726
-0.00583576
-0.00535517
-0.00322683
-0.00116715
-0.00130446
-0.00459995
-0.00940587
-0.0133879
-0.015173
-0.0154476
-0.0150357
-0.0140745
-0.0116715
-0.0074835
-0.00281489
0.00034328
0.000205968
-0.00363877
-0.0101611
-0.0166834
-0.0202535
-0.0199789
-0.0178506
-0.017164
-0.0192237
-0.0222445
-0.023343
-0.0209401
-0.0155849
-0.00995512
-0.00679694
-0.00720888
-0.0098178
-0.0119461
-0.0117402
-0.00871931
-0.00363877
0.0017164
0.00453129
0.00192237
-0.00631635
-0.0166834
-0.023343
-0.0218326
-0.0119461
0.0017164
0.0120148
0.0140058
0.00762081
-0.00295221
-0.012564
-0.0181938
-0.0188804
-0.0153789
-0.00995512
-0.00508054
-0.00226565
-0.00130446
-0.00102984
-0.000549248
0.000411936
0.00164774
0.00254027
0.00240296
0.000274624
-0.00398205
-0.00892528
-0.0120835
-0.0124267
-0.0116029
-0.0122894
-0.0153789
-0.0186744
-0.019361
-0.0166147
-0.0117402
-0.00741484
-0.00604173
-0.00830737
-0.0126327
-0.0159282
-0.0162028
-0.0139372
-0.0108476
-0.00878796
-0.00913124
-0.0122894
-0.01737
-0.0212834
-0.0208028
-0.0148297
-0.00583576
0.00192237
0.00480592
0.00212834
-0.00425667
-0.0106417
-0.0141431
-0.0140745
-0.0122208
-0.0107103
-0.0104357
-0.0109163
-0.0108476
-0.00940587
-0.00631635
-0.00205968
0.00226565
0.00501189
0.00446264
-0.000137312
-0.00727753
-0.0134566
-0.0153103
-0.0118088
-0.0051492
0.000823872
0.00315817
0.000549248
-0.0057671
-0.0131133
-0.0188117
-0.021352
-0.0210087
-0.0192923
-0.0178506
-0.0170953
-0.0162715
-0.0142118
-0.0108476
-0.00775812
-0.00714022
-0.00974915
-0.0137998
-0.0164088
-0.0157222
-0.0118088
-0.00638501
-0.00130446
0.00205968
0.00315817
0.00164774
-0.00267758
-0.00933721
-0.0161342
-0.0203222
-0.0203222
-0.0166834
-0.0111909
-0.0057671
-0.00178506
-0.00034328
-0.00178506
-0.00521785
-0.00961184
-0.0139372
-0.0175073
-0.0190177
-0.0168894
-0.010779
-0.0034328
0.000411936
-0.00254027
-0.0109163
-0.019155
-0.0225192
-0.0203908
-0.015173
-0.00961184
-0.00528651
-0.00247161
-0.00123581
-0.00164774
-0.00391339
-0.00741484
-0.0100924
-0.00961184
-0.00542382
0.000274624
0.00459995
0.00604173
0.00459995
0.000755216
-0.00459995
-0.0100238
-0.0133879
-0.0130446
-0.00926856
-0.0040507
-0.00034328
-0.000549248
-0.00521785
-0.0123581
-0.0187431
-0.0212834
-0.0186744
-0.0120148
-0.00418801
0.00192237
0.00446264
0.00315817
-0.00116715
-0.00665963
-0.0114655
-0.0142804
-0.0151043
-0.0145551
-0.01277
-0.0102297
-0.00796409
-0.00734619
-0.00871931
-0.0111909
-0.0136625
-0.0152416
-0.0153789
-0.0137312
-0.0112596
-0.0106417
-0.0138685
-0.0203222
-0.0265012
-0.0284922
-0.0246475
-0.0157909
-0.00521785
0.00295221
0.00617904
0.00494323
0.0023343
0.00102984
0.00192237
0.00446264
0.00707156
0.00851334
0.00789544
0.00569845
0.00315817
0.00116715
-0.000205968
-0.00157909
-0.00370742
-0.0074835
-0.0129073
-0.0188804
-0.0232057
-0.0241669
-0.0210087
-0.0153789
-0.00961184
-0.00501189
-0.000892528
0.00329549
0.00631635
0.00604173
0.00212834
-0.00377608
-0.0102297
-0.0168207
-0.0229311
-0.0264325
-0.0251281
-0.019567
-0.0134566
-0.0111909
-0.0140745
-0.0194296
-0.0236177
-0.0249908
-0.0240296
-0.0221072
-0.0199789
-0.0180565
-0.0167521
-0.0162028
-0.0159282
-0.0148983
-0.0131133
-0.0111223
-0.00988646
-0.00988646
-0.0113282
-0.0137312
-0.0163401
-0.0178506
-0.0175073
-0.0155849
-0.0129073
-0.0104357
-0.00885662
-0.00871931
-0.00968049
-0.0104357
-0.00995512
-0.00823872
-0.00604173
-0.00432533
-0.00329549
-0.00281489
-0.00308952
-0.00453129
-0.00755216
-0.0117402
-0.0157222
-0.0180565
-0.0176446
-0.0144178
-0.00968049
-0.00494323
-0.00185371
-0.0010985
-0.0023343
-0.00398205
-0.00494323
-0.00494323
-0.00411936
-0.00260893
-0.000274624
0.00157909
0.00123581
-0.00247161
-0.00830737
-0.0132506
-0.0143491
-0.010779
-0.00466861
6.8656e-05
0.00068656
-0.00288355
-0.00782678
-0.0113282
-0.0120148
-0.00995512
-0.00590441
-0.000892528
0.00322683
0.00480592
0.00322683
-0.00102984
-0.0074835
-0.0156536
-0.0238923
-0.0282176
-0.0250594
-0.0148297
-0.00281489
0.00425667
0.00350145
-0.00240296
-0.00817006
-0.00968049
-0.00659097
-0.00185371
0.000892528
-0.000480592
-0.00494323
-0.00926856
-0.0115342
-0.0123581
-0.0136625
-0.0155849
-0.0159968
-0.0130446
-0.00789544
-0.00453129
-0.00604173
-0.010985
-0.014967
-0.014761
-0.0109163
-0.00672828
-0.00521785
-0.00700291
-0.0106417
-0.0137998
-0.0140745
-0.0110536
-0.00631635
-0.00329549
-0.00439398
-0.00947452
-0.0154476
-0.0190177
-0.0185371
-0.0155162
-0.0127014
-0.0116715
-0.0114655
-0.0098178
-0.00590441
-0.000892528
0.00350145
0.00597307
0.0057671
0.00240296
-0.00350145
-0.00906259
-0.0105044
-0.00672828
-0.000617904
0.00274624
0.000411936
-0.00665963
-0.0140058
-0.0168894
-0.0135252
-0.00597307
0.00144178
0.00528651
0.00487457
0.00151043
-0.00267758
-0.00597307
-0.0081014
-0.0100924
-0.01277
-0.0161342
-0.019155
-0.021146
-0.0220386
-0.021558
-0.0192237
-0.0155849
-0.0124267
-0.0114655
-0.0123581
-0.0131133
-0.0120148
-0.00961184
-0.0081014
-0.00830737
-0.00899393
-0.00830737
-0.00597307
-0.00315817
-0.00116715
-0.000480592
-0.000274624
-0.000205968
-0.00130446
-0.00494323
-0.010985
-0.017164
-0.0201162
-0.0183311
-0.0128387
-0.00727753
-0.00494323
-0.00727753
-0.0133193
-0.0205281
-0.0256773
-0.0261579
-0.0221072
-0.0163401
-0.0118088
-0.00933721
-0.00734619
-0.00466861
-0.0017164
-0.00034328
-0.0017164
-0.00542382
-0.00968049
-0.01277
-0.0143491
-0.0148983
-0.0148297
-0.0134566
-0.0098178
-0.00418801
0.000892528
0.00288355
0.00068656
-0.00446264
-0.00940587
-0.0118088
-0.0114655
-0.0107103
-0.0113282
-0.0120148
-0.0098178
-0.00295221
0.00631635
0.0131819
0.0136625
0.00741484
-0.00137312
-0.00755216
-0.00926856
-0.00892528
-0.00974915
-0.0124954
-0.0148983
-0.0146924
-0.0121521
-0.00995512
-0.010779
-0.0143491
-0.0175759
-0.0166147
-0.010779
-0.00260893
0.00363877
0.00466861
0
-0.00796409
-0.0148983
-0.0168207
-0.0126327
-0.00508054
0.0017164
0.00480592
0.00357011
-0.000755216
-0.00638501
-0.0111223
-0.0140745
-0.0159968
-0.0172326
-0.0165461
-0.0122894
-0.0051492
0.00199102
0.00624769
0.00720888
0.00617904
0.00473726
0.00322683
0.000617904
-0.00363877
-0.0081014
-0.010985
-0.0118088
-0.0114655
-0.0109163
-0.00954318
-0.00597307
0.00034328
0.00844468
0.0159968
0.0202535
0.019361
0.0131819
0.00377608
-0.00535517
-0.0111223
-0.0120148
-0.00913124
-0.00521785
-0.00350145
-0.00528651
-0.00933721
