LECROYHDO9204-MSöv,30454,Waveform
Segments,1,SegmentSize,2002
Ampl
0.0068656
0.0068656
0.00329549
-0.00247161
-0.0081014
-0.0113282
-0.010779
-0.00727753
-0.00350145
-0.00247161
-0.00508054
-0.00878796
-0.00968049
-0.00583576
0.0010985
0.00707156
0.00913124
0.00741484
0.00398205
0
-0.00473726
-0.0103671
-0.0154476
-0.0175073
-0.0155849
-0.0113969
-0.00823872
-0.00906259
-0.0139372
-0.0202535
-0.0239609
-0.0229997
-0.0190177
-0.0158595
-0.0163401
-0.0194983
-0.0214207
-0.0186058
-0.0116029
-0.00425667
-0.00068656
-0.0017164
-0.00480592
-0.00652232
-0.00549248
-0.00302086
-0.00157909
-0.00274624
-0.00645366
-0.0114655
-0.0159282
-0.0184685
-0.0179879
-0.0142804
-0.00892528
-0.00473726
-0.00357011
-0.00508054
-0.00720888
-0.00844468
-0.00892528
-0.0091999
-0.00892528
-0.00755216
-0.00542382
-0.00418801
-0.0057671
-0.0103671
-0.0155162
-0.0181252
-0.0164774
-0.0120148
-0.00851334
-0.00851334
-0.0113282
-0.0144864
-0.0159282
-0.0153789
-0.0134566
-0.0113282
-0.0100924
-0.00988646
-0.00947452
-0.0081014
-0.00679694
-0.00755216
-0.010985
-0.0157222
-0.0190177
-0.0181938
-0.0124954
-0.00439398
0.00116715
0.000892528
-0.00363877
-0.00782678
-0.00865065
-0.00707156
-0.00638501
-0.00913124
-0.014967
-0.0218326
-0.0274624
-0.0307579
-0.0319937
-0.0312385
-0.0280116
-0.0221072
-0.0148297
-0.00878796
-0.00624769
-0.00714022
-0.00892528
-0.00837603
-0.00315817
0.00549248
0.0115342
0.00274624
-0.0374862
-0.125984
-0.271397
-0.465419
-0.679557
-0.873922
-1.01412
-1.08758
-1.10653
-1.09705
-1.08463
-1.08422
-1.09911
-1.12397
-1.14978
-1.16832
-1.17546
-1.17271
-1.16598
-1.16132
-1.16111
-1.16317
-1.16392
-1.16145
-1.15624
-1.14937
-1.14154
-1.13344
-1.12603
-1.11944
-1.1123
-1.1031
-1.0919
-1.08023
-1.06987
-1.06204
-1.05696
-1.05469
-1.0549
-1.05668
-1.05868
-1.0606
-1.06362
-1.06925
-1.07701
-1.08435
-1.08923
-1.0917
-1.09431
-1.09939
-1.10708
-1.11552
-1.12266
-1.12767
-1.13049
-1.13076
-1.12822
-1.12349
-1.11806
-1.11394
-1.11284
-1.11497
-1.11937
-1.1239
-1.12561
-1.12232
-1.11387
-1.10378
-1.09774
-1.09973
-1.10886
-1.11964
-1.12582
-1.12397
-1.116
-1.10715
-1.10165
-1.10042
-1.10152
-1.10303
-1.10467
-1.10687
-1.10914
-1.11044
-1.10982
-1.1066
-1.10097
-1.09424
-1.08916
-1.0884
-1.09266
-1.10042
-1.10962
-1.11998
-1.13221
-1.14518
-1.15445
-1.15479
-1.14333
-1.12088
-1.09053
-1.05579
-1.01892
-0.980956
-0.94093
-0.896441
-0.844606
-0.784257
-0.717524
-0.649623
-0.586734
-0.532702
-0.486908
-0.445371
-0.403903
-0.360101
-0.314444
-0.2692
-0.228075
-0.19409
-0.168482
-0.149945
-0.136419
-0.12619
-0.11802
-0.110879
-0.103465
-0.0952258
-0.0865752
-0.079023
-0.0740798
-0.0717455
-0.070647
-0.0689992
-0.0661844
-0.0624083
-0.0577397
-0.0523845
-0.0474413
-0.0444204
-0.0438025
-0.0440085
-0.0426354
-0.0385847
-0.0333668
-0.029934
-0.0310325
-0.0365936
-0.0433906
-0.0474413
-0.046892
-0.0429786
-0.038722
-0.0365936
-0.0374862
-0.0401637
-0.0413309
-0.0384473
-0.0320623
-0.0254714
-0.0218326
-0.0223818
-0.0267072
-0.0333668
-0.0388593
-0.0394772
-0.0337787
-0.0246475
-0.017164
-0.014967
-0.0183998
-0.0249221
-0.0314444
-0.0359757
-0.0377608
-0.0364563
-0.0318564
-0.0247848
-0.0177819
-0.0144864
-0.0168207
-0.0227251
-0.027531
-0.0273251
-0.0223132
-0.0160655
-0.0128387
-0.0137998
-0.0165461
-0.0177132
-0.0164774
-0.0144178
-0.0133193
-0.0137998
-0.0159282
-0.0187431
-0.0208714
-0.0210087
-0.019361
-0.0173013
-0.0157222
-0.0144178
-0.0131819
-0.0130446
-0.0159282
-0.0222445
-0.0292474
-0.0328176
-0.0307579
-0.0250594
-0.0199789
-0.0179192
-0.0175073
-0.0160655
-0.0123581
-0.00665963
0.000274624
0.00720888
0.0118088
0.0114655
0.00453129
-0.0074835
-0.0212147
-0.0328176
-0.0392026
-0.0394085
-0.0348086
-0.0282863
-0.0225192
-0.0194983
-0.019361
-0.0208028
-0.0219013
-0.0210774
-0.0187431
-0.0164774
-0.0160655
-0.0181252
-0.021558
-0.0239609
-0.0229997
-0.0181938
-0.0113282
-0.00508054
-0.00185371
-0.00192237
-0.00459995
-0.00851334
-0.0122894
-0.0148983
-0.0157222
-0.0151043
-0.0142804
-0.0145551
-0.0166834
-0.0194296
-0.0208714
-0.0201162
-0.0187431
-0.0183311
-0.0186744
-0.0180565
-0.0153789
-0.0116029
-0.00837603
-0.00707156
-0.00837603
-0.0119461
-0.0157909
-0.0177819
-0.0166834
-0.0137312
-0.010985
-0.00940587
-0.00851334
-0.00693425
-0.00384473
0.000274624
0.00384473
0.00487457
0.00226565
-0.00370742
-0.0115342
-0.0186744
-0.0220386
-0.0199789
-0.0136625
-0.00659097
-0.00254027
-0.00322683
-0.00803275
-0.0140058
-0.0170953
-0.0140058
-0.00501189
0.00556113
0.0114655
0.00906259
6.8656e-05
-0.0098178
-0.0153789
-0.0151043
-0.0114655
-0.00871931
-0.00954318
-0.0139372
-0.0186058
-0.019567
-0.0146924
-0.00562979
0.00350145
0.00926856
0.0107103
0.0091999
0.00611038
0.00247161
-0.000961184
-0.0034328
-0.00480592
-0.00528651
-0.0051492
-0.00473726
-0.00480592
-0.00549248
-0.00617904
-0.00562979
-0.00377608
-0.00226565
-0.00260893
-0.00446264
-0.00562979
-0.00432533
-0.000823872
0.00302086
0.00473726
0.00336414
-0.000137312
-0.00363877
-0.00535517
-0.00432533
-0.0010985
0.00329549
0.00714022
0.00837603
0.00535517
-0.00102984
-0.00727753
-0.00913124
-0.00535517
0.00102984
0.00501189
0.00384473
-0.00137312
-0.00720888
-0.0111223
-0.01277
-0.0124954
-0.00988646
-0.00425667
0.00308952
0.00851334
0.00892528
0.00480592
-0.000137312
-0.0023343
-0.00102984
0.00178506
0.00391339
0.00418801
0.00281489
0.000137312
-0.00315817
-0.00604173
-0.00720888
-0.00652232
-0.00501189
-0.00384473
-0.00357011
-0.00398205
-0.00542382
-0.00823872
-0.0117402
-0.0136625
-0.0121521
-0.00741484
-0.00240296
-0.000411936
-0.00212834
-0.00494323
-0.00604173
-0.00508054
-0.00398205
-0.00453129
-0.00617904
-0.00693425
-0.00549248
-0.00240296
0.000549248
0.00199102
0.0017164
0.000411936
-0.00130446
-0.00315817
-0.00459995
-0.00487457
-0.00363877
-0.00151043
-0.000411936
-0.00240296
-0.00830737
-0.0157222
-0.0204595
-0.0198416
-0.0155849
-0.0113969
-0.0091999
-0.00741484
-0.00446264
-0.00116715
-0.000137312
-0.00267758
-0.00700291
-0.0100924
-0.0091999
-0.00391339
0.0034328
0.00892528
0.0091999
0.00398205
-0.00466861
-0.0131133
-0.0181938
-0.0182625
-0.0142118
-0.00878796
-0.00473726
-0.00357011
-0.00487457
-0.00714022
-0.00844468
-0.00734619
-0.00418801
-0.00034328
0.00247161
0.00315817
0.00157909
-0.00199102
-0.00652232
-0.010779
-0.0137312
-0.0153789
-0.0164774
-0.0170267
-0.0158595
-0.0118775
-0.00549248
0.00144178
0.0068656
0.00906259
0.00672828
-0.000205968
-0.00899393
-0.0146924
-0.0132506
-0.00480592
0.00659097
0.0153789
0.0179879
0.0140058
0.00645366
-0.00068656
-0.00377608
-0.00212834
0.00254027
0.00700291
0.00892528
0.00720888
0.00226565
-0.00446264
-0.0105044
-0.0129073
-0.010573
-0.0051492
-0.000205968
0.0010985
-0.00157909
-0.00611038
-0.00961184
-0.010573
-0.00961184
-0.00803275
-0.00727753
-0.00803275
-0.0103671
-0.0130446
-0.0140745
-0.0120148
-0.00762081
-0.00329549
-0.000617904
0.000755216
0.00199102
0.00322683
0.00384473
0.00363877
0.0034328
0.00425667
0.0057671
0.00714022
0.00741484
0.00617904
0.00363877
0.000617904
-0.0023343
-0.00473726
-0.00617904
-0.00556113
-0.00240296
0.00219699
0.00597307
0.00707156
0.00562979
0.00281489
0.000137312
-0.0010985
-0.000411936
0.000961184
0.0010985
-0.0017164
-0.00720888
-0.0137312
-0.0187431
-0.0196356
-0.0146924
-0.00487457
0.00645366
0.0142804
0.0148983
0.00796409
-0.00336414
-0.0143491
-0.0212834
-0.023549
-0.0227251
-0.021146
-0.0194296
-0.0167521
-0.0123581
-0.00679694
-0.00240296
-0.00199102
-0.00693425
-0.015173
-0.0224505
-0.0247848
-0.0212834
-0.0142804
-0.00720888
-0.0023343
-0.00034328
-0.00102984
-0.00370742
-0.00741484
-0.010985
-0.0131819
-0.0131819
-0.0111223
-0.00775812
-0.00425667
-0.00144178
-0.000137312
-0.00102984
-0.00446264
-0.0102297
-0.0164088
-0.0199102
-0.0182625
-0.0113282
-0.00219699
0.00501189
0.00734619
0.00453129
-0.0010985
-0.00617904
-0.00789544
-0.00480592
0.00205968
0.00947452
0.0135252
0.012564
0.00851334
0.00480592
0.00315817
0.00219699
6.8656e-05
-0.00357011
-0.00734619
-0.00961184
-0.0100238
-0.00892528
-0.00720888
-0.00569845
-0.00508054
-0.00549248
-0.00700291
-0.00906259
-0.0103671
-0.00885662
-0.00370742
0.0034328
0.00906259
0.0100924
0.00604173
-0.000823872
-0.0074835
-0.0118775
-0.0130446
-0.010779
-0.00631635
-0.00123581
0.00267758
0.00446264
0.00384473
0.0010985
-0.00288355
-0.00624769
-0.00755216
-0.00672828
-0.00528651
-0.00501189
-0.00597307
-0.00624769
-0.00357011
0.0017164
0.00645366
0.00679694
0.00205968
-0.0051492
-0.0105044
-0.0116029
-0.00871931
-0.00487457
-0.00308952
-0.00466861
-0.00803275
-0.0103671
-0.00995512
-0.00741484
-0.00425667
-0.00185371
-0.0010985
-0.00240296
-0.00487457
-0.00659097
-0.00597307
-0.00377608
-0.00199102
-0.00219699
-0.00411936
-0.00611038
-0.00652232
-0.00480592
-0.00185371
0.00144178
0.00398205
0.00487457
0.00336414
6.8656e-05
-0.00274624
-0.00267758
0.000617904
0.00453129
0.00611038
0.00446264
0.000549248
-0.00370742
-0.00672828
-0.00762081
-0.00707156
-0.00631635
-0.00624769
-0.00583576
-0.00391339
-0.000480592
0.00254027
0.00288355
-0.00034328
-0.00556113
-0.010573
-0.0138685
-0.0159282
-0.0179879
-0.0198416
-0.0194983
-0.0153789
-0.008582
-0.00247161
6.8656e-05
-0.00144178
-0.00562979
-0.0103671
-0.0137998
-0.0148983
-0.0143491
-0.0137312
-0.0136625
-0.0135939
-0.01277
-0.0113969
-0.0101611
-0.00933721
-0.00830737
-0.00707156
-0.00652232
-0.00782678
-0.0113282
-0.0159282
-0.0199102
-0.021558
-0.0200475
-0.0163401
-0.0123581
-0.00899393
-0.00501189
0.00068656
0.00727753
0.0117402
0.0122894
0.0100238
0.00796409
0.00782678
0.00885662
0.0091999
0.0074835
0.00336414
-0.00226565
-0.00796409
-0.0124267
-0.0148983
-0.0148983
-0.0124954
-0.008582
-0.00501189
-0.00322683
-0.00329549
-0.00391339
-0.00363877
-0.0010985
0.00411936
0.0104357
0.0145551
0.0133193
0.00645366
-0.00288355
-0.0102297
-0.0124267
-0.00933721
-0.00384473
-0.000274624
-0.00123581
-0.00590441
-0.0109163
-0.012976
-0.0110536
-0.00665963
-0.00260893
-0.0017164
-0.00501189
-0.0111909
-0.0172326
-0.0199789
-0.0178506
-0.0118088
-0.00521785
-0.00178506
-0.00281489
-0.00645366
-0.00940587
-0.00961184
-0.00741484
-0.00466861
-0.00329549
-0.00439398
-0.00693425
-0.00837603
-0.00679694
-0.00336414
-0.00130446
-0.00226565
-0.00549248
-0.00871931
-0.0106417
-0.0111909
-0.0108476
-0.0103671
-0.0104357
-0.0118775
-0.0148297
-0.0180565
-0.0192237
-0.0164774
-0.0106417
-0.00487457
-0.00281489
-0.00521785
-0.00940587
-0.0111223
-0.00817006
-0.00254027
0.00199102
0.00302086
0.00199102
0.00192237
0.00459995
0.00913124
0.012976
0.0148297
0.014967
0.0134566
0.00968049
0.00295221
-0.00521785
-0.0121521
-0.0158595
-0.0161342
-0.0137998
-0.0098178
-0.00521785
-0.0010985
0.0017164
0.00315817
0.00370742
0.00336414
0.00192237
-0.000892528
-0.00425667
-0.00727753
-0.00899393
-0.00892528
-0.00782678
-0.00714022
-0.008582
-0.0122208
-0.0167521
-0.0199789
-0.0201162
-0.0168894
-0.0116029
-0.00652232
-0.00336414
-0.00274624
-0.00363877
-0.00425667
-0.00336414
-0.00137312
0
-0.00102984
-0.00432533
-0.00823872
-0.010985
-0.0118775
-0.010985
-0.008582
-0.00425667
0.00226565
0.00940587
0.0140745
0.0138685
0.00974915
0.00501189
0.00281489
0.00322683
0.00398205
0.00274624
-0.00157909
-0.00830737
-0.0153103
-0.0202535
-0.021146
-0.017164
-0.00940587
-0.00116715
0.00370742
0.00370742
0.000617904
-0.00205968
-0.0017164
0.0010985
0.00329549
0.00137312
-0.00494323
-0.0113969
-0.0127014
-0.00768947
-0.00068656
0.00302086
0.0023343
0.000617904
0.00116715
0.00336414
0.00357011
-0.00116715
-0.0102984
-0.019567
-0.0244415
-0.0230684
-0.0176446
-0.0118088
-0.00789544
-0.00549248
-0.00357011
-0.00199102
-0.0017164
-0.0034328
-0.00604173
-0.00707156
-0.00480592
0.000137312
0.00487457
0.00638501
0.00377608
-0.00144178
-0.00638501
-0.00844468
-0.00707156
-0.00357011
-0.000274624
0.00157909
0.00212834
0.00240296
0.00288355
0.00336414
0.00308952
0.00199102
-0.000274624
-0.0040507
-0.00947452
-0.0155162
-0.0209401
-0.0246475
-0.0263639
-0.0256773
-0.0223132
-0.0164774
-0.00926856
-0.00260893
0.00102984
0.000480592
-0.00357011
-0.00851334
-0.0116029
-0.0118775
-0.0108476
-0.0104357
-0.0116029
-0.0131819
-0.0133193
-0.0118088
-0.00988646
-0.0091999
-0.0100238
-0.0118088
-0.0135939
-0.0148983
-0.0148983
-0.0128387
-0.00940587
-0.00672828
-0.00659097
-0.00823872
-0.00940587
-0.00878796
-0.00727753
-0.00707156
-0.00926856
-0.0129073
-0.0156536
-0.0161342
-0.0142804
-0.0104357
-0.00473726
0.00178506
0.00604173
0.00542382
0.000892528
-0.00329549
-0.00370742
-0.000480592
0.00322683
0.00453129
0.00357011
0.00212834
0.00185371
0.00205968
0.00034328
-0.00459995
-0.0108476
-0.0140745
-0.010985
-0.00260893
0.00597307
0.00844468
0.00205968
-0.010779
-0.0232057
-0.0291788
-0.0273251
-0.0212834
-0.0164088
-0.0148983
-0.0148983
-0.0131133
-0.00775812
0.00034328
0.00844468
0.0133879
0.0131133
0.00837603
0.00219699
-0.00157909
-0.000755216
0.00302086
0.00562979
0.00357011
-0.00281489
-0.00974915
-0.0133879
-0.0133193
-0.0122894
-0.0131133
-0.0164088
-0.0201849
-0.0212834
-0.0182625
-0.0122208
-0.00645366
-0.00425667
-0.00707156
-0.0134566
-0.0199102
-0.0230684
-0.0221072
-0.0184685
-0.0146924
-0.0128387
-0.0133193
-0.0152416
-0.0173013
-0.0181252
-0.0173013
-0.0153789
-0.0127014
-0.00954318
-0.0057671
-0.00185371
0.0017164
0.00473726
0.00720888
0.00906259
0.0100924
0.00988646
0.00782678
0.0040507
-0.000205968
-0.00267758
-0.00205968
0.000411936
0.00212834
0.00151043
-0.000755216
-0.00302086
-0.00459995
-0.00645366
-0.00968049
-0.0140745
-0.0180565
-0.0197729
-0.0182625
-0.0142118
-0.00899393
-0.0040507
-0.00034328
0.00178506
0.00212834
0.00068656
-0.00260893
-0.00693425
-0.0100238
-0.00968049
-0.00562979
-0.00034328
0.00274624
0.00247161
0.000137312
-0.0017164
-0.0017164
-0.000617904
-0.000274624
-0.00219699
-0.00631635
-0.0106417
-0.012976
-0.0122894
-0.00933721
-0.00638501
-0.00569845
-0.00803275
-0.0118775
-0.0144864
-0.0139372
-0.0102984
-0.00597307
-0.00315817
-0.00302086
-0.00583576
-0.0111909
-0.0172326
-0.0208714
-0.0197043
-0.0140058
-0.00638501
-0.000274624
0.00247161
0.00199102
-0.00102984
-0.00624769
-0.0133193
-0.0206654
-0.0254714
-0.0256773
-0.0214893
-0.0146237
-0.00775812
-0.00363877
-0.00425667
-0.00933721
-0.0156536
-0.0186058
-0.0155162
-0.00782678
0.000411936
0.00521785
0.00556113
0.00295221
-0.000205968
-0.00267758
-0.0040507
-0.0040507
-0.00192237
0.00212834
0.00583576
0.00652232
0.0034328
-0.00144178
-0.00549248
-0.00727753
-0.00727753
-0.00720888
-0.00830737
-0.0103671
-0.0120148
-0.0121521
-0.010573
-0.00768947
-0.00446264
-0.00219699
-0.0023343
-0.0057671
-0.0117402
-0.0181938
-0.0223818
-0.0221759
-0.0172326
-0.00926856
-0.00199102
0.00137312
-0.000205968
-0.00480592
-0.00940587
-0.0122894
-0.0136625
-0.0146237
-0.0158595
-0.0168207
-0.0165461
-0.0151043
-0.0136625
-0.01277
-0.0118775
-0.0100924
-0.00762081
-0.00604173
-0.00659097
-0.00892528
-0.0107103
-0.0091999
-0.00384473
0.00308952
0.00768947
0.00720888
0.00164774
-0.00604173
-0.0118088
-0.0133193
-0.0116029
-0.00968049
-0.00968049
-0.0115342
-0.0134566
-0.0131819
-0.00926856
-0.00185371
0.00659097
0.0122208
0.0118775
0.00611038
-0.00137312
-0.00665963
-0.00906259
-0.0102984
-0.0119461
-0.0137312
-0.0144178
-0.0135939
-0.0116715
-0.00947452
-0.00789544
-0.00755216
-0.00844468
-0.00947452
-0.00968049
-0.00940587
-0.0098178
-0.0118088
-0.0137998
-0.0131819
-0.00906259
-0.00329549
0.00102984
0.00274624
0.00247161
0.00137312
-0.000480592
-0.00336414
-0.00672828
-0.00892528
-0.00865065
-0.00652232
-0.00425667
-0.00329549
-0.00308952
-0.00260893
-0.00144178
-0.000755216
-0.00226565
-0.00652232
-0.0123581
-0.016958
-0.0175759
-0.0135939
-0.00734619
-0.00281489
-0.00247161
-0.00535517
-0.00871931
-0.0113282
-0.0137312
-0.0165461
-0.0181938
-0.0165461
-0.0115342
-0.00535517
-0.000205968
0.00267758
0.00267758
-0.00068656
-0.00659097
-0.012564
-0.0159282
-0.0150357
-0.0103671
-0.00377608
0.00226565
0.00542382
0.00487457
0.000823872
-0.00569845
-0.012564
-0.0168894
-0.0164088
-0.0120148
-0.00638501
-0.00240296
-0.000892528
-0.00137312
-0.00260893
-0.00329549
-0.00212834
0.000892528
0.00350145
0.00267758
-0.00260893
-0.0100238
-0.0151043
-0.0150357
-0.0110536
-0.0068656
-0.00487457
-0.0040507
-0.00240296
-6.8656e-05
0.000961184
-0.000549248
-0.00336414
-0.00549248
-0.00597307
-0.00556113
-0.0051492
-0.00521785
-0.00542382
-0.00528651
-0.00487457
-0.00473726
-0.00528651
-0.00562979
-0.00459995
-0.00178506
0.000961184
0.000755216
-0.00377608
-0.0109163
-0.0164088
-0.0164088
-0.0109163
-0.00384473
0.000137312
-0.000823872
-0.00473726
-0.00830737
-0.00988646
-0.0101611
-0.0100238
-0.00968049
-0.00871931
-0.00734619
-0.00672828
-0.0074835
-0.00885662
-0.00871931
-0.00597307
-0.00185371
0.00102984
0.000137312
-0.00480592
-0.0118775
-0.0176446
-0.019567
-0.0177819
-0.0140058
-0.00954318
-0.00459995
0.000823872
0.00597307
0.00933721
0.0100238
0.00741484
0.00192237
-0.00521785
-0.0113969
-0.0146237
-0.0142804
-0.0116715
-0.008582
-0.00617904
-0.00521785
-0.0057671
-0.00727753
-0.00837603
-0.00782678
-0.00501189
-0.00034328
0.00508054
0.00988646
0.0123581
0.0113282
0.00700291
0.00130446
-0.00329549
-0.00501189
-0.00357011
-0.000823872
0.000755216
0
-0.00192237
-0.00260893
-0.000892528
0.00130446
0.00068656
-0.00418801
-0.0112596
-0.0159968
-0.015173
-0.00906259
-0.00151043
0.00363877
0.00425667
0.00068656
-0.00521785
-0.0111909
-0.0148297
-0.0143491
-0.00968049
-0.00288355
0.00274624
0.00508054
0.00384473
0.000205968
-0.00508054
-0.0109163
-0.0153103
-0.0156536
-0.0114655
-0.00542382
-0.00144178
-0.00130446
-0.00384473
-0.00624769
-0.00645366
-0.00425667
-0.00144178
-0.00116715
-0.0057671
-0.0144864
-0.0228624
-0.0254027
-0.0200475
-0.00954318
-6.8656e-05
0.00357011
0.000892528
-0.00501189
-0.0100238
-0.0116715
-0.0098178
-0.00604173
-0.00260893
-0.00185371
-0.00480592
-0.0107103
-0.016958
-0.021146
-0.0220386
-0.0200475
-0.0162715
-0.0117402
-0.00672828
-0.00137312
0.0034328
0.00604173
0.0051492
0.00116715
-0.00508054
-0.0120148
-0.0172326
-0.0175073
-0.0116715
-0.00267758
0.00487457
0.00803275
0.00720888
0.00432533
0.000892528
-0.00329549
-0.00865065
-0.0145551
-0.0188804
-0.0194296
-0.0155162
-0.00899393
-0.00377608
-0.00288355
-0.00652232
-0.0119461
-0.015173
-0.0137998
-0.00837603
-0.0017164
0.00295221
0.00350145
0
-0.00562979
-0.0100924
-0.0111909
-0.00940587
-0.00720888
-0.00693425
-0.00830737
-0.00968049
-0.00947452
-0.00727753
-0.00384473
-0.000549248
0.00151043
0.00199102
0.00123581
6.8656e-05
-0.00068656
-0.00034328
0.00123581
0.00350145
0.00487457
0.00302086
-0.00302086
-0.0113969
-0.0180565
-0.019361
-0.0142118
-0.00562979
0.00137312
0.00295221
-0.000480592
-0.0051492
-0.00755216
-0.00714022
-0.00638501
-0.0074835
-0.0110536
-0.0151043
-0.016958
-0.0158595
-0.0137998
-0.0137312
-0.0161342
-0.0186744
-0.0184685
-0.0145551
-0.00830737
-0.0023343
0.000411936
-0.00116715
-0.00597307
-0.0111909
-0.0144864
-0.014761
-0.0127014
-0.00933721
-0.0057671
-0.00302086
-0.00199102
-0.00267758
-0.00398205
-0.00494323
-0.00521785
-0.0051492
-0.00466861
-0.00336414
-0.000961184
0.0023343
0.00562979
0.00768947
0.00823872
0.00741484
0.00569845
0.0034328
0.0010985
-0.00123581
-0.00377608
-0.00700291
-0.010573
-0.0142118
-0.0178506
-0.0212147
-0.023343
-0.0227938
-0.0186058
-0.0116715
-0.00411936
0.00157909
0.00398205
0.00370742
0.0023343
0.00116715
0.000480592
-0.000617904
-0.00329549
-0.00789544
-0.0127014
-0.0148983
-0.0124267
-0.00611038
0.000274624
0.0023343
-0.00123581
-0.00762081
-0.0120148
-0.0120148
-0.00988646
-0.00974915
-0.012976
-0.0170267
-0.0183998
-0.0163401
-0.0133193
-0.0117402
-0.0113282
-0.0098178
-0.00521785
0.00137312
0.00659097
0.00672828
0.000411936
-0.0102297
-0.0206654
-0.0262266
-0.02554
-0.021146
-0.0170267
-0.0148983
-0.0137998
-0.0118088
-0.00851334
-0.00459995
-0.00102984
0.00151043
0.00274624
0.00212834
-0.00116715
-0.00734619
-0.014967
-0.0209401
-0.0225878
-0.0194296
-0.0131819
-0.00672828
-0.00260893
-0.00240296
-0.00624769
-0.0120835
-0.0163401
-0.0158595
-0.00995512
-0.00185371
0.00308952
0.00157909
-0.00473726
-0.0109163
-0.0132506
-0.0121521
-0.0102984
-0.0091999
-0.00789544
-0.00542382
-0.00226565
-0.000274624
-0.00068656
-0.00219699
-0.00178506
0.00240296
0.00865065
0.012976
0.0127014
0.00817006
0.00205968
-0.00336414
-0.00679694
-0.00817006
-0.00782678
-0.00645366
-0.00459995
-0.00322683
-0.00377608
-0.0074835
-0.0136625
-0.0200475
-0.0244415
-0.02554
-0.023343
-0.0184685
-0.0129073
-0.00933721
-0.00885662
-0.0098178
-0.00947452
-0.00679694
-0.00295221
-6.8656e-05
0.000480592
-0.0010985
-0.00377608
-0.0057671
-0.0057671
-0.00411936
-0.00226565
-0.00130446
-0.00116715
-0.000823872
0.000411936
0.00219699
0.00315817
0.00157909
-0.00302086
-0.00933721
-0.0146237
-0.0163401
-0.0140745
-0.00974915
-0.00631635
-0.00556113
-0.00707156
-0.00913124
-0.0104357
-0.0105044
-0.00974915
-0.00885662
-0.00775812
-0.00611038
-0.00425667
-0.00295221
-0.00281489
-0.00336414
-0.00411936
-0.00549248
-0.00830737
-0.012564
-0.0163401
-0.0174386
-0.0152416
-0.0112596
-0.00789544
-0.00659097
-0.00707156
-0.00741484
-0.00556113
-0.000892528
0.00494323
0.00878796
0.00796409
0.00151043
-0.00892528
-0.0196356
-0.0265699
-0.0271191
-0.0214207
-0.0116715
-0.00123581
0.00659097
0.0098178
0.00844468
0.00432533
-6.8656e-05
-0.0034328
-0.00590441
-0.00741484
-0.00693425
-0.00308952
0.00370742
0.0104357
0.0124954
0.00714022
-0.00363877
-0.0135252
-0.0164774
-0.0116029
-0.0034328
0.00260893
0.00398205
0.00144178
-0.00267758
-0.00672828
-0.0100238
-0.0120835
-0.0121521
-0.00988646
-0.00645366
-0.00418801
-0.00446264
-0.00611038
-0.00672828
-0.00562979
-0.00418801
-0.00418801
-0.00508054
-0.00556113
-0.00446264
-0.00199102
0.000617904
0.00116715
-0.00226565
-0.00947452
-0.0174386
-0.0225192
-0.0221759
-0.0159282
-0.00549248
0.00521785
0.0116029
0.0114655
0.00583576
-0.00151043
-0.00679694
-0.0081014
-0.00611038
-0.00336414
-0.00226565
-0.00363877
-0.00700291
-0.0113969
-0.0146924
-0.0144178
-0.00926856
-0.00102984
0.00549248
0.0057671
-0.00123581
-0.0120835
-0.0208714
-0.0226565
-0.0165461
-0.00624769
0.00274624
0.00645366
0.00501189
0.00178506
0.000411936
0.00274624
0.00782678
0.0133879
0.0168894
0.0166834
0.0121521
0.00439398
-0.00391339
-0.00947452
-0.0106417
-0.00961184
-0.0108476
-0.01737
-0.0280116
-0.0378294
-0.0422921
-0.0394772
-0.0308952
-0.0201162
-0.0106417
-0.00466861
-0.0023343
-0.00240296
-0.00267758
-0.00130446
0.00185371
0.00508054
0.00631635
0.00473726
0.0010985
-0.00308952
-0.00624769
-0.00727753
-0.00652232
-0.00508054
-0.00411936
-0.00398205
-0.00446264
-0.00508054
-0.00549248
-0.00508054
-0.00329549
-0.000274624
0.00288355
0.00425667
0.00226565
-0.00336414
-0.010573
-0.0158595
-0.0170267
-0.0146237
-0.0110536
-0.00844468
-0.00720888
-0.00672828
-0.00631635
-0.00562979
-0.00466861
-0.00363877
-0.00329549
