LECROYHDO9204-MSöv,30454,Waveform
Segments,1,SegmentSize,2002
Ampl
0.000274624
0.00260893
0.00315817
0.00226565
0.000205968
-0.00295221
-0.0068656
-0.00995512
-0.0105044
-0.00844468
-0.00542382
-0.00322683
-0.00205968
-0.000755216
0.000823872
0.00226565
0.00308952
0.00281489
0.00102984
-0.00199102
-0.00459995
-0.00508054
-0.00370742
-0.00260893
-0.00363877
-0.00617904
-0.00741484
-0.00528651
-0.00034328
0.00370742
0.00302086
-0.00336414
-0.0122894
-0.0186058
-0.019155
-0.0150357
-0.00954318
-0.00556113
-0.00350145
-0.00247161
-0.00185371
-0.00151043
-0.00226565
-0.00487457
-0.0091999
-0.0142118
-0.0185371
-0.0209401
-0.0202535
-0.0159282
-0.00926856
-0.00281489
0.000892528
0.00034328
-0.00363877
-0.00871931
-0.0117402
-0.0115342
-0.00988646
-0.0100924
-0.0134566
-0.0173013
-0.0172326
-0.0111909
-0.00205968
0.00425667
0.00439398
-0.000617904
-0.00734619
-0.0137312
-0.0192923
-0.023343
-0.0240982
-0.0207341
-0.014761
-0.00865065
-0.00425667
-0.0023343
-0.0034328
-0.00762081
-0.0135252
-0.0190177
-0.0229997
-0.02554
-0.0263639
-0.0246475
-0.0204595
-0.0162028
-0.0144178
-0.0155849
-0.0178506
-0.018949
-0.0183311
-0.0167521
-0.0155849
-0.0148297
-0.0133879
-0.0104357
-0.00659097
-0.00377608
-0.00329549
-0.00508054
-0.00837603
-0.0133879
-0.0199102
-0.0266385
-0.0312385
-0.032131
-0.0304146
-0.0292474
-0.0313758
-0.036113
-0.0396831
-0.0381041
-0.0300027
-0.0177819
-0.00741484
-0.00933721
-0.0395458
-0.116509
-0.25183
-0.438643
-0.649005
-0.843713
-0.989607
-1.07378
-1.10516
-1.10598
-1.09918
-1.09904
-1.1101
-1.12994
-1.15218
-1.16962
-1.17752
-1.17628
-1.17072
-1.16564
-1.16324
-1.16289
-1.1631
-1.16276
-1.16166
-1.15926
-1.15431
-1.14594
-1.1353
-1.12465
-1.1147
-1.10371
-1.08978
-1.07399
-1.0608
-1.05497
-1.05723
-1.06389
-1.0698
-1.07302
-1.07481
-1.07749
-1.08133
-1.08456
-1.08627
-1.08792
-1.09245
-1.10104
-1.11181
-1.12101
-1.12561
-1.12534
-1.12218
-1.1182
-1.11511
-1.11422
-1.11648
-1.12122
-1.12644
-1.13008
-1.13152
-1.13097
-1.12836
-1.12342
-1.11648
-1.11024
-1.10763
-1.10948
-1.11353
-1.11655
-1.11669
-1.11415
-1.11037
-1.10701
-1.10516
-1.10543
-1.10824
-1.11319
-1.11854
-1.12088
-1.11827
-1.11188
-1.1057
-1.10289
-1.10406
-1.10721
-1.10976
-1.10989
-1.10715
-1.10261
-1.09898
-1.09966
-1.10742
-1.12198
-1.13928
-1.15356
-1.15981
-1.1561
-1.14319
-1.12266
-1.09547
-1.06108
-1.01961
-0.972855
-0.924315
-0.876737
-0.830531
-0.784257
-0.736061
-0.684775
-0.630262
-0.573964
-0.51849
-0.466311
-0.418184
-0.372596
-0.327077
-0.28094
-0.236039
-0.195875
-0.163127
-0.138342
-0.120285
-0.107378
-0.0989333
-0.0947452
-0.0943333
-0.0964616
-0.0985213
-0.0976974
-0.0920677
-0.0819066
-0.070647
-0.0625456
-0.0597993
-0.0611038
-0.0631635
-0.0635068
-0.0611038
-0.0557486
-0.0479219
-0.0389279
-0.0313758
-0.0281489
-0.0306206
-0.0379668
-0.0469607
-0.0538949
-0.0560233
-0.0526591
-0.0447637
-0.0348086
-0.025952
-0.0210774
-0.0212834
-0.0248535
-0.0281489
-0.0274624
-0.0219013
-0.0146237
-0.0111223
-0.014967
-0.0246475
-0.0350145
-0.0403697
-0.0380354
-0.0292474
-0.0185371
-0.0105044
-0.00755216
-0.008582
-0.0111223
-0.0134566
-0.0157909
-0.0187431
-0.0223132
-0.02554
-0.0272564
-0.0268445
-0.0248535
-0.0228624
-0.0224505
-0.0236177
-0.0246475
-0.023755
-0.0204595
-0.0155162
-0.0105044
-0.00727753
-0.00762081
-0.0120148
-0.019361
-0.0268445
-0.0313758
-0.0310325
-0.0262952
-0.0192923
-0.0121521
-0.00624769
-0.00247161
-0.00205968
-0.00542382
-0.010779
-0.0150357
-0.0159968
-0.0135939
-0.00913124
-0.00453129
-0.00247161
-0.00562979
-0.0141431
-0.0240296
-0.0293848
-0.0268445
-0.0183311
-0.0091999
-0.00480592
-0.00679694
-0.0129073
-0.0196356
-0.0246475
-0.0278743
-0.0303459
-0.0322683
-0.0322683
-0.0287669
-0.0216266
-0.0131819
-0.00665963
-0.00446264
-0.00700291
-0.0128387
-0.0199789
-0.0256773
-0.0271191
-0.0228624
-0.0143491
-0.00508054
0.0017164
0.0040507
0.00137312
-0.00549248
-0.0142118
-0.0208714
-0.0218326
-0.0157222
-0.00459995
0.00624769
0.0118775
0.010779
0.00597307
0.00178506
0.000549248
0.00130446
0.00205968
0.00151043
-0.000205968
-0.00240296
-0.00411936
-0.00473726
-0.00494323
-0.00562979
-0.00775812
-0.010779
-0.0135252
-0.0146924
-0.0133879
-0.00940587
-0.00357011
0.00205968
0.0051492
0.00446264
0.000617904
-0.00377608
-0.0057671
-0.00425667
-0.000755216
0.00178506
0.00178506
-6.8656e-05
-0.00192237
-0.00281489
-0.00274624
-0.00212834
-0.00137312
-0.00102984
-0.00164774
-0.00260893
-0.00288355
-0.00205968
-0.00123581
-0.00226565
-0.0068656
-0.0142804
-0.0214207
-0.0256087
-0.0265699
-0.0263639
-0.0254714
-0.0220386
-0.0146924
-0.00494323
0.00322683
0.00665963
0.00446264
-0.00151043
-0.00844468
-0.0132506
-0.0143491
-0.0124954
-0.0102297
-0.00947452
-0.0102297
-0.0107103
-0.00926856
-0.00617904
-0.00357011
-0.00398205
-0.00830737
-0.0148983
-0.0202535
-0.0212147
-0.0176446
-0.0131819
-0.0120835
-0.0151043
-0.0190177
-0.0197043
-0.0154476
-0.00741484
0.00192237
0.00995512
0.0144178
0.0138685
0.00851334
0.000617904
-0.00679694
-0.0111223
-0.0116715
-0.0102297
-0.00974915
-0.0121521
-0.016958
-0.0212834
-0.0224505
-0.019567
-0.0140058
-0.00803275
-0.00322683
-0.000205968
0.00116715
0.0010985
-0.00034328
-0.00254027
-0.00439398
-0.00535517
-0.00611038
-0.00741484
-0.00837603
-0.00693425
-0.0023343
0.00336414
0.00672828
0.00562979
0.000274624
-0.00734619
-0.0148297
-0.0204595
-0.0230684
-0.0220386
-0.0177132
-0.0116029
-0.00604173
-0.00212834
0.000205968
0.00102984
0.000617904
-0.00034328
-0.000549248
0.00102984
0.00315817
0.00302086
-0.000755216
-0.00652232
-0.0108476
-0.0115342
-0.00933721
-0.00679694
-0.00652232
-0.00871931
-0.0119461
-0.0145551
-0.0160655
-0.0166834
-0.0157222
-0.0121521
-0.00652232
-0.0010985
0.0010985
-0.00151043
-0.00782678
-0.0151043
-0.0200475
-0.0206654
-0.0181938
-0.0158595
-0.0161342
-0.0186058
-0.021146
-0.0223132
-0.0225878
-0.0228624
-0.0229997
-0.0214207
-0.0167521
-0.00892528
6.8656e-05
0.00707156
0.00906259
0.00480592
-0.00377608
-0.0124267
-0.0164774
-0.0144864
-0.00885662
-0.00466861
-0.00583576
-0.0118775
-0.0192237
-0.0239609
-0.0241669
-0.0203222
-0.0148297
-0.0100924
-0.00734619
-0.00638501
-0.00679694
-0.00803275
-0.00913124
-0.00906259
-0.0074835
-0.0051492
-0.00357011
-0.00391339
-0.00617904
-0.00968049
-0.0126327
-0.012976
-0.00947452
-0.00267758
0.00439398
0.00803275
0.00597307
-0.000480592
-0.00762081
-0.0116715
-0.0114655
-0.00796409
-0.00329549
0.000892528
0.00336414
0.00377608
0.00240296
0
-0.00267758
-0.00473726
-0.00556113
-0.00542382
-0.00569845
-0.00762081
-0.0102984
-0.0113969
-0.00954318
-0.00624769
-0.00459995
-0.00665963
-0.0112596
-0.015173
-0.0155162
-0.0120148
-0.00645366
-0.00116715
0.00151043
0.00068656
-0.00308952
-0.00830737
-0.0129073
-0.0156536
-0.0160655
-0.014761
-0.012976
-0.0118775
-0.0116029
-0.0114655
-0.00995512
-0.0057671
0.000205968
0.00487457
0.00501189
0.000205968
-0.00693425
-0.0120148
-0.0113969
-0.00480592
0.00425667
0.0105044
0.0107103
0.00521785
-0.00295221
-0.0100238
-0.0133193
-0.0119461
-0.00734619
-0.00267758
-0.00068656
-0.0023343
-0.0057671
-0.00775812
-0.00611038
-0.00144178
0.00288355
0.00363877
0.000617904
-0.00357011
-0.0057671
-0.00535517
-0.00384473
-0.00302086
-0.00322683
-0.00370742
-0.00439398
-0.00549248
-0.00693425
-0.00789544
-0.00727753
-0.00542382
-0.00357011
-0.00274624
-0.00288355
-0.0034328
-0.00418801
-0.00556113
-0.0074835
-0.0091999
-0.00968049
-0.00803275
-0.00418801
0.000617904
0.00391339
0.00370742
0.000274624
-0.0040507
-0.00707156
-0.00899393
-0.0115342
-0.0145551
-0.0157222
-0.0131133
-0.00844468
-0.0057671
-0.00693425
-0.00974915
-0.0100924
-0.00624769
-0.00116715
0.00102984
-0.00116715
-0.00535517
-0.00817006
-0.00782678
-0.00535517
-0.00350145
-0.00494323
-0.0102984
-0.0175073
-0.0227251
-0.0232744
-0.0185371
-0.0106417
-0.00274624
0.00164774
0.000892528
-0.0040507
-0.0100924
-0.0142118
-0.0146237
-0.0113282
-0.00583576
-0.00137312
-0.00157909
-0.00789544
-0.0177819
-0.0258833
-0.0280116
-0.0230684
-0.0135252
-0.00350145
0.00281489
0.0034328
-0.000823872
-0.0074835
-0.0136625
-0.0166147
-0.0153789
-0.0115342
-0.00803275
-0.00652232
-0.00659097
-0.00714022
-0.00727753
-0.00707156
-0.00679694
-0.00659097
-0.00617904
-0.00432533
-0.000274624
0.00556113
0.0111909
0.0143491
0.0137312
0.00954318
0.00411936
0.00034328
-0.000411936
0.000892528
0.00164774
-0.000137312
-0.0040507
-0.00823872
-0.0103671
-0.00995512
-0.00817006
-0.00679694
-0.00672828
-0.00741484
-0.00817006
-0.00906259
-0.0109163
-0.0136625
-0.0162028
-0.01737
-0.0173013
-0.016958
-0.0167521
-0.0156536
-0.0131819
-0.0106417
-0.0102984
-0.0133193
-0.0180565
-0.021146
-0.0203908
-0.0163401
-0.0110536
-0.00611038
-0.00199102
0.000892528
0.0023343
0.00164774
-0.0010985
-0.00480592
-0.00775812
-0.00865065
-0.00693425
-0.00267758
0.00302086
0.00775812
0.00865065
0.00357011
-0.00645366
-0.0165461
-0.0212834
-0.0182625
-0.0102984
-0.00267758
0.000617904
-0.000137312
-0.00267758
-0.00494323
-0.00652232
-0.0074835
-0.00762081
-0.00665963
-0.00480592
-0.00308952
-0.00199102
-0.000823872
0.000617904
0.00144178
0.000480592
-0.00247161
-0.00645366
-0.0101611
-0.0124267
-0.012564
-0.0107103
-0.00796409
-0.00617904
-0.00665963
-0.00906259
-0.0119461
-0.0134566
-0.0126327
-0.0091999
-0.00432533
0.000205968
0.00288355
0.00247161
-0.000823872
-0.0057671
-0.0100924
-0.0120148
-0.0116715
-0.0109163
-0.0104357
-0.0091999
-0.00583576
-0.000892528
0.00295221
0.00363877
0.00116715
-0.00205968
-0.00295221
-0.000892528
0.00151043
0.00102984
-0.00329549
-0.00906259
-0.0126327
-0.0122208
-0.00926856
-0.00693425
-0.00796409
-0.0119461
-0.0159282
-0.0159968
-0.0106417
-0.00254027
0.0034328
0.00357011
-0.0017164
-0.00885662
-0.0132506
-0.01277
-0.00865065
-0.00411936
-0.0017164
-0.0017164
-0.00302086
-0.00473726
-0.00659097
-0.00823872
-0.00878796
-0.00741484
-0.00439398
-0.00178506
-0.00185371
-0.00528651
-0.00961184
-0.0113969
-0.00817006
-0.00034328
0.00926856
0.0168894
0.0194296
0.0159968
0.00782678
-0.00288355
-0.0135939
-0.0221072
-0.0263639
-0.0253341
-0.019567
-0.0115342
-0.00459995
-0.00144178
-0.00267758
-0.00597307
-0.00789544
-0.00604173
-0.00137312
0.00254027
0.00302086
0.000411936
-0.00240296
-0.00308952
-0.0017164
-0.000274624
-0.000480592
-0.00260893
-0.00542382
-0.00823872
-0.0109163
-0.0132506
-0.0141431
-0.0129073
-0.0103671
-0.00844468
-0.0074835
-0.00617904
-0.0034328
0.000411936
0.00473726
0.00851334
0.0100238
0.00727753
-0.00034328
-0.00995512
-0.0165461
-0.0168894
-0.0114655
-0.00398205
0.00151043
0.00267758
-0.000274624
-0.00508054
-0.00865065
-0.00899393
-0.00679694
-0.00508054
-0.00638501
-0.0103671
-0.0137312
-0.0133193
-0.00844468
-0.00116715
0.00569845
0.0098178
0.00968049
0.00562979
0.000205968
-0.0034328
-0.00377608
-0.0023343
-0.00157909
-0.00288355
-0.00597307
-0.00851334
-0.00789544
-0.00329549
0.00308952
0.0068656
0.00487457
-0.00192237
-0.00885662
-0.0107103
-0.0057671
0.00247161
0.0074835
0.0051492
-0.00267758
-0.0102297
-0.012564
-0.00871931
-0.00123581
0.00617904
0.010573
0.010779
0.00727753
0.0023343
-0.00240296
-0.00604173
-0.00892528
-0.010985
-0.0117402
-0.0113282
-0.0106417
-0.0105044
-0.0111223
-0.0113282
-0.0103671
-0.00871931
-0.008582
-0.0113969
-0.0161342
-0.0198416
-0.0199102
-0.0166147
-0.0124267
-0.00954318
-0.008582
-0.00878796
-0.00892528
-0.00796409
-0.00521785
-0.000480592
0.00473726
0.00823872
0.00837603
0.00528651
-0.000137312
-0.00734619
-0.0154476
-0.0226565
-0.0267758
-0.0270505
-0.0245788
-0.0212147
-0.0177132
-0.0137312
-0.00885662
-0.0034328
0.000961184
0.0023343
0.000205968
-0.00418801
-0.00762081
-0.00727753
-0.00363877
-0.000411936
-0.000823872
-0.00446264
-0.00775812
-0.00700291
-0.00212834
0.0034328
0.00562979
0.00267758
-0.00350145
-0.00940587
-0.0129073
-0.0143491
-0.014761
-0.0146237
-0.0137312
-0.0116029
-0.00803275
-0.00329549
0.00123581
0.00384473
0.0034328
0.00034328
-0.00350145
-0.00583576
-0.0057671
-0.00446264
-0.00398205
-0.00487457
-0.00535517
-0.00302086
0.00205968
0.00727753
0.0101611
0.010573
0.0103671
0.0114655
0.0133193
0.0131133
0.00796409
-0.00164774
-0.0118775
-0.0187431
-0.0210774
-0.0199789
-0.0160655
-0.00892528
0.00130446
0.0116715
0.0179192
0.017164
0.0107103
0.00281489
-0.00254027
-0.0040507
-0.0034328
-0.00295221
-0.00336414
-0.00357011
-0.00260893
-0.000549248
0.0017164
0.00322683
0.00295221
0.000480592
-0.00295221
-0.00466861
-0.00295221
0.00164774
0.00562979
0.00528651
-0.000823872
-0.0103671
-0.0188117
-0.0221072
-0.0198416
-0.0148297
-0.010573
-0.00878796
-0.00885662
-0.0091999
-0.00796409
-0.00418801
0.00116715
0.00521785
0.00535517
0.00151043
-0.00398205
-0.00823872
-0.00968049
-0.00837603
-0.0051492
-0.000755216
0.00425667
0.0091999
0.0128387
0.0137998
0.0111223
0.00487457
-0.00315817
-0.00974915
-0.0122208
-0.0106417
-0.00789544
-0.00672828
-0.00741484
-0.00768947
-0.0057671
-0.0023343
-0.000274624
-0.0023343
-0.00892528
-0.0163401
-0.0188804
-0.0130446
-0.00151043
0.00851334
0.0108476
0.00528651
-0.00384473
-0.0114655
-0.0150357
-0.0150357
-0.0133879
-0.0116715
-0.0104357
-0.00974915
-0.0098178
-0.0104357
-0.0107103
-0.00926856
-0.00597307
-0.0023343
-0.000617904
-0.00144178
-0.00315817
-0.00329549
-0.00068656
0.00357011
0.0068656
0.00720888
0.00466861
0.000274624
-0.00494323
-0.0102984
-0.0150357
-0.0176446
-0.0167521
-0.0122894
-0.00672828
-0.00370742
-0.00590441
-0.0120835
-0.0175759
-0.0175759
-0.0120148
-0.00494323
-0.000892528
-0.00116715
-0.00411936
-0.00803275
-0.0120835
-0.0159282
-0.0180565
-0.0165461
-0.0109163
-0.00302086
0.00370742
0.00672828
0.00562979
0.00185371
-0.00267758
-0.00665963
-0.00974915
-0.0118088
-0.0122894
-0.0105044
-0.00659097
-0.00212834
0.00137312
0.00274624
0.00226565
0.000411936
-0.00226565
-0.00549248
-0.00899393
-0.0119461
-0.0129073
-0.010779
-0.00549248
0.0010985
0.00604173
0.0068656
0.00308952
-0.00315817
-0.00926856
-0.0135252
-0.0155849
-0.0160655
-0.0155849
-0.0142804
-0.0122208
-0.0101611
-0.00954318
-0.0109163
-0.0131133
-0.0142118
-0.0132506
-0.0101611
-0.00549248
0.000274624
0.00556113
0.00844468
0.00741484
0.00247161
-0.00453129
-0.0103671
-0.0116029
-0.00741484
-0.000549248
0.00398205
0.00288355
-0.00357011
-0.0116715
-0.0172326
-0.0178506
-0.0140745
-0.00933721
-0.00714022
-0.008582
-0.0118088
-0.0137312
-0.01277
-0.00974915
-0.00624769
-0.00336414
-0.00205968
-0.00308952
-0.0068656
-0.0118775
-0.0148297
-0.0127014
-0.00521785
0.00466861
0.012564
0.0151043
0.010985
0.00151043
-0.00988646
-0.0192923
-0.0241669
-0.0246475
-0.0219699
-0.0172326
-0.0112596
-0.00562979
-0.00226565
-0.00205968
-0.0040507
-0.00597307
-0.00569845
-0.00199102
0.00425667
0.00995512
0.0120148
0.00947452
0.00418801
-0.000617904
-0.00288355
-0.00274624
-0.00212834
-0.00315817
-0.00624769
-0.00968049
-0.0110536
-0.00961184
-0.0068656
-0.00466861
-0.00329549
-0.00151043
0.00144178
0.00487457
0.00672828
0.00528651
0.00116715
-0.00322683
-0.00556113
-0.00583576
-0.00604173
-0.00803275
-0.0118088
-0.0153789
-0.0167521
-0.0155162
-0.0133193
-0.0116715
-0.0109163
-0.010779
-0.0117402
-0.0142804
-0.0170267
-0.0168207
-0.0115342
-0.00247161
0.00597307
0.00974915
0.0081014
0.00357011
-0.000549248
-0.00254027
-0.00281489
-0.00295221
-0.00363877
-0.00370742
-0.00212834
0.000480592
0.00212834
0.00164774
0.000411936
-0.000137312
0
-0.000549248
-0.00260893
-0.00562979
-0.00892528
-0.0117402
-0.0129073
-0.0112596
-0.00645366
-0.000823872
0.00205968
0.00068656
-0.00322683
-0.00638501
-0.00679694
-0.00549248
-0.00425667
-0.00398205
-0.00432533
-0.00398205
-0.00157909
0.00377608
0.0113282
0.0180565
0.0205281
0.0174386
0.0102984
0.00205968
-0.0051492
-0.0105044
-0.0141431
-0.0157909
-0.0151043
-0.0123581
-0.00954318
-0.00906259
-0.0116029
-0.0151043
-0.0164088
-0.0140058
-0.00906259
-0.00425667
-0.00123581
0.000137312
0.000617904
0.000274624
-0.00130446
-0.00425667
-0.00768947
-0.0102984
-0.0113282
-0.0109163
-0.00988646
-0.00878796
-0.00755216
-0.00645366
-0.00535517
-0.00411936
-0.00260893
-0.00102984
-0.00034328
-0.00130446
-0.00329549
-0.00480592
-0.00453129
-0.00254027
-0.000137312
0.00137312
0.00157909
0.000892528
6.8656e-05
-0.000892528
-0.00240296
-0.00473726
-0.00755216
-0.0102297
-0.0124954
-0.0142804
-0.0153103
-0.0141431
-0.00933721
-0.000961184
0.00762081
0.0119461
0.00961184
0.00315817
-0.00212834
-0.00254027
0.000755216
0.00322683
0.00123581
-0.00480592
-0.010573
-0.0111909
-0.00521785
0.00480592
0.0143491
0.0194296
0.0176446
0.00865065
-0.0051492
-0.0183998
-0.0249221
-0.0217639
-0.0113282
0
0.00590441
0.00384473
-0.00446264
-0.0148983
-0.0227251
-0.0246475
-0.0197043
-0.0102984
-0.000961184
0.00377608
0.00199102
-0.00418801
-0.0101611
-0.0117402
-0.00830737
-0.00226565
0.00254027
0.00336414
-0.000205968
-0.00617904
-0.0113969
-0.0137312
-0.0134566
-0.0117402
-0.00988646
-0.00851334
-0.00837603
-0.0091999
-0.00961184
-0.00837603
-0.00542382
-0.00240296
-0.00137312
-0.00391339
-0.00933721
-0.0150357
-0.0179879
-0.0173013
-0.0140745
-0.0100924
-0.00652232
-0.0040507
-0.00350145
-0.00528651
-0.008582
-0.0117402
-0.0135252
-0.0135939
-0.01277
-0.0115342
-0.00954318
-0.00604173
-0.0017164
0.00130446
0.00151043
-0.00034328
-0.00164774
-0.000549248
0.00199102
0.00302086
0.000823872
-0.00377608
-0.00768947
-0.008582
-0.00679694
-0.0051492
-0.00624769
-0.0106417
-0.0162715
-0.0204595
-0.0218326
-0.0202535
-0.0164088
-0.0111909
-0.00542382
0.000274624
0.00569845
0.00947452
0.00954318
0.00473726
-0.0034328
-0.0111909
-0.0143491
-0.0114655
-0.00473726
0.000961184
0.00178506
-0.00274624
-0.00940587
-0.0137998
-0.0134566
-0.00906259
-0.00357011
0.000137312
0.000411936
-0.00192237
-0.00501189
-0.0068656
-0.00693425
-0.00562979
-0.00453129
-0.0051492
-0.00720888
-0.00906259
-0.00913124
-0.00727753
-0.00494323
-0.00308952
-0.00205968
-0.00226565
-0.00384473
-0.00597307
-0.00727753
-0.00741484
-0.00720888
-0.00707156
-0.00693425
-0.00672828
-0.00741484
-0.00974915
-0.0133879
-0.0164774
-0.0168894
-0.0134566
-0.00693425
0.000274624
0.00562979
0.00817006
0.00830737
0.00672828
0.00370742
-0.00068656
-0.00611038
-0.0119461
-0.0166834
-0.0184685
-0.0163401
-0.0113969
-0.00604173
-0.00212834
-0.00034328
-0.00034328
-0.00192237
-0.00480592
-0.00851334
-0.0116715
-0.0127014
-0.010573
-0.00597307
-0.000961184
0.00295221
0.00501189
0.00521785
0.00370742
0.00144178
-0.000549248
-0.00219699
-0.00473726
-0.00954318
-0.0163401
-0.0234803
-0.0282863
-0.0282176
-0.0223132
-0.0124954
-0.00322683
0.0017164
0.00199102
0.00068656
0.000892528
0.00315817
0.00528651
0.00528651
0.00254027
-0.00240296
-0.00803275
-0.0126327
-0.0148983
-0.0140058
-0.0101611
-0.00480592
-0.000549248
0
-0.00398205
-0.0111223
-0.0187431
-0.0231371
-0.0214207
-0.0131819
-0.00157909
0.00899393
0.0152416
0.0164774
0.0139372
0.00926856
0.00370742
-0.00130446
-0.00453129
-0.00562979
-0.00624769
-0.00844468
-0.012976
-0.0181252
-0.0207341
-0.0181252
-0.0104357
-0.00068656
0.0068656
0.00899393
0.00569845
-0.00034328
-0.00562979
-0.00762081
-0.00611038
-0.00295221
-0.000617904
-0.000137312
-0.00123581
-0.00274624
-0.00350145
-0.00308952
-0.00164774
0.000480592
0.00260893
0.00391339
0.00336414
0.00137312
-6.8656e-05
0.000755216
0.00308952
0.00370742
0.000137312
-0.00679694
-0.0131133
-0.0145551
-0.0105044
-0.00418801
-0.000137312
-0.000411936
-0.0040507
-0.00844468
-0.0118088
-0.0139372
-0.0153789
-0.0159968
-0.0146924
-0.0109163
-0.00590441
-0.00247161
-0.00240296
-0.00521785
-0.00871931
-0.0111223
-0.0118775
-0.0117402
-0.0118088
-0.0131133
-0.0153103
-0.0168894
-0.0153103
-0.00913124
0.00034328
0.0091999
0.0130446
0.00961184
0.00068656
-0.00851334
-0.0135252
-0.0129073
-0.00878796
-0.00425667
-0.00178506
-0.00267758
-0.00707156
-0.0131819
-0.0180565
-0.019155
-0.0158595
-0.00995512
-0.0040507
-0.000617904
-0.00102984
-0.00453129
-0.00871931
-0.010985
-0.0101611
-0.00707156
-0.0034328
-0.000549248
0.000549248
-0.000755216
-0.00432533
-0.00968049
-0.0157909
-0.0204595
-0.0212834
-0.0168207
-0.00865065
-0.000480592
0.00425667
0.00453129
0.00144178
-0.00240296
-0.00480592
-0.00432533
-0.00137312
0.00192237
0.00315817
0.00123581
-0.00295221
-0.0068656
-0.00844468
-0.00755216
-0.00617904
-0.0057671
-0.00569845
-0.00439398
-0.00151043
0.0017164
0.00370742
0.0040507
0.00302086
0.00151043
0.00034328
0.000137312
0.000549248
0.000549248
-0.000617904
-0.00260893
-0.00473726
-0.0057671
-0.00473726
-0.00199102
0.00034328
-0.000205968
-0.00459995
-0.0112596
-0.0174386
-0.0202535
-0.0179192
-0.0111909
-0.00453129
-0.00315817
-0.00933721
-0.0203222
-0.029728
-0.0320623
-0.0265012
-0.016958
-0.00892528
-0.00556113
-0.00672828
-0.00988646
-0.0124267
-0.012976
-0.0116029
-0.00933721
-0.00714022
-0.0051492
-0.00322683
-0.00123581
0.000961184
0.00391339
0.00775812
0.0116029
0.0142804
0.014761
0.012564
0.00768947
0.00123581
-0.00453129
-0.00672828
-0.00425667
0.0010985
0.00549248
0.00556113
0.000617904
-0.00659097
-0.0113282
-0.0105044
-0.00501189
0.000755216
0.00295221
0.00102984
-0.00308952
-0.00768947
-0.0113282
-0.0131133
-0.0132506
-0.0135252
-0.0153789
-0.0184685
-0.0204595
-0.0192237
-0.0150357
-0.0102297
-0.00782678
-0.00885662
-0.0118088
-0.0135252
-0.0115342
-0.00583576
0.00157909
0.00789544
0.0109163
0.0100924
0.00714022
0.00501189
0.00528651
0.00590441
0.00363877
-0.00274624
-0.0106417
-0.0157222
-0.0153789
-0.00974915
-0.0010985
0.0074835
0.012976
0.0134566
0.00913124
0.0023343
-0.0040507
-0.00844468
-0.0107103
-0.0117402
-0.0122894
-0.0129073
-0.0140745
-0.0157909
-0.0167521
-0.0150357
-0.00974915
-0.00281489
0.00226565
0.00281489
-0.0010985
-0.0068656
-0.0109163
-0.010985
-0.00796409
-0.00480592
-0.00446264
-0.00714022
-0.0106417
-0.0127014
-0.012976
-0.012564
-0.0127014
-0.0131819
-0.0136625
-0.0140745
-0.014761
-0.0153103
-0.0143491
-0.0110536
-0.00631635
-0.00254027
-0.0023343
-0.00631635
-0.0126327
-0.0176446
-0.0177819
-0.0114655
-0.000137312
0.0117402
0.0183311
0.0168207
0.00913124
-6.8656e-05
-0.00679694
-0.0098178
-0.0102984
-0.00974915
-0.00933721
-0.00947452
-0.0105044
-0.0126327
-0.0148983
-0.0154476
-0.01277
-0.00714022
-6.8656e-05
0.00659097
0.0113969
0.0135252
0.012564
0.00885662
0.00336414
-0.00199102
-0.00480592
-0.00322683
0.00157909
0.00624769
0.00775812
0.00604173
0.00274624
-0.000755216
-0.00480592
-0.00940587
-0.012976
-0.0133193
-0.00961184
-0.00336414
0.00240296
0.00459995
0.00199102
-0.00391339
-0.00974915
-0.0122894
-0.0098178
-0.00281489
0.00583576
0.0120148
0.01277
0.0081014
0.000892528
-0.00487457
-0.00734619
-0.00762081
-0.00865065
-0.0119461
-0.0164088
-0.019361
-0.0188117
-0.014761
-0.00899393
-0.00391339
-0.00185371
-0.00391339
-0.0091999
-0.0146237
-0.0167521
-0.0142804
-0.00851334
-0.0023343
0.00102984
0.000274624
-0.00315817
-0.00624769
-0.00672828
-0.00542382
-0.00480592
-0.00672828
-0.0105044
-0.0144864
-0.0165461
-0.015173
-0.0101611
