LECROYHDO9204-MSöv,30454,Waveform
Segments,1,SegmentSize,2002
Ampl
-0.00432533
-0.00611038
-0.00940587
-0.0140058
-0.0185371
-0.0205281
-0.0184685
-0.0137312
-0.00961184
-0.00906259
-0.012564
-0.0175073
-0.0201162
-0.0181252
-0.0124267
-0.00631635
-0.00315817
-0.00501189
-0.010779
-0.016958
-0.0196356
-0.0173013
-0.0116029
-0.00549248
-0.00151043
-0.00130446
-0.00562979
-0.0142118
-0.0240982
-0.0308265
-0.0310325
-0.0249221
-0.0159968
-0.00782678
-0.00267758
-0.000755216
-0.00137312
-0.00308952
-0.00411936
-0.00336414
-0.0010985
0.00137312
0.00315817
0.00370742
0.00315817
0.00219699
0.00164774
0.00219699
0.00336414
0.00425667
0.00363877
0.000892528
-0.00363877
-0.00823872
-0.0106417
-0.0100924
-0.00803275
-0.00755216
-0.0103671
-0.014761
-0.0157909
-0.00974915
0.00226565
0.0136625
0.0173013
0.0112596
6.8656e-05
-0.0091999
-0.0124954
-0.0103671
-0.00569845
-0.000823872
0.00254027
0.00288355
-0.00130446
-0.00954318
-0.0178506
-0.0205281
-0.0145551
-0.00260893
0.00823872
0.0115342
0.00562979
-0.00624769
-0.0180565
-0.0248535
-0.0246475
-0.0190177
-0.0114655
-0.00521785
-0.0017164
-0.00116715
-0.00336414
-0.00727753
-0.0113282
-0.0142118
-0.0161342
-0.0179879
-0.0202535
-0.0219699
-0.0219699
-0.0203908
-0.0186058
-0.0188804
-0.0222445
-0.0269131
-0.0304146
-0.0315131
-0.0304833
-0.0283549
-0.0256087
-0.0223818
-0.0187431
-0.0137312
-0.00645366
0.00137312
0.00240296
-0.0188117
-0.083211
-0.207753
-0.39182
-0.609871
-0.818585
-0.977112
-1.06705
-1.09747
-1.09362
-1.08161
-1.07817
-1.08916
-1.11209
-1.13928
-1.16125
-1.17168
-1.17086
-1.16468
-1.16035
-1.16104
-1.16509
-1.16866
-1.16859
-1.16447
-1.15795
-1.15102
-1.14436
-1.13708
-1.12726
-1.1147
-1.10124
-1.08971
-1.08113
-1.07467
-1.06877
-1.06279
-1.05689
-1.05195
-1.0492
-1.05037
-1.05641
-1.06657
-1.07893
-1.09074
-1.10001
-1.10639
-1.11216
-1.1204
-1.13179
-1.14298
-1.14937
-1.14903
-1.14422
-1.13948
-1.13777
-1.13832
-1.13832
-1.1355
-1.13035
-1.1252
-1.12177
-1.11998
-1.11875
-1.11724
-1.11545
-1.11456
-1.11607
-1.12033
-1.12541
-1.12788
-1.12541
-1.11841
-1.10982
-1.1033
-1.10083
-1.10261
-1.10701
-1.11216
-1.11676
-1.12026
-1.12273
-1.12397
-1.12321
-1.11998
-1.11504
-1.11072
-1.10955
-1.11236
-1.1171
-1.12101
-1.12239
-1.12253
-1.12445
-1.13076
-1.14182
-1.15404
-1.16104
-1.15658
-1.13804
-1.10735
-1.06904
-1.0273
-0.985007
-0.942509
-0.897539
-0.846322
-0.787278
-0.723634
-0.662667
-0.610077
-0.565862
-0.525012
-0.481896
-0.434112
-0.38262
-0.330029
-0.279155
-0.23295
-0.194228
-0.164156
-0.142324
-0.127631
-0.118843
-0.114038
-0.111017
-0.107653
-0.102778
-0.0955691
-0.0858886
-0.0747664
-0.064056
-0.0558173
-0.0514233
-0.0508741
-0.0528651
-0.0547875
-0.0543069
-0.05108
-0.0477159
-0.0474413
-0.0514233
-0.057671
-0.0626142
-0.0633695
-0.0589755
-0.0505308
-0.0413309
-0.0350832
-0.0344653
-0.0394772
-0.047098
-0.0528651
-0.0536203
-0.0496383
-0.0440771
-0.0394772
-0.0358384
-0.0314444
-0.0249908
-0.0176446
-0.0124267
-0.0118775
-0.0165461
-0.0246475
-0.0327489
-0.0382414
-0.0401637
-0.0393399
-0.0367996
-0.0328862
-0.0273937
-0.0206654
-0.0141431
-0.0105044
-0.0121521
-0.019155
-0.0283549
-0.0346713
-0.033916
-0.025952
-0.0150357
-0.00727753
-0.00693425
-0.0135939
-0.0234117
-0.0318564
-0.0360444
-0.0357011
-0.0328862
-0.0304833
-0.0303459
-0.031925
-0.0333668
-0.0329549
-0.029934
-0.0245788
-0.0178506
-0.0122208
-0.0103671
-0.0133193
-0.019567
-0.0260893
-0.0297967
-0.0293848
-0.0260893
-0.0230684
-0.0221759
-0.0221072
-0.0199789
-0.0145551
-0.00755216
-0.0017164
0.000892528
0.000205968
-0.00240296
-0.00521785
-0.0074835
-0.00906259
-0.0098178
-0.00954318
-0.00892528
-0.00954318
-0.0121521
-0.0161342
-0.0199102
-0.0224505
-0.0240296
-0.0252654
-0.0267758
-0.0289728
-0.0317877
-0.0340534
-0.0327489
-0.0251967
-0.0121521
0.000755216
0.00700291
0.00384473
-0.00528651
-0.0137998
-0.0168207
-0.0140058
-0.00851334
-0.0040507
-0.00315817
-0.00638501
-0.0127014
-0.0199789
-0.02554
-0.0275997
-0.0261579
-0.0227251
-0.0188117
-0.0148297
-0.0106417
-0.0068656
-0.00494323
-0.0057671
-0.00830737
-0.0102984
-0.0101611
-0.00803275
-0.00569845
-0.00466861
-0.00549248
-0.00768947
-0.00961184
-0.00940587
-0.00652232
-0.00308952
-0.00226565
-0.00535517
-0.0113282
-0.0175073
-0.0216266
-0.0225878
-0.0207341
-0.0177132
-0.0153789
-0.014967
-0.0159968
-0.0168207
-0.0155849
-0.0120148
-0.00741484
-0.00315817
0.000274624
0.00322683
0.00528651
0.00583576
0.00466861
0.00226565
-0.000755216
-0.00501189
-0.0111223
-0.0183311
-0.023549
-0.0238236
-0.0184685
-0.00961184
-0.00130446
0.00336414
0.00398205
0.00260893
0.00123581
-0.000549248
-0.00418801
-0.00947452
-0.0142118
-0.0161342
-0.0148297
-0.0111223
-0.00652232
-0.00302086
-0.00260893
-0.00501189
-0.00720888
-0.00645366
-0.00302086
0.000205968
0.000617904
-0.00144178
-0.00398205
-0.00528651
-0.00535517
-0.00473726
-0.0040507
-0.00411936
-0.00521785
-0.00700291
-0.00823872
-0.00755216
-0.00480592
-0.0010985
0.00185371
0.00274624
0.0010985
-0.00274624
-0.00789544
-0.0126327
-0.0145551
-0.012564
-0.00803275
-0.00466861
-0.00480592
-0.00734619
-0.00823872
-0.00425667
0.00384473
0.0115342
0.0142118
0.0101611
0.00137312
-0.0081014
-0.0138685
-0.0140058
-0.00974915
-0.00466861
-0.00178506
-0.0017164
-0.00308952
-0.00494323
-0.00707156
-0.00871931
-0.00796409
-0.00391339
0.00116715
0.00308952
-0.000205968
-0.00659097
-0.0116715
-0.0131819
-0.0116715
-0.00906259
-0.00652232
-0.00459995
-0.00466861
-0.00803275
-0.0140745
-0.0197729
-0.0214207
-0.0175759
-0.0100238
-0.0023343
0.00192237
0.00137312
-0.00247161
-0.00638501
-0.00803275
-0.00782678
-0.00734619
-0.00707156
-0.00590441
-0.00329549
0.000480592
0.00363877
0.0040507
0.000411936
-0.00679694
-0.0148983
-0.0203908
-0.0216953
-0.0197729
-0.0166147
-0.0133193
-0.0104357
-0.00817006
-0.00672828
-0.00679694
-0.00865065
-0.0113282
-0.0124267
-0.010573
-0.00672828
-0.00302086
-0.00116715
-0.00137312
-0.0034328
-0.00720888
-0.0122894
-0.0177132
-0.0221759
-0.0247848
-0.0249908
-0.0234803
-0.0212147
-0.0188804
-0.0168207
-0.0153789
-0.014761
-0.0144178
-0.0134566
-0.0113282
-0.00906259
-0.0081014
-0.00871931
-0.010573
-0.0131819
-0.0164088
-0.0196356
-0.0216266
-0.0206654
-0.0156536
-0.00700291
0.0023343
0.00837603
0.00878796
0.00439398
-0.00199102
-0.00768947
-0.0108476
-0.0112596
-0.0102297
-0.00940587
-0.0098178
-0.0106417
-0.0102984
-0.00803275
-0.00487457
-0.00274624
-0.00295221
-0.0051492
-0.00796409
-0.00974915
-0.00961184
-0.00741484
-0.00370742
0.000274624
0.00315817
0.00377608
0.00157909
-0.00370742
-0.0116715
-0.0197729
-0.0238236
-0.0201162
-0.00899393
0.00411936
0.0121521
0.0116029
0.0040507
-0.00556113
-0.0130446
-0.0159282
-0.0139372
-0.00906259
-0.00439398
-0.00205968
-0.00226565
-0.00357011
-0.00480592
-0.00549248
-0.00583576
-0.00665963
-0.00871931
-0.0121521
-0.0160655
-0.0190864
-0.0203908
-0.0201849
-0.0190177
-0.01737
-0.014967
-0.0118775
-0.00823872
-0.00466861
-0.00219699
-0.00219699
-0.00487457
-0.00892528
-0.0118775
-0.0120148
-0.00954318
-0.00624769
-0.00377608
-0.00274624
-0.00302086
-0.00446264
-0.00679694
-0.00913124
-0.010573
-0.0110536
-0.0113969
-0.0124267
-0.0143491
-0.0164774
-0.0174386
-0.0160655
-0.0122894
-0.00741484
-0.0034328
-0.00151043
-0.00205968
-0.00521785
-0.0101611
-0.0148297
-0.01737
-0.0175073
-0.0164088
-0.0151043
-0.0135939
-0.0115342
-0.00926856
-0.00823872
-0.0100924
-0.014967
-0.0205968
-0.0236863
-0.0221072
-0.016958
-0.0112596
-0.00741484
-0.00597307
-0.00638501
-0.00768947
-0.00885662
-0.00892528
-0.00782678
-0.00652232
-0.00611038
-0.00700291
-0.00837603
-0.00871931
-0.00720888
-0.00377608
0.000480592
0.00425667
0.00583576
0.00384473
-0.0017164
-0.00844468
-0.0124954
-0.0118088
-0.00755216
-0.00384473
-0.00322683
-0.00487457
-0.00604173
-0.0057671
-0.00611038
-0.00961184
-0.0153789
-0.0186744
-0.0153103
-0.00583576
0.00459995
0.0102984
0.00899393
0.00178506
-0.00768947
-0.0151043
-0.016958
-0.0128387
-0.00562979
0
0.000617904
-0.00453129
-0.0128387
-0.0199102
-0.0216266
-0.016958
-0.00885662
-0.00199102
0.000755216
-0.000480592
-0.00370742
-0.0068656
-0.00968049
-0.0124954
-0.0153103
-0.0168894
-0.0151043
-0.00906259
-0.000617904
0.00631635
0.00803275
0.00350145
-0.00508054
-0.0134566
-0.0181938
-0.0183311
-0.0158595
-0.0131133
-0.0111223
-0.00961184
-0.00885662
-0.00968049
-0.0118088
-0.0132506
-0.0113969
-0.00549248
0.00281489
0.00954318
0.0111223
0.00631635
-0.00185371
-0.00830737
-0.00947452
-0.00569845
-0.000480592
0.00212834
0.00034328
-0.00494323
-0.0109163
-0.0150357
-0.0166147
-0.0166834
-0.0161342
-0.0153103
-0.0142804
-0.0134566
-0.012564
-0.0102297
-0.00480592
0.00357011
0.0121521
0.0173013
0.017164
0.012564
0.00535517
-0.00357011
-0.0131819
-0.0209401
-0.0236863
-0.0202535
-0.0131133
-0.00700291
-0.0051492
-0.00679694
-0.008582
-0.00741484
-0.00370742
-0.000892528
-0.0023343
-0.00762081
-0.0128387
-0.0136625
-0.00871931
-0.000274624
0.00796409
0.0129073
0.0132506
0.00933721
0.00260893
-0.00473726
-0.0105044
-0.0130446
-0.0119461
-0.00741484
-0.000480592
0.00700291
0.0126327
0.0138685
0.00940587
0.000549248
-0.00899393
-0.0148297
-0.014761
-0.00947452
-0.00205968
0.00459995
0.00844468
0.00947452
0.00823872
0.00508054
0.000205968
-0.00569845
-0.010985
-0.0142118
-0.0155162
-0.0159968
-0.017164
-0.0192923
-0.0219013
-0.0234803
-0.0223132
-0.0179879
-0.0124267
-0.00878796
-0.0091999
-0.012976
-0.0170953
-0.0181938
-0.0153103
-0.0104357
-0.00665963
-0.00542382
-0.00617904
-0.00775812
-0.00995512
-0.0129073
-0.0162715
-0.0192923
-0.0210087
-0.0210774
-0.0196356
-0.01737
-0.0148983
-0.0117402
-0.00693425
-0.000892528
0.00363877
0.00274624
-0.0051492
-0.0164774
-0.0249221
-0.0258146
-0.0192923
-0.0100924
-0.0040507
-0.00411936
-0.00878796
-0.0132506
-0.0133193
-0.00830737
-0.000823872
0.00535517
0.00720888
0.00398205
-0.00308952
-0.0109163
-0.0166834
-0.019155
-0.0192923
-0.0190864
-0.0190177
-0.0177819
-0.0131133
-0.00549248
0.0017164
0.00466861
0.00254027
-0.00226565
-0.00645366
-0.00844468
-0.00878796
-0.00906259
-0.0102297
-0.0120835
-0.0133879
-0.0136625
-0.0136625
-0.0141431
-0.0143491
-0.0124267
-0.00755216
-0.00164774
0.00240296
0.00254027
-0.00116715
-0.00727753
-0.0132506
-0.0167521
-0.0167521
-0.0138685
-0.00933721
-0.00418801
-0.000411936
-0.000755216
-0.00624769
-0.0143491
-0.0198416
-0.018949
-0.0118088
-0.00212834
0.00494323
0.00611038
0.00130446
-0.00707156
-0.0160655
-0.023755
-0.0284922
-0.0290415
-0.0243729
-0.0148983
-0.00315817
0.00659097
0.0110536
0.00913124
0.00274624
-0.00473726
-0.0107103
-0.0140745
-0.0148297
-0.0132506
-0.00988646
-0.00549248
-0.0010985
0.00219699
0.00350145
0.00281489
0.000480592
-0.00329549
-0.00796409
-0.0122894
-0.0146924
-0.0146924
-0.0136625
-0.0133193
-0.0133193
-0.0116029
-0.00665963
0.000480592
0.00652232
0.00830737
0.00508054
-0.000617904
-0.00439398
-0.00363877
0.000892528
0.00535517
0.00611038
0.00226565
-0.00418801
-0.00968049
-0.0120148
-0.0111223
-0.00933721
-0.00913124
-0.0108476
-0.0123581
-0.0111909
-0.00665963
-0.0010985
0.00212834
0.00102984
-0.00377608
-0.00968049
-0.0139372
-0.015173
-0.0134566
-0.00968049
-0.00535517
-0.00254027
-0.00199102
-0.00302086
-0.00439398
-0.00521785
-0.00508054
-0.00370742
-0.0010985
0.00164774
0.00288355
0.00137312
-0.00281489
-0.00817006
-0.0132506
-0.017164
-0.0198416
-0.0207341
-0.018949
-0.0140745
-0.00755216
-0.00226565
-0.000961184
-0.00411936
-0.0100924
-0.0157909
-0.0182625
-0.0152416
-0.00714022
0.00281489
0.00968049
0.0098178
0.00288355
-0.00796409
-0.0177819
-0.0227251
-0.0217639
-0.0157909
-0.00679694
0.00260893
0.0100924
0.0140745
0.0144864
0.0116715
0.00638501
-0.000205968
-0.00569845
-0.00782678
-0.00741484
-0.00768947
-0.0118088
-0.0192923
-0.0262266
-0.0280803
-0.0231371
-0.0135939
-0.00446264
-6.8656e-05
-0.00157909
-0.00583576
-0.00817006
-0.00569845
0.000411936
0.00624769
0.00899393
0.00851334
0.00665963
0.00473726
0.00274624
-6.8656e-05
-0.00418801
-0.00871931
-0.0120835
-0.012976
-0.0111909
-0.00796409
-0.00508054
-0.00439398
-0.00583576
-0.00707156
-0.00521785
-0.000137312
0.00432533
0.0034328
-0.00377608
-0.012976
-0.0174386
-0.0131819
-0.00212834
0.00961184
0.0158595
0.0144864
0.00714022
-0.00288355
-0.0123581
-0.019155
-0.0223818
-0.0223818
-0.0205968
-0.0183311
-0.0159282
-0.012564
-0.00796409
-0.00308952
-0.000137312
-0.000617904
-0.00363877
-0.00700291
-0.00940587
-0.0110536
-0.0126327
-0.0138685
-0.0137312
-0.0116715
-0.00851334
-0.00569845
-0.0040507
-0.00308952
-0.00226565
-0.00178506
-0.00274624
-0.0057671
-0.00954318
-0.0118088
-0.0113282
-0.00885662
-0.00672828
-0.00679694
-0.00899393
-0.0118775
-0.0133879
-0.0121521
-0.0081014
-0.00322683
0
0.000617904
-0.00068656
-0.00302086
-0.00645366
-0.0105044
-0.0137998
-0.0146924
-0.0131133
-0.0103671
-0.00803275
-0.00638501
-0.0040507
-0.000205968
0.00418801
0.00638501
0.00446264
-0.00102984
-0.00720888
-0.010779
-0.0100238
-0.00549248
-0.000411936
0.00116715
-0.00247161
-0.00878796
-0.0134566
-0.0137312
-0.0106417
-0.00782678
-0.00817006
-0.0121521
-0.0174386
-0.0205281
-0.0197043
-0.0158595
-0.0116029
-0.00933721
-0.0101611
-0.0132506
-0.0161342
-0.0163401
-0.0127014
-0.00645366
-0.000137312
0.0034328
0.0017164
-0.00604173
-0.0175759
-0.0273251
-0.0302773
-0.0254714
-0.0170267
-0.0102297
-0.00775812
-0.00892528
-0.0116715
-0.0146237
-0.0170953
-0.019361
-0.0212147
-0.0221759
-0.021146
-0.0179879
-0.0137998
-0.00974915
-0.00604173
-0.00254027
0.000480592
0.00226565
0.00130446
-0.00322683
-0.0100924
-0.0163401
-0.0190864
-0.0177819
-0.0140058
-0.00995512
-0.00741484
-0.0068656
-0.00851334
-0.0114655
-0.0139372
-0.0137312
-0.00974915
-0.00322683
0.00281489
0.00487457
0.00130446
-0.00707156
-0.0174386
-0.0265699
-0.0308952
-0.0284236
-0.0199789
-0.00933721
-0.000755216
0.00329549
0.00247161
-0.00212834
-0.00878796
-0.0152416
-0.0194983
-0.0208714
-0.0199789
-0.0183311
-0.0170267
-0.0159968
-0.0139372
-0.0102297
-0.00638501
-0.00501189
-0.00734619
-0.0114655
-0.0140745
-0.0142118
-0.0133193
-0.0121521
-0.00961184
-0.00459995
0.00164774
0.00597307
0.00645366
0.00384473
0.000617904
-0.00144178
-0.0023343
-0.00377608
-0.00645366
-0.00933721
-0.010779
-0.0101611
-0.008582
-0.00741484
-0.00693425
-0.00652232
-0.00535517
-0.00336414
-0.00116715
-0.000755216
-0.00350145
-0.00844468
-0.0129073
-0.0148297
-0.0146237
-0.0140058
-0.0135939
-0.0122894
-0.00961184
-0.00679694
-0.00597307
-0.00803275
-0.0120835
-0.0159968
-0.0178506
-0.0162028
-0.0102984
-0.000549248
0.0101611
0.0167521
0.0146924
0.00411936
-0.0098178
-0.0199102
-0.0216266
-0.0162715
-0.00913124
-0.00597307
-0.00926856
-0.0168207
-0.0245102
-0.0284236
-0.0269818
-0.021146
-0.0137998
-0.00803275
-0.0057671
-0.00645366
-0.0081014
-0.00871931
-0.00707156
-0.00329549
0.000617904
0.00192237
-0.000755216
-0.00508054
-0.0068656
-0.00411936
0.00130446
0.00521785
0.00487457
0.000411936
-0.00528651
-0.00892528
-0.00892528
-0.00590441
-0.00247161
-0.0010985
-0.00288355
-0.0074835
-0.0124954
-0.0157909
-0.0162715
-0.0153789
-0.0153103
-0.0170267
-0.0192237
-0.0197043
-0.0174386
-0.01277
-0.00707156
-0.0017164
0.00178506
0.00240296
-0.000480592
-0.00569845
-0.0100238
-0.0103671
-0.00604173
0.000205968
0.00425667
0.00398205
-0.000137312
-0.00638501
-0.0128387
-0.017164
-0.0166147
-0.0103671
-0.000823872
0.00768947
0.0117402
0.0111909
0.00782678
0.00377608
0.000205968
-0.00288355
-0.00569845
-0.00837603
-0.0108476
-0.012976
-0.0140745
-0.0128387
-0.00885662
-0.00336414
0.00130446
0.00315817
0.00185371
-0.0017164
-0.00562979
-0.00762081
-0.00624769
-0.00178506
0.00295221
0.00425667
-0.000617904
-0.010779
-0.0221759
-0.0298653
-0.0311698
-0.027531
-0.0228624
-0.0204595
-0.0210087
-0.0229997
-0.0238923
-0.0219699
-0.016958
-0.0102984
-0.00377608
0.000823872
0.0023343
0.000137312
-0.00521785
-0.0113969
-0.0155849
-0.0164088
-0.0144178
-0.0111909
-0.00823872
-0.00672828
-0.00693425
-0.00817006
-0.00933721
-0.0105044
-0.0121521
-0.0140058
-0.0142804
-0.0112596
-0.00542382
0.000480592
0.00295221
0.000617904
-0.00501189
-0.0104357
-0.01277
-0.0107103
-0.0051492
0.00151043
0.00597307
0.00597307
0.00164774
-0.00418801
-0.00782678
-0.00727753
-0.00336414
0.00102984
0.00274624
6.8656e-05
-0.00693425
-0.0162715
-0.0244415
-0.0275997
-0.0236177
-0.0135939
-0.00123581
0.00871931
0.0127014
0.0098178
0.00144178
-0.00940587
-0.0194296
-0.0260893
-0.0286295
-0.0276684
-0.0245102
-0.0198416
-0.0140058
-0.00741484
-0.000755216
0.00494323
0.00885662
0.0102297
0.00885662
0.00473726
-0.00144178
-0.00768947
-0.0109163
-0.00851334
-0.00130446
0.00631635
0.00961184
0.00741484
0.00274624
-0.000411936
-0.000205968
0.00240296
0.00432533
0.00226565
-0.00494323
-0.0140745
-0.0199102
-0.0192237
-0.0133193
-0.00604173
-0.000411936
0.00247161
0.0023343
-0.0010985
-0.00782678
-0.0159968
-0.0218326
-0.0212147
-0.0137312
-0.00322683
0.00453129
0.00624769
0.00315817
-0.000755216
-0.00199102
-0.000411936
0.00102984
-0.000961184
-0.00700291
-0.0142804
-0.0187431
-0.0183311
-0.0140745
-0.00837603
-0.00315817
0.00116715
0.00411936
0.00487457
0.00288355
-0.0017164
-0.00727753
-0.0111909
-0.0111223
-0.00727753
-0.00226565
0.000411936
-0.000961184
-0.00604173
-0.0128387
-0.019567
-0.0241669
-0.0248535
-0.0208028
-0.0129073
-0.00432533
0.00123581
0.00192237
-0.0010985
-0.00432533
-0.00501189
-0.00226565
0.0023343
0.0057671
0.0057671
0.00247161
-0.00199102
-0.00542382
-0.0074835
-0.00961184
-0.012976
-0.0167521
-0.0192237
-0.0187431
-0.0152416
-0.0101611
-0.0051492
-0.0017164
-0.000137312
0
-0.0010985
-0.00377608
-0.00762081
-0.0100924
-0.00899393
-0.00535517
-0.00281489
-0.00370742
-0.00679694
-0.00830737
-0.00638501
-0.00212834
0.00199102
0.00439398
0.00501189
0.00384473
-6.8656e-05
-0.00659097
-0.0135252
-0.0179192
-0.018949
-0.0179879
-0.0172326
-0.01737
-0.01737
-0.0153789
-0.0108476
-0.00508054
-0.000617904
0.00068656
-0.000961184
-0.0034328
-0.00425667
-0.00274624
-6.8656e-05
0.00151043
0.000617904
-0.00219699
-0.00569845
-0.00933721
-0.0134566
-0.0168894
-0.01737
-0.0140745
-0.00933721
-0.00659097
-0.00638501
-0.00741484
-0.00865065
-0.0103671
-0.0118775
-0.0116715
-0.00906259
-0.00542382
-0.00295221
-0.00240296
-0.00322683
-0.00432533
-0.00508054
-0.00521785
-0.00453129
-0.0034328
-0.00288355
-0.00288355
-0.00260893
-0.00123581
0.000274624
-0.000480592
-0.0051492
-0.0122894
-0.0180565
-0.018949
-0.0146237
-0.00823872
-0.00432533
-0.00604173
-0.0133193
-0.0230684
-0.0305519
-0.0319937
-0.0269818
-0.0183311
-0.00995512
-0.0051492
-0.00480592
-0.00782678
-0.0118775
-0.0145551
-0.0150357
-0.0141431
-0.0131819
-0.0124954
-0.0118775
-0.0105044
-0.00796409
-0.00521785
-0.00459995
-0.00796409
-0.0142118
-0.0200475
-0.0226565
-0.021558
-0.0183311
-0.0153103
-0.0142804
-0.0159968
-0.0192237
-0.0214893
-0.0209401
-0.0179879
-0.0151043
-0.0142118
-0.0154476
-0.0172326
-0.0174386
-0.014967
-0.0101611
-0.00508054
-0.00260893
-0.00411936
-0.00830737
-0.0116715
-0.0116029
-0.00906259
-0.0081014
-0.0118775
-0.0192923
-0.025746
-0.0271878
-0.0232744
-0.0168894
-0.0121521
-0.010985
-0.0122208
-0.0128387
-0.0112596
-0.00844468
-0.00645366
-0.00679694
-0.00974915
-0.0143491
-0.0178506
-0.0166147
-0.00913124
0.0017164
0.0102297
0.0120835
0.00720888
-0.00130446
-0.00961184
-0.0144864
-0.0148983
-0.0121521
-0.00954318
-0.00947452
-0.0111909
-0.0118088
-0.0091999
-0.00418801
-0.000137312
0.00034328
-0.00192237
-0.00363877
-0.00254027
0.000274624
0.0017164
0.000205968
-0.00295221
-0.00556113
-0.00720888
-0.00878796
-0.010573
-0.0115342
-0.00995512
-0.00535517
0.000274624
0.00377608
0.00363877
0.000892528
-0.00260893
-0.00569845
-0.0074835
-0.00755216
-0.00611038
-0.00453129
-0.00446264
-0.0068656
-0.0110536
-0.014761
-0.0156536
-0.0124954
-0.00652232
-0.00034328
0.00350145
0.00418801
0.00219699
-0.00164774
-0.00624769
-0.0104357
-0.0139372
-0.017164
-0.0207341
-0.0238923
-0.0247848
-0.0223132
-0.0172326
-0.0113282
-0.00665963
-0.00418801
-0.00391339
-0.00480592
-0.00528651
-0.00459995
-0.00295221
-0.000549248
0.00267758
0.00665963
0.00988646
0.0111223
0.0104357
0.00926856
0.008582
0.00837603
0.00796409
0.00679694
0.00446264
0.00068656
-0.00411936
-0.00865065
-0.0118088
-0.0136625
-0.0146237
-0.0153103
-0.0160655
-0.0168894
-0.0170267
-0.015173
-0.0102297
-0.00267758
0.00494323
0.00926856
0.00837603
0.00308952
-0.0040507
-0.0102984
-0.0142804
-0.0159968
-0.0155849
-0.0133193
-0.0098178
-0.00583576
-0.00281489
-0.00157909
-0.00219699
-0.00391339
-0.00638501
-0.00968049
-0.0135939
-0.0168894
-0.0181938
-0.0168894
-0.0131133
-0.00755216
-0.00212834
0
-0.00315817
-0.00974915
-0.0151043
-0.0156536
-0.0113969
-0.00535517
-0.000755216
0.000755216
-0.000617904
-0.00350145
-0.00727753
-0.0123581
-0.0188117
-0.0249221
-0.0268445
-0.0214893
-0.0100238
0.00212834
0.00844468
0.00638501
-0.00130446
-0.00899393
-0.0129073
-0.0129073
-0.0119461
-0.0131133
-0.016958
-0.021352
-0.0234803
-0.0221759
-0.0181938
-0.0133879
-0.00926856
-0.00569845
-0.00205968
0.00130446
0.00302086
0.00219699
-6.8656e-05
-0.00157909
-0.00068656
0.00219699
0.00501189
0.00562979
0.00295221
-0.00260893
-0.00988646
-0.0172326
-0.0223132
-0.0225192
-0.0164774
-0.00611038
0.00370742
0.00796409
0.00535517
-0.0010985
-0.00631635
-0.00665963
-0.00254027
0.00254027
0.00480592
0.00274624
-0.0023343
-0.00782678
-0.0115342
-0.0126327
-0.0114655
-0.00851334
-0.00453129
-0.000892528
0.000755216
-0.00034328
-0.00329549
-0.0057671
-0.00562979
-0.00295221
0.000274624
0.00247161
0.00281489
0.000755216
-0.00357011
-0.00899393
-0.0132506
-0.0144864
-0.0122894
-0.00734619
-0.00102984
0.00459995
0.00700291
0.00494323
-0.000549248
-0.00645366
-0.0098178
-0.00995512
-0.00892528
-0.00926856
-0.0113282
-0.0131133
-0.0118775
-0.00727753
-0.00164774
0.00157909
0.000205968
-0.00473726
-0.00988646
-0.0115342
-0.00851334
-0.00226565
0.00432533
0.00851334
0.00885662
0.00542382
-0.00034328
-0.00631635
-0.0103671
-0.0113969
-0.00974915
-0.00720888
-0.00617904
-0.00768947
-0.0105044
-0.012564
-0.0129073
-0.0122894
-0.0118775
-0.0115342
-0.010573
-0.0091999
-0.00844468
-0.00844468
-0.00830737
-0.00652232
-0.00240296
0.00315817
0.00762081
0.00823872
0.00439398
-0.00137312
-0.00611038
-0.00885662
-0.0104357
-0.0115342
-0.0116715
-0.0101611
-0.00768947
-0.00542382
-0.00411936
-0.00295221
-0.000823872
0.00247161
0.00569845
0.00700291
0.00501189
-6.8656e-05
-0.00638501
-0.0118775
-0.0153103
-0.0170953
-0.0182625
-0.0194983
-0.0205968
-0.0203222
-0.0176446
-0.0133879
-0.00995512
-0.00899393
-0.00968049
-0.00995512
-0.00906259
-0.00796409
-0.00775812
-0.00844468
-0.00940587
-0.0102984
-0.0116029
-0.0131819
-0.0135939
-0.010985
-0.00528651
0.000755216
0.00439398
0.00466861
0.00308952
0.000617904
-0.00315817
-0.00851334
-0.0142804
-0.0185371
-0.0201162
-0.019361
