LECROYHDO9204-MSöv,30454,Waveform
Segments,1,SegmentSize,2002
Ampl
-0.00329549
-0.00212834
-0.00295221
-0.00439398
-0.00542382
-0.00645366
-0.008582
-0.0122208
-0.0163401
-0.0194983
-0.0210774
-0.0212147
-0.0203222
-0.0188117
-0.0175759
-0.0178506
-0.0198416
-0.0220386
-0.0226565
-0.0209401
-0.0175073
-0.0136625
-0.0100924
-0.00693425
-0.00418801
-0.00219699
-0.00144178
-0.00157909
-0.0023343
-0.00398205
-0.00659097
-0.00906259
-0.00968049
-0.00844468
-0.00796409
-0.010985
-0.017164
-0.0222445
-0.0219013
-0.0156536
-0.00741484
-0.00185371
-0.00102984
-0.0034328
-0.00583576
-0.00611038
-0.00480592
-0.00418801
-0.00659097
-0.0127014
-0.0209401
-0.0270505
-0.0267072
-0.0192923
-0.00865065
6.8656e-05
0.00494323
0.00693425
0.00700291
0.0051492
0.00164774
-0.00130446
-0.00130446
0.00178506
0.00542382
0.00638501
0.00260893
-0.0051492
-0.0134566
-0.0181252
-0.017164
-0.0118088
-0.00542382
-0.00137312
-0.000892528
-0.00350145
-0.00796409
-0.0127014
-0.0166147
-0.0183311
-0.0163401
-0.0104357
-0.00274624
0.00254027
0.00144178
-0.00714022
-0.0202535
-0.031925
-0.036525
-0.0324743
-0.0229997
-0.0137312
-0.00878796
-0.00878796
-0.0118088
-0.0153789
-0.0177132
-0.0175759
-0.0145551
-0.0102297
-0.00693425
-0.00652232
-0.00906259
-0.0131819
-0.0177819
-0.0225878
-0.027943
-0.0330235
-0.0363877
-0.0372115
-0.0360444
-0.0340534
-0.0313758
-0.0265699
-0.0179192
-0.00624769
0.00315817
-0.00178506
-0.0382414
-0.123031
-0.263982
-0.451756
-0.65896
-0.848588
-0.989401
-1.06925
-1.09808
-1.09904
-1.09438
-1.09699
-1.10982
-1.12932
-1.14861
-1.16084
-1.16269
-1.15685
-1.14985
-1.14827
-1.15397
-1.16441
-1.17477
-1.18095
-1.18033
-1.1723
-1.15809
-1.14086
-1.12452
-1.11209
-1.10495
-1.10172
-1.09904
-1.093
-1.08188
-1.06733
-1.05421
-1.04755
-1.04961
-1.05792
-1.06678
-1.07193
-1.0735
-1.07529
-1.08078
-1.09039
-1.10117
-1.10927
-1.11223
-1.11065
-1.10845
-1.10955
-1.11511
-1.12314
-1.13049
-1.13509
-1.13715
-1.1379
-1.13797
-1.13756
-1.13632
-1.13358
-1.1287
-1.1217
-1.11367
-1.10625
-1.10083
-1.09808
-1.09774
-1.09884
-1.10104
-1.10447
-1.10921
-1.11415
-1.11765
-1.11875
-1.1182
-1.11669
-1.11381
-1.10873
-1.1022
-1.09712
-1.09602
-1.09898
-1.1044
-1.11003
-1.11422
-1.11559
-1.11429
-1.11147
-1.109
-1.10866
-1.11188
-1.11944
-1.13097
-1.14388
-1.15383
-1.15589
-1.14676
-1.12561
-1.09438
-1.05668
-1.01652
-0.975739
-0.932966
-0.885044
-0.830806
-0.772654
-0.714846
-0.659784
-0.606713
-0.553985
-0.501326
-0.450177
-0.402393
-0.357766
-0.314101
-0.269887
-0.226771
-0.189559
-0.162509
-0.145619
-0.13484
-0.12516
-0.114106
-0.102023
-0.0911751
-0.0830737
-0.0781305
-0.0757962
-0.074629
-0.0733932
-0.0712649
-0.0679694
-0.0635068
-0.0584949
-0.0540322
-0.0510114
-0.0492263
-0.0479219
-0.0461368
-0.0434592
-0.0398891
-0.0367996
-0.0366623
-0.0412622
-0.0493636
-0.0570531
-0.059662
-0.055474
-0.0462055
-0.0360444
-0.0289042
-0.0267072
-0.0298653
-0.0375548
-0.0465487
-0.051492
-0.0471667
-0.0330235
-0.0153789
-0.00370742
-0.0040507
-0.0148297
-0.0282176
-0.0361817
-0.0355638
-0.0286982
-0.0204595
-0.014761
-0.0134566
-0.0163401
-0.021146
-0.0241669
-0.0231371
-0.019155
-0.0158595
-0.0153103
-0.0165461
-0.0166147
-0.0144178
-0.0111909
-0.00926856
-0.0102297
-0.014761
-0.0217639
-0.0280803
-0.03014
-0.0265699
-0.0203908
-0.0168207
-0.019361
-0.0269131
-0.0350832
-0.0385847
-0.0351519
-0.0268445
-0.0187431
-0.0148297
-0.015173
-0.0168207
-0.0174386
-0.0163401
-0.0134566
-0.00851334
-0.00260893
0.000823872
-0.00205968
-0.0118088
-0.0245788
-0.0346713
-0.0381727
-0.0346713
-0.025952
-0.015173
-0.00528651
0.000823872
0.00157909
-0.00240296
-0.0081014
-0.012564
-0.0145551
-0.015173
-0.0160655
-0.0176446
-0.0190177
-0.0197043
-0.0203222
-0.0221072
-0.0248535
-0.0264325
-0.0245102
-0.0186058
-0.010573
-0.00315817
0.00178506
0.00384473
0.00350145
0.00137312
-0.00254027
-0.00775812
-0.0128387
-0.0153789
-0.0140745
-0.0101611
-0.00638501
-0.00453129
-0.00480592
-0.00617904
-0.00741484
-0.00762081
-0.00645366
-0.00453129
-0.00308952
-0.00302086
-0.00508054
-0.0091999
-0.0148983
-0.0206654
-0.0240982
-0.0229997
-0.0168207
-0.0081014
-0.000755216
0.0023343
0.00178506
0.00068656
0.00123581
0.00247161
0.00123581
-0.00459995
-0.0140058
-0.0229311
-0.0268445
-0.0239609
-0.0168207
-0.0104357
-0.00871931
-0.0111223
-0.0141431
-0.0150357
-0.0133193
-0.00995512
-0.00645366
-0.00446264
-0.00549248
-0.00954318
-0.0136625
-0.0142118
-0.00954318
-0.00199102
0.00370742
0.00446264
0.000137312
-0.00665963
-0.0130446
-0.01737
-0.0194983
-0.0198416
-0.0188804
-0.017164
-0.014967
-0.0127014
-0.0111223
-0.0103671
-0.0101611
-0.0101611
-0.0102297
-0.0105044
-0.0100924
-0.00762081
-0.00260893
0.00370742
0.00844468
0.00933721
0.00604173
0.000137312
-0.00693425
-0.0143491
-0.0216266
-0.0266385
-0.0263639
-0.0190177
-0.00624769
0.00755216
0.0174386
0.0209401
0.0188117
0.0141431
0.00995512
0.00727753
0.00556113
0.00315817
-0.000549248
-0.00411936
-0.00466861
-0.000755216
0.00508054
0.00734619
0.0017164
-0.0108476
-0.0236177
-0.0284236
-0.0217639
-0.00755216
0.00597307
0.0124267
0.0109163
0.00494323
-0.00137312
-0.00624769
-0.0102297
-0.0132506
-0.0142804
-0.0119461
-0.00672828
-0.00123581
0.00178506
0.00144178
-0.0010985
-0.0040507
-0.00638501
-0.00775812
-0.00796409
-0.00707156
-0.00562979
-0.00466861
-0.00556113
-0.00871931
-0.0134566
-0.0178506
-0.0194983
-0.017164
-0.0115342
-0.00542382
-0.00254027
-0.00453129
-0.00954318
-0.0133879
-0.0126327
-0.00741484
-0.00144178
0.000549248
-0.00350145
-0.0115342
-0.0185371
-0.0202535
-0.0162028
-0.00926856
-0.00288355
0.000823872
0.00130446
-0.00123581
-0.00590441
-0.010779
-0.0137312
-0.0131819
-0.0091999
-0.00302086
0.0034328
0.00830737
0.0107103
0.0101611
0.0074835
0.0040507
0.00205968
0.00329549
0.00707156
0.00954318
0.00645366
-0.00199102
-0.010573
-0.0136625
-0.0100238
-0.00357011
0.00034328
-0.000961184
-0.00624769
-0.0122208
-0.0162028
-0.0173013
-0.0155162
-0.0112596
-0.00521785
0.000755216
0.00411936
0.00295221
-0.0023343
-0.00892528
-0.0131133
-0.012564
-0.00796409
-0.00260893
0.000205968
-0.000480592
-0.00302086
-0.00528651
-0.0068656
-0.00899393
-0.0121521
-0.0152416
-0.0162028
-0.0145551
-0.0118775
-0.0110536
-0.0131819
-0.0167521
-0.018949
-0.0181938
-0.0148983
-0.010985
-0.00830737
-0.00768947
-0.0081014
-0.0074835
-0.00494323
-0.00123581
0.0017164
0.00199102
-0.000892528
-0.00569845
-0.0098178
-0.0108476
-0.00892528
-0.00638501
-0.00562979
-0.00672828
-0.00775812
-0.00755216
-0.00679694
-0.00727753
-0.00906259
-0.0100924
-0.00789544
-0.00212834
0.0051492
0.0104357
0.0113282
0.00796409
0.00226565
-0.00357011
-0.00755216
-0.00844468
-0.00597307
-0.000617904
0.00624769
0.0132506
0.0181938
0.0183311
0.0120148
0.00068656
-0.010985
-0.0179192
-0.0177819
-0.0113969
-0.00240296
0.00466861
0.00617904
0.00137312
-0.00720888
-0.0148983
-0.0178506
-0.0155849
-0.010779
-0.00714022
-0.00583576
-0.00583576
-0.00549248
-0.00487457
-0.00508054
-0.00652232
-0.00837603
-0.00899393
-0.00707156
-0.00295221
0.00137312
0.00247161
-0.00151043
-0.00940587
-0.0173013
-0.021146
-0.0190177
-0.0124954
-0.00542382
-0.00192237
-0.00329549
-0.00720888
-0.00968049
-0.00817006
-0.00295221
0.00336414
0.00803275
0.00892528
0.00583576
0.000137312
-0.00597307
-0.0101611
-0.010985
-0.00878796
-0.00528651
-0.00274624
-0.00240296
-0.0040507
-0.00638501
-0.00789544
-0.00803275
-0.00700291
-0.00528651
-0.00329549
-0.00164774
-0.00144178
-0.0040507
-0.00961184
-0.0159282
-0.0201849
-0.0206654
-0.0182625
-0.0154476
-0.0137998
-0.0134566
-0.0141431
-0.0158595
-0.0179192
-0.0183998
-0.0155849
-0.00968049
-0.00281489
0.00254027
0.00508054
0.00508054
0.00398205
0.0034328
0.0034328
0.00260893
0
-0.00391339
-0.00734619
-0.00878796
-0.00762081
-0.00439398
-0.00068656
0.00178506
0.00137312
-0.00281489
-0.0102984
-0.0186744
-0.0243042
-0.0241669
-0.0179879
-0.00878796
-0.0017164
-0.000137312
-0.00308952
-0.00590441
-0.00494323
-0.00068656
0.00281489
0.00247161
-0.00130446
-0.00535517
-0.00714022
-0.00665963
-0.00549248
-0.00528651
-0.00707156
-0.0102984
-0.0135252
-0.0152416
-0.0153789
-0.0144864
-0.0133193
-0.0122894
-0.0119461
-0.0131133
-0.0157222
-0.0174386
-0.0155849
-0.00968049
-0.00288355
0
-0.00350145
-0.0116029
-0.0192923
-0.0223132
-0.0197729
-0.0136625
-0.00672828
-0.000823872
0.00302086
0.00453129
0.00357011
0.000411936
-0.00411936
-0.008582
-0.0116029
-0.01277
-0.0132506
-0.0141431
-0.0148983
-0.0137312
-0.00974915
-0.00453129
-0.000961184
-0.000961184
-0.00411936
-0.00803275
-0.0106417
-0.0109163
-0.0091999
-0.0068656
-0.00569845
-0.00734619
-0.0115342
-0.0165461
-0.0201162
-0.0210087
-0.019155
-0.0156536
-0.0117402
-0.00878796
-0.00775812
-0.008582
-0.00974915
-0.00968049
-0.00775812
-0.00501189
-0.00288355
-0.00281489
-0.00549248
-0.0103671
-0.014967
-0.0167521
-0.0152416
-0.0122894
-0.010779
-0.0120835
-0.0151043
-0.01737
-0.0174386
-0.0157909
-0.0144178
-0.0144864
-0.0153103
-0.0153789
-0.0140058
-0.0114655
-0.00851334
-0.00597307
-0.00501189
-0.00645366
-0.00974915
-0.0135252
-0.0167521
-0.0192923
-0.0214207
-0.0227251
-0.0221759
-0.0194983
-0.0152416
-0.0104357
-0.00583576
-0.00123581
0.00315817
0.00665963
0.00817006
0.00755216
0.00562979
0.00295221
-0.000823872
-0.00535517
-0.008582
-0.00871931
-0.00645366
-0.0040507
-0.00267758
-0.00219699
-0.00254027
-0.00480592
-0.0091999
-0.0142804
-0.0178506
-0.019155
-0.0197043
-0.0212147
-0.023549
-0.0240982
-0.0201849
-0.0124954
-0.00521785
-0.0023343
-0.00453129
-0.0091999
-0.01277
-0.0131133
-0.010573
-0.00734619
-0.00549248
-0.00583576
-0.00734619
-0.00830737
-0.00775812
-0.00562979
-0.00226565
0.00164774
0.0051492
0.0074835
0.00830737
0.00803275
0.00720888
0.00638501
0.00487457
0.00144178
-0.00459995
-0.0118775
-0.0168207
-0.0163401
-0.0106417
-0.00336414
0.00068656
-0.000961184
-0.00762081
-0.0158595
-0.0214893
-0.0219013
-0.0172326
-0.00988646
-0.00267758
0.00240296
0.00418801
0.00212834
-0.00267758
-0.00720888
-0.008582
-0.00645366
-0.00329549
-0.00151043
-0.00116715
0.000137312
0.00377608
0.00768947
0.00720888
-0.00102984
-0.0151043
-0.0282176
-0.0332295
-0.0280803
-0.0168894
-0.00679694
-0.00267758
-0.00411936
-0.00672828
-0.00672828
-0.0034328
0.000892528
0.00350145
0.00274624
-0.00137312
-0.00727753
-0.0127014
-0.0148983
-0.0126327
-0.00734619
-0.00295221
-0.00322683
-0.00837603
-0.0142118
-0.0153103
-0.00995512
-0.00144178
0.00501189
0.00624769
0.00260893
-0.00432533
-0.0129073
-0.021352
-0.0267758
-0.0266385
-0.021352
-0.0133879
-0.00597307
-0.000823872
0.00185371
0.00247161
0.00144178
-0.000892528
-0.0040507
-0.00714022
-0.00968049
-0.0116029
-0.0127014
-0.0126327
-0.0116715
-0.010573
-0.00961184
-0.00823872
-0.00583576
-0.00254027
0.00068656
0.00329549
0.0051492
0.00652232
0.00672828
0.00466861
0
-0.00611038
-0.0110536
-0.0129073
-0.0122894
-0.0114655
-0.0116715
-0.0120148
-0.0107103
-0.00768947
-0.00473726
-0.00308952
-0.00240296
-0.00151043
-0.00034328
-6.8656e-05
-0.00192237
-0.00562979
-0.008582
-0.00796409
-0.00391339
0.00034328
0.00130446
-0.00157909
-0.00659097
-0.0113969
-0.0153789
-0.018949
-0.0224505
-0.025746
-0.0274624
-0.0256087
-0.018949
-0.0091999
-0.00068656
0.00274624
0.0010985
-0.00219699
-0.00398205
-0.00384473
-0.00384473
-0.0051492
-0.00672828
-0.00583576
-0.00130446
0.00535517
0.0100238
0.00851334
-0.0010985
-0.0161342
-0.0303459
-0.0367996
-0.0327489
-0.0220386
-0.0122894
-0.00885662
-0.010779
-0.0133193
-0.0127014
-0.00878796
-0.0034328
0.00137312
0.00446264
0.00453129
0.000961184
-0.00521785
-0.0106417
-0.0120835
-0.00865065
-0.00240296
0.00315817
0.00521785
0.00302086
-0.00130446
-0.00439398
-0.00398205
-0.000823872
0.00199102
0.00151043
-0.00240296
-0.00775812
-0.0118088
-0.012976
-0.0112596
-0.00768947
-0.00350145
-0.000137312
0.0017164
0.00185371
0.000823872
-0.000274624
-0.000137312
0.00164774
0.00459995
0.00755216
0.00933721
0.00906259
0.00611038
0.000137312
-0.00851334
-0.0179879
-0.0252654
-0.0272564
-0.0229311
-0.0144178
-0.00652232
-0.00384473
-0.00720888
-0.0129073
-0.0159968
-0.0137998
-0.00789544
-0.00219699
-0.000549248
-0.00370742
-0.00906259
-0.0124267
-0.0113282
-0.00672828
-0.00157909
0.0017164
0.0023343
0.000549248
-0.00267758
-0.00631635
-0.00899393
-0.00878796
-0.00473726
0.00192237
0.0074835
0.00817006
0.00302086
-0.00521785
-0.0128387
-0.0177132
-0.0198416
-0.0190864
-0.014761
-0.0068656
0.00185371
0.00741484
0.00714022
0.0023343
-0.00308952
-0.00645366
-0.00837603
-0.0114655
-0.0167521
-0.0221759
-0.0239609
-0.0202535
-0.0122894
-0.00377608
0.00151043
0.00151043
-0.00295221
-0.00940587
-0.014967
-0.0182625
-0.0194983
-0.0199789
-0.0206654
-0.0205281
-0.0175759
-0.0116715
-0.00535517
-0.0017164
-0.00226565
-0.00583576
-0.0104357
-0.0142118
-0.0162028
-0.0160655
-0.0135939
-0.00885662
-0.00199102
0.00542382
0.0100924
0.008582
0.000892528
-0.00837603
-0.0133193
-0.0117402
-0.00597307
-0.000137312
0.0034328
0.00487457
0.00521785
0.00466861
0.00288355
0.000617904
-0.00102984
-0.00164774
-0.00212834
-0.00302086
-0.00322683
-0.000892528
0.00411936
0.00878796
0.00926856
0.00432533
-0.00357011
-0.0102984
-0.0137312
-0.0142118
-0.0133193
-0.0124267
-0.0120835
-0.0119461
-0.0113969
-0.0098178
-0.00700291
-0.00315817
0.00068656
0.00391339
0.0057671
0.00521785
0.000823872
-0.00727753
-0.0159968
-0.0210087
-0.0197729
-0.0135252
-0.00590441
-0.000274624
0.00199102
0.00157909
0.000137312
-0.000617904
0.000274624
0.00308952
0.00693425
0.00954318
0.0081014
0.000961184
-0.0104357
-0.0219699
-0.0286982
-0.0282176
-0.021558
-0.0121521
-0.00418801
6.8656e-05
0.00130446
0.00199102
0.00336414
0.00363877
0.000480592
-0.00611038
-0.0131819
-0.0172326
-0.01737
-0.0150357
-0.0123581
-0.0101611
-0.00762081
-0.00446264
-0.0023343
-0.00377608
-0.0098178
-0.0184685
-0.0264325
-0.0310325
-0.0308265
-0.0256087
-0.0168894
-0.00803275
-0.00267758
-0.00219699
-0.00542382
-0.00968049
-0.0133193
-0.0155849
-0.0162715
-0.0153103
-0.0134566
-0.0126327
-0.0142804
-0.0179192
-0.021352
-0.023343
-0.0240296
-0.0238923
-0.0227938
-0.0205281
-0.0177132
-0.0152416
-0.0145551
-0.0166147
-0.0212147
-0.0256087
-0.025952
-0.0202535
-0.0107103
-0.00247161
0
-0.00384473
-0.0101611
-0.0134566
-0.0108476
-0.00459995
-0.00068656
-0.00315817
-0.010779
-0.0185371
-0.0225192
-0.0219013
-0.0185371
-0.0139372
-0.0091999
-0.00487457
-0.00219699
-0.00295221
-0.00803275
-0.0155162
-0.021558
-0.0231371
-0.0201849
-0.0155162
-0.0118775
-0.0102984
-0.00954318
-0.00782678
-0.00542382
-0.00487457
-0.00871931
-0.0164088
-0.0239609
-0.0266385
-0.0229997
-0.0153103
-0.00727753
-0.00123581
0.00240296
0.00439398
0.00549248
0.00583576
0.00556113
0.00411936
0.000755216
-0.00494323
-0.0111223
-0.0133879
-0.00871931
0.000961184
0.00968049
0.0118088
0.00693425
-0.00130446
-0.008582
-0.0126327
-0.0134566
-0.012564
-0.0118088
-0.0120148
-0.0121521
-0.010573
-0.00679694
-0.00267758
-0.000617904
-0.00185371
-0.00501189
-0.00775812
-0.00871931
-0.0081014
-0.00672828
-0.0051492
-0.00322683
-0.000823872
0.00123581
0.00192237
0
-0.00501189
-0.0118088
-0.0174386
-0.0194983
-0.0178506
-0.0146237
-0.0117402
-0.010573
-0.0119461
-0.0164774
-0.0234803
-0.0305519
-0.0344653
-0.0333668
-0.0278057
-0.0201162
-0.0126327
-0.0068656
-0.00391339
-0.00377608
-0.00569845
-0.008582
-0.0113282
-0.012564
-0.0115342
-0.00885662
-0.00631635
-0.00535517
-0.00611038
-0.00762081
-0.00899393
-0.00961184
-0.00913124
-0.00865065
-0.00961184
-0.0130446
-0.0177819
-0.0205968
-0.0187431
-0.0122894
-0.00466861
6.8656e-05
0.000480592
-0.00144178
-0.0023343
-0.000411936
0.00288355
0.00432533
0.00185371
-0.00398205
-0.0102297
-0.0144864
-0.0161342
-0.0163401
-0.0157222
-0.0143491
-0.012564
-0.0112596
-0.0111909
-0.0113282
-0.0105044
-0.00871931
-0.0074835
-0.00823872
-0.0107103
-0.0135939
-0.0145551
-0.0113969
-0.00370742
0.00611038
0.0135939
0.014761
0.00865065
-0.00185371
-0.010985
-0.0136625
-0.00830737
0.00192237
0.0118088
0.0175073
0.0181252
0.0150357
0.0100238
0.00370742
-0.00418801
-0.0134566
-0.0223132
-0.0271878
-0.0254714
-0.0177132
-0.0074835
0.00116715
0.00562979
0.00528651
0.0010985
-0.00459995
-0.0091999
-0.0110536
-0.0100238
-0.00707156
-0.00384473
-0.00205968
-0.00199102
-0.00240296
-0.00219699
-0.00192237
-0.0034328
-0.00707156
-0.0102297
-0.00954318
-0.00432533
0.00212834
0.00562979
0.00439398
0.000411936
-0.00336414
-0.00508054
-0.00508054
-0.00480592
-0.00569845
-0.008582
-0.0131133
-0.0181252
-0.0219699
-0.0234803
-0.0221759
-0.0177819
-0.0113969
-0.00556113
-0.00308952
-0.00487457
-0.00885662
-0.0116029
-0.0118775
-0.0111223
-0.0116029
-0.0137998
-0.0166834
-0.0188804
-0.0201162
-0.0210087
-0.0225192
-0.0251281
-0.0280116
-0.029728
-0.0293161
-0.0269131
-0.0241669
-0.0224505
-0.0220386
-0.0218326
-0.0206654
-0.0186744
-0.0168207
-0.0159282
-0.0153103
-0.0138685
-0.0115342
-0.00961184
-0.00906259
-0.00995512
-0.0111909
-0.0116715
-0.0108476
-0.00906259
-0.00755216
-0.00803275
-0.010779
-0.0144864
-0.0167521
-0.0164774
-0.014761
-0.0131133
-0.0116715
-0.00954318
-0.00672828
-0.00439398
-0.00370742
-0.00398205
-0.00350145
-0.00212834
-0.00116715
-0.00164774
-0.00240296
-0.000549248
0.00508054
0.0122894
0.0168894
0.0155849
0.00865065
-0.000617904
-0.00865065
-0.0134566
-0.014761
-0.0132506
-0.00995512
-0.00624769
-0.00384473
-0.00315817
-0.00281489
-0.000892528
0.00295221
0.00714022
0.00947452
0.00851334
0.00391339
-0.00288355
-0.008582
-0.0100924
-0.00714022
-0.00240296
0.00130446
0.00267758
0.00219699
0.00068656
-0.00034328
0.000205968
0.00219699
0.00370742
0.00302086
0.000137312
-0.00274624
-0.00411936
-0.0040507
-0.00377608
-0.00432533
-0.00501189
-0.00453129
-0.00219699
0.00068656
0.00157909
-0.00123581
-0.00707156
-0.0132506
-0.0170267
-0.0181252
-0.0182625
-0.0182625
-0.0167521
-0.0116715
-0.00411936
0.00199102
0.00302086
-0.00102984
-0.0068656
-0.0103671
-0.00926856
-0.00459995
0.000137312
0.000755216
-0.00398205
-0.010985
-0.0158595
-0.0164774
-0.0137312
-0.00988646
-0.00652232
-0.00439398
-0.00329549
-0.00205968
0.000205968
0.00288355
0.00377608
0.00123581
-0.00439398
-0.010985
-0.0158595
-0.0175759
-0.0166147
-0.0148297
-0.0134566
-0.0123581
-0.010573
-0.00803275
-0.00549248
-0.00377608
-0.00281489
-0.00205968
-0.00068656
0.00199102
0.00535517
0.0074835
0.00638501
0.00185371
-0.00398205
-0.00892528
-0.0116029
-0.0120148
-0.010985
-0.00961184
-0.00892528
-0.00892528
-0.00851334
-0.0068656
-0.00446264
-0.0023343
-0.00137312
-0.00157909
-0.00219699
-0.00295221
-0.00446264
-0.00755216
-0.0114655
-0.0148297
-0.0166834
-0.0177132
-0.0185371
-0.0188117
-0.0177132
-0.014967
-0.0113282
-0.00796409
-0.00604173
-0.00611038
-0.00714022
-0.00782678
-0.00782678
-0.00851334
-0.0106417
-0.0121521
-0.0100924
-0.00384473
0.0034328
0.00679694
0.00370742
-0.00439398
-0.0134566
-0.0192237
-0.0201162
-0.0179192
-0.0162028
-0.0170267
-0.0190864
-0.0196356
-0.0170953
-0.012564
-0.00885662
-0.00762081
-0.00796409
-0.00762081
-0.00590441
-0.00425667
-0.00466861
-0.0074835
-0.0113282
-0.0144864
-0.0164088
-0.0168207
-0.0158595
-0.0139372
-0.0118775
-0.0103671
-0.00968049
-0.0100924
-0.0116715
-0.0137998
-0.0156536
-0.0166834
-0.0166834
-0.0153103
-0.0124267
-0.00885662
-0.00652232
-0.00624769
-0.00693425
-0.00672828
-0.00556113
-0.00501189
-0.00652232
-0.00968049
-0.0128387
-0.0145551
-0.014761
-0.0142118
-0.0131133
-0.010779
-0.00707156
-0.00336414
-0.00151043
-0.00205968
-0.0040507
-0.00569845
-0.00604173
-0.00521785
-0.00466861
-0.00604173
-0.00968049
-0.0134566
-0.0146924
-0.0131819
-0.0109163
-0.0101611
-0.0109163
-0.0116715
-0.0111909
-0.0101611
-0.0100238
-0.0113282
-0.0128387
-0.0132506
-0.0121521
-0.0108476
-0.0102297
-0.00926856
-0.0057671
0.00116715
0.00892528
0.0137998
0.0136625
0.00865065
6.8656e-05
-0.0100238
-0.0186744
-0.0229997
-0.0221072
-0.0177819
-0.0136625
-0.0114655
-0.00995512
-0.00665963
-0.00157909
0.00226565
0.00130446
-0.00549248
-0.0153103
-0.0232744
-0.0247848
-0.0183311
-0.00679694
0.0040507
0.00947452
0.00851334
0.00363877
-0.00164774
-0.00556113
-0.00782678
-0.00892528
-0.00885662
-0.00734619
-0.00473726
-0.00240296
-0.00178506
-0.00288355
-0.00425667
-0.00432533
-0.00329549
-0.00302086
-0.00508054
-0.00933721
-0.0142804
-0.0185371
-0.0216266
-0.0236863
-0.0248535
-0.0248535
-0.0234803
-0.0210087
-0.0177132
-0.0133879
-0.00741484
-0.000205968
0.00611038
0.00878796
0.00617904
-0.000137312
-0.0068656
-0.0107103
-0.0105044
-0.00762081
-0.00542382
-0.00700291
-0.0130446
-0.0204595
-0.0251281
-0.0243729
-0.0186744
-0.0108476
-0.00439398
-0.00123581
-0.00157909
-0.00453129
-0.00899393
-0.0135939
-0.0168207
-0.0173013
-0.0153789
-0.0126327
-0.0105044
-0.00940587
-0.00837603
-0.00645366
-0.00377608
-0.00212834
-0.00350145
-0.0081014
-0.0133879
-0.0166147
-0.0170953
-0.0164774
-0.0170953
-0.0198416
-0.0231371
-0.0241669
-0.0208028
-0.0135252
-0.00556113
-0.00068656
-0.000205968
-0.00254027
-0.00487457
-0.00487457
-0.00226565
0.00102984
0.00123581
-0.00411936
-0.0137998
-0.0230684
-0.0269131
-0.0238923
-0.0164088
-0.00844468
-0.00254027
0.00068656
0.0017164
0.000961184
-0.00116715
-0.00384473
-0.0057671
-0.00631635
-0.00556113
-0.00425667
-0.00357011
-0.00528651
-0.0102984
-0.0173013
-0.0225192
-0.0223132
-0.0160655
-0.00734619
-0.000823872
0.00130446
0.000274624
-0.00123581
-0.00130446
0.000480592
0.00322683
0.00542382
0.00569845
0.00370742
6.8656e-05
-0.00398205
-0.00700291
-0.00782678
-0.00617904
-0.00288355
0.000823872
0.00370742
0.00466861
0.00329549
-6.8656e-05
-0.00480592
-0.010573
-0.016958
-0.0234117
-0.0284236
-0.0306206
-0.0295907
-0.0258146
-0.0201849
-0.0128387
-0.00453129
0.00226565
0.00501189
0.00336414
0.000137312
-0.00151043
-0.000961184
0
-0.00034328
-0.00151043
-0.00254027
-0.00384473
-0.00665963
-0.0105044
-0.0132506
-0.0128387
-0.0091999
-0.00329549
0.00350145
0.0091999
0.0113969
0.00926856
0.00446264
-6.8656e-05
-0.00192237
-0.000823872
0.00102984
0.00102984
-0.00205968
-0.00727753
-0.0123581
-0.0155162
-0.0159968
-0.0141431
-0.0105044
-0.00604173
-0.00199102
0.000892528
0.0023343
0.00199102
-0.000411936
-0.00398205
-0.00693425
-0.00823872
-0.00851334
-0.00906259
-0.00995512
-0.0107103
-0.010985
-0.0110536
-0.0112596
-0.0117402
-0.0116029
-0.0102984
-0.00823872
-0.00659097
-0.00528651
-0.0034328
-0.000755216
0.000823872
-0.000961184
-0.00583576
-0.0108476
-0.0138685
-0.0148983
-0.0146924
-0.0130446
-0.00995512
-0.00638501
-0.00398205
-0.00391339
-0.00562979
-0.00714022
-0.00583576
-0.00116715
0.00418801
0.00624769
0.00357011
-0.00123581
-0.0040507
-0.0023343
0.00329549
0.00954318
0.0119461
0.00844468
0.000617904
-0.00789544
-0.0136625
-0.0152416
-0.012976
-0.00803275
-0.00185371
0.00391339
0.00762081
0.00823872
0.00597307
0.00254027
-0.00034328
-0.00205968
