LECROYHDO9204-MSöv,30454,Waveform
Segments,1,SegmentSize,2002
Ampl
-0.000823872
0.0017164
0.000617904
-0.00240296
-0.00432533
-0.00288355
0.000755216
0.00336414
0.00267758
-0.00068656
-0.00446264
-0.0068656
-0.00755216
-0.00638501
-0.00357011
0.000549248
0.00480592
0.00762081
0.00755216
0.00391339
-0.00205968
-0.0074835
-0.0100924
-0.00933721
-0.00638501
-0.00315817
-0.000961184
-0.00068656
-0.00288355
-0.00727753
-0.0122894
-0.0156536
-0.0158595
-0.0138685
-0.0118088
-0.0112596
-0.0116029
-0.010985
-0.00844468
-0.00494323
-0.00260893
-0.00288355
-0.00487457
-0.00604173
-0.00453129
-0.00130446
0.000137312
-0.00267758
-0.00899393
-0.0154476
-0.0186744
-0.0174386
-0.012564
-0.00638501
-0.00130446
0.000549248
-0.00123581
-0.00528651
-0.00933721
-0.0108476
-0.00844468
-0.00274624
0.00357011
0.00720888
0.00569845
-0.000480592
-0.008582
-0.014761
-0.0166147
-0.0148297
-0.0122208
-0.0116715
-0.0135252
-0.0160655
-0.016958
-0.0156536
-0.012976
-0.00995512
-0.00727753
-0.00528651
-0.00439398
-0.00569845
-0.00995512
-0.0161342
-0.021146
-0.0223818
-0.0200475
-0.0168207
-0.014967
-0.0146924
-0.0146237
-0.0134566
-0.010985
-0.00830737
-0.00659097
-0.00631635
-0.00734619
-0.00940587
-0.0121521
-0.0153103
-0.0186058
-0.0219699
-0.0254027
-0.0284236
-0.0302773
-0.03014
-0.0280116
-0.0241669
-0.0190864
-0.0134566
-0.00892528
-0.00782678
-0.0103671
-0.0132506
-0.0113282
-0.00288355
0.00528651
-0.00411936
-0.0551307
-0.168344
-0.345683
-0.562498
-0.775057
-0.942097
-1.04371
-1.08641
-1.093
-1.08882
-1.09115
-1.1057
-1.12829
-1.15074
-1.1666
-1.1734
-1.17203
-1.16564
-1.15816
-1.15301
-1.15115
-1.15115
-1.15088
-1.14958
-1.14772
-1.14601
-1.14347
-1.13797
-1.12829
-1.11607
-1.10454
-1.09493
-1.08559
-1.0746
-1.06273
-1.05291
-1.04776
-1.04824
-1.05394
-1.06321
-1.07378
-1.08373
-1.09149
-1.09664
-1.09946
-1.10049
-1.10097
-1.10255
-1.10721
-1.11614
-1.12843
-1.14086
-1.14896
-1.14992
-1.14491
-1.13749
-1.13152
-1.1287
-1.12905
-1.13145
-1.13385
-1.13399
-1.13056
-1.12355
-1.1147
-1.10701
-1.10344
-1.10488
-1.10989
-1.11525
-1.11827
-1.1182
-1.11607
-1.11305
-1.10969
-1.10605
-1.1022
-1.09856
-1.09575
-1.09472
-1.09678
-1.10227
-1.10976
-1.11641
-1.11985
-1.11937
-1.11669
-1.11422
-1.1136
-1.1147
-1.11683
-1.11998
-1.12452
-1.13076
-1.13777
-1.14401
-1.14793
-1.14772
-1.14065
-1.12314
-1.09252
-1.0505
-1.00217
-0.952945
-0.904062
-0.853531
-0.799361
-0.741759
-0.68299
-0.626142
-0.573277
-0.52412
-0.476129
-0.426628
-0.375274
-0.324399
-0.277233
-0.235627
-0.199652
-0.169992
-0.147748
-0.133055
-0.122551
-0.111429
-0.0970109
-0.0806708
-0.0661157
-0.0569158
-0.0543069
-0.0568471
-0.0611725
-0.0639874
-0.0635754
-0.059868
-0.0538263
-0.0470293
-0.0417428
-0.0401637
-0.0424294
-0.0465487
-0.0501189
-0.051492
-0.0499815
-0.0463428
-0.0430473
-0.042704
-0.0456562
-0.0497069
-0.0522472
-0.0518353
-0.0486771
-0.0440085
-0.0396831
-0.0370056
-0.0359071
-0.0343966
-0.0304146
-0.0239609
-0.01737
-0.0131133
-0.0120148
-0.012564
-0.0131133
-0.0135252
-0.0156536
-0.0210774
-0.0289728
-0.0358384
-0.0376921
-0.0328862
-0.0232744
-0.0127014
-0.00494323
-0.00178506
-0.00357011
-0.00926856
-0.0167521
-0.0227938
-0.0248535
-0.0229997
-0.0197043
-0.0175073
-0.01737
-0.0183311
-0.0197043
-0.0209401
-0.0217639
-0.021352
-0.0197729
-0.0180565
-0.0174386
-0.0183311
-0.0201162
-0.0221072
-0.023549
-0.023343
-0.0201162
-0.0137312
-0.00652232
-0.00288355
-0.00611038
-0.014761
-0.0227938
-0.0250594
-0.0212147
-0.0158595
-0.0135252
-0.0153789
-0.0199102
-0.0251281
-0.0291788
-0.03014
-0.0267758
-0.0199789
-0.01277
-0.00837603
-0.00768947
-0.00878796
-0.0098178
-0.0109163
-0.0141431
-0.0204595
-0.0285609
-0.0353578
-0.0373488
-0.0324056
-0.0212147
-0.00803275
0.00199102
0.00583576
0.00439398
0.000617904
-0.00302086
-0.0051492
-0.00597307
-0.00631635
-0.00645366
-0.00638501
-0.00604173
-0.00652232
-0.00926856
-0.0137312
-0.0167521
-0.0148983
-0.00755216
0.00205968
0.0091999
0.0108476
0.00707156
0.000617904
-0.00459995
-0.00569845
-0.00281489
0.0017164
0.00521785
0.00597307
0.00370742
-0.000274624
-0.00377608
-0.00494323
-0.00384473
-0.00274624
-0.00453129
-0.0100238
-0.016958
-0.0214893
-0.0212834
-0.0175073
-0.0131133
-0.0102984
-0.00892528
-0.00789544
-0.00720888
-0.00714022
-0.00734619
-0.00707156
-0.00672828
-0.00727753
-0.00871931
-0.00906259
-0.0068656
-0.00322683
-0.000961184
-0.00212834
-0.00611038
-0.00995512
-0.0106417
-0.00782678
-0.00363877
-0.0010985
-0.00144178
-0.00377608
-0.00624769
-0.00782678
-0.00871931
-0.00906259
-0.00906259
-0.00823872
-0.00631635
-0.00350145
-0.000617904
0.00130446
0.0017164
0.000961184
-0.00068656
-0.00274624
-0.00425667
-0.00425667
-0.00267758
-0.000549248
0.000755216
0.000892528
6.8656e-05
-0.00205968
-0.00631635
-0.0124954
-0.0179879
-0.0194296
-0.0153103
-0.00768947
-0.000892528
0.0017164
0
-0.00357011
-0.00652232
-0.00817006
-0.00940587
-0.0113969
-0.0134566
-0.0135252
-0.00954318
-0.00192237
0.00659097
0.0126327
0.0143491
0.0115342
0.00501189
-0.00391339
-0.0131133
-0.0201849
-0.0232744
-0.0217639
-0.0164774
-0.00940587
-0.00336414
-0.00123581
-0.00439398
-0.0118088
-0.0205968
-0.0269131
-0.0275997
-0.0216953
-0.0121521
-0.00425667
-0.00199102
-0.00501189
-0.00947452
-0.0112596
-0.00823872
-0.00116715
0.00693425
0.0120835
0.0118088
0.00734619
0.00199102
-0.000892528
-0.000411936
0.00240296
0.00556113
0.00775812
0.00837603
0.00714022
0.00391339
-0.00144178
-0.00796409
-0.014761
-0.0205968
-0.0238236
-0.0222445
-0.0148297
-0.00370742
0.0068656
0.0134566
0.0151043
0.0126327
0.00727753
0.000755216
-0.00446264
-0.00638501
-0.00453129
-0.000549248
0.00315817
0.00446264
0.00288355
-0.000411936
-0.00377608
-0.00604173
-0.00693425
-0.00631635
-0.00446264
-0.00178506
0.00123581
0.00453129
0.0074835
0.00865065
0.0068656
0.00274624
-0.00219699
-0.00659097
-0.0102297
-0.0132506
-0.0153103
-0.0157222
-0.0144178
-0.0116715
-0.00789544
-0.00370742
-6.8656e-05
0.00178506
0.000755216
-0.00322683
-0.00796409
-0.0100924
-0.00768947
-0.00226565
0.00240296
0.00357011
0.00068656
-0.00508054
-0.0122208
-0.0185371
-0.0210774
-0.0183998
-0.0122894
-0.00652232
-0.00432533
-0.00590441
-0.00871931
-0.0102297
-0.0108476
-0.0127014
-0.0170953
-0.0223132
-0.0244415
-0.0212834
-0.0140058
-0.00645366
-0.00185371
-0.000961184
-0.00240296
-0.00398205
-0.00508054
-0.00624769
-0.00796409
-0.00961184
-0.010573
-0.0107103
-0.0102297
-0.00933721
-0.00844468
-0.00782678
-0.00714022
-0.00528651
-0.00192237
0.00137312
0.00205968
-0.00130446
-0.00803275
-0.0156536
-0.0210774
-0.021558
-0.0162028
-0.00720888
0.000823872
0.00329549
-0.0010985
-0.00906259
-0.0152416
-0.0159282
-0.0113969
-0.0051492
-0.00116715
-0.00130446
-0.00432533
-0.00768947
-0.00933721
-0.00968049
-0.0102297
-0.0116715
-0.012976
-0.0126327
-0.0101611
-0.0068656
-0.0051492
-0.0068656
-0.0118088
-0.0178506
-0.0219699
-0.0223818
-0.0199102
-0.0175073
-0.0176446
-0.0196356
-0.0206654
-0.0175759
-0.00968049
0.000892528
0.00995512
0.0144178
0.0136625
0.00988646
0.00583576
0.00315817
0.00240296
0.00370742
0.00652232
0.00940587
0.0104357
0.00865065
0.00487457
0.00102984
-0.00151043
-0.0023343
-0.00219699
-0.00185371
-0.00178506
-0.00205968
-0.00254027
-0.00336414
-0.00453129
-0.00590441
-0.0074835
-0.00885662
-0.00892528
-0.00693425
-0.0034328
-0.00068656
-0.000617904
-0.00377608
-0.00865065
-0.0123581
-0.0120835
-0.0074835
-0.000961184
0.00315817
0.00267758
-0.00116715
-0.00473726
-0.00508054
-0.00247161
0.000755216
0.00254027
0.0023343
0.00068656
-0.00137312
-0.00295221
-0.00329549
-0.00199102
0.000617904
0.00295221
0.00315817
0.00123581
-0.00068656
-0.000411936
0.00205968
0.00425667
0.00336414
-0.000961184
-0.00631635
-0.00974915
-0.0101611
-0.00844468
-0.00645366
-0.00494323
-0.0034328
-0.00151043
0.00068656
0.00288355
0.00446264
0.00411936
6.8656e-05
-0.00768947
-0.0159968
-0.0201162
-0.0170953
-0.00823872
0.00199102
0.00878796
0.00954318
0.00494323
-0.0017164
-0.00707156
-0.00913124
-0.00892528
-0.00851334
-0.0098178
-0.0131133
-0.016958
-0.0190864
-0.0180565
-0.0144864
-0.0101611
-0.00638501
-0.00274624
0.0010985
0.00411936
0.00446264
0.00151043
-0.00384473
-0.00995512
-0.015173
-0.0179192
-0.016958
-0.0122894
-0.00583576
-0.000755216
0.000480592
-0.0023343
-0.0068656
-0.00974915
-0.00837603
-0.00219699
0.0068656
0.014967
0.0186058
0.0166147
0.0105044
0.00336414
-0.00254027
-0.00617904
-0.00789544
-0.00871931
-0.00947452
-0.00974915
-0.00871931
-0.00624769
-0.00357011
-0.00288355
-0.00453129
-0.0068656
-0.00734619
-0.00425667
0.00164774
0.00768947
0.0103671
0.00830737
0.00288355
-0.00226565
-0.00432533
-0.00267758
0.00123581
0.00501189
0.00659097
0.00542382
0.00247161
-0.00068656
-0.00329549
-0.00549248
-0.00830737
-0.0124954
-0.0181938
-0.0241669
-0.0276684
-0.0258146
-0.0172326
-0.00425667
0.00796409
0.0140745
0.0118775
0.00350145
-0.00590441
-0.0114655
-0.0110536
-0.00604173
0.00034328
0.00480592
0.00597307
0.00487457
0.00336414
0.00247161
0.00157909
-0.000961184
-0.00535517
-0.0105044
-0.0146237
-0.0168207
-0.01737
-0.0168894
-0.0155849
-0.01277
-0.00817006
-0.00315817
0.000617904
0.00247161
0.00274624
0.00157909
-0.00151043
-0.00604173
-0.0101611
-0.0123581
-0.0122208
-0.0104357
-0.00803275
-0.00617904
-0.00624769
-0.00865065
-0.0116715
-0.0126327
-0.00974915
-0.00377608
0.00281489
0.00672828
0.00611038
0.00151043
-0.00398205
-0.00693425
-0.00631635
-0.00391339
-0.00315817
-0.00617904
-0.0118775
-0.0163401
-0.0158595
-0.00995512
-0.00226565
0.00247161
0.00137312
-0.00487457
-0.0123581
-0.0163401
-0.0135939
-0.00466861
0.00638501
0.0141431
0.0150357
0.00926856
0.000205968
-0.00720888
-0.00926856
-0.00494323
0.00336414
0.010985
0.0142118
0.0120148
0.00624769
-0.00068656
-0.00652232
-0.0103671
-0.0121521
-0.0122894
-0.0112596
-0.00933721
-0.00734619
-0.00645366
-0.0074835
-0.0102984
-0.0132506
-0.0141431
-0.0116029
-0.00693425
-0.00308952
-0.00199102
-0.00336414
-0.00494323
-0.00494323
-0.00350145
-0.0017164
-0.00102984
-0.00164774
-0.00322683
-0.00501189
-0.00679694
-0.00926856
-0.0128387
-0.0168207
-0.0190177
-0.0177132
-0.0131133
-0.0068656
-0.0010985
0.00281489
0.00446264
0.00439398
0.00329549
0.0010985
-0.00363877
-0.0120835
-0.0230684
-0.0325429
-0.0357698
-0.0305519
-0.0197043
-0.00940587
-0.00487457
-0.00775812
-0.0155849
-0.0234803
-0.0262266
-0.0205968
-0.00789544
0.0068656
0.0181252
0.0225192
0.0196356
0.0113969
0.00130446
-0.00707156
-0.0121521
-0.0143491
-0.0148983
-0.0140058
-0.0113282
-0.00700291
-0.00274624
-0.000961184
-0.0023343
-0.00562979
-0.008582
-0.0098178
-0.00940587
-0.00817006
-0.00741484
-0.00789544
-0.0098178
-0.012564
-0.014761
-0.0152416
-0.0140745
-0.0116029
-0.00796409
-0.00336414
0.00102984
0.00329549
0.00219699
-0.000892528
-0.00308952
-0.0023343
0.000961184
0.00487457
0.00734619
0.00720888
0.00411936
-0.00144178
-0.00789544
-0.0133879
-0.0166147
-0.0172326
-0.0156536
-0.01277
-0.0104357
-0.00974915
-0.0107103
-0.0120835
-0.0127014
-0.0121521
-0.0107103
-0.00878796
-0.00679694
-0.00542382
-0.00494323
-0.00521785
-0.00549248
-0.0057671
-0.00714022
-0.0112596
-0.0181938
-0.0254714
-0.0289042
-0.0253341
-0.0148297
-0.0010985
0.0101611
0.014761
0.0121521
0.0057671
0.000274624
-0.00178506
-0.00151043
-0.00137312
-0.00260893
-0.00494323
-0.00727753
-0.00892528
-0.00988646
-0.0108476
-0.0127014
-0.0155162
-0.0176446
-0.0168894
-0.012564
-0.00652232
-0.00247161
-0.00254027
-0.00562979
-0.00885662
-0.0105044
-0.0110536
-0.0111909
-0.0102297
-0.00762081
-0.00446264
-0.00267758
-0.00260893
-0.00267758
-0.00157909
0.000411936
0.00212834
0.00267758
0.00281489
0.00357011
0.00453129
0.00377608
-0.000205968
-0.00624769
-0.0107103
-0.010573
-0.00617904
-0.000892528
0.00157909
-0.000480592
-0.00583576
-0.0108476
-0.0120148
-0.00803275
-6.8656e-05
0.00844468
0.0140745
0.0148983
0.0118088
0.00645366
0.00034328
-0.00583576
-0.0111909
-0.0141431
-0.0136625
-0.00995512
-0.00473726
0.00034328
0.00432533
0.00679694
0.00734619
0.00569845
0.00199102
-0.0034328
-0.00947452
-0.0143491
-0.0157222
-0.0126327
-0.00652232
-0.0010985
0.000137312
-0.00418801
-0.0116715
-0.0179192
-0.019155
-0.0146237
-0.00652232
0.0017164
0.00734619
0.0091999
0.00734619
0.00295221
-0.00192237
-0.00556113
-0.0068656
-0.00556113
-0.00212834
0.00116715
0.00178506
-0.000480592
-0.00274624
-0.00178506
0.00260893
0.00700291
0.00741484
0.00295221
-0.0034328
-0.00768947
-0.00768947
-0.00446264
-0.00068656
0.000961184
-6.8656e-05
-0.00260893
-0.00459995
-0.0051492
-0.00556113
-0.00782678
-0.01277
-0.0185371
-0.0217639
-0.0200475
-0.0139372
-0.00638501
-0.000274624
0.00260893
0.00240296
0.000480592
-0.00151043
-0.00295221
-0.00453129
-0.00672828
-0.00892528
-0.00933721
-0.00707156
-0.00302086
0.00068656
0.00260893
0.00254027
0.00130446
-0.000205968
-0.00219699
-0.00528651
-0.00871931
-0.0100924
-0.00775812
-0.00254027
0.00254027
0.00521785
0.00542382
0.00398205
0.0017164
-0.000892528
-0.00288355
-0.00302086
-0.00151043
-0.000892528
-0.00357011
-0.00878796
-0.0127014
-0.0113969
-0.00494323
0.00267758
0.0068656
0.00617904
0.00260893
-0.000755216
-0.00205968
-0.00137312
0.000205968
0.00123581
0.000480592
-0.00260893
-0.00741484
-0.0120148
-0.0141431
-0.0121521
-0.00638501
0.000274624
0.00377608
0.00185371
-0.00432533
-0.0115342
-0.0172326
-0.0208714
-0.0228624
-0.0223818
-0.0182625
-0.0103671
-0.00157909
0.00398205
0.00439398
0.00185371
0.000274624
0.00144178
0.00357011
0.0034328
0
-0.00521785
-0.00940587
-0.0106417
-0.00906259
-0.00700291
-0.00700291
-0.0098178
-0.0133193
-0.0146237
-0.0117402
-0.0051492
0.00226565
0.00720888
0.00782678
0.00487457
0.000411936
-0.00384473
-0.00665963
-0.00755216
-0.00624769
-0.00398205
-0.00322683
-0.00562979
-0.0102984
-0.0142804
-0.0151043
-0.0122208
-0.00707156
-0.00116715
0.00398205
0.00720888
0.00727753
0.00391339
-0.00116715
-0.00528651
-0.00679694
-0.00638501
-0.00597307
-0.00665963
-0.00768947
-0.0074835
-0.00501189
-0.000961184
0.00295221
0.00480592
0.00384473
0.00034328
-0.0040507
-0.00782678
-0.00988646
-0.00995512
-0.00871931
-0.00775812
-0.00796409
-0.00878796
-0.008582
-0.00611038
-0.0017164
0.00288355
0.00562979
0.00528651
0.00274624
0.000961184
0.00192237
0.0040507
0.00418801
0.000961184
-0.00322683
-0.00501189
-0.00288355
0.0017164
0.00583576
0.00755216
0.00665963
0.00418801
0.000617904
-0.00370742
-0.00823872
-0.0113969
-0.0119461
-0.00995512
-0.00714022
-0.00521785
-0.00494323
-0.00611038
-0.0074835
-0.00755216
-0.00562979
-0.00302086
-0.00192237
-0.0034328
-0.00617904
-0.00817006
-0.00823872
-0.00665963
-0.00453129
-0.00302086
-0.0034328
-0.00652232
-0.0119461
-0.0179192
-0.0225192
-0.0240296
-0.0220386
-0.0175073
-0.0118775
-0.00631635
-0.00185371
0.000137312
-0.00123581
-0.00535517
-0.0100238
-0.0124267
-0.0111909
-0.00700291
-0.00247161
-0.000549248
-0.00329549
-0.0098178
-0.0168207
-0.0208028
-0.0203222
-0.0161342
-0.00988646
-0.00322683
0.00144178
0.00130446
-0.00535517
-0.0165461
-0.0265012
-0.0297967
-0.0254027
-0.01737
-0.0110536
-0.00885662
-0.00974915
-0.0110536
-0.010985
-0.00892528
-0.00549248
-0.00157909
0.00137312
0.00164774
-0.00192237
-0.00892528
-0.0159282
-0.0184685
-0.0146924
-0.00755216
-0.00205968
-0.00130446
-0.00453129
-0.00844468
-0.00995512
-0.00837603
-0.00542382
-0.00377608
-0.00473726
-0.00720888
-0.00851334
-0.00755216
-0.00542382
-0.00459995
-0.00659097
-0.0106417
-0.0146237
-0.0158595
-0.0135252
-0.00899393
-0.00446264
-0.00157909
-0.000961184
-0.00281489
-0.00693425
-0.0122894
-0.0170953
-0.019155
-0.0173013
-0.012564
-0.0081014
-0.00659097
-0.00789544
-0.00933721
-0.00885662
-0.00714022
-0.00617904
-0.00679694
-0.00768947
-0.0068656
-0.00350145
0.000755216
0.00288355
0.00068656
-0.00501189
-0.0111223
-0.0143491
-0.0133193
-0.00961184
-0.00624769
-0.00528651
-0.00672828
-0.0091999
-0.0111223
-0.0115342
-0.0101611
-0.00645366
-0.000480592
0.00679694
0.012976
0.0152416
0.0121521
0.00501189
-0.00281489
-0.00844468
-0.0112596
-0.0124954
-0.012976
-0.0122894
-0.0101611
-0.00707156
-0.00432533
-0.00288355
-0.00308952
-0.00439398
-0.00549248
-0.00473726
-0.00192237
0.00137312
0.00267758
0.00034328
-0.00411936
-0.00693425
-0.00569845
-0.00199102
0.000274624
-0.0010985
-0.00432533
-0.00611038
-0.00501189
-0.00254027
-0.00116715
-0.00116715
-0.00116715
-0.000274624
0.000205968
-0.00157909
-0.00562979
-0.0106417
-0.0145551
-0.0157222
-0.0133193
-0.00851334
-0.00425667
-0.00322683
-0.0057671
-0.0103671
-0.0155162
-0.0207341
-0.0256087
-0.0282176
-0.0258833
-0.0177819
-0.00679694
0.00226565
0.00556113
0.00302086
-0.00240296
-0.00672828
-0.00741484
-0.00466861
-0.000549248
0.00219699
0.00192237
-0.00130446
-0.00611038
-0.0105044
-0.0133193
-0.0140745
-0.0128387
-0.00988646
-0.00611038
-0.00267758
-0.000205968
0.00164774
0.00281489
0.00274624
0.000480592
-0.00425667
-0.0106417
-0.0165461
-0.018949
-0.0162715
-0.0091999
-0.000617904
0.00624769
0.00933721
0.00830737
0.0040507
-0.00144178
-0.00583576
-0.00700291
-0.00439398
0.000617904
0.00459995
0.00446264
-0.00068656
-0.00782678
-0.0126327
-0.0122894
-0.00727753
-0.000274624
0.00569845
0.0091999
0.0100238
0.0081014
0.00384473
-0.00116715
-0.00398205
-0.00267758
0.00144178
0.00425667
0.00212834
-0.00487457
-0.0131133
-0.0183311
-0.0185371
-0.0148983
-0.010573
-0.00865065
-0.00988646
-0.0122894
-0.0131819
-0.0116029
-0.00885662
-0.00665963
-0.00556113
-0.0051492
-0.00535517
-0.00665963
-0.00892528
-0.0113969
-0.0128387
-0.0124267
-0.0105044
-0.00796409
-0.00617904
-0.00521785
-0.0040507
-0.0017164
0.00178506
0.00528651
0.00755216
0.00837603
0.00892528
0.0105044
0.0124267
0.0114655
0.00508054
-0.00624769
-0.0185371
-0.0271191
-0.0289728
-0.023549
-0.0130446
-0.00212834
0.00370742
0.00164774
-0.00597307
-0.012976
-0.0137312
-0.00741484
0.00151043
0.00720888
0.00659097
0.00102984
-0.00604173
-0.0122894
-0.0168894
-0.0201162
-0.0219699
-0.0214893
-0.0181252
-0.0126327
-0.00707156
-0.00350145
-0.00260893
-0.00336414
-0.00432533
-0.00501189
-0.00638501
-0.00892528
-0.0120148
-0.0142804
-0.015173
-0.014761
-0.0137312
-0.012564
-0.0113282
-0.00933721
-0.00604173
-0.00192237
0.00137312
0.00219699
-0.000205968
-0.00473726
-0.00899393
-0.0106417
-0.00871931
-0.00432533
0.00034328
0.00308952
0.00240296
-0.00130446
-0.00521785
-0.00535517
0.000205968
0.00878796
0.0145551
0.0127014
0.0034328
-0.00768947
-0.0145551
-0.014761
-0.0102984
-0.00480592
-0.00102984
-0.000137312
-0.00178506
-0.00432533
-0.00528651
-0.00302086
0.00164774
0.00604173
0.00714022
0.0040507
-0.00192237
-0.00837603
-0.0124954
-0.0124267
-0.008582
-0.00308952
0.00151043
0.00411936
0.00542382
0.00611038
0.00617904
0.00425667
-0.00034328
-0.00720888
-0.0141431
-0.0185371
-0.0190177
-0.0162715
-0.01277
-0.010573
-0.0105044
-0.0114655
-0.0117402
-0.0098178
-0.00569845
-0.000549248
0.00425667
0.00755216
0.00899393
0.00940587
0.00988646
0.0105044
0.0098178
0.00624769
6.8656e-05
-0.00617904
-0.00995512
-0.0108476
-0.0104357
-0.0098178
-0.00871931
-0.00645366
-0.00350145
-0.00144178
-0.00178506
-0.0051492
-0.0107103
-0.0162715
-0.0197043
-0.019567
-0.0161342
-0.0111223
-0.0074835
-0.00727753
-0.00988646
-0.0123581
-0.0117402
-0.0074835
-0.00240296
0.000137312
-0.00116715
-0.00487457
-0.00789544
-0.0081014
-0.00590441
-0.00336414
-0.00240296
-0.00350145
-0.00638501
-0.0102297
-0.0137312
-0.0151043
-0.0133879
-0.00933721
-0.0051492
-0.00281489
-0.00308952
-0.00535517
-0.00851334
-0.0113969
-0.0133879
-0.014967
-0.0167521
-0.0188804
-0.0205968
-0.021146
-0.019567
-0.0156536
-0.00961184
-0.00288355
0.00226565
0.00370742
0.000205968
-0.00755216
-0.0170267
-0.0238923
-0.0240296
-0.0161342
-0.00370742
0.00727753
0.0116715
0.0081014
-0.000617904
-0.0100238
-0.0159282
-0.0166834
-0.0133879
-0.00933721
-0.00762081
-0.00878796
-0.010779
-0.0111909
-0.0102984
-0.0107103
-0.0144864
-0.0210087
-0.0271191
-0.0289728
-0.0247848
-0.0157909
-0.00617904
-0.000480592
-0.000617904
-0.00453129
-0.00871931
-0.0111223
-0.0119461
-0.012564
-0.0140745
-0.0166834
-0.019361
-0.0197043
-0.0162715
-0.0100924
-0.00432533
-0.00157909
-0.00281489
-0.00789544
-0.0155162
-0.0223132
-0.0241669
-0.0188804
-0.00899393
0
0.00281489
-0.00157909
-0.00940587
-0.0151043
-0.0155162
-0.0119461
-0.00823872
-0.00727753
-0.00906259
-0.0117402
-0.01277
-0.0112596
-0.00782678
-0.00411936
-0.00137312
-0.000274624
-0.00068656
-0.00192237
-0.00267758
-0.00178506
0.00068656
0.00281489
0.00178506
-0.00411936
-0.0137312
-0.0227938
-0.0263639
-0.0223818
-0.0130446
-0.00295221
0.00377608
0.00542382
0.00247161
-0.00322683
-0.00892528
-0.0124954
-0.0133193
-0.0119461
-0.00865065
-0.00425667
-0.0010985
-0.00192237
-0.00741484
-0.0146237
-0.0186058
-0.0158595
-0.00597307
0.00727753
0.0178506
0.0207341
0.0152416
0.00556113
-0.00295221
-0.00700291
-0.00652232
-0.00295221
0.00164774
0.00480592
0.00418801
-0.000755216
-0.00796409
-0.0142118
-0.01737
-0.0173013
-0.015173
-0.0124267
-0.00988646
-0.00775812
-0.00617904
-0.0057671
-0.0068656
-0.00837603
-0.00796409
-0.00384473
0.00281489
0.00878796
0.010573
0.00727753
0.000961184
-0.00439398
-0.00617904
-0.00487457
-0.00350145
-0.00521785
-0.0107103
-0.0176446
-0.0225878
-0.023549
-0.0209401
-0.0163401
-0.010573
-0.00391339
0.00274624
0.0074835
0.0091999
0.00837603
0.00617904
0.00281489
-0.00212834
-0.0081014
-0.012564
-0.0133193
-0.00968049
-0.00295221
0.00411936
0.00775812
0.00583576
-0.000617904
-0.00823872
-0.0140058
-0.0170953
-0.0175759
-0.0160655
-0.0130446
-0.0091999
-0.00487457
-0.000549248
0.00281489
0.00411936
0.00274624
-0.00068656
-0.00432533
-0.00631635
-0.00617904
-0.00501189
-0.00432533
-0.00508054
-0.00707156
-0.00961184
-0.0112596
-0.010573
-0.00707156
-0.00178506
0.00363877
0.00734619
0.0081014
0.00604173
0.00247161
-0.00116715
-0.00398205
-0.00549248
-0.00542382
-0.0040507
-0.00254027
-0.00247161
-0.00446264
-0.00762081
-0.0098178
-0.00988646
-0.00830737
-0.00659097
-0.00562979
-0.00501189
-0.00384473
-0.0017164
0.0010985
0.00391339
0.00542382
0.00453129
0.0010985
-0.00384473
-0.00844468
-0.0112596
-0.0117402
-0.0106417
-0.00865065
-0.0057671
-0.00205968
0.00102984
0.000755216
-0.00480592
-0.0137312
-0.0207341
-0.0214893
-0.0156536
-0.00693425
6.8656e-05
0.00260893
0.000549248
-0.00377608
-0.00700291
-0.0068656
-0.00288355
0.00357011
0.0100238
0.0135252
0.0118088
0.00425667
-0.00679694
-0.0164774
-0.019567
-0.0136625
-0.00212834
0.00817006
0.0113282
0.00583576
-0.00549248
-0.0181938
-0.0284236
-0.0335728
-0.0331608
-0.0284236
-0.0210087
-0.0120835
-0.00295221
0.00432533
0.0074835
0.00617904
0.00240296
-0.00123581
-0.00254027
-0.000411936
0.00439398
0.008582
0.00823872
0.00151043
-0.00961184
-0.0205281
-0.0273937
-0.0284922
-0.0243729
-0.0170953
-0.00947452
-0.00425667
-0.00350145
-0.00707156
-0.0121521
-0.0145551
-0.0124954
-0.00803275
-0.00487457
-0.00446264
-0.00549248
-0.00617904
-0.00672828
-0.00830737
-0.0108476
