LECROYHDO9204-MSöv,30454,Waveform
Segments,1,SegmentSize,2002
Ampl
-0.021146
-0.0192237
-0.0172326
-0.0153789
-0.0128387
-0.00892528
-0.00384473
0.00102984
0.00322683
0.000892528
-0.00508054
-0.0109163
-0.0127014
-0.00926856
-0.00329549
0.00116715
0.00178506
-0.000892528
-0.00453129
-0.00720888
-0.00878796
-0.0101611
-0.0123581
-0.014967
-0.0166147
-0.0157222
-0.0120835
-0.00782678
-0.00652232
-0.00995512
-0.0163401
-0.0208714
-0.0202535
-0.0144864
-0.00672828
-0.000549248
0.00157909
-0.000411936
-0.00411936
-0.00672828
-0.00659097
-0.00391339
0.000137312
0.00357011
0.00439398
0.00151043
-0.00411936
-0.0105044
-0.0164774
-0.0212834
-0.0232057
-0.0201162
-0.0120835
-0.00254027
0.00418801
0.00617904
0.00466861
0.00219699
0.000480592
-0.000137312
0.000137312
0.00144178
0.0034328
0.00425667
0.00137312
-0.00535517
-0.0128387
-0.0168207
-0.0161342
-0.0128387
-0.0104357
-0.010779
-0.0131133
-0.0153103
-0.014967
-0.0111909
-0.00521785
0.000549248
0.00357011
0.00254027
-0.00212834
-0.00782678
-0.0117402
-0.0123581
-0.0111223
-0.010573
-0.0119461
-0.0139372
-0.0145551
-0.0129073
-0.00974915
-0.00693425
-0.00679694
-0.0105044
-0.0162715
-0.0200475
-0.019155
-0.0142118
-0.00817006
-0.00398205
-0.00350145
-0.00714022
-0.0144864
-0.0239609
-0.0329549
-0.0382414
-0.0373488
-0.0304833
-0.021146
-0.0145551
-0.0146924
-0.021558
-0.0302773
-0.0332295
-0.02554
-0.0104357
-0.000205968
-0.0120835
-0.0637127
-0.167932
-0.326802
-0.525081
-0.730637
-0.905229
-1.02249
-1.07989
-1.09575
-1.09513
-1.0965
-1.10701
-1.12548
-1.14724
-1.1666
-1.1791
-1.18253
-1.17841
-1.17058
-1.16331
-1.15878
-1.15692
-1.15692
-1.15706
-1.15575
-1.15198
-1.14621
-1.13941
-1.13138
-1.12074
-1.10715
-1.09252
-1.08003
-1.07179
-1.06801
-1.06781
-1.06993
-1.07296
-1.07502
-1.07508
-1.07357
-1.07213
-1.07296
-1.07804
-1.08737
-1.09856
-1.10763
-1.11236
-1.11326
-1.11236
-1.1114
-1.11127
-1.11271
-1.11614
-1.12101
-1.12582
-1.12877
-1.12884
-1.1263
-1.12287
-1.12053
-1.12019
-1.12095
-1.11998
-1.1149
-1.10598
-1.09699
-1.09293
-1.09637
-1.10522
-1.11436
-1.11978
-1.12136
-1.12191
-1.12301
-1.12321
-1.11964
-1.11175
-1.10248
-1.09575
-1.09307
-1.0928
-1.09252
-1.09149
-1.0906
-1.09087
-1.09273
-1.0963
-1.10165
-1.10879
-1.11779
-1.12836
-1.13887
-1.14724
-1.15267
-1.15562
-1.1563
-1.15335
-1.1447
-1.12884
-1.10509
-1.07254
-1.03025
-0.979034
-0.921981
-0.862937
-0.804854
-0.748899
-0.695004
-0.642208
-0.589961
-0.5384
-0.488144
-0.439673
-0.393399
-0.34939
-0.307098
-0.266591
-0.228624
-0.194846
-0.166559
-0.144246
-0.127837
-0.116235
-0.108064
-0.102503
-0.0988646
-0.0956378
-0.0909005
-0.0841036
-0.0769633
-0.0717455
-0.0687246
-0.066253
-0.0628202
-0.0581516
-0.0536203
-0.0513547
-0.0524532
-0.0560919
-0.0591814
-0.0586322
-0.0537576
-0.0471667
-0.042498
-0.0416055
-0.0435965
-0.0457935
-0.0451756
-0.0413309
-0.0370742
-0.0358384
-0.0391339
-0.0453816
-0.0514233
-0.0540322
-0.0508741
-0.0416742
-0.0286982
-0.0160655
-0.00823872
-0.00817006
-0.014761
-0.0232057
-0.027737
-0.0260893
-0.0210774
-0.0175073
-0.0175073
-0.0190177
-0.0194296
-0.0188804
-0.0192923
-0.0219699
-0.025952
-0.0296594
-0.0320623
-0.0328862
-0.0319937
-0.0293848
-0.025952
-0.0227938
-0.0206654
-0.0192923
-0.0181252
-0.0165461
-0.0141431
-0.0113282
-0.00871931
-0.0074835
-0.00865065
-0.0120835
-0.0164774
-0.0208028
-0.0238923
-0.0245102
-0.0220386
-0.0175759
-0.0137998
-0.0123581
-0.0127014
-0.0129073
-0.0121521
-0.010779
-0.0100924
-0.0107103
-0.0124267
-0.0142118
-0.015173
-0.0163401
-0.0190177
-0.0228624
-0.0250594
-0.0228624
-0.0163401
-0.00892528
-0.00480592
-0.00645366
-0.0136625
-0.0234803
-0.0318564
-0.0357698
-0.0348086
-0.0312385
-0.0280116
-0.0271191
-0.0289042
-0.032131
-0.0346713
-0.0341907
-0.0291788
-0.0201162
-0.00940587
-6.8656e-05
0.00542382
0.00665963
0.00473726
0.00116715
-0.00377608
-0.00974915
-0.0157222
-0.019567
-0.0201849
-0.0175759
-0.0126327
-0.0074835
-0.00418801
-0.00336414
-0.0034328
-0.00254027
-0.000480592
0.0010985
0.000411936
-0.00281489
-0.0068656
-0.00954318
-0.0100238
-0.00906259
-0.00796409
-0.00700291
-0.00549248
-0.00302086
-0.000274624
0.00102984
-0.00137312
-0.00796409
-0.0170953
-0.0249908
-0.0285609
-0.0270505
-0.0218326
-0.0148297
-0.00789544
-0.00295221
-0.00205968
-0.00597307
-0.01277
-0.0185371
-0.0202535
-0.0175759
-0.0120835
-0.00521785
0.00192237
0.00775812
0.00961184
0.00583576
-0.00212834
-0.0098178
-0.012976
-0.0108476
-0.00631635
-0.00288355
-0.0017164
-0.00185371
-0.00199102
-0.00199102
-0.00212834
-0.00226565
-0.00157909
0.000411936
0.00308952
0.00508054
0.00480592
0.00192237
-0.00267758
-0.00727753
-0.0100238
-0.00906259
-0.00350145
0.0051492
0.0124954
0.0142118
0.00878796
-0.000892528
-0.00995512
-0.0144178
-0.0133879
-0.00947452
-0.00645366
-0.00624769
-0.00727753
-0.00700291
-0.00425667
-0.000411936
0.00151043
-0.000755216
-0.0068656
-0.0137998
-0.0174386
-0.0159282
-0.0100238
-0.00212834
0.00542382
0.0103671
0.0110536
0.00645366
-0.00199102
-0.0103671
-0.0140745
-0.0103671
-0.00068656
0.0100924
0.0160655
0.0144178
0.00617904
-0.00459995
-0.0133879
-0.0168894
-0.014761
-0.00926856
-0.00418801
-0.00178506
-0.00123581
0.000205968
0.00398205
0.00865065
0.0116715
0.0116715
0.00988646
0.00823872
0.00734619
0.00652232
0.00487457
0.00302086
0.00185371
0.000892528
-0.00192237
-0.00727753
-0.012976
-0.0154476
-0.0135252
-0.00961184
-0.00714022
-0.00782678
-0.0103671
-0.0113282
-0.00837603
-0.00199102
0.00411936
0.00611038
0.00295221
-0.00336414
-0.00995512
-0.0144864
-0.0155162
-0.0124954
-0.0057671
0.00281489
0.0102984
0.0133879
0.0102984
0.0023343
-0.00679694
-0.012564
-0.0128387
-0.0081014
-0.00130446
0.00377608
0.00398205
-0.000892528
-0.0081014
-0.0135939
-0.0151043
-0.0132506
-0.0102297
-0.00755216
-0.00569845
-0.00446264
-0.0034328
-0.00288355
-0.00357011
-0.00597307
-0.00947452
-0.012976
-0.015173
-0.0153103
-0.0124267
-0.00617904
0.00178506
0.00865065
0.0118775
0.0109163
0.00672828
0.000755216
-0.0057671
-0.0118775
-0.0164088
-0.0176446
-0.0146237
-0.00865065
-0.00302086
-0.000823872
-0.00247161
-0.00556113
-0.00700291
-0.00556113
-0.00302086
-0.0023343
-0.00459995
-0.00796409
-0.00899393
-0.00597307
-0.00068656
0.00322683
0.00350145
0.000480592
-0.00391339
-0.00830737
-0.0117402
-0.012976
-0.0106417
-0.00473726
0.00205968
0.00617904
0.00604173
0.00302086
-0.000274624
-0.00212834
-0.0023343
-0.00164774
-0.0010985
-0.00199102
-0.00480592
-0.00762081
-0.00693425
-0.00137312
0.00693425
0.0131819
0.0139372
0.00933721
0.00240296
-0.00391339
-0.00796409
-0.00988646
-0.0100238
-0.00837603
-0.0051492
-0.0017164
0.00034328
0.00034328
-0.000961184
-0.00281489
-0.00562979
-0.0098178
-0.0141431
-0.0160655
-0.0141431
-0.00940587
-0.00432533
-0.00116715
-0.000823872
-0.0023343
-0.00398205
-0.00487457
-0.00556113
-0.00679694
-0.00844468
-0.00954318
-0.00968049
-0.00940587
-0.00906259
-0.00837603
-0.00727753
-0.00645366
-0.00652232
-0.00817006
-0.0112596
-0.0145551
-0.0162028
-0.014967
-0.0118088
-0.00947452
-0.00933721
-0.0101611
-0.00974915
-0.00727753
-0.00453129
-0.00363877
-0.00501189
-0.00665963
-0.00597307
-0.00185371
0.00377608
0.00762081
0.00693425
0.00151043
-0.00611038
-0.0123581
-0.014761
-0.0135252
-0.0111223
-0.0102297
-0.0117402
-0.0144178
-0.0164088
-0.0162715
-0.0134566
-0.0081014
-0.0017164
0.00308952
0.00391339
0.000411936
-0.00487457
-0.00851334
-0.00789544
-0.00384473
6.8656e-05
6.8656e-05
-0.00398205
-0.00871931
-0.0105044
-0.0081014
-0.00329549
0.00130446
0.00391339
0.00418801
0.00336414
0.00288355
0.00295221
0.00295221
0.00212834
0.000137312
-0.00247161
-0.00501189
-0.00700291
-0.00803275
-0.00823872
-0.00707156
-0.00411936
0.000617904
0.00611038
0.010573
0.0120148
0.00968049
0.00398205
-0.00315817
-0.00974915
-0.0146924
-0.0175073
-0.0181938
-0.0167521
-0.0135939
-0.0098178
-0.00693425
-0.00638501
-0.00837603
-0.0109163
-0.0106417
-0.00562979
0.00274624
0.00988646
0.0113969
0.00590441
-0.0040507
-0.0132506
-0.0166834
-0.0126327
-0.00432533
0.00247161
0.00350145
-0.00102984
-0.0074835
-0.0118775
-0.01277
-0.0110536
-0.00830737
-0.00549248
-0.00267758
0.00034328
0.00350145
0.00617904
0.00789544
0.00837603
0.00762081
0.00562979
0.00240296
-0.00164774
-0.00508054
-0.00604173
-0.0040507
-0.000755216
0.000961184
-0.00034328
-0.00377608
-0.0068656
-0.0068656
-0.00308952
0.0023343
0.00562979
0.00391339
-0.00219699
-0.00906259
-0.01277
-0.0120835
-0.00878796
-0.00542382
-0.00384473
-0.00432533
-0.00604173
-0.00775812
-0.0091999
-0.0108476
-0.0122894
-0.0115342
-0.00665963
0.00102984
0.00768947
0.0098178
0.00782678
0.00466861
0.00260893
0.000892528
-0.00254027
-0.00844468
-0.0140745
-0.0153103
-0.0100924
-0.000823872
0.00782678
0.0120835
0.010573
0.00384473
-0.00597307
-0.0153103
-0.0208714
-0.0208714
-0.0162028
-0.00940587
-0.00322683
0.000137312
0
-0.00226565
-0.00411936
-0.00329549
0.000205968
0.00453129
0.00727753
0.00720888
0.00466861
0.000617904
-0.00411936
-0.00906259
-0.0130446
-0.0146924
-0.0136625
-0.0117402
-0.0113282
-0.012564
-0.012976
-0.0100924
-0.00425667
0.00151043
0.00377608
0.0010985
-0.00556113
-0.0131133
-0.0181938
-0.0188117
-0.0154476
-0.010573
-0.00693425
-0.00590441
-0.00679694
-0.00775812
-0.00693425
-0.00425667
-0.000823872
0.0017164
0.0023343
0.000755216
-0.00260893
-0.00645366
-0.00837603
-0.00679694
-0.00240296
0.00212834
0.00418801
0.00295221
-0.00068656
-0.00508054
-0.00926856
-0.0128387
-0.0158595
-0.0181252
-0.0192237
-0.0187431
-0.0165461
-0.0131133
-0.00940587
-0.00679694
-0.00631635
-0.00755216
-0.00871931
-0.00823872
-0.00624769
-0.00391339
-0.0017164
0.00034328
0.00185371
0.00205968
0.00068656
-0.0017164
-0.00418801
-0.00569845
-0.0057671
-0.00487457
-0.00418801
-0.00453129
-0.00569845
-0.00665963
-0.00720888
-0.00775812
-0.00878796
-0.0100924
-0.0114655
-0.0128387
-0.0138685
-0.0133879
-0.0105044
-0.00542382
-0.000274624
0.00240296
0.00130446
-0.00281489
-0.0074835
-0.0101611
-0.00940587
-0.00562979
-0.00034328
0.00487457
0.00871931
0.0100238
0.00755216
0.00151043
-0.00631635
-0.0130446
-0.0165461
-0.0164774
-0.0143491
-0.0120148
-0.0100238
-0.00775812
-0.00480592
-0.00212834
-0.00116715
-0.00267758
-0.00562979
-0.00789544
-0.0081014
-0.00645366
-0.00432533
-0.00288355
-0.00267758
-0.00363877
-0.00528651
-0.00638501
-0.00583576
-0.00391339
-0.00254027
-0.00308952
-0.00535517
-0.00803275
-0.00968049
-0.00940587
-0.00720888
-0.00521785
-0.00624769
-0.0109163
-0.0164774
-0.0188804
-0.0162028
-0.0098178
-0.00288355
0.00212834
0.00418801
0.00425667
0.0034328
0.00199102
-0.000755216
-0.0051492
-0.00988646
-0.01277
-0.0122208
-0.0091999
-0.00624769
-0.00453129
-0.00329549
-0.00151043
0.000755216
0.00199102
0.0010985
-0.00192237
-0.00604173
-0.0104357
-0.0148297
-0.0183998
-0.0194296
-0.0162715
-0.00899393
0.000205968
0.00762081
0.0100238
0.00679694
0.000274624
-0.00617904
-0.0108476
-0.0136625
-0.014967
-0.0144178
-0.0120835
-0.00926856
-0.0074835
-0.00768947
-0.00954318
-0.0119461
-0.0132506
-0.0123581
-0.00968049
-0.00720888
-0.00659097
-0.00830737
-0.0108476
-0.0120835
-0.0104357
-0.00645366
-0.00226565
-6.8656e-05
6.8656e-05
-0.000137312
0.000274624
0.000137312
-0.00226565
-0.00714022
-0.0128387
-0.0172326
-0.0190864
-0.0180565
-0.0148983
-0.0115342
-0.00933721
-0.00865065
-0.00844468
-0.00817006
-0.00803275
-0.00803275
-0.00789544
-0.00741484
-0.00755216
-0.00892528
-0.0109163
-0.0113282
-0.00878796
-0.0040507
0.000549248
0.00308952
0.00315817
0.00185371
0.000549248
-0.000274624
-0.00123581
-0.00336414
-0.0068656
-0.0101611
-0.010985
-0.00844468
-0.00357011
0.00157909
0.00542382
0.00734619
0.00714022
0.00494323
0.00123581
-0.00295221
-0.00631635
-0.00782678
-0.00700291
-0.00432533
-0.000823872
0.00192237
0.00247161
0.000480592
-0.00288355
-0.0057671
-0.00734619
-0.00830737
-0.0102297
-0.0135939
-0.0168894
-0.017164
-0.0124267
-0.0040507
0.00391339
0.00679694
0.00260893
-0.00665963
-0.0161342
-0.0206654
-0.0175759
-0.00803275
0.00398205
0.0131133
0.0157222
0.0116029
0.00377608
-0.00418801
-0.0100924
-0.0133879
-0.0142804
-0.0124954
-0.00851334
-0.00398205
-0.000961184
0
-0.000205968
-0.000823872
-0.00157909
-0.00219699
-0.00151043
0.00130446
0.00501189
0.00700291
0.00562979
0.00178506
-0.0017164
-0.00322683
-0.00370742
-0.00569845
-0.0106417
-0.0172326
-0.0223818
-0.0240296
-0.0221759
-0.0183998
-0.0141431
-0.0101611
-0.00672828
-0.00466861
-0.00535517
-0.00933721
-0.014967
-0.0187431
-0.0183311
-0.0145551
-0.0100238
-0.00659097
-0.00425667
-0.00212834
-0.000137312
0.00130446
0.00164774
0.00123581
0.000411936
-0.000274624
-0.000961184
-0.00199102
-0.00336414
-0.00446264
-0.00562979
-0.00796409
-0.0122894
-0.0176446
-0.021558
-0.0217639
-0.0183998
-0.0137312
-0.010779
-0.010573
-0.0120835
-0.0134566
-0.0132506
-0.010779
-0.00583576
0.000411936
0.00556113
0.0074835
0.00583576
0.00240296
-0.00068656
-0.00267758
-0.00446264
-0.00700291
-0.0100238
-0.012564
-0.0138685
-0.0144178
-0.0148983
-0.0150357
-0.0140058
-0.0113282
-0.00803275
-0.00521785
-0.00350145
-0.00281489
-0.00308952
-0.00418801
-0.00508054
-0.00453129
-0.00205968
0.000755216
0.00137312
-0.00157909
-0.00679694
-0.0108476
-0.0113969
-0.00940587
-0.00844468
-0.0113282
-0.016958
-0.021352
-0.0205968
-0.0142804
-0.00542382
0.00185371
0.00487457
0.00336414
-0.000823872
-0.00501189
-0.00672828
-0.00542382
-0.00212834
0.000823872
0.00137312
-0.00137312
-0.00631635
-0.0107103
-0.0122208
-0.0103671
-0.00734619
-0.00597307
-0.0081014
-0.0135939
-0.0205968
-0.0265012
-0.0289728
-0.0262952
-0.0185371
-0.00844468
-0.000755216
0.000755216
-0.00418801
-0.0120835
-0.0180565
-0.0194983
-0.0167521
-0.0121521
-0.008582
-0.00796409
-0.0100924
-0.0124267
-0.0122894
-0.00988646
-0.00782678
-0.00775812
-0.00906259
-0.0100924
-0.0102297
-0.00933721
-0.00741484
-0.00473726
-0.00274624
-0.00336414
-0.00727753
-0.0128387
-0.0173013
-0.0188117
-0.0180565
-0.0172326
-0.0177132
-0.0181938
-0.0168894
-0.0131133
-0.00865065
-0.00556113
-0.00425667
-0.00357011
-0.00219699
-0.00034328
0.00034328
-0.00199102
-0.00755216
-0.0140058
-0.0179879
-0.0179192
-0.0156536
-0.0146924
-0.0167521
-0.0203908
-0.0220386
-0.0192923
-0.012976
-0.00638501
-0.00274624
-0.00281489
-0.00501189
-0.00714022
-0.00823872
-0.00844468
-0.00762081
-0.00583576
-0.00336414
-0.00102984
0.000205968
-0.000411936
-0.00329549
-0.0081014
-0.0131133
-0.0156536
-0.0142804
-0.00961184
-0.0040507
-6.8656e-05
0.00137312
0.000755216
-0.000892528
-0.00377608
-0.008582
-0.0152416
-0.0221072
-0.0260893
-0.0251967
-0.0192923
-0.0107103
-0.00247161
0.00281489
0.00425667
0.0023343
-0.00192237
-0.00679694
-0.00968049
-0.00885662
-0.00487457
-0.00034328
0.00212834
0.00185371
-0.000549248
-0.00411936
-0.00830737
-0.0123581
-0.0153103
-0.0160655
-0.0142118
-0.0104357
-0.00583576
-0.0010985
0.00295221
0.00487457
0.00350145
-0.000823872
-0.00597307
-0.00954318
-0.0105044
-0.00988646
-0.00974915
-0.0116715
-0.015173
-0.0176446
-0.0163401
-0.010779
-0.00391339
0.000137312
-0.000961184
-0.00542382
-0.00844468
-0.00590441
0.00226565
0.0113969
0.0157222
0.0128387
0.00590441
0
-0.0023343
-0.00288355
-0.00459995
-0.00762081
-0.00940587
-0.00727753
-0.000961184
0.00665963
0.0114655
0.0111223
0.00659097
0.0010985
-0.00302086
-0.00549248
-0.00762081
-0.0104357
-0.0137312
-0.0162715
-0.0174386
-0.0174386
-0.0168894
-0.0152416
-0.0113969
-0.00556113
-6.8656e-05
0.00192237
-0.000274624
-0.00432533
-0.00755216
-0.00926856
-0.0100238
-0.0103671
-0.0105044
-0.010573
-0.0102984
-0.00954318
-0.0081014
-0.00590441
-0.00315817
-0.000274624
0.00130446
6.8656e-05
-0.00398205
-0.00871931
-0.0116715
-0.0114655
-0.00899393
-0.00590441
-0.00315817
-0.000549248
0.00219699
0.0040507
0.00302086
-0.00144178
-0.00720888
-0.010573
-0.00988646
-0.00659097
-0.00350145
-0.00226565
-0.00308952
-0.00535517
-0.00844468
-0.0111223
-0.0113969
-0.00768947
-0.000480592
0.00693425
0.0108476
0.0100924
0.00665963
0.00350145
0.00205968
0.00185371
0.00219699
0.00281489
0.00267758
0.00034328
-0.00432533
-0.00954318
-0.0137998
-0.016958
-0.0198416
-0.0225192
-0.0240982
-0.0236863
-0.0207341
-0.0157909
-0.0107103
-0.00796409
-0.00892528
-0.0131819
-0.0186744
-0.0232057
-0.0256773
-0.0261579
-0.0251967
-0.0228624
-0.0188117
-0.0134566
-0.00796409
-0.00425667
-0.00363877
-0.00665963
-0.0119461
-0.0170267
-0.0192923
-0.017164
-0.0113282
-0.00418801
0.0010985
0.00247161
-0.00034328
-0.00535517
-0.00913124
-0.00906259
-0.00556113
-0.00212834
-0.00199102
-0.00549248
-0.00940587
-0.0100238
-0.00638501
-0.00178506
-0.000823872
-0.00542382
-0.0133879
-0.0201162
-0.0223818
-0.019155
-0.0123581
-0.00494323
0.000617904
0.00350145
0.00418801
0.00302086
-0.000617904
-0.00707156
-0.0148983
-0.0203908
-0.0200475
-0.0133879
-0.00357011
0.00377608
0.00459995
-0.000892528
-0.00871931
-0.0140745
-0.0144864
-0.010985
-0.00659097
-0.00398205
-0.00398205
-0.00542382
-0.00700291
-0.00844468
-0.0105044
-0.01277
-0.0135939
-0.0112596
-0.00631635
-0.00151043
-0.000137312
-0.00329549
-0.00933721
-0.0148983
-0.0174386
-0.0164774
-0.0138685
-0.0116029
-0.0104357
-0.00933721
-0.00714022
-0.00418801
-0.00240296
-0.00350145
-0.00755216
-0.0123581
-0.0150357
-0.0138685
-0.00940587
-0.00370742
0.000823872
0.00281489
0.00226565
0.000205968
-0.0017164
-0.00308952
-0.00473726
-0.00762081
-0.010779
-0.0122894
-0.0105044
-0.00604173
-0.00116715
0.00247161
0.00446264
0.00549248
0.00638501
0.00734619
0.00782678
0.00679694
0.00329549
-0.00302086
-0.0115342
-0.0206654
-0.0276684
-0.03014
-0.0270505
-0.0194296
-0.0100924
-0.00212834
0.00240296
0.00357011
0.00315817
0.0034328
0.00535517
0.00789544
0.00926856
0.00803275
0.00315817
-0.00459995
-0.0123581
-0.0159968
-0.0129073
-0.00473726
0.00363877
0.00714022
0.00418801
-0.00281489
-0.00947452
-0.0124267
-0.010573
-0.00487457
0.00267758
0.00954318
0.0133193
0.0127014
0.00837603
0.00260893
-0.00240296
-0.0057671
-0.00789544
-0.00988646
-0.0120148
-0.0138685
-0.0142804
-0.0130446
-0.0118775
-0.0132506
-0.0170267
-0.0192923
-0.0161342
-0.0074835
0.00185371
0.00624769
0.00322683
-0.00480592
-0.0131133
-0.0183311
-0.0199789
-0.019361
-0.0177819
-0.0153789
-0.0122208
-0.00837603
-0.00453129
-0.00192237
-0.00192237
-0.0051492
-0.0107103
-0.0165461
-0.0208714
-0.0232744
-0.023755
-0.0219013
-0.0175759
-0.0114655
-0.00494323
0.00068656
0.00473726
0.00714022
0.00734619
0.00494323
0.000411936
-0.00459995
-0.00789544
-0.00796409
-0.00459995
0.0010985
0.00652232
0.00823872
0.00439398
-0.00350145
-0.010985
-0.0136625
-0.0104357
-0.00432533
0.000137312
0.000549248
-0.00260893
-0.00727753
-0.0116715
-0.0145551
-0.0145551
-0.0104357
-0.00322683
0.00350145
0.00487457
-0.000961184
-0.010573
-0.0182625
-0.0205281
-0.0177132
-0.0120835
-0.00638501
-0.00302086
-0.00350145
-0.00693425
-0.0100924
-0.00947452
-0.00418801
0.00281489
0.00665963
0.00432533
-0.00350145
-0.0132506
-0.0208714
-0.023755
-0.0216266
-0.0164774
-0.0112596
-0.00789544
-0.00665963
-0.00707156
-0.00878796
-0.0111223
-0.0128387
-0.012976
-0.0120835
-0.0117402
-0.0128387
-0.0140058
-0.01277
-0.00830737
-0.00288355
0.000411936
0.000137312
-0.0023343
-0.00453129
-0.00535517
-0.0051492
-0.00418801
-0.00267758
-0.00102984
-0.000274624
-0.00123581
-0.00363877
-0.00562979
-0.00562979
-0.00336414
0.000274624
0.00446264
0.00830737
0.010573
0.0098178
0.00597307
0.00130446
-0.00151043
-0.00219699
-0.00302086
-0.00569845
-0.0091999
-0.0105044
-0.00734619
-0.000549248
0.00597307
0.00775812
0.00247161
-0.00796409
-0.0181938
-0.0228624
-0.0203908
-0.01277
-0.0040507
0.00260893
0.0051492
0.00329549
-0.00157909
-0.00665963
-0.00899393
-0.0074835
-0.00315817
0.00212834
0.00672828
0.00961184
0.00947452
0.00542382
-0.00199102
-0.0101611
-0.0159282
-0.016958
-0.0137312
-0.00974915
-0.00906259
-0.0127014
-0.0180565
-0.0208028
-0.018949
-0.0133193
-0.00665963
-0.00116715
0.00137312
0.000411936
-0.00295221
-0.00659097
-0.00878796
-0.00947452
-0.00974915
-0.010779
-0.0135252
-0.0179192
-0.0224505
-0.0244415
-0.0216953
-0.0143491
-0.00542382
0.00116715
0.00274624
0.000274624
-0.00274624
-0.00274624
0.00068656
0.00528651
0.00823872
0.00892528
0.00755216
0.00418801
-0.00164774
-0.00906259
-0.0155849
-0.0182625
-0.0153789
-0.00789544
0.000617904
0.00535517
0.00329549
-0.00459995
-0.0135939
-0.0180565
-0.0148297
-0.00459995
0.008582
0.0196356
0.0251281
0.0243729
0.0188117
0.0111223
0.00363877
-0.0023343
-0.00659097
-0.00954318
-0.0111909
-0.0112596
-0.0100238
-0.0081014
-0.00604173
-0.00377608
-0.0010985
0.00254027
0.0068656
0.0105044
0.0108476
0.00665963
-0.00034328
-0.00597307
-0.00665963
-0.00226565
0.0040507
0.00782678
0.00590441
-0.00130446
-0.0105044
-0.0175759
-0.0200475
-0.0179879
-0.0133879
-0.008582
-0.0051492
-0.00377608
-0.00398205
-0.00494323
-0.00583576
-0.00659097
-0.00768947
-0.00913124
-0.0101611
-0.0106417
-0.0112596
-0.0129073
-0.015173
-0.0165461
-0.0160655
-0.0135939
-0.00968049
-0.00473726
0.00034328
0.00398205
0.00453129
0.00151043
-0.00370742
-0.00865065
-0.0108476
-0.00961184
-0.00590441
-0.00205968
0.000137312
0.000755216
0.000961184
0.00144178
0.00192237
0.00123581
-0.000961184
-0.00398205
-0.00659097
-0.00830737
-0.00947452
-0.0104357
-0.0109163
-0.0109163
-0.0106417
-0.010779
-0.0111909
-0.0107103
-0.00803275
-0.00384473
-0.00034328
0.00068656
-0.00068656
-0.00274624
-0.00377608
-0.00336414
-0.00240296
-0.00185371
-0.00212834
-0.00308952
-0.00439398
-0.00535517
-0.00453129
-0.00137312
0.00322683
0.00645366
0.00583576
0.000892528
-0.00624769
-0.0122894
-0.014761
-0.0135252
-0.0104357
-0.00782678
-0.00665963
-0.00652232
-0.00611038
-0.00501189
-0.00391339
-0.00329549
-0.00315817
-0.00281489
-0.00247161
-0.00288355
-0.00418801
-0.00521785
-0.00473726
-0.00226565
0.00130446
0.00398205
0.00391339
-0.000205968
-0.00768947
-0.0160655
-0.0221072
-0.0238923
-0.0216953
-0.0183311
-0.0163401
-0.0162715
-0.0163401
-0.0146924
-0.0111223
-0.00693425
-0.0034328
-0.00144178
-0.00137312
-0.00308952
-0.0057671
-0.00789544
-0.008582
-0.00775812
-0.00624769
-0.00459995
-0.00281489
-0.000892528
0.000549248
0.000755216
-0.00068656
-0.0034328
-0.0068656
-0.0107103
-0.0144864
-0.0170953
-0.0170267
-0.0139372
-0.00940587
-0.00597307
-0.00459995
-0.00411936
-0.00260893
-0.000411936
6.8656e-05
-0.00329549
-0.00988646
-0.0159968
-0.0181252
-0.0157909
-0.0116715
-0.008582
-0.00727753
-0.00665963
-0.00590441
-0.00466861
-0.00281489
-0.00034328
0.00185371
0.00254027
0.000892528
-0.00274624
-0.00720888
-0.0115342
-0.0148983
-0.0170953
-0.0190177
-0.0216266
-0.0245788
-0.0253341
-0.0210087
-0.0113282
0.000411936
0.00913124
0.0110536
0.00590441
-0.00295221
-0.0103671
-0.012564
-0.00988646
-0.00569845
-0.00357011
-0.00439398
-0.00617904
-0.00604173
-0.00315817
0.000411936
0.00137312
-0.00205968
-0.00844468
-0.0138685
-0.0141431
-0.00817006
0.00144178
0.00947452
0.0116715
0.00714022
-0.00123581
-0.00954318
-0.014967
