LECROYHDO9204-MSöv,30454,Waveform
Segments,1,SegmentSize,2002
Ampl
0.00624769
0.00185371
-0.0034328
-0.00562979
-0.00432533
-0.0023343
-0.00219699
-0.00459995
-0.00865065
-0.0126327
-0.0150357
-0.0154476
-0.0142804
-0.0121521
-0.00940587
-0.00590441
-0.00116715
0.00480592
0.010779
0.0142118
0.0133879
0.0091999
0.00501189
0.00363877
0.00535517
0.0074835
0.00707156
0.00274624
-0.00466861
-0.0124954
-0.0178506
-0.0188117
-0.0148297
-0.00768947
-0.000617904
0.00254027
-0.00034328
-0.00851334
-0.018949
-0.0276684
-0.0317877
-0.0306892
-0.0260893
-0.0208028
-0.0175073
-0.0170267
-0.0186058
-0.021146
-0.0232744
-0.0239609
-0.0222445
-0.0186058
-0.0150357
-0.0135939
-0.0146237
-0.0159282
-0.0148297
-0.00940587
-0.000617904
0.00837603
0.0140745
0.0146237
0.0103671
0.00322683
-0.00370742
-0.00693425
-0.00473726
0.000823872
0.00521785
0.00528651
0.0017164
-0.00219699
-0.00391339
-0.00370742
-0.00336414
-0.0040507
-0.00535517
-0.0057671
-0.00439398
-0.00185371
-0.000274624
-0.00123581
-0.00508054
-0.0104357
-0.015173
-0.0176446
-0.0181938
-0.0185371
-0.0198416
-0.0210087
-0.0198416
-0.0156536
-0.010779
-0.00892528
-0.0118088
-0.0175759
-0.0220386
-0.0221759
-0.018949
-0.0166147
-0.0184685
-0.0243729
-0.0302773
-0.0324056
-0.0296594
-0.0240296
-0.018949
-0.0163401
-0.0162715
-0.0174386
-0.0194983
-0.0225878
-0.0252654
-0.0234803
-0.0146924
-0.00199102
0.00377608
-0.0142804
-0.0749723
-0.192649
-0.368202
-0.581585
-0.794006
-0.963381
-1.06465
-1.10069
-1.09719
-1.08552
-1.08703
-1.10653
-1.1355
-1.16056
-1.17278
-1.17127
-1.16214
-1.15342
-1.15033
-1.15335
-1.15939
-1.16489
-1.16791
-1.16846
-1.16653
-1.16138
-1.15198
-1.13893
-1.12534
-1.11436
-1.10667
-1.09911
-1.08779
-1.07165
-1.05414
-1.04172
-1.03856
-1.04412
-1.05414
-1.06334
-1.06884
-1.07124
-1.07378
-1.07996
-1.0906
-1.1033
-1.11477
-1.12335
-1.12939
-1.13385
-1.13701
-1.13818
-1.13605
-1.13035
-1.12266
-1.11621
-1.11401
-1.11696
-1.12335
-1.13035
-1.13495
-1.13557
-1.13262
-1.12788
-1.1228
-1.11813
-1.11449
-1.11284
-1.11394
-1.11731
-1.12108
-1.12294
-1.12184
-1.11827
-1.11367
-1.10955
-1.10708
-1.10646
-1.1066
-1.10522
-1.10165
-1.09774
-1.09589
-1.09623
-1.09685
-1.09657
-1.09589
-1.0963
-1.09884
-1.1044
-1.11326
-1.12472
-1.13681
-1.14731
-1.15438
-1.15665
-1.15308
-1.14381
-1.12953
-1.10948
-1.08071
-1.04055
-0.990156
-0.93427
-0.878453
-0.826069
-0.777254
-0.7305
-0.684019
-0.636578
-0.587215
-0.535036
-0.479631
-0.421754
-0.363533
-0.30751
-0.257117
-0.21558
-0.183998
-0.16038
-0.141569
-0.12619
-0.114312
-0.106073
-0.100444
-0.096393
-0.0937154
-0.0928229
-0.0928229
-0.0911751
-0.0852707
-0.0740798
-0.0604173
-0.049089
-0.0440771
-0.044695
-0.047304
-0.0486771
-0.0484711
-0.0483338
-0.0490204
-0.0499129
-0.0501189
-0.0497069
-0.049089
-0.0482651
-0.0472353
-0.0460682
-0.0451756
-0.044901
-0.0453129
-0.0457249
-0.0453129
-0.04291
-0.0384473
-0.0330922
-0.0291788
-0.0286295
-0.0309638
-0.0334355
-0.0326802
-0.0270505
-0.0185371
-0.0112596
-0.00851334
-0.0107103
-0.0156536
-0.0207341
-0.0246475
-0.0268445
-0.0274624
-0.0267072
-0.0247848
-0.0216953
-0.0172326
-0.0116715
-0.00659097
-0.00494323
-0.00940587
-0.0197043
-0.031925
-0.040507
-0.0415369
-0.0350832
-0.0261579
-0.021146
-0.0227938
-0.0280803
-0.0311698
-0.0282863
-0.0201162
-0.0108476
-0.00466861
-0.00322683
-0.00562979
-0.00933721
-0.0122894
-0.0142118
-0.0159282
-0.0179879
-0.0202535
-0.0223132
-0.0241669
-0.0256087
-0.025952
-0.0247848
-0.0229997
-0.0221072
-0.0231371
-0.0256773
-0.0286295
-0.0308952
-0.0313758
-0.0288355
-0.0225192
-0.0130446
-0.00384473
0.000892528
-0.00116715
-0.00906259
-0.0196356
-0.0287669
-0.0332981
-0.0321996
-0.0273937
-0.0223818
-0.019567
-0.0183311
-0.0164774
-0.0127014
-0.00865065
-0.00707156
-0.00940587
-0.0136625
-0.0162028
-0.0142804
-0.00885662
-0.00411936
-0.00350145
-0.00652232
-0.00940587
-0.00913124
-0.00556113
-0.000755216
0.00288355
0.00377608
0.00164774
-0.0023343
-0.00679694
-0.0111223
-0.0151043
-0.0183311
-0.0202535
-0.0204595
-0.0187431
-0.0154476
-0.0111223
-0.00707156
-0.00411936
-0.00240296
-0.00123581
-0.000137312
0.000480592
-0.000411936
-0.00302086
-0.00700291
-0.0115342
-0.0163401
-0.0209401
-0.0243729
-0.0251281
-0.0223818
-0.017164
-0.0120148
-0.00865065
-0.00741484
-0.00741484
-0.00817006
-0.0100924
-0.0136625
-0.0184685
-0.0228624
-0.0246475
-0.0227251
-0.0180565
-0.0132506
-0.0113282
-0.012976
-0.0157222
-0.0157222
-0.0110536
-0.00302086
0.00494323
0.00968049
0.0103671
0.00817006
0.00542382
0.00329549
0.00137312
-0.00137312
-0.00466861
-0.0074835
-0.00844468
-0.00679694
-0.00274624
0.00240296
0.00672828
0.00906259
0.0091999
0.00741484
0.0040507
-0.000755216
-0.00707156
-0.0140058
-0.019155
-0.0199102
-0.0162715
-0.0118088
-0.010779
-0.0139372
-0.0176446
-0.0172326
-0.010779
-0.00123581
0.00569845
0.00535517
-0.00288355
-0.0152416
-0.0258833
-0.0310325
-0.0293848
-0.0221072
-0.0111223
0.00034328
0.00885662
0.0122894
0.0106417
0.00549248
-0.000617904
-0.00521785
-0.00720888
-0.00755216
-0.00762081
-0.00741484
-0.00569845
-0.00219699
0.000823872
6.8656e-05
-0.00501189
-0.010985
-0.0131819
-0.00988646
-0.00398205
-0.000274624
-0.00178506
-0.00789544
-0.0165461
-0.0252654
-0.0313071
-0.0320623
-0.0267758
-0.0180565
-0.0101611
-0.0057671
-0.00432533
-0.00418801
-0.00535517
-0.0091999
-0.0159968
-0.0230684
-0.025952
-0.0219699
-0.0129073
-0.00411936
-0.000549248
-0.00281489
-0.00789544
-0.0120148
-0.0131819
-0.0111909
-0.00762081
-0.0051492
-0.00597307
-0.00995512
-0.0142118
-0.0155849
-0.0137312
-0.0108476
-0.00940587
-0.0098178
-0.0101611
-0.0081014
-0.00315817
0.00281489
0.00659097
0.00672828
0.00377608
-0.000755216
-0.00590441
-0.0113969
-0.0170953
-0.021352
-0.0219013
-0.0175759
-0.0103671
-0.00377608
6.8656e-05
0.0023343
0.00501189
0.00844468
0.0109163
0.0101611
0.00569845
-0.00034328
-0.00466861
-0.00501189
-0.00219699
0.00068656
0.000480592
-0.00370742
-0.0102984
-0.0162028
-0.0187431
-0.0173013
-0.0138685
-0.0107103
-0.00878796
-0.00734619
-0.00521785
-0.00274624
-0.000755216
0.000823872
0.00302086
0.00597307
0.0081014
0.00796409
0.0057671
0.0034328
0.00199102
0.000274624
-0.00384473
-0.0105044
-0.0175759
-0.0221072
-0.0225192
-0.0194296
-0.0139372
-0.00624769
0.00322683
0.0121521
0.0164088
0.0128387
0.00247161
-0.00974915
-0.0177132
-0.0186744
-0.0144864
-0.00968049
-0.00775812
-0.0091999
-0.0120835
-0.0141431
-0.0139372
-0.0111223
-0.00679694
-0.00336414
-0.00322683
-0.00727753
-0.0134566
-0.0180565
-0.0178506
-0.0127014
-0.00549248
-0.000549248
-0.000411936
-0.00487457
-0.0111909
-0.0159282
-0.0159968
-0.0102297
-0.000892528
0.0074835
0.0105044
0.00714022
-0.000205968
-0.00755216
-0.0120148
-0.0122208
-0.00844468
-0.00302086
0.000549248
0
-0.00432533
-0.00988646
-0.0137312
-0.0141431
-0.010779
-0.00521785
0
0.00226565
0.000617904
-0.00398205
-0.00892528
-0.0114655
-0.0100924
-0.00569845
-0.000411936
0.00377608
0.00549248
0.00391339
-0.0010985
-0.00851334
-0.0157909
-0.0203222
-0.0206654
-0.0179192
-0.0148983
-0.0143491
-0.0163401
-0.0185371
-0.0178506
-0.0133879
-0.0068656
-0.00151043
0.000137312
-0.00267758
-0.00837603
-0.0140745
-0.0168894
-0.0160655
-0.0127014
-0.00871931
-0.00583576
-0.00432533
-0.00336414
-0.00151043
0.00144178
0.0040507
0.00418801
0.00116715
-0.00391339
-0.00844468
-0.0101611
-0.0081014
-0.00302086
0.00226565
0.00487457
0.00391339
0.00116715
-0.00123581
-0.00295221
-0.00528651
-0.00926856
-0.0135252
-0.0154476
-0.012976
-0.0068656
0.000205968
0.00521785
0.00631635
0.00308952
-0.00308952
-0.00947452
-0.0133193
-0.0131133
-0.00961184
-0.00480592
-0.00034328
0.0023343
0.00267758
0.00137312
0.000137312
0.000617904
0.00254027
0.00398205
0.00295221
-0.00137312
-0.00741484
-0.0121521
-0.01277
-0.00844468
-0.000961184
0.00672828
0.0121521
0.0138685
0.0113969
0.00542382
-0.0017164
-0.00672828
-0.00755216
-0.00439398
0.000617904
0.00459995
0.00528651
0.00144178
-0.00549248
-0.0122208
-0.0146924
-0.0109163
-0.00205968
0.00803275
0.0153103
0.0180565
0.0168894
0.01277
0.00679694
0.000892528
-0.00185371
0.00034328
0.00542382
0.008582
0.00604173
-0.00185371
-0.0111909
-0.0179879
-0.0208714
-0.0209401
-0.0194983
-0.0173013
-0.0144178
-0.0111909
-0.00837603
-0.00679694
-0.00714022
-0.00913124
-0.0116715
-0.0133193
-0.0134566
-0.0131133
-0.0137312
-0.0154476
-0.0170267
-0.0166834
-0.0136625
-0.008582
-0.00308952
0.000755216
0.00185371
0.000755216
-0.000549248
-0.000549248
0.000480592
0.00130446
0.00157909
0.00219699
0.00357011
0.00473726
0.00370742
-0.000205968
-0.00562979
-0.00954318
-0.00947452
-0.00528651
0.000274624
0.00384473
0.00350145
0
-0.00391339
-0.00542382
-0.0040507
-0.00144178
0.000205968
-0.000205968
-0.00260893
-0.00624769
-0.00988646
-0.0118088
-0.010985
-0.00720888
-0.00164774
0.00357011
0.00659097
0.00631635
0.00357011
0.00034328
-0.00164774
-0.00164774
-0.00034328
0.00102984
0.00151043
0.000549248
-0.0023343
-0.00714022
-0.0122208
-0.0142804
-0.0111223
-0.00391339
0.00322683
0.00645366
0.00480592
-6.8656e-05
-0.0057671
-0.010573
-0.0140745
-0.0164774
-0.0175759
-0.0166834
-0.0137312
-0.00947452
-0.00501189
-0.00144178
0.000549248
0.00068656
-0.000823872
-0.00302086
-0.00425667
-0.00384473
-0.00274624
-0.00260893
-0.00398205
-0.00583576
-0.00645366
-0.00453129
-0.00068656
0.00308952
0.00398205
0.00068656
-0.00562979
-0.0117402
-0.0146237
-0.0127014
-0.00714022
-0.00068656
0.00329549
0.00260893
-0.00254027
-0.00885662
-0.0116715
-0.00755216
0.00226565
0.0126327
0.0177819
0.0155849
0.00865065
0.00192237
-0.000961184
-0.00034328
0.00034328
-0.00185371
-0.00679694
-0.0121521
-0.0153789
-0.0157909
-0.0145551
-0.0134566
-0.0131133
-0.0124267
-0.00988646
-0.00549248
-0.000755216
0.0023343
0.00308952
0.0023343
0.00137312
0.000961184
0.000892528
0.000274624
-0.00192237
-0.00590441
-0.0100924
-0.0113969
-0.00789544
-0.000961184
0.00542382
0.00768947
0.00487457
-0.000892528
-0.00617904
-0.00844468
-0.00741484
-0.00459995
-0.00157909
0.00068656
0.00116715
-0.000755216
-0.00439398
-0.00720888
-0.0068656
-0.00350145
0.000411936
0.00295221
0.00384473
0.00357011
0.00226565
-0.000617904
-0.00508054
-0.0100238
-0.0133879
-0.0137312
-0.010779
-0.00604173
-0.00192237
-0.00034328
-0.0023343
-0.00693425
-0.0113969
-0.0118775
-0.0068656
0.00157909
0.00892528
0.0118775
0.00940587
0.00302086
-0.00391339
-0.008582
-0.00995512
-0.00899393
-0.00665963
-0.00336414
0.000137312
0.0017164
-0.000961184
-0.00796409
-0.0158595
-0.0194983
-0.0153103
-0.00446264
0.0068656
0.0116715
0.00768947
-0.00123581
-0.00906259
-0.0118088
-0.00947452
-0.00459995
6.8656e-05
0.0034328
0.00604173
0.00817006
0.00878796
0.00659097
0.00226565
-0.00123581
-0.00123581
0.0023343
0.00707156
0.0098178
0.00837603
0.00295221
-0.00350145
-0.00652232
-0.00384473
0.00212834
0.00659097
0.00645366
0.00295221
0
0.000411936
0.00350145
0.00679694
0.0081014
0.00679694
0.00322683
-0.00144178
-0.00556113
-0.00741484
-0.00617904
-0.0023343
0.00240296
0.00604173
0.00714022
0.0057671
0.00357011
0.00254027
0.00329549
0.00391339
0.0017164
-0.00432533
-0.0127014
-0.0199102
-0.0228624
-0.0201849
-0.012976
-0.00363877
0.0051492
0.0113969
0.0131133
0.00974915
0.00295221
-0.00363877
-0.00665963
-0.00542382
-0.00185371
0.00116715
0.00205968
0.00116715
-0.000137312
-0.000892528
-0.000961184
-0.000823872
-0.00130446
-0.00363877
-0.00913124
-0.0170267
-0.0238236
-0.02554
-0.0205281
-0.0110536
-0.00144178
0.00480592
0.00659097
0.00473726
0.00068656
-0.00501189
-0.0119461
-0.0177819
-0.0185371
-0.0118775
-0.00034328
0.00926856
0.010779
0.00384473
-0.00624769
-0.0131133
-0.0131133
-0.00714022
0.00102984
0.0074835
0.00961184
0.00762081
0.0034328
-0.00034328
-0.00226565
-0.0023343
-0.00192237
-0.00240296
-0.00363877
-0.0040507
-0.00226565
0.0010985
0.00377608
0.00418801
0.0023343
-0.0010985
-0.00549248
-0.00974915
-0.0126327
-0.0131819
-0.0116715
-0.00913124
-0.00611038
-0.00192237
0.00322683
0.00789544
0.00995512
0.00851334
0.00411936
-0.00130446
-0.00631635
-0.0102297
-0.0131133
-0.0144178
-0.0131133
-0.00913124
-0.00439398
-0.00219699
-0.00398205
-0.00775812
-0.00995512
-0.00830737
-0.00357011
0.00137312
0.00446264
0.00549248
0.00494323
0.00302086
0.000549248
-0.000892528
-0.000205968
0.00185371
0.00281489
0.00116715
-0.00267758
-0.00665963
-0.00954318
-0.0110536
-0.0113969
-0.0104357
-0.00803275
-0.00432533
0.000205968
0.00480592
0.00878796
0.0118775
0.0135939
0.0135252
0.0109163
0.00562979
-0.00157909
-0.00871931
-0.0133879
-0.0135939
-0.00968049
-0.00370742
0.00199102
0.00638501
0.00954318
0.010779
0.00851334
0.00240296
-0.0051492
-0.0102297
-0.0101611
-0.00535517
0.00178506
0.00768947
0.00885662
0.00384473
-0.00535517
-0.0139372
-0.0176446
-0.0153103
-0.00988646
-0.00562979
-0.00562979
-0.0091999
-0.0133193
-0.0153789
-0.0146237
-0.0120148
-0.00940587
-0.00803275
-0.0081014
-0.00837603
-0.00768947
-0.00597307
-0.0040507
-0.00267758
-0.00212834
-0.00260893
-0.00446264
-0.00762081
-0.0111223
-0.0133879
-0.01277
-0.00913124
-0.00446264
-0.00144178
-0.00205968
-0.00672828
-0.0135939
-0.0190864
-0.0192237
-0.0128387
-0.00247161
0.00659097
0.0102984
0.00803275
0.00192237
-0.00562979
-0.0133879
-0.019567
-0.0214893
-0.016958
-0.00693425
0.00425667
0.0117402
0.0133193
0.00961184
0.00260893
-0.00583576
-0.0138685
-0.0190864
-0.0192923
-0.0137998
-0.00453129
0.00473726
0.0107103
0.0118775
0.00817006
0.00034328
-0.00988646
-0.0194296
-0.0245788
-0.0230684
-0.0152416
-0.00425667
0.00494323
0.008582
0.00617904
0.000549248
-0.00501189
-0.00844468
-0.00961184
-0.00899393
-0.0068656
-0.00370742
6.8656e-05
0.00329549
0.00466861
0.00357011
0.000480592
-0.00377608
-0.00871931
-0.0133193
-0.0157909
-0.0142804
-0.00878796
-0.00199102
0.00212834
0.00123581
-0.00439398
-0.0116029
-0.0166147
-0.0177819
-0.0157909
-0.0124954
-0.00892528
-0.0051492
-0.00137312
0.00102984
0.00102984
-0.00151043
-0.00562979
-0.0102297
-0.0140745
-0.0158595
-0.0144178
-0.00954318
-0.00219699
0.00521785
0.00871931
0.00556113
-0.00363877
-0.014761
-0.0225878
-0.0240982
-0.0194983
-0.0115342
-0.00357011
0.00185371
0.00418801
0.00418801
0.00308952
0.00226565
0.00281489
0.00487457
0.00672828
0.00624769
0.00288355
-0.0023343
-0.00768947
-0.0113282
-0.0120835
-0.0101611
-0.00768947
-0.00679694
-0.00762081
-0.00837603
-0.00755216
-0.00542382
-0.00350145
-0.00267758
-0.00315817
-0.00480592
-0.00727753
-0.00933721
-0.00933721
-0.00645366
-0.00199102
0.00151043
0.00205968
-0.000549248
-0.00459995
-0.00768947
-0.00851334
-0.00652232
-0.00219699
0.00302086
0.00631635
0.00569845
0.00199102
-0.00199102
-0.00411936
-0.0051492
-0.00734619
-0.0124267
-0.0197043
-0.025952
-0.0280803
-0.0250594
-0.0188117
-0.0122208
-0.00700291
-0.00363877
-0.00212834
-0.00260893
-0.00453129
-0.00693425
-0.00885662
-0.0098178
-0.0091999
-0.00604173
0
0.00741484
0.0136625
0.0164088
0.0152416
0.0111223
0.0057671
0.00034328
-0.0040507
-0.00611038
-0.00425667
0.00157909
0.00885662
0.0139372
0.0140058
0.00865065
-0.000411936
-0.00913124
-0.0139372
-0.0132506
-0.00885662
-0.00357011
0.000755216
0.00363877
0.00473726
0.00350145
-6.8656e-05
-0.00480592
-0.00844468
-0.00899393
-0.00583576
-0.000961184
0.00288355
0.00425667
0.00398205
0.00363877
0.00439398
0.00542382
0.00480592
0.000961184
-0.00521785
-0.0105044
-0.0112596
-0.0068656
-0.000411936
0.00363877
0.00267758
-0.00267758
-0.00974915
-0.015173
-0.0166147
-0.0133879
-0.00720888
-0.00137312
0.00151043
0.00116715
-0.00068656
-0.00185371
-0.000961184
0.00157909
0.0040507
0.00501189
0.00398205
0.00185371
-0.00034328
-0.00219699
-0.00411936
-0.00679694
-0.00995512
-0.0120835
-0.0113969
-0.00796409
-0.00473726
-0.0051492
-0.00940587
-0.0142118
-0.0157909
-0.0134566
-0.00954318
-0.00700291
-0.00720888
-0.00906259
-0.0098178
-0.00714022
-0.000892528
0.00597307
0.00988646
0.0091999
0.00556113
0.00199102
0.000549248
0.000961184
0.00157909
0.00116715
0
-0.000755216
-0.000205968
0.00212834
0.00521785
0.00727753
0.00631635
0.00185371
-0.00418801
-0.00871931
-0.0101611
-0.00954318
-0.00926856
-0.0113282
-0.015173
-0.0177132
-0.0157909
-0.0091999
-0.00199102
0.000961184
-0.00219699
-0.00871931
-0.0140058
-0.0155162
-0.0133193
-0.00954318
-0.0068656
-0.00652232
-0.00775812
-0.00885662
-0.00865065
-0.00700291
-0.00439398
-0.00123581
0.00137312
0.00254027
0.00267758
0.00288355
0.00370742
0.00357011
0.000205968
-0.0068656
-0.0152416
-0.0212147
-0.0224505
-0.0194296
-0.0145551
-0.0103671
-0.00789544
-0.00741484
-0.00803275
-0.00803275
-0.00508054
0.000755216
0.00638501
0.00803275
0.00439398
-0.00212834
-0.00741484
-0.00878796
-0.00617904
-0.00240296
-0.000892528
-0.00391339
-0.0108476
-0.0178506
-0.0209401
-0.0187431
-0.0140058
-0.0112596
-0.0128387
-0.0175073
-0.0214207
-0.0216953
-0.0174386
-0.0103671
-0.00322683
0.00068656
-0.000137312
-0.00439398
-0.00851334
-0.00968049
-0.00775812
-0.00480592
-0.00322683
-0.00398205
-0.00659097
-0.0091999
-0.0105044
-0.0107103
-0.010985
-0.0119461
-0.0124267
-0.0107103
-0.00659097
-0.0017164
0.0017164
0.00240296
0.00116715
6.8656e-05
0.000892528
0.00302086
0.00370742
0.000549248
-0.00549248
-0.0103671
-0.0103671
-0.00521785
0.00205968
0.0074835
0.008582
0.00569845
0.0017164
-0.00034328
6.8656e-05
0.00068656
-0.000480592
-0.00336414
-0.00556113
-0.00432533
0.00116715
0.00865065
0.0137998
0.0137312
0.008582
0.00144178
-0.00391339
-0.00473726
-0.00102984
0.00453129
0.00823872
0.00817006
0.00521785
0.00199102
-6.8656e-05
-0.00157909
-0.00370742
-0.00659097
-0.00906259
-0.0103671
-0.010779
-0.010985
-0.0110536
-0.0102297
-0.00837603
-0.00611038
-0.00446264
-0.00398205
-0.00425667
-0.00487457
-0.00556113
-0.00645366
-0.00768947
-0.0091999
-0.0104357
-0.0100238
-0.00693425
-0.00267758
-0.000755216
-0.00384473
-0.0102297
-0.0148297
-0.0135939
-0.00707156
0.000411936
0.00473726
0.00501189
0.00329549
0.00205968
0.00185371
0.00192237
0.000892528
-0.00254027
-0.008582
-0.0163401
-0.0227251
-0.0242356
-0.0190177
-0.00885662
0.00226565
0.0104357
0.0137998
0.0126327
0.00823872
0.00288355
-0.000961184
-0.00178506
0
0.00205968
0.00212834
-0.000205968
-0.00308952
-0.0040507
-0.00254027
-0.00068656
-0.0010985
-0.00425667
-0.00789544
-0.00926856
-0.00700291
-0.00199102
0.00370742
0.00796409
0.0091999
0.00700291
0.00164774
-0.0057671
-0.0130446
-0.01737
-0.0166147
-0.0117402
-0.00583576
-0.00219699
-0.00274624
-0.00727753
-0.0139372
-0.0200475
-0.0231371
-0.0223818
-0.0186744
-0.0134566
-0.00823872
-0.00418801
-0.00212834
-0.00164774
-0.00137312
0.000274624
0.00391339
0.00837603
0.010573
0.00768947
0.000137312
-0.00775812
-0.0106417
-0.00665963
0.00144178
0.00892528
0.0121521
0.00995512
0.0040507
-0.00212834
-0.00556113
-0.00549248
-0.00391339
-0.00391339
-0.0074835
-0.0145551
-0.0226565
-0.0278057
-0.0273937
-0.0217639
-0.0142118
-0.0081014
-0.00501189
-0.00473726
-0.00624769
-0.00782678
-0.00837603
-0.00837603
-0.00961184
-0.0133879
-0.018949
-0.023343
-0.0238923
-0.0203908
-0.015173
-0.0113282
-0.0102297
-0.010573
-0.0103671
-0.00940587
-0.00913124
-0.0105044
-0.0123581
-0.0126327
-0.0102984
-0.00611038
-0.00185371
0.00068656
0.000411936
-0.00226565
-0.00569845
-0.00762081
-0.00727753
-0.00569845
-0.0051492
-0.00672828
-0.00906259
-0.00954318
-0.00707156
-0.00260893
0.00116715
0.00254027
0.0010985
-0.00199102
-0.00480592
-0.00535517
-0.00260893
0.00274624
0.00823872
0.0111909
0.0105044
0.00734619
0.00418801
0.00267758
0.00192237
0.00034328
-0.00240296
-0.00487457
-0.00535517
-0.00377608
-0.00130446
0.00034328
0.000205968
-0.00144178
-0.00336414
-0.00425667
-0.00432533
-0.00556113
-0.00988646
-0.017164
-0.0243729
-0.0276684
-0.0242356
-0.0140058
-0.000274624
0.0111223
0.0151043
0.0098178
-0.00178506
-0.0138685
-0.0210087
-0.0209401
-0.0152416
-0.0081014
-0.00302086
-0.00116715
-0.00130446
-0.00157909
-0.00116715
-0.000205968
0.000617904
0.00034328
-0.00164774
-0.00535517
-0.00968049
-0.0137312
-0.0175073
-0.021352
-0.0250594
-0.0267758
-0.0248535
-0.0194296
-0.0128387
-0.00768947
-0.00453129
-0.0023343
-0.000274624
0.000205968
-0.00281489
-0.00892528
-0.0145551
-0.0155849
-0.0109163
-0.00350145
0.00274624
0.00583576
0.00693425
0.00768947
0.00803275
0.00631635
0.0023343
-0.00178506
-0.00308952
-0.00144178
0.000549248
0.000411936
-0.00130446
-0.00199102
0
0.00384473
0.00693425
0.00693425
0.00329549
-0.00281489
-0.00947452
-0.0150357
-0.0183311
-0.0180565
-0.0140058
-0.00789544
-0.00308952
-0.00212834
-0.0057671
-0.0120148
-0.01737
-0.018949
-0.0162028
-0.0111909
-0.00734619
-0.00693425
-0.00995512
-0.0145551
-0.0188117
-0.0210774
-0.0205968
-0.0175073
-0.0137312
-0.0111223
-0.0105044
-0.0120148
-0.0150357
-0.0181252
-0.0194983
-0.0180565
-0.0143491
-0.0100924
-0.00693425
-0.00604173
-0.00762081
-0.0100924
-0.0108476
-0.00865065
-0.00466861
-0.000823872
0.00260893
0.00638501
0.0106417
0.0135252
0.0122894
0.00521785
-0.00665963
-0.019155
-0.0267758
-0.0258833
-0.0168207
-0.00398205
0.00659097
0.0102297
0.00590441
-0.00308952
-0.0117402
-0.0162715
-0.0157909
-0.0122208
-0.00817006
-0.00590441
-0.00631635
-0.00885662
-0.0115342
-0.0123581
-0.0100924
-0.0057671
-0.00240296
-0.0023343
-0.00501189
-0.0074835
-0.00714022
-0.00384473
-6.8656e-05
0.00137312
-0.000205968
-0.00302086
-0.00411936
-0.0017164
0.00357011
0.00940587
0.0132506
0.0131819
0.008582
0.000480592
-0.00878796
-0.0160655
-0.0186058
-0.0159282
-0.00968049
-0.00281489
0.00240296
0.00473726
0.00391339
-6.8656e-05
-0.00631635
-0.012564
-0.0166147
-0.0172326
-0.0154476
-0.0121521
-0.00734619
-0.000892528
0.00494323
0.00569845
-0.00102984
-0.0123581
-0.0216953
-0.0238236
-0.0183998
-0.00871931
0.000617904
0.00562979
0.00480592
0.000137312
-0.00439398
-0.00562979
-0.00377608
-0.0010985
0
-0.00116715
-0.00363877
-0.00604173
-0.00768947
-0.00871931
-0.00926856
-0.00926856
-0.00837603
-0.00693425
-0.00556113
-0.00425667
-0.00281489
-0.000892528
0.000961184
0.00192237
0.000823872
-0.00295221
-0.00851334
-0.0140058
-0.0175759
-0.0180565
-0.0153789
-0.0101611
-0.00418801
-6.8656e-05
0.000137312
-0.00370742
-0.00988646
-0.0157222
-0.0192237
-0.0188804
-0.0145551
-0.00741484
0.000480592
0.00720888
0.0116029
0.01277
0.0103671
0.00494323
-0.00144178
-0.00556113
-0.00459995
0.00151043
0.00913124
0.0122894
0.00755216
-0.00322683
-0.0137998
-0.0186744
-0.0170267
-0.0123581
-0.00878796
-0.00837603
-0.0102984
-0.0130446
-0.0155849
-0.0175073
-0.0185371
-0.0188117
-0.0183998
-0.0172326
-0.015173
-0.0121521
-0.00796409
-0.00267758
0.00267758
0.00652232
0.00693425
0.00350145
-0.00240296
-0.00892528
-0.0142804
-0.0177132
-0.0186058
-0.0164088
-0.0113282
-0.00487457
0.000205968
0.0017164
-0.000961184
-0.00624769
-0.0104357
-0.0101611
-0.00466861
0.00302086
0.00782678
0.00597307
-0.0023343
-0.012976
-0.0203908
-0.021146
