LECROYHDO9204-MSöv,30454,Waveform
Segments,1,SegmentSize,2002
Ampl
-0.014967
-0.0199102
-0.0186744
-0.0120835
-0.00425667
0.00034328
-0.000137312
-0.00391339
-0.00823872
-0.0116029
-0.0144864
-0.0170953
-0.0190864
-0.0197729
-0.0185371
-0.0150357
-0.0098178
-0.00453129
-0.00137312
-0.00164774
-0.00494323
-0.0091999
-0.0123581
-0.0133879
-0.01277
-0.0115342
-0.0110536
-0.0124267
-0.0160655
-0.0199789
-0.021146
-0.0183311
-0.0132506
-0.00968049
-0.00968049
-0.0124267
-0.015173
-0.0152416
-0.0113969
-0.00473726
0.00123581
0.00254027
-0.00247161
-0.0113969
-0.0192923
-0.021558
-0.0175073
-0.0108476
-0.00665963
-0.00768947
-0.0124954
-0.016958
-0.0177132
-0.0139372
-0.00762081
-0.00226565
-0.000823872
-0.00370742
-0.00892528
-0.0134566
-0.0155849
-0.0157909
-0.0164088
-0.0192923
-0.0240296
-0.0281489
-0.029728
-0.0285609
-0.0254714
-0.0202535
-0.012976
-0.00597307
-0.00398205
-0.0100924
-0.0218326
-0.0322683
-0.0351519
-0.0291788
-0.0179192
-0.00714022
-0.00068656
0.00034328
-0.00308952
-0.00940587
-0.0168207
-0.0223818
-0.0234117
-0.0190177
-0.0114655
-0.00453129
-0.00116715
-0.00260893
-0.00803275
-0.0151043
-0.0210087
-0.0238923
-0.0232057
-0.0196356
-0.0151043
-0.0119461
-0.0117402
-0.0146924
-0.0194296
-0.0239609
-0.0269131
-0.0282863
-0.0292474
-0.0307579
-0.0328862
-0.0346026
-0.0350832
-0.0344653
-0.0330235
-0.0292474
-0.0205968
-0.00707156
0.00391339
-0.00357011
-0.0498442
-0.151867
-0.313483
-0.51849
-0.732765
-0.916763
-1.04254
-1.10426
-1.11751
-1.10831
-1.10007
-1.10536
-1.12472
-1.15109
-1.1747
-1.18754
-1.18651
-1.17381
-1.15644
-1.14271
-1.13825
-1.14333
-1.15383
-1.16351
-1.1677
-1.16434
-1.15479
-1.14202
-1.12939
-1.11889
-1.11037
-1.10234
-1.09293
-1.08133
-1.06918
-1.06012
-1.05771
-1.06197
-1.06925
-1.07453
-1.07563
-1.07419
-1.07371
-1.07666
-1.08257
-1.08895
-1.09438
-1.09994
-1.10776
-1.11786
-1.12733
-1.13282
-1.13317
-1.13008
-1.12644
-1.12431
-1.12438
-1.12623
-1.12884
-1.13159
-1.13392
-1.1353
-1.13461
-1.13111
-1.12534
-1.1193
-1.11484
-1.11319
-1.11408
-1.11573
-1.11566
-1.11326
-1.1103
-1.10962
-1.11188
-1.11573
-1.11882
-1.12005
-1.11944
-1.11744
-1.11415
-1.11058
-1.10879
-1.11085
-1.11683
-1.12369
-1.12671
-1.12355
-1.11566
-1.10763
-1.10399
-1.10694
-1.11669
-1.13207
-1.14971
-1.16386
-1.16832
-1.15912
-1.13742
-1.10838
-1.07742
-1.04632
-1.01274
-0.972855
-0.92459
-0.86891
-0.808699
-0.748007
-0.690679
-0.638706
-0.59051
-0.542725
-0.493156
-0.44235
-0.391957
-0.342525
-0.294259
-0.249221
-0.211323
-0.182762
-0.160998
-0.141088
-0.120835
-0.102435
-0.0893214
-0.0823185
-0.0790917
-0.0764141
-0.0725694
-0.0685873
-0.0665963
-0.0671455
-0.0690679
-0.070441
-0.0697545
-0.0657724
-0.0584262
-0.0497069
-0.0438025
-0.0444204
-0.0512174
-0.060074
-0.0657724
-0.0654978
-0.060074
-0.0525218
-0.0464114
-0.0437339
-0.0448323
-0.0481278
-0.051492
-0.0535517
-0.0537576
-0.0522472
-0.0492263
-0.045107
-0.0403697
-0.0353578
-0.0304146
-0.0263639
-0.0243042
-0.0244415
-0.0256087
-0.0265012
-0.0263639
-0.0256773
-0.0248535
-0.0243729
-0.0243042
-0.0249908
-0.0262952
-0.0268445
-0.0247161
-0.0194983
-0.0133193
-0.0091999
-0.00940587
-0.0140745
-0.0212834
-0.0282176
-0.0324743
-0.0331608
-0.0308265
-0.0262952
-0.021146
-0.0173013
-0.0167521
-0.0194296
-0.0225878
-0.0232057
-0.0212834
-0.0192923
-0.0199102
-0.0227938
-0.0248535
-0.0227251
-0.0162028
-0.00892528
-0.00583576
-0.00940587
-0.0179192
-0.0273937
-0.0342593
-0.0367309
-0.0348086
-0.0292474
-0.0216953
-0.0143491
-0.00961184
-0.00933721
-0.0132506
-0.0188117
-0.0219699
-0.0203222
-0.014761
-0.0081014
-0.00274624
0.000274624
-6.8656e-05
-0.00528651
-0.0154476
-0.0278057
-0.0370742
-0.038722
-0.032131
-0.021558
-0.012976
-0.00974915
-0.0111223
-0.0145551
-0.0179192
-0.0201849
-0.0207341
-0.019155
-0.0153789
-0.010573
-0.00645366
-0.00528651
-0.00830737
-0.014967
-0.0219699
-0.0247161
-0.0202535
-0.0100238
0.000205968
0.00453129
0.000961184
-0.00727753
-0.0146924
-0.01737
-0.0143491
-0.00700291
0.00137312
0.0068656
0.00638501
-0.00068656
-0.0114655
-0.0210087
-0.0248535
-0.0220386
-0.0154476
-0.00961184
-0.00823872
-0.0115342
-0.0164774
-0.0190864
-0.0180565
-0.014967
-0.0124954
-0.0118088
-0.0122894
-0.0121521
-0.0101611
-0.00707156
-0.00569845
-0.00906259
-0.016958
-0.0254714
-0.0298653
-0.0284922
-0.0236177
-0.0192237
-0.0183311
-0.021352
-0.025952
-0.0282863
-0.0253341
-0.0173013
-0.00693425
0.00226565
0.0081014
0.0100924
0.00865065
0.0040507
-0.00329549
-0.0111909
-0.0165461
-0.0175073
-0.0155162
-0.0135939
-0.0135939
-0.014967
-0.0162028
-0.0159968
-0.0137312
-0.00968049
-0.00521785
-0.00295221
-0.00453129
-0.00947452
-0.0146924
-0.0172326
-0.0162028
-0.0133879
-0.0115342
-0.0121521
-0.014761
-0.0173013
-0.0187431
-0.0194296
-0.0197043
-0.0181252
-0.012564
-0.00274624
0.00803275
0.0146237
0.0131819
0.00411936
-0.00782678
-0.0167521
-0.0186744
-0.0133879
-0.00446264
0.00281489
0.00466861
0.00144178
-0.0034328
-0.00645366
-0.00665963
-0.00528651
-0.00439398
-0.00549248
-0.00885662
-0.0133879
-0.0168207
-0.016958
-0.0133879
-0.00755216
-0.00260893
-0.00137312
-0.00459995
-0.00995512
-0.0137312
-0.0137998
-0.0109163
-0.00775812
-0.00652232
-0.00782678
-0.010779
-0.0135939
-0.0144178
-0.0124954
-0.00947452
-0.00796409
-0.0091999
-0.0118088
-0.0136625
-0.0135939
-0.0116715
-0.00899393
-0.00707156
-0.00665963
-0.00755216
-0.00844468
-0.00844468
-0.00727753
-0.00528651
-0.00247161
0.000961184
0.00508054
0.00885662
0.0103671
0.0074835
0.000892528
-0.00562979
-0.00803275
-0.00535517
-0.000549248
0.00274624
0.00302086
0.00151043
0.000274624
0.000411936
0.00102984
0.000892528
-0.000549248
-0.00281489
-0.00556113
-0.00844468
-0.0104357
-0.0106417
-0.00899393
-0.00645366
-0.0040507
-0.00295221
-0.0040507
-0.00741484
-0.0117402
-0.0142804
-0.0129073
-0.00837603
-0.00370742
-0.00144178
-0.00185371
-0.00336414
-0.00439398
-0.00425667
-0.00322683
-0.00274624
-0.00418801
-0.00796409
-0.012976
-0.0167521
-0.0165461
-0.0111909
-0.00212834
0.0074835
0.0150357
0.0187431
0.0175073
0.0107103
0.000137312
-0.00947452
-0.01277
-0.00796409
0.00151043
0.00892528
0.00933721
0.00295221
-0.00556113
-0.0111909
-0.0120835
-0.00947452
-0.00562979
-0.00226565
-0.000205968
0.000617904
0.000549248
0.000411936
0.0010985
0.00336414
0.00707156
0.0100924
0.0100238
0.00590441
6.8656e-05
-0.00370742
-0.00391339
-0.00274624
-0.00384473
-0.00817006
-0.0133879
-0.0164774
-0.0160655
-0.0131133
-0.00926856
-0.00590441
-0.00377608
-0.00302086
-0.00322683
-0.00418801
-0.00590441
-0.00865065
-0.0115342
-0.0123581
-0.0098178
-0.00494323
-0.000755216
0.000411936
-0.000617904
-0.000823872
0.0023343
0.00727753
0.00995512
0.00734619
0
-0.00865065
-0.0151043
-0.0179192
-0.0173013
-0.0142118
-0.0100238
-0.00569845
-0.00205968
0.00034328
0.00151043
0.00178506
0.00144178
0.000274624
-0.00185371
-0.00466861
-0.00762081
-0.00995512
-0.0104357
-0.00720888
0
0.00830737
0.0123581
0.00885662
-0.00068656
-0.0110536
-0.0177819
-0.019361
-0.0166834
-0.0120835
-0.0074835
-0.00377608
-0.00068656
0.00240296
0.00480592
0.00549248
0.00411936
0.00137312
-0.00151043
-0.00377608
-0.00494323
-0.00473726
-0.00329549
-0.00157909
-0.0017164
-0.00556113
-0.0129073
-0.0196356
-0.021146
-0.0162715
-0.00885662
-0.00411936
-0.00459995
-0.00926856
-0.0146237
-0.0176446
-0.0166147
-0.0124267
-0.00768947
-0.00487457
-0.00508054
-0.00768947
-0.010573
-0.0115342
-0.00933721
-0.00473726
0.000137312
0.00398205
0.00720888
0.0109163
0.0148297
0.0168207
0.0148297
0.00913124
0.0023343
-0.00267758
-0.00487457
-0.00549248
-0.00617904
-0.0074835
-0.00885662
-0.00961184
-0.00974915
-0.0102297
-0.0122894
-0.0157222
-0.0187431
-0.018949
-0.0157909
-0.0106417
-0.00597307
-0.00357011
-0.00370742
-0.00556113
-0.00803275
-0.00968049
-0.00933721
-0.00775812
-0.00693425
-0.00913124
-0.0142118
-0.0198416
-0.023549
-0.0246475
-0.0245102
-0.0251281
-0.0268445
-0.0274624
-0.023343
-0.0128387
0.00144178
0.0130446
0.0157909
0.00755216
-0.00755216
-0.0210087
-0.0258833
-0.0210774
-0.010779
-0.000411936
0.00617904
0.00844468
0.00817006
0.00762081
0.00720888
0.00542382
0.000755216
-0.00535517
-0.00968049
-0.0100924
-0.00768947
-0.00501189
-0.00370742
-0.00384473
-0.00459995
-0.0051492
-0.00501189
-0.00439398
-0.00384473
-0.00411936
-0.00542382
-0.00817006
-0.0123581
-0.0163401
-0.017164
-0.0132506
-0.00659097
-0.00116715
0.000892528
0.000411936
-0.000411936
-0.00034328
-6.8656e-05
-0.0010985
-0.00453129
-0.0101611
-0.0166147
-0.0214207
-0.0225878
-0.019361
-0.0133879
-0.00789544
-0.00556113
-0.00611038
-0.00755216
-0.00837603
-0.00844468
-0.00865065
-0.00954318
-0.0120148
-0.0156536
-0.0184685
-0.0176446
-0.0121521
-0.00501189
-0.00137312
-0.00473726
-0.0135939
-0.0223818
-0.0260893
-0.0234803
-0.01737
-0.0116029
-0.00817006
-0.00700291
-0.00714022
-0.0074835
-0.00714022
-0.0057671
-0.00411936
-0.00453129
-0.00878796
-0.0159968
-0.0225192
-0.0238923
-0.0183998
-0.00830737
0.0010985
0.00508054
0.00274624
-0.0034328
-0.00995512
-0.0142804
-0.0153103
-0.012976
-0.00823872
-0.00267758
0.00151043
0.00308952
0.00157909
-0.00274624
-0.00892528
-0.0148983
-0.0186744
-0.0201849
-0.0208028
-0.0216953
-0.0216953
-0.0183311
-0.0103671
0.000137312
0.00830737
0.00995512
0.00459995
-0.00377608
-0.00961184
-0.00954318
-0.00439398
0.00267758
0.0081014
0.0098178
0.00755216
0.00254027
-0.00391339
-0.0110536
-0.0179192
-0.0228624
-0.0238236
-0.0201849
-0.0140745
-0.00892528
-0.00700291
-0.00755216
-0.00817006
-0.00768947
-0.00700291
-0.00693425
-0.00645366
-0.00411936
-0.000411936
0.0023343
0.00178506
-0.00260893
-0.00913124
-0.0146924
-0.0161342
-0.0122894
-0.0051492
0.00164774
0.00562979
0.00590441
0.00308952
-0.00144178
-0.00638501
-0.0101611
-0.0117402
-0.0107103
-0.00755216
-0.00322683
0.00151043
0.00597307
0.00885662
0.00768947
0.000892528
-0.00988646
-0.0199102
-0.0248535
-0.0236863
-0.0183998
-0.0120148
-0.00693425
-0.0040507
-0.00315817
-0.00322683
-0.00329549
-0.00315817
-0.00308952
-0.00363877
-0.00535517
-0.00865065
-0.0130446
-0.01737
-0.0199789
-0.0199789
-0.0173013
-0.0132506
-0.00940587
-0.00720888
-0.00659097
-0.00652232
-0.00569845
-0.00384473
-0.00185371
-0.000823872
-0.0010985
-0.00247161
-0.00384473
-0.00384473
-0.00226565
-0.000617904
-0.00164774
-0.00652232
-0.0133193
-0.0186744
-0.0205968
-0.0199102
-0.0187431
-0.0179192
-0.0159282
-0.0114655
-0.00487457
0.00102984
0.00288355
-0.00102984
-0.00933721
-0.0181938
-0.0234803
-0.0232057
-0.0183998
-0.0118088
-0.00624769
-0.00350145
-0.00425667
-0.00796409
-0.0127014
-0.0152416
-0.0132506
-0.00707156
0.000755216
0.00679694
0.00844468
0.00418801
-0.00508054
-0.0156536
-0.0221072
-0.0214893
-0.0153789
-0.00865065
-0.00459995
-0.00350145
-0.00384473
-0.00562979
-0.00988646
-0.0164088
-0.0225878
-0.0247848
-0.0216266
-0.0151043
-0.00851334
-0.00363877
-0.0010985
-0.00144178
-0.00535517
-0.0120148
-0.0181938
-0.0199789
-0.0155162
-0.00679694
0.00157909
0.00535517
0.00370742
-6.8656e-05
-0.0017164
0.00102984
0.00645366
0.0106417
0.0103671
0.0051492
-0.00274624
-0.00974915
-0.0133879
-0.0133193
-0.0105044
-0.00659097
-0.00267758
0.000205968
0.00157909
0.00130446
-0.000411936
-0.00281489
-0.00466861
-0.00487457
-0.00322683
-0.00068656
0.000823872
-0.000549248
-0.00542382
-0.0118775
-0.0155849
-0.0133193
-0.00617904
0.000823872
0.00254027
-0.00212834
-0.0100238
-0.0161342
-0.0164088
-0.010573
-0.00199102
0.00398205
0.00377608
-0.0023343
-0.0106417
-0.0166147
-0.0172326
-0.0126327
-0.00604173
-0.00192237
-0.00329549
-0.00988646
-0.0183998
-0.0244415
-0.0250594
-0.0208028
-0.0151043
-0.0119461
-0.0127014
-0.0153103
-0.0162715
-0.0132506
-0.00652232
0.00178506
0.00954318
0.0145551
0.0153789
0.0114655
0.00439398
-0.00295221
-0.00768947
-0.00837603
-0.00583576
-0.00226565
-0.000274624
-0.0010985
-0.00439398
-0.008582
-0.0118088
-0.0130446
-0.0124267
-0.0118775
-0.012564
-0.0135252
-0.0123581
-0.00768947
-0.00102984
0.00459995
0.00611038
0.00267758
-0.00398205
-0.0104357
-0.0133879
-0.0115342
-0.00617904
-0.00137312
-0.00157909
-0.00837603
-0.0187431
-0.0266385
-0.0281489
-0.0239609
-0.0173013
-0.010779
-0.00542382
-0.00130446
0.00137312
0.00212834
0.000137312
-0.00466861
-0.010573
-0.0143491
-0.0134566
-0.00830737
-0.00164774
0.00302086
0.00370742
0.000617904
-0.00439398
-0.00954318
-0.0135939
-0.0157909
-0.0150357
-0.0111909
-0.00583576
-0.00178506
-0.00137312
-0.00487457
-0.010573
-0.0160655
-0.0194296
-0.0194296
-0.0162715
-0.0111223
-0.00638501
-0.00377608
-0.00357011
-0.00473726
-0.00604173
-0.00611038
-0.00459995
-0.00226565
-0.00144178
-0.0040507
-0.00913124
-0.0131133
-0.0122894
-0.00604173
0.00178506
0.00535517
0.00144178
-0.00823872
-0.0184685
-0.0243042
-0.0236863
-0.01737
-0.00762081
0.00192237
0.00762081
0.00707156
0.00130446
-0.00590441
-0.0105044
-0.010985
-0.00878796
-0.00617904
-0.00418801
-0.00281489
-0.00295221
-0.00590441
-0.0113282
-0.0165461
-0.0181938
-0.0145551
-0.00727753
0.000480592
0.00624769
0.00913124
0.00961184
0.008582
0.00652232
0.00302086
-0.00240296
-0.00885662
-0.0141431
-0.0161342
-0.0145551
-0.0109163
-0.00714022
-0.00418801
-0.00247161
-0.0023343
-0.00411936
-0.00720888
-0.00974915
-0.00988646
-0.00734619
-0.00418801
-0.0023343
-0.00226565
-0.00308952
-0.00418801
-0.00528651
-0.00604173
-0.00624769
-0.00672828
-0.00892528
-0.0127014
-0.0155162
-0.0148983
-0.0106417
-0.00480592
0.000274624
0.00329549
0.00384473
0.00199102
-0.00157909
-0.00508054
-0.00638501
-0.00466861
-0.00130446
0.00116715
0.00123581
-0.000549248
-0.00350145
-0.00755216
-0.0122894
-0.0161342
-0.0172326
-0.015173
-0.0113969
-0.00871931
-0.0103671
-0.0177819
-0.0282863
-0.036113
-0.0363877
-0.0293161
-0.0200475
-0.0131133
-0.00954318
-0.00734619
-0.00556113
-0.00556113
-0.00899393
-0.0148297
-0.0200475
-0.0221072
-0.0207341
-0.0175073
-0.0141431
-0.0119461
-0.0113969
-0.0122208
-0.0133193
-0.0136625
-0.0130446
-0.0118088
-0.0102984
-0.00865065
-0.0068656
-0.00590441
-0.00693425
-0.0098178
-0.0130446
-0.0148297
-0.015173
-0.014967
-0.014761
-0.0136625
-0.0107103
-0.00672828
-0.00418801
-0.00487457
-0.00762081
-0.00926856
-0.00700291
-0.00123581
0.00542382
0.00988646
0.0102984
0.00624769
-0.00185371
-0.0122894
-0.0219013
-0.0273937
-0.0271878
-0.0224505
-0.0162028
-0.0112596
-0.00913124
-0.00926856
-0.00988646
-0.00933721
-0.00741484
-0.00562979
-0.00611038
-0.00974915
-0.0155162
-0.021558
-0.02554
-0.0262952
-0.0232744
-0.0172326
-0.00974915
-0.00274624
0.00185371
0.0034328
0.00267758
0.0010985
0.000205968
0.000823872
0.00247161
0.00363877
0.00295221
-0.000137312
-0.00494323
-0.00961184
-0.0122894
-0.0119461
-0.00968049
-0.00762081
-0.0074835
-0.00940587
-0.0119461
-0.0135252
-0.012976
-0.0100238
-0.0051492
0.000205968
0.00528651
0.00968049
0.0121521
0.0104357
0.00391339
-0.00418801
-0.00906259
-0.00837603
-0.00411936
-0.000274624
0.000480592
-0.00164774
-0.00453129
-0.00611038
-0.00583576
-0.00473726
-0.00425667
-0.00487457
-0.00617904
-0.00714022
-0.00659097
-0.00370742
0.000961184
0.00549248
0.00775812
0.00659097
0.00267758
-0.00192237
-0.00480592
-0.00446264
-0.00164774
0.000823872
0.000411936
-0.00322683
-0.0081014
-0.0120148
-0.0142118
-0.014967
-0.014761
-0.0138685
-0.0127014
-0.0111223
-0.00906259
-0.00583576
-0.00130446
0.00411936
0.00865065
0.00954318
0.00583576
-0.000823872
-0.00734619
-0.0114655
-0.0128387
-0.0122208
-0.0113969
-0.0116029
-0.0129073
-0.0135939
-0.0116029
-0.00679694
-0.00123581
0.00185371
0.000480592
-0.00466861
-0.0102297
-0.0126327
-0.0102984
-0.00501189
-0.000137312
0.00116715
-0.00260893
-0.0110536
-0.021352
-0.0289728
-0.0298653
-0.023549
-0.012976
-0.00260893
0.00377608
0.00480592
0.00185371
-0.0023343
-0.00556113
-0.00789544
-0.00995512
-0.0113282
-0.010779
-0.008582
-0.00645366
-0.00672828
-0.0102297
-0.0160655
-0.0217639
-0.0240296
-0.0199789
-0.0098178
0.00205968
0.00940587
0.00926856
0.00363877
-0.00295221
-0.00782678
-0.0113282
-0.0151043
-0.0188804
-0.0205281
-0.0177132
-0.0114655
-0.0057671
-0.0051492
-0.010985
-0.0203222
-0.0282863
-0.0315131
-0.0295907
-0.0245788
-0.0187431
-0.0139372
-0.0111223
-0.0100924
-0.0098178
-0.00885662
-0.00672828
-0.00391339
-0.00192237
-0.00247161
-0.00645366
-0.012976
-0.0187431
-0.0201162
-0.0160655
-0.0091999
-0.00363877
-0.00137312
-0.000892528
-0.000274624
0.000411936
-0.00068656
-0.00459995
-0.0103671
-0.0157222
-0.0186744
-0.0186058
-0.0165461
-0.0137312
-0.0111223
-0.00926856
-0.00837603
-0.0081014
-0.00782678
-0.00755216
-0.00817006
-0.0102984
-0.0131819
-0.0146237
-0.0127014
-0.0074835
-0.0017164
0.00116715
-0.000205968
-0.00398205
-0.00665963
-0.00611038
-0.00288355
0.00068656
0.00254027
0.00130446
-0.00302086
-0.00940587
-0.0151043
-0.0172326
-0.014967
-0.010573
-0.00755216
-0.00796409
-0.0108476
-0.012976
-0.0118088
-0.0081014
-0.00487457
-0.00508054
-0.00844468
-0.0117402
-0.0118775
-0.008582
-0.00459995
-0.00274624
-0.0040507
-0.00679694
-0.00885662
-0.00995512
-0.0117402
-0.0156536
-0.0203908
-0.0225878
-0.0192923
-0.010573
0.000274624
0.00844468
0.0110536
0.0081014
0.00226565
-0.00336414
-0.00679694
-0.00762081
-0.00693425
-0.00624769
-0.00672828
-0.0081014
-0.00940587
-0.00933721
-0.00727753
-0.00357011
0.000823872
0.00411936
0.00453129
0.000961184
-0.00604173
-0.0144864
-0.0216266
-0.0251967
-0.0241669
-0.019567
-0.0140058
-0.00995512
-0.00789544
-0.00714022
-0.00672828
-0.00665963
-0.00727753
-0.00865065
-0.0100924
-0.0111223
-0.0117402
-0.012976
-0.0156536
-0.0188804
-0.0201162
-0.0167521
-0.00865065
0.00185371
0.0115342
0.0175073
0.0183311
0.0144178
0.00789544
0.00144178
-0.00329549
-0.00659097
-0.0098178
-0.0137312
-0.01737
-0.0192237
-0.0184685
-0.0166834
-0.0162715
-0.0180565
-0.0203222
-0.0201162
-0.0160655
-0.00954318
-0.00322683
0.000274624
-0.000205968
-0.00411936
-0.00926856
-0.0131819
-0.0144178
-0.0127014
-0.00885662
-0.00542382
-0.00494323
-0.00851334
-0.0144864
-0.0199789
-0.0224505
-0.0209401
-0.0162715
-0.010573
-0.00617904
-0.00459995
-0.00631635
-0.0108476
-0.0166147
-0.021146
-0.0221072
-0.0192237
-0.0143491
-0.0102984
-0.00899393
-0.010573
-0.0135939
-0.0159282
-0.0155849
-0.0126327
-0.00892528
-0.00707156
-0.00768947
-0.00878796
-0.00775812
-0.00377608
0.00130446
0.00398205
0.00192237
-0.00459995
-0.0124267
-0.0179192
-0.0192923
-0.0165461
-0.0114655
-0.00617904
-0.00308952
-0.00377608
-0.00817006
-0.0140745
-0.0176446
-0.0165461
-0.0116715
-0.00652232
-0.00439398
-0.00590441
-0.00878796
-0.0106417
-0.0111909
-0.0118088
-0.0131133
-0.0142804
-0.0144864
-0.0137312
-0.0126327
-0.0114655
-0.00988646
-0.0074835
-0.0040507
-0.000411936
0.00164774
0
-0.00508054
-0.010985
-0.014761
-0.0157909
-0.0155849
-0.0164774
-0.0192923
-0.0228624
-0.0248535
-0.0236177
-0.019155
-0.0132506
-0.00789544
-0.00418801
-0.00247161
-0.0023343
-0.00260893
-0.00144178
0.00157909
0.00508054
0.00611038
0.00240296
-0.00556113
-0.0153103
-0.0236177
-0.0278743
-0.0267758
-0.0205281
-0.0116715
-0.00446264
-0.00295221
-0.00796409
-0.0159282
-0.021352
-0.0203908
-0.0133193
-0.00411936
0.00212834
0.00164774
-0.00535517
-0.014967
-0.0218326
-0.0231371
-0.0202535
-0.0164774
-0.0144178
-0.0144864
-0.0156536
-0.0164774
-0.0159282
-0.0141431
-0.0116715
-0.00933721
-0.00762081
-0.00707156
-0.00775812
-0.00878796
-0.00844468
-0.0057671
-0.00157909
0.00178506
0.00192237
-0.00247161
-0.0102297
-0.0183998
-0.0238236
-0.0254027
-0.0244415
-0.0224505
-0.0196356
-0.0157909
-0.0111909
-0.00734619
-0.00562979
-0.00631635
-0.00823872
-0.0098178
-0.0104357
-0.0110536
-0.0130446
-0.0159282
-0.0177819
-0.016958
-0.0134566
-0.00830737
-0.00329549
6.8656e-05
0.000823872
-0.000549248
-0.00315817
-0.00707156
-0.01277
-0.019567
-0.0256087
-0.0288355
-0.0289042
-0.0266385
-0.0229997
-0.0177819
-0.0110536
-0.00384473
0.00164774
0.00329549
0.00068656
-0.0040507
-0.00775812
-0.00865065
-0.00741484
-0.00597307
-0.00583576
-0.0081014
-0.0131819
-0.0197729
-0.0243729
-0.0243042
-0.0197043
-0.0135252
-0.00865065
-0.00659097
-0.00693425
-0.0081014
-0.00878796
-0.00906259
-0.0098178
-0.0114655
-0.0124267
-0.0109163
-0.00693425
-0.00267758
-0.00068656
-0.00199102
-0.00652232
-0.0137312
-0.0218326
-0.0273937
-0.0268445
-0.0192923
-0.008582
-0.00123581
-0.00185371
-0.0098178
-0.0200475
-0.0266385
-0.0262952
-0.0197729
-0.0111223
-0.00466861
-0.00288355
-0.00480592
-0.00762081
-0.00892528
-0.00851334
-0.00741484
-0.00672828
-0.00652232
-0.00624769
-0.00617904
-0.00734619
-0.0113282
-0.01737
-0.0223818
-0.0229997
-0.0185371
-0.0109163
-0.00302086
0.00329549
0.00720888
0.0081014
0.0057671
0.000892528
-0.00425667
-0.00714022
-0.00659097
-0.00391339
-0.00137312
-0.000480592
-0.00137312
-0.00336414
-0.00528651
-0.00611038
-0.00528651
-0.00391339
-0.00425667
-0.00720888
-0.0108476
-0.0122894
-0.0106417
-0.00768947
-0.0057671
-0.00617904
-0.00837603
-0.0111909
-0.012976
-0.012564
-0.0102297
-0.00755216
-0.00583576
-0.00473726
-0.00267758
0.00116715
0.00535517
0.00714022
0.00459995
-0.00137312
-0.00782678
-0.0117402
-0.0119461
-0.00892528
-0.00411936
0.000205968
0.00123581
-0.00164774
-0.00665963
-0.0114655
-0.0152416
-0.0186744
-0.0216266
-0.0222445
-0.019155
-0.0124954
-0.00432533
0.00302086
0.00775812
0.00899393
0.00638501
0.000823872
-0.00590441
-0.0111223
-0.0134566
-0.0137998
-0.0148297
-0.0183311
-0.0227251
-0.0240982
-0.0194296
-0.00954318
0.00164774
0.00954318
0.0119461
0.00995512
0.00645366
0.00322683
-0.000549248
-0.00617904
-0.012564
-0.0168894
-0.0176446
-0.0159968
-0.0140058
-0.0123581
-0.0110536
-0.0108476
-0.0129073
-0.0162028
-0.01737
-0.0135252
-0.00556113
0.0017164
0.00398205
0.00102984
-0.00384473
-0.00727753
-0.00817006
-0.00817006
-0.00954318
-0.0137312
-0.0197043
-0.0241669
-0.0242356
-0.0196356
-0.0137998
-0.0108476
-0.0116715
-0.0140058
-0.0153103
-0.0155162
-0.0164774
-0.0188804
-0.0209401
-0.0199789
-0.0155849
-0.0100238
-0.00604173
-0.0051492
-0.00631635
-0.00741484
-0.00679694
-0.00425667
-0.000892528
0.00157909
0.00185371
-0.000205968
-0.00357011
-0.00727753
-0.0111909
-0.0154476
-0.0188804
-0.0190864
-0.0146924
-0.00679694
0.00157909
0.0068656
0.00672828
0.0010985
-0.00803275
-0.016958
-0.0221759
-0.0214207
-0.0144864
-0.00377608
0.00590441
0.00995512
0.00693425
-0.00068656
-0.00885662
-0.0144178
-0.0161342
-0.0146924
-0.0120148
-0.0102984
-0.0105044
-0.0127014
-0.016958
-0.0225192
-0.0273251
-0.0289728
-0.0262952
-0.0203908
-0.0140745
-0.00974915
-0.00844468
-0.00933721
-0.0109163
-0.0119461
-0.0115342
-0.00913124
-0.00508054
-0.00068656
0.00254027
0.00370742
0.00295221
0.000411936
-0.00384473
-0.00974915
-0.0160655
-0.0198416
-0.0183311
-0.0116715
-0.00336414
0.00199102
0.00151043
-0.00377608
-0.00974915
-0.0120148
-0.00913124
-0.00254027
0.00439398
0.00871931
0.00899393
0.00542382
-0.000411936
-0.00652232
-0.0108476
-0.0123581
