LECROYHDO9204-MSöv,30454,Waveform
Segments,1,SegmentSize,2002
Ampl
-0.0118088
-0.0142804
-0.0121521
-0.00638501
-0.000411936
0.00192237
-0.00068656
-0.00652232
-0.0124954
-0.0160655
-0.0160655
-0.0131133
-0.00892528
-0.00549248
-0.00487457
-0.00741484
-0.0113969
-0.0135939
-0.0118088
-0.00665963
-0.00157909
-0.000411936
-0.00432533
-0.010573
-0.0140745
-0.0111223
-0.00240296
0.00700291
0.0115342
0.00899393
0.00164774
-0.00597307
-0.00988646
-0.008582
-0.00425667
-0.000823872
-0.00151043
-0.00659097
-0.0135939
-0.0190864
-0.0201162
-0.0164088
-0.0101611
-0.00487457
-0.00336414
-0.00549248
-0.00954318
-0.0135252
-0.0165461
-0.0179192
-0.0167521
-0.0120835
-0.00384473
0.00590441
0.0137312
0.0165461
0.0137312
0.00755216
0.0017164
-0.0017164
-0.00281489
-0.00302086
-0.00357011
-0.0051492
-0.00762081
-0.0106417
-0.0142118
-0.0186744
-0.023549
-0.0271878
-0.027943
-0.0252654
-0.0201162
-0.0144178
-0.0102984
-0.00940587
-0.0117402
-0.0157909
-0.0187431
-0.0186058
-0.0158595
-0.0128387
-0.0112596
-0.0111223
-0.010985
-0.0100238
-0.00954318
-0.0117402
-0.0174386
-0.0240982
-0.0278057
-0.0268445
-0.0223818
-0.0174386
-0.0142118
-0.0137998
-0.0164088
-0.021146
-0.0261579
-0.0289042
-0.0280116
-0.0243729
-0.0210087
-0.0210774
-0.0247848
-0.0294534
-0.0317191
-0.0307579
-0.0281489
-0.0264325
-0.0265699
-0.0278743
-0.0289042
-0.0283549
-0.0251281
-0.0188804
-0.0119461
-0.0129073
-0.038516
-0.110193
-0.242836
-0.431915
-0.648593
-0.849618
-0.997846
-1.07879
-1.1033
-1.09747
-1.08779
-1.09074
-1.10886
-1.1342
-1.1561
-1.16825
-1.17113
-1.16866
-1.16461
-1.16193
-1.16289
-1.16825
-1.17573
-1.1804
-1.17711
-1.16454
-1.14697
-1.13131
-1.12239
-1.11998
-1.11964
-1.1158
-1.10502
-1.08792
-1.0689
-1.05373
-1.04666
-1.04845
-1.05703
-1.06815
-1.07701
-1.08064
-1.08051
-1.08078
-1.0849
-1.09273
-1.10117
-1.10694
-1.10852
-1.10673
-1.10399
-1.10351
-1.10715
-1.11456
-1.12335
-1.13104
-1.13591
-1.13694
-1.13454
-1.12925
-1.12163
-1.11257
-1.1044
-1.10007
-1.10159
-1.10797
-1.11628
-1.12349
-1.12747
-1.1274
-1.12404
-1.11916
-1.11449
-1.1101
-1.10502
-1.09939
-1.09472
-1.09239
-1.09204
-1.09287
-1.09534
-1.10104
-1.1103
-1.12019
-1.12561
-1.12335
-1.11429
-1.10303
-1.09582
-1.09767
-1.10873
-1.12397
-1.13639
-1.14216
-1.14257
-1.14175
-1.14285
-1.14525
-1.14477
-1.13557
-1.11271
-1.07522
-1.02702
-0.975121
-0.924247
-0.874334
-0.82243
-0.76778
-0.713816
-0.66507
-0.622504
-0.581928
-0.537164
-0.484848
-0.427109
-0.36985
-0.31877
-0.276203
-0.240982
-0.210293
-0.181526
-0.154064
-0.129073
-0.109026
-0.0959124
-0.0898707
-0.0884975
-0.0888408
-0.0884289
-0.0860946
-0.081426
-0.075041
-0.068244
-0.0626142
-0.0588382
-0.0567785
-0.05568
-0.0549248
-0.0536203
-0.0509427
-0.0471667
-0.0449697
-0.0473726
-0.0545815
-0.0628202
-0.0674202
-0.0656351
-0.0586322
-0.0499815
-0.0432533
-0.0397518
-0.0385847
-0.0389966
-0.0411936
-0.0449697
-0.0480592
-0.0475786
-0.0423607
-0.0344653
-0.0271878
-0.023343
-0.0232057
-0.0245102
-0.0238923
-0.0194296
-0.0133879
-0.0107103
-0.0148983
-0.0248535
-0.0354265
-0.0415369
-0.0405757
-0.0334355
-0.023343
-0.0144864
-0.0101611
-0.0111223
-0.0157222
-0.021146
-0.0247161
-0.0245788
-0.0204595
-0.0140058
-0.00817006
-0.00569845
-0.00817006
-0.0146237
-0.0219699
-0.0272564
-0.0290415
-0.0280803
-0.0251967
-0.021352
-0.0179879
-0.0168207
-0.0188804
-0.023343
-0.0280116
-0.0310325
-0.0316504
-0.029728
-0.0250594
-0.0178506
-0.0100238
-0.00528651
-0.00700291
-0.0148983
-0.0247161
-0.0316504
-0.0336414
-0.0317877
-0.0276684
-0.0220386
-0.0153103
-0.00837603
-0.00192237
0.00377608
0.00789544
0.00878796
0.00432533
-0.00597307
-0.0199102
-0.0328862
-0.0403011
-0.0403697
-0.0349459
-0.027531
-0.0216266
-0.0192237
-0.0205281
-0.0240982
-0.0267072
-0.0251281
-0.0186744
-0.00995512
-0.00308952
-0.00123581
-0.00446264
-0.00968049
-0.0123581
-0.0102297
-0.00542382
-0.00322683
-0.00741484
-0.0168207
-0.0258146
-0.0288355
-0.0238236
-0.0134566
-0.00322683
0.00212834
0.000617904
-0.00583576
-0.0128387
-0.0161342
-0.0138685
-0.00796409
-0.00240296
-6.8656e-05
-0.000961184
-0.00308952
-0.00501189
-0.00590441
-0.00549248
-0.00350145
-0.00068656
0.0010985
0.000480592
-0.0017164
-0.00322683
-0.00274624
-0.00116715
0.000137312
0.000755216
0.00130446
0.0017164
0.000961184
-0.00192237
-0.00631635
-0.0102984
-0.0126327
-0.0137312
-0.0145551
-0.0154476
-0.0164774
-0.0179192
-0.0203222
-0.0227251
-0.0226565
-0.0186058
-0.0115342
-0.00487457
-0.00212834
-0.00466861
-0.0104357
-0.0153789
-0.0160655
-0.012564
-0.00762081
-0.00370742
-0.000961184
0.00164774
0.00398205
0.00501189
0.0040507
0.00178506
-0.000411936
-0.00192237
-0.00295221
-0.00411936
-0.00562979
-0.00768947
-0.0106417
-0.014967
-0.0200475
-0.0238923
-0.0243042
-0.0208028
-0.0146924
-0.00762081
-0.000549248
0.00652232
0.0131819
0.0178506
0.0181252
0.0127014
0.00240296
-0.0098178
-0.0208028
-0.0280116
-0.029934
-0.0258146
-0.0165461
-0.00487457
0.0051492
0.0106417
0.0112596
0.00851334
0.00425667
0.000480592
-0.00192237
-0.00357011
-0.00665963
-0.0124267
-0.0192923
-0.0242356
-0.0251967
-0.0228624
-0.0192237
-0.0152416
-0.0105044
-0.00473726
0.000755216
0.00363877
0.00302086
0.000274624
-0.00240296
-0.00336414
-0.00247161
-0.00130446
-0.00157909
-0.00418801
-0.00851334
-0.0133193
-0.017164
-0.0186744
-0.016958
-0.012564
-0.0074835
-0.00370742
-0.00192237
-0.00205968
-0.00418801
-0.00837603
-0.0134566
-0.0174386
-0.0194983
-0.0203908
-0.021146
-0.0214893
-0.0200475
-0.0166147
-0.0124267
-0.00885662
-0.00597307
-0.00336414
-0.00130446
-0.000617904
-0.0017164
-0.0034328
-0.00453129
-0.00480592
-0.00487457
-0.0051492
-0.00562979
-0.00665963
-0.00906259
-0.0131819
-0.0177132
-0.0201162
-0.0184685
-0.0131133
-0.00617904
-0.000549248
0.00164774
-0.00102984
-0.00803275
-0.0164088
-0.0217639
-0.021558
-0.0166834
-0.0103671
-0.00569845
-0.00446264
-0.00693425
-0.0118775
-0.0168894
-0.0194983
-0.0184685
-0.0141431
-0.00871931
-0.00459995
-0.00336414
-0.00542382
-0.00961184
-0.0143491
-0.0183311
-0.0208714
-0.0212834
-0.019567
-0.0160655
-0.0118088
-0.00823872
-0.00631635
-0.00624769
-0.00782678
-0.0100924
-0.0119461
-0.0122894
-0.010573
-0.00720888
-0.00363877
-0.00151043
-0.00164774
-0.00357011
-0.00672828
-0.010985
-0.0157909
-0.0194296
-0.0197043
-0.0155849
-0.00823872
-0.000549248
0.00446264
0.00590441
0.00494323
0.00377608
0.00322683
0.00240296
6.8656e-05
-0.00377608
-0.00789544
-0.0106417
-0.0112596
-0.0102297
-0.008582
-0.00693425
-0.00556113
-0.00535517
-0.00727753
-0.0108476
-0.0133193
-0.0111223
-0.00398205
0.00439398
0.00878796
0.00645366
-0.00178506
-0.0121521
-0.0197729
-0.021352
-0.0164774
-0.008582
-0.00226565
-0.000205968
-0.00144178
-0.00240296
-0.00116715
0.000617904
-0.000411936
-0.0051492
-0.0101611
-0.0104357
-0.00418801
0.00556113
0.0133193
0.015173
0.0113282
0.00508054
-0.000411936
-0.0040507
-0.00604173
-0.00652232
-0.00556113
-0.00391339
-0.00260893
-0.00199102
-0.00116715
0.000137312
0.000549248
-0.00157909
-0.00631635
-0.0123581
-0.0185371
-0.0234803
-0.0258833
-0.0245788
-0.0197043
-0.0131133
-0.00700291
-0.00295221
-0.00157909
-0.00137312
0.000205968
0.00466861
0.0102984
0.0130446
0.0101611
0.00260893
-0.00590441
-0.0120148
-0.0137998
-0.0116715
-0.00741484
-0.00411936
-0.00398205
-0.00645366
-0.00817006
-0.00624769
-0.000755216
0.00453129
0.00590441
0.00288355
-0.000961184
-0.00164774
0.00164774
0.00535517
0.0051492
-0.0010985
-0.0118775
-0.0229997
-0.0291101
-0.0265699
-0.0165461
-0.00494323
0.00157909
0.000274624
-0.00611038
-0.0116029
-0.0118088
-0.00645366
0.000411936
0.00453129
0.0040507
0.00034328
-0.00391339
-0.00604173
-0.00473726
-0.000823872
0.00329549
0.00535517
0.00432533
0.00102984
-0.00302086
-0.00604173
-0.00693425
-0.00638501
-0.00590441
-0.00672828
-0.00871931
-0.0116029
-0.0159282
-0.0214893
-0.0260206
-0.0261579
-0.0210774
-0.0137312
-0.0081014
-0.00597307
-0.00611038
-0.00624769
-0.00521785
-0.0034328
-0.0023343
-0.00247161
-0.00315817
-0.00370742
-0.00391339
-0.00418801
-0.00494323
-0.00652232
-0.00885662
-0.0112596
-0.0131133
-0.0138685
-0.0134566
-0.0120148
-0.00974915
-0.00727753
-0.00604173
-0.00700291
-0.0100238
-0.0133193
-0.0151043
-0.015173
-0.0140058
-0.0118088
-0.008582
-0.00480592
-0.00240296
-0.00329549
-0.00782678
-0.0142118
-0.0192237
-0.0202535
-0.0175759
-0.0140058
-0.0122208
-0.0126327
-0.0133193
-0.0121521
-0.0091999
-0.00617904
-0.00473726
-0.00466861
-0.00466861
-0.00425667
-0.00432533
-0.0057671
-0.00823872
-0.00988646
-0.00968049
-0.00762081
-0.00473726
-0.00164774
0.0010985
0.00322683
0.00363877
0.00144178
-0.0034328
-0.00913124
-0.0128387
-0.0127014
-0.00913124
-0.00439398
-0.000480592
0.00185371
0.00281489
0.00274624
0.0017164
0
-0.00219699
-0.00418801
-0.0051492
-0.00508054
-0.00473726
-0.00508054
-0.00631635
-0.0074835
-0.00768947
-0.00707156
-0.00693425
-0.008582
-0.0120148
-0.0153789
-0.0162715
-0.0137998
-0.00933721
-0.00459995
-0.000617904
0.00240296
0.00418801
0.00446264
0.00336414
0.00102984
-0.00240296
-0.00672828
-0.0110536
-0.0135252
-0.012564
-0.00803275
-0.00185371
0.00240296
0.00185371
-0.00357011
-0.0107103
-0.014967
-0.0137312
-0.00844468
-0.00391339
-0.00418801
-0.00968049
-0.0166834
-0.0210774
-0.021146
-0.0178506
-0.0130446
-0.00789544
-0.00308952
0.000755216
0.00274624
0.00288355
0.00164774
0.000137312
-0.00068656
-6.8656e-05
0.0017164
0.0040507
0.00631635
0.00830737
0.00899393
0.00631635
-0.000205968
-0.00768947
-0.0113969
-0.00906259
-0.00308952
0.00219699
0.00466861
0.00501189
0.0051492
0.00556113
0.00501189
0.00212834
-0.00295221
-0.00830737
-0.0115342
-0.0116715
-0.00878796
-0.00418801
-0.000137312
0.000961184
-0.00219699
-0.00926856
-0.0182625
-0.0269131
-0.0330922
-0.0354951
-0.0343966
-0.0315131
-0.0290415
-0.0274624
-0.0248535
-0.0181938
-0.00665963
0.00665963
0.0162715
0.0182625
0.012976
0.00391339
-0.00501189
-0.0111909
-0.0139372
-0.0135939
-0.0112596
-0.00865065
-0.00741484
-0.008582
-0.0122208
-0.01737
-0.0220386
-0.0236863
-0.021352
-0.0168894
-0.0142118
-0.0153789
-0.019155
-0.0214207
-0.018949
-0.0118088
-0.00295221
0.0040507
0.00700291
0.0051492
-0.000549248
-0.00707156
-0.00995512
-0.00659097
0.00130446
0.00844468
0.0105044
0.00693425
0.000205968
-0.00707156
-0.0133879
-0.01737
-0.0176446
-0.0140058
-0.0081014
-0.00247161
0.000755216
0.00116715
0.000205968
-6.8656e-05
0.000892528
0.00123581
-0.00199102
-0.00968049
-0.0190177
-0.0245788
-0.0224505
-0.0135252
-0.00350145
0.000823872
-0.00336414
-0.0132506
-0.0232744
-0.027943
-0.0245102
-0.0135939
0.000480592
0.0112596
0.0138685
0.008582
0.000205968
-0.00562979
-0.00707156
-0.00652232
-0.0074835
-0.0112596
-0.0154476
-0.0164088
-0.0123581
-0.00542382
0.000137312
0.00116715
-0.00212834
-0.00768947
-0.0134566
-0.0186744
-0.0227938
-0.0247848
-0.0239609
-0.0203908
-0.0153103
-0.0102984
-0.00638501
-0.00425667
-0.00425667
-0.00624769
-0.0091999
-0.0119461
-0.0137312
-0.0142804
-0.0131819
-0.0102297
-0.00617904
-0.00288355
-0.00178506
-0.00254027
-0.00377608
-0.00466861
-0.00480592
-0.00439398
-0.00377608
-0.00357011
-0.0040507
-0.00501189
-0.00590441
-0.00624769
-0.00562979
-0.00466861
-0.00487457
-0.00734619
-0.0118088
-0.0160655
-0.0177819
-0.0166147
-0.0142118
-0.0124954
-0.0118775
-0.0111223
-0.00892528
-0.0051492
-0.00102984
0.00199102
0.00391339
0.00562979
0.00714022
0.00659097
0.00199102
-0.00645366
-0.0159282
-0.0232744
-0.0268445
-0.0263639
-0.0221759
-0.014967
-0.00638501
0.000823872
0.00453129
0.00459995
0.00247161
0.000137312
-0.00144178
-0.00247161
-0.00274624
-0.00185371
-6.8656e-05
0.000892528
-0.000617904
-0.00446264
-0.00851334
-0.0109163
-0.0111909
-0.010779
-0.0112596
-0.0128387
-0.0140745
-0.0133879
-0.0106417
-0.00693425
-0.00425667
-0.0040507
-0.00631635
-0.0098178
-0.0130446
-0.0148983
-0.014967
-0.0133193
-0.010985
-0.0091999
-0.0081014
-0.0068656
-0.00446264
-0.00151043
0.000480592
0.000205968
-0.00192237
-0.00432533
-0.00542382
-0.00535517
-0.00494323
-0.00446264
-0.00357011
-0.00192237
-6.8656e-05
0.00116715
0.00130446
0.000480592
-0.000961184
-0.00302086
-0.00521785
-0.00645366
-0.0057671
-0.00350145
-0.00192237
-0.00308952
-0.00645366
-0.00968049
-0.0107103
-0.00933721
-0.00645366
-0.00322683
-0.000274624
0.00226565
0.00459995
0.00611038
0.00583576
0.00315817
-0.0010985
-0.00528651
-0.00851334
-0.0113282
-0.0144178
-0.0178506
-0.0204595
-0.0205968
-0.017164
-0.0104357
-0.00185371
0.00569845
0.00947452
0.008582
0.00432533
-0.000823872
-0.00432533
-0.0051492
-0.00487457
-0.00611038
-0.00968049
-0.0137998
-0.0157909
-0.015173
-0.0137312
-0.0135252
-0.0145551
-0.014967
-0.0135252
-0.0107103
-0.00906259
-0.0105044
-0.014761
-0.0197729
-0.023343
-0.0236177
-0.019567
-0.0118088
-0.00315817
0.00199102
0.0010985
-0.00432533
-0.00968049
-0.0111909
-0.00913124
-0.00645366
-0.00597307
-0.00782678
-0.0102984
-0.0116029
-0.0120148
-0.0137312
-0.0179879
-0.023755
-0.0278743
-0.0276684
-0.0221759
-0.0132506
-0.00494323
-0.00164774
-0.00473726
-0.0113969
-0.0170953
-0.0186058
-0.0152416
-0.00851334
-0.00164774
0.00192237
0.00034328
-0.00473726
-0.00947452
-0.0115342
-0.010985
-0.00947452
-0.00865065
-0.00995512
-0.0138685
-0.018949
-0.0223818
-0.0221759
-0.0188117
-0.0153103
-0.0146237
-0.0174386
-0.0216266
-0.0236863
-0.0212834
-0.0150357
-0.0081014
-0.00377608
-0.00425667
-0.00961184
-0.0179879
-0.02554
-0.0280116
-0.0229311
-0.0116029
0.000961184
0.008582
0.00755216
-0.000480592
-0.0100238
-0.0151043
-0.0139372
-0.00947452
-0.00617904
-0.00659097
-0.0100924
-0.0135252
-0.0142804
-0.0120148
-0.00871931
-0.00617904
-0.00473726
-0.0040507
-0.00432533
-0.00597307
-0.00844468
-0.0108476
-0.0127014
-0.0134566
-0.0122208
-0.00830737
-0.00254027
0.00322683
0.00700291
0.00762081
0.00521785
0.00068656
-0.00453129
-0.00961184
-0.0140058
-0.0165461
-0.0154476
-0.0103671
-0.00336414
0.00185371
0.00178506
-0.00453129
-0.0152416
-0.0265699
-0.0346713
-0.036525
-0.0315131
-0.021558
-0.0109163
-0.00391339
-0.00247161
-0.00473726
-0.00700291
-0.00707156
-0.00569845
-0.00535517
-0.00720888
-0.0104357
-0.0136625
-0.0159282
-0.0168207
-0.0163401
-0.0153103
-0.0150357
-0.0159282
-0.0170953
-0.016958
-0.0141431
-0.00851334
-0.0017164
0.00370742
0.00549248
0.00322683
-0.00205968
-0.00851334
-0.0145551
-0.0190864
-0.0219699
-0.0240296
-0.0253341
-0.0245788
-0.0206654
-0.0146237
-0.00995512
-0.00947452
-0.0133879
-0.0184685
-0.0206654
-0.0176446
-0.0101611
-0.00192237
0.00363877
0.00508054
0.00350145
0.00116715
-0.000205968
-0.000411936
-0.000617904
-0.00260893
-0.0074835
-0.0142804
-0.0205968
-0.0239609
-0.0236863
-0.0203908
-0.0161342
-0.012976
-0.0121521
-0.0130446
-0.0142118
-0.0151043
-0.0163401
-0.0183998
-0.0198416
-0.0183311
-0.012976
-0.00597307
-0.00102984
-0.000755216
-0.00480592
-0.0102984
-0.0142118
-0.0152416
-0.0137998
-0.0109163
-0.0074835
-0.00439398
-0.00274624
-0.00384473
-0.00775812
-0.0130446
-0.0167521
-0.0164774
-0.0122208
-0.00679694
-0.00288355
-0.0017164
-0.0034328
-0.00755216
-0.01277
-0.016958
-0.0190864
-0.0197043
-0.0204595
-0.0212147
-0.0201849
-0.0157222
-0.008582
-0.00178506
0.00219699
0.00329549
0.00315817
0.00302086
0.00267758
0.0010985
-0.00157909
-0.00398205
-0.00501189
-0.00528651
-0.00659097
-0.0104357
-0.0160655
-0.0205968
-0.0208028
-0.0156536
-0.00734619
0.000549248
0.00549248
0.00714022
0.00638501
0.00377608
-0.00034328
-0.00494323
-0.00906259
-0.0122894
-0.0148983
-0.017164
-0.018949
-0.019567
-0.0183998
-0.0153789
-0.0116029
-0.00926856
-0.00947452
-0.0114655
-0.0141431
-0.016958
-0.019567
-0.0208714
-0.0190864
-0.0140745
-0.00789544
-0.00315817
-0.00102984
-0.000755216
-0.00144178
-0.00247161
-0.00384473
-0.00528651
-0.00624769
-0.00645366
-0.00638501
-0.00672828
-0.00823872
-0.010573
-0.012564
-0.0135939
-0.0133193
-0.0121521
-0.010573
-0.00954318
-0.00940587
-0.00940587
-0.00871931
-0.00727753
-0.00672828
-0.00885662
-0.0137312
-0.0192237
-0.0225878
-0.0224505
-0.0194296
-0.014761
-0.00995512
-0.00617904
-0.00439398
-0.00453129
-0.00521785
-0.00562979
-0.00611038
-0.00796409
-0.0118775
-0.0174386
-0.0232057
-0.0269818
-0.0265699
-0.0210774
-0.0124954
-0.00535517
-0.00357011
-0.00693425
-0.0113282
-0.0120835
-0.00789544
-0.00137312
0.00302086
0.00226565
-0.00363877
-0.0119461
-0.0190864
-0.0226565
-0.0218326
-0.0172326
-0.0109163
-0.00521785
-0.00219699
-0.00247161
-0.00597307
-0.0117402
-0.0175759
-0.0201849
-0.0176446
-0.0113969
-0.00528651
-0.00260893
-0.00398205
-0.00782678
-0.0121521
-0.0160655
-0.0190177
-0.0200475
-0.0186744
-0.0160655
-0.0146924
-0.0155849
-0.0175759
-0.0181938
-0.0164774
-0.0132506
-0.00961184
-0.00562979
-0.00144178
0.00185371
0.00260893
6.8656e-05
-0.00377608
-0.00631635
-0.00631635
-0.00549248
-0.00652232
-0.0102984
-0.0153789
-0.0194296
-0.0216266
-0.0232744
-0.0254714
-0.027943
-0.0290415
-0.0278057
-0.0241669
-0.0181252
-0.0104357
-0.00329549
0.000549248
0.000205968
-0.0023343
-0.0040507
-0.00411936
-0.00398205
-0.00549248
-0.00844468
-0.0104357
-0.00988646
-0.00775812
-0.00707156
-0.00954318
-0.0140745
-0.0175759
-0.01737
-0.0130446
-0.00624769
-0.000137312
0.00254027
0.0010985
-0.00288355
-0.00727753
-0.0103671
-0.0111223
-0.00933721
-0.00604173
-0.00329549
-0.00295221
-0.00535517
-0.0091999
-0.0120835
-0.0119461
-0.00817006
-0.00185371
0.00453129
0.00837603
0.00865065
0.00597307
0.00260893
0.000617904
0.000274624
0.000617904
0.000274624
-0.00123581
-0.00363877
-0.00659097
-0.00995512
-0.0137998
-0.0175073
-0.0199789
-0.0207341
-0.0197729
-0.0173013
-0.0142804
-0.0128387
-0.0148983
-0.0197043
-0.0230684
-0.0209401
-0.0134566
-0.00535517
-0.00185371
-0.00480592
-0.0110536
-0.0159282
-0.0161342
-0.0120148
-0.00652232
-0.00281489
-0.00295221
-0.00693425
-0.0130446
-0.0179192
-0.0187431
-0.0144864
-0.00679694
0.00178506
0.00865065
0.0118775
0.0106417
0.00569845
-0.000823872
-0.00665963
-0.0104357
-0.0114655
-0.00954318
-0.00569845
-0.00219699
-0.00164774
-0.00521785
-0.0116029
-0.0178506
-0.0212147
-0.0209401
-0.0179192
-0.0142118
-0.0111909
-0.00899393
-0.00659097
-0.00350145
-0.00034328
0.00102984
-0.000549248
-0.00459995
-0.00865065
-0.0100238
-0.00817006
-0.00521785
-0.00398205
-0.00583576
-0.00954318
-0.0128387
-0.0140058
-0.01277
-0.0100924
-0.00672828
-0.00254027
0.0023343
0.00638501
0.00775812
0.00590441
0.00219699
-0.0017164
-0.00521785
-0.00823872
-0.0103671
-0.0100238
-0.00638501
-0.000755216
0.00370742
0.00418801
0.000755216
-0.00370742
-0.00659097
-0.00720888
-0.00679694
-0.00652232
-0.00645366
-0.00583576
-0.00432533
-0.00295221
-0.00302086
-0.00473726
-0.00583576
-0.0040507
0.000137312
0.00288355
0.000617904
-0.00624769
-0.0132506
-0.0165461
-0.0157909
-0.0132506
-0.0112596
-0.0101611
-0.00974915
-0.0106417
-0.0134566
-0.0173013
-0.019155
-0.0164088
-0.0100924
-0.00418801
-0.00226565
-0.00432533
-0.00762081
-0.00974915
-0.0105044
-0.0107103
-0.010985
-0.0113282
-0.0113282
-0.010985
-0.010985
-0.0122894
-0.0150357
-0.0177132
-0.0180565
-0.0152416
-0.0107103
-0.00762081
-0.00803275
-0.0117402
-0.0164088
-0.0188117
-0.0174386
-0.0128387
-0.00755216
-0.00398205
-0.00288355
-0.00302086
-0.00247161
-0.000137312
0.00315817
0.00528651
0.00487457
0.00274624
0.00068656
-0.000617904
-0.00254027
-0.00672828
-0.0131819
-0.0202535
-0.0253341
-0.0264325
-0.0236863
-0.0190177
-0.0153789
-0.0142804
-0.0153103
-0.0168207
-0.017164
-0.0158595
-0.0142804
-0.0141431
-0.0157222
-0.0173013
-0.0170953
-0.0148983
-0.0120835
-0.0103671
-0.0106417
-0.0119461
-0.0129073
-0.01277
-0.012564
-0.0141431
-0.0181938
-0.023755
-0.0282176
-0.0287669
-0.0240296
-0.014761
-0.00439398
0.00240296
0.00226565
-0.00501189
-0.0157909
-0.0251281
-0.0293161
-0.0272564
-0.0201849
-0.0113969
-0.00494323
-0.00322683
-0.00556113
-0.0091999
-0.0112596
-0.0104357
-0.00762081
-0.00480592
-0.00391339
-0.00569845
-0.00961184
-0.0137998
-0.0159968
-0.0153103
-0.0122894
-0.008582
-0.0051492
-0.00226565
-0.000205968
0.000274624
-0.00116715
-0.0040507
-0.00720888
-0.00926856
-0.00926856
-0.00652232
-0.00144178
0.00432533
0.0081014
0.00803275
0.00398205
-0.0034328
-0.0128387
-0.0219699
-0.0274624
-0.0267072
-0.0201162
-0.0108476
-0.00226565
0.00357011
0.00631635
0.00617904
0.00357011
-0.00144178
-0.00851334
-0.0163401
-0.0226565
-0.0249221
-0.0222445
-0.0162715
-0.0103671
-0.00796409
-0.0098178
-0.0134566
-0.0148297
-0.0122894
-0.0074835
-0.0040507
-0.00363877
-0.0051492
-0.00597307
-0.00473726
-0.00260893
-0.00226565
-0.00480592
-0.00926856
-0.0132506
-0.014967
-0.0137312
-0.010573
-0.00720888
-0.00508054
-0.00459995
-0.00535517
-0.00665963
-0.00762081
-0.0074835
-0.00590441
-0.00370742
-0.00295221
-0.00528651
-0.010779
-0.0174386
-0.0223818
-0.0234803
-0.0202535
-0.0139372
-0.00734619
-0.00295221
-0.00192237
-0.00384473
-0.00734619
-0.0108476
-0.0128387
-0.01277
-0.0114655
-0.0102297
-0.0098178
-0.0100238
-0.0105044
-0.0100238
-0.0068656
-0.00034328
0.00727753
0.0120148
0.0114655
0.00617904
-0.00157909
-0.00940587
-0.0155849
-0.0181938
-0.0157222
-0.00892528
-0.00068656
0.00521785
0.00597307
0.00123581
-0.00645366
-0.0133193
-0.0166147
-0.0166147
-0.0156536
-0.0154476
-0.0159968
-0.0158595
-0.0135252
-0.0091999
-0.00425667
-0.000411936
0.00185371
0.0034328
0.00494323
0.00569845
0.00425667
0.000411936
-0.00411936
-0.00659097
-0.00569845
-0.00281489
-0.00130446
-0.00411936
-0.0118775
-0.0217639
-0.0292474
-0.0309638
-0.0274624
-0.0227251
-0.0212147
-0.023755
-0.027531
-0.0284236
-0.0240296
-0.0152416
-0.0057671
0.00034328
0.0017164
0
-0.00185371
-0.00226565
-0.00212834
-0.00329549
-0.00624769
-0.00926856
-0.0098178
-0.00700291
-0.00260893
0.000137312
-0.000892528
-0.00535517
-0.0104357
-0.0133193
-0.0124267
-0.00906259
-0.00624769
-0.00693425
-0.0121521
-0.0201162
-0.0280803
-0.0335728
-0.0352205
-0.032131
-0.0247161
-0.014761
-0.00494323
0.00274624
0.00734619
0.008582
0.00631635
0.00123581
-0.00549248
-0.0124267
-0.0181938
-0.0212834
-0.0204595
-0.0168207
-0.0135252
-0.0129073
-0.0138685
-0.0133193
-0.010573
-0.0081014
-0.00913124
-0.0140745
-0.0203222
-0.0249908
-0.0263639
-0.0242356
-0.0188117
-0.010985
-0.00308952
0.00212834
0.00260893
-0.00130446
-0.00720888
-0.0120835
-0.0135252
-0.010779
-0.00494323
0.00116715
0.0040507
0.00205968
-0.00336414
-0.00803275
-0.00865065
-0.00466861
0.00151043
0.00665963
0.00865065
0.00768947
0.00549248
0.00302086
0
-0.00418801
-0.00851334
-0.010779
-0.00974915
-0.00624769
-0.00219699
0.0010985
0.00363877
0.00569845
0.00700291
0.00645366
0.0034328
-0.00130446
-0.00590441
-0.00954318
-0.0122208
-0.0142118
-0.0146237
-0.0122208
-0.00727753
-0.00151043
0.00302086
0.00501189
0.00446264
0.00212834
-0.00068656
-0.00226565
-0.00205968
-0.000549248
0.000755216
0.000274624
-0.00288355
-0.0081014
-0.0131819
-0.0152416
-0.0129073
-0.00789544
-0.00411936
