-0.00940587
-0.00885662
-0.00487457
0.000411936
0.00350145
0.00274624
0.000137312
-0.000892528
0.000755216
0.00308952
0.00281489
-0.00123581
-0.00665963
-0.00961184
-0.00768947
-0.00164774
0.00521785
0.00974915
0.0103671
0.00679694
-6.8656e-05
-0.00823872
-0.0148983
-0.0179879
-0.0175073
-0.015173
-0.0131133
-0.012564
-0.0133879
-0.0144178
-0.0145551
-0.012976
-0.0100924
-0.00700291
-0.00487457
-0.00425667
-0.00569845
-0.00865065
-0.0113969
-0.0123581
-0.0112596
-0.0100238
-0.010779
-0.0143491
-0.0201162
-0.0260893
-0.0295907
-0.0286982
-0.0234803
-0.0163401
-0.00968049
-0.00494323
-0.00274624
-0.00308952
-0.00466861
-0.00480592
-0.00205968
0.00247161
0.00569845
0.00501189
-0.000137312
-0.00885662
-0.0190864
-0.0283549
-0.034122
-0.0343966
-0.0293161
-0.0208028
-0.0118088
-0.00453129
6.8656e-05
0.0023343
0.00267758
0.00102984
-0.00226565
-0.00638501
-0.00995512
-0.0120835
-0.0123581
-0.0106417
-0.0068656
-0.00185371
0.00281489
0.00549248
0.00590441
0.00446264
0.00219699
-0.000617904
-0.00350145
-0.00583576
-0.00727753
-0.00823872
-0.00974915
-0.0118775
-0.0136625
-0.0144178
-0.0145551
-0.0154476
-0.0176446
-0.0203908
-0.0222445
-0.0228624
-0.0232744
-0.0238236
-0.0238236
-0.0219699
-0.0184685
-0.0153103
-0.015173
-0.0186744
-0.0236177
-0.0270505
-0.0275997
-0.0250594
-0.0196356
-0.0122894
-0.00837603
-0.0198416
-0.0641247
-0.157909
-0.308128
-0.503317
-0.712718
-0.897608
-1.02799
-1.09554
-1.11353
-1.1066
-1.0974
-1.09884
-1.11291
-1.13399
-1.15356
-1.16544
-1.16804
-1.16482
-1.16097
-1.16022
-1.16289
-1.16667
-1.16859
-1.1664
-1.15994
-1.15067
-1.14113
-1.13406
-1.12973
-1.12541
-1.11738
-1.1044
-1.08833
-1.07289
-1.06115
-1.05435
-1.05222
-1.0538
-1.05771
-1.06273
-1.06829
-1.07447
-1.08133
-1.0884
-1.09444
-1.0987
-1.10138
-1.10392
-1.10797
-1.11408
-1.12081
-1.12575
-1.12713
-1.125
-1.12095
-1.11738
-1.11676
-1.12005
-1.12603
-1.13241
-1.1366
-1.13708
-1.13406
-1.12925
-1.12424
-1.1193
-1.11408
-1.10886
-1.10509
-1.10385
-1.1055
-1.10948
-1.11401
-1.1169
-1.11655
-1.11333
-1.10976
-1.10811
-1.10879
-1.1101
-1.10982
-1.1066
-1.10131
-1.09637
-1.09417
-1.09534
-1.09932
-1.10481
-1.11003
-1.11278
-1.11264
-1.11223
-1.11587
-1.12603
-1.14092
-1.15569
-1.16475
-1.16392
-1.15164
-1.12857
-1.09671
-1.05744
-1.01178
-0.961458
-0.90873
-0.855041
-0.799705
-0.742171
-0.684157
-0.630056
-0.582889
-0.541215
-0.499815
-0.453885
-0.401843
-0.346507
-0.292955
-0.245926
-0.208302
-0.180359
-0.160449
-0.145688
-0.133261
-0.121178
-0.108957
-0.0977661
-0.0892528
-0.0838289
-0.0793663
-0.0736679
-0.066459
-0.0602113
-0.0573277
-0.0579456
-0.0595247
-0.0597307
-0.057465
-0.0535517
-0.0497069
-0.0469607
-0.0446264
-0.0416055
-0.0376921
-0.034534
-0.0343966
-0.0381041
-0.0440085
-0.0486771
-0.0495696
-0.0470293
-0.0431846
-0.0400951
-0.0384473
-0.0378981
-0.0381041
-0.0380354
-0.036319
-0.032131
-0.0261579
-0.0201162
-0.0152416
-0.0124267
-0.0120148
-0.0139372
-0.0179192
-0.0234117
-0.0291101
-0.0328862
-0.0331608
-0.0302773
-0.0265012
-0.0238236
-0.0225192
-0.021352
-0.0202535
-0.0199102
-0.021352
-0.0240982
-0.0268445
-0.0281489
-0.0274624
-0.0254714
-0.0232744
-0.0218326
-0.0210087
-0.0206654
-0.0208028
-0.021352
-0.0219013
-0.0221072
-0.0219699
-0.0216266
-0.0205968
-0.0186058
-0.0163401
-0.0153103
-0.0163401
-0.0188804
-0.0216266
-0.023343
-0.0234117
-0.0218326
-0.0194983
-0.0170953
-0.0148297
-0.012976
-0.0111909
-0.00871931
-0.00480592
-0.000823872
0.000480592
-0.00281489
-0.00954318
-0.0162715
-0.019155
-0.0164774
-0.00892528
6.8656e-05
0.00583576
0.00459995
-0.00384473
-0.0160655
-0.0267072
-0.032337
-0.0330922
-0.0317191
-0.0304146
-0.0293848
-0.0273251
-0.0242356
-0.0219699
-0.0221759
-0.0245102
-0.0266385
-0.0269818
-0.0256773
-0.0236177
-0.0203908
-0.015173
-0.00865065
-0.00308952
-0.00034328
-0.000549248
-0.00185371
-0.00260893
-0.00254027
-0.00254027
-0.0040507
-0.00775812
-0.012976
-0.0176446
-0.0196356
-0.0179192
-0.0143491
-0.0123581
-0.0143491
-0.019361
-0.0243042
-0.0264325
-0.0249908
-0.0209401
-0.0153103
-0.00926856
-0.00384473
0.000205968
0.00219699
0.00178506
-0.000480592
-0.0034328
-0.00597307
-0.00700291
-0.00624769
-0.00432533
-0.00267758
-0.00288355
-0.00487457
-0.00665963
-0.00652232
-0.00453129
-0.00260893
-0.00247161
-0.00418801
-0.00659097
-0.00817006
-0.0081014
-0.00700291
-0.00617904
-0.00611038
-0.00617904
-0.00556113
-0.00480592
-0.00501189
-0.00645366
-0.00830737
-0.00913124
-0.00768947
-0.00411936
-0.000411936
0.000480592
-0.00205968
-0.00604173
-0.00823872
-0.00734619
-0.00494323
-0.00384473
-0.00556113
-0.00913124
-0.0118775
-0.0120148
-0.00995512
-0.00823872
-0.00865065
-0.010779
-0.0126327
-0.0126327
-0.0108476
-0.00837603
-0.00617904
-0.00487457
-0.00411936
-0.00295221
-0.00137312
-0.000411936
-0.00116715
-0.0034328
-0.00638501
-0.00947452
-0.0123581
-0.0139372
-0.0127014
-0.00830737
-0.00151043
0.00617904
0.0126327
0.0154476
0.0123581
0.00377608
-0.00665963
-0.0139372
-0.0148983
-0.010573
-0.00473726
-0.00116715
-0.00130446
-0.00336414
-0.0051492
-0.00562979
-0.00494323
-0.00377608
-0.00260893
-0.00260893
-0.00535517
-0.0107103
-0.0159282
-0.0176446
-0.0144864
-0.00803275
-0.00151043
0.00260893
0.00350145
0.00157909
-0.00185371
-0.00508054
-0.00652232
-0.00556113
-0.00336414
-0.00199102
-0.00226565
-0.00357011
-0.00418801
-0.00336414
-0.00151043
0.000411936
0.00164774
0.00219699
0.00240296
0.00219699
0
-0.0051492
-0.0116715
-0.0154476
-0.0135939
-0.00768947
-0.00247161
-0.00212834
-0.00714022
-0.0144864
-0.0201162
-0.0210087
-0.0163401
-0.00775812
0.0023343
0.0111223
0.0159968
0.0153103
0.0103671
0.00494323
0.00247161
0.00329549
0.00466861
0.00329549
-0.00137312
-0.00714022
-0.0112596
-0.0124267
-0.0113969
-0.00961184
-0.00844468
-0.008582
-0.00968049
-0.0103671
-0.00940587
-0.00700291
-0.00501189
-0.0051492
-0.00693425
-0.00803275
-0.00665963
-0.00329549
0.000274624
0.00281489
0.00446264
0.00590441
0.00727753
0.0081014
0.00762081
0.00494323
-6.8656e-05
-0.00645366
-0.0120148
-0.0145551
-0.0136625
-0.0103671
-0.00645366
-0.0034328
-0.00212834
-0.00219699
-0.00205968
-0.000549248
0.00130446
0.000961184
-0.00329549
-0.0106417
-0.0183311
-0.0232057
-0.0236863
-0.0201162
-0.0144864
-0.00933721
-0.00638501
-0.0057671
-0.00590441
-0.00466861
-0.00164774
0.00164774
0.00260893
6.8656e-05
-0.00466861
-0.00885662
-0.0101611
-0.00823872
-0.00487457
-0.00240296
-0.00212834
-0.00377608
-0.00679694
-0.0102297
-0.0127014
-0.012564
-0.00933721
-0.00466861
-0.000411936
0.00302086
0.00659097
0.0106417
0.0139372
0.0144178
0.0105044
0.00281489
-0.00528651
-0.00940587
-0.00727753
-0.000961184
0.00453129
0.00569845
0.00240296
-0.00212834
-0.00487457
-0.00432533
-0.000961184
0.00329549
0.00604173
0.00645366
0.00556113
0.00562979
0.00803275
0.0128387
0.0179879
0.0201162
0.0163401
0.0068656
-0.00501189
-0.0143491
-0.0177819
-0.0152416
-0.0098178
-0.0057671
-0.00439398
-0.00363877
-0.00123581
0.00199102
0.00281489
-0.000205968
-0.00528651
-0.00926856
-0.0104357
-0.00865065
-0.00439398
0.00205968
0.00947452
0.0153103
0.0173013
0.0146237
0.00885662
0.00247161
-0.00260893
-0.00562979
-0.00604173
-0.0034328
0.00185371
0.00734619
0.0101611
0.0091999
0.00624769
0.00432533
0.00432533
0.00473726
0.00418801
0.00308952
0.00295221
0.00384473
0.00384473
0.000823872
-0.00453129
-0.00961184
-0.0124267
-0.0128387
-0.0114655
-0.00885662
-0.00521785
-0.00137312
0.00151043
0.00240296
0.00116715
-0.00144178
-0.0040507
-0.00528651
-0.00487457
-0.00370742
-0.00302086
-0.00377608
-0.00679694
-0.0124267
-0.0194983
-0.0251967
-0.0271191
-0.0254027
-0.0223132
-0.0192923
-0.0163401
-0.012564
-0.00817006
-0.00466861
-0.00370742
-0.00604173
-0.0101611
-0.0133193
-0.0138685
-0.0122208
-0.010573
-0.010779
-0.01277
-0.0146237
-0.0135939
-0.008582
-0.00068656
0.00652232
0.00954318
0.00782678
0.00384473
0.00068656
-0.000411936
-0.000205968
0
-0.00068656
-0.00185371
-0.00254027
-0.00192237
-0.00034328
0.000617904
-0.000274624
-0.00274624
-0.00501189
-0.00617904
-0.00672828
-0.00789544
-0.00913124
-0.00851334
-0.00459995
0.00144178
0.00631635
0.00755216
0.0051492
0.000961184
-0.00308952
-0.00624769
-0.00899393
-0.0120148
-0.0153103
-0.0181252
-0.0190864
-0.0175073
-0.0137312
-0.0091999
-0.00528651
-0.00281489
-0.00205968
-0.00219699
-0.0017164
0.000274624
0.00254027
0.00178506
-0.00418801
-0.0131819
-0.0197729
-0.0192923
-0.0120148
-0.00308952
0.00219699
0.00157909
-0.00329549
-0.00974915
-0.0153103
-0.0181252
-0.0175759
-0.0144178
-0.0110536
-0.0091999
-0.00837603
-0.00645366
-0.00164774
0.00480592
0.00906259
0.00727753
-0.00144178
-0.0133879
-0.0225878
-0.0252654
-0.0225192
-0.0188804
-0.0176446
-0.0178506
-0.0159968
-0.0101611
-0.00240296
0.00267758
0.00144178
-0.00604173
-0.0157222
-0.0225192
-0.0231371
-0.0177132
-0.00906259
-0.00123581
0.00178506
-0.000549248
-0.00562979
-0.00974915
-0.0112596
-0.0100924
-0.00672828
-0.00240296
0.000755216
0.000617904
-0.00288355
-0.00775812
-0.0112596
-0.0119461
-0.0103671
-0.00796409
-0.00604173
-0.00508054
-0.00508054
-0.00569845
-0.00679694
-0.00817006
-0.00968049
-0.0106417
-0.0109163
-0.0111223
-0.0124267
-0.015173
-0.0179879
-0.0192923
-0.0188117
-0.0181938
-0.0197043
-0.023549
-0.0267758
-0.0254714
-0.0179879
-0.00720888
0.00164774
0.00459995
0.0017164
-0.00363877
-0.00782678
-0.00906259
-0.00741484
-0.00384473
0.000411936
0.00453129
0.00734619
0.00782678
0.00501189
-0.000823872
-0.00851334
-0.0155162
-0.019567
-0.019361
-0.0157909
-0.010985
-0.00672828
-0.00377608
-0.0017164
-0.000411936
-0.000137312
-0.00151043
-0.00501189
-0.0102984
-0.0153789
-0.0177132
-0.0153103
-0.00851334
6.8656e-05
0.00645366
0.00762081
0.00384473
-0.00185371
-0.00624769
-0.00844468
-0.0091999
-0.00885662
-0.00693425
-0.00350145
-0.000137312
0.00151043
0.000961184
-0.00123581
-0.00432533
-0.00782678
-0.010985
-0.0128387
-0.0130446
-0.0118088
-0.0101611
-0.00954318
-0.0102984
-0.0115342
-0.0114655
-0.00878796
-0.00411936
0.000480592
0.00274624
0.00144178
-0.00281489
-0.00823872
-0.0127014
-0.0146237
-0.012976
-0.00782678
-0.000755216
0.00494323
0.00611038
0.00288355
-0.0017164
-0.00439398
-0.00425667
-0.00302086
-0.00254027
-0.00350145
-0.00549248
-0.00782678
-0.0104357
-0.0134566
-0.0162715
-0.016958
-0.0140058
-0.00796409
-0.00130446
0.00288355
0.00329549
0.000961184
-0.00116715
-0.000480592
0.00322683
0.00789544
0.010779
0.0103671
0.00631635
-0.000755216
-0.00913124
-0.0154476
-0.0166147
-0.0127014
-0.00665963
-0.00192237
-0.000205968
-0.00130446
-0.00391339
-0.00624769
-0.00714022
-0.00659097
-0.00521785
-0.00357011
-0.00151043
0.000823872
0.00240296
0.00192237
-0.000823872
-0.00480592
-0.00837603
-0.0101611
-0.00940587
-0.0051492
0.00240296
0.0106417
0.0150357
0.0128387
0.00549248
-0.00219699
-0.00652232
-0.00700291
-0.00569845
-0.00501189
-0.00590441
-0.00817006
-0.0100924
-0.0102297
-0.00817006
-0.00542382
-0.00384473
-0.00370742
-0.00363877
-0.00295221
-0.00247161
-0.00377608
-0.00645366
-0.00817006
-0.0068656
-0.00288355
0.00116715
0.00302086
0.00178506
-0.00157909
-0.00549248
-0.00837603
-0.00913124
-0.00775812
-0.00528651
-0.00350145
-0.00308952
-0.00350145
-0.00322683
-0.0017164
0.000274624
0.00137312
0.00034328
-0.00281489
-0.00700291
-0.0101611
-0.0100924
-0.00617904
-0.000137312
0.00459995
0.00480592
0.000823872
-0.00322683
-0.00274624
0.00254027
0.00823872
0.00933721
0.00494323
-0.0017164
-0.00597307
-0.00508054
0.000823872
0.00865065
0.0134566
0.0116029
0.00308952
-0.00823872
-0.0179192
-0.0232744
-0.0243729
-0.0226565
-0.019155
-0.0142804
-0.00851334
-0.00336414
-0.000755216
-0.00164774
-0.00569845
-0.0108476
-0.0146237
-0.0148983
-0.0112596
-0.00528651
0.000205968
0.00267758
0.0010985
-0.0034328
-0.00817006
-0.00995512
-0.00720888
-0.000823872
0.00700291
0.0137998
0.0177132
0.0164774
0.00878796
-0.0034328
-0.0144178
-0.0185371
-0.0143491
-0.00631635
-0.00034328
0.000617904
-0.00199102
-0.00487457
-0.00556113
-0.00377608
-0.00068656
0.00185371
0.00295221
0.00219699
-0.000411936
-0.00459995
-0.00933721
-0.0126327
-0.0131133
-0.0104357
-0.00569845
-0.00034328
0.0051492
0.0109163
0.0164774
0.0197043
0.0182625
0.0119461
0.00350145
-0.00315817
-0.00549248
-0.00329549
0.00199102
0.00796409
0.0118775
0.0116715
0.0068656
-0.00116715
-0.0098178
-0.0159968
-0.0176446
-0.0151043
-0.010779
-0.00768947
-0.0068656
-0.00679694
-0.00562979
-0.00302086
-0.000137312
0.0017164
0.00226565
0.00260893
0.00363877
0.00508054
0.00508054
0.00164774
-0.00528651
-0.0130446
-0.0179879
-0.0180565
-0.0136625
-0.00755216
-0.00247161
-0.000137312
-0.00102984
-0.0051492
-0.010985
-0.0158595
-0.0166147
-0.0119461
-0.0034328
0.00418801
0.00590441
-0.000137312
-0.010779
-0.0194983
-0.0204595
-0.0126327
-0.00068656
0.00865065
0.0116715
0.00913124
0.00487457
0.00212834
0.0017164
0.00205968
0.00116715
-0.00151043
-0.00556113
-0.0102297
-0.014761
-0.0177819
-0.0186744
-0.0180565
-0.0172326
-0.0167521
-0.0157222
-0.0135939
-0.0111223
-0.0100924
-0.0111223
-0.0131133
-0.0142804
-0.0129073
-0.00865065
-0.00308952
0.000892528
0.00164774
0.000205968
-0.000411936
0.00219699
0.0074835
0.0128387
0.0151043
0.0128387
0.00645366
-0.00219699
-0.0112596
-0.0183998
-0.0216953
-0.0201849
-0.0153103
-0.0102297
-0.00720888
-0.00652232
-0.00741484
-0.00899393
-0.010573
-0.0111909
-0.0103671
-0.00837603
-0.00611038
-0.00453129
-0.00446264
-0.00665963
-0.0108476
-0.0155849
-0.0183998
-0.0175073
-0.0136625
-0.00947452
-0.00734619
-0.00741484
-0.00830737
-0.00906259
-0.00968049
-0.0102984
-0.0105044
-0.0091999
-0.00549248
0.000411936
0.00631635
0.00933721
0.00789544
0.00288355
-0.00240296
-0.00432533
-0.00178506
0.00329549
0.00714022
0.00652232
0.000892528
-0.00755216
-0.0151043
-0.0181938
-0.0159282
-0.0105044
-0.00494323
-0.00144178
-0.000755216
-0.00260893
-0.00617904
-0.0100238
-0.0130446
-0.0145551
-0.014761
-0.0141431
-0.0133193
-0.012564
-0.0118775
-0.0104357
-0.00768947
-0.00384473
6.8656e-05
0.00267758
0.00288355
0.000205968
-0.00480592
-0.010779
-0.0153789
-0.0165461
-0.0124954
-0.00336414
0.00837603
0.0186058
0.0234803
0.0212834
0.0123581
-0.000892528
-0.0146237
-0.0251281
-0.0303459
-0.03014
-0.025746
-0.0186744
-0.0109163
-0.0051492
-0.00363877
-0.00727753
-0.0144178
-0.0212147
-0.023343
-0.0190864
-0.010573
-0.00288355
0.000137312
-0.00212834
-0.00700291
-0.010985
-0.0116029
-0.00789544
-0.000892528
0.00597307
0.00926856
0.00775812
0.00267758
-0.00363877
-0.00974915
-0.014967
-0.0187431
-0.0205281
-0.0205281
-0.0192237
-0.0172326
-0.0145551
-0.0111909
-0.00823872
-0.00693425
-0.00700291
-0.0068656
-0.00508054
-0.00226565
-0.000411936
-0.00116715
-0.00453129
-0.00913124
-0.0139372
-0.0179879
-0.0197043
-0.0168894
-0.0091999
0.000892528
0.00974915
0.0141431
0.0130446
0.00693425
-0.00199102
-0.010573
-0.0158595
-0.0163401
-0.0128387
-0.00741484
-0.00247161
6.8656e-05
-0.000549248
-0.00357011
-0.00714022
-0.00926856
-0.00865065
-0.00604173
-0.00302086
-0.000892528
0.000549248
0.00178506
0.00192237
-0.000274624
-0.00466861
-0.00837603
-0.00803275
-0.00274624
0.00398205
0.00693425
0.00357011
-0.00357011
-0.008582
-0.00741484
-0.000892528
0.00624769
0.00974915
0.00768947
0.000411936
-0.0100238
-0.0196356
-0.0240982
-0.0212834
-0.0131819
-0.00350145
0.00398205
0.00714022
0.0057671
0.00102984
-0.00473726
-0.00947452
-0.0119461
-0.0120148
-0.0111909
-0.0118088
-0.0148983
-0.0186744
-0.019361
-0.0150357
-0.00734619
-0.000480592
0.00178506
-0.00130446
-0.00707156
-0.0116029
-0.0124267
-0.00961184
-0.0051492
-0.00068656
0.00205968
0.00205968
-0.000411936
-0.00295221
-0.00302086
-0.00151043
-0.00192237
-0.00672828
-0.0142118
-0.0198416
-0.0203908
-0.0161342
-0.0100924
-0.00604173
-0.00549248
-0.00734619
-0.00913124
-0.00899393
-0.00652232
-0.00219699
0.00254027
0.0057671
0.00617904
0.00411936
0.000892528
-0.00199102
-0.00391339
-0.00466861
-0.00453129
-0.00480592
-0.00672828
-0.0103671
-0.0142118
-0.0166147
-0.0168894
-0.0154476
-0.0133193
-0.0116029
-0.0106417
-0.0102297
-0.0098178
-0.00906259
-0.00803275
-0.00665963
-0.00466861
-0.00212834
0.000274624
0.00137312
0.000823872
-0.000137312
0.00034328
0.00267758
0.0051492
0.00569845
0.00363877
0.000205968
-0.00302086
-0.00494323
-0.00473726
-0.00185371
0.00315817
0.0074835
0.00734619
0.00151043
-0.00714022
-0.0135939
-0.0144178
-0.0100924
-0.00391339
0.000274624
0.000480592
-0.00295221
-0.00741484
-0.0100924
-0.00947452
-0.00597307
-0.0017164
0.00137312
0.0023343
0.00199102
0.0017164
0.00260893
0.00411936
0.00425667
0.00116715
-0.00459995
-0.0100238
-0.0116715
-0.0081014
-0.00116715
0.0051492
0.00741484
0.00466861
-0.000961184
-0.00569845
-0.00707156
-0.00549248
-0.00363877
-0.00370742
-0.00562979
-0.00720888
-0.00604173
-0.00185371
0.00363877
0.00796409
0.00968049
0.0091999
0.00762081
0.00535517
0.00226565
-0.00151043
-0.00473726
-0.00617904
-0.00597307
-0.0051492
-0.00446264
-0.0040507
-0.00459995
-0.00645366
-0.00844468
-0.00823872
-0.00487457
-0.000549248
0.000961184
-0.00226565
-0.0091999
-0.0168894
-0.0227938
-0.02554
-0.0242356
-0.0194296
-0.0134566
-0.00961184
-0.0100924
-0.0131819
-0.0152416
-0.0132506
-0.00707156
0.000274624
0.00466861
0.00295221
-0.00446264
-0.0140058
-0.021352
-0.0238923
-0.0216266
-0.0163401
-0.0101611
-0.00508054
-0.00302086
-0.00521785
-0.010573
-0.0160655
-0.0181938
-0.0155162
-0.00947452
-0.00336414
-0.000755216
-0.00336414
-0.00988646
-0.016958
-0.0214207
-0.0217639
-0.0182625
-0.0124954
-0.00604173
0
0.00459995
0.0068656
0.00583576
0.00157909
-0.00398205
-0.00865065
-0.0116029
-0.0135939
-0.015173
-0.0155849
-0.0135252
-0.00865065
-0.00164774
0.00569845
0.0112596
0.0132506
0.0114655
0.00727753
0.00219699
-0.00212834
-0.00425667
-0.00357011
-0.00123581
0.000617904
0.00068656
-0.000411936
-0.00157909
-0.00226565
-0.00329549
-0.00569845
-0.00954318
-0.0133879
-0.0155162
-0.0148983
-0.0117402
-0.00707156
-0.0017164
0.00322683
0.00631635
0.00652232
0.00363877
-0.00144178
-0.00652232
-0.00954318
-0.0100238
-0.00892528
-0.00775812
-0.00631635
-0.00391339
-0.000617904
0.0017164
0.00137312
-0.0010985
-0.00370742
-0.00459995
-0.00322683
0.000137312
0.00453129
0.00768947
0.00727753
0.00254027
-0.00542382
-0.0136625
-0.0186744
-0.0176446
-0.0102297
0.000823872
0.0110536
0.0170267
0.0175073
0.0135939
0.00782678
0.00219699
-0.00281489
-0.0074835
-0.010985
-0.0122894
-0.0112596
-0.0102984
-0.0116715
-0.0152416
-0.0181938
-0.0182625
-0.0153103
-0.010985
-0.00652232
-0.00199102
0.00267758
0.00672828
0.00871931
0.00830737
0.00672828
0.00508054
0.00288355
-0.000823872
-0.00549248
-0.00885662
-0.00961184
-0.00878796
-0.0081014
-0.00755216
-0.00611038
-0.0034328
-0.00116715
-0.000549248
-0.00137312
-0.00295221
-0.00494323
-0.00741484
-0.00954318
-0.0100924
-0.00865065
-0.00597307
-0.00377608
-0.00391339
-0.00762081
-0.0142118
-0.0203908
-0.0221759
-0.0183311
-0.0116029
-0.00631635
-0.00604173
-0.010985
-0.0181252
-0.0224505
-0.0201849
-0.0115342
-0.00068656
0.0068656
0.00865065
0.0057671
0.00116715
-0.00295221
-0.00645366
-0.00940587
-0.0112596
-0.0113969
-0.0102297
-0.00878796
-0.00755216
-0.00645366
-0.0057671
-0.00645366
-0.00892528
-0.0126327
-0.0162028
-0.0182625
-0.0183311
-0.0163401
-0.0124267
-0.00672828
-0.000137312
0.0051492
0.00631635
0.00240296
-0.00446264
-0.0108476
-0.0146924
-0.0162715
-0.0168207
-0.016958
-0.0161342
-0.0129073
-0.00727753
-0.00151043
0.000274624
-0.00363877
-0.0110536
-0.0172326
-0.0186058
-0.0148297
-0.00789544
-0.000755216
0.00357011
0.0034328
-0.000549248
-0.00542382
-0.00762081
-0.00535517
6.8656e-05
0.00459995
0.00384473
-0.00350145
-0.0144178
-0.0240982
-0.0297967
-0.0311698
-0.0283549
-0.021352
-0.0114655
-0.00267758
0.000892528
-0.0017164
-0.00782678
-0.0137312
-0.0170267
-0.016958
-0.0140058
-0.00851334
-0.000549248
0.00933721
0.0181938
0.021558
0.0168894
0.00590441
-0.00549248
-0.0115342
-0.0103671
-0.00473726
0.000549248
0.00247161
0.000892528
-0.00247161
-0.00624769
-0.0101611
-0.0134566
-0.0151043
-0.0142118
-0.0111909
-0.00796409
-0.00645366
-0.00775812
-0.0113969
-0.0155849
-0.0183311
-0.0188117
-0.0177819
-0.0165461
-0.0153789
-0.0135252
-0.00995512
-0.00556113
-0.00302086
-0.00446264
-0.00913124
-0.0135252
-0.0146237
-0.0122208
-0.00830737
-0.00391339
0.000892528
0.00556113
0.00796409
0.00617904
0.000961184
-0.00453129
-0.00727753
-0.00714022
-0.00611038
-0.00590441
-0.00700291
-0.00871931
-0.0102297
-0.0113969
-0.0121521
-0.0116715
-0.00885662
-0.00350145
0.00281489
0.00755216
0.00906259
0.00789544
0.00611038
0.00569845
0.0068656
0.00796409
0.00714022
0.00357011
-0.00254027
-0.0103671
-0.0188117
-0.0260893
-0.03014
-0.0291788
-0.0226565
-0.0129073
-0.00453129
-0.00116715
-0.00336414
-0.00782678
-0.0106417
-0.00995512
-0.00672828
-0.00308952
-0.000480592
0.00068656
0.000823872
0.000549248
0.000411936
0.0010985
0.00295221
0.00494323
0.00521785
0.00205968
-0.0040507
-0.0102297
-0.0132506
-0.0122208
-0.008582
-0.00446264
-0.00137312
0.000480592
0.00116715
0.00102984
-0.000137312
-0.00212834
-0.00480592
-0.00741484
-0.00913124
-0.00954318
-0.00878796
-0.0074835
-0.00659097
-0.00652232
-0.00652232
-0.00556113
-0.00336414
-0.00144178
-0.00185371
-0.00508054
-0.00933721
-0.0113282
-0.008582
-0.00212834
0.00384473
0.00501189
0.000205968
-0.00768947
-0.015173
-0.0203222
-0.0229311
-0.0229311
-0.0194983
-0.01277
-0.00453129
0.00205968
0.00473726
0.00315817
-0.0010985
-0.00535517
-0.00700291
-0.00528651
-0.000961184
0.00391339
0.00659097
0.0051492
-0.000755216
-0.00878796
-0.0152416
-0.0165461
-0.0120835
-0.00398205
0.00425667
0.00940587
0.0101611
0.00700291
0.00157909
-0.00432533
-0.00906259
-0.0113282
-0.0107103
-0.00823872
-0.00624769
-0.0068656
-0.0104357
-0.0153103
-0.0183998
-0.0168207
-0.00995512
-0.00034328
0.00727753
0.00899393
0.00391339
-0.00528651
-0.0139372
-0.0179192
-0.0160655
-0.010573
-0.00494323
-0.00123581
0.000137312
0
-0.0017164
-0.00521785
-0.0098178
-0.0132506
-0.0132506
-0.00954318
-0.00398205
0.000137312
0.000617904
-0.00254027
-0.0074835
-0.0118775
-0.0140745
-0.0142118
-0.0135252
-0.0130446
-0.0128387
-0.0122208
-0.0111909
-0.0101611
-0.00968049
-0.0091999
-0.0074835
-0.00425667
-0.00116715
-0.00102984
-0.00535517
-0.0127014
-0.0186058
-0.0190177
-0.0136625
-0.00597307
-6.8656e-05
0.00205968
0.000480592
-0.00384473
-0.00926856
-0.0135939
-0.0148983
-0.0127014
-0.00817006
-0.00391339
-0.00178506
-0.00164774
-0.00144178
0.000480592
0.00336414
0.00521785
0.00439398
0.000961184
-0.00411936
-0.00913124
-0.0117402
-0.00968049
-0.00288355
0.0051492
0.00974915
0.00823872
0.00219699
-0.00439398
-0.00762081
-0.00597307
-0.00068656
0.0051492
0.00830737
0.00727753
0.0023343
-0.00446264
-0.0101611
-0.0120835
-0.00913124
-0.00212834
0.00645366
0.0131819
0.0151043
0.0109163
0.00185371
-0.00844468
-0.0164088
-0.0204595
-0.0216266
