0.00226565
0.00357011
0.00411936
0.00370742
0.00192237
-0.000755216
-0.00377608
-0.00714022
-0.0112596
-0.014967
-0.0160655
-0.0128387
-0.00659097
-0.000823872
0.000549248
-0.00377608
-0.0116029
-0.0186744
-0.021146
-0.01737
-0.008582
0.00130446
0.00707156
0.00535517
-0.00295221
-0.012976
-0.0188117
-0.0168207
-0.0081014
0.00247161
0.00885662
0.00768947
0.00034328
-0.00844468
-0.0140745
-0.0153103
-0.0140745
-0.012564
-0.0117402
-0.0113969
-0.0113282
-0.0121521
-0.0143491
-0.0174386
-0.019567
-0.019361
-0.0168894
-0.0136625
-0.0113282
-0.010985
-0.0131133
-0.0168894
-0.0201849
-0.0206654
-0.0174386
-0.0117402
-0.00604173
-0.00240296
-0.00164774
-0.00295221
-0.00439398
-0.00453129
-0.00350145
-0.00254027
-0.00308952
-0.00528651
-0.00762081
-0.00789544
-0.00569845
-0.00315817
-0.00350145
-0.00817006
-0.015173
-0.0203222
-0.0206654
-0.0164774
-0.0100924
-0.00446264
-0.00123581
-0.00068656
-0.00226565
-0.00528651
-0.00974915
-0.0155849
-0.0216953
-0.0262952
-0.0283549
-0.0278743
-0.0250594
-0.0202535
-0.0139372
-0.00734619
-0.00205968
0.000755216
-0.000205968
-0.00549248
-0.0135939
-0.021352
-0.0258146
-0.0263639
-0.0249221
-0.0245102
-0.0265699
-0.0298653
-0.0313758
-0.0291101
-0.0238923
-0.0179879
-0.0133193
-0.0111909
-0.0124954
-0.017164
-0.0223818
-0.023755
-0.0183311
-0.00762081
0.00178506
-0.00219699
-0.0367309
-0.119805
-0.261099
-0.451894
-0.66253
-0.85305
-0.99098
-1.06575
-1.09053
-1.0906
-1.08868
-1.09609
-1.11298
-1.13433
-1.15452
-1.16983
-1.17875
-1.18184
-1.18136
-1.17951
-1.17669
-1.17237
-1.16585
-1.1572
-1.14772
-1.13948
-1.13385
-1.13028
-1.12678
-1.12156
-1.11449
-1.10612
-1.09582
-1.08305
-1.06911
-1.05737
-1.05037
-1.04851
-1.0503
-1.05428
-1.05977
-1.06678
-1.07502
-1.08339
-1.09081
-1.09705
-1.10268
-1.10721
-1.10886
-1.10653
-1.10159
-1.09795
-1.09959
-1.10749
-1.11882
-1.1287
-1.13282
-1.12973
-1.1215
-1.11264
-1.10852
-1.11209
-1.12184
-1.13234
-1.13832
-1.13804
-1.1333
-1.12726
-1.12294
-1.12204
-1.12417
-1.12644
-1.12555
-1.12033
-1.11291
-1.1066
-1.10399
-1.10598
-1.11092
-1.11587
-1.11779
-1.11559
-1.11065
-1.10605
-1.10419
-1.10474
-1.10564
-1.10536
-1.10392
-1.10275
-1.1033
-1.10639
-1.11223
-1.12095
-1.13138
-1.14086
-1.14573
-1.14347
-1.13378
-1.11765
-1.09493
-1.06492
-1.02716
-0.982398
-0.931661
-0.875844
-0.816663
-0.757069
-0.700222
-0.648524
-0.601976
-0.55886
-0.516568
-0.472765
-0.425942
-0.375479
-0.321996
-0.268651
-0.220248
-0.181114
-0.153377
-0.136213
-0.126533
-0.119873
-0.112527
-0.103327
-0.0929602
-0.0834857
-0.0768947
-0.0740111
-0.0743544
-0.0758648
-0.0759335
-0.0725007
-0.064468
-0.0531397
-0.0426354
-0.0375548
-0.0390652
-0.0445577
-0.0500502
-0.053277
-0.0543755
-0.0545128
-0.0546502
-0.0544442
-0.0525905
-0.0491577
-0.0461368
-0.0457249
-0.0479905
-0.0502562
-0.0497069
-0.0455189
-0.0391339
-0.0329549
-0.0289042
-0.0275997
-0.0280803
-0.0287669
-0.0280803
-0.0249908
-0.0186058
-0.00961184
-0.00068656
0.0040507
0.00205968
-0.00583576
-0.0159282
-0.0232744
-0.0247161
-0.0204595
-0.0144864
-0.0115342
-0.0138685
-0.0194983
-0.0248535
-0.0272564
-0.0265012
-0.0242356
-0.0221759
-0.0206654
-0.019361
-0.0184685
-0.0194296
-0.0223132
-0.0242356
-0.0214893
-0.0135252
-0.00466861
-0.000961184
-0.00425667
-0.0110536
-0.0155162
-0.0141431
-0.00865065
-0.00398205
-0.00439398
-0.0100238
-0.0167521
-0.0201162
-0.018949
-0.0159282
-0.0146237
-0.0156536
-0.0167521
-0.0154476
-0.0112596
-0.00583576
-0.00116715
0.00137312
0.00151043
-0.00034328
-0.00288355
-0.00480592
-0.00542382
-0.00535517
-0.00569845
-0.00631635
-0.00624769
-0.00494323
-0.00274624
-0.000823872
-0.000480592
-0.00247161
-0.00714022
-0.0137998
-0.0212834
-0.0274624
-0.029728
-0.0263639
-0.0192923
-0.0135252
-0.0137998
-0.0198416
-0.0269818
-0.03014
-0.027943
-0.0225192
-0.0172326
-0.0136625
-0.0116715
-0.00995512
-0.00789544
-0.00611038
-0.00611038
-0.00885662
-0.0130446
-0.0159968
-0.0162028
-0.0143491
-0.0120148
-0.0105044
-0.00995512
-0.0102297
-0.0106417
-0.0102984
-0.0081014
-0.00391339
0.00068656
0.00302086
0.00151043
-0.00281489
-0.00707156
-0.00851334
-0.00720888
-0.00569845
-0.00645366
-0.00961184
-0.0124954
-0.0124267
-0.00933721
-0.00590441
-0.00473726
-0.00583576
-0.00693425
-0.00672828
-0.00617904
-0.0074835
-0.0111909
-0.0150357
-0.0158595
-0.0122208
-0.00638501
-0.00254027
-0.00370742
-0.00961184
-0.0164774
-0.0203222
-0.0187431
-0.012564
-0.00466861
0.00151043
0.00418801
0.00363877
0.00151043
-0.000274624
-0.000892528
-0.000411936
0.000549248
0.00130446
0.00130446
0
-0.00322683
-0.00768947
-0.0112596
-0.0115342
-0.00803275
-0.00240296
0.00267758
0.00562979
0.0057671
0.00329549
-0.000549248
-0.00329549
-0.00281489
0.000755216
0.00549248
0.00913124
0.0109163
0.0110536
0.0101611
0.00913124
0.00851334
0.00741484
0.00418801
-0.00219699
-0.0109163
-0.0192237
-0.0243042
-0.0240982
-0.0183998
-0.00933721
-0.000961184
0.00302086
0.00137312
-0.00363877
-0.00796409
-0.008582
-0.00542382
-0.00116715
0.000892528
-0.000892528
-0.00659097
-0.014967
-0.0238923
-0.0305519
-0.0320623
-0.027531
-0.0181938
-0.00714022
0.00240296
0.00762081
0.00672828
0.000137312
-0.00871931
-0.014761
-0.0145551
-0.00892528
-0.00205968
0.0017164
0.000892528
-0.00281489
-0.00714022
-0.0108476
-0.0137998
-0.0153789
-0.0140745
-0.00926856
-0.00192237
0.00556113
0.0104357
0.0106417
0.00604173
-0.00130446
-0.00727753
-0.00830737
-0.00350145
0.00432533
0.0098178
0.00885662
0.00178506
-0.00624769
-0.00933721
-0.00590441
0
0.0023343
-0.00212834
-0.010985
-0.0184685
-0.019567
-0.0144864
-0.00851334
-0.00720888
-0.0120148
-0.0194296
-0.0244415
-0.0247161
-0.0208028
-0.0148983
-0.00885662
-0.00370742
0.000137312
0.00260893
0.00281489
0.000137312
-0.00473726
-0.00926856
-0.0111909
-0.0098178
-0.00693425
-0.00494323
-0.00590441
-0.0098178
-0.0142804
-0.0164088
-0.0153789
-0.0129073
-0.0113282
-0.0110536
-0.0110536
-0.0102297
-0.00878796
-0.00789544
-0.00830737
-0.00954318
-0.0100924
-0.008582
-0.0051492
-0.00185371
-0.00144178
-0.00487457
-0.0102297
-0.0137998
-0.0131133
-0.00906259
-0.0051492
-0.00432533
-0.00631635
-0.00817006
-0.00741484
-0.00453129
-0.00205968
-0.00151043
-0.00192237
-0.00164774
-0.00034328
0.00034328
-0.000205968
-0.000823872
-0.000274624
0.000755216
0
-0.00308952
-0.00631635
-0.00700291
-0.00453129
-0.00102984
0.000617904
-0.00137312
-0.00590441
-0.00961184
-0.00913124
-0.00391339
0.00336414
0.00926856
0.0113282
0.00892528
0.00260893
-0.00583576
-0.0144864
-0.0212147
-0.0251281
-0.0254714
-0.0220386
-0.0150357
-0.00645366
0.000892528
0.00453129
0.00391339
0.000274624
-0.00432533
-0.00789544
-0.00933721
-0.00885662
-0.00720888
-0.00562979
-0.00583576
-0.0091999
-0.0153789
-0.0214893
-0.0238923
-0.0207341
-0.0134566
-0.00549248
6.8656e-05
0.00226565
0.00226565
0.00178506
0.0010985
-0.000549248
-0.00370742
-0.00720888
-0.00796409
-0.00336414
0.00617904
0.0164774
0.0222445
0.0206654
0.0131133
0.00322683
-0.00528651
-0.0100924
-0.0102984
-0.00617904
0.00151043
0.0106417
0.0177132
0.0194983
0.0142804
0.00322683
-0.0102297
-0.0212834
-0.025952
-0.0232744
-0.0159968
-0.00789544
-0.0010985
0.00425667
0.00878796
0.0119461
0.012564
0.0100924
0.00556113
0.00034328
-0.00459995
-0.00871931
-0.0111909
-0.0111223
-0.00865065
-0.00542382
-0.00308952
-0.00199102
-0.00151043
-0.0017164
-0.0034328
-0.00755216
-0.0135252
-0.0188804
-0.0204595
-0.0164088
-0.00851334
-0.0017164
-0.000617904
-0.0051492
-0.0106417
-0.0117402
-0.00700291
0.000961184
0.00789544
0.0111909
0.0111909
0.0103671
0.0111909
0.0146237
0.0192923
0.0222445
0.0203222
0.0119461
-0.00164774
-0.0155162
-0.0238236
-0.0234803
-0.0165461
-0.0081014
-0.00205968
0.000549248
0.0010985
0.00102984
0.000892528
6.8656e-05
-0.00254027
-0.00727753
-0.0130446
-0.0170267
-0.0164088
-0.0103671
-0.00130446
0.00624769
0.008582
0.00487457
-0.00315817
-0.0117402
-0.017164
-0.01737
-0.0131819
-0.0074835
-0.00267758
0.000617904
0.00281489
0.00418801
0.00480592
0.00501189
0.00466861
0.00336414
0.00068656
-0.00295221
-0.00707156
-0.0116029
-0.0162715
-0.0203222
-0.0222445
-0.0210087
-0.0168894
-0.0119461
-0.00837603
-0.0081014
-0.010779
-0.0141431
-0.0153103
-0.0127014
-0.00700291
-0.00068656
0.00288355
0.00205968
-0.00185371
-0.00562979
-0.00700291
-0.00665963
-0.00604173
-0.00562979
-0.00487457
-0.00398205
-0.00432533
-0.00638501
-0.00878796
-0.00851334
-0.00425667
0.00164774
0.00439398
0.00157909
-0.00535517
-0.0123581
-0.0167521
-0.0182625
-0.0183311
-0.0183311
-0.0184685
-0.0179192
-0.0155162
-0.010779
-0.00459995
0.00123581
0.00501189
0.00597307
0.00370742
-0.00212834
-0.010779
-0.019155
-0.0238236
-0.0236863
-0.021558
-0.0204595
-0.0202535
-0.0185371
-0.0137998
-0.00762081
-0.00357011
-0.00459995
-0.0107103
-0.0185371
-0.023549
-0.0227938
-0.0165461
-0.0081014
-0.00116715
0.00212834
0.00274624
0.00322683
0.00466861
0.00638501
0.00734619
0.00789544
0.00865065
0.00892528
0.00597307
-0.00199102
-0.0133879
-0.0231371
-0.0260893
-0.021352
-0.0132506
-0.00796409
-0.00851334
-0.0128387
-0.0164774
-0.0157909
-0.0106417
-0.00322683
0.00308952
0.00556113
0.00377608
-6.8656e-05
-0.00302086
-0.00391339
-0.00384473
-0.00501189
-0.00755216
-0.00940587
-0.00844468
-0.00487457
-0.00137312
-0.00102984
-0.00432533
-0.00871931
-0.0111909
-0.0106417
-0.00823872
-0.0057671
-0.00384473
-0.00254027
-0.00212834
-0.00322683
-0.00597307
-0.0100924
-0.0143491
-0.017164
-0.016958
-0.0140058
-0.0102984
-0.00768947
-0.00672828
-0.00714022
-0.00844468
-0.0101611
-0.0111909
-0.0107103
-0.00871931
-0.00604173
-0.00398205
-0.00281489
-0.00267758
-0.0040507
-0.00720888
-0.0111223
-0.0135939
-0.0131133
-0.010573
-0.00830737
-0.00755216
-0.00789544
-0.00803275
-0.00720888
-0.00535517
-0.00308952
-0.00137312
-0.000961184
-0.00205968
-0.00363877
-0.00508054
-0.00645366
-0.00789544
-0.00851334
-0.00700291
-0.00302086
0.00192237
0.00528651
0.00487457
0.000755216
-0.00398205
-0.00556113
-0.0034328
-0.00178506
-0.00487457
-0.0118775
-0.0178506
-0.018949
-0.0160655
-0.0131819
-0.0131133
-0.0154476
-0.01737
-0.0165461
-0.0134566
-0.010573
-0.00947452
-0.00926856
-0.00789544
-0.00487457
-0.00178506
-0.000205968
-0.00034328
-0.0017164
-0.0040507
-0.00714022
-0.0098178
-0.0102984
-0.00762081
-0.00308952
0.00116715
0.00357011
0.00411936
0.00315817
0.000205968
-0.00583576
-0.0136625
-0.019155
-0.0186058
-0.0121521
-0.00370742
0.0023343
0.00350145
-0.00034328
-0.00803275
-0.0163401
-0.021146
-0.0199102
-0.0135252
-0.00624769
-0.00288355
-0.00583576
-0.0130446
-0.019361
-0.0198416
-0.0138685
-0.00501189
0.0017164
0.00260893
-0.00336414
-0.0144178
-0.0264325
-0.0336414
-0.032131
-0.0223818
-0.00940587
6.8656e-05
0.00178506
-0.00336414
-0.00995512
-0.0120148
-0.00789544
-0.00068656
0.00411936
0.00322683
-0.00288355
-0.0109163
-0.0164774
-0.0166147
-0.0111909
-0.00308952
0.00384473
0.00624769
0.00350145
-0.00247161
-0.00796409
-0.0104357
-0.0098178
-0.00803275
-0.00693425
-0.00672828
-0.00604173
-0.0034328
0.00157909
0.00727753
0.0109163
0.0102297
0.00542382
-0.000823872
-0.00535517
-0.00617904
-0.00377608
-0.000480592
0.0010985
0.00034328
-0.00144178
-0.00322683
-0.00480592
-0.00707156
-0.0100238
-0.0128387
-0.0151043
-0.0166147
-0.017164
-0.0159282
-0.0123581
-0.00665963
-0.000480592
0.00350145
0.00357011
0.000549248
-0.00288355
-0.00418801
-0.00288355
-0.00116715
-0.00240296
-0.00789544
-0.0154476
-0.0205968
-0.0205281
-0.0164774
-0.0118088
-0.00892528
-0.00782678
-0.00755216
-0.00727753
-0.00665963
-0.00562979
-0.00432533
-0.0034328
-0.00302086
-0.00219699
0.000137312
0.00350145
0.00562979
0.00418801
-0.000961184
-0.00782678
-0.0137998
-0.016958
-0.016958
-0.0143491
-0.0103671
-0.00624769
-0.00315817
-0.00178506
-0.00151043
-0.000892528
0.000892528
0.00247161
0.00185371
-0.00164774
-0.00631635
-0.00947452
-0.00926856
-0.00679694
-0.00487457
-0.00569845
-0.00878796
-0.0118088
-0.0124267
-0.0105044
-0.00720888
-0.00418801
-0.0034328
-0.00659097
-0.0136625
-0.0214207
-0.0247161
-0.0205281
-0.010573
-0.000205968
0.00583576
0.00645366
0.00370742
0.000480592
-0.00178506
-0.00329549
-0.00459995
-0.00590441
-0.00727753
-0.0081014
-0.00734619
-0.00459995
-0.0010985
0.000205968
-0.00226565
-0.00762081
-0.0136625
-0.0185371
-0.021558
-0.0220386
-0.0197729
-0.0155162
-0.0113282
-0.0091999
-0.00988646
-0.0122208
-0.0136625
-0.0114655
-0.00466861
0.00425667
0.0112596
0.0136625
0.0116029
0.00727753
0.00274624
-0.00116715
-0.00501189
-0.00940587
-0.0135939
-0.0156536
-0.0144178
-0.0107103
-0.00693425
-0.00508054
-0.00549248
-0.00700291
-0.00871931
-0.0108476
-0.0142118
-0.0179879
-0.0192237
-0.0153789
-0.00707156
0.00157909
0.00624769
0.00542382
0.00102984
-0.00425667
-0.00871931
-0.0118088
-0.0136625
-0.0148297
-0.0152416
-0.0141431
-0.010985
-0.00604173
-0.00102984
0.00192237
0.00212834
0.000411936
-0.00157909
-0.00247161
-0.00267758
-0.00363877
-0.00700291
-0.0130446
-0.0200475
-0.0251281
-0.0258833
-0.0216953
-0.0138685
-0.00453129
0.00370742
0.00803275
0.00569845
-0.00384473
-0.01737
-0.0283549
-0.0308952
-0.0238923
-0.0117402
-0.000755216
0.00391339
0.000892528
-0.00700291
-0.0141431
-0.0156536
-0.010779
-0.00350145
0.000617904
-0.00123581
-0.00755216
-0.0137998
-0.0159282
-0.0130446
-0.00734619
-0.00144178
0.00322683
0.00624769
0.00700291
0.00501189
0.000549248
-0.0051492
-0.010779
-0.0153103
-0.0181938
-0.018949
-0.0175759
-0.014761
-0.0116715
-0.00926856
-0.00768947
-0.00631635
-0.00446264
-0.00199102
0.000205968
0.000755216
-0.00144178
-0.00569845
-0.00947452
-0.00961184
-0.00521785
0.00164774
0.00672828
0.0068656
0.00219699
-0.00411936
-0.00817006
-0.00789544
-0.00363877
0.00281489
0.00913124
0.0135252
0.0146237
0.0123581
0.00775812
0.00247161
-0.00199102
-0.00459995
-0.00487457
-0.00288355
0.000755216
0.00446264
0.00679694
0.00693425
0.00535517
0.0034328
0.00192237
0.000892528
0.000137312
-0.00034328
-0.00178506
-0.00535517
-0.0101611
-0.0131819
-0.0117402
-0.00638501
-0.000411936
0.00240296
0.000411936
-0.00480592
-0.00968049
-0.0115342
-0.0100924
-0.00762081
-0.00707156
-0.00926856
-0.0127014
-0.0143491
-0.0120835
-0.00652232
-0.000480592
0.00260893
0.000823872
-0.0051492
-0.012564
-0.0178506
-0.0184685
-0.0145551
-0.00906259
-0.00508054
-0.00384473
-0.0051492
-0.00796409
-0.0113282
-0.0139372
-0.0144178
-0.0121521
-0.00775812
-0.00281489
0.000961184
0.00267758
0.00240296
0.000617904
-0.00226565
-0.00569845
-0.00878796
-0.0108476
-0.0116029
-0.0114655
-0.0106417
-0.00933721
-0.008582
-0.00968049
-0.0126327
-0.0156536
-0.0158595
-0.0120148
-0.00549248
0.000274624
0.00226565
-0.000480592
-0.00569845
-0.00954318
-0.00968049
-0.00755216
-0.0068656
-0.00968049
-0.0137998
-0.014967
-0.0109163
-0.00302086
0.00528651
0.0110536
0.01277
0.00974915
0.00199102
-0.00830737
-0.0162715
-0.017164
-0.0100924
0.000823872
0.00906259
0.0102297
0.0040507
-0.00604173
-0.0156536
-0.0217639
-0.023755
-0.0232057
-0.0214207
-0.0185371
-0.0148297
-0.0118775
-0.0116029
-0.0137312
-0.0162028
-0.017164
-0.0164088
-0.0146924
-0.0120148
-0.00851334
-0.00494323
-0.00281489
-0.00267758
-0.00398205
-0.00535517
-0.00556113
-0.00473726
-0.00384473
-0.00350145
-0.00350145
-0.00336414
-0.00363877
-0.00556113
-0.00885662
-0.0119461
-0.0131133
-0.0122894
-0.0102984
-0.00762081
-0.00466861
-0.00212834
-0.00123581
-0.00199102
-0.00322683
-0.0034328
-0.00274624
-0.00288355
-0.00521785
-0.00913124
-0.0129073
-0.0148983
-0.0146924
-0.0127014
-0.00968049
-0.00659097
-0.00453129
-0.00439398
-0.00665963
-0.0107103
-0.0148983
-0.0168207
-0.0150357
-0.0101611
-0.00466861
-0.000892528
0.00034328
-0.000549248
-0.00226565
-0.00336414
-0.00260893
-0.00034328
0.00144178
0.000961184
-0.00212834
-0.00645366
-0.0102297
-0.0118775
-0.0110536
-0.00926856
-0.00871931
-0.0103671
-0.0138685
-0.0180565
-0.0218326
-0.0234803
-0.0216953
-0.0164774
-0.00988646
-0.00453129
-0.0023343
-0.00370742
-0.00775812
-0.0122208
-0.0144864
-0.0129073
-0.00823872
-0.00288355
0.000480592
0.000274624
-0.00302086
-0.00775812
-0.0119461
-0.0144864
-0.0162715
-0.0184685
-0.0212147
-0.0226565
-0.0206654
-0.0151043
-0.008582
-0.00398205
-0.00267758
-0.00281489
-0.00219699
-0.000480592
-0.00034328
-0.00418801
-0.010573
-0.0151043
-0.0139372
-0.0074835
0.00068656
0.00707156
0.00988646
0.00892528
0.00487457
-0.00157909
-0.00906259
-0.015173
-0.0173013
-0.0144178
-0.00823872
-0.00212834
0.00137312
0.00137312
-0.00178506
-0.00693425
-0.0113282
-0.0118088
-0.00659097
0.00219699
0.00947452
0.0103671
0.0034328
-0.00762081
-0.0164088
-0.0181938
-0.0133193
-0.00693425
-0.00459995
-0.00796409
-0.0144178
-0.0199102
-0.0220386
-0.0210774
-0.0181938
-0.0148983
-0.0120835
-0.0101611
-0.00878796
-0.00700291
-0.00446264
-0.00240296
-0.00281489
-0.00611038
-0.0102984
-0.0130446
-0.0134566
-0.0128387
-0.0127014
-0.0131133
-0.0134566
-0.0135939
-0.0135939
-0.0129073
-0.0111223
-0.00830737
-0.00549248
-0.0034328
-0.00254027
-0.00274624
-0.00350145
-0.00411936
-0.00439398
-0.0051492
-0.00762081
-0.0118775
-0.0165461
-0.0194296
-0.0192923
-0.0167521
-0.0133879
-0.0100238
-0.00597307
-0.000755216
0.00411936
0.00528651
0.000617904
-0.00913124
-0.0203908
-0.0287669
-0.0311012
-0.0266385
-0.0174386
-0.00700291
0.00102984
0.00411936
0.00157909
-0.00583576
-0.0159968
-0.0256773
-0.0310325
-0.0293848
-0.0214207
-0.0108476
-0.00205968
0.00254027
0.00247161
-0.00123581
-0.00707156
-0.012564
-0.0151043
-0.0137312
-0.0100924
-0.00707156
-0.00624769
-0.00762081
-0.0102984
-0.0134566
-0.0161342
-0.0172326
-0.0161342
-0.01277
-0.00720888
-0.00034328
0.00597307
0.00926856
0.00796409
0.00178506
-0.00741484
-0.0166147
-0.0225878
-0.0236177
-0.0207341
-0.0164088
-0.0124954
-0.00940587
-0.00707156
-0.00528651
-0.00363877
-0.00137312
0.0017164
0.00494323
0.00679694
0.00631635
0.00453129
0.00322683
0.00350145
0.00453129
0.00466861
0.00308952
-0.000137312
-0.00439398
-0.00892528
-0.012564
-0.0140745
-0.0126327
-0.00885662
-0.00391339
0.000892528
0.00473726
0.00734619
0.00851334
0.00830737
0.00659097
0.0034328
-0.000480592
-0.00377608
-0.00542382
-0.00583576
-0.00617904
-0.00741484
-0.00913124
-0.0103671
-0.00995512
-0.00734619
-0.00288355
0.00226565
0.00617904
0.00693425
0.00363877
-0.0023343
-0.00817006
-0.0111223
-0.0105044
-0.00789544
-0.00611038
-0.00672828
-0.00940587
-0.0117402
-0.0113969
-0.00789544
-0.00260893
0.00240296
0.00597307
0.00762081
0.00741484
0.00597307
0.00384473
0.00164774
-0.000205968
-0.00157909
-0.00199102
-0.00164774
-0.00157909
-0.00329549
-0.0074835
-0.01277
-0.0162715
-0.0161342
-0.0122208
-0.00645366
-0.00130446
0.00157909
0.0017164
-0.000549248
-0.00398205
-0.00714022
-0.00871931
-0.00851334
-0.00789544
-0.00865065
-0.0109163
-0.012976
-0.0130446
-0.0113969
-0.0100924
-0.0103671
-0.0110536
-0.0100238
-0.00714022
-0.00459995
-0.00459995
-0.00734619
-0.010779
-0.012976
-0.0137312
-0.0145551
-0.017164
-0.0221759
-0.0278057
-0.0305519
-0.0273937
-0.0184685
-0.00720888
0.00164774
0.00569845
0.00508054
0.0010985
-0.00480592
-0.010985
-0.0154476
-0.016958
-0.0157222
-0.0128387
-0.00913124
-0.0051492
-0.00164774
-0.000411936
-0.00274624
-0.00803275
-0.0138685
-0.0172326
-0.0162028
-0.0114655
-0.00652232
-0.00459995
-0.00631635
-0.00954318
-0.0122208
-0.0139372
-0.0154476
-0.0168207
-0.0166147
-0.0129073
-0.00569845
0.00226565
0.00700291
0.00583576
-0.00130446
-0.0120835
-0.0232057
-0.0311012
-0.0332295
-0.0291788
-0.021146
-0.0128387
-0.00652232
-0.00247161
6.8656e-05
0.00137312
0.00137312
0.000411936
-0.00137312
-0.00377608
-0.00672828
-0.00878796
-0.00837603
-0.00549248
-0.00199102
-0.000480592
-0.00178506
-0.0051492
-0.00906259
-0.0121521
-0.0136625
-0.0134566
-0.0117402
-0.00961184
-0.00796409
-0.0074835
-0.00762081
-0.00796409
-0.00851334
-0.00961184
-0.0104357
-0.00865065
-0.00322683
0.0034328
0.00617904
0.00199102
-0.00693425
-0.0143491
-0.0148297
-0.00782678
0.00199102
0.00885662
0.0091999
0.00377608
-0.00350145
-0.00892528
-0.0108476
-0.010779
-0.010985
-0.0122208
-0.0131133
-0.012564
-0.0114655
-0.0111909
-0.0120835
-0.0124267
-0.0100238
-0.00453129
0.00164774
0.00487457
0.00260893
-0.00411936
-0.0120835
-0.0177819
-0.0192923
-0.0164774
-0.0114655
-0.00727753
-0.00665963
-0.0101611
-0.0156536
-0.0199789
-0.0208714
-0.0179879
-0.0128387
-0.00734619
-0.00315817
-0.00130446
-0.0023343
-0.00562979
-0.00892528
-0.00974915
-0.00693425
-0.0023343
0.000823872
0
-0.00453129
-0.00968049
-0.0122894
-0.0113969
-0.0081014
-0.00439398
-0.00137312
0.000549248
0.00116715
0.000205968
-0.00212834
-0.00466861
-0.0057671
-0.00432533
-0.00068656
0.00363877
0.00583576
0.00363877
-0.00302086
-0.0106417
-0.014761
-0.0132506
-0.00755216
-0.00144178
0.0023343
0.00274624
0.000617904
-0.00274624
-0.00542382
-0.00590441
-0.00357011
0.000549248
0.00398205
0.00439398
0.000823872
-0.00508054
-0.0105044
-0.0133193
-0.0133193
-0.0112596
-0.00823872
-0.00569845
-0.00501189
-0.00611038
-0.00727753
-0.00672828
-0.00446264
-0.00151043
0.00144178
0.00398205
0.00487457
0.00205968
-0.00521785
-0.0150357
-0.0234117
-0.0262952
-0.0219699
-0.0118775
-0.000411936
0.00755216
0.00954318
0.00679694
0.00295221
0.00151043
0.00267758
0.00411936
0.00315817
-0.000892528
-0.00611038
-0.00968049
-0.010573
-0.00988646
-0.0101611
-0.0121521
-0.0143491
-0.0140745
-0.0106417
-0.00611038
-0.00302086
-0.00185371
-0.00116715
0.000205968
0.00144178
0.00116715
-0.00068656
-0.00295221
-0.00446264
-0.00508054
-0.00556113
-0.00672828
-0.00892528
-0.0107103
-0.00995512
-0.00604173
-0.000480592
0.00466861
0.00871931
0.0117402
0.0129073
0.010985
0.00652232
0.00247161
0.0017164
0.00418801
0.00693425
0.00638501
0.0010985
-0.00665963
-0.0128387
-0.0142804
-0.0108476
-0.00569845
-0.00267758
-0.00391339
-0.00844468
-0.0133193
-0.0157222
-0.0142118
-0.00865065
-0.000823872
0.00645366
0.00940587
0.00611038
-0.00254027
-0.012976
-0.0208028
-0.023549
-0.0214207
-0.0160655
-0.00961184
-0.00453129
-0.00226565
-0.00274624
-0.00391339
-0.00315817
0.000411936
0.00556113
0.00926856
0.00926856
0.00556113
0.000549248
-0.00260893
-0.00254027
-0.000823872
-0.00034328
-0.00322683
-0.00892528
-0.0146924
-0.0179192
-0.0177819
-0.0157222
-0.0131819
-0.0105044
-0.00755216
-0.00508054
-0.00411936
-0.00480592
-0.00645366
-0.00865065
-0.0113969
-0.0137998
-0.0141431
-0.0113969
-0.00707156
-0.00357011
-0.00240296
-0.00336414
-0.00528651
-0.00720888
-0.00926856
-0.0120835
-0.0154476
-0.0182625
-0.0192237
-0.0175073
-0.0131133
-0.00693425
-0.00116715
0.00130446
-0.000549248
-0.00439398
-0.0068656
-0.00652232
-0.0051492
-0.00556113
-0.00817006
-0.0109163
-0.0109163
-0.0074835
-0.00247161
0.00144178
0.00281489
0.00205968
0.000274624
-0.00178506
-0.00357011
-0.00508054
-0.00714022
-0.0109163
-0.0166147
-0.0219699
-0.0238236
-0.0201849
-0.0118775
-0.0023343
0.00453129
0.00556113
0.000617904
-0.00720888
-0.0133193
