-0.0224505
-0.025952
-0.023755
-0.0144864
-0.00130446
0.00988646
0.0145551
0.0116715
0.00315817
-0.00734619
-0.0162028
-0.0203908
-0.0182625
-0.010779
-0.0010985
0.00631635
0.008582
0.00597307
0.000892528
-0.00384473
-0.00659097
-0.00741484
-0.00734619
-0.00693425
-0.00604173
-0.00466861
-0.00418801
-0.00583576
-0.00926856
-0.0123581
-0.0136625
-0.0130446
-0.010779
-0.00741484
-0.00453129
-0.00521785
-0.010985
-0.0186744
-0.0225878
-0.018949
-0.00940587
0.0010985
0.00796409
0.00926856
0.00624769
0.00151043
-0.00226565
-0.00411936
-0.00562979
-0.00913124
-0.0155162
-0.0226565
-0.0271878
-0.0269818
-0.0229311
-0.0176446
-0.01277
-0.00837603
-0.00391339
-0.000411936
0.000137312
-0.00315817
-0.00830737
-0.0119461
-0.0116029
-0.00844468
-0.00590441
-0.00665963
-0.00988646
-0.0130446
-0.0140745
-0.01277
-0.0102984
-0.00796409
-0.00659097
-0.00679694
-0.00817006
-0.00968049
-0.0107103
-0.0118088
-0.0142118
-0.0179879
-0.021558
-0.0223818
-0.0199102
-0.0159968
-0.0137312
-0.0141431
-0.0161342
-0.0177819
-0.0186058
-0.0196356
-0.021558
-0.0243042
-0.0262952
-0.0262266
-0.023549
-0.018949
-0.0146237
-0.012976
-0.0148983
-0.0188117
-0.0219013
-0.0227938
-0.0221759
-0.0219699
-0.0238236
-0.027943
-0.0329549
-0.0360444
-0.0354951
-0.0317191
-0.0260206
-0.018949
-0.0098178
0.00123581
0.0104357
0.00878796
-0.0186058
-0.0896647
-0.217845
-0.401569
-0.616805
-0.822773
-0.980201
-1.07028
-1.10097
-1.09781
-1.08799
-1.08964
-1.1079
-1.13701
-1.16571
-1.18308
-1.18438
-1.17278
-1.15733
-1.14724
-1.1471
-1.15459
-1.16324
-1.16667
-1.16193
-1.15109
-1.13935
-1.132
-1.1309
-1.13303
-1.13248
-1.12465
-1.10893
-1.08868
-1.06911
-1.05442
-1.04632
-1.04426
-1.04611
-1.05023
-1.05545
-1.06149
-1.06877
-1.07756
-1.08779
-1.09925
-1.11078
-1.12005
-1.12404
-1.12156
-1.11559
-1.11168
-1.11394
-1.12108
-1.12815
-1.13104
-1.12925
-1.12561
-1.12362
-1.125
-1.12891
-1.13255
-1.1333
-1.1309
-1.12658
-1.1217
-1.11724
-1.11339
-1.10976
-1.10618
-1.10296
-1.10138
-1.10227
-1.10529
-1.10831
-1.10866
-1.10502
-1.09918
-1.09499
-1.09451
-1.09712
-1.10021
-1.10152
-1.10042
-1.09863
-1.09795
-1.09884
-1.10007
-1.10056
-1.10083
-1.10268
-1.1077
-1.11552
-1.12438
-1.13255
-1.13928
-1.14429
-1.14614
-1.14202
-1.12891
-1.10529
-1.07186
-1.03128
-0.987204
-0.942029
-0.895411
-0.844949
-0.789269
-0.730156
-0.671661
-0.617354
-0.567373
-0.519382
-0.471117
-0.422028
-0.372802
-0.324537
-0.278743
-0.237138
-0.201299
-0.172464
-0.151661
-0.138136
-0.12873
-0.118706
-0.10525
-0.0899393
-0.0771007
-0.0700291
-0.0687933
-0.070441
-0.0715395
-0.070853
-0.0687933
-0.066047
-0.0624769
-0.0569158
-0.0492263
-0.0416742
-0.0374862
-0.03831
-0.0430473
-0.0492263
-0.0547875
-0.0584949
-0.0593188
-0.0560233
-0.0489517
-0.040713
-0.0349459
-0.0341907
-0.0379668
-0.0428413
-0.0449697
-0.042498
-0.0369369
-0.0313071
-0.0273937
-0.0250594
-0.0226565
-0.0198416
-0.0175759
-0.0168894
-0.0175073
-0.0181938
-0.0178506
-0.0156536
-0.0120835
-0.00947452
-0.010779
-0.0173013
-0.0262952
-0.0335041
-0.0361817
-0.0352205
-0.0335728
-0.0332295
-0.0335041
-0.0317877
-0.0265012
-0.0190864
-0.0132506
-0.0116029
-0.0130446
-0.0142118
-0.0132506
-0.0111223
-0.00974915
-0.00995512
-0.0111223
-0.0126327
-0.014761
-0.0176446
-0.0208714
-0.0227938
-0.0212147
-0.0159968
-0.00974915
-0.00652232
-0.00871931
-0.0153103
-0.0227251
-0.0274624
-0.0282176
-0.0262266
-0.023755
-0.0223818
-0.0220386
-0.0218326
-0.0210774
-0.0197043
-0.017164
-0.0124954
-0.00604173
-0.000205968
0.00240296
0.000549248
-0.00398205
-0.00823872
-0.0110536
-0.0134566
-0.0166834
-0.0204595
-0.0236177
-0.0265012
-0.0304146
-0.0354951
-0.0396831
-0.0402324
-0.0365936
-0.0306206
-0.0244415
-0.0190864
-0.0143491
-0.00974915
-0.00528651
-0.00178506
-0.00034328
-0.0017164
-0.00562979
-0.010573
-0.0143491
-0.014967
-0.0122208
-0.00823872
-0.00638501
-0.00885662
-0.0155849
-0.0238923
-0.0300027
-0.0308265
-0.025746
-0.0174386
-0.00988646
-0.00549248
-0.00432533
-0.00583576
-0.00954318
-0.014761
-0.019567
-0.0217639
-0.0201849
-0.0152416
-0.008582
-0.00254027
0.000549248
-0.000480592
-0.00494323
-0.00988646
-0.0118775
-0.00968049
-0.00487457
-0.000823872
0
-0.00308952
-0.00865065
-0.0139372
-0.0160655
-0.0136625
-0.00762081
-0.000961184
0.00357011
0.00439398
0.00212834
-0.00178506
-0.00604173
-0.00968049
-0.0121521
-0.0132506
-0.0133193
-0.0132506
-0.0133193
-0.01277
-0.0102984
-0.00583576
-0.000961184
0.00185371
0.00151043
-0.0010985
-0.00391339
-0.00556113
-0.00652232
-0.00782678
-0.00926856
-0.00913124
-0.00590441
0.00034328
0.0074835
0.0124954
0.0135939
0.0119461
0.00974915
0.00817006
0.00645366
0.00350145
0
-0.00260893
-0.00370742
-0.00418801
-0.00501189
-0.00638501
-0.00755216
-0.00727753
-0.00501189
-0.00144178
0.00192237
0.00336414
0.00219699
-0.000480592
-0.00260893
-0.00288355
-0.00137312
0.000892528
0.00274624
0.00350145
0.00322683
0.00212834
0.000274624
-0.00185371
-0.00363877
-0.00473726
-0.00597307
-0.008582
-0.012564
-0.0162715
-0.0175073
-0.0148983
-0.00974915
-0.00508054
-0.00384473
-0.00645366
-0.0103671
-0.0123581
-0.0116715
-0.0098178
-0.00817006
-0.00665963
-0.00453129
-0.00178506
0.000617904
0.00164774
0.00130446
0.000480592
0.000617904
0.00205968
0.00377608
0.00384473
0.00137312
-0.00281489
-0.00734619
-0.0113969
-0.015173
-0.0187431
-0.021558
-0.0223132
-0.0199789
-0.0145551
-0.00775812
-0.00164774
0.00212834
0.00308952
0.0017164
-0.000823872
-0.00302086
-0.00411936
-0.00494323
-0.00693425
-0.0102984
-0.0141431
-0.0170267
-0.0181252
-0.0178506
-0.0176446
-0.019361
-0.023343
-0.027531
-0.0290415
-0.0263639
-0.0203908
-0.0133193
-0.0074835
-0.00432533
-0.00453129
-0.00700291
-0.0100924
-0.0123581
-0.0131133
-0.0130446
-0.012976
-0.0132506
-0.012976
-0.0110536
-0.00762081
-0.00466861
-0.00528651
-0.010573
-0.0181938
-0.0232057
-0.0214207
-0.012976
-0.00281489
0.00302086
0.00185371
-0.0034328
-0.00789544
-0.00878796
-0.0068656
-0.00480592
-0.00466861
-0.00679694
-0.00988646
-0.0120148
-0.0123581
-0.0110536
-0.00865065
-0.00562979
-0.00226565
0.00068656
0.0023343
0.00164774
-0.00192237
-0.00837603
-0.0161342
-0.0223132
-0.0242356
-0.0220386
-0.0186744
-0.0168207
-0.0166147
-0.0163401
-0.0151043
-0.0131819
-0.0111223
-0.0091999
-0.00796409
-0.00837603
-0.0100924
-0.0115342
-0.0106417
-0.00700291
-0.00288355
-0.00130446
-0.00336414
-0.00700291
-0.0091999
-0.00899393
-0.00851334
-0.0103671
-0.014967
-0.0197043
-0.0212834
-0.0182625
-0.0122894
-0.00631635
-0.00315817
-0.00370742
-0.00679694
-0.0098178
-0.00974915
-0.0057671
0.000205968
0.00494323
0.00604173
0.00308952
-0.00302086
-0.0108476
-0.0180565
-0.0220386
-0.021558
-0.0183311
-0.0152416
-0.0138685
-0.0133879
-0.0121521
-0.00933721
-0.00611038
-0.00466861
-0.00652232
-0.0110536
-0.0159968
-0.0186058
-0.0172326
-0.01277
-0.00796409
-0.00583576
-0.00693425
-0.00947452
-0.0111909
-0.0110536
-0.00974915
-0.00865065
-0.00837603
-0.0091999
-0.0105044
-0.0111909
-0.0100238
-0.00679694
-0.00247161
0.00192237
0.00583576
0.00968049
0.0130446
0.0143491
0.0124954
0.00823872
0.00411936
0.00185371
0.00102984
-0.000274624
-0.00315817
-0.00645366
-0.00817006
-0.00741484
-0.00549248
-0.00466861
-0.00562979
-0.00755216
-0.0091999
-0.0105044
-0.0118088
-0.0127014
-0.012564
-0.0118775
-0.0121521
-0.0142118
-0.0166834
-0.0167521
-0.0135939
-0.00926856
-0.00734619
-0.00954318
-0.0142118
-0.0181938
-0.018949
-0.0162028
-0.0118775
-0.00954318
-0.0116715
-0.017164
-0.0219699
-0.0227938
-0.019567
-0.0150357
-0.0106417
-0.0057671
-6.8656e-05
0.00453129
0.00494323
-0.000205968
-0.00865065
-0.0162715
-0.0201162
-0.0197729
-0.0166147
-0.0117402
-0.00562979
0.000617904
0.00521785
0.00659097
0.00466861
0.000823872
-0.00308952
-0.0057671
-0.00652232
-0.00569845
-0.00411936
-0.00254027
-0.00102984
0.00034328
0.000617904
-0.00116715
-0.00453129
-0.0074835
-0.00823872
-0.00652232
-0.00439398
-0.00446264
-0.00734619
-0.0110536
-0.0124954
-0.010779
-0.00762081
-0.00528651
-0.00439398
-0.00398205
-0.00370742
-0.00391339
-0.00439398
-0.00453129
-0.00453129
-0.00521785
-0.00672828
-0.0081014
-0.00830737
-0.00789544
-0.00823872
-0.0102984
-0.0131819
-0.0144178
-0.0122208
-0.00734619
-0.00254027
6.8656e-05
-0.000137312
-0.00281489
-0.00775812
-0.0140058
-0.019567
-0.0216266
-0.0190864
-0.0134566
-0.00768947
-0.00418801
-0.00329549
-0.00411936
-0.00611038
-0.00885662
-0.0119461
-0.0144864
-0.015173
-0.0131819
-0.00906259
-0.00453129
-0.00164774
-0.00185371
-0.00487457
-0.00892528
-0.0115342
-0.0120835
-0.0114655
-0.0108476
-0.0102984
-0.0102297
-0.0114655
-0.0140745
-0.0160655
-0.0148297
-0.0102297
-0.00494323
-0.00199102
-0.00240296
-0.00453129
-0.00590441
-0.00466861
-0.000961184
0.00315817
0.00453129
0.00144178
-0.00501189
-0.0115342
-0.0146924
-0.01277
-0.0074835
-0.0023343
-0.000205968
-0.00157909
-0.00466861
-0.0074835
-0.00885662
-0.00878796
-0.00823872
-0.008582
-0.0102297
-0.0118775
-0.0111223
-0.00720888
-0.00157909
0.00260893
0.00295221
-0.00144178
-0.00968049
-0.0186058
-0.0241669
-0.0231371
-0.0159282
-0.00672828
-0.000892528
-0.0010985
-0.00597307
-0.0118088
-0.0160655
-0.0180565
-0.0179879
-0.0165461
-0.0153103
-0.0159282
-0.0184685
-0.0204595
-0.0192237
-0.014967
-0.010985
-0.0101611
-0.012564
-0.0150357
-0.0140745
-0.00851334
-0.00185371
0.000137312
-0.00562979
-0.0166834
-0.0265699
-0.0300713
-0.0267072
-0.0197729
-0.0128387
-0.00762081
-0.00398205
-0.00137312
0.000480592
0.00102984
6.8656e-05
-0.00219699
-0.00535517
-0.00933721
-0.0138685
-0.0179879
-0.0205281
-0.0207341
-0.0181252
-0.0129073
-0.00679694
-0.00302086
-0.00370742
-0.00727753
-0.00940587
-0.00720888
-0.00157909
0.00432533
0.00755216
0.00707156
0.00357011
-0.00192237
-0.00817006
-0.0135939
-0.0163401
-0.0153103
-0.0114655
-0.00755216
-0.00631635
-0.00817006
-0.010985
-0.0120148
-0.00961184
-0.00418801
0.00247161
0.00775812
0.00961184
0.00741484
0.00219699
-0.00350145
-0.00727753
-0.00714022
-0.00281489
0.00398205
0.00995512
0.0117402
0.00727753
-0.00226565
-0.0127014
-0.0192923
-0.0194983
-0.0142118
-0.00672828
-0.000480592
0.00185371
-0.000961184
-0.00851334
-0.0178506
-0.0247848
-0.0264325
-0.0225192
-0.0155162
-0.00865065
-0.00446264
-0.00370742
-0.00528651
-0.00672828
-0.00542382
-0.000549248
0.00562979
0.008582
0.00549248
-0.00192237
-0.008582
-0.00995512
-0.00487457
0.00370742
0.0113282
0.0136625
0.00947452
0.00144178
-0.00583576
-0.0091999
-0.00933721
-0.00926856
-0.0113282
-0.015173
-0.0188804
-0.021146
-0.0222445
-0.0229997
-0.0239609
-0.0254027
-0.0271191
-0.0281489
-0.0270505
-0.0227938
-0.0158595
-0.00817006
-0.00247161
-0.000823872
-0.00391339
-0.0108476
-0.0194296
-0.0266385
-0.0300027
-0.0287669
-0.0243729
-0.018949
-0.0137998
-0.00940587
-0.00542382
-0.00137312
0.00315817
0.00672828
0.00624769
6.8656e-05
-0.00974915
-0.0174386
-0.0181252
-0.0111909
-0.00151043
0.00391339
0.00157909
-0.00638501
-0.0141431
-0.0170953
-0.0152416
-0.0113282
-0.0081014
-0.00700291
-0.00830737
-0.0116715
-0.0160655
-0.0204595
-0.0240296
-0.0260206
-0.0249908
-0.0199102
-0.0119461
-0.00501189
-0.0023343
-0.0040507
-0.00720888
-0.00878796
-0.00782678
-0.00569845
-0.00391339
-0.00281489
-0.00164774
-0.00068656
-0.00102984
-0.00302086
-0.00487457
-0.00446264
-0.00199102
0.000411936
0.00137312
0.00144178
0.00205968
0.00377608
0.0051492
0.00377608
-0.000892528
-0.00700291
-0.0118088
-0.0143491
-0.0155162
-0.0155162
-0.0129073
-0.00604173
0.00425667
0.0133879
0.0160655
0.0101611
-0.00102984
-0.0113282
-0.0162715
-0.0159968
-0.0136625
-0.0122894
-0.0126327
-0.0136625
-0.0145551
-0.0148297
-0.0137998
-0.0113282
-0.00830737
-0.00659097
-0.00707156
-0.00954318
-0.0128387
-0.0159282
-0.0179192
-0.0180565
-0.0155162
-0.0106417
-0.00535517
-0.0023343
-0.00350145
-0.00762081
-0.0111909
-0.0112596
-0.00789544
-0.00370742
-0.000892528
-6.8656e-05
-0.000823872
-0.00315817
-0.00727753
-0.0127014
-0.0178506
-0.0210774
-0.0217639
-0.0203222
-0.0175073
-0.0133879
-0.00823872
-0.00363877
-0.00267758
-0.00762081
-0.0178506
-0.0291101
-0.0357698
-0.0348772
-0.0273937
-0.0175073
-0.00940587
-0.00528651
-0.00432533
-0.00480592
-0.00562979
-0.00707156
-0.00947452
-0.0120148
-0.0129073
-0.0115342
-0.0098178
-0.0108476
-0.0156536
-0.0219699
-0.0261579
-0.0256773
-0.0212147
-0.0153103
-0.0109163
-0.00926856
-0.00968049
-0.00995512
-0.00823872
-0.00453129
-0.000823872
0.000137312
-0.00281489
-0.008582
-0.0144178
-0.01737
-0.0161342
-0.0118088
-0.0074835
-0.00569845
-0.00638501
-0.00762081
-0.00789544
-0.00741484
-0.00741484
-0.00714022
-0.00453129
0.00116715
0.00714022
0.00913124
0.00549248
-0.000961184
-0.00569845
-0.00659097
-0.00508054
-0.00425667
-0.00597307
-0.0100924
-0.014967
-0.018949
-0.0210087
-0.021146
-0.0192237
-0.0153789
-0.00968049
-0.00288355
0.00363877
0.00789544
0.00817006
0.00418801
-0.0023343
-0.00837603
-0.0111909
-0.0106417
-0.008582
-0.00755216
-0.00851334
-0.0107103
-0.0128387
-0.0144864
-0.0159968
-0.0179879
-0.0199102
-0.0201162
-0.01737
-0.0120835
-0.00659097
-0.00308952
-0.00240296
-0.00350145
-0.00487457
-0.00508054
-0.00459995
-0.00487457
-0.00755216
-0.0122208
-0.0166147
-0.0179879
-0.014967
-0.00899393
-0.00363877
-0.00205968
-0.00487457
-0.00995512
-0.0150357
-0.0194983
-0.023755
-0.0271191
-0.0273937
-0.0230684
-0.0154476
-0.00823872
-0.00480592
-0.00617904
-0.0102297
-0.0136625
-0.0146924
-0.0140058
-0.0135252
-0.0144178
-0.0164088
-0.0183311
-0.019361
-0.0190177
-0.0170953
-0.0137312
-0.00913124
-0.00370742
0.00164774
0.00494323
0.00308952
-0.00508054
-0.0168894
-0.0258833
-0.0262952
-0.0175073
-0.00501189
0.00322683
0.00267758
-0.00549248
-0.0163401
-0.0247161
-0.0285609
-0.0284236
-0.0262266
-0.023549
-0.0204595
-0.0162715
-0.0111909
-0.00707156
-0.00617904
-0.00830737
-0.0111909
-0.0124267
-0.0121521
-0.0118775
-0.0122894
-0.0127014
-0.0124954
-0.0120148
-0.0115342
-0.0105044
-0.0081014
-0.00432533
-0.000480592
0.00205968
0.00254027
0.0010985
-0.00157909
-0.00453129
-0.00679694
-0.00830737
-0.00933721
-0.0101611
-0.0105044
-0.0105044
-0.0109163
-0.0129073
-0.0159968
-0.0184685
-0.0185371
-0.0159282
-0.0116715
-0.00734619
-0.00357011
-0.00068656
0.000549248
-0.000755216
-0.00480592
-0.0106417
-0.016958
-0.0223132
-0.0247161
-0.0220386
-0.0143491
-0.00494323
0.00199102
0.00453129
0.00350145
0.000961184
-0.00199102
-0.0051492
-0.008582
-0.0116029
-0.0129073
-0.0121521
-0.0100238
-0.00734619
-0.00494323
-0.00350145
-0.00377608
-0.00611038
-0.00954318
-0.0124954
-0.0135252
-0.0122894
-0.00988646
-0.00823872
-0.008582
-0.0102984
-0.0116715
-0.0114655
-0.00995512
-0.00830737
-0.00803275
-0.00968049
-0.0127014
-0.0161342
-0.0188117
-0.0190864
-0.0157222
-0.00899393
-0.00157909
0.00281489
0.00192237
-0.0034328
-0.00995512
-0.0140745
-0.0142118
-0.0114655
-0.00789544
-0.00549248
-0.00535517
-0.00741484
-0.0105044
-0.0126327
-0.0122894
-0.00892528
-0.00425667
-0.00164774
-0.00425667
-0.0119461
-0.0204595
-0.0240296
-0.0198416
-0.00995512
0.000205968
0.00583576
0.00542382
0.00068656
-0.00480592
-0.00830737
-0.00892528
-0.00741484
-0.0051492
-0.00329549
-0.00267758
-0.00308952
-0.00377608
-0.00425667
-0.00453129
-0.00562979
-0.00851334
-0.0131133
-0.0170953
-0.0176446
-0.0142118
-0.0098178
-0.00817006
-0.00947452
-0.010985
-0.0102984
-0.00775812
-0.00604173
-0.00755216
-0.0129073
-0.0197729
-0.0238236
-0.0216953
-0.0139372
-0.00528651
-0.00130446
-0.00357011
-0.00926856
-0.0141431
-0.0164774
-0.0175759
-0.018949
-0.0198416
-0.0181252
-0.0123581
-0.0040507
0.00240296
0.00315817
-0.00226565
-0.0107103
-0.0170953
-0.0182625
-0.014761
-0.0103671
-0.00878796
-0.0104357
-0.012564
-0.0124267
-0.00995512
-0.0074835
-0.00796409
-0.0117402
-0.0157222
-0.0159282
-0.0110536
-0.00357011
0.00281489
0.00631635
0.00700291
0.00528651
0.000961184
-0.00590441
-0.0138685
-0.0205968
-0.0243042
-0.0245788
-0.0226565
-0.0204595
-0.019155
-0.0188117
-0.0181938
-0.0167521
-0.0144864
-0.0115342
-0.008582
-0.00679694
-0.00741484
-0.0102297
-0.0132506
-0.0141431
-0.0118775
-0.00727753
-0.00247161
0.00034328
-0.00034328
-0.00432533
-0.00974915
-0.0144864
-0.0173013
-0.0177132
-0.0157222
-0.012564
-0.00961184
-0.00775812
-0.00645366
-0.00528651
-0.00487457
-0.00638501
-0.0101611
-0.0144178
-0.0173013
-0.0186744
-0.0199102
-0.0222445
-0.0247161
-0.0250594
-0.0216953
-0.0157222
-0.0098178
-0.00617904
-0.0051492
-0.00535517
-0.00549248
-0.00501189
-0.00398205
-0.00302086
-0.00336414
-0.00556113
-0.00865065
-0.010779
-0.0111909
-0.0102984
-0.00817006
-0.00473726
-0.000961184
0.000274624
-0.00370742
-0.0128387
-0.0240296
-0.0328176
-0.0354265
-0.0307579
-0.0214207
-0.0121521
-0.00665963
-0.00569845
-0.00714022
-0.00837603
-0.00796409
-0.00597307
-0.00247161
0.00205968
0.00631635
0.0074835
0.00315817
-0.00672828
-0.0185371
-0.0268445
-0.027737
-0.021352
-0.0112596
-0.00274624
0.000274624
-0.00315817
-0.0105044
-0.0175759
-0.0206654
-0.0187431
-0.0134566
-0.00823872
-0.00583576
-0.00734619
-0.0118088
-0.017164
-0.0209401
-0.0218326
-0.0199102
-0.0167521
-0.0140745
-0.0124954
-0.0111909
-0.00892528
-0.00480592
0.000892528
0.00604173
0.00775812
0.00384473
-0.00480592
-0.0139372
-0.0188804
-0.0181252
-0.0138685
-0.00926856
-0.00583576
-0.00302086
-6.8656e-05
0.00302086
0.00508054
0.00446264
0.00130446
-0.00254027
-0.00487457
-0.0051492
-0.00439398
-0.00357011
-0.00212834
0.000411936
0.0034328
0.00508054
0.00439398
0.00205968
-0.000411936
-0.00240296
-0.00432533
-0.00624769
-0.00700291
-0.00569845
-0.00336414
-0.00192237
-0.00240296
-0.00418801
-0.00652232
-0.00837603
-0.00803275
-0.00377608
0.00363877
0.00974915
0.0100924
0.00466861
-0.0017164
-0.00487457
-0.00494323
-0.00549248
-0.00851334
-0.0119461
-0.0117402
-0.00652232
0.000755216
0.00508054
0.00418801
-0.000274624
-0.00494323
-0.00775812
-0.00871931
-0.00775812
-0.00487457
-0.000755216
0.00322683
0.00590441
0.00679694
0.00611038
0.00411936
0.00164774
-0.000617904
-0.00247161
-0.00453129
-0.00727753
-0.00988646
-0.0107103
-0.0091999
-0.00638501
-0.00377608
-0.00144178
0.00192237
0.00631635
0.00899393
0.00638501
-0.00212834
-0.012564
-0.0197729
-0.021352
-0.0184685
-0.0137312
-0.0091999
-0.00590441
-0.00459995
-0.00583576
-0.00926856
-0.0137312
-0.0177132
-0.0199789
-0.0206654
-0.0201162
-0.0181252
-0.0141431
-0.00906259
-0.0051492
-0.00446264
-0.00679694
-0.00961184
-0.0103671
-0.00823872
-0.00494323
-0.00336414
-0.00528651
-0.0091999
-0.0119461
-0.0114655
-0.00851334
-0.00528651
-0.00336414
-0.00288355
-0.00322683
-0.00377608
-0.00425667
-0.00466861
-0.00528651
-0.00611038
-0.00659097
-0.00590441
-0.00398205
-0.00199102
-0.000549248
0.000892528
0.00329549
0.00645366
0.00823872
0.00617904
-0.00034328
-0.00913124
-0.0157909
-0.0167521
-0.012564
-0.00768947
-0.00611038
-0.00775812
-0.0091999
-0.00755216
-0.00302086
0.00157909
0.00302086
0.000137312
-0.00624769
-0.0136625
-0.019155
-0.0207341
-0.0180565
-0.0124954
-0.00679694
-0.00363877
-0.00377608
-0.00624769
-0.00885662
-0.00974915
-0.008582
-0.00611038
-0.00308952
6.8656e-05
0.00212834
0.000892528
-0.0051492
-0.0140058
-0.0210774
-0.0221759
-0.0170267
-0.00871931
-0.00144178
0.0023343
0.00267758
0.00130446
0.000549248
0.0017164
0.00466861
0.00789544
0.00961184
0.00830737
0.00274624
-0.0068656
-0.0177819
-0.0258146
-0.0278743
-0.0238236
-0.0164774
-0.00988646
-0.00803275
-0.0121521
-0.0197729
-0.0260206
-0.0273937
-0.0240296
-0.0188117
-0.0142804
-0.010985
-0.00775812
-0.00384473
-0.000137312
0.00151043
-0.00034328
-0.00480592
-0.00926856
-0.0112596
-0.0108476
-0.00961184
-0.00885662
-0.00871931
-0.00885662
-0.0091999
-0.00933721
-0.00851334
-0.00665963
-0.00459995
-0.00336414
-0.00281489
-0.00219699
-0.00116715
-0.000480592
-0.00144178
-0.00418801
-0.00755216
-0.00947452
-0.008582
-0.00521785
-0.000961184
0.00205968
0.00226565
-0.000617904
-0.00597307
-0.0124954
-0.0179879
-0.0196356
-0.0160655
-0.00844468
-0.000617904
0.00308952
0.00068656
-0.00679694
-0.0159282
-0.0234117
-0.027531
-0.0273937
-0.0227938
-0.0144864
-0.00508054
0.00185371
0.00377608
0.00034328
-0.00665963
-0.0146237
-0.0212834
-0.0249221
-0.0247848
-0.0214207
-0.0165461
-0.0122208
-0.00974915
-0.00871931
-0.00830737
-0.00823872
-0.0091999
-0.0110536
-0.0121521
-0.0106417
-0.00638501
-0.0017164
0.000549248
-0.000480592
-0.0034328
-0.00638501
-0.008582
-0.0102297
-0.0117402
-0.012976
-0.0133193
-0.0122894
-0.00926856
-0.00432533
0.000961184
0.00466861
0.00535517
0.00260893
-0.00322683
-0.0111223
-0.0186744
-0.0226565
-0.0208714
-0.0140745
-0.00521785
0.00219699
0.00508054
0.00240296
-0.0040507
-0.0111223
-0.0153789
-0.015173
-0.010779
-0.00432533
0.00130446
0.00398205
0.00267758
-0.00267758
-0.0106417
-0.0182625
-0.0216266
-0.0188117
-0.0111909
-0.00260893
0.00295221
0.00370742
0.000755216
-0.00295221
-0.00459995
-0.00377608
-0.00226565
-0.00254027
-0.00528651
-0.00865065
-0.00974915
-0.00755216
-0.00384473
-0.00178506
-0.00295221
-0.00645366
-0.00933721
-0.00947452
-0.00707156
-0.00418801
-0.00260893
-0.00260893
-0.00370742
-0.00597307
-0.00988646
-0.0144864
-0.0175073
-0.0170953
-0.0131133
-0.00817006
-0.00542382
-0.00583576
-0.00782678
-0.0091999
-0.00988646
-0.010779
-0.0121521
-0.0134566
-0.0135939
-0.0117402
-0.00803275
-0.00363877
-0.00068656
-0.00123581
-0.0057671
-0.0124267
-0.0175073
-0.0178506
-0.0127014
-0.00459995
0.00192237
0.00357011
0.000755216
-0.00357011
-0.00624769
-0.00659097
-0.00604173
-0.00645366
-0.00885662
-0.0127014
-0.0163401
-0.0180565
-0.0172326
-0.0146924
-0.0123581
-0.0114655
-0.0118775
-0.0124267
-0.0119461
-0.0109163
-0.0111223
-0.0137998
-0.01737
-0.0186058
-0.0155849
-0.00968049
-0.00357011
0.000549248
0.00260893
0.00350145
0.00370742
0.00219699
-0.00226565
-0.00933721
-0.0165461
-0.0205281
-0.019155
-0.0131133
-0.00556113
-0.00034328
0
-0.00363877
-0.00775812
-0.008582
-0.00549248
-0.00116715
0.000961184
-0.000549248
-0.00453129
-0.00851334
-0.0103671
-0.00988646
-0.00865065
-0.0081014
-0.00830737
-0.00796409
-0.00652232
-0.00466861
-0.00377608
-0.00425667
-0.00590441
-0.00789544
-0.00933721
-0.00961184
-0.00933721
-0.00995512
-0.0116715
-0.012976
-0.0116029
-0.00707156
-0.000823872
0.00494323
0.00837603
0.00878796
0.00659097
0.00302086
-0.000961184
-0.00508054
-0.00913124
-0.0122208
-0.0133193
-0.0116029
-0.00714022
-0.00123581
0.00418801
0.00720888
0.00693425
0.00439398
0.00144178
-0.000617904
-0.0023343
-0.00521785
-0.00988646
-0.0142804
-0.0152416
-0.0113969
-0.00459995
0.000480592
-6.8656e-05
-0.00672828
-0.0158595
-0.0218326
-0.0214207
-0.0155849
-0.008582
-0.00446264
-0.00480592
-0.008582
-0.0131133
-0.0156536
-0.0148983
-0.0112596
-0.0068656
-0.00377608
-0.00288355
-0.0040507
-0.00624769
-0.00865065
-0.0101611
-0.0098178
-0.00789544
-0.00562979
-0.00494323
-0.00665963
-0.00995512
-0.0126327
-0.0128387
-0.010779
-0.00796409
-0.00569845
-0.00391339
