-0.00768947
-0.00501189
-0.00102984
0.00199102
0.00130446
-0.00363877
-0.0104357
-0.0146237
-0.0128387
-0.0057671
0.00212834
0.00569845
0.00308952
-0.00281489
-0.00782678
-0.00988646
-0.00933721
-0.0081014
-0.00796409
-0.00947452
-0.0115342
-0.0122208
-0.0111909
-0.00926856
-0.00782678
-0.00741484
-0.00741484
-0.00665963
-0.00384473
0.000892528
0.00535517
0.00679694
0.00439398
-6.8656e-05
-0.00466861
-0.00823872
-0.010779
-0.0124267
-0.01277
-0.0116715
-0.00926856
-0.00693425
-0.00638501
-0.00830737
-0.0117402
-0.0146924
-0.0159968
-0.0155162
-0.0145551
-0.0145551
-0.0159968
-0.0175759
-0.017164
-0.0133879
-0.00720888
-0.00144178
0.00130446
-6.8656e-05
-0.00425667
-0.00865065
-0.0108476
-0.0102297
-0.00837603
-0.00782678
-0.00933721
-0.0116029
-0.0124267
-0.0110536
-0.00899393
-0.00851334
-0.0111909
-0.0165461
-0.0221759
-0.0256087
-0.0254714
-0.0216953
-0.0159968
-0.010779
-0.00865065
-0.0103671
-0.0135939
-0.0143491
-0.0100924
-0.00192237
0.0057671
0.00837603
0.00453129
-0.0034328
-0.0116029
-0.017164
-0.0188117
-0.0167521
-0.0121521
-0.0074835
-0.00611038
-0.00947452
-0.0157222
-0.0208714
-0.0221072
-0.019155
-0.0140058
-0.00995512
-0.00947452
-0.0133193
-0.0196356
-0.0254714
-0.0286295
-0.0284922
-0.0260206
-0.0234117
-0.0225878
-0.023549
-0.0236177
-0.019155
-0.00899393
0.00219699
0.00329549
-0.0214207
-0.0884289
-0.209401
-0.382826
-0.587558
-0.787141
-0.94553
-1.0435
-1.08566
-1.093
-1.09019
-1.09396
-1.10886
-1.13001
-1.14909
-1.1609
-1.16489
-1.16351
-1.15981
-1.15672
-1.15644
-1.15898
-1.1618
-1.16159
-1.15685
-1.14861
-1.13928
-1.1309
-1.12445
-1.12005
-1.11662
-1.11209
-1.1044
-1.09287
-1.07838
-1.06396
-1.05325
-1.04893
-1.05133
-1.05854
-1.06719
-1.07447
-1.07968
-1.08387
-1.08868
-1.09458
-1.1011
-1.10763
-1.11401
-1.12005
-1.12486
-1.12678
-1.12479
-1.12012
-1.11635
-1.11669
-1.1215
-1.12719
-1.12912
-1.12513
-1.11786
-1.11257
-1.11298
-1.11793
-1.12273
-1.12376
-1.1206
-1.11532
-1.11072
-1.10927
-1.11168
-1.11655
-1.11985
-1.1182
-1.11175
-1.10426
-1.10007
-1.10042
-1.10296
-1.10461
-1.10447
-1.10433
-1.10632
-1.11051
-1.11518
-1.11786
-1.11744
-1.11477
-1.11154
-1.10969
-1.11044
-1.11422
-1.12081
-1.12987
-1.14044
-1.15088
-1.15747
-1.15603
-1.14395
-1.12184
-1.0928
-1.0597
-1.02394
-0.985762
-0.944637
-0.899462
-0.849068
-0.793457
-0.734893
-0.677909
-0.626486
-0.581035
-0.538812
-0.495627
-0.448323
-0.395115
-0.337444
-0.280185
-0.230409
-0.193404
-0.169855
-0.155368
-0.143216
-0.12873
-0.111635
-0.0950199
-0.0825245
-0.0755902
-0.072844
-0.0719515
-0.0715395
-0.0712649
-0.0710589
-0.0702351
-0.0671455
-0.0608292
-0.0520412
-0.0430473
-0.0362504
-0.0330235
-0.0336414
-0.0374862
-0.0428413
-0.0477846
-0.0505308
-0.0503248
-0.0474413
-0.0431159
-0.0389279
-0.0361817
-0.0344653
-0.0319937
-0.0278057
-0.0234117
-0.0214893
-0.0236177
-0.0283549
-0.0322683
-0.0321996
-0.0270505
-0.0183311
-0.00926856
-0.00308952
-0.000755216
-0.00123581
-0.00302086
-0.00583576
-0.00995512
-0.015173
-0.0197729
-0.0219013
-0.0208028
-0.0179879
-0.0157909
-0.0153103
-0.0159968
-0.0164088
-0.0162028
-0.0155849
-0.015173
-0.015173
-0.0159968
-0.0178506
-0.0199789
-0.021558
-0.0223818
-0.0234117
-0.0250594
-0.0270505
-0.0280803
-0.0265699
-0.0214207
-0.0131819
-0.00418801
0.00192237
0.00205968
-0.00418801
-0.0137998
-0.0224505
-0.0268445
-0.0262266
-0.0218326
-0.0153789
-0.00899393
-0.00501189
-0.00480592
-0.00837603
-0.0145551
-0.0214207
-0.0267072
-0.0283549
-0.02554
-0.0192923
-0.0120148
-0.00604173
-0.00226565
-0.000274624
0.000205968
-0.000823872
-0.00357011
-0.00796409
-0.0135252
-0.0192237
-0.023755
-0.0265012
-0.0278743
-0.0286982
-0.0293848
-0.0291101
-0.0271878
-0.0241669
-0.0217639
-0.021558
-0.0230684
-0.0238236
-0.0210087
-0.0142804
-0.00617904
-0.000617904
0
-0.00315817
-0.00672828
-0.00768947
-0.00556113
-0.00302086
-0.00357011
-0.00803275
-0.0140745
-0.0186744
-0.0205968
-0.0202535
-0.0183311
-0.0157909
-0.0146237
-0.0162028
-0.0194296
-0.0216266
-0.0210774
-0.0180565
-0.0140058
-0.0100238
-0.00741484
-0.00741484
-0.0102297
-0.0140745
-0.0157222
-0.0132506
-0.00720888
-0.000617904
0.00377608
0.00535517
0.00528651
0.00446264
0.00281489
-0.00068656
-0.0057671
-0.0108476
-0.0143491
-0.0155162
-0.0150357
-0.0135939
-0.0113969
-0.0081014
-0.00350145
0.0017164
0.00556113
0.00631635
0.00384473
-0.000274624
-0.0034328
-0.00432533
-0.00357011
-0.00267758
-0.00185371
-0.000274624
0.00240296
0.00501189
0.00631635
0.00583576
0.00377608
0.000205968
-0.00521785
-0.0120148
-0.0184685
-0.0225192
-0.0228624
-0.018949
-0.0106417
0.000411936
0.0102297
0.0140058
0.00926856
-0.00240296
-0.0164088
-0.0269818
-0.0302086
-0.0254714
-0.0164774
-0.00851334
-0.00446264
-0.00370742
-0.00384473
-0.00329549
-0.00226565
-0.00164774
-0.00151043
-0.00102984
0.00102984
0.0051492
0.0101611
0.0141431
0.0156536
0.0138685
0.00892528
0.00185371
-0.00501189
-0.00947452
-0.0102984
-0.00830737
-0.00528651
-0.00302086
-0.00322683
-0.00659097
-0.0120835
-0.0170953
-0.0188804
-0.0165461
-0.0113282
-0.00535517
-0.000549248
0.00226565
0.00281489
0.00130446
-0.00157909
-0.00453129
-0.00583576
-0.00439398
-6.8656e-05
0.00597307
0.0116715
0.0145551
0.0130446
0.00803275
0.00219699
-0.00212834
-0.00432533
-0.00446264
-0.0023343
0.00185371
0.00631635
0.00885662
0.00817006
0.00487457
0.000480592
-0.00350145
-0.00590441
-0.00604173
-0.00425667
-0.00212834
-0.00247161
-0.00693425
-0.0146237
-0.0216953
-0.0236863
-0.0187431
-0.00926856
0
0.00521785
0.00521785
0.00164774
-0.00274624
-0.00556113
-0.00659097
-0.00741484
-0.00961184
-0.0119461
-0.0113969
-0.00638501
0.000823872
0.00569845
0.00494323
-0.00068656
-0.00714022
-0.0098178
-0.0074835
-0.00295221
0
0.000480592
-6.8656e-05
0.000411936
0.00240296
0.0051492
0.0074835
0.00865065
0.00789544
0.0051492
0.00102984
-0.00322683
-0.00617904
-0.00672828
-0.00508054
-0.00302086
-0.00281489
-0.00562979
-0.0104357
-0.014967
-0.0165461
-0.0140058
-0.0081014
-0.00151043
0.00322683
0.00453129
0.00254027
-0.00164774
-0.00672828
-0.0109163
-0.0130446
-0.0134566
-0.0134566
-0.0139372
-0.0146924
-0.0144864
-0.0127014
-0.00906259
-0.00377608
0.00212834
0.00714022
0.00988646
0.00995512
0.00817006
0.00569845
0.00315817
0.00068656
-0.00130446
-0.0023343
-0.00247161
-0.00302086
-0.00521785
-0.00865065
-0.0110536
-0.0101611
-0.00590441
0
0.00535517
0.00885662
0.00947452
0.00768947
0.00528651
0.00411936
0.00425667
0.00398205
0.00199102
-0.00130446
-0.00473726
-0.0074835
-0.00913124
-0.0101611
-0.0108476
-0.0113969
-0.0113969
-0.0103671
-0.00844468
-0.00611038
-0.00377608
-0.00151043
0.000617904
0.00185371
0.00130446
-0.0023343
-0.008582
-0.0152416
-0.0188117
-0.0177132
-0.0128387
-0.00714022
-0.00308952
-0.00226565
-0.0051492
-0.0104357
-0.0155162
-0.0172326
-0.0145551
-0.00885662
-0.00274624
0.00157909
0.00315817
0.00281489
0.0017164
0.000617904
-0.000892528
-0.00411936
-0.00988646
-0.0168207
-0.0221759
-0.0240296
-0.0224505
-0.0188117
-0.0148983
-0.0118775
-0.0098178
-0.00823872
-0.00659097
-0.00480592
-0.00288355
-0.000892528
0.000549248
0.000549248
-0.00199102
-0.00679694
-0.0119461
-0.0141431
-0.0117402
-0.00631635
-0.00247161
-0.00384473
-0.00974915
-0.0155162
-0.0160655
-0.0100238
-0.00068656
0.00583576
0.00494323
-0.00240296
-0.0108476
-0.0145551
-0.0122208
-0.00679694
-0.00267758
-0.00205968
-0.00459995
-0.00837603
-0.0112596
-0.0118775
-0.00995512
-0.00611038
-0.00123581
0.00336414
0.00624769
0.00624769
0.00302086
-0.00281489
-0.00947452
-0.014761
-0.017164
-0.0179192
-0.019361
-0.0225878
-0.025746
-0.0262952
-0.0230684
-0.0166147
-0.00913124
-0.00391339
-0.00329549
-0.00672828
-0.0109163
-0.0123581
-0.0100238
-0.00556113
-0.00151043
0.000823872
0.00137312
0.00185371
0.00377608
0.0068656
0.00933721
0.00851334
0.00302086
-0.00638501
-0.0166834
-0.0238236
-0.0247848
-0.0196356
-0.0121521
-0.00700291
-0.00624769
-0.00823872
-0.00961184
-0.0081014
-0.00432533
-0.000755216
-0.000549248
-0.00508054
-0.012564
-0.0186058
-0.019361
-0.0141431
-0.00604173
0.00123581
0.00535517
0.00624769
0.00446264
0.000617904
-0.00459995
-0.00933721
-0.0113969
-0.00961184
-0.00562979
-0.00260893
-0.00226565
-0.00370742
-0.00453129
-0.00295221
0.0010985
0.00562979
0.00865065
0.00878796
0.00583576
0.000480592
-0.00604173
-0.0120148
-0.015173
-0.0137312
-0.00789544
-0.00102984
0.00267758
0.00116715
-0.00398205
-0.0091999
-0.0116715
-0.0107103
-0.00789544
-0.00521785
-0.00391339
-0.00425667
-0.00597307
-0.00837603
-0.0103671
-0.0109163
-0.0100924
-0.00844468
-0.00617904
-0.00315817
0.00034328
0.00295221
0.0034328
0.00157909
-0.00157909
-0.00439398
-0.00562979
-0.00521785
-0.00446264
-0.00473726
-0.00672828
-0.00974915
-0.0124267
-0.0136625
-0.0136625
-0.0135939
-0.0134566
-0.0120148
-0.00768947
-0.000961184
0.00562979
0.0091999
0.00844468
0.00473726
0.000755216
-0.00157909
-0.00212834
-0.00205968
-0.00254027
-0.00363877
-0.0040507
-0.00254027
6.8656e-05
0.00116715
-0.000480592
-0.00329549
-0.00425667
-0.0023343
0.000137312
0
-0.00377608
-0.00865065
-0.0108476
-0.00940587
-0.00679694
-0.00638501
-0.00913124
-0.0129073
-0.0153103
-0.0156536
-0.0152416
-0.0148983
-0.0142118
-0.012564
-0.0107103
-0.00940587
-0.00817006
-0.00617904
-0.00357011
-0.00164774
-0.00123581
-0.00178506
-0.00254027
-0.00418801
-0.00762081
-0.0119461
-0.0144178
-0.0130446
-0.00885662
-0.00562979
-0.00727753
-0.0152416
-0.0269818
-0.0369369
-0.0389966
-0.0308952
-0.0164088
-0.00302086
0.00377608
0.00322683
-0.00116715
-0.0057671
-0.00885662
-0.0112596
-0.0146237
-0.0196356
-0.0256087
-0.0305519
-0.0325429
-0.0302773
-0.023755
-0.0146237
-0.00549248
0.000823872
0.00357011
0.00336414
0.00130446
-0.00205968
-0.00624769
-0.010779
-0.014761
-0.0174386
-0.0182625
-0.0179879
-0.0180565
-0.0198416
-0.0224505
-0.023343
-0.0207341
-0.0153103
-0.00947452
-0.00549248
-0.00446264
-0.0057671
-0.00803275
-0.00974915
-0.0105044
-0.0103671
-0.00926856
-0.00741484
-0.00583576
-0.0057671
-0.00727753
-0.0091999
-0.0111223
-0.0136625
-0.0168207
-0.0183311
-0.0158595
-0.00940587
-0.00226565
0.00199102
0.00240296
0.00068656
-0.00164774
-0.00562979
-0.0127014
-0.0219013
-0.0294534
-0.0308265
-0.0245788
-0.0134566
-0.00288355
0.0017164
-0.000823872
-0.00631635
-0.00844468
-0.00459995
0.00178506
0.00501189
0.00254027
-0.00281489
-0.00693425
-0.00803275
-0.00768947
-0.00823872
-0.0102984
-0.0122894
-0.0120148
-0.00899393
-0.00521785
-0.00315817
-0.00418801
-0.00727753
-0.0113282
-0.0151043
-0.016958
-0.0150357
-0.00899393
-0.00123581
0.00480592
0.00734619
0.00741484
0.00707156
0.00720888
0.00665963
0.00336414
-0.00267758
-0.00865065
-0.010573
-0.0068656
0.000137312
0.00569845
0.00611038
0.000961184
-0.00659097
-0.0115342
-0.010573
-0.00398205
0.00425667
0.0091999
0.00817006
0.00178506
-0.00645366
-0.0126327
-0.0148297
-0.0138685
-0.0118775
-0.0098178
-0.00796409
-0.00611038
-0.00453129
-0.00398205
-0.00590441
-0.0111909
-0.0190177
-0.0265012
-0.0307579
-0.0309638
-0.0284922
-0.0243042
-0.0188804
-0.0127014
-0.00700291
-0.00274624
-0.000274624
0.000274624
-0.00151043
-0.00528651
-0.00968049
-0.0122894
-0.0110536
-0.00590441
0.000892528
0.0057671
0.00659097
0.00322683
-0.00226565
-0.00707156
-0.0081014
-0.00377608
0.00487457
0.01277
0.0135252
0.00501189
-0.0081014
-0.017164
-0.0163401
-0.00659097
0.00590441
0.0137998
0.0134566
0.00700291
-0.000549248
-0.00549248
-0.00817006
-0.0110536
-0.015173
-0.019567
-0.0217639
-0.0194983
-0.0128387
-0.00432533
0.00178506
0.0023343
-0.00254027
-0.00940587
-0.0137312
-0.0135939
-0.0113282
-0.010985
-0.0145551
-0.0199789
-0.0234803
-0.0225878
-0.01737
-0.0100238
-0.00322683
0.000755216
0.00102984
-0.00137312
-0.00398205
-0.00459995
-0.00274624
-6.8656e-05
0.00123581
0.000274624
-0.00199102
-0.00411936
-0.00528651
-0.0057671
-0.00562979
-0.00501189
-0.00446264
-0.00487457
-0.00617904
-0.00720888
-0.0068656
-0.00549248
-0.00418801
-0.00350145
-0.00315817
-0.00267758
-0.00130446
0.00068656
0.00219699
0.0017164
-0.000961184
-0.00494323
-0.00878796
-0.0115342
-0.0120835
-0.00933721
-0.00302086
0.0051492
0.0117402
0.0138685
0.0113282
0.00611038
0.000823872
-0.00274624
-0.00466861
-0.00617904
-0.00830737
-0.0105044
-0.0110536
-0.00865065
-0.00329549
0.0034328
0.00817006
0.00755216
0.000549248
-0.0100238
-0.0192237
-0.0227938
-0.0196356
-0.0116029
-0.00267758
0.00281489
0.0023343
-0.00260893
-0.00741484
-0.00851334
-0.00638501
-0.00473726
-0.00665963
-0.0111909
-0.0137998
-0.0113282
-0.00521785
-0.000411936
-0.000755216
-0.0057671
-0.0119461
-0.0162715
-0.0178506
-0.0177819
-0.0167521
-0.0152416
-0.0137312
-0.0136625
-0.0157909
-0.0184685
-0.0179192
-0.0122208
-0.0034328
0.00418801
0.00775812
0.00755216
0.00446264
-0.00102984
-0.00768947
-0.0128387
-0.0135252
-0.00926856
-0.00281489
0.00212834
0.0034328
0.00137312
-0.00226565
-0.00501189
-0.00549248
-0.00384473
-0.00151043
0.000480592
0.00254027
0.00542382
0.00913124
0.0122894
0.0130446
0.0098178
0.00281489
-0.0051492
-0.0104357
-0.0111909
-0.00926856
-0.00803275
-0.00947452
-0.0121521
-0.0136625
-0.0131819
-0.0116715
-0.0101611
-0.00892528
-0.00768947
-0.00659097
-0.00569845
-0.00439398
-0.00212834
0.000137312
-0.000411936
-0.00556113
-0.0137998
-0.021146
-0.0242356
-0.0224505
-0.0175759
-0.0120835
-0.00762081
-0.00425667
-0.00192237
-0.000755216
-0.00116715
-0.00302086
-0.00501189
-0.0057671
-0.00542382
-0.00535517
-0.00693425
-0.00968049
-0.0116715
-0.0106417
-0.00624769
-0.000617904
0.0034328
0.00432533
0.00274624
0.00102984
0.0010985
0.00274624
0.00453129
0.00466861
0.00329549
0.00192237
0.00199102
0.00288355
0.0023343
-0.00157909
-0.00844468
-0.0160655
-0.0219013
-0.0245102
-0.0232744
-0.0184685
-0.0118088
-0.00521785
-0.000274624
0.00240296
0.00260893
0.000823872
-0.00144178
-0.00205968
0
0.0034328
0.00556113
0.00480592
0.00123581
-0.00322683
-0.00679694
-0.00844468
-0.00837603
-0.00727753
-0.00569845
-0.00425667
-0.00329549
-0.00267758
-0.0017164
-0.000411936
-0.000411936
-0.00267758
-0.00583576
-0.00714022
-0.00521785
-0.00157909
0.000961184
0.000549248
-0.00329549
-0.00926856
-0.0152416
-0.019155
-0.0207341
-0.021352
-0.0221072
-0.0229311
-0.0225878
-0.0200475
-0.0151043
-0.00892528
-0.00357011
-0.00130446
-0.00302086
-0.00734619
-0.0117402
-0.0145551
-0.0152416
-0.0137312
-0.0102297
-0.00583576
-0.00254027
-0.00157909
-0.00240296
-0.0034328
-0.00377608
-0.00377608
-0.00391339
-0.0034328
-0.00151043
0.00102984
0.0017164
-0.0010985
-0.00611038
-0.0102297
-0.0113282
-0.0100238
-0.00871931
-0.00885662
-0.00947452
-0.00878796
-0.00652232
-0.00480592
-0.00611038
-0.0106417
-0.0162028
-0.0199102
-0.0199789
-0.0164774
-0.0112596
-0.00700291
-0.00562979
-0.00659097
-0.00755216
-0.00693425
-0.0051492
-0.00363877
-0.00295221
-0.00247161
-0.00151043
-0.000274624
0.000892528
0.00157909
0.00185371
0.00164774
0.000617904
-0.00137312
-0.00384473
-0.00672828
-0.0101611
-0.0144864
-0.0190864
-0.0225878
-0.0232744
-0.0203222
-0.014761
-0.00926856
-0.00645366
-0.00714022
-0.00995512
-0.0120835
-0.0117402
-0.0098178
-0.00933721
-0.0123581
-0.0167521
-0.0180565
-0.0136625
-0.00542382
0.00192237
0.00439398
0.00123581
-0.00487457
-0.00995512
-0.0111223
-0.00885662
-0.00665963
-0.00782678
-0.0128387
-0.018949
-0.0224505
-0.021352
-0.0159968
-0.00913124
-0.00350145
-0.000549248
-0.000137312
-0.00164774
-0.00446264
-0.00803275
-0.0116715
-0.0140745
-0.0140745
-0.0115342
-0.00871931
-0.00803275
-0.0102984
-0.0136625
-0.0156536
-0.014967
-0.0117402
-0.00720888
-0.00322683
-0.00199102
-0.00521785
-0.0124954
-0.021352
-0.0282176
-0.0304833
-0.0274624
-0.0206654
-0.01277
-0.00604173
-0.00178506
-0.000205968
-0.000892528
-0.00295221
-0.00508054
-0.00652232
-0.00700291
-0.00652232
-0.00501189
-0.00302086
-0.00247161
-0.00501189
-0.00988646
-0.0135252
-0.0123581
-0.0057671
0.00274624
0.00844468
0.00830737
0.0034328
-0.00254027
-0.00597307
-0.00535517
-0.00185371
0.00226565
0.00549248
0.00755216
0.00844468
0.00775812
0.00466861
-0.000755216
-0.0068656
-0.0106417
-0.0100924
-0.00590441
-0.0010985
0.00130446
0.000274624
-0.00260893
-0.00480592
-0.00528651
-0.00556113
-0.00844468
-0.0152416
-0.0240296
-0.0304833
-0.0307579
-0.0238923
-0.0130446
-0.00315817
0.00192237
0.0017164
-0.000961184
-0.00308952
-0.00350145
-0.00315817
-0.0034328
-0.00446264
-0.00569845
-0.00624769
-0.00556113
-0.00377608
-0.00144178
0.000480592
0.00137312
0.000617904
-0.00205968
-0.00590441
-0.00899393
-0.0098178
-0.00844468
-0.0057671
-0.00212834
0.00219699
0.0057671
0.00562979
0.000755216
-0.00672828
-0.0124267
-0.0133879
-0.00974915
-0.00439398
-0.000274624
0.000961184
0.000205968
-6.8656e-05
0.00254027
0.00775812
0.0124267
0.0131133
0.0091999
0.00350145
0.000205968
0.0010985
0.00508054
0.00906259
0.0106417
0.00865065
0.00336414
-0.00315817
-0.00782678
-0.00817006
-0.00459995
0.000137312
0.00308952
0.00329549
0.00205968
0.00137312
0.00212834
0.00281489
0.000617904
-0.00604173
-0.0152416
-0.0231371
-0.0268445
-0.0260893
-0.0212834
-0.0127014
-0.00164774
0.00871931
0.014761
0.015173
0.0115342
0.00659097
0.00192237
-0.00267758
-0.00720888
-0.010573
-0.0116715
-0.010779
-0.00961184
-0.00968049
-0.0111223
-0.0137312
-0.0168207
-0.019361
-0.0194983
-0.0159968
-0.00940587
-0.0017164
0.00473726
0.00734619
0.00446264
-0.00350145
-0.0131819
-0.0198416
-0.0199789
-0.0135939
-0.00425667
0.00260893
0.00288355
-0.00384473
-0.0129073
-0.0181252
-0.0164088
-0.0091999
-0.000480592
0.00659097
0.0106417
0.0112596
0.00892528
0.00466861
0.000549248
-0.00123581
-0.000205968
0.00226565
0.00391339
0.00363877
0.00212834
0.000755216
0.000549248
0.00192237
0.00446264
0.00679694
0.00707156
0.00439398
-0.000617904
-0.00569845
-0.008582
-0.00830737
-0.00542382
-0.00185371
0.000274624
-6.8656e-05
-0.00212834
-0.00446264
-0.00638501
-0.00789544
-0.00878796
-0.00892528
-0.00871931
-0.00968049
-0.012976
-0.0182625
-0.0225878
-0.0227251
-0.0175073
-0.00988646
-0.00446264
-0.00350145
-0.00521785
-0.00611038
-0.00473726
-0.00288355
-0.00302086
-0.00679694
-0.0136625
-0.0212147
-0.0262266
-0.0265012
-0.0227251
-0.0176446
-0.0138685
-0.0114655
-0.00926856
-0.0068656
-0.00501189
-0.00528651
-0.00817006
-0.0129073
-0.0180565
-0.0227938
-0.0266385
-0.0280803
-0.0254027
-0.0188117
-0.0115342
-0.00775812
-0.00823872
-0.0102984
-0.0110536
-0.0103671
-0.0100924
-0.0112596
-0.0124954
-0.0116029
-0.00775812
-0.00288355
-0.000205968
-0.00151043
-0.0057671
-0.0100924
-0.0118088
-0.0098178
-0.00473726
0.00130446
0.00583576
0.00762081
0.00659097
0.00336414
-0.00130446
-0.00590441
-0.00782678
-0.00549248
0
0.00521785
0.0074835
0.00597307
0.00130446
-0.00556113
-0.0127014
-0.0177132
-0.0182625
-0.0139372
-0.0068656
-0.000961184
0.00137312
0.00102984
0.00116715
0.00384473
0.0074835
0.00974915
0.00988646
0.00906259
0.00775812
0.00528651
0.00164774
-0.00123581
-0.00151043
0.000755216
0.00357011
0.00542382
0.00556113
0.00432533
0.00267758
0.00212834
0.0034328
0.00569845
0.00659097
0.0051492
0.00267758
0.00151043
0.00260893
0.00494323
0.00617904
0.00466861
0.00034328
-0.00528651
-0.0100238
-0.0118775
-0.0098178
-0.00473726
0.000961184
0.00494323
0.00604173
0.00487457
0.00185371
-0.00308952
-0.00899393
-0.0137312
-0.0143491
-0.00968049
-0.00144178
0.00624769
0.00933721
0.00611038
-0.00178506
-0.010779
-0.016958
-0.0178506
-0.0135252
-0.00659097
-0.00116715
0
-0.00281489
-0.00624769
-0.00714022
-0.00528651
-0.00267758
-0.000892528
-0.00034328
-0.000823872
-0.00295221
-0.00720888
-0.0131133
-0.0183998
-0.0203908
-0.0179879
-0.0124267
-0.00672828
-0.00384473
-0.00501189
-0.00885662
-0.0126327
-0.0139372
-0.0118088
-0.00707156
-0.00151043
0.00308952
0.0051492
0.00315817
-0.00357011
-0.0133193
-0.0214893
-0.023343
-0.0177132
-0.00789544
0.000411936
0.00329549
0.000892528
-0.00391339
-0.00817006
-0.010573
-0.0108476
-0.00988646
-0.00926856
-0.0103671
-0.012564
-0.0137998
-0.0126327
-0.00933721
-0.00556113
-0.00350145
-0.00425667
-0.00707156
-0.00947452
-0.00940587
-0.00762081
-0.0068656
-0.008582
-0.0106417
-0.00961184
-0.00501189
-0.0010985
-0.00281489
-0.0108476
-0.0206654
-0.0265012
-0.0254714
-0.0188804
-0.0098178
-0.0010985
0.00549248
0.00885662
0.0081014
0.00302086
-0.00459995
-0.0118088
-0.0159968
-0.0161342
-0.012564
-0.00631635
0.000411936
0.00494323
0.00556113
0.00205968
-0.00494323
-0.0140058
-0.0221072
-0.0254714
-0.0223132
-0.0144178
-0.00679694
-0.00377608
-0.00569845
-0.00913124
-0.0106417
-0.00947452
-0.00693425
-0.00432533
-0.00205968
-0.000961184
-0.00205968
-0.0057671
-0.0110536
-0.0158595
-0.0179879
-0.0165461
-0.012564
-0.00885662
-0.00768947
-0.00899393
-0.00974915
-0.00734619
-0.00212834
0.00254027
0.00336414
-0.000411936
-0.00672828
-0.0129073
-0.0167521
-0.0173013
-0.0145551
-0.00933721
-0.00281489
0.00315817
0.00652232
0.0057671
0.00151043
-0.00418801
-0.00865065
-0.0102297
-0.0091999
-0.00762081
-0.00734619
-0.00823872
-0.00865065
-0.00755216
-0.00549248
-0.00384473
-0.00295221
-0.00219699
-0.0010985
0
-6.8656e-05
-0.00192237
-0.00501189
-0.00755216
-0.00755216
-0.00473726
-0.00116715
-0.000137312
-0.00274624
-0.00672828
-0.00878796
-0.00796409
-0.00659097
-0.00727753
-0.00968049
-0.0112596
-0.0106417
-0.0100924
-0.0129073
-0.0196356
-0.0264325
-0.0283549
-0.023755
-0.0157222
-0.00844468
-0.00439398
-0.00322683
-0.00329549
-0.00315817
-0.00281489
-0.0034328
-0.00652232
-0.0118775
-0.0174386
-0.0203222
-0.0184685
-0.0116715
-0.0023343
0.00590441
0.00988646
0.00823872
0.00226565
-0.00501189
-0.010985
-0.0140058
-0.0144178
-0.0133879
-0.0126327
-0.012976
-0.0135939
-0.0131133
-0.0106417
-0.00645366
-0.00185371
0.00144178
0.00199102
-0.000274624
-0.00432533
-0.00789544
-0.00913124
-0.00679694
-0.00178506
0.00308952
0.00425667
0.000411936
-0.00604173
-0.0110536
-0.0123581
-0.0107103
-0.00844468
-0.00700291
-0.00590441
-0.00418801
-0.00144178
0.00157909
0.00391339
0.00494323
0.00453129
0.00260893
-0.00116715
-0.00720888
-0.0153103
-0.0240296
-0.0302773
-0.0308952
-0.0247161
-0.0139372
-0.00288355
0.00418801
0.0057671
0.00288355
-0.00226565
-0.00672828
-0.0081014
-0.00556113
-0.000961184
0.00212834
0.00157909
-0.00219699
-0.00734619
-0.0122208
-0.0160655
-0.0178506
-0.0161342
-0.0102984
-0.00212834
0.00487457
0.00844468
0.0091999
0.00933721
0.00954318
0.00844468
0.00466861
-0.0017164
-0.00844468
-0.0130446
-0.0143491
-0.0132506
-0.0120148
-0.0122894
-0.0131819
-0.0130446
-0.0111909
-0.00899393
-0.00817006
-0.00940587
-0.0119461
-0.0143491
-0.0152416
-0.0139372
-0.010573
-0.00556113
0.000205968
0.00521785
0.00775812
0.00714022
0.00398205
-0.000205968
-0.00446264
-0.00830737
-0.0109163
-0.0116029
-0.0103671
-0.00782678
-0.00432533
0.000480592
0.00645366
0.0120148
0.0146924
0.0129073
0.00672828
-0.00205968
-0.0100238
-0.0137998
-0.0118088
-0.00611038
-0.000892528
0.00068656
