0.00411936
0.00205968
-0.00212834
-0.00556113
-0.00583576
-0.00315817
-0.000205968
-0.000137312
-0.00363877
-0.00830737
-0.0105044
-0.00837603
-0.00357011
0.000411936
0.000823872
-0.00247161
-0.00762081
-0.0117402
-0.0123581
-0.00892528
-0.00336414
0.00137312
0.00288355
0.0010985
-0.00254027
-0.00617904
-0.0081014
-0.00762081
-0.00521785
-0.00164774
0.00240296
0.00611038
0.0081014
0.00679694
0.00192237
-0.00446264
-0.00906259
-0.00995512
-0.0081014
-0.00645366
-0.00693425
-0.00885662
-0.00961184
-0.0081014
-0.00542382
-0.00384473
-0.00411936
-0.00556113
-0.00707156
-0.00775812
-0.00714022
-0.00494323
-0.00192237
0.000411936
0.000480592
-0.00205968
-0.00672828
-0.0121521
-0.0170267
-0.0201162
-0.0216266
-0.0231371
-0.0256087
-0.0280116
-0.027737
-0.0231371
-0.0162715
-0.0113282
-0.0113969
-0.0155162
-0.0200475
-0.021352
-0.0182625
-0.0128387
-0.00844468
-0.00741484
-0.00947452
-0.0121521
-0.0129073
-0.0111909
-0.008582
-0.00755216
-0.00926856
-0.0131819
-0.017164
-0.0190177
-0.0176446
-0.0142804
-0.0116029
-0.0116029
-0.0138685
-0.0164774
-0.0186744
-0.0212834
-0.0245788
-0.0267758
-0.0260206
-0.0224505
-0.0185371
-0.0170267
-0.0190864
-0.0232744
-0.0268445
-0.0278743
-0.0265012
-0.0243042
-0.0229997
-0.0227251
-0.0227251
-0.0225878
-0.0227251
-0.023549
-0.0240982
-0.0216266
-0.0135939
-0.000961184
0.00933721
0.00432533
-0.0325429
-0.11747
-0.258558
-0.447568
-0.657244
-0.849686
-0.992697
-1.07385
-1.10296
-1.10351
-1.09994
-1.10763
-1.12898
-1.15637
-1.17869
-1.18823
-1.18432
-1.1723
-1.16001
-1.15335
-1.15342
-1.15678
-1.15912
-1.15761
-1.15184
-1.14305
-1.13351
-1.1252
-1.11916
-1.11497
-1.11127
-1.10625
-1.09747
-1.08367
-1.0665
-1.05092
-1.04309
-1.04611
-1.05751
-1.07124
-1.08161
-1.08682
-1.08833
-1.08854
-1.08902
-1.09005
-1.09239
-1.09726
-1.1055
-1.11566
-1.12472
-1.13001
-1.13124
-1.13001
-1.12815
-1.12651
-1.12527
-1.12465
-1.12513
-1.12713
-1.12994
-1.13166
-1.1307
-1.12685
-1.12184
-1.11751
-1.11463
-1.11257
-1.1103
-1.10749
-1.10488
-1.10392
-1.10522
-1.10818
-1.1112
-1.11305
-1.11319
-1.11188
-1.1103
-1.11058
-1.11408
-1.11944
-1.12287
-1.12115
-1.11408
-1.10529
-1.10001
-1.10104
-1.10673
-1.11209
-1.11381
-1.11271
-1.11346
-1.12047
-1.13406
-1.14958
-1.16015
-1.16084
-1.15033
-1.12967
-1.10042
-1.06369
-1.02078
-0.973679
-0.924796
-0.875432
-0.825725
-0.774989
-0.722673
-0.668091
-0.610832
-0.551719
-0.493156
-0.438643
-0.39079
-0.349528
-0.312591
-0.277507
-0.243042
-0.209744
-0.179604
-0.154751
-0.136488
-0.124061
-0.114861
-0.106417
-0.0976288
-0.0891154
-0.0819066
-0.0766201
-0.07305
-0.0703037
-0.0677634
-0.0654291
-0.0635754
-0.062065
-0.0602799
-0.057671
-0.0543755
-0.0512174
-0.0497069
-0.0507368
-0.053689
-0.0561606
-0.05568
-0.0515606
-0.0455876
-0.0409876
-0.0403697
-0.0444891
-0.0506681
-0.0547875
-0.053483
-0.0470293
-0.0387906
-0.032337
-0.0293161
-0.0289728
-0.0298653
-0.0306206
-0.0302773
-0.0285609
-0.025952
-0.0229997
-0.0205968
-0.0194983
-0.0201849
-0.0225878
-0.0262266
-0.0304833
-0.0350832
-0.0396145
-0.0433906
-0.0455876
-0.045107
-0.0404384
-0.0308952
-0.0184685
-0.00796409
-0.00411936
-0.00775812
-0.0153789
-0.0217639
-0.0232744
-0.0200475
-0.0153789
-0.0135939
-0.0168894
-0.0238923
-0.0311012
-0.0355638
-0.0366623
-0.0348086
-0.0306206
-0.0242356
-0.0159968
-0.00775812
-0.00226565
-0.00137312
-0.00425667
-0.00844468
-0.0124267
-0.016958
-0.0229311
-0.0287669
-0.0306206
-0.025746
-0.0153103
-0.0040507
0.00260893
0.00199102
-0.00384473
-0.0103671
-0.0140058
-0.0137312
-0.010779
-0.00672828
-0.00315817
-0.00219699
-0.0057671
-0.0141431
-0.0249908
-0.0341907
-0.0378981
-0.0349459
-0.0269131
-0.01737
-0.0104357
-0.00913124
-0.0137998
-0.0209401
-0.0254714
-0.0240296
-0.0179879
-0.0119461
-0.00968049
-0.0116715
-0.0155162
-0.0179192
-0.0175759
-0.0151043
-0.0122894
-0.0102984
-0.00906259
-0.00775812
-0.00597307
-0.00508054
-0.00693425
-0.0120148
-0.0175073
-0.0192923
-0.0146237
-0.00487457
0.0051492
0.0102984
0.00844468
0.00102984
-0.00789544
-0.0140745
-0.014761
-0.00954318
-0.00137312
0.00473726
0.00432533
-0.00302086
-0.0132506
-0.0210774
-0.0229997
-0.0192923
-0.0133879
-0.00995512
-0.0112596
-0.0153103
-0.0178506
-0.0165461
-0.0132506
-0.0113282
-0.012564
-0.0156536
-0.0177132
-0.0166147
-0.0124267
-0.00727753
-0.00329549
-0.00144178
-0.00144178
-0.00254027
-0.00391339
-0.00473726
-0.00439398
-0.00302086
-0.0010985
0.000411936
-0.000137312
-0.00336414
-0.00830737
-0.0124954
-0.0140058
-0.0124267
-0.00892528
-0.00487457
-0.000892528
0.00254027
0.00446264
0.00370742
0.000549248
-0.00295221
-0.00432533
-0.0023343
0.00185371
0.00521785
0.00459995
-0.00068656
-0.00817006
-0.0142118
-0.0163401
-0.0144864
-0.00995512
-0.00535517
-0.00267758
-0.00247161
-0.00391339
-0.00535517
-0.0057671
-0.00501189
-0.00439398
-0.00542382
-0.00837603
-0.0116715
-0.0126327
-0.00995512
-0.00473726
0.000274624
0.00226565
-0.000137312
-0.00604173
-0.0124954
-0.0158595
-0.0140058
-0.00796409
-0.00102984
0.0034328
0.00418801
0.0023343
-0.000137312
-0.00157909
-0.00123581
0.000617904
0.00329549
0.00521785
0.00446264
0.000274624
-0.00638501
-0.0131819
-0.0172326
-0.0167521
-0.0120835
-0.0057671
-0.00130446
-0.00102984
-0.00494323
-0.0113282
-0.0173013
-0.0200475
-0.0181938
-0.0129073
-0.00700291
-0.00267758
-0.000755216
-0.000823872
-0.00185371
-0.00240296
-0.00102984
0.00226565
0.00542382
0.0057671
0.00308952
6.8656e-05
0.000274624
0.00501189
0.0115342
0.0148297
0.0111223
0.000755216
-0.0114655
-0.0196356
-0.0205968
-0.0153789
-0.00762081
-0.000617904
0.00384473
0.00528651
0.00357011
-0.00123581
-0.00789544
-0.0140058
-0.0167521
-0.014761
-0.00899393
-0.00329549
-0.00178506
-0.0057671
-0.0121521
-0.0153103
-0.0118088
-0.00398205
0.00260893
0.00432533
0.00254027
0.000892528
0.00034328
-0.00130446
-0.00638501
-0.0142118
-0.021146
-0.023549
-0.0201162
-0.0132506
-0.00714022
-0.00528651
-0.00789544
-0.0126327
-0.0168894
-0.0194296
-0.0202535
-0.0194983
-0.0166834
-0.0120148
-0.0068656
-0.00288355
-0.000823872
-0.000480592
-0.00144178
-0.00391339
-0.00796409
-0.0121521
-0.0133879
-0.00974915
-0.00302086
0.00192237
0.000549248
-0.0074835
-0.0181938
-0.0263639
-0.0283549
-0.0238923
-0.0157222
-0.00762081
-0.00226565
-0.000549248
-0.00151043
-0.00377608
-0.00631635
-0.008582
-0.0102297
-0.0111909
-0.0115342
-0.0120148
-0.0133879
-0.0156536
-0.01737
-0.0161342
-0.0102984
-0.000823872
0.00913124
0.0161342
0.0179879
0.0144178
0.00734619
6.8656e-05
-0.00418801
-0.00459995
-0.00315817
-0.00329549
-0.00693425
-0.012976
-0.0181938
-0.019155
-0.0155849
-0.00968049
-0.00473726
-0.00274624
-0.00391339
-0.00679694
-0.00940587
-0.0102297
-0.00954318
-0.008582
-0.008582
-0.00947452
-0.0104357
-0.0111909
-0.0118775
-0.0128387
-0.0135939
-0.0138685
-0.0146237
-0.0167521
-0.0201849
-0.0229311
-0.0229311
-0.0200475
-0.0164774
-0.0148297
-0.0152416
-0.0154476
-0.0127014
-0.00679694
6.8656e-05
0.00528651
0.00789544
0.00782678
0.00480592
-0.00137312
-0.00906259
-0.0146924
-0.0146924
-0.00878796
-0.000549248
0.00521785
0.00611038
0.00254027
-0.00336414
-0.00906259
-0.0122208
-0.0118775
-0.00865065
-0.00473726
-0.00274624
-0.00453129
-0.0105044
-0.0188804
-0.025746
-0.0273251
-0.0220386
-0.0120835
-0.0017164
0.00487457
0.00549248
0.00034328
-0.0081014
-0.0164774
-0.0210774
-0.0198416
-0.0137312
-0.00659097
-0.00302086
-0.00480592
-0.00974915
-0.0131819
-0.0120835
-0.00672828
0.000411936
0.00679694
0.010985
0.0118775
0.00885662
0.00315817
-0.00199102
-0.00350145
-0.00157909
0.000411936
-0.00034328
-0.00288355
-0.00391339
-0.00185371
0.00116715
0.00199102
0.000274624
-0.00192237
-0.00274624
-0.00267758
-0.00295221
-0.00384473
-0.00459995
-0.00425667
-0.00260893
-0.000137312
0.00205968
0.00322683
0.00302086
0.00164774
-0.000411936
-0.00260893
-0.00384473
-0.00384473
-0.00288355
-0.000823872
0.00377608
0.0113969
0.018949
0.021352
0.0165461
0.00817006
0.00247161
0.00302086
0.00817006
0.0133193
0.0140745
0.00871931
-0.000961184
-0.0110536
-0.0177132
-0.0192923
-0.0162028
-0.0098178
-0.0017164
0.00652232
0.0131133
0.0155849
0.0120835
0.00363877
-0.00597307
-0.0122894
-0.0137998
-0.0122208
-0.0104357
-0.00954318
-0.00885662
-0.00700291
-0.00425667
-0.00260893
-0.00439398
-0.00947452
-0.0144864
-0.0153103
-0.0104357
-0.00212834
0.00617904
0.0115342
0.0122894
0.00871931
0.00308952
-0.00102984
-0.00144178
0.000892528
0.00267758
0.000755216
-0.00473726
-0.0105044
-0.012976
-0.0111909
-0.00714022
-0.00329549
-0.000205968
0.00281489
0.00494323
0.00391339
-0.00137312
-0.00844468
-0.0131133
-0.0131819
-0.0105044
-0.00926856
-0.0118775
-0.0166834
-0.019155
-0.0160655
-0.00817006
0.000961184
0.00693425
0.00720888
0.00144178
-0.00775812
-0.0168894
-0.0227251
-0.0236177
-0.019567
-0.0123581
-0.00494323
0.000274624
0.00281489
0.00350145
0.00288355
0.000823872
-0.00212834
-0.00439398
-0.00398205
-0.00068656
0.00322683
0.00466861
0.00226565
-0.00267758
-0.00803275
-0.0124267
-0.0156536
-0.0170953
-0.0161342
-0.0129073
-0.00933721
-0.00727753
-0.00707156
-0.00700291
-0.00583576
-0.00391339
-0.00315817
-0.00508054
-0.0098178
-0.0160655
-0.0214207
-0.0238923
-0.0232057
-0.0200475
-0.015173
-0.0091999
-0.00384473
-0.00116715
-0.00212834
-0.00521785
-0.00851334
-0.010573
-0.010779
-0.00885662
-0.0051492
-0.000961184
0.00219699
0.00308952
0.00144178
-0.00247161
-0.00796409
-0.0134566
-0.0166147
-0.0162028
-0.0120835
-0.00562979
0.00123581
0.00665963
0.00871931
0.00645366
0.000480592
-0.00672828
-0.0119461
-0.0131819
-0.0107103
-0.0068656
-0.00370742
-0.00247161
-0.00336414
-0.0057671
-0.00844468
-0.00968049
-0.00823872
-0.00453129
-0.000411936
0.00178506
0.000549248
-0.00322683
-0.00714022
-0.00906259
-0.00782678
-0.00336414
0.00336414
0.0102297
0.0139372
0.0115342
0.00350145
-0.00569845
-0.0105044
-0.00899393
-0.00391339
0.000274624
0.00102984
-0.00157909
-0.00542382
-0.0081014
-0.00823872
-0.00624769
-0.00398205
-0.00281489
-0.00274624
-0.00288355
-0.00274624
-0.00205968
-0.00137312
-0.00144178
-0.00308952
-0.00645366
-0.0102984
-0.0130446
-0.0139372
-0.0131819
-0.0114655
-0.00988646
-0.00926856
-0.0104357
-0.0131133
-0.0164088
-0.018949
-0.0199102
-0.0192923
-0.0172326
-0.0137998
-0.0091999
-0.00459995
-0.00157909
-0.00102984
-0.00212834
-0.00363877
-0.00453129
-0.00487457
-0.00432533
-0.00274624
-0.000205968
0.00247161
0.0040507
0.00384473
0.00157909
-0.0017164
-0.00494323
-0.00727753
-0.00906259
-0.00988646
-0.00830737
-0.00329549
0.0034328
0.00796409
0.00700291
0.000755216
-0.0074835
-0.0136625
-0.0155849
-0.0137312
-0.0107103
-0.00865065
-0.00796409
-0.00817006
-0.00926856
-0.0122894
-0.017164
-0.0218326
-0.0232057
-0.0196356
-0.0126327
-0.00549248
-0.000892528
0.000892528
0.000617904
-0.0010985
-0.00411936
-0.00782678
-0.010573
-0.0108476
-0.00926856
-0.00789544
-0.00878796
-0.0115342
-0.0137312
-0.012976
-0.00913124
-0.00432533
-0.00185371
-0.00336414
-0.00768947
-0.0122894
-0.0145551
-0.0135939
-0.0102297
-0.00631635
-0.00384473
-0.00370742
-0.00590441
-0.00968049
-0.0137998
-0.0159968
-0.0140745
-0.00823872
-0.00144178
0.00219699
0.0010985
-0.00281489
-0.00590441
-0.00556113
-0.00205968
0.00212834
0.00446264
0.0040507
0.00192237
-0.000549248
-0.00219699
-0.00254027
-0.00205968
-0.00226565
-0.00425667
-0.00693425
-0.00796409
-0.00624769
-0.00411936
-0.00459995
-0.00844468
-0.0133879
-0.0161342
-0.0150357
-0.010573
-0.00453129
0.00116715
0.00535517
0.00755216
0.00734619
0.00535517
0.00302086
0.00199102
0.00267758
0.0040507
0.00446264
0.00315817
0.000755216
-0.00192237
-0.00453129
-0.00714022
-0.00974915
-0.0116029
-0.0113969
-0.00871931
-0.00528651
-0.00377608
-0.0051492
-0.00768947
-0.00892528
-0.00844468
-0.00796409
-0.00933721
-0.0120148
-0.0135252
-0.0116029
-0.00672828
-0.00185371
-0.00034328
-0.00302086
-0.00755216
-0.0105044
-0.0103671
-0.00768947
-0.00439398
-0.00219699
-0.00178506
-0.00274624
-0.00391339
-0.00480592
-0.00590441
-0.00775812
-0.00947452
-0.00947452
-0.00672828
-0.00219699
0.00199102
0.00377608
0.00226565
-0.00164774
-0.00549248
-0.00700291
-0.00597307
-0.00411936
-0.00336414
-0.00411936
-0.00569845
-0.00720888
-0.00830737
-0.00899393
-0.00906259
-0.00823872
-0.00631635
-0.0040507
-0.00254027
-0.00247161
-0.00322683
-0.00418801
-0.00535517
-0.00714022
-0.0091999
-0.0102984
-0.00961184
-0.00741484
-0.00418801
-0.000411936
0.00322683
0.0057671
0.00638501
0.00453129
0.000137312
-0.00562979
-0.010779
-0.0133879
-0.0131133
-0.0117402
-0.0114655
-0.0137998
-0.0182625
-0.0222445
-0.0230684
-0.0201849
-0.0152416
-0.0104357
-0.00700291
-0.00453129
-0.00260893
-0.0017164
-0.00212834
-0.00350145
-0.00508054
-0.00597307
-0.00556113
-0.00425667
-0.00302086
-0.00240296
-0.00185371
-0.000480592
0.00226565
0.00521785
0.00590441
0.0023343
-0.00535517
-0.0141431
-0.0199102
-0.0197043
-0.0137312
-0.00528651
0.00144178
0.00295221
-0.00151043
-0.00954318
-0.0165461
-0.0188117
-0.0154476
-0.00871931
-0.00212834
0.00137312
0.00102984
-0.00164774
-0.00418801
-0.00466861
-0.00315817
-0.00151043
-0.00199102
-0.00501189
-0.00851334
-0.00933721
-0.00659097
-0.00267758
-0.00102984
-0.00219699
-0.0040507
-0.00432533
-0.00281489
-0.00116715
-0.00116715
-0.00425667
-0.010779
-0.019155
-0.025746
-0.0274624
-0.0239609
-0.0176446
-0.0108476
-0.00480592
-0.000137312
0.0023343
0.0023343
0.000274624
-0.00247161
-0.00446264
-0.00542382
-0.00617904
-0.00817006
-0.0116715
-0.0157909
-0.019361
-0.0214207
-0.0206654
-0.0158595
-0.00762081
0.00102984
0.00604173
0.00473726
-0.00247161
-0.0116029
-0.0168207
-0.0140058
-0.00398205
0.00755216
0.0142804
0.0136625
0.00823872
0.00212834
-0.00192237
-0.00350145
-0.00391339
-0.00480592
-0.00679694
-0.00899393
-0.0102297
-0.0100924
-0.00968049
-0.00995512
-0.0111909
-0.0131133
-0.014761
-0.0153103
-0.0140745
-0.0111909
-0.00700291
-0.00199102
0.00302086
0.00700291
0.00906259
0.00899393
0.00762081
0.00569845
0.00377608
0.00192237
-0.00034328
-0.00384473
-0.00892528
-0.014761
-0.0194296
-0.0205968
-0.0168207
-0.00913124
-0.00102984
0.00295221
0.000823872
-0.00487457
-0.0091999
-0.00851334
-0.00267758
0.00487457
0.00940587
0.00789544
0.00116715
-0.00693425
-0.012564
-0.0144864
-0.0128387
-0.00865065
-0.00322683
0.00144178
0.00322683
0.00137312
-0.00274624
-0.00631635
-0.0074835
-0.00638501
-0.00542382
-0.00679694
-0.0105044
-0.0141431
-0.0155849
-0.0145551
-0.0123581
-0.0111223
-0.0124267
-0.0165461
-0.021352
-0.023343
-0.0206654
-0.015173
-0.010985
-0.0109163
-0.0146237
-0.0194296
-0.0225192
-0.0221759
-0.0194296
-0.0168207
-0.0160655
-0.0163401
-0.0157222
-0.0128387
-0.008582
-0.00459995
-0.00219699
-0.00130446
-0.00130446
-0.00240296
-0.00604173
-0.0120835
-0.0178506
-0.0192237
-0.0144178
-0.00645366
-0.000755216
-0.000823872
-0.00535517
-0.010573
-0.0131133
-0.0124954
-0.0102297
-0.00762081
-0.0051492
-0.00288355
-0.00130446
-0.00116715
-0.0023343
-0.00377608
-0.00459995
-0.00480592
-0.00521785
-0.00638501
-0.00782678
-0.00878796
-0.008582
-0.00768947
-0.00714022
-0.00789544
-0.00974915
-0.0111909
-0.0110536
-0.00933721
-0.00693425
-0.00453129
-0.00192237
0.00144178
0.00549248
0.00947452
0.0120835
0.0117402
0.00762081
-0.00068656
-0.0122894
-0.0245102
-0.032337
-0.0314444
-0.0217639
-0.00885662
-0.000480592
-0.00068656
-0.00830737
-0.0181938
-0.0249221
-0.0247848
-0.0176446
-0.00597307
0.00590441
0.0142118
0.0164774
0.0123581
0.00398205
-0.00446264
-0.00906259
-0.00789544
-0.00212834
0.00466861
0.00817006
0.0057671
-0.00102984
-0.00768947
-0.00968049
-0.00590441
0.0017164
0.00926856
0.0127014
0.0103671
0.00363877
-0.00357011
-0.00775812
-0.00817006
-0.00617904
-0.00384473
-0.00260893
-0.00357011
-0.00700291
-0.0116029
-0.0152416
-0.0162715
-0.0146924
-0.0116715
-0.00844468
-0.00583576
-0.00411936
-0.00254027
-0.000755216
0.000755216
0.000823872
-0.000549248
-0.00192237
-0.00130446
0.00144178
0.0040507
0.00336414
-0.00185371
-0.00926856
-0.0142804
-0.0143491
-0.010985
-0.00755216
-0.00590441
-0.00535517
-0.00398205
-0.000823872
0.00315817
0.00521785
0.00274624
-0.00459995
-0.0140745
-0.021146
-0.0223132
-0.0178506
-0.0111223
-0.00617904
-0.00556113
-0.00871931
-0.0131819
-0.0158595
-0.0150357
-0.010779
-0.00494323
6.8656e-05
0.00192237
-0.0010985
-0.00871931
-0.0185371
-0.025952
-0.0269818
-0.0208028
-0.0108476
-0.00308952
-0.00185371
-0.00727753
-0.0155162
-0.0220386
-0.0239609
-0.021558
-0.017164
-0.0132506
-0.0107103
-0.00933721
-0.00865065
-0.00892528
-0.0111909
-0.0157222
-0.0208028
-0.0234803
-0.0216953
-0.0160655
-0.00947452
-0.00487457
-0.00336414
-0.00411936
-0.00631635
-0.00926856
-0.0121521
-0.0134566
-0.0121521
-0.00926856
-0.00734619
-0.00830737
-0.0120148
-0.0162715
-0.0187431
-0.0180565
-0.0142804
-0.00803275
-0.000823872
0.00528651
0.00823872
0.00755216
0.00556113
0.0051492
0.00672828
0.00775812
0.00549248
-0.000411936
-0.00830737
-0.0159968
-0.0212834
-0.0220386
-0.01737
-0.00892528
-0.000961184
0.00199102
-0.00157909
-0.00968049
-0.0185371
-0.0249908
-0.0280116
-0.0275997
-0.0244415
-0.0199789
-0.0167521
-0.0170267
-0.0210087
-0.0253341
-0.0251967
-0.0177132
-0.00508054
0.00693425
0.0128387
0.0109163
0.00350145
-0.00432533
-0.00851334
-0.00796409
-0.00487457
-0.0023343
-0.00212834
-0.00377608
-0.00535517
-0.00535517
-0.00446264
-0.00494323
-0.00796409
-0.0118775
-0.0138685
-0.0130446
-0.0108476
-0.00899393
-0.00803275
-0.00693425
-0.00459995
-0.000961184
0.00247161
0.00295221
-0.00144178
-0.0100924
-0.0198416
-0.0268445
-0.0280803
-0.0232057
-0.0146237
-0.00624769
-0.0010985
0.000274624
-0.00123581
-0.00487457
-0.00995512
-0.014761
-0.0166147
-0.0143491
-0.00878796
-0.0023343
0.00267758
0.00459995
0.00274624
-0.00247161
-0.00954318
-0.0158595
-0.0194983
-0.019567
-0.016958
-0.0143491
-0.0143491
-0.0176446
-0.0221072
-0.0241669
-0.0212834
-0.0131133
-0.00199102
0.00755216
0.0106417
0.00569845
-0.00446264
-0.0141431
-0.0182625
-0.0161342
-0.0108476
-0.00631635
-0.00418801
-0.00391339
-0.0040507
-0.00411936
-0.00425667
-0.00480592
-0.00617904
-0.00878796
-0.0124954
-0.0166147
-0.0202535
-0.0228624
-0.023755
-0.0221072
-0.0179879
-0.0123581
-0.00679694
-0.00247161
-0.00034328
-0.00130446
-0.00535517
-0.010779
-0.014967
-0.0155849
-0.0118088
-0.00480592
0.00247161
0.00659097
0.00528651
-0.00123581
-0.0109163
-0.0207341
-0.0273937
-0.0276684
-0.0207341
-0.00988646
-0.00185371
-0.00123581
-0.00693425
-0.0137998
-0.0174386
-0.017164
-0.0155162
-0.0146237
-0.0144864
-0.0139372
-0.012976
-0.0137312
-0.0179192
-0.0242356
-0.0282863
-0.0261579
-0.0184685
-0.00988646
-0.00562979
-0.0074835
-0.0133193
-0.0196356
-0.0239609
-0.0249221
-0.0223132
-0.0165461
-0.00968049
-0.00418801
-0.00260893
-0.00611038
-0.0137998
-0.0224505
-0.0282863
-0.0286982
-0.0239609
-0.0168894
-0.0108476
-0.0074835
-0.00665963
-0.0068656
-0.00679694
-0.00631635
-0.00624769
-0.00796409
-0.0114655
-0.015173
-0.016958
-0.0163401
-0.0146237
-0.0132506
-0.0119461
-0.00961184
-0.00556113
-0.000892528
0.00219699
0.0023343
-0.000274624
-0.0040507
-0.00727753
-0.00940587
-0.0107103
-0.0111909
-0.0114655
-0.0124267
-0.0146237
-0.0167521
-0.016958
-0.0156536
-0.0159282
-0.0203222
-0.0271878
-0.0317877
-0.0307579
-0.02554
-0.0208028
-0.0197043
-0.0208028
-0.0204595
-0.0167521
-0.0114655
-0.00775812
-0.00720888
-0.00899393
-0.0109163
-0.0113282
-0.0100238
-0.00830737
-0.00762081
-0.0081014
-0.00871931
-0.00878796
-0.00837603
-0.00755216
-0.00679694
-0.00679694
-0.00720888
-0.00727753
-0.00617904
-0.00453129
-0.00357011
-0.00391339
-0.00528651
-0.00741484
-0.0105044
-0.0144178
-0.0175073
-0.0170953
-0.0121521
-0.0057671
-0.00247161
-0.00446264
-0.00995512
-0.014967
-0.0163401
-0.0135939
-0.00885662
-0.00549248
-0.00597307
-0.00995512
-0.0148297
-0.0177819
-0.0176446
-0.0155849
-0.0134566
-0.0124267
-0.0128387
-0.0145551
-0.0162028
-0.0157222
-0.0113282
-0.00432533
0.00137312
0.00254027
-0.000274624
-0.0034328
-0.00357011
-0.000480592
0.00281489
0.00322683
-0.000137312
-0.0057671
-0.0104357
-0.0119461
-0.0102984
-0.00775812
-0.00700291
-0.0091999
-0.0134566
-0.0170267
-0.0177819
-0.0152416
-0.010573
-0.0057671
-0.00247161
-0.00151043
-0.00254027
-0.00384473
-0.0034328
-0.0010985
0.00123581
0.00164774
-0.000137312
-0.00240296
-0.00398205
-0.00508054
-0.00631635
-0.00762081
-0.0081014
-0.00762081
-0.00659097
-0.00590441
-0.00569845
-0.00562979
-0.00473726
-0.00274624
-0.000480592
0.000617904
-0.00102984
-0.00604173
-0.0131819
-0.0199102
-0.0230684
-0.0212147
-0.0157222
-0.00968049
-0.00501189
-0.00137312
0.00192237
0.00377608
0.00199102
-0.00377608
-0.0102297
-0.0123581
-0.00727753
0.00274624
0.0113969
0.0127014
0.00556113
-0.0057671
-0.0144178
-0.0157909
-0.0100238
-0.00144178
0.00480592
0.0057671
0.00240296
-0.00178506
-0.00370742
-0.00212834
0.00178506
0.00521785
0.0057671
0.00247161
-0.00377608
-0.0113282
-0.0180565
-0.021146
-0.0188117
-0.0122208
-0.00501189
-0.000961184
-0.00116715
-0.00439398
-0.00837603
-0.0113969
-0.0126327
-0.0124267
-0.0120835
-0.0131133
-0.014967
-0.0157222
-0.0133193
-0.00727753
0.00157909
0.0108476
0.0170267
0.01737
0.0118775
0.0034328
-0.00439398
-0.00933721
-0.0113282
-0.0113969
-0.010573
-0.00899393
-0.00611038
-0.00144178
0.00391339
0.00789544
0.00865065
0.00535517
-0.00144178
-0.00961184
-0.0161342
-0.0186058
-0.0172326
-0.0150357
-0.015173
-0.0181938
-0.0217639
-0.0229311
-0.0208714
-0.0175073
-0.0148983
-0.0131133
-0.0111223
-0.00899393
-0.00817006
-0.00974915
-0.0129073
-0.0157222
-0.0163401
-0.0142118
-0.0100238
-0.0057671
-0.0034328
-0.00357011
-0.00487457
-0.00528651
-0.00391339
-0.00192237
-0.00123581
-0.00226565
-0.00377608
-0.00384473
-0.00247161
-0.00102984
-0.00130446
-0.00322683
-0.00528651
-0.00583576
-0.00425667
-0.000892528
0.00329549
0.00631635
0.00583576
0.00137312
-0.00411936
-0.00720888
-0.00672828
-0.00439398
-0.00240296
-0.00212834
-0.00363877
-0.00611038
-0.00830737
-0.00940587
-0.00947452
-0.00865065
-0.00679694
-0.00391339
-0.000892528
0.0010985
0.000755216
-0.00219699
-0.00638501
-0.00885662
-0.00727753
-0.00267758
0.00068656
-0.00157909
-0.0100238
-0.0208714
-0.0285609
-0.0295221
-0.0240296
-0.0154476
-0.00782678
-0.00308952
-0.000480592
0.00164774
0.00336414
0.00295221
-0.000755216
-0.00617904
-0.00988646
-0.00968049
-0.00597307
-0.00102984
0.00267758
0.00377608
0.00288355
0.00151043
0.00130446
0.00240296
0.00357011
0.00363877
0.00315817
0.00391339
0.00714022
0.0113282
0.0129073
0.00954318
0.00178506
-0.0074835
-0.0152416
-0.0190864
-0.0177819
-0.0120148
-0.00446264
0.00144178
0.00357011
0.00185371
-0.00267758
-0.0091999
-0.0170953
-0.0242356
-0.0273251
-0.0238236
-0.0151043
-0.00556113
0
0.000274624
-0.00302086
-0.00720888
-0.0111223
-0.0145551
-0.0170267
-0.0170953
-0.0137312
-0.00837603
-0.00480592
-0.00590441
-0.0107103
-0.0157909
-0.0177819
-0.0159968
-0.0117402
-0.00645366
-0.00116715
0.00308952
0.00487457
0.00308952
