-0.00205968
-0.00714022
-0.0132506
-0.0173013
-0.0180565
-0.0168207
-0.0155849
-0.014967
-0.0138685
-0.0110536
-0.00672828
-0.00267758
-0.00123581
-0.0034328
-0.00844468
-0.0139372
-0.0168894
-0.0155849
-0.0111223
-0.00665963
-0.00494323
-0.00624769
-0.0081014
-0.0081014
-0.00652232
-0.00597307
-0.00782678
-0.0102297
-0.00974915
-0.00542382
-6.8656e-05
0.00157909
-0.00302086
-0.0116029
-0.0188804
-0.0205281
-0.0165461
-0.010779
-0.00762081
-0.008582
-0.0120835
-0.0157909
-0.0181938
-0.0192237
-0.0188117
-0.0164088
-0.0120835
-0.00768947
-0.00617904
-0.00926856
-0.0157222
-0.0218326
-0.0236863
-0.0192923
-0.0107103
-0.00254027
0.000961184
-0.0010985
-0.0057671
-0.008582
-0.00645366
-0.000617904
0.00439398
0.00487457
0.000823872
-0.00466861
-0.00933721
-0.0127014
-0.0151043
-0.0165461
-0.0166147
-0.0155849
-0.0135939
-0.010985
-0.00885662
-0.00871931
-0.010985
-0.0144178
-0.0165461
-0.0160655
-0.0144178
-0.0148297
-0.0192923
-0.0265012
-0.0324743
-0.034534
-0.0329549
-0.0297967
-0.0260206
-0.021352
-0.0152416
-0.00844468
-0.00336414
-0.00199102
-0.00466861
-0.00947452
-0.0134566
-0.0146237
-0.0131819
-0.0111223
-0.0100924
-0.0102984
-0.0111223
-0.0119461
-0.0126327
-0.0130446
-0.0131133
-0.0132506
-0.014761
-0.0177132
-0.0208028
-0.0214893
-0.0179192
-0.0102984
-0.000892528
0.00741484
0.010573
0.000411936
-0.0376235
-0.121109
-0.260755
-0.449628
-0.65999
-0.852844
-0.995306
-1.07495
-1.10268
-1.10282
-1.09898
-1.1044
-1.11998
-1.13962
-1.15658
-1.16722
-1.171
-1.16914
-1.16434
-1.16001
-1.15843
-1.15919
-1.15939
-1.15637
-1.14971
-1.14134
-1.13351
-1.12733
-1.12177
-1.11532
-1.10687
-1.09657
-1.086
-1.07646
-1.06829
-1.06115
-1.05531
-1.05298
-1.05662
-1.06609
-1.07776
-1.08655
-1.0893
-1.08724
-1.08545
-1.08909
-1.09959
-1.11381
-1.12713
-1.13619
-1.1399
-1.13873
-1.13433
-1.12932
-1.12651
-1.12713
-1.13015
-1.13378
-1.13626
-1.13653
-1.13399
-1.12953
-1.12541
-1.12355
-1.12383
-1.12397
-1.12129
-1.11593
-1.11037
-1.10749
-1.10728
-1.10694
-1.10358
-1.09767
-1.093
-1.09348
-1.0998
-1.10852
-1.11511
-1.1171
-1.11538
-1.11319
-1.11305
-1.11573
-1.11944
-1.12184
-1.12095
-1.11621
-1.10797
-1.09836
-1.09122
-1.09067
-1.0985
-1.1125
-1.12754
-1.13859
-1.1423
-1.13756
-1.12465
-1.10495
-1.08058
-1.05339
-1.02359
-0.988921
-0.946354
-0.893969
-0.832934
-0.767505
-0.702831
-0.642551
-0.58797
-0.538537
-0.492675
-0.44798
-0.401912
-0.353853
-0.305519
-0.260137
-0.219974
-0.185852
-0.158527
-0.13896
-0.126739
-0.118706
-0.110811
-0.100375
-0.0880856
-0.0775126
-0.0725694
-0.074835
-0.08122
-0.0857513
-0.0838976
-0.0755902
-0.0651545
-0.0571218
-0.0534143
-0.0523158
-0.05108
-0.0477159
-0.042704
-0.0380354
-0.0354951
-0.0357698
-0.0381041
-0.040919
-0.0426354
-0.0424294
-0.0408503
-0.0392026
-0.0386533
-0.0398891
-0.0425667
-0.0450383
-0.0452443
-0.0420175
-0.0358384
-0.0283549
-0.0212147
-0.0155162
-0.0116715
-0.0098178
-0.00995512
-0.0118088
-0.0140058
-0.0151043
-0.0150357
-0.0153789
-0.0176446
-0.0220386
-0.0269818
-0.0306206
-0.0319937
-0.0314444
-0.0302086
-0.0294534
-0.0298653
-0.0310325
-0.0313758
-0.0295907
-0.0260206
-0.0219699
-0.0184685
-0.0160655
-0.0154476
-0.0175073
-0.021558
-0.0254714
-0.0269131
-0.0250594
-0.0204595
-0.015173
-0.0119461
-0.0124267
-0.0165461
-0.0222445
-0.0267758
-0.0282176
-0.0258833
-0.0212834
-0.0167521
-0.0140058
-0.0122894
-0.00995512
-0.00638501
-0.00377608
-0.00480592
-0.0104357
-0.0190177
-0.0269131
-0.0305519
-0.0278743
-0.0203908
-0.0122894
-0.00789544
-0.00899393
-0.0141431
-0.0200475
-0.0229997
-0.0219013
-0.0190177
-0.0185371
-0.0217639
-0.0258146
-0.0256087
-0.0194296
-0.0109163
-0.00617904
-0.00913124
-0.0182625
-0.0282176
-0.0339847
-0.0339847
-0.0303459
-0.025746
-0.0221759
-0.0203222
-0.0202535
-0.0212834
-0.0220386
-0.021146
-0.0184685
-0.0154476
-0.0143491
-0.0164088
-0.0203908
-0.0232057
-0.0224505
-0.0178506
-0.010985
-0.00432533
0.000274624
0.00144178
-0.00102984
-0.0057671
-0.0102297
-0.0119461
-0.0102984
-0.00720888
-0.00611038
-0.00995512
-0.0183998
-0.0273251
-0.0317191
-0.0290415
-0.0205281
-0.0098178
-0.000755216
0.00439398
0.00549248
0.00370742
0.00034328
-0.00391339
-0.00844468
-0.0118088
-0.0120148
-0.0081014
-0.00185371
0.00267758
0.00199102
-0.00425667
-0.0131819
-0.0204595
-0.0234117
-0.0217639
-0.0173013
-0.0118775
-0.00645366
-0.00102984
0.00350145
0.00556113
0.00357011
-0.00281489
-0.0117402
-0.0196356
-0.0228624
-0.019567
-0.0117402
-0.00336414
0.0017164
0.00260893
0.000892528
-0.00116715
-0.00254027
-0.00350145
-0.00425667
-0.00363877
-0.00068656
0.00377608
0.00707156
0.00645366
0.00102984
-0.00741484
-0.0154476
-0.0199102
-0.0190864
-0.0137998
-0.00693425
-0.00144178
0.00157909
0.00302086
0.00432533
0.00597307
0.00700291
0.00583576
0.00185371
-0.00329549
-0.00672828
-0.00590441
-0.00068656
0.00652232
0.0122208
0.0135252
0.0098178
0.00302086
-0.00322683
-0.00631635
-0.00597307
-0.00432533
-0.00322683
-0.00329549
-0.00384473
-0.00480592
-0.00624769
-0.00775812
-0.00775812
-0.00494323
0.00034328
0.00597307
0.00995512
0.010985
0.00844468
0.00302086
-0.00295221
-0.00624769
-0.00617904
-0.00556113
-0.00727753
-0.0108476
-0.01277
-0.010573
-0.00542382
-0.00130446
-0.000961184
-0.0040507
-0.00803275
-0.0105044
-0.0107103
-0.00926856
-0.00693425
-0.00425667
-0.0023343
-0.00267758
-0.00631635
-0.0124267
-0.0182625
-0.0205968
-0.0172326
-0.00844468
0.0023343
0.00974915
0.00988646
0.00308952
-0.00617904
-0.0124267
-0.0124267
-0.00624769
0.00302086
0.0108476
0.0139372
0.0120148
0.00720888
0.0023343
-0.000617904
-0.0010985
-0.000411936
-0.000617904
-0.00288355
-0.00659097
-0.00974915
-0.0107103
-0.00940587
-0.00727753
-0.00611038
-0.00645366
-0.0081014
-0.0104357
-0.0127014
-0.0143491
-0.0151043
-0.0155162
-0.0161342
-0.017164
-0.0186744
-0.0197729
-0.0190864
-0.0157222
-0.010779
-0.00611038
-0.00281489
-0.000755216
-0.000480592
-0.00281489
-0.00817006
-0.0157222
-0.0228624
-0.0265699
-0.0248535
-0.0183998
-0.0100238
-0.00274624
0.00151043
0.00219699
-0.000274624
-0.00466861
-0.0101611
-0.0154476
-0.0184685
-0.0166147
-0.00968049
-0.00130446
0.00302086
0.00130446
-0.0040507
-0.00844468
-0.00878796
-0.00501189
0.00034328
0.00391339
0.00377608
0.0010985
-0.00116715
-0.0010985
-0.000411936
-0.00240296
-0.0081014
-0.0140745
-0.0155162
-0.0105044
-0.00205968
0.00459995
0.00583576
0.00185371
-0.00370742
-0.0068656
-0.00535517
-0.000480592
0.00398205
0.00432533
-0.000617904
-0.00906259
-0.0172326
-0.0214893
-0.0202535
-0.0145551
-0.00727753
-0.00116715
0.0023343
0.00308952
0.00178506
-0.000549248
-0.00315817
-0.00556113
-0.00851334
-0.0135939
-0.0206654
-0.0268445
-0.0276684
-0.0212147
-0.0101611
0.00034328
0.00617904
0.00734619
0.00631635
0.00508054
0.00329549
-0.000137312
-0.0057671
-0.01277
-0.0199789
-0.025746
-0.0284236
-0.0271878
-0.0232057
-0.0192237
-0.0175073
-0.0182625
-0.019361
-0.0181252
-0.0130446
-0.00508054
0.00267758
0.00693425
0.00638501
0.00212834
-0.00315817
-0.00714022
-0.00885662
-0.00913124
-0.00933721
-0.00974915
-0.00926856
-0.00707156
-0.00459995
-0.0051492
-0.010573
-0.0188804
-0.0253341
-0.0258833
-0.0199102
-0.0105044
-0.00254027
-0.000137312
-0.00418801
-0.0118088
-0.0184685
-0.0212147
-0.0199789
-0.0162715
-0.0112596
-0.00604173
-0.00164774
0.000892528
0.0010985
-0.0010985
-0.00508054
-0.00954318
-0.0129073
-0.0142804
-0.0135939
-0.0111223
-0.00775812
-0.00439398
-0.0017164
0.00034328
0.00116715
-0.000480592
-0.00549248
-0.0123581
-0.0175759
-0.0183311
-0.0146924
-0.00961184
-0.0068656
-0.00865065
-0.0146237
-0.0218326
-0.0261579
-0.0243729
-0.0162028
-0.00494323
0.00459995
0.00961184
0.0109163
0.0115342
0.0133193
0.0153103
0.0150357
0.0111223
0.00439398
-0.00302086
-0.00865065
-0.0113969
-0.0120835
-0.0127014
-0.0142804
-0.0155849
-0.0144864
-0.00933721
-0.000549248
0.00906259
0.0144864
0.0109163
-0.00247161
-0.0205968
-0.0351519
-0.0400264
-0.0342593
-0.0214893
-0.00782678
0.000755216
0.0017164
-0.00295221
-0.00837603
-0.0106417
-0.00878796
-0.00425667
0.000617904
0.00363877
0.00377608
0.00185371
6.8656e-05
0.000274624
0.0023343
0.00384473
0.00205968
-0.00329549
-0.00940587
-0.0124954
-0.0111909
-0.00720888
-0.00295221
0.000892528
0.00487457
0.00830737
0.00974915
0.00851334
0.00624769
0.00501189
0.00556113
0.00631635
0.0057671
0.00329549
-0.000137312
-0.00274624
-0.00288355
-0.000205968
0.00315817
0.00411936
0.00068656
-0.00645366
-0.0139372
-0.0181252
-0.0173013
-0.01277
-0.00755216
-0.00459995
-0.00549248
-0.00940587
-0.0140058
-0.0170953
-0.0177132
-0.0160655
-0.0132506
-0.0104357
-0.00823872
-0.00679694
-0.00569845
-0.00432533
-0.00315817
-0.00391339
-0.00817006
-0.0153789
-0.0229997
-0.0280803
-0.0290415
-0.0258833
-0.019361
-0.0107103
-0.0017164
0.00556113
0.00913124
0.0074835
0.000617904
-0.00892528
-0.0166834
-0.019361
-0.0170267
-0.0129073
-0.0098178
-0.00803275
-0.00624769
-0.00411936
-0.00322683
-0.00480592
-0.00768947
-0.00940587
-0.00844468
-0.00583576
-0.00322683
-0.00116715
0.0010985
0.00336414
0.00384473
0.000892528
-0.00528651
-0.0122894
-0.0170267
-0.01737
-0.0131819
-0.00652232
-0.000274624
0.00322683
0.00336414
0.00144178
-0.000480592
-0.00068656
0.00130446
0.00459995
0.00762081
0.00954318
0.0098178
0.00817006
0.00459995
0.000205968
-0.00295221
-0.00350145
-0.00151043
0.00123581
0.00192237
-0.00137312
-0.00755216
-0.0132506
-0.0156536
-0.0146924
-0.0120835
-0.00913124
-0.00583576
-0.00226565
0.0010985
0.00350145
0.00432533
0.00274624
-0.00157909
-0.00741484
-0.0120148
-0.0129073
-0.0101611
-0.00672828
-0.00597307
-0.00974915
-0.01737
-0.025746
-0.0313071
-0.0312385
-0.0249908
-0.0148297
-0.00494323
0.00034328
-0.000137312
-0.00377608
-0.00679694
-0.00727753
-0.00631635
-0.00569845
-0.00645366
-0.00844468
-0.010573
-0.0116715
-0.0111223
-0.00947452
-0.00762081
-0.00597307
-0.00432533
-0.00295221
-0.00247161
-0.00247161
-0.0017164
0.000823872
0.00432533
0.00672828
0.00556113
0.00034328
-0.00727753
-0.0139372
-0.0166834
-0.0146924
-0.0100924
-0.00590441
-0.00453129
-0.00604173
-0.0081014
-0.00768947
-0.00391339
0.000755216
0.00226565
-0.00116715
-0.00768947
-0.0134566
-0.0157222
-0.0142118
-0.0098178
-0.00432533
0.000411936
0.00254027
0.0010985
-0.0034328
-0.00933721
-0.0146924
-0.0179879
-0.0177132
-0.01277
-0.00377608
0.00631635
0.0132506
0.0145551
0.0107103
0.00480592
0
-0.00205968
-0.00192237
-0.00144178
-0.00260893
-0.0057671
-0.00940587
-0.0116029
-0.0118088
-0.010779
-0.00947452
-0.00762081
-0.00487457
-0.00151043
0.00102984
0.00151043
-0.000205968
-0.00247161
-0.00308952
-0.00151043
0.000411936
0.000755216
-0.00034328
-0.00144178
-0.00192237
-0.00281489
-0.00459995
-0.00638501
-0.00693425
-0.00638501
-0.00604173
-0.00720888
-0.00947452
-0.0110536
-0.0110536
-0.0102984
-0.0106417
-0.0123581
-0.0137312
-0.0134566
-0.0117402
-0.00940587
-0.00672828
-0.00363877
-0.000755216
0.000961184
0.000411936
-0.0023343
-0.00624769
-0.00995512
-0.012976
-0.0159282
-0.0197729
-0.023549
-0.0238923
-0.0176446
-0.00562979
0.00707156
0.0146924
0.0148983
0.0101611
0.0051492
0.00288355
0.00315817
0.00357011
0.00205968
-0.00151043
-0.00583576
-0.00865065
-0.0081014
-0.00391339
0.00185371
0.00624769
0.00789544
0.00762081
0.00659097
0.00418801
-0.000549248
-0.00631635
-0.0100238
-0.00899393
-0.00384473
0.00247161
0.00631635
0.0057671
0.00219699
-0.00102984
-0.00144178
0.00068656
0.00302086
0.00363877
0.0023343
0.000274624
-0.00164774
-0.00357011
-0.0057671
-0.00789544
-0.00885662
-0.00803275
-0.00562979
-0.00295221
-0.000549248
0.00137312
0.00302086
0.00384473
0.0034328
0.00116715
-0.00357011
-0.010573
-0.0183311
-0.0236177
-0.0238923
-0.0190177
-0.0113969
-0.00377608
0.00260893
0.0074835
0.0108476
0.0124954
0.0115342
0.0074835
0.00102984
-0.00556113
-0.00995512
-0.0113969
-0.0110536
-0.0107103
-0.0114655
-0.0132506
-0.0151043
-0.0159282
-0.0152416
-0.0133193
-0.0106417
-0.00734619
-0.00418801
-0.00240296
-0.00302086
-0.00549248
-0.00782678
-0.00796409
-0.00508054
-0.000137312
0.00473726
0.00693425
0.00473726
-0.00199102
-0.010985
-0.0185371
-0.021352
-0.0190864
-0.0140745
-0.00995512
-0.00837603
-0.00823872
-0.00775812
-0.00707156
-0.00823872
-0.012564
-0.0180565
-0.021146
-0.0200475
-0.0167521
-0.0145551
-0.0154476
-0.019155
-0.0232744
-0.0251281
-0.0234803
-0.0184685
-0.0118775
-0.00624769
-0.00391339
-0.00549248
-0.00913124
-0.0116029
-0.0101611
-0.00391339
0.00521785
0.0122894
0.0127014
0.00549248
-0.00487457
-0.0118775
-0.0113969
-0.00432533
0.00418801
0.0091999
0.008582
0.00446264
0.000549248
-0.000961184
-0.000274624
0.000617904
0.000411936
-0.00102984
-0.00315817
-0.0051492
-0.00611038
-0.00617904
-0.00611038
-0.00631635
-0.00562979
-0.00254027
0.00192237
0.00480592
0.00439398
0.00240296
0.00192237
0.00363877
0.00542382
0.00459995
0.0010985
-0.00315817
-0.00590441
-0.00604173
-0.00391339
-0.00144178
-0.00130446
-0.00459995
-0.00940587
-0.0123581
-0.0113282
-0.00741484
-0.0034328
-0.0010985
0
0.0010985
0.00247161
0.00391339
0.00459995
0.00308952
-0.00144178
-0.00789544
-0.0134566
-0.0158595
-0.015173
-0.012976
-0.0106417
-0.00817006
-0.0051492
-0.00192237
-0.000205968
-0.00240296
-0.00933721
-0.0187431
-0.0256087
-0.025952
-0.0194296
-0.0103671
-0.0040507
-0.00391339
-0.00892528
-0.0153103
-0.0188117
-0.0177819
-0.0138685
-0.0108476
-0.0114655
-0.0150357
-0.0179192
-0.0165461
-0.0107103
-0.00432533
-0.00240296
-0.00679694
-0.0140745
-0.0183311
-0.0166147
-0.0098178
-0.00151043
0.00487457
0.00700291
0.00473726
-0.00034328
-0.0057671
-0.0102297
-0.0137312
-0.0167521
-0.0188804
-0.0197043
-0.0188804
-0.0164774
-0.0133193
-0.0108476
-0.0104357
-0.0122208
-0.0148983
-0.0159282
-0.0137998
-0.00940587
-0.0057671
-0.00494323
-0.00672828
-0.00913124
-0.0103671
-0.0102297
-0.00947452
-0.00926856
-0.00988646
-0.010985
-0.0111909
-0.0091999
-0.00466861
0.000755216
0.00398205
0.00308952
-0.00192237
-0.00871931
-0.0144178
-0.0166147
-0.0139372
-0.00707156
0.000549248
0.00494323
0.0040507
-0.000617904
-0.00562979
-0.00830737
-0.00796409
-0.00631635
-0.00556113
-0.00665963
-0.0081014
-0.00665963
-0.000823872
0.00707156
0.0117402
0.00906259
0.000137312
-0.00926856
-0.012976
-0.00871931
-0.000137312
0.0068656
0.00789544
0.00267758
-0.00535517
-0.0115342
-0.0129073
-0.0098178
-0.00562979
-0.00363877
-0.00521785
-0.00892528
-0.0117402
-0.0114655
-0.00844468
-0.00466861
-0.00164774
0.00068656
0.00302086
0.00501189
0.00521785
0.00267758
-0.00247161
-0.00851334
-0.0130446
-0.0137998
-0.00995512
-0.00254027
0.00604173
0.01277
0.0152416
0.012976
0.00775812
0.00247161
-0.000961184
-0.00192237
-0.000823872
0.00144178
0.00357011
0.00418801
0.00302086
0.000755216
-0.0017164
-0.00398205
-0.00652232
-0.00933721
-0.0118088
-0.0126327
-0.0105044
-0.00556113
6.8656e-05
0.00336414
0.0023343
-0.00212834
-0.00727753
-0.0103671
-0.010779
-0.0103671
-0.0114655
-0.0144178
-0.0167521
-0.0159282
-0.0118775
-0.00762081
-0.00604173
-0.00775812
-0.0112596
-0.0144864
-0.0162028
-0.0159282
-0.0143491
-0.0135252
-0.0150357
-0.0175073
-0.0174386
-0.0124954
-0.00363877
0.00501189
0.0091999
0.00707156
0
-0.00775812
-0.0121521
-0.0118775
-0.00830737
-0.00418801
-0.00192237
-0.00267758
-0.00597307
-0.00961184
-0.0111909
-0.00995512
-0.0068656
-0.00391339
-0.00281489
-0.00432533
-0.0074835
-0.0098178
-0.00906259
-0.00508054
6.8656e-05
0.00357011
0.00377608
0.000617904
-0.00501189
-0.0118775
-0.0182625
-0.0216953
-0.0199102
-0.0122208
-0.0010985
0.00954318
0.0166147
0.019361
0.0182625
0.0141431
0.00830737
0.00315817
0.000137312
-0.00144178
-0.00384473
-0.00782678
-0.0113282
-0.0117402
-0.008582
-0.00363877
-6.8656e-05
0.00034328
-0.00226565
-0.00624769
-0.0101611
-0.0129073
-0.0133879
-0.0109163
-0.00665963
-0.00295221
-0.00144178
-0.00205968
-0.0034328
-0.00453129
-0.00494323
-0.00439398
-0.00329549
-0.00247161
-0.00329549
-0.00583576
-0.0091999
-0.0123581
-0.0146924
-0.0157222
-0.014761
-0.0117402
-0.00789544
-0.00556113
-0.00624769
-0.0091999
-0.0121521
-0.0122894
-0.00851334
-0.00205968
0.00459995
0.00871931
0.0091999
0.00604173
0.000961184
-0.00363877
-0.00631635
-0.00762081
-0.00926856
-0.0117402
-0.0134566
-0.0121521
-0.00755216
-0.00178506
0.0023343
0.00336414
0.00205968
0.000205968
-0.000755216
0.000137312
0.00322683
0.0081014
0.0128387
0.0146924
0.0124954
0.00796409
0.0040507
0.00247161
0.0023343
0.00199102
0.000892528
-0.000274624
-0.000892528
-0.00102984
-0.0017164
-0.00391339
-0.00734619
-0.0101611
-0.0101611
-0.00645366
-0.000823872
0.00357011
0.00398205
0.000480592
-0.00432533
-0.0074835
-0.00851334
-0.00933721
-0.0116715
-0.0140058
-0.0129073
-0.00734619
-0.000549248
0.00267758
0.000755216
-0.00411936
-0.00823872
-0.00933721
-0.00741484
-0.00370742
0.000549248
0.00432533
0.00652232
0.00590441
0.00212834
-0.00329549
-0.00789544
-0.00954318
-0.00775812
-0.00302086
0.00295221
0.00755216
0.00878796
0.00679694
0.00391339
0.00212834
0.00130446
-0.00144178
-0.00823872
-0.0183311
-0.0273937
-0.0305519
-0.0254714
-0.0148297
-0.00453129
-6.8656e-05
-0.00302086
-0.0104357
-0.0170953
-0.0188804
-0.0152416
-0.00878796
-0.00281489
0.000961184
0.00254027
0.00185371
-0.00178506
-0.00796409
-0.0142804
-0.0172326
-0.0151043
-0.00995512
-0.00549248
-0.00459995
-0.00720888
-0.010985
-0.0136625
-0.0143491
-0.0134566
-0.0116029
-0.00906259
-0.00583576
-0.00178506
0.00281489
0.00652232
0.00782678
0.00562979
0.000480592
-0.00569845
-0.0109163
-0.0137312
-0.0134566
-0.00995512
-0.00398205
0.0023343
0.00645366
0.00714022
0.00556113
0.00418801
0.0040507
0.00384473
0.00068656
-0.00672828
-0.0164774
-0.0244415
-0.0278743
-0.0273937
-0.0251967
-0.0232744
-0.0221072
-0.0205968
-0.0170953
-0.0112596
-0.00459995
0.000617904
0.00288355
0.00192237
-0.00192237
-0.00707156
-0.0111223
-0.0127014
-0.0126327
-0.0135252
-0.0163401
-0.018949
-0.0177132
-0.0108476
-0.000411936
0.00906259
0.0135939
0.0123581
0.00768947
0.00254027
-0.000892528
-0.00185371
-0.00068656
0.00130446
0.00185371
-0.000411936
-0.00487457
-0.00974915
-0.012976
-0.0140058
-0.0130446
-0.010779
-0.00796409
-0.00528651
-0.00267758
0.000137312
0.00288355
0.00466861
0.0040507
0.000549248
-0.00535517
-0.0122208
-0.0183998
-0.0229311
-0.0258833
-0.0273937
-0.0271878
-0.0250594
-0.0214207
-0.0177132
-0.014761
-0.0124267
-0.0104357
-0.00871931
-0.00755216
-0.00659097
-0.00569845
-0.00466861
-0.00363877
-0.0034328
-0.00487457
-0.00734619
-0.00940587
-0.0100238
-0.0101611
-0.0113282
-0.0130446
-0.0139372
-0.0134566
-0.0130446
-0.0130446
-0.0120148
-0.008582
-0.00384473
-0.000480592
-6.8656e-05
-0.00151043
-0.00274624
-0.00274624
-0.00254027
-0.00425667
-0.00871931
-0.0144864
-0.0188117
-0.0198416
-0.0177819
-0.0144178
-0.0124267
-0.0137998
-0.0184685
-0.0241669
-0.0283549
-0.0295907
-0.0273937
-0.021558
-0.0123581
-0.00185371
0.00652232
0.0102297
0.00865065
0.00357011
-0.00199102
-0.00556113
-0.00665963
-0.00741484
-0.00988646
-0.0135252
-0.0152416
-0.01277
-0.00693425
-0.0010985
0.00192237
0.00144178
-0.00157909
-0.00604173
-0.0108476
-0.0143491
-0.0142804
-0.00968049
-0.00219699
0.00446264
0.00707156
0.00549248
0.00247161
0.00116715
0.00295221
0.00638501
0.00844468
0.00679694
0.00192237
-0.00357011
-0.00700291
-0.00796409
-0.00762081
-0.00693425
-0.00597307
-0.00459995
-0.0034328
-0.00302086
-0.00357011
-0.00528651
-0.00837603
-0.0119461
-0.0140745
-0.0131819
-0.00947452
-0.00453129
-0.000274624
0.00212834
0.00185371
-0.00178506
-0.00892528
-0.0177132
-0.0253341
-0.0291788
-0.0284922
-0.0243042
-0.0183311
-0.012564
-0.00899393
-0.00871931
-0.010779
-0.0127014
-0.0124267
-0.0102984
-0.00817006
-0.00707156
-0.00659097
-0.00556113
-0.00391339
-0.0034328
-0.00590441
-0.0111223
-0.0168894
-0.0206654
-0.021352
-0.019361
-0.0158595
-0.0119461
-0.00892528
-0.00762081
-0.00803275
-0.00926856
-0.0102297
-0.0111223
-0.0124267
-0.0135939
-0.0132506
-0.0107103
-0.00679694
-0.00281489
0.00068656
0.00370742
0.00528651
0.00363877
-0.00267758
-0.0123581
-0.0212147
-0.0250594
-0.0226565
-0.0170953
-0.0124267
-0.0107103
-0.0116029
-0.0135939
-0.0153103
-0.0152416
-0.0122208
-0.00693425
-0.00226565
-0.0010985
-0.00336414
-0.00617904
-0.00645366
-0.00384473
-0.00068656
0.000411936
-0.00102984
-0.0034328
-0.00535517
-0.00672828
-0.00823872
-0.00940587
-0.00892528
-0.00617904
-0.00254027
-0.00068656
-0.00205968
-0.00617904
-0.010779
-0.0131819
-0.0122894
-0.00885662
-0.00487457
-0.00164774
0.000411936
0.00102984
-0.000137312
-0.00212834
-0.00205968
0.00288355
0.0121521
0.0209401
0.0238236
0.0186744
0.00844468
-0.00205968
-0.00885662
-0.0109163
-0.00906259
-0.00521785
-0.00130446
0.00116715
0.00144178
-0.000892528
-0.0051492
-0.0091999
-0.0102984
-0.00782678
-0.00384473
-0.00144178
-0.00205968
-0.00466861
-0.00817006
-0.0116715
-0.0140745
-0.0139372
-0.0113282
-0.008582
-0.00823872
-0.0100924
-0.0109163
-0.00851334
-0.00384473
0.000137312
0.00130446
0.00034328
-0.000205968
0.0017164
0.00562979
0.00899393
0.00995512
0.00844468
0.00549248
0.00254027
0.000411936
-0.000205968
0.000549248
0.00137312
0.000480592
-0.00260893
-0.00645366
-0.00844468
-0.00665963
-0.00151043
0.00528651
0.0117402
0.0168894
0.0196356
0.0186744
0.0128387
0.00329549
-0.00645366
-0.012564
-0.0137312
-0.0113969
-0.00803275
-0.00432533
0.000274624
0.00604173
0.0114655
0.0138685
0.0111909
0.00363877
-0.00549248
-0.0118088
-0.0121521
-0.00700291
-0.000617904
0.00247161
0.000617904
-0.0034328
-0.00521785
-0.00240296
0.0034328
0.00803275
0.00865065
0.00562979
0.00137312
-0.0023343
-0.00521785
-0.00720888
-0.00755216
-0.0057671
-0.00226565
0.0017164
0.00549248
0.0081014
0.00844468
0.00583576
0.000961184
-0.00391339
-0.00652232
-0.00672828
-0.00624769
-0.00693425
-0.00871931
-0.00995512
-0.0091999
-0.00631635
-0.00212834
0.00164774
0.00315817
0.0017164
-0.00151043
-0.00446264
-0.00617904
-0.00624769
-0.00466861
-0.00130446
0.00302086
0.00652232
0.00775812
0.00638501
0.00315817
-0.00102984
-0.00528651
-0.00803275
-0.00734619
-0.0023343
0.00549248
0.0121521
0.0139372
0.0098178
0.00144178
-0.00844468
-0.017164
-0.0219013
-0.0203908
-0.0128387
-0.00302086
0.00370742
0.0040507
-0.00034328
-0.00480592
-0.00501189
0.00034328
0.00844468
0.0143491
0.0142118
0.00837603
0.0010985
-0.00322683
-0.00315817
-0.0010985
-0.000205968
-0.0017164
-0.00487457
-0.00741484
-0.00741484
-0.00439398
0.000274624
0.00377608
0.00363877
-0.00130446
-0.00974915
-0.0190864
-0.0262266
-0.0295221
-0.0290415
-0.025746
-0.0203222
-0.0133879
-0.00617904
-0.00102984
-0.000205968
-0.00370742
-0.00823872
-0.00933721
-0.00453129
0.00453129
0.0133193
0.0174386
0.0150357
0.00679694
-0.00446264
-0.0150357
-0.0220386
-0.0239609
-0.0214207
-0.0160655
-0.0102984
-0.00679694
-0.00720888
-0.010985
-0.0153103
-0.0166147
-0.0131133
-0.00638501
-0.000137312
