-0.00151043
-0.00363877
-0.00597307
-0.00734619
-0.00830737
-0.00988646
-0.0120148
-0.01277
-0.010985
-0.00803275
-0.00693425
-0.00871931
-0.010985
-0.0112596
-0.00995512
-0.00899393
-0.00947452
-0.010573
-0.010779
-0.00961184
-0.0074835
-0.00508054
-0.00315817
-0.00212834
-0.00199102
-0.00240296
-0.00260893
-0.00178506
0
0.00178506
0.00212834
0.000549248
-0.00247161
-0.00604173
-0.00926856
-0.0116715
-0.012564
-0.0113282
-0.00823872
-0.00480592
-0.00370742
-0.00672828
-0.0123581
-0.0166834
-0.0162715
-0.0110536
-0.00439398
-0.000411936
-0.000892528
-0.00453129
-0.00768947
-0.00741484
-0.00336414
0.0017164
0.00411936
0.00205968
-0.00363877
-0.010779
-0.01737
-0.0220386
-0.0238236
-0.0223818
-0.0182625
-0.0132506
-0.00926856
-0.00762081
-0.00817006
-0.0102297
-0.0129073
-0.0152416
-0.0166834
-0.0175759
-0.0197043
-0.0243042
-0.029728
-0.0312385
-0.0250594
-0.0122208
0.00212834
0.0124267
0.0160655
0.0137312
0.00844468
0.00302086
-0.00102984
-0.00439398
-0.008582
-0.0140058
-0.0187431
-0.0197729
-0.0157222
-0.00775812
0.000411936
0.00398205
0
-0.0102297
-0.0218326
-0.0295221
-0.0300713
-0.023755
-0.0140058
-0.00638501
-0.00501189
-0.0098178
-0.0168207
-0.0220386
-0.0245788
-0.0263639
-0.0291788
-0.0324056
-0.0335041
-0.0304833
-0.0238923
-0.0153789
-0.00535517
0.00624769
0.0148983
0.00672828
-0.0396145
-0.14404
-0.311561
-0.523776
-0.742034
-0.922668
-1.03705
-1.08387
-1.08627
-1.0757
-1.07522
-1.09163
-1.11895
-1.14642
-1.16564
-1.17319
-1.17086
-1.16447
-1.16077
-1.16276
-1.16784
-1.17045
-1.16695
-1.15795
-1.14676
-1.13674
-1.13028
-1.12781
-1.12788
-1.12719
-1.12225
-1.11175
-1.0976
-1.08332
-1.07145
-1.06252
-1.05627
-1.05236
-1.05057
-1.05064
-1.0525
-1.05593
-1.06073
-1.06657
-1.07399
-1.08387
-1.09589
-1.10831
-1.11964
-1.1296
-1.13832
-1.14504
-1.14855
-1.14848
-1.14601
-1.14209
-1.13722
-1.13166
-1.12644
-1.12239
-1.11985
-1.11841
-1.11779
-1.11758
-1.11751
-1.11738
-1.11717
-1.11751
-1.11875
-1.11998
-1.11909
-1.11449
-1.10687
-1.09877
-1.09362
-1.09348
-1.09781
-1.10371
-1.10708
-1.1057
-1.10062
-1.09541
-1.09328
-1.09458
-1.09733
-1.09884
-1.09843
-1.09719
-1.09733
-1.1011
-1.10948
-1.12156
-1.13475
-1.14594
-1.15308
-1.15596
-1.15507
-1.15054
-1.14106
-1.12431
-1.09774
-1.06067
-1.01487
-0.963655
-0.909692
-0.854424
-0.798332
-0.741553
-0.684294
-0.627172
-0.57211
-0.520824
-0.473726
-0.42958
-0.38667
-0.344035
-0.3014
-0.259245
-0.219219
-0.184479
-0.157977
-0.140401
-0.129279
-0.120354
-0.110193
-0.0979721
-0.085408
-0.0755902
-0.0707156
-0.0705097
-0.0725694
-0.0740798
-0.0735992
-0.0717455
-0.0697545
-0.068244
-0.0665276
-0.0635754
-0.0591128
-0.0537576
-0.0482651
-0.0434592
-0.0402324
-0.0393399
-0.0406443
-0.0433219
-0.0465487
-0.0500502
-0.0530711
-0.0541696
-0.0519726
-0.046892
-0.0411936
-0.0369369
-0.0349459
-0.034534
-0.034328
-0.0332295
-0.0306206
-0.0269131
-0.0236177
-0.0223818
-0.0238923
-0.0266385
-0.0275997
-0.0243042
-0.01737
-0.0108476
-0.00954318
-0.0148983
-0.0243042
-0.0332295
-0.038516
-0.0397518
-0.0389966
-0.0385847
-0.0394772
-0.0403697
-0.0393399
-0.0350832
-0.0282176
-0.0210087
-0.0159282
-0.0144864
-0.0159282
-0.0177819
-0.01737
-0.0140745
-0.00968049
-0.0074835
-0.0100238
-0.0175073
-0.0267758
-0.0326116
-0.0313071
-0.0234117
-0.0137312
-0.00768947
-0.00796409
-0.0134566
-0.0205968
-0.025952
-0.0275997
-0.0254714
-0.0206654
-0.0150357
-0.0107103
-0.00974915
-0.0126327
-0.0181938
-0.0234117
-0.02554
-0.0232057
-0.0173013
-0.0102984
-0.00569845
-0.00528651
-0.00823872
-0.0118088
-0.0137312
-0.0146237
-0.0166147
-0.0214207
-0.0282863
-0.0343966
-0.0361817
-0.0318564
-0.0234803
-0.0155162
-0.0120148
-0.0135939
-0.0175073
-0.0202535
-0.0197729
-0.0167521
-0.0138685
-0.0133879
-0.0157909
-0.0196356
-0.0234803
-0.025746
-0.0249908
-0.0203908
-0.0139372
-0.0091999
-0.00899393
-0.0130446
-0.0180565
-0.0197729
-0.0155849
-0.0074835
-0.000411936
0.00137312
-0.00123581
-0.00377608
-0.00315817
-0.00068656
-0.00034328
-0.00425667
-0.0100924
-0.0140058
-0.0138685
-0.010985
-0.00789544
-0.00652232
-0.00762081
-0.0105044
-0.0144178
-0.0177819
-0.0190864
-0.0177132
-0.0142804
-0.0101611
-0.00617904
-0.00315817
-0.0023343
-0.00453129
-0.0081014
-0.0102984
-0.00974915
-0.00803275
-0.00741484
-0.008582
-0.0101611
-0.0108476
-0.0108476
-0.0118775
-0.0148297
-0.0185371
-0.0208714
-0.0203908
-0.0167521
-0.0108476
-0.00432533
0.000961184
0.00398205
0.00487457
0.00446264
0.00295221
-0.000274624
-0.0051492
-0.0103671
-0.0137312
-0.0136625
-0.0104357
-0.00597307
-0.00350145
-0.00549248
-0.0120148
-0.0197043
-0.0238923
-0.0223132
-0.0159282
-0.00789544
-0.0017164
0.000549248
-0.00102984
-0.00480592
-0.008582
-0.0110536
-0.0119461
-0.0117402
-0.0108476
-0.00940587
-0.00768947
-0.00624769
-0.00556113
-0.00521785
-0.00398205
-0.00151043
0.000411936
-0.000274624
-0.00350145
-0.00638501
-0.00679694
-0.00480592
-0.00192237
0.0010985
0.0040507
0.00659097
0.00796409
0.00775812
0.00631635
0.00487457
0.00480592
0.00645366
0.00782678
0.00624769
0.00123581
-0.00446264
-0.00762081
-0.00741484
-0.00617904
-0.00659097
-0.00871931
-0.0101611
-0.00803275
-0.00260893
0.00281489
0.00439398
0.00157909
-0.00295221
-0.00549248
-0.00446264
-0.000823872
0.00363877
0.00693425
0.00796409
0.00624769
0.00226565
-0.00363877
-0.010779
-0.0176446
-0.0217639
-0.0208028
-0.0146924
-0.00549248
0.00336414
0.00933721
0.0109163
0.00775812
0.0010985
-0.00693425
-0.0139372
-0.0177819
-0.0175759
-0.0135252
-0.00727753
-0.00034328
0.00556113
0.00844468
0.00659097
6.8656e-05
-0.00830737
-0.0145551
-0.0158595
-0.0119461
-0.0051492
0.000823872
0.00295221
0.0010985
-0.00247161
-0.0051492
-0.00604173
-0.00631635
-0.00762081
-0.0103671
-0.0133193
-0.0144178
-0.01277
-0.00940587
-0.00611038
-0.00384473
-0.0023343
-0.000892528
0.00068656
0.00178506
0.00192237
0.000549248
-0.00267758
-0.00755216
-0.012564
-0.0155162
-0.014967
-0.0112596
-0.00672828
-0.00398205
-0.00487457
-0.00885662
-0.0139372
-0.0175073
-0.0183998
-0.0166834
-0.0133879
-0.00961184
-0.00707156
-0.00672828
-0.00803275
-0.00899393
-0.00768947
-0.00363877
0.00205968
0.00672828
0.00741484
0.00315817
-0.00459995
-0.0120835
-0.0159968
-0.0145551
-0.008582
-0.00137312
0.00254027
0.000755216
-0.00494323
-0.010573
-0.0129073
-0.0115342
-0.00755216
-0.00247161
0.00205968
0.00453129
0.00357011
-0.000892528
-0.0068656
-0.0115342
-0.0126327
-0.0103671
-0.00679694
-0.00391339
-0.00247161
-0.0023343
-0.00329549
-0.00418801
-0.00302086
0.00137312
0.00775812
0.0117402
0.00988646
0.0023343
-0.00714022
-0.0140058
-0.0158595
-0.0135252
-0.0100238
-0.00789544
-0.00762081
-0.00782678
-0.00672828
-0.00384473
-0.000755216
0
-0.00302086
-0.00851334
-0.012976
-0.0137998
-0.0117402
-0.0098178
-0.0100238
-0.0117402
-0.012564
-0.0108476
-0.00700291
-0.00295221
-0.00102984
-0.00205968
-0.0051492
-0.00865065
-0.0113969
-0.0131819
-0.0134566
-0.0111909
-0.00611038
6.8656e-05
0.00446264
0.00521785
0.00322683
0.00116715
0.00123581
0.0034328
0.0057671
0.00597307
0.00308952
-0.00240296
-0.00913124
-0.0150357
-0.0179879
-0.0170267
-0.0129073
-0.00720888
-0.0017164
0.00240296
0.00398205
0.00254027
-0.000755216
-0.00302086
-0.00226565
0.000892528
0.00398205
0.00556113
0.00631635
0.00714022
0.00775812
0.00665963
0.00281489
-0.00295221
-0.00830737
-0.0112596
-0.0118088
-0.0116029
-0.0121521
-0.0131133
-0.012564
-0.00947452
-0.00453129
-0.000617904
-0.00034328
-0.00391339
-0.0091999
-0.0133193
-0.0142804
-0.0118088
-0.00741484
-0.0040507
-0.00425667
-0.00775812
-0.0110536
-0.010779
-0.00693425
-0.00274624
-0.00151043
-0.00439398
-0.0101611
-0.0165461
-0.0219013
-0.0247848
-0.0242356
-0.0202535
-0.0146924
-0.0105044
-0.0100238
-0.0135939
-0.018949
-0.0216953
-0.0187431
-0.0107103
-0.00205968
0.00315817
0.00357011
0.00116715
-0.00144178
-0.00212834
-0.000549248
0.00164774
0.00157909
-0.00254027
-0.00954318
-0.0151043
-0.0153789
-0.0110536
-0.00665963
-0.0057671
-0.0081014
-0.0104357
-0.0108476
-0.0100238
-0.00974915
-0.0108476
-0.01277
-0.0141431
-0.0135939
-0.0110536
-0.00817006
-0.00693425
-0.00817006
-0.0110536
-0.0140745
-0.0153789
-0.0135939
-0.008582
-0.0023343
0.00199102
0.00164774
-0.00363877
-0.0112596
-0.0174386
-0.0197043
-0.0185371
-0.0164774
-0.0155849
-0.0155162
-0.0144864
-0.0111909
-0.00652232
-0.00295221
-0.00226565
-0.00377608
-0.00521785
-0.00473726
-0.00281489
-0.00164774
-0.00336414
-0.00755216
-0.0117402
-0.0135939
-0.0127014
-0.010779
-0.00995512
-0.0107103
-0.0116029
-0.0119461
-0.0129073
-0.0163401
-0.0216953
-0.02554
-0.0244415
-0.0180565
-0.00926856
-0.0017164
0.00260893
0.0034328
0.00151043
-0.00240296
-0.00755216
-0.0122894
-0.0142118
-0.0116029
-0.00569845
-0.000411936
0.000549248
-0.00247161
-0.00562979
-0.00528651
-0.00192237
0.00137312
0.00178506
-0.000961184
-0.00446264
-0.00562979
-0.00281489
0.00267758
0.00741484
0.00844468
0.00569845
0.000961184
-0.00418801
-0.00885662
-0.0131133
-0.0166834
-0.0182625
-0.0163401
-0.0107103
-0.00322683
0.00336414
0.00720888
0.00734619
0.00329549
-0.00494323
-0.0150357
-0.023549
-0.0278743
-0.0283549
-0.0269818
-0.0247161
-0.0214207
-0.0168894
-0.0118088
-0.00762081
-0.00562979
-0.00597307
-0.00741484
-0.00823872
-0.00741484
-0.00562979
-0.00432533
-0.00480592
-0.00714022
-0.0101611
-0.012564
-0.0135252
-0.0133879
-0.0129073
-0.0131133
-0.0144178
-0.0162028
-0.017164
-0.0163401
-0.0142804
-0.012564
-0.0121521
-0.0127014
-0.0132506
-0.0132506
-0.0123581
-0.0104357
-0.00830737
-0.00768947
-0.0098178
-0.0140058
-0.0175759
-0.0175073
-0.0128387
-0.00562979
0.000205968
0.00130446
-0.00308952
-0.0108476
-0.0181938
-0.0220386
-0.0214207
-0.0174386
-0.0122208
-0.00768947
-0.00501189
-0.00501189
-0.00755216
-0.0112596
-0.0134566
-0.0127014
-0.0098178
-0.00714022
-0.00624769
-0.00693425
-0.008582
-0.010779
-0.0129073
-0.0134566
-0.010985
-0.00583576
-0.000274624
0.0023343
0
-0.00659097
-0.0137312
-0.0173013
-0.0158595
-0.0111223
-0.00562979
-0.000755216
0.00377608
0.00837603
0.0124954
0.015173
0.0150357
0.0114655
0.00432533
-0.00501189
-0.0137312
-0.018949
-0.0192923
-0.0150357
-0.00789544
-0.000892528
0.00308952
0.00329549
0.00192237
0.00157909
0.00281489
0.0040507
0.00302086
-0.00123581
-0.00768947
-0.0131133
-0.0142118
-0.00968049
-0.00144178
0.00659097
0.0109163
0.0102984
0.00597307
6.8656e-05
-0.00590441
-0.010779
-0.01277
-0.0103671
-0.0040507
0.0023343
0.00466861
0.0017164
-0.00480592
-0.0116029
-0.0157909
-0.0159968
-0.0130446
-0.00940587
-0.00741484
-0.00762081
-0.00844468
-0.00803275
-0.00494323
0.000549248
0.00611038
0.00796409
0.00411936
-0.0034328
-0.0102984
-0.0135252
-0.0131133
-0.0108476
-0.00817006
-0.00597307
-0.00473726
-0.00494323
-0.00720888
-0.0111223
-0.015173
-0.0167521
-0.0145551
-0.0100924
-0.00714022
-0.00878796
-0.0144178
-0.0198416
-0.0205968
-0.0158595
-0.00933721
-0.00611038
-0.00871931
-0.0153789
-0.021352
-0.0229997
-0.0196356
-0.0131133
-0.00562979
0.0010985
0.00542382
0.00569845
0.00157909
-0.00521785
-0.0113969
-0.0137998
-0.0116029
-0.00693425
-0.00370742
-0.00501189
-0.0106417
-0.0179192
-0.0232057
-0.0238236
-0.019567
-0.01277
-0.0068656
-0.00418801
-0.00411936
-0.00453129
-0.00350145
-0.00130446
0.000274624
-0.000961184
-0.00549248
-0.0117402
-0.0167521
-0.0184685
-0.017164
-0.015173
-0.0150357
-0.01737
-0.0206654
-0.0230684
-0.0241669
-0.0247161
-0.0256087
-0.0264325
-0.0260206
-0.0243042
-0.0225192
-0.0219013
-0.0219013
-0.0205281
-0.0158595
-0.00755216
0.00219699
0.00906259
0.00885662
0.00130446
-0.00933721
-0.0167521
-0.0175073
-0.0134566
-0.00940587
-0.00851334
-0.00995512
-0.0106417
-0.00913124
-0.00693425
-0.00617904
-0.00645366
-0.00535517
-0.0017164
0.00240296
0.00398205
0.00199102
-0.00137312
-0.00336414
-0.00329549
-0.00240296
-0.00219699
-0.00336414
-0.00542382
-0.00707156
-0.00734619
-0.00569845
-0.00226565
0.00123581
0.00212834
-0.0017164
-0.00933721
-0.0174386
-0.0221759
-0.0219013
-0.01737
-0.0107103
-0.00459995
-0.00116715
-0.00185371
-0.00624769
-0.0118088
-0.0155162
-0.0162028
-0.0148297
-0.01277
-0.0101611
-0.00597307
-0.000549248
0.00398205
0.00501189
0.00226565
-0.00123581
-0.00192237
0.00144178
0.00659097
0.0091999
0.00645366
-0.00102984
-0.00899393
-0.01277
-0.0106417
-0.00480592
0.00068656
0.00308952
0.0017164
-0.0023343
-0.00700291
-0.0100924
-0.0104357
-0.00940587
-0.00926856
-0.0107103
-0.0120148
-0.0106417
-0.00569845
0.000480592
0.00418801
0.00336414
-0.00116715
-0.00714022
-0.0120835
-0.0142804
-0.0126327
-0.00727753
-0.000617904
0.00357011
0.00240296
-0.00370742
-0.0113969
-0.0166147
-0.0175759
-0.0159282
-0.0144178
-0.0144864
-0.0155162
-0.0157909
-0.0148297
-0.0133879
-0.0123581
-0.0113969
-0.0098178
-0.00796409
-0.00707156
-0.00775812
-0.00968049
-0.0117402
-0.0128387
-0.012564
-0.0109163
-0.00823872
-0.00459995
-0.00068656
0.00157909
0.00034328
-0.00480592
-0.0113969
-0.0153789
-0.0140745
-0.00817006
-0.00137312
0.00226565
0.0010985
-0.00308952
-0.00652232
-0.00624769
-0.00151043
0.00604173
0.0133193
0.01737
0.0158595
0.00885662
-0.00068656
-0.008582
-0.0120835
-0.0108476
-0.00638501
-0.000617904
0.00439398
0.0068656
0.00569845
0.00116715
-0.00459995
-0.00913124
-0.0113282
-0.0116715
-0.0113969
-0.0108476
-0.00913124
-0.00597307
-0.00192237
0.00199102
0.00535517
0.00768947
0.0081014
0.00659097
0.00453129
0.00363877
0.00398205
0.00418801
0.00322683
0.00123581
-0.0010985
-0.00329549
-0.00542382
-0.00707156
-0.00782678
-0.00768947
-0.00734619
-0.00727753
-0.00755216
-0.00762081
-0.00727753
-0.00624769
-0.00391339
0.000137312
0.00501189
0.00775812
0.0057671
-0.000274624
-0.00645366
-0.00961184
-0.00968049
-0.00892528
-0.00865065
-0.00803275
-0.00535517
-0.000411936
0.00494323
0.00844468
0.00878796
0.00631635
0.00219699
-0.00267758
-0.00796409
-0.0133193
-0.0175759
-0.0188117
-0.0157909
-0.00913124
-0.000823872
0.00597307
0.00851334
0.00617904
0.000617904
-0.00501189
-0.00913124
-0.012564
-0.0165461
-0.0205281
-0.0220386
-0.0192237
-0.0133879
-0.00768947
-0.00501189
-0.00638501
-0.0106417
-0.0155162
-0.0180565
-0.0162028
-0.010985
-0.00597307
-0.00480592
-0.00789544
-0.0117402
-0.0123581
-0.00830737
-0.00137312
0.00521785
0.00899393
0.00892528
0.00549248
6.8656e-05
-0.0051492
-0.00775812
-0.00707156
-0.00466861
-0.00288355
-0.00295221
-0.00377608
-0.00322683
-0.00034328
0.00370742
0.00624769
0.00521785
0.000549248
-0.00583576
-0.010779
-0.0118088
-0.00933721
-0.00645366
-0.0057671
-0.00734619
-0.00926856
-0.00926856
-0.00693425
-0.00329549
0
0.00130446
0
-0.00288355
-0.00556113
-0.00631635
-0.00487457
-0.00288355
-0.00281489
-0.00617904
-0.0119461
-0.0168207
-0.0176446
-0.0136625
-0.00700291
-0.00178506
-0.00102984
-0.00411936
-0.00762081
-0.00851334
-0.00672828
-0.00508054
-0.00659097
-0.0120835
-0.019361
-0.0238923
-0.0219699
-0.0130446
-0.00102984
0.00837603
0.010985
0.00652232
-0.00199102
-0.00995512
-0.0135252
-0.0118775
-0.00679694
-0.00116715
0.00295221
0.00473726
0.00453129
0.00357011
0.00322683
0.00459995
0.00734619
0.00940587
0.00899393
0.00501189
-0.00157909
-0.00823872
-0.0118775
-0.0111223
-0.00837603
-0.00755216
-0.0109163
-0.016958
-0.0227251
-0.0260893
-0.025746
-0.0204595
-0.010573
0.00102984
0.0101611
0.0131819
0.00947452
0.00144178
-0.00617904
-0.00926856
-0.00659097
-0.000411936
0.00549248
0.00796409
0.0057671
0.000480592
-0.00494323
-0.00789544
-0.00768947
-0.00487457
-6.8656e-05
0.00549248
0.00940587
0.0101611
0.00865065
0.00707156
0.00672828
0.00707156
0.00693425
0.0068656
0.0074835
0.00796409
0.00583576
-0.000274624
-0.00851334
-0.0154476
-0.0187431
-0.0182625
-0.0150357
-0.0104357
-0.00583576
-0.00295221
-0.00288355
-0.0051492
-0.00768947
-0.00885662
-0.00885662
-0.0091999
-0.0106417
-0.0116029
-0.0104357
-0.00714022
-0.00391339
-0.00315817
-0.00501189
-0.00727753
-0.0074835
-0.00487457
-0.000892528
0.00192237
0.00185371
-0.00178506
-0.00803275
-0.0145551
-0.0179879
-0.0158595
-0.00851334
0.000137312
0.00535517
0.00459995
-0.000480592
-0.00624769
-0.00988646
-0.0110536
-0.0104357
-0.00899393
-0.0081014
-0.00933721
-0.012976
-0.0168207
-0.0181252
-0.0157909
-0.0110536
-0.0057671
-0.000961184
0.00260893
0.00384473
0.00205968
-0.00212834
-0.00727753
-0.0120835
-0.0155162
-0.0161342
-0.0124954
-0.00425667
0.00569845
0.0123581
0.0115342
0.00267758
-0.00974915
-0.019567
-0.0231371
-0.0214207
-0.0175759
-0.0141431
-0.0113969
-0.0091999
-0.00741484
-0.00569845
-0.00288355
0.00247161
0.00933721
0.0144864
0.0142804
0.00823872
-0.000480592
-0.00714022
-0.00954318
-0.00913124
-0.008582
-0.00913124
-0.00974915
-0.008582
-0.00501189
-0.000205968
0.00370742
0.00439398
0.000961184
-0.0057671
-0.0135939
-0.0199789
-0.0231371
-0.0227938
-0.0200475
-0.0174386
-0.0170953
-0.0196356
-0.0234117
-0.0261579
-0.0258146
-0.0212834
-0.0133193
-0.00459995
0.00102984
0.00116715
-0.00446264
-0.0137998
-0.0234803
-0.029934
-0.0302086
-0.023755
-0.0133879
-0.00398205
6.8656e-05
-0.00199102
-0.00700291
-0.0107103
-0.0107103
-0.0074835
-0.00315817
-0.000549248
-0.0010985
-0.0040507
-0.00679694
-0.00714022
-0.0051492
-0.00295221
-0.00274624
-0.00542382
-0.00995512
-0.0148297
-0.019155
-0.0230684
-0.0266385
-0.0289042
-0.0285609
-0.025746
-0.0217639
-0.0181938
-0.0153103
-0.01277
-0.0113282
-0.0120148
-0.0146924
-0.0172326
-0.0177132
-0.0164088
-0.014967
-0.0144178
-0.0141431
-0.0127014
-0.00906259
-0.0034328
0.00247161
0.00638501
0.00652232
0.00281489
-0.00308952
-0.00961184
-0.0159282
-0.0219013
-0.0269131
-0.0296594
-0.0291788
-0.0258833
-0.0203908
-0.0138685
-0.00817006
-0.0057671
-0.00796409
-0.0124954
-0.0153789
-0.0143491
-0.0110536
-0.00913124
-0.0100924
-0.0121521
-0.012564
-0.0101611
-0.00562979
-0.000274624
0.00453129
0.00782678
0.00913124
0.00844468
0.00624769
0.00322683
0.000411936
-0.00144178
-0.0017164
-0.000205968
0.00247161
0.00501189
0.00542382
0.00267758
-0.00226565
-0.0068656
-0.00926856
-0.00899393
-0.00659097
-0.0034328
-0.00102984
-0.00068656
-0.00288355
-0.00693425
-0.0116029
-0.0156536
-0.0181938
-0.0188117
-0.0178506
-0.0166147
-0.0156536
-0.0144864
-0.0115342
-0.00659097
-0.00151043
0.000892528
-0.000480592
-0.00453129
-0.00865065
-0.0107103
-0.0104357
-0.00871931
-0.00652232
-0.00446264
-0.00357011
-0.0051492
-0.00961184
-0.0145551
-0.0161342
-0.0120835
-0.00377608
0.00466861
0.00885662
0.00583576
-0.00357011
-0.014967
-0.0225878
-0.0228624
-0.017164
-0.00995512
-0.00487457
-0.00260893
-0.00102984
0.00212834
0.00714022
0.0120148
0.0138685
0.0112596
0.00473726
-0.00288355
-0.00844468
-0.0102297
-0.00913124
-0.00768947
-0.00734619
-0.00775812
-0.0074835
-0.00665963
-0.00700291
-0.00988646
-0.0142804
-0.0168894
-0.0148297
-0.00851334
-0.00123581
0.00281489
0.00185371
-0.00226565
-0.00611038
-0.00665963
-0.00336414
0.00260893
0.00899393
0.0136625
0.0148983
0.0120835
0.00590441
-0.00151043
-0.00734619
-0.0100924
-0.0100238
-0.00878796
-0.0081014
-0.00892528
-0.0111909
-0.0137312
-0.0151043
-0.0144864
-0.012564
-0.0110536
-0.0108476
-0.0108476
-0.00899393
-0.00501189
-0.000892528
0.000961184
0.00034328
-0.00116715
-0.00192237
-0.00219699
-0.00357011
-0.00645366
-0.00871931
-0.00768947
-0.00329549
0.00123581
0.00247161
-0.00116715
-0.00892528
-0.0182625
-0.0254027
-0.0271878
-0.0227938
-0.0148983
-0.00768947
-0.00377608
-0.00336414
-0.0057671
-0.00995512
-0.0141431
-0.0166147
-0.016958
-0.0158595
-0.0137998
-0.0105044
-0.00597307
-0.00157909
0.000274624
-0.00157909
-0.00645366
-0.0122208
-0.0166834
-0.0182625
-0.0156536
-0.00899393
-0.000755216
0.00480592
0.00446264
-0.000823872
-0.00672828
-0.0101611
-0.0116715
-0.0133193
-0.0155849
-0.0174386
-0.0183311
-0.0190177
-0.0198416
-0.0196356
-0.01737
-0.0135939
-0.0110536
-0.0122894
-0.0175073
-0.0234117
-0.0251281
-0.0199789
-0.00968049
0.00157909
0.0100924
0.0141431
0.01277
0.00556113
-0.00604173
-0.0178506
-0.0253341
-0.0263639
-0.0220386
-0.0153789
-0.00940587
-0.00590441
-0.00521785
-0.00624769
-0.00768947
-0.00885662
-0.0100924
-0.0119461
-0.0143491
-0.0163401
-0.0166834
-0.0152416
-0.0126327
-0.0091999
-0.00494323
-0.000549248
0.00212834
0.00178506
-0.00068656
-0.00295221
-0.00322683
-0.00157909
0.000480592
0.00137312
0.00034328
-0.00219699
-0.00501189
-0.00659097
-0.00645366
-0.00542382
-0.00473726
-0.00508054
-0.00652232
-0.00865065
-0.0102297
-0.0102297
-0.00878796
-0.00693425
-0.00590441
-0.0057671
-0.00617904
-0.0068656
-0.00823872
-0.0102984
-0.0124954
-0.0141431
-0.014967
-0.0153789
-0.0160655
-0.0172326
-0.0175759
-0.0155849
-0.010779
-0.00446264
0.000823872
0.00274624
0.00102984
-0.00260893
-0.00521785
-0.00459995
-0.000617904
0.00439398
0.0074835
0.00652232
0.00185371
-0.00459995
-0.0106417
-0.0148297
-0.0166147
-0.0159282
-0.0132506
-0.00995512
-0.00768947
-0.00796409
-0.010985
-0.0151043
-0.017164
-0.0145551
-0.00727753
0.00137312
0.00700291
0.00720888
0.00254027
-0.00425667
-0.0100924
-0.0126327
-0.0112596
-0.00741484
-0.00391339
-0.00254027
-0.00302086
-0.00370742
-0.00302086
-0.00034328
0.00384473
0.00796409
0.0098178
0.00768947
0.00192237
-0.00542382
-0.0114655
-0.0138685
-0.0118775
-0.00665963
-0.00123581
0.00157909
0.000274624
-0.00453129
-0.0102984
-0.0140745
-0.0135939
-0.00906259
-0.00295221
0.00123581
0.0010985
-0.00308952
-0.00878796
-0.0129073
-0.0146924
-0.0155162
-0.016958
-0.0185371
-0.0179192
-0.0135252
-0.00645366
-0.000274624
0.0017164
-0.00123581
-0.00734619
-0.0133193
-0.0162028
-0.0148983
-0.0100238
-0.00370742
0.00219699
0.00652232
0.00871931
0.00817006
0.00411936
-0.00350145
-0.0126327
-0.0196356
-0.0214893
-0.0177819
-0.0108476
-0.00453129
-0.00151043
-0.00219699
-0.00480592
-0.00645366
-0.00501189
-0.000480592
0.00508054
0.00851334
0.00803275
0.00411936
-0.00130446
-0.00631635
-0.00933721
-0.00885662
-0.00432533
0.00254027
0.00782678
0.00734619
0.00034328
-0.00954318
-0.016958
-0.018949
-0.016958
-0.015173
-0.0165461
-0.021352
-0.0273937
-0.0317191
-0.0317877
-0.0262266
-0.0160655
-0.00453129
0.00391339
0.00659097
0.00370742
-0.00219699
-0.00755216
-0.00995512
-0.0091999
-0.00707156
-0.00562979
-0.00617904
-0.00837603
-0.0105044
-0.0110536
-0.00954318
-0.0068656
-0.00418801
-0.00240296
-0.00219699
-0.00459995
-0.00988646
-0.0164774
-0.021146
-0.0214893
-0.0174386
-0.0115342
-0.00755216
-0.00803275
-0.0131133
-0.0196356
-0.0232744
-0.0218326
-0.0164774
-0.00947452
-0.00267758
0.00315817
0.00734619
0.00947452
0.00933721
0.00727753
0.00453129
0.00212834
0.00034328
-0.0010985
-0.00164774
-0.000411936
0.00260893
0.00549248
0.00597307
0.0034328
-0.000205968
-0.00302086
-0.00487457
-0.0074835
-0.0116715
-0.0155162
-0.0160655
-0.0118775
-0.0051492
-0.000411936
-0.000549248
-0.00453129
-0.00865065
-0.0104357
-0.0101611
-0.00961184
-0.0104357
-0.0133193
