0.00 0.012509
  -0.05 0.021461
  -0.10 0.025530
  -0.15 0.016375
  -0.20 0.023902
  -0.25 0.026750
  -0.30 0.028581
  -0.35 0.026750
  -0.40 0.084120
  -0.45 0.399047
  -0.50 2.289013
  -0.55 12.131689
  -0.60 42.354059
  -0.65 94.249386
  -0.70 159.144154
  -0.75 231.023936
  -0.80 307.095557
  -0.85 385.697698
  -0.90 465.799734
  -0.95 547.379255
  -1.00 629.994436
  -1.05 713.236514
  -1.10 797.156827
  -1.15 881.131506
  -1.20 965.936284
  -1.25 1051.723142
  -1.30 1138.349646
  -1.35 1224.571955
  -1.40 1309.217187
  -1.45 1393.224346
  -1.50 1477.845712
  -1.55 1562.497579
  -1.60 1647.383091
  -1.65 1732.289791
  -1.70 1817.141194
  -1.75 1902.399585
  -1.80 1987.913158
  -1.85 2073.466312
  -1.90 2159.333555
  -1.95 2245.202428
  -2.00 2330.940682
  