  0.00 0.002423
  0.10 0.003636
  0.20 0.002907
  0.30 0.005382
  0.40 0.000050
  0.50 0.000381
  0.60 0.005260
  0.70 0.001641
  0.80 0.001109
  0.90 0.004872
  1.00 0.002363
  1.10 0.001175
  1.20 0.002148
  1.30 0.000345
  1.40 0.006372
  1.50 0.006809
  1.60 0.005344
  1.70 0.003475
  1.80 0.000149
  1.90 0.001492
  2.00 0.005111
  2.10 0.005622
  2.20 0.008173
  2.30 0.005362
  2.40 0.004019
  2.50 0.005956
  2.60 0.003920
  2.70 0.002214
  2.80 0.000460
  2.90 0.010423
  3.00 0.007396
  3.10 0.007046
  3.20 0.008655
  3.30 0.002488
  3.40 0.004206
  3.50 0.007167
  3.60 0.011639
  3.70 0.010155
  3.80 0.007552
  3.90 0.011204
  4.00 0.007458
  4.10 0.006669
  4.20 0.009527
  4.30 0.009731
  4.40 0.010474
  4.50 0.004962
  4.60 0.008861
  4.70 0.005391
  4.80 0.010695
  4.90 0.005735
  5.00 0.009133
  5.10 0.010864
  5.20 0.014221
  5.30 0.014752
  5.40 0.013444
  5.50 0.010466
  5.60 0.009759
  5.70 0.005986
  5.80 0.010858
  5.90 0.008494
  6.00 0.011968
  6.10 0.008352
  6.20 0.010718
  6.30 0.011801
  6.40 0.007635
  6.50 0.014548
  6.60 0.009854
  6.70 0.012570
  6.80 0.011270
  6.90 0.014029
  7.00 0.019034
  7.10 0.012821
  7.20 0.016868
  7.30 0.010316
  7.40 0.014068
  7.50 0.015653
  7.60 0.011515
  7.70 0.009228
  7.80 0.011727
  7.90 0.015659
  8.00 0.010843
  8.10 0.016269
  8.20 0.014987
  8.30 0.019724
  8.40 0.018096
  8.50 0.014913
  8.60 0.012805
  8.70 0.013196
  8.80 0.016631
  8.90 0.017105
  9.00 0.013761
  9.10 0.020633
  9.20 0.016926
  9.30 0.015609
  9.40 0.016450
  9.50 0.019533
  9.60 0.014243
  9.70 0.018939
  9.80 0.017021
  9.90 0.017787
  10.00 0.018566
  10.10 0.017037
  10.20 0.017923
  10.30 0.018737
  10.40 0.018300
  10.50 0.018558
  10.60 0.014484
  10.70 0.020757
  10.80 0.018202
  10.90 0.015504
  11.00 0.016273
  11.10 0.016195
  11.20 0.015337
  11.30 0.019955
  11.40 0.015774
  11.50 0.019768
  11.60 0.019972
  11.70 0.018457
  11.80 0.016897
  11.90 0.019510
  12.00 0.019174
  12.10 0.018377
  12.20 0.021902
  12.30 0.023007
  12.40 0.014313
  12.50 0.015778
  12.60 0.020318
  12.70 0.020652
  12.80 0.017948
  12.90 0.015896
  13.00 0.020260
  13.10 0.018950
  13.20 0.024746
  13.30 0.020717
  13.40 0.023149
  13.50 0.015892
  13.60 0.018795
  13.70 0.012036
  13.80 0.019485
  13.90 0.022352
  14.00 0.021455
  14.10 0.024979
  14.20 0.019586
  14.30 0.022069
  14.40 0.018698
  14.50 0.020555
  14.60 0.022733
  14.70 0.022605
  14.80 0.016357
  14.90 0.022446
  15.00 0.021313
  15.10 0.021455
  15.20 0.015729
  15.30 0.021313
  15.40 0.020738
  15.50 0.018214
  15.60 0.023446
  15.70 0.018593
  15.80 0.026980
  15.90 0.020726
  16.00 0.021696
  16.10 0.018814
  16.20 0.023106
  16.30 0.024233
  16.40 0.019086
  16.50 0.020872
  16.60 0.019930
  16.70 0.018686
  16.80 0.020270
  16.90 0.021165
  17.00 0.023815
  17.10 0.024548
  17.20 0.019638
  17.30 0.016124
  17.40 0.021962
  17.50 0.025379
  17.60 0.019219
  17.70 0.021538
  17.80 0.017853
  17.90 0.025376
  18.00 0.019763
  18.10 0.019745
  18.20 0.018715
  18.30 0.017637
  18.40 0.019374
  18.50 0.017585
  18.60 0.017971
  18.70 0.023211
  18.80 0.025065
  18.90 0.023658
  19.00 0.019254
  19.10 0.021859
  19.20 0.020643
  19.30 0.020493
  19.40 0.023009
  19.50 0.026079
  19.60 0.024119
  19.70 0.024661
  19.80 0.020252
  19.90 0.018321
  20.00 0.013889
  20.10 0.020371
  20.20 0.020586
  20.30 0.022576
  20.40 0.020994
  20.50 0.017897
  20.60 0.020244
  20.70 0.022218
  20.80 0.020040
  20.90 0.021713
  21.00 0.020709
  21.10 0.021084
  21.20 0.021805
  21.30 0.017085
  21.40 0.021402
  21.50 0.022525
  21.60 0.024284
  21.70 0.023349
  21.80 0.020050
  21.90 0.020579
  22.00 0.019632
  22.10 0.023586
  22.20 0.019846
  22.30 0.020421
  22.40 0.021608
  22.50 0.022982
  22.60 0.021449
  22.70 0.019118
  22.80 0.023351
  22.90 0.022395
  23.00 0.018655
  23.10 0.019131
  23.20 0.021698
  23.30 0.022216
  23.40 0.020437
  23.50 0.023180
  23.60 0.022281
  23.70 0.023913
  23.80 0.022537
  23.90 0.021377
  24.00 0.019871
  24.10 0.022362
  24.20 0.024280
  24.30 0.020462
  24.40 0.017680
  24.50 0.025234
  24.60 0.019092
  24.70 0.019174
  24.80 0.020942
  24.90 0.020746
  25.00 0.026298
  25.10 0.019298
  25.20 0.018179
  25.30 0.021463
  25.40 0.019009
  25.50 0.020035
  25.60 0.023895
  25.70 0.019739
  25.80 0.019990
  25.90 0.019943
  26.00 0.023747
  26.10 0.020839
  26.20 0.019698
  26.30 0.018500
  26.40 0.018906
  26.50 0.021618
  26.60 0.020701
  26.70 0.019984
  26.80 0.021731
  26.90 0.018094
  27.00 0.020979
  27.10 0.017274
  27.20 0.021880
  27.30 0.024931
  27.40 0.021964
  27.50 0.021933
  27.60 0.019368
  27.70 0.020400
  27.80 0.017093
  27.90 0.020775
  28.00 0.020930
  28.10 0.023219
  28.20 0.021533
  28.30 0.022941
  28.40 0.017472
  28.50 0.018539
  28.60 0.017340
  28.70 0.020165
  28.80 0.019145
  28.90 0.021859
  29.00 0.021892
  29.10 0.016042
  29.20 0.019928
  29.30 0.017862
  29.40 0.020099
  29.50 0.017975
  29.60 0.018162
  29.70 0.022867
  29.80 0.017221
  29.90 0.018574
  30.00 0.024422
  30.10 0.022269
  30.20 0.015735
  30.30 0.020217
  30.40 0.023534
  30.50 0.017487
  30.60 0.022652
  30.70 0.020942
  30.80 0.018702
  30.90 0.020524
  31.00 0.021008
  31.10 0.018908
  31.20 0.019852
  31.30 0.017816
  31.40 0.019988
  31.50 0.016945
  31.60 0.023683
  31.70 0.015298
  31.80 0.021636
  31.90 0.016598
  32.00 0.020470
  32.10 0.020157
  32.20 0.020427
  32.30 0.018626
  32.40 0.017730
  32.50 0.020573
  32.60 0.017925
  32.70 0.020658
  32.80 0.023810
  32.90 0.019815
  33.00 0.018879
  33.10 0.019419
  33.20 0.017231
  33.30 0.018704
  33.40 0.017707
  33.50 0.015638
  33.60 0.022588
  33.70 0.016811
  33.80 0.019236
  33.90 0.019619
  34.00 0.016872
  34.10 0.015828
  34.20 0.020002
  34.30 0.018982
  34.40 0.019009
  34.50 0.018045
  34.60 0.019022
  34.70 0.017322
  34.80 0.020266
  34.90 0.018292
  35.00 0.017019
  35.10 0.020221
  35.20 0.016706
  35.30 0.018113
  35.40 0.019069
  35.50 0.021299
  35.60 0.021536
  35.70 0.017147
  35.80 0.016936
  35.90 0.019986
  36.00 0.018595
  36.10 0.018552
  36.20 0.014495
  36.30 0.018226
  36.40 0.019423
  36.50 0.016730
  36.60 0.018894
  36.70 0.019652
  36.80 0.019059
  36.90 0.018754
  37.00 0.016701
  37.10 0.019028
  37.20 0.015601
  37.30 0.017752
  37.40 0.016607
  37.50 0.018787
  37.60 0.018488
  37.70 0.018484
  37.80 0.019114
  37.90 0.016203
  38.00 0.018144
  38.10 0.019333
  38.20 0.017587
  38.30 0.019526
  38.40 0.018840
  38.50 0.017971
  38.60 0.019766
  38.70 0.017552
  38.80 0.020654
  38.90 0.018853
  39.00 0.019046
  39.10 0.021057
  39.20 0.023019
  39.30 0.018787
  39.40 0.017519
  39.50 0.018270
  39.60 0.018558
  39.70 0.018554
  39.80 0.018117
  39.90 0.021686
  40.00 0.021167
  40.10 0.017289
  40.20 0.020542
  40.30 0.017921
  40.40 0.021150
  40.50 0.020204
  40.60 0.018849
  40.70 0.019003
  40.80 0.015379
  40.90 0.016683
  41.00 0.016891
  41.10 0.015434
  41.20 0.017365
  41.30 0.015745
  41.40 0.018587
  41.50 0.019341
  41.60 0.018665
  41.70 0.019584
  41.80 0.021861
  41.90 0.017598
  42.00 0.016306
  42.10 0.018059
  42.20 0.018964
  42.30 0.020823
  42.40 0.017693
  42.50 0.019887
  42.60 0.013598
  42.70 0.019440
  42.80 0.016137
  42.90 0.019450
  43.00 0.021128
  43.10 0.015923
  43.20 0.019790
  43.30 0.017480
  43.40 0.019199
  43.50 0.018997
  43.60 0.018195
  43.70 0.017684
  43.80 0.018057
  43.90 0.018082
  44.00 0.017886
  44.10 0.019568
  44.20 0.019162
  44.30 0.018888
  44.40 0.019100
  44.50 0.015467
  44.60 0.019300
  44.70 0.017954
  44.80 0.018109
  44.90 0.018420
  45.00 0.015988
  45.10 0.017336
  45.20 0.017649
  45.30 0.016153
  45.40 0.017474
  45.50 0.018255
  45.60 0.018735
  45.70 0.016510
  45.80 0.018156
  45.90 0.021362
  46.00 0.016955
  46.10 0.018597
  46.20 0.017338
  46.30 0.016565
  46.40 0.015337
  46.50 0.017759
  46.60 0.018243
  46.70 0.018216
  46.80 0.018222
  46.90 0.016615
  47.00 0.016436
  47.10 0.017655
  47.20 0.021923
  47.30 0.017089
  47.40 0.013674
  47.50 0.014066
  47.60 0.016934
  47.70 0.018496
  47.80 0.017697
  47.90 0.017847
  48.00 0.020633
  48.10 0.018572
  48.20 0.016745
  48.30 0.017641
  48.40 0.017991
  48.50 0.017414
  48.60 0.017876
  48.70 0.017235
  48.80 0.019611
  48.90 0.017703
  49.00 0.015832
  49.10 0.020239
  49.20 0.019376
  49.30 0.016273
  49.40 0.014113
  49.50 0.020145
  49.60 0.016522
  49.70 0.018109
  49.80 0.017866
  49.90 0.018884
  50.00 0.019685
  50.10 0.015896
  50.20 0.018799
  50.30 0.018016
  50.40 0.017161
  50.50 0.017921
  50.60 0.019024
  50.70 0.017085
  50.80 0.017637
  50.90 0.016512
  51.00 0.017493
  51.10 0.016862
  51.20 0.016901
  51.30 0.017923
  51.39 0.017948
  51.49 0.017577
  51.60 0.017777
  51.70 0.016883
  51.80 0.017763
  51.90 0.015022
  52.00 0.018197
  52.10 0.017802
  52.20 0.017295
  52.30 0.017913
  52.40 0.017796
  52.50 0.015325
  52.60 0.017697
  52.70 0.015902
  52.80 0.018537
  52.90 0.016384
  53.00 0.020748
  53.10 0.017015
  53.20 0.020705
  53.30 0.022071
  53.40 0.020839
  53.50 0.021768
  53.60 0.023495
  53.70 0.024472
  53.80 0.025490
  53.90 0.025368
  54.00 0.024645
  54.10 0.027425
  54.20 0.027936
  54.30 0.028855
  54.40 0.030542
  54.50 0.029683
  54.60 0.035642
  54.70 0.034105
  54.80 0.034433
  54.90 0.036543
  55.00 0.037837
  55.10 0.040095
  55.20 0.042009
  55.30 0.044758
  55.40 0.042625
  55.50 0.046081
  55.60 0.050427
  55.70 0.052236
  55.80 0.054051
  55.90 0.056629
  56.00 0.055766
  